0.000599 -0.000768 49.0
0.000599 -0.000768 50.0
0.000599 -0.000768 51.0
0.000599 -0.000768 52.0
0.000599 -0.000768 53.0
0.000599 -0.000768 54.0
0.000599 -0.000768 55.0
0.000599 -0.000768 56.0
0.000599 -0.000768 57.0
0.000599 -0.000768 58.0
0.000600 -0.000768 59.0
0.000600 -0.000768 60.0
0.000600 -0.000768 61.0
0.000600 -0.000768 62.0
0.000600 -0.000768 63.0
0.000600 -0.000768 64.0
0.000600 -0.000768 65.0
0.000600 -0.000768 66.0
0.000600 -0.000768 67.0
0.000600 -0.000768 68.0
0.000600 -0.000768 69.0
0.000600 -0.000768 70.0
0.000601 -0.000768 71.0
0.000601 -0.000768 72.0
0.000601 -0.000768 73.0
0.000601 -0.000768 74.0
0.000601 -0.000768 75.0
0.000601 -0.000768 76.0
0.000601 -0.000768 77.0
0.000601 -0.000768 78.0
0.000601 -0.000768 79.0
0.000601 -0.000768 80.0
0.000601 -0.000768 81.0
0.000602 -0.000768 82.0
0.000602 -0.000768 83.0
0.000602 -0.000768 84.0
0.000602 -0.000768 85.0
0.000602 -0.000768 86.0
0.000602 -0.000768 87.0
0.000602 -0.000768 88.0
0.000602 -0.000768 89.0
0.000602 -0.000768 90.0
0.000602 -0.000768 91.0
0.000602 -0.000768 92.0
0.000602 -0.000768 93.0
0.000603 -0.000768 94.0
0.000603 -0.000768 95.0
0.000603 -0.000768 96.0
0.000603 -0.000768 97.0
0.000603 -0.000768 98.0
0.000603 -0.000768 99.0
0.000603 -0.000768 100.0
0.000603 -0.000768 101.0
0.000603 -0.000768 102.0
0.000603 -0.000768 103.0
0.000603 -0.000768 104.0
0.000604 -0.000768 105.0
0.000604 -0.000768 106.0
0.000604 -0.000768 107.0
0.000604 -0.000768 108.0
0.000604 -0.000768 109.0
0.000604 -0.000768 110.0
0.000604 -0.000769 111.0
0.000604 -0.000769 112.0
0.000604 -0.000769 113.0
0.000604 -0.000770 114.0
0.000604 -0.000770 115.0
0.000604 -0.000770 116.0
0.000604 -0.000771 117.0
0.000604 -0.000771 118.0
0.000604 -0.000772 119.0
0.000604 -0.000772 120.0
0.000603 -0.000772 121.0
0.000603 -0.000773 122.0
0.000603 -0.000773 123.0
0.000603 -0.000773 124.0
0.000603 -0.000774 125.0
0.000603 -0.000774 126.0
0.000603 -0.000774 127.0
0.000603 -0.000775 128.0
0.000603 -0.000775 129.0
0.000603 -0.000776 130.0
0.000603 -0.000776 131.0
0.000603 -0.000776 132.0
0.000603 -0.000777 133.0
0.000603 -0.000777 134.0
0.000603 -0.000777 135.0
0.000603 -0.000778 136.0
0.000603 -0.000778 137.0
0.000603 -0.000778 138.0
0.000603 -0.000779 139.0
0.000603 -0.000779 140.0
0.000603 -0.000780 141.0
0.000603 -0.000780 142.0
0.000603 -0.000780 143.0
0.000603 -0.000781 144.0
0.000603 -0.000781 145.0
0.000603 -0.000781 146.0
0.000603 -0.000782 147.0
0.000603 -0.000782 148.0
0.000603 -0.000782 149.0
0.000603 -0.000783 150.0
0.000603 -0.000783 151.0
0.000603 -0.000784 152.0
0.000603 -0.000784 153.0
0.000603 -0.000784 154.0
0.000603 -0.000785 155.0
0.000603 -0.000785 156.0
0.000603 -0.000785 157.0
0.000603 -0.000786 158.0
0.000603 -0.000786 159.0
0.000603 -0.000786 160.0
0.000603 -0.000787 161.0
0.000603 -0.000787 162.0
0.000602 -0.000788 163.0
0.000602 -0.000788 164.0
0.000602 -0.000788 165.0
0.000602 -0.000789 166.0
0.000602 -0.000789 167.0
0.000602 -0.000789 168.0
0.000602 -0.000790 169.0
0.000602 -0.000790 170.0
0.000602 -0.000790 171.0
0.000602 -0.000791 172.0
0.000602 -0.000791 173.0
0.000602 -0.000791 174.0
0.000602 -0.000792 175.0
0.000602 -0.000793 176.0
0.000603 -0.000794 177.0
0.000603 -0.000794 178.0
0.000603 -0.000795 179.0
0.000603 -0.000796 180.0
0.000603 -0.000796 181.0
0.000603 -0.000797 182.0
0.000603 -0.000798 183.0
0.000604 -0.000799 184.0
0.000604 -0.000799 185.0
0.000604 -0.000800 186.0
0.000604 -0.000801 187.0
0.000604 -0.000801 188.0
0.000604 -0.000802 189.0
0.000605 -0.000803 190.0
0.000605 -0.000803 191.0
0.000605 -0.000804 192.0
0.000605 -0.000805 193.0
0.000605 -0.000806 194.0
0.000605 -0.000806 195.0
0.000605 -0.000807 196.0
0.000606 -0.000808 197.0
0.000606 -0.000808 198.0
0.000606 -0.000809 199.0
0.000606 -0.000810 200.0
0.000606 -0.000811 201.0
0.000606 -0.000811 202.0
0.000607 -0.000812 203.0
0.000607 -0.000813 204.0
0.000607 -0.000813 205.0
0.000607 -0.000814 206.0
0.000607 -0.000815 207.0
0.000607 -0.000816 208.0
0.000607 -0.000816 209.0
0.000608 -0.000817 210.0
0.000608 -0.000818 211.0
0.000608 -0.000818 212.0
0.000608 -0.000819 213.0
0.000608 -0.000820 214.0
0.000608 -0.000820 215.0
0.000608 -0.000821 216.0
0.000609 -0.000822 217.0
0.000609 -0.000823 218.0
0.000609 -0.000823 219.0
0.000609 -0.000824 220.0
0.000609 -0.000825 221.0
0.000609 -0.000825 222.0
0.000610 -0.000826 223.0
0.000610 -0.000827 224.0
0.000610 -0.000828 225.0
0.000610 -0.000828 226.0
0.000612 -0.000828 227.0
0.000612 -0.000828 228.0
0.000612 -0.000829 229.0
0.000612 -0.000830 230.0
0.000612 -0.000831 231.0
0.000611 -0.000832 232.0
0.000611 -0.000833 233.0
0.000611 -0.000834 234.0
0.000611 -0.000835 235.0
0.000611 -0.000836 236.0
0.000611 -0.000837 237.0
0.000611 -0.000837 238.0
0.000611 -0.000838 239.0
0.000611 -0.000839 240.0
0.000611 -0.000840 241.0
0.000611 -0.000841 242.0
0.000611 -0.000842 243.0
0.000610 -0.000843 244.0
0.000610 -0.000844 245.0
0.000610 -0.000845 246.0
0.000610 -0.000845 247.0
0.000610 -0.000846 248.0
0.000610 -0.000847 249.0
0.000610 -0.000848 250.0
0.000610 -0.000849 251.0
0.000610 -0.000850 252.0
0.000610 -0.000851 253.0
0.000610 -0.000852 254.0
0.000609 -0.000853 255.0
0.000609 -0.000854 256.0
0.000609 -0.000854 257.0
0.000609 -0.000855 258.0
0.000609 -0.000856 259.0
0.000609 -0.000857 260.0
0.000609 -0.000858 261.0
0.000609 -0.000859 262.0
0.000609 -0.000860 263.0
0.000609 -0.000861 264.0
0.000609 -0.000862 265.0
0.000608 -0.000863 266.0
0.000608 -0.000863 267.0
0.000608 -0.000864 268.0
0.000608 -0.000865 269.0
0.000608 -0.000866 270.0
0.000608 -0.000867 271.0
0.000608 -0.000868 272.0
0.000608 -0.000869 273.0
0.000608 -0.000870 274.0
0.000608 -0.000871 275.0
0.000608 -0.000871 276.0
0.000608 -0.000872 277.0
0.000607 -0.000873 278.0
0.000607 -0.000874 279.0
0.000607 -0.000875 280.0
0.000607 -0.000876 281.0
0.000607 -0.000877 282.0
0.000607 -0.000878 283.0
0.000607 -0.000879 284.0
0.000607 -0.000880 285.0
0.000607 -0.000880 286.0
0.000607 -0.000881 287.0
0.000607 -0.000882 288.0
0.000606 -0.000883 289.0
0.000606 -0.000884 290.0
0.000606 -0.000885 291.0
0.000605 -0.000885 292.0
0.000605 -0.000885 293.0
0.000605 -0.000885 294.0
0.000605 -0.000886 295.0
0.000605 -0.000886 296.0
0.000605 -0.000886 297.0
0.000605 -0.000887 298.0
0.000605 -0.000887 299.0
0.000605 -0.000887 300.0
0.000605 -0.000887 301.0
0.000605 -0.000888 302.0
0.000604 -0.000888 303.0
0.000604 -0.000888 304.0
0.000604 -0.000889 305.0
0.000604 -0.000889 306.0
0.000604 -0.000889 307.0
0.000604 -0.000890 308.0
0.000604 -0.000890 309.0
0.000604 -0.000890 310.0
0.000604 -0.000891 311.0
0.000604 -0.000891 312.0
0.000604 -0.000891 313.0
0.000604 -0.000892 314.0
0.000604 -0.000892 315.0
0.000604 -0.000892 316.0
0.000604 -0.000892 317.0
0.000604 -0.000893 318.0
0.000604 -0.000894 319.0
0.000604 -0.000895 320.0
0.000604 -0.000896 321.0
0.000604 -0.000897 322.0
0.000604 -0.000898 323.0
0.000604 -0.000899 324.0
0.000604 -0.000901 325.0
0.000604 -0.000902 326.0
0.000604 -0.000903 327.0
0.000604 -0.000904 328.0
0.000604 -0.000905 329.0
0.000604 -0.000906 330.0
0.000604 -0.000907 331.0
0.000604 -0.000908 332.0
0.000604 -0.000909 333.0
0.000604 -0.000910 334.0
0.000604 -0.000911 335.0
0.000604 -0.000912 336.0
0.000604 -0.000913 337.0
0.000604 -0.000914 338.0
0.000604 -0.000915 339.0
0.000604 -0.000916 340.0
0.000604 -0.000917 341.0
0.000604 -0.000918 342.0
0.000604 -0.000919 343.0
0.000604 -0.000921 344.0
0.000604 -0.000922 345.0
0.000604 -0.000923 346.0
0.000604 -0.000924 347.0
0.000604 -0.000925 348.0
0.000604 -0.000926 349.0
0.000604 -0.000927 350.0
0.000604 -0.000928 351.0
0.000604 -0.000929 352.0
0.000604 -0.000930 353.0
0.000604 -0.000931 354.0
0.000604 -0.000932 355.0
0.000604 -0.000933 356.0
0.000604 -0.000934 357.0
0.000604 -0.000935 358.0
0.000604 -0.000936 359.0
0.000604 -0.000937 360.0
0.000604 -0.000938 361.0
0.000604 -0.000940 362.0
0.000604 -0.000941 363.0
0.000604 -0.000942 364.0
0.000604 -0.000943 365.0
0.000604 -0.000944 366.0
0.000604 -0.000945 367.0
0.000604 -0.000946 368.0
0.000604 -0.000947 369.0
0.000604 -0.000948 370.0
0.000604 -0.000949 371.0
0.000604 -0.000950 372.0
0.000604 -0.000951 373.0
0.000604 -0.000952 374.0
0.000604 -0.000953 375.0
0.000604 -0.000954 376.0
0.000604 -0.000955 377.0
0.000604 -0.000956 378.0
0.000604 -0.000956 379.0
0.000604 -0.000957 380.0
0.000604 -0.000957 381.0
0.000604 -0.000957 382.0
0.000604 -0.000957 383.0
0.000604 -0.000957 384.0
0.000605 -0.000957 385.0
0.000605 -0.000958 386.0
0.000605 -0.000958 387.0
0.000605 -0.000958 388.0
0.000605 -0.000958 389.0
0.000605 -0.000958 390.0
0.000605 -0.000958 391.0
0.000605 -0.000959 392.0
0.000606 -0.000959 393.0
0.000606 -0.000959 394.0
0.000606 -0.000959 395.0
0.000606 -0.000959 396.0
0.000606 -0.000959 397.0
0.000606 -0.000960 398.0
0.000606 -0.000960 399.0
0.000606 -0.000960 400.0
0.000607 -0.000960 401.0
0.000607 -0.000960 402.0
0.000607 -0.000960 403.0
0.000607 -0.000961 404.0
0.000607 -0.000961 405.0
0.000607 -0.000961 406.0
0.000607 -0.000961 407.0
0.000607 -0.000961 408.0
0.000608 -0.000961 409.0
0.000608 -0.000962 410.0
0.000608 -0.000962 411.0
0.000608 -0.000962 412.0
0.000608 -0.000962 413.0
0.000608 -0.000962 414.0
0.000608 -0.000962 415.0
0.000608 -0.000963 416.0
0.000609 -0.000963 417.0
0.000609 -0.000963 418.0
0.000609 -0.000963 419.0
0.000609 -0.000963 420.0
0.000609 -0.000964 421.0
0.000609 -0.000964 422.0
0.000609 -0.000964 423.0
0.000610 -0.000964 424.0
0.000610 -0.000964 425.0
0.000610 -0.000964 426.0
0.000610 -0.000965 427.0
0.000610 -0.000965 428.0
0.000610 -0.000965 429.0
0.000610 -0.000965 430.0
0.000610 -0.000965 431.0
0.000611 -0.000965 432.0
0.000611 -0.000966 433.0
0.000611 -0.000966 434.0
0.000611 -0.000966 435.0
0.000611 -0.000966 436.0
0.000611 -0.000966 437.0
0.000611 -0.000966 438.0
0.000612 -0.000965 439.0
0.000612 -0.000965 440.0
0.000612 -0.000965 441.0
0.000612 -0.000965 442.0
0.000612 -0.000965 443.0
0.000612 -0.000965 444.0
0.000612 -0.000965 445.0
0.000612 -0.000965 446.0
0.000612 -0.000965 447.0
0.000612 -0.000965 448.0
0.000612 -0.000965 449.0
0.000612 -0.000965 450.0
0.000612 -0.000965 451.0
0.000612 -0.000965 452.0
0.000612 -0.000965 453.0
0.000612 -0.000965 454.0
0.000613 -0.000965 455.0
0.000613 -0.000965 456.0
0.000614 -0.000965 457.0
0.000614 -0.000965 458.0
0.000615 -0.000965 459.0
0.000615 -0.000965 460.0
0.000616 -0.000965 461.0
0.000616 -0.000966 462.0
0.000617 -0.000966 463.0
0.000617 -0.000966 464.0
0.000618 -0.000966 465.0
0.000618 -0.000966 466.0
0.000619 -0.000966 467.0
0.000619 -0.000966 468.0
0.000620 -0.000966 469.0
0.000620 -0.000966 470.0
0.000621 -0.000966 471.0
0.000621 -0.000966 472.0
0.000622 -0.000966 473.0
0.000622 -0.000966 474.0
0.000623 -0.000966 475.0
0.000623 -0.000966 476.0
0.000624 -0.000966 477.0
0.000624 -0.000966 478.0
0.000625 -0.000966 479.0
0.000625 -0.000967 480.0
0.000626 -0.000967 481.0
0.000626 -0.000967 482.0
0.000627 -0.000967 483.0
0.000627 -0.000967 484.0
0.000628 -0.000967 485.0
0.000628 -0.000967 486.0
0.000629 -0.000967 487.0
0.000629 -0.000967 488.0
0.000630 -0.000967 489.0
0.000630 -0.000967 490.0
0.000631 -0.000967 491.0
0.000631 -0.000967 492.0
0.000632 -0.000967 493.0
0.000632 -0.000967 494.0
0.000633 -0.000967 495.0
0.000633 -0.000967 496.0
0.000634 -0.000967 497.0
0.000634 -0.000967 498.0
0.000635 -0.000968 499.0
0.000635 -0.000968 500.0
0.000636 -0.000968 501.0
0.000636 -0.000968 502.0
0.000637 -0.000968 503.0
0.000637 -0.000968 504.0
0.000638 -0.000968 505.0
0.000639 -0.000968 506.0
0.000639 -0.000968 507.0
0.000640 -0.000968 508.0
0.000640 -0.000968 509.0
0.000641 -0.000968 510.0
0.000641 -0.000968 511.0
0.000641 -0.000968 512.0
0.000641 -0.000967 513.0
0.000641 -0.000967 514.0
0.000642 -0.000967 515.0
0.000642 -0.000966 516.0
0.000642 -0.000966 517.0
0.000642 -0.000966 518.0
0.000642 -0.000966 519.0
0.000643 -0.000965 520.0
0.000643 -0.000965 521.0
0.000643 -0.000965 522.0
0.000643 -0.000964 523.0
0.000643 -0.000964 524.0
0.000643 -0.000964 525.0
0.000644 -0.000964 526.0
0.000644 -0.000963 527.0
0.000644 -0.000963 528.0
0.000644 -0.000963 529.0
0.000644 -0.000962 530.0
0.000645 -0.000962 531.0
0.000645 -0.000962 532.0
0.000645 -0.000962 533.0
0.000645 -0.000961 534.0
0.000645 -0.000961 535.0
0.000646 -0.000961 536.0
0.000646 -0.000960 537.0
0.000646 -0.000960 538.0
0.000646 -0.000960 539.0
0.000646 -0.000960 540.0
0.000646 -0.000959 541.0
0.000647 -0.000959 542.0
0.000647 -0.000959 543.0
0.000647 -0.000958 544.0
0.000647 -0.000958 545.0
0.000647 -0.000958 546.0
0.000648 -0.000958 547.0
0.000648 -0.000957 548.0
0.000648 -0.000957 549.0
0.000648 -0.000957 550.0
0.000648 -0.000956 551.0
0.000648 -0.000956 552.0
0.000649 -0.000956 553.0
0.000649 -0.000956 554.0
0.000649 -0.000955 555.0
0.000649 -0.000955 556.0
0.000649 -0.000955 557.0
0.000650 -0.000954 558.0
0.000650 -0.000954 559.0
0.000650 -0.000954 560.0
0.000650 -0.000954 561.0
0.000650 -0.000953 562.0
0.000651 -0.000953 563.0
0.000651 -0.000953 564.0
0.000651 -0.000952 565.0
0.000651 -0.000952 566.0
0.000651 -0.000952 567.0
0.000651 -0.000952 568.0
0.000652 -0.000951 569.0
0.000652 -0.000951 570.0
0.000652 -0.000951 571.0
0.000653 -0.000952 572.0
0.000653 -0.000951 573.0
0.000653 -0.000950 574.0
0.000654 -0.000949 575.0
0.000654 -0.000948 576.0
0.000654 -0.000947 577.0
0.000654 -0.000946 578.0
0.000654 -0.000945 579.0
0.000654 -0.000944 580.0
0.000654 -0.000943 581.0
0.000654 -0.000942 582.0
0.000654 -0.000941 583.0
0.000654 -0.000940 584.0
0.000654 -0.000939 585.0
0.000654 -0.000938 586.0
0.000654 -0.000937 587.0
0.000654 -0.000936 588.0
0.000654 -0.000935 589.0
0.000654 -0.000934 590.0
0.000654 -0.000933 591.0
0.000654 -0.000932 592.0
0.000654 -0.000931 593.0
0.000654 -0.000930 594.0
0.000654 -0.000929 595.0
0.000654 -0.000929 596.0
0.000654 -0.000928 597.0
0.000654 -0.000927 598.0
0.000654 -0.000926 599.0
0.000654 -0.000925 600.0
0.000654 -0.000924 601.0
0.000654 -0.000923 602.0
0.000654 -0.000922 603.0
0.000654 -0.000921 604.0
0.000654 -0.000920 605.0
0.000654 -0.000919 606.0
0.000654 -0.000918 607.0
0.000654 -0.000917 608.0
0.000654 -0.000916 609.0
0.000654 -0.000915 610.0
0.000654 -0.000914 611.0
0.000655 -0.000913 612.0
0.000655 -0.000912 613.0
0.000655 -0.000911 614.0
0.000655 -0.000910 615.0
0.000655 -0.000909 616.0
0.000655 -0.000908 617.0
0.000655 -0.000907 618.0
0.000655 -0.000906 619.0
0.000655 -0.000905 620.0
0.000655 -0.000904 621.0
0.000655 -0.000903 622.0
0.000655 -0.000902 623.0
0.000655 -0.000901 624.0
0.000655 -0.000900 625.0
0.000655 -0.000899 626.0
0.000655 -0.000898 627.0
0.000655 -0.000897 628.0
0.000655 -0.000896 629.0
0.000655 -0.000895 630.0
0.000655 -0.000894 631.0
0.000655 -0.000893 632.0
0.000655 -0.000893 633.0
0.000656 -0.000892 634.0
0.000656 -0.000891 635.0
0.000656 -0.000890 636.0
0.000656 -0.000889 637.0
0.000656 -0.000888 638.0
0.000656 -0.000887 639.0
0.000656 -0.000886 640.0
0.000656 -0.000885 641.0
0.000656 -0.000884 642.0
0.000656 -0.000883 643.0
0.000657 -0.000882 644.0
0.000657 -0.000881 645.0
0.000657 -0.000880 646.0
0.000657 -0.000879 647.0
0.000657 -0.000878 648.0
0.000657 -0.000877 649.0
0.000657 -0.000876 650.0
0.000657 -0.000875 651.0
0.000657 -0.000874 652.0
0.000657 -0.000873 653.0
0.000657 -0.000872 654.0
0.000658 -0.000871 655.0
0.000658 -0.000870 656.0
0.000658 -0.000869 657.0
0.000658 -0.000868 658.0
0.000658 -0.000867 659.0
0.000658 -0.000866 660.0
0.000658 -0.000865 661.0
0.000658 -0.000864 662.0
0.000658 -0.000863 663.0
0.000658 -0.000862 664.0
0.000659 -0.000861 665.0
0.000659 -0.000860 666.0
0.000659 -0.000859 667.0
0.000659 -0.000858 668.0
0.000659 -0.000857 669.0
0.000659 -0.000856 670.0
0.000659 -0.000855 671.0
0.000659 -0.000854 672.0
0.000659 -0.000853 673.0
0.000659 -0.000852 674.0
0.000659 -0.000851 675.0
0.000660 -0.000850 676.0
0.000660 -0.000849 677.0
0.000660 -0.000848 678.0
0.000660 -0.000847 679.0
0.000660 -0.000846 680.0
0.000660 -0.000845 681.0
0.000660 -0.000844 682.0
0.000660 -0.000843 683.0
0.000660 -0.000842 684.0
0.000660 -0.000841 685.0
0.000661 -0.000840 686.0
0.000661 -0.000839 687.0
0.000661 -0.000838 688.0
0.000661 -0.000837 689.0
0.000661 -0.000836 690.0
0.000661 -0.000835 691.0
0.000661 -0.000834 692.0
0.000663 -0.000834 693.0
0.000663 -0.000834 694.0
0.000663 -0.000833 695.0
0.000663 -0.000832 696.0
0.000663 -0.000832 697.0
0.000663 -0.000831 698.0
0.000663 -0.000831 699.0
0.000663 -0.000830 700.0
0.000663 -0.000829 701.0
0.000663 -0.000829 702.0
0.000663 -0.000828 703.0
0.000663 -0.000828 704.0
0.000663 -0.000827 705.0
0.000663 -0.000826 706.0
0.000663 -0.000826 707.0
0.000663 -0.000825 708.0
0.000663 -0.000825 709.0
0.000663 -0.000824 710.0
0.000663 -0.000823 711.0
0.000663 -0.000823 712.0
0.000663 -0.000822 713.0
0.000663 -0.000822 714.0
0.000663 -0.000821 715.0
0.000663 -0.000820 716.0
0.000663 -0.000820 717.0
0.000663 -0.000819 718.0
0.000663 -0.000819 719.0
0.000663 -0.000818 720.0
0.000664 -0.000817 721.0
0.000664 -0.000817 722.0
0.000664 -0.000816 723.0
0.000664 -0.000815 724.0
0.000664 -0.000815 725.0
0.000664 -0.000814 726.0
0.000664 -0.000814 727.0
0.000664 -0.000813 728.0
0.000664 -0.000812 729.0
0.000664 -0.000812 730.0
0.000664 -0.000811 731.0
0.000664 -0.000811 732.0
0.000664 -0.000810 733.0
0.000664 -0.000809 734.0
0.000664 -0.000809 735.0
0.000664 -0.000808 736.0
0.000664 -0.000808 737.0
0.000664 -0.000807 738.0
0.000664 -0.000806 739.0
0.000664 -0.000806 740.0
0.000664 -0.000805 741.0
0.000664 -0.000805 742.0
0.000664 -0.000804 743.0
0.000664 -0.000803 744.0
0.000664 -0.000803 745.0
0.000664 -0.000802 746.0
0.000664 -0.000802 747.0
0.000665 -0.000801 748.0
0.000665 -0.000800 749.0
0.000665 -0.000800 750.0
0.000665 -0.000799 751.0
0.000665 -0.000799 752.0
0.000665 -0.000798 753.0
0.000665 -0.000797 754.0
0.000665 -0.000797 755.0
0.000665 -0.000796 756.0
0.000665 -0.000796 757.0
0.000665 -0.000796 758.0
0.000665 -0.000795 759.0
0.000665 -0.000795 760.0
0.000664 -0.000794 761.0
0.000664 -0.000794 762.0
0.000664 -0.000793 763.0
0.000664 -0.000792 764.0
0.000664 -0.000792 765.0
0.000663 -0.000791 766.0
0.000663 -0.000791 767.0
0.000663 -0.000790 768.0
0.000663 -0.000790 769.0
0.000662 -0.000789 770.0
0.000662 -0.000789 771.0
0.000662 -0.000788 772.0
0.000662 -0.000788 773.0
0.000662 -0.000787 774.0
0.000661 -0.000786 775.0
0.000661 -0.000786 776.0
0.000661 -0.000785 777.0
0.000661 -0.000785 778.0
0.000660 -0.000784 779.0
0.000660 -0.000784 780.0
0.000660 -0.000783 781.0
0.000660 -0.000783 782.0
0.000659 -0.000782 783.0
0.000659 -0.000782 784.0
0.000659 -0.000781 785.0
0.000659 -0.000781 786.0
0.000659 -0.000780 787.0
0.000658 -0.000779 788.0
0.000658 -0.000779 789.0
0.000658 -0.000778 790.0
0.000658 -0.000778 791.0
0.000657 -0.000777 792.0
0.000657 -0.000777 793.0
0.000657 -0.000776 794.0
0.000657 -0.000776 795.0
0.000656 -0.000775 796.0
0.000656 -0.000775 797.0
0.000656 -0.000774 798.0
0.000656 -0.000773 799.0
0.000656 -0.000773 800.0
0.000655 -0.000772 801.0
0.000655 -0.000772 802.0
0.000655 -0.000771 803.0
0.000655 -0.000771 804.0
0.000654 -0.000770 805.0
0.000654 -0.000770 806.0
0.000654 -0.000769 807.0
0.000654 -0.000769 808.0
0.000654 -0.000768 809.0
0.000653 -0.000767 810.0
0.000653 -0.000767 811.0
0.000653 -0.000766 812.0
0.000653 -0.000766 813.0
0.000652 -0.000765 814.0
0.000652 -0.000765 815.0
0.000652 -0.000764 816.0
0.000652 -0.000764 817.0
0.000651 -0.000763 818.0
0.000651 -0.000763 819.0
0.000649 -0.000764 820.0
0.000648 -0.000764 821.0
0.000648 -0.000764 822.0
0.000647 -0.000764 823.0
0.000647 -0.000764 824.0
0.000647 -0.000764 825.0
0.000646 -0.000764 826.0
0.000646 -0.000764 827.0
0.000645 -0.000764 828.0
0.000645 -0.000764 829.0
0.000645 -0.000764 830.0
0.000644 -0.000764 831.0
0.000644 -0.000763 832.0
0.000643 -0.000763 833.0
0.000643 -0.000763 834.0
0.000643 -0.000763 835.0
0.000642 -0.000763 836.0
0.000642 -0.000763 837.0
0.000641 -0.000763 838.0
0.000641 -0.000763 839.0
0.000640 -0.000763 840.0
0.000640 -0.000763 841.0
0.000640 -0.000763 842.0
0.000639 -0.000763 843.0
0.000639 -0.000762 844.0
0.000638 -0.000762 845.0
0.000638 -0.000762 846.0
0.000638 -0.000762 847.0
0.000637 -0.000762 848.0
0.000637 -0.000762 849.0
0.000636 -0.000762 850.0
0.000636 -0.000762 851.0
0.000636 -0.000762 852.0
0.000635 -0.000762 853.0
0.000635 -0.000762 854.0
0.000634 -0.000762 855.0
0.000634 -0.000761 856.0
0.000634 -0.000761 857.0
0.000633 -0.000761 858.0
0.000633 -0.000761 859.0
0.000632 -0.000761 860.0
0.000632 -0.000761 861.0
0.000632 -0.000761 862.0
0.000631 -0.000761 863.0
0.000631 -0.000761 864.0
0.000630 -0.000761 865.0
0.000630 -0.000761 866.0
0.000629 -0.000761 867.0
0.000629 -0.000760 868.0
0.000629 -0.000760 869.0
0.000628 -0.000760 870.0
0.000628 -0.000760 871.0
0.000627 -0.000760 872.0
0.000627 -0.000760 873.0
0.000627 -0.000760 874.0
0.000626 -0.000760 875.0
0.000626 -0.000760 876.0
0.000626 -0.000761 877.0
0.000625 -0.000761 878.0
0.000625 -0.000760 879.0
0.000624 -0.000760 880.0
0.000623 -0.000760 881.0
0.000623 -0.000760 882.0
0.000622 -0.000760 883.0
0.000622 -0.000760 884.0
0.000621 -0.000760 885.0
0.000621 -0.000759 886.0
0.000620 -0.000759 887.0
0.000620 -0.000759 888.0
0.000619 -0.000759 889.0
0.000618 -0.000759 890.0
0.000618 -0.000759 891.0
0.000617 -0.000758 892.0
0.000617 -0.000758 893.0
0.000616 -0.000758 894.0
0.000616 -0.000758 895.0
0.000615 -0.000758 896.0
0.000615 -0.000758 897.0
0.000614 -0.000758 898.0
0.000613 -0.000757 899.0
0.000613 -0.000757 900.0
0.000612 -0.000757 901.0
0.000612 -0.000757 902.0
0.000611 -0.000757 903.0
0.000611 -0.000757 904.0
0.000610 -0.000757 905.0
0.000610 -0.000756 906.0
0.000609 -0.000756 907.0
0.000608 -0.000756 908.0
0.000608 -0.000756 909.0
0.000607 -0.000756 910.0
0.000607 -0.000756 911.0
0.000606 -0.000756 912.0
0.000606 -0.000755 913.0
0.000605 -0.000755 914.0
0.000605 -0.000755 915.0
0.000604 -0.000755 916.0
0.000603 -0.000755 917.0
0.000603 -0.000755 918.0
0.000602 -0.000755 919.0
0.000602 -0.000754 920.0
0.000601 -0.000754 921.0
0.000601 -0.000754 922.0
0.000600 -0.000754 923.0
0.000600 -0.000754 924.0
0.000599 -0.000754 925.0
0.000598 -0.000753 926.0
0.000598 -0.000753 927.0
0.000597 -0.000753 928.0
0.000597 -0.000753 929.0
0.000596 -0.000753 930.0
0.000596 -0.000753 931.0
0.000595 -0.000753 932.0
0.000595 -0.000752 933.0
0.000594 -0.000752 934.0
0.000593 -0.000752 935.0
0.000593 -0.000754 936.0
0.000593 -0.000754 937.0
0.000592 -0.000754 938.0
0.000592 -0.000754 939.0
0.000592 -0.000754 940.0
0.000592 -0.000753 941.0
0.000591 -0.000753 942.0
0.000591 -0.000753 943.0
0.000591 -0.000753 944.0
0.000590 -0.000753 945.0
0.000590 -0.000753 946.0
0.000590 -0.000753 947.0
0.000589 -0.000753 948.0
0.000589 -0.000753 949.0
0.000589 -0.000753 950.0
0.000588 -0.000753 951.0
0.000588 -0.000752 952.0
0.000588 -0.000752 953.0
0.000587 -0.000752 954.0
0.000587 -0.000752 955.0
0.000587 -0.000752 956.0
0.000586 -0.000752 957.0
0.000586 -0.000752 958.0
0.000586 -0.000752 959.0
0.000585 -0.000752 960.0
0.000585 -0.000752 961.0
0.000585 -0.000752 962.0
0.000584 -0.000752 963.0
0.000584 -0.000751 964.0
0.000584 -0.000751 965.0
0.000583 -0.000751 966.0
0.000583 -0.000751 967.0
0.000583 -0.000751 968.0
0.000582 -0.000751 969.0
0.000582 -0.000751 970.0
0.000582 -0.000751 971.0
0.000581 -0.000751 972.0
0.000581 -0.000751 973.0
0.000581 -0.000751 974.0
0.000580 -0.000750 975.0
0.000580 -0.000750 976.0
0.000580 -0.000750 977.0
0.000579 -0.000750 978.0
0.000579 -0.000750 979.0
0.000579 -0.000750 980.0
0.000578 -0.000750 981.0
0.000578 -0.000750 982.0
0.000578 -0.000750 983.0
0.000578 -0.000750 984.0
0.000577 -0.000750 985.0
0.000577 -0.000750 986.0
0.000577 -0.000749 987.0
0.000576 -0.000749 988.0
0.000576 -0.000749 989.0
0.000576 -0.000749 990.0
0.000575 -0.000749 991.0
0.000575 -0.000749 992.0
0.000575 -0.000749 993.0
0.000574 -0.000750 994.0
0.000574 -0.000750 995.0
0.000573 -0.000749 996.0
0.000572 -0.000749 997.0
0.000571 -0.000749 998.0
0.000570 -0.000749 999.0
0.000569 -0.000748 1000.0
0.000569 -0.000748 1001.0
0.000568 -0.000748 1002.0
0.000567 -0.000748 1003.0
0.000566 -0.000747 1004.0
0.000565 -0.000747 1005.0
0.000564 -0.000747 1006.0
0.000564 -0.000747 1007.0
0.000563 -0.000746 1008.0
0.000562 -0.000746 1009.0
0.000561 -0.000746 1010.0
0.000560 -0.000746 1011.0
0.000559 -0.000745 1012.0
0.000559 -0.000745 1013.0
0.000558 -0.000745 1014.0
0.000557 -0.000745 1015.0
0.000556 -0.000744 1016.0
0.000555 -0.000744 1017.0
0.000554 -0.000744 1018.0
0.000554 -0.000744 1019.0
0.000553 -0.000743 1020.0
0.000552 -0.000743 1021.0
0.000551 -0.000743 1022.0
0.000550 -0.000743 1023.0
0.000549 -0.000742 1024.0
0.000549 -0.000742 1025.0
0.000548 -0.000742 1026.0
0.000547 -0.000742 1027.0
0.000546 -0.000741 1028.0
0.000545 -0.000741 1029.0
0.000544 -0.000741 1030.0
0.000544 -0.000741 1031.0
0.000543 -0.000740 1032.0
0.000542 -0.000740 1033.0
0.000541 -0.000740 1034.0
0.000540 -0.000740 1035.0
0.000539 -0.000739 1036.0
0.000539 -0.000739 1037.0
0.000538 -0.000739 1038.0
0.000537 -0.000739 1039.0
0.000536 -0.000738 1040.0
0.000535 -0.000738 1041.0
0.000534 -0.000738 1042.0
0.000534 -0.000738 1043.0
0.000533 -0.000737 1044.0
0.000532 -0.000737 1045.0
0.000531 -0.000737 1046.0
0.000530 -0.000737 1047.0
0.000529 -0.000736 1048.0
0.000529 -0.000736 1049.0
0.000528 -0.000736 1050.0
0.000527 -0.000736 1051.0
0.000526 -0.000735 1052.0
0.000525 -0.000735 1053.0
0.000524 -0.000735 1054.0
0.000524 -0.000735 1055.0
0.000523 -0.000734 1056.0
0.000522 -0.000734 1057.0
0.000521 -0.000737 1058.0
0.000521 -0.000737 1059.0
0.000521 -0.000737 1060.0
0.000521 -0.000737 1061.0
0.000521 -0.000737 1062.0
0.000521 -0.000737 1063.0
0.000520 -0.000737 1064.0
0.000520 -0.000737 1065.0
0.000520 -0.000737 1066.0
0.000520 -0.000737 1067.0
0.000520 -0.000737 1068.0
0.000520 -0.000737 1069.0
0.000519 -0.000737 1070.0
0.000519 -0.000737 1071.0
0.000519 -0.000737 1072.0
0.000519 -0.000737 1073.0
0.000519 -0.000737 1074.0
0.000518 -0.000737 1075.0
0.000518 -0.000737 1076.0
0.000518 -0.000737 1077.0
0.000518 -0.000737 1078.0
0.000518 -0.000737 1079.0
0.000518 -0.000737 1080.0
0.000517 -0.000737 1081.0
0.000517 -0.000737 1082.0
0.000517 -0.000737 1083.0
0.000517 -0.000737 1084.0
0.000517 -0.000737 1085.0
0.000517 -0.000737 1086.0
0.000516 -0.000737 1087.0
0.000516 -0.000737 1088.0
0.000516 -0.000737 1089.0
0.000516 -0.000737 1090.0
0.000516 -0.000737 1091.0
0.000516 -0.000737 1092.0
0.000515 -0.000737 1093.0
0.000515 -0.000737 1094.0
0.000515 -0.000737 1095.0
0.000515 -0.000737 1096.0
0.000515 -0.000737 1097.0
0.000515 -0.000737 1098.0
0.000514 -0.000737 1099.0
0.000514 -0.000737 1100.0
0.000514 -0.000737 1101.0
0.000514 -0.000737 1102.0
0.000514 -0.000737 1103.0
0.000514 -0.000737 1104.0
0.000513 -0.000737 1105.0
0.000513 -0.000737 1106.0
0.000513 -0.000737 1107.0
0.000513 -0.000737 1108.0
0.000513 -0.000737 1109.0
0.000513 -0.000737 1110.0
0.000512 -0.000737 1111.0
0.000512 -0.000737 1112.0
0.000512 -0.000737 1113.0
0.000512 -0.000737 1114.0
0.000512 -0.000737 1115.0
0.000512 -0.000737 1116.0
0.000512 -0.000737 1117.0
0.000512 -0.000737 1118.0
0.000512 -0.000737 1119.0
0.000512 -0.000737 1120.0
0.000512 -0.000737 1121.0
0.000512 -0.000737 1122.0
0.000512 -0.000737 1123.0
0.000512 -0.000737 1124.0
0.000512 -0.000737 1125.0
0.000512 -0.000737 1126.0
0.000512 -0.000737 1127.0
0.000512 -0.000737 1128.0
0.000512 -0.000737 1129.0
0.000512 -0.000737 1130.0
0.000512 -0.000737 1131.0
0.000512 -0.000737 1132.0
0.000512 -0.000737 1133.0
0.000512 -0.000737 1134.0
0.000512 -0.000737 1135.0
0.000512 -0.000737 1136.0
0.000512 -0.000737 1137.0
0.000512 -0.000737 1138.0
0.000512 -0.000737 1139.0
0.000512 -0.000737 1140.0
0.000512 -0.000737 1141.0
0.000512 -0.000737 1142.0
0.000512 -0.000737 1143.0
0.000512 -0.000737 1144.0
0.000512 -0.000737 1145.0
0.000512 -0.000737 1146.0
0.000512 -0.000737 1147.0
0.000512 -0.000737 1148.0
0.000512 -0.000737 1149.0
0.000512 -0.000737 1150.0
0.000512 -0.000737 1151.0
0.000512 -0.000737 1152.0
0.000512 -0.000737 1153.0
0.000512 -0.000737 1154.0
0.000512 -0.000737 1155.0
0.000512 -0.000737 1156.0
0.000512 -0.000737 1157.0
0.000512 -0.000737 1158.0
0.000512 -0.000737 1159.0
0.000512 -0.000737 1160.0
0.000512 -0.000737 1161.0
0.000512 -0.000737 1162.0
0.000512 -0.000737 1163.0
0.000512 -0.000737 1164.0
0.000512 -0.000737 1165.0
0.000512 -0.000737 1166.0
0.000512 -0.000737 1167.0
0.000512 -0.000737 1168.0
0.000512 -0.000737 1169.0
0.000512 -0.000737 1170.0
0.000512 -0.000737 1171.0
0.000512 -0.000737 1172.0
0.000512 -0.000737 1173.0
0.000512 -0.000737 1174.0
0.000512 -0.000737 1175.0
0.000512 -0.000737 1176.0
0.000512 -0.000737 1177.0
0.000512 -0.000737 1178.0
0.000512 -0.000737 1179.0
0.000512 -0.000737 1180.0
0.000512 -0.000737 1181.0
0.000512 -0.000737 1182.0
0.000512 -0.000737 1183.0
0.000512 -0.000737 1184.0
0.000512 -0.000737 1185.0
0.000512 -0.000737 1186.0
0.000512 -0.000737 1187.0
0.000512 -0.000737 1188.0
0.000512 -0.000737 1189.0
0.000512 -0.000737 1190.0
0.000512 -0.000737 1191.0
0.000512 -0.000737 1192.0
0.000512 -0.000737 1193.0
0.000512 -0.000737 1194.0
0.000512 -0.000737 1195.0
0.000512 -0.000737 1196.0
0.000512 -0.000737 1197.0
0.000512 -0.000737 1198.0
0.000512 -0.000737 1199.0
0.000512 -0.000737 1200.0
0.000512 -0.000737 1201.0
0.000512 -0.000737 1202.0
0.000512 -0.000737 1203.0
0.000512 -0.000737 1204.0
0.000512 -0.000737 1205.0
0.000512 -0.000737 1206.0
0.000512 -0.000737 1207.0
0.000512 -0.000737 1208.0
0.000512 -0.000737 1209.0
0.000512 -0.000737 1210.0
0.000512 -0.000737 1211.0
0.000512 -0.000737 1212.0
0.000512 -0.000737 1213.0
0.000512 -0.000737 1214.0
0.000512 -0.000737 1215.0
0.000512 -0.000737 1216.0
0.000512 -0.000737 1217.0
0.000512 -0.000737 1218.0
0.000512 -0.000737 1219.0
0.000512 -0.000737 1220.0
0.000512 -0.000737 1221.0
0.000512 -0.000737 1222.0
0.000512 -0.000737 1223.0
0.000512 -0.000737 1224.0
0.000512 -0.000737 1225.0
0.000512 -0.000737 1226.0
0.000512 -0.000737 1227.0
0.000512 -0.000737 1228.0
0.000512 -0.000737 1229.0
0.000512 -0.000737 1230.0
0.000512 -0.000737 1231.0
0.000512 -0.000737 1232.0
0.000512 -0.000737 1233.0
0.000512 -0.000737 1234.0
0.000512 -0.000737 1235.0
0.000512 -0.000737 1236.0
0.000512 -0.000737 1237.0
0.000512 -0.000737 1238.0
0.000512 -0.000737 1239.0
0.000512 -0.000737 1240.0
0.000512 -0.000737 1241.0
0.000512 -0.000737 1242.0
0.000512 -0.000737 1243.0
0.000512 -0.000737 1244.0
0.000512 -0.000737 1245.0
0.000512 -0.000737 1246.0
0.000512 -0.000737 1247.0
0.000512 -0.000737 1248.0
0.000512 -0.000737 1249.0
0.000512 -0.000737 1250.0
0.000512 -0.000737 1251.0
0.000512 -0.000737 1252.0
0.000512 -0.000737 1253.0
0.000512 -0.000737 1254.0
0.000512 -0.000737 1255.0
0.000512 -0.000737 1256.0
0.000512 -0.000737 1257.0
0.000512 -0.000737 1258.0
0.000512 -0.000737 1259.0
0.000512 -0.000737 1260.0
0.000512 -0.000737 1261.0
0.000512 -0.000737 1262.0
0.000512 -0.000737 1263.0
0.000512 -0.000737 1264.0
0.000512 -0.000737 1265.0
0.000512 -0.000737 1266.0
0.000512 -0.000737 1267.0
0.000512 -0.000737 1268.0
0.000512 -0.000737 1269.0
0.000512 -0.000737 1270.0
0.000512 -0.000737 1271.0
0.000512 -0.000737 1272.0
0.000512 -0.000737 1273.0
0.000512 -0.000737 1274.0
0.000512 -0.000737 1275.0
0.000512 -0.000737 1276.0
0.000512 -0.000737 1277.0
0.000512 -0.000737 1278.0
0.000512 -0.000737 1279.0
0.000512 -0.000737 1280.0
0.000512 -0.000737 1281.0
0.000512 -0.000737 1282.0
0.000512 -0.000737 1283.0
0.000512 -0.000737 1284.0
0.000512 -0.000737 1285.0
0.000512 -0.000737 1286.0
0.000512 -0.000737 1287.0
0.000512 -0.000737 1288.0
0.000512 -0.000737 1289.0
0.000512 -0.000737 1290.0
0.000512 -0.000737 1291.0
0.000512 -0.000737 1292.0
0.000512 -0.000737 1293.0
0.000512 -0.000737 1294.0
0.000512 -0.000737 1295.0
0.000512 -0.000737 1296.0
0.000512 -0.000737 1297.0
0.000512 -0.000737 1298.0
0.000512 -0.000737 1299.0
0.000512 -0.000737 1300.0
0.000512 -0.000737 1301.0
0.000512 -0.000737 1302.0
0.000512 -0.000737 1303.0
0.000512 -0.000737 1304.0
0.000512 -0.000737 1305.0
0.000512 -0.000737 1306.0
0.000512 -0.000737 1307.0
0.000512 -0.000737 1308.0
0.000512 -0.000737 1309.0
0.000512 -0.000737 1310.0
0.000512 -0.000737 1311.0
0.000512 -0.000737 1312.0
0.000512 -0.000737 1313.0
0.000512 -0.000737 1314.0
0.000512 -0.000737 1315.0
0.000512 -0.000737 1316.0
0.000512 -0.000737 1317.0
0.000512 -0.000737 1318.0
0.000512 -0.000737 1319.0
0.000512 -0.000737 1320.0
0.000512 -0.000737 1321.0
0.000512 -0.000737 1322.0
0.000512 -0.000737 1323.0
0.000512 -0.000737 1324.0
0.000512 -0.000737 1325.0
0.000512 -0.000737 1326.0
0.000512 -0.000737 1327.0
0.000512 -0.000737 1328.0
0.000512 -0.000737 1329.0
0.000512 -0.000737 1330.0
0.000512 -0.000737 1331.0
0.000512 -0.000737 1332.0
0.000512 -0.000737 1333.0
0.000512 -0.000737 1334.0
0.000512 -0.000737 1335.0
0.000512 -0.000737 1336.0
0.000512 -0.000737 1337.0
0.000512 -0.000737 1338.0
0.000512 -0.000737 1339.0
0.000512 -0.000737 1340.0
0.000512 -0.000737 1341.0
0.000512 -0.000737 1342.0
0.000512 -0.000737 1343.0
0.000512 -0.000737 1344.0
0.000512 -0.000737 1345.0
0.000512 -0.000737 1346.0
0.000512 -0.000737 1347.0
0.000512 -0.000737 1348.0
0.000512 -0.000737 1349.0
0.000512 -0.000737 1350.0
0.000512 -0.000737 1351.0
0.000512 -0.000737 1352.0
0.000512 -0.000737 1353.0
0.000512 -0.000737 1354.0
0.000512 -0.000737 1355.0
0.000512 -0.000737 1356.0
0.000512 -0.000737 1357.0
0.000513 -0.000737 1358.0
0.000512 -0.000737 1359.0
0.000512 -0.000737 1360.0
0.000512 -0.000737 1361.0
0.000512 -0.000737 1362.0
0.000512 -0.000737 1363.0
0.000512 -0.000737 1364.0
0.000512 -0.000737 1365.0
0.000512 -0.000737 1366.0
0.000512 -0.000737 1367.0
0.000512 -0.000737 1368.0
0.000512 -0.000737 1369.0
0.000512 -0.000737 1370.0
0.000512 -0.000737 1371.0
0.000512 -0.000737 1372.0
0.000512 -0.000737 1373.0
0.000512 -0.000737 1374.0
0.000512 -0.000737 1375.0
0.000512 -0.000737 1376.0
0.000512 -0.000737 1377.0
0.000512 -0.000737 1378.0
0.000512 -0.000737 1379.0
0.000512 -0.000737 1380.0
0.000512 -0.000737 1381.0
0.000512 -0.000737 1382.0
0.000512 -0.000737 1383.0
0.000512 -0.000737 1384.0
0.000512 -0.000737 1385.0
0.000512 -0.000737 1386.0
0.000512 -0.000737 1387.0
0.000512 -0.000737 1388.0
0.000512 -0.000737 1389.0
0.000512 -0.000737 1390.0
0.000512 -0.000737 1391.0
0.000512 -0.000737 1392.0
0.000512 -0.000737 1393.0
0.000512 -0.000737 1394.0
0.000512 -0.000737 1395.0
0.000512 -0.000737 1396.0
0.000512 -0.000737 1397.0
0.000512 -0.000737 1398.0
0.000512 -0.000737 1399.0
0.000512 -0.000737 1400.0
0.000512 -0.000737 1401.0
0.000512 -0.000737 1402.0
0.000512 -0.000737 1403.0
0.000512 -0.000737 1404.0
0.000512 -0.000737 1405.0
0.000512 -0.000737 1406.0
0.000512 -0.000737 1407.0
0.000512 -0.000737 1408.0
0.000512 -0.000737 1409.0
0.000512 -0.000737 1410.0
0.000512 -0.000737 1411.0
0.000512 -0.000737 1412.0
0.000512 -0.000737 1413.0
0.000512 -0.000737 1414.0
0.000512 -0.000737 1415.0
0.000512 -0.000737 1416.0
0.000512 -0.000737 1417.0
0.000512 -0.000737 1418.0
0.000512 -0.000737 1419.0
0.000512 -0.000737 1420.0
0.000512 -0.000737 1421.0
0.000512 -0.000736 1422.0
0.000511 -0.000736 1423.0
0.000511 -0.000736 1424.0
0.000511 -0.000735 1425.0
0.000511 -0.000735 1426.0
0.000510 -0.000734 1427.0
0.000510 -0.000734 1428.0
0.000510 -0.000734 1429.0
0.000510 -0.000733 1430.0
0.000510 -0.000733 1431.0
0.000509 -0.000733 1432.0
0.000509 -0.000732 1433.0
0.000509 -0.000732 1434.0
0.000509 -0.000731 1435.0
0.000509 -0.000731 1436.0
0.000508 -0.000731 1437.0
0.000508 -0.000730 1438.0
0.000508 -0.000730 1439.0
0.000508 -0.000730 1440.0
0.000507 -0.000729 1441.0
0.000507 -0.000729 1442.0
0.000507 -0.000729 1443.0
0.000507 -0.000728 1444.0
0.000507 -0.000728 1445.0
0.000506 -0.000727 1446.0
0.000506 -0.000727 1447.0
0.000506 -0.000727 1448.0
0.000506 -0.000726 1449.0
0.000505 -0.000726 1450.0
0.000505 -0.000726 1451.0
0.000505 -0.000725 1452.0
0.000505 -0.000725 1453.0
0.000505 -0.000724 1454.0
0.000504 -0.000724 1455.0
0.000504 -0.000724 1456.0
0.000504 -0.000723 1457.0
0.000504 -0.000723 1458.0
0.000503 -0.000723 1459.0
0.000503 -0.000722 1460.0
0.000503 -0.000722 1461.0
0.000503 -0.000721 1462.0
0.000503 -0.000721 1463.0
0.000502 -0.000721 1464.0
0.000502 -0.000720 1465.0
0.000502 -0.000720 1466.0
0.000502 -0.000720 1467.0
0.000501 -0.000719 1468.0
0.000501 -0.000719 1469.0
0.000501 -0.000718 1470.0
0.000501 -0.000718 1471.0
0.000501 -0.000718 1472.0
0.000500 -0.000717 1473.0
0.000500 -0.000717 1474.0
0.000500 -0.000717 1475.0
0.000500 -0.000716 1476.0
0.000499 -0.000716 1477.0
0.000499 -0.000716 1478.0
0.000497 -0.000717 1479.0
0.000497 -0.000717 1480.0
0.000498 -0.000716 1481.0
0.000498 -0.000715 1482.0
0.000498 -0.000715 1483.0
0.000498 -0.000714 1484.0
0.000498 -0.000714 1485.0
0.000498 -0.000713 1486.0
0.000498 -0.000712 1487.0
0.000498 -0.000712 1488.0
0.000498 -0.000711 1489.0
0.000498 -0.000710 1490.0
0.000498 -0.000710 1491.0
0.000498 -0.000709 1492.0
0.000498 -0.000708 1493.0
0.000498 -0.000708 1494.0
0.000498 -0.000707 1495.0
0.000498 -0.000706 1496.0
0.000498 -0.000706 1497.0
0.000498 -0.000705 1498.0
0.000498 -0.000704 1499.0
0.000498 -0.000704 1500.0
0.000498 -0.000703 1501.0
0.000498 -0.000702 1502.0
0.000498 -0.000702 1503.0
0.000498 -0.000701 1504.0
0.000498 -0.000700 1505.0
0.000498 -0.000700 1506.0
0.000498 -0.000699 1507.0
0.000498 -0.000699 1508.0
0.000498 -0.000698 1509.0
0.000498 -0.000697 1510.0
0.000498 -0.000697 1511.0
0.000498 -0.000696 1512.0
0.000498 -0.000695 1513.0
0.000498 -0.000695 1514.0
0.000499 -0.000694 1515.0
0.000499 -0.000693 1516.0
0.000499 -0.000693 1517.0
0.000499 -0.000692 1518.0
0.000499 -0.000691 1519.0
0.000499 -0.000691 1520.0
0.000499 -0.000690 1521.0
0.000499 -0.000689 1522.0
0.000499 -0.000689 1523.0
0.000499 -0.000688 1524.0
0.000499 -0.000687 1525.0
0.000499 -0.000687 1526.0
0.000499 -0.000686 1527.0
0.000499 -0.000686 1528.0
0.000499 -0.000685 1529.0
0.000499 -0.000684 1530.0
0.000499 -0.000684 1531.0
0.000499 -0.000683 1532.0
0.000499 -0.000682 1533.0
0.000499 -0.000682 1534.0
0.000499 -0.000681 1535.0
0.000499 -0.000680 1536.0
0.000499 -0.000680 1537.0
0.000499 -0.000679 1538.0
0.000499 -0.000678 1539.0
0.000500 -0.000678 1540.0
0.000500 -0.000678 1541.0
0.000499 -0.000677 1542.0
0.000499 -0.000677 1543.0
0.000499 -0.000676 1544.0
0.000499 -0.000676 1545.0
0.000499 -0.000675 1546.0
0.000499 -0.000675 1547.0
0.000499 -0.000674 1548.0
0.000498 -0.000674 1549.0
0.000498 -0.000673 1550.0
0.000498 -0.000673 1551.0
0.000498 -0.000672 1552.0
0.000498 -0.000672 1553.0
0.000498 -0.000671 1554.0
0.000498 -0.000671 1555.0
0.000498 -0.000670 1556.0
0.000497 -0.000670 1557.0
0.000497 -0.000669 1558.0
0.000497 -0.000669 1559.0
0.000497 -0.000668 1560.0
0.000497 -0.000668 1561.0
0.000497 -0.000667 1562.0
0.000497 -0.000667 1563.0
0.000496 -0.000666 1564.0
0.000496 -0.000666 1565.0
0.000496 -0.000665 1566.0
0.000496 -0.000665 1567.0
0.000496 -0.000664 1568.0
0.000496 -0.000664 1569.0
0.000496 -0.000663 1570.0
0.000496 -0.000663 1571.0
0.000495 -0.000662 1572.0
0.000495 -0.000662 1573.0
0.000495 -0.000661 1574.0
0.000495 -0.000661 1575.0
0.000495 -0.000660 1576.0
0.000495 -0.000660 1577.0
0.000495 -0.000659 1578.0
0.000494 -0.000659 1579.0
0.000494 -0.000658 1580.0
0.000494 -0.000658 1581.0
0.000494 -0.000657 1582.0
0.000494 -0.000657 1583.0
0.000494 -0.000656 1584.0
0.000494 -0.000656 1585.0
0.000493 -0.000655 1586.0
0.000493 -0.000655 1587.0
0.000493 -0.000654 1588.0
0.000493 -0.000654 1589.0
0.000493 -0.000654 1590.0
0.000493 -0.000653 1591.0
0.000493 -0.000653 1592.0
0.000493 -0.000652 1593.0
0.000492 -0.000652 1594.0
0.000492 -0.000651 1595.0
0.000492 -0.000651 1596.0
0.000492 -0.000650 1597.0
0.000492 -0.000650 1598.0
0.000492 -0.000649 1599.0
0.000492 -0.000649 1600.0
0.000491 -0.000648 1601.0
0.000491 -0.000648 1602.0
0.000489 -0.000648 1603.0
0.000489 -0.000648 1604.0
0.000490 -0.000647 1605.0
0.000490 -0.000647 1606.0
0.000490 -0.000646 1607.0
0.000490 -0.000645 1608.0
0.000490 -0.000645 1609.0
0.000490 -0.000644 1610.0
0.000490 -0.000644 1611.0
0.000490 -0.000643 1612.0
0.000490 -0.000642 1613.0
0.000490 -0.000642 1614.0
0.000490 -0.000641 1615.0
0.000490 -0.000641 1616.0
0.000490 -0.000640 1617.0
0.000490 -0.000639 1618.0
0.000490 -0.000639 1619.0
0.000490 -0.000638 1620.0
0.000490 -0.000638 1621.0
0.000490 -0.000637 1622.0
0.000490 -0.000636 1623.0
0.000490 -0.000636 1624.0
0.000490 -0.000635 1625.0
0.000490 -0.000635 1626.0
0.000490 -0.000634 1627.0
0.000490 -0.000633 1628.0
0.000490 -0.000633 1629.0
0.000490 -0.000632 1630.0
0.000490 -0.000632 1631.0
0.000490 -0.000631 1632.0
0.000490 -0.000630 1633.0
0.000490 -0.000630 1634.0
0.000490 -0.000629 1635.0
0.000490 -0.000629 1636.0
0.000490 -0.000628 1637.0
0.000490 -0.000627 1638.0
0.000490 -0.000627 1639.0
0.000490 -0.000626 1640.0
0.000490 -0.000626 1641.0
0.000490 -0.000625 1642.0
0.000490 -0.000624 1643.0
0.000491 -0.000624 1644.0
0.000491 -0.000623 1645.0
0.000491 -0.000623 1646.0
0.000491 -0.000622 1647.0
0.000491 -0.000621 1648.0
0.000491 -0.000621 1649.0
0.000491 -0.000620 1650.0
0.000491 -0.000620 1651.0
0.000491 -0.000619 1652.0
0.000491 -0.000618 1653.0
0.000491 -0.000618 1654.0
0.000491 -0.000617 1655.0
0.000491 -0.000617 1656.0
0.000491 -0.000616 1657.0
0.000491 -0.000615 1658.0
0.000491 -0.000615 1659.0
0.000491 -0.000614 1660.0
0.000491 -0.000614 1661.0
0.000491 -0.000614 1662.0
0.000491 -0.000613 1663.0
0.000491 -0.000613 1664.0
0.000491 -0.000613 1665.0
0.000491 -0.000612 1666.0
0.000491 -0.000612 1667.0
0.000490 -0.000612 1668.0
0.000490 -0.000611 1669.0
0.000490 -0.000611 1670.0
0.000490 -0.000611 1671.0
0.000490 -0.000611 1672.0
0.000490 -0.000610 1673.0
0.000490 -0.000610 1674.0
0.000489 -0.000610 1675.0
0.000489 -0.000609 1676.0
0.000489 -0.000609 1677.0
0.000489 -0.000609 1678.0
0.000489 -0.000608 1679.0
0.000489 -0.000608 1680.0
0.000489 -0.000608 1681.0
0.000489 -0.000607 1682.0
0.000488 -0.000607 1683.0
0.000488 -0.000607 1684.0
0.000488 -0.000606 1685.0
0.000488 -0.000606 1686.0
0.000488 -0.000606 1687.0
0.000488 -0.000605 1688.0
0.000488 -0.000605 1689.0
0.000487 -0.000605 1690.0
0.000487 -0.000604 1691.0
0.000487 -0.000604 1692.0
0.000487 -0.000604 1693.0
0.000487 -0.000603 1694.0
0.000487 -0.000603 1695.0
0.000487 -0.000603 1696.0
0.000486 -0.000602 1697.0
0.000486 -0.000602 1698.0
0.000486 -0.000602 1699.0
0.000486 -0.000601 1700.0
0.000486 -0.000601 1701.0
0.000486 -0.000601 1702.0
0.000486 -0.000600 1703.0
0.000486 -0.000600 1704.0
0.000485 -0.000600 1705.0
0.000485 -0.000599 1706.0
0.000485 -0.000599 1707.0
0.000485 -0.000599 1708.0
0.000485 -0.000598 1709.0
0.000485 -0.000598 1710.0
0.000485 -0.000598 1711.0
0.000484 -0.000597 1712.0
0.000484 -0.000597 1713.0
0.000484 -0.000597 1714.0
0.000484 -0.000596 1715.0
0.000484 -0.000596 1716.0
0.000484 -0.000596 1717.0
0.000484 -0.000595 1718.0
0.000484 -0.000595 1719.0
0.000483 -0.000595 1720.0
0.000483 -0.000594 1721.0
0.000482 -0.000595 1722.0
0.000481 -0.000595 1723.0
0.000480 -0.000595 1724.0
0.000479 -0.000595 1725.0
0.000479 -0.000595 1726.0
0.000478 -0.000595 1727.0
0.000477 -0.000595 1728.0
0.000476 -0.000595 1729.0
0.000476 -0.000595 1730.0
0.000475 -0.000595 1731.0
0.000474 -0.000594 1732.0
0.000473 -0.000594 1733.0
0.000473 -0.000594 1734.0
0.000472 -0.000594 1735.0
0.000471 -0.000594 1736.0
0.000470 -0.000594 1737.0
0.000470 -0.000594 1738.0
0.000469 -0.000594 1739.0
0.000468 -0.000594 1740.0
0.000467 -0.000594 1741.0
0.000467 -0.000594 1742.0
0.000466 -0.000593 1743.0
0.000465 -0.000593 1744.0
0.000464 -0.000593 1745.0
0.000464 -0.000593 1746.0
0.000463 -0.000593 1747.0
0.000462 -0.000593 1748.0
0.000461 -0.000593 1749.0
0.000461 -0.000593 1750.0
0.000460 -0.000593 1751.0
0.000459 -0.000593 1752.0
0.000458 -0.000593 1753.0
0.000458 -0.000592 1754.0
0.000457 -0.000592 1755.0
0.000456 -0.000592 1756.0
0.000455 -0.000592 1757.0
0.000455 -0.000592 1758.0
0.000454 -0.000592 1759.0
0.000453 -0.000592 1760.0
0.000452 -0.000592 1761.0
0.000451 -0.000592 1762.0
0.000451 -0.000592 1763.0
0.000450 -0.000592 1764.0
0.000449 -0.000591 1765.0
0.000448 -0.000591 1766.0
0.000448 -0.000591 1767.0
0.000447 -0.000591 1768.0
0.000446 -0.000591 1769.0
0.000445 -0.000591 1770.0
0.000445 -0.000591 1771.0
0.000444 -0.000591 1772.0
0.000443 -0.000591 1773.0
0.000442 -0.000591 1774.0
0.000442 -0.000591 1775.0
0.000441 -0.000590 1776.0
0.000440 -0.000590 1777.0
0.000439 -0.000590 1778.0
0.000439 -0.000590 1779.0
0.000438 -0.000590 1780.0
0.000437 -0.000590 1781.0
0.000436 -0.000590 1782.0
0.000436 -0.000590 1783.0
0.000435 -0.000590 1784.0
0.000435 -0.000591 1785.0
0.000434 -0.000591 1786.0
0.000434 -0.000591 1787.0
0.000433 -0.000591 1788.0
0.000432 -0.000591 1789.0
0.000432 -0.000591 1790.0
0.000431 -0.000590 1791.0
0.000431 -0.000590 1792.0
0.000430 -0.000590 1793.0
0.000430 -0.000590 1794.0
0.000429 -0.000590 1795.0
0.000429 -0.000590 1796.0
0.000428 -0.000590 1797.0
0.000427 -0.000590 1798.0
0.000427 -0.000590 1799.0
0.000426 -0.000590 1800.0
0.000426 -0.000590 1801.0
0.000425 -0.000590 1802.0
0.000425 -0.000590 1803.0
0.000424 -0.000590 1804.0
0.000423 -0.000590 1805.0
0.000423 -0.000589 1806.0
0.000422 -0.000589 1807.0
0.000422 -0.000589 1808.0
0.000421 -0.000589 1809.0
0.000421 -0.000589 1810.0
0.000420 -0.000589 1811.0
0.000420 -0.000589 1812.0
0.000419 -0.000589 1813.0
0.000418 -0.000589 1814.0
0.000418 -0.000589 1815.0
0.000417 -0.000589 1816.0
0.000417 -0.000589 1817.0
0.000416 -0.000589 1818.0
0.000416 -0.000589 1819.0
0.000415 -0.000588 1820.0
0.000414 -0.000588 1821.0
0.000414 -0.000588 1822.0
0.000413 -0.000588 1823.0
0.000413 -0.000588 1824.0
0.000412 -0.000588 1825.0
0.000412 -0.000588 1826.0
0.000411 -0.000588 1827.0
0.000410 -0.000588 1828.0
0.000410 -0.000588 1829.0
0.000409 -0.000588 1830.0
0.000409 -0.000588 1831.0
0.000408 -0.000588 1832.0
0.000408 -0.000588 1833.0
0.000407 -0.000587 1834.0
0.000407 -0.000587 1835.0
0.000406 -0.000587 1836.0
0.000405 -0.000587 1837.0
0.000405 -0.000587 1838.0
0.000404 -0.000587 1839.0
0.000404 -0.000587 1840.0
0.000403 -0.000587 1841.0
0.000403 -0.000587 1842.0
0.000402 -0.000587 1843.0
0.000401 -0.000587 1844.0
0.000401 -0.000587 1845.0
0.000401 -0.000588 1846.0
0.000401 -0.000587 1847.0
0.000401 -0.000586 1848.0
0.000401 -0.000586 1849.0
0.000401 -0.000585 1850.0
0.000401 -0.000585 1851.0
0.000401 -0.000584 1852.0
0.000401 -0.000584 1853.0
0.000401 -0.000583 1854.0
0.000401 -0.000583 1855.0
0.000401 -0.000582 1856.0
0.000400 -0.000581 1857.0
0.000400 -0.000581 1858.0
0.000400 -0.000580 1859.0
0.000400 -0.000580 1860.0
0.000400 -0.000579 1861.0
0.000400 -0.000579 1862.0
0.000400 -0.000578 1863.0
0.000400 -0.000577 1864.0
0.000400 -0.000577 1865.0
0.000400 -0.000576 1866.0
0.000400 -0.000576 1867.0
0.000400 -0.000575 1868.0
0.000400 -0.000575 1869.0
0.000400 -0.000574 1870.0
0.000400 -0.000574 1871.0
0.000400 -0.000573 1872.0
0.000400 -0.000572 1873.0
0.000400 -0.000572 1874.0
0.000400 -0.000571 1875.0
0.000400 -0.000571 1876.0
0.000400 -0.000570 1877.0
0.000400 -0.000570 1878.0
0.000400 -0.000569 1879.0
0.000400 -0.000568 1880.0
0.000400 -0.000568 1881.0
0.000400 -0.000567 1882.0
0.000400 -0.000567 1883.0
0.000400 -0.000566 1884.0
0.000400 -0.000566 1885.0
0.000400 -0.000565 1886.0
0.000400 -0.000565 1887.0
0.000400 -0.000564 1888.0
0.000400 -0.000563 1889.0
0.000399 -0.000563 1890.0
0.000399 -0.000562 1891.0
0.000399 -0.000562 1892.0
0.000399 -0.000561 1893.0
0.000399 -0.000561 1894.0
0.000399 -0.000560 1895.0
0.000399 -0.000560 1896.0
0.000399 -0.000559 1897.0
0.000399 -0.000558 1898.0
0.000399 -0.000558 1899.0
0.000399 -0.000557 1900.0
0.000399 -0.000557 1901.0
0.000399 -0.000556 1902.0
0.000399 -0.000556 1903.0
0.000399 -0.000556 1904.0
0.000399 -0.000554 1905.0
0.000399 -0.000553 1906.0
0.000399 -0.000552 1907.0
0.000399 -0.000551 1908.0
0.000399 -0.000550 1909.0
0.000399 -0.000548 1910.0
0.000400 -0.000547 1911.0
0.000400 -0.000546 1912.0
0.000400 -0.000545 1913.0
0.000400 -0.000544 1914.0
0.000400 -0.000543 1915.0
0.000400 -0.000541 1916.0
0.000400 -0.000540 1917.0
0.000400 -0.000539 1918.0
0.000400 -0.000538 1919.0
0.000401 -0.000537 1920.0
0.000401 -0.000535 1921.0
0.000401 -0.000534 1922.0
0.000401 -0.000533 1923.0
0.000401 -0.000532 1924.0
0.000401 -0.000531 1925.0
0.000401 -0.000529 1926.0
0.000401 -0.000528 1927.0
0.000402 -0.000527 1928.0
0.000402 -0.000526 1929.0
0.000402 -0.000525 1930.0
0.000402 -0.000523 1931.0
0.000402 -0.000522 1932.0
0.000402 -0.000521 1933.0
0.000402 -0.000520 1934.0
0.000402 -0.000519 1935.0
0.000403 -0.000517 1936.0
0.000403 -0.000516 1937.0
0.000403 -0.000515 1938.0
0.000403 -0.000514 1939.0
0.000403 -0.000513 1940.0
0.000403 -0.000512 1941.0
0.000403 -0.000510 1942.0
0.000403 -0.000509 1943.0
0.000404 -0.000508 1944.0
0.000404 -0.000507 1945.0
0.000404 -0.000506 1946.0
0.000404 -0.000504 1947.0
0.000404 -0.000503 1948.0
0.000404 -0.000502 1949.0
0.000404 -0.000501 1950.0
0.000404 -0.000500 1951.0
0.000405 -0.000498 1952.0
0.000405 -0.000497 1953.0
0.000405 -0.000496 1954.0
0.000405 -0.000495 1955.0
0.000405 -0.000494 1956.0
0.000405 -0.000492 1957.0
0.000405 -0.000491 1958.0
0.000405 -0.000490 1959.0
0.000405 -0.000489 1960.0
0.000406 -0.000488 1961.0
0.000406 -0.000486 1962.0
0.000406 -0.000485 1963.0
0.000408 -0.000486 1964.0
0.000408 -0.000485 1965.0
0.000408 -0.000484 1966.0
0.000408 -0.000484 1967.0
0.000408 -0.000483 1968.0
0.000408 -0.000482 1969.0
0.000408 -0.000482 1970.0
0.000408 -0.000481 1971.0
0.000408 -0.000480 1972.0
0.000408 -0.000480 1973.0
0.000408 -0.000479 1974.0
0.000408 -0.000478 1975.0
0.000408 -0.000478 1976.0
0.000408 -0.000477 1977.0
0.000408 -0.000476 1978.0
0.000408 -0.000475 1979.0
0.000408 -0.000475 1980.0
0.000408 -0.000474 1981.0
0.000408 -0.000473 1982.0
0.000408 -0.000473 1983.0
0.000408 -0.000472 1984.0
0.000408 -0.000471 1985.0
0.000408 -0.000471 1986.0
0.000408 -0.000470 1987.0
0.000408 -0.000469 1988.0
0.000408 -0.000469 1989.0
0.000408 -0.000468 1990.0
0.000408 -0.000467 1991.0
0.000408 -0.000467 1992.0
0.000408 -0.000466 1993.0
0.000408 -0.000465 1994.0
0.000408 -0.000465 1995.0
0.000408 -0.000464 1996.0
0.000408 -0.000463 1997.0
0.000408 -0.000463 1998.0
0.000409 -0.000462 1999.0
0.000409 -0.000461 2000.0
0.000409 -0.000461 2001.0
0.000409 -0.000460 2002.0
0.000409 -0.000459 2003.0
0.000409 -0.000459 2004.0
0.000409 -0.000458 2005.0
0.000409 -0.000457 2006.0
0.000409 -0.000457 2007.0
0.000409 -0.000456 2008.0
0.000409 -0.000455 2009.0
0.000409 -0.000455 2010.0
0.000409 -0.000454 2011.0
0.000409 -0.000453 2012.0
0.000409 -0.000452 2013.0
0.000409 -0.000452 2014.0
0.000409 -0.000451 2015.0
0.000409 -0.000450 2016.0
0.000409 -0.000450 2017.0
0.000409 -0.000449 2018.0
0.000409 -0.000448 2019.0
0.000409 -0.000448 2020.0
0.000409 -0.000447 2021.0
0.000409 -0.000446 2022.0
0.000409 -0.000446 2023.0
0.000409 -0.000445 2024.0
0.000409 -0.000444 2025.0
0.000410 -0.000444 2026.0
0.000410 -0.000444 2027.0
0.000410 -0.000444 2028.0
0.000410 -0.000444 2029.0
0.000410 -0.000444 2030.0
0.000410 -0.000444 2031.0
0.000410 -0.000444 2032.0
0.000410 -0.000444 2033.0
0.000410 -0.000444 2034.0
0.000410 -0.000444 2035.0
0.000410 -0.000444 2036.0
0.000410 -0.000444 2037.0
0.000410 -0.000444 2038.0
0.000410 -0.000444 2039.0
0.000410 -0.000444 2040.0
0.000410 -0.000444 2041.0
0.000410 -0.000444 2042.0
0.000410 -0.000444 2043.0
0.000410 -0.000444 2044.0
0.000410 -0.000444 2045.0
0.000410 -0.000444 2046.0
0.000410 -0.000444 2047.0
0.000410 -0.000444 2048.0
0.000410 -0.000444 2049.0
0.000410 -0.000444 2050.0
0.000410 -0.000444 2051.0
0.000410 -0.000444 2052.0
0.000410 -0.000443 2053.0
0.000410 -0.000443 2054.0
0.000410 -0.000443 2055.0
0.000410 -0.000443 2056.0
0.000410 -0.000443 2057.0
0.000410 -0.000443 2058.0
0.000410 -0.000443 2059.0
0.000410 -0.000443 2060.0
0.000410 -0.000443 2061.0
0.000410 -0.000443 2062.0
0.000410 -0.000443 2063.0
0.000410 -0.000443 2064.0
0.000410 -0.000443 2065.0
0.000410 -0.000443 2066.0
0.000410 -0.000443 2067.0
0.000410 -0.000443 2068.0
0.000410 -0.000443 2069.0
0.000410 -0.000443 2070.0
0.000410 -0.000443 2071.0
0.000410 -0.000443 2072.0
0.000410 -0.000443 2073.0
0.000410 -0.000443 2074.0
0.000410 -0.000443 2075.0
0.000410 -0.000443 2076.0
0.000410 -0.000443 2077.0
0.000410 -0.000443 2078.0
0.000410 -0.000443 2079.0
0.000410 -0.000443 2080.0
0.000410 -0.000443 2081.0
0.000410 -0.000443 2082.0
0.000410 -0.000442 2083.0
0.000410 -0.000442 2084.0
0.000410 -0.000442 2085.0
0.000410 -0.000442 2086.0
0.000410 -0.000442 2087.0
0.000410 -0.000442 2088.0
0.000410 -0.000442 2089.0
0.000410 -0.000442 2090.0
0.000410 -0.000442 2091.0
0.000410 -0.000442 2092.0
0.000410 -0.000442 2093.0
0.000410 -0.000442 2094.0
0.000410 -0.000442 2095.0
0.000410 -0.000442 2096.0
0.000410 -0.000442 2097.0
0.000410 -0.000442 2098.0
0.000410 -0.000442 2099.0
0.000410 -0.000442 2100.0
0.000411 -0.000442 2101.0
0.000411 -0.000442 2102.0
0.000411 -0.000442 2103.0
0.000411 -0.000442 2104.0
0.000411 -0.000442 2105.0
0.000411 -0.000442 2106.0
0.000411 -0.000442 2107.0
0.000411 -0.000442 2108.0
0.000411 -0.000442 2109.0
0.000411 -0.000442 2110.0
0.000411 -0.000442 2111.0
0.000411 -0.000441 2112.0
0.000411 -0.000441 2113.0
0.000411 -0.000441 2114.0
0.000411 -0.000441 2115.0
0.000411 -0.000441 2116.0
0.000411 -0.000441 2117.0
0.000411 -0.000441 2118.0
0.000411 -0.000441 2119.0
0.000411 -0.000441 2120.0
0.000411 -0.000441 2121.0
0.000411 -0.000441 2122.0
0.000411 -0.000441 2123.0
0.000411 -0.000441 2124.0
0.000411 -0.000441 2125.0
0.000411 -0.000441 2126.0
0.000411 -0.000441 2127.0
0.000411 -0.000441 2128.0
0.000411 -0.000441 2129.0
0.000411 -0.000441 2130.0
0.000411 -0.000441 2131.0
0.000411 -0.000441 2132.0
0.000411 -0.000441 2133.0
0.000411 -0.000441 2134.0
0.000411 -0.000441 2135.0
0.000411 -0.000441 2136.0
0.000411 -0.000441 2137.0
0.000411 -0.000441 2138.0
0.000411 -0.000441 2139.0
0.000411 -0.000441 2140.0
0.000411 -0.000440 2141.0
0.000411 -0.000440 2142.0
0.000411 -0.000440 2143.0
0.000411 -0.000440 2144.0
0.000411 -0.000440 2145.0
0.000411 -0.000440 2146.0
0.000411 -0.000440 2147.0
0.000411 -0.000440 2148.0
0.000411 -0.000440 2149.0
0.000411 -0.000440 2150.0
0.000411 -0.000440 2151.0
0.000411 -0.000440 2152.0
0.000411 -0.000440 2153.0
0.000411 -0.000440 2154.0
0.000411 -0.000440 2155.0
0.000411 -0.000440 2156.0
0.000411 -0.000440 2157.0
0.000411 -0.000440 2158.0
0.000411 -0.000440 2159.0
0.000411 -0.000440 2160.0
0.000411 -0.000440 2161.0
0.000411 -0.000440 2162.0
0.000411 -0.000440 2163.0
0.000411 -0.000440 2164.0
0.000411 -0.000440 2165.0
0.000411 -0.000440 2166.0
0.000411 -0.000440 2167.0
0.000411 -0.000440 2168.0
0.000411 -0.000440 2169.0
0.000411 -0.000440 2170.0
0.000411 -0.000439 2171.0
0.000411 -0.000439 2172.0
0.000411 -0.000439 2173.0
0.000411 -0.000439 2174.0
0.000411 -0.000439 2175.0
0.000412 -0.000439 2176.0
0.000412 -0.000439 2177.0
0.000412 -0.000439 2178.0
0.000412 -0.000439 2179.0
0.000412 -0.000439 2180.0
0.000412 -0.000439 2181.0
0.000412 -0.000439 2182.0
0.000412 -0.000439 2183.0
0.000412 -0.000439 2184.0
0.000412 -0.000439 2185.0
0.000412 -0.000439 2186.0
0.000412 -0.000439 2187.0
0.000412 -0.000439 2188.0
0.000412 -0.000439 2189.0
0.000412 -0.000439 2190.0
0.000412 -0.000439 2191.0
0.000412 -0.000439 2192.0
0.000412 -0.000439 2193.0
0.000412 -0.000439 2194.0
0.000412 -0.000439 2195.0
0.000412 -0.000439 2196.0
0.000412 -0.000439 2197.0
0.000412 -0.000439 2198.0
0.000412 -0.000439 2199.0
0.000412 -0.000438 2200.0
0.000412 -0.000438 2201.0
0.000412 -0.000438 2202.0
0.000412 -0.000438 2203.0
0.000412 -0.000438 2204.0
0.000412 -0.000438 2205.0
0.000412 -0.000438 2206.0
0.000412 -0.000438 2207.0
0.000412 -0.000438 2208.0
0.000412 -0.000438 2209.0
0.000412 -0.000438 2210.0
0.000412 -0.000438 2211.0
0.000412 -0.000438 2212.0
0.000412 -0.000438 2213.0
0.000412 -0.000438 2214.0
0.000412 -0.000438 2215.0
0.000412 -0.000438 2216.0
0.000412 -0.000438 2217.0
0.000412 -0.000438 2218.0
0.000412 -0.000438 2219.0
0.000412 -0.000438 2220.0
0.000412 -0.000438 2221.0
0.000412 -0.000438 2222.0
0.000412 -0.000438 2223.0
0.000412 -0.000438 2224.0
0.000412 -0.000438 2225.0
0.000412 -0.000438 2226.0
0.000412 -0.000438 2227.0
0.000412 -0.000438 2228.0
0.000412 -0.000437 2229.0
0.000412 -0.000437 2230.0
0.000412 -0.000437 2231.0
0.000412 -0.000437 2232.0
0.000412 -0.000437 2233.0
0.000412 -0.000437 2234.0
0.000412 -0.000437 2235.0
0.000412 -0.000437 2236.0
0.000412 -0.000437 2237.0
0.000412 -0.000437 2238.0
0.000412 -0.000437 2239.0
0.000412 -0.000437 2240.0
0.000412 -0.000437 2241.0
0.000412 -0.000437 2242.0
0.000412 -0.000437 2243.0
0.000412 -0.000437 2244.0
0.000412 -0.000437 2245.0
0.000412 -0.000437 2246.0
0.000412 -0.000437 2247.0
0.000412 -0.000437 2248.0
0.000412 -0.000437 2249.0
0.000412 -0.000437 2250.0
0.000412 -0.000437 2251.0
0.000413 -0.000437 2252.0
0.000413 -0.000437 2253.0
0.000413 -0.000437 2254.0
0.000413 -0.000437 2255.0
0.000413 -0.000437 2256.0
0.000413 -0.000437 2257.0
0.000413 -0.000437 2258.0
0.000413 -0.000436 2259.0
0.000413 -0.000436 2260.0
0.000413 -0.000436 2261.0
0.000413 -0.000436 2262.0
0.000413 -0.000436 2263.0
0.000413 -0.000436 2264.0
0.000413 -0.000436 2265.0
0.000413 -0.000436 2266.0
0.000413 -0.000436 2267.0
0.000413 -0.000436 2268.0
0.000413 -0.000436 2269.0
0.000413 -0.000436 2270.0
0.000413 -0.000436 2271.0
0.000413 -0.000436 2272.0
0.000413 -0.000436 2273.0
0.000413 -0.000436 2274.0
0.000413 -0.000436 2275.0
0.000413 -0.000436 2276.0
0.000413 -0.000436 2277.0
0.000413 -0.000436 2278.0
0.000413 -0.000436 2279.0
0.000413 -0.000436 2280.0
0.000413 -0.000436 2281.0
0.000413 -0.000436 2282.0
0.000413 -0.000436 2283.0
0.000413 -0.000436 2284.0
0.000413 -0.000436 2285.0
0.000413 -0.000436 2286.0
0.000413 -0.000436 2287.0
0.000413 -0.000435 2288.0
0.000413 -0.000435 2289.0
0.000413 -0.000435 2290.0
0.000413 -0.000435 2291.0
0.000413 -0.000435 2292.0
0.000413 -0.000435 2293.0
0.000413 -0.000435 2294.0
0.000413 -0.000435 2295.0
0.000413 -0.000435 2296.0
0.000413 -0.000435 2297.0
0.000413 -0.000435 2298.0
0.000413 -0.000435 2299.0
0.000413 -0.000435 2300.0
0.000413 -0.000435 2301.0
0.000413 -0.000435 2302.0
0.000413 -0.000435 2303.0
0.000413 -0.000435 2304.0
0.000413 -0.000435 2305.0
0.000413 -0.000435 2306.0
0.000413 -0.000435 2307.0
0.000413 -0.000435 2308.0
0.000413 -0.000435 2309.0
0.000413 -0.000435 2310.0
0.000413 -0.000435 2311.0
0.000413 -0.000435 2312.0
0.000413 -0.000435 2313.0
0.000413 -0.000435 2314.0
0.000413 -0.000435 2315.0
0.000413 -0.000435 2316.0
0.000413 -0.000435 2317.0
0.000413 -0.000434 2318.0
0.000413 -0.000434 2319.0
0.000413 -0.000434 2320.0
0.000413 -0.000434 2321.0
0.000413 -0.000434 2322.0
0.000413 -0.000434 2323.0
0.000413 -0.000434 2324.0
0.000413 -0.000434 2325.0
0.000413 -0.000434 2326.0
0.000413 -0.000434 2327.0
0.000414 -0.000434 2328.0
0.000414 -0.000434 2329.0
0.000414 -0.000434 2330.0
0.000414 -0.000434 2331.0
0.000414 -0.000434 2332.0
0.000414 -0.000434 2333.0
0.000414 -0.000434 2334.0
0.000414 -0.000434 2335.0
0.000414 -0.000434 2336.0
0.000414 -0.000434 2337.0
0.000414 -0.000434 2338.0
0.000414 -0.000434 2339.0
0.000414 -0.000434 2340.0
0.000414 -0.000434 2341.0
0.000414 -0.000434 2342.0
0.000414 -0.000434 2343.0
0.000414 -0.000434 2344.0
0.000414 -0.000434 2345.0
0.000414 -0.000434 2346.0
0.000414 -0.000433 2347.0
0.000414 -0.000433 2348.0
0.000414 -0.000433 2349.0
0.000414 -0.000433 2350.0
0.000414 -0.000433 2351.0
0.000414 -0.000433 2352.0
0.000414 -0.000433 2353.0
0.000414 -0.000433 2354.0
0.000414 -0.000433 2355.0
0.000414 -0.000433 2356.0
0.000414 -0.000433 2357.0
0.000414 -0.000433 2358.0
0.000414 -0.000433 2359.0
0.000414 -0.000433 2360.0
0.000414 -0.000433 2361.0
0.000414 -0.000433 2362.0
0.000414 -0.000433 2363.0
0.000414 -0.000433 2364.0
0.000414 -0.000433 2365.0
0.000414 -0.000433 2366.0
0.000414 -0.000433 2367.0
0.000414 -0.000433 2368.0
0.000414 -0.000433 2369.0
0.000414 -0.000433 2370.0
0.000414 -0.000433 2371.0
0.000414 -0.000433 2372.0
0.000414 -0.000433 2373.0
0.000414 -0.000433 2374.0
0.000414 -0.000433 2375.0
0.000414 -0.000432 2376.0
0.000414 -0.000432 2377.0
0.000414 -0.000432 2378.0
0.000414 -0.000432 2379.0
0.000414 -0.000432 2380.0
0.000414 -0.000432 2381.0
0.000414 -0.000432 2382.0
0.000414 -0.000432 2383.0
0.000414 -0.000432 2384.0
0.000414 -0.000432 2385.0
0.000414 -0.000432 2386.0
0.000414 -0.000432 2387.0
0.000414 -0.000432 2388.0
0.000414 -0.000432 2389.0
0.000414 -0.000432 2390.0
0.000414 -0.000432 2391.0
0.000414 -0.000432 2392.0
0.000414 -0.000432 2393.0
0.000414 -0.000432 2394.0
0.000414 -0.000432 2395.0
0.000414 -0.000432 2396.0
0.000414 -0.000432 2397.0
0.000414 -0.000432 2398.0
0.000414 -0.000432 2399.0
0.000414 -0.000432 2400.0
0.000414 -0.000432 2401.0
0.000414 -0.000432 2402.0
0.000415 -0.000432 2403.0
0.000415 -0.000432 2404.0
0.000415 -0.000432 2405.0
0.000415 -0.000431 2406.0
0.000415 -0.000431 2407.0
0.000415 -0.000431 2408.0
0.000415 -0.000431 2409.0
0.000415 -0.000431 2410.0
0.000415 -0.000431 2411.0
0.000415 -0.000431 2412.0
0.000415 -0.000431 2413.0
0.000415 -0.000431 2414.0
0.000415 -0.000431 2415.0
0.000415 -0.000431 2416.0
0.000415 -0.000431 2417.0
0.000415 -0.000431 2418.0
0.000415 -0.000431 2419.0
0.000415 -0.000431 2420.0
0.000415 -0.000431 2421.0
0.000415 -0.000431 2422.0
0.000415 -0.000431 2423.0
0.000415 -0.000431 2424.0
0.000415 -0.000431 2425.0
0.000415 -0.000431 2426.0
0.000415 -0.000431 2427.0
0.000415 -0.000431 2428.0
0.000415 -0.000431 2429.0
0.000415 -0.000431 2430.0
0.000415 -0.000431 2431.0
0.000415 -0.000431 2432.0
0.000415 -0.000431 2433.0
0.000415 -0.000431 2434.0
0.000415 -0.000430 2435.0
0.000415 -0.000430 2436.0
0.000415 -0.000430 2437.0
0.000415 -0.000430 2438.0
0.000415 -0.000430 2439.0
0.000415 -0.000430 2440.0
0.000415 -0.000430 2441.0
0.000415 -0.000430 2442.0
0.000415 -0.000430 2443.0
0.000415 -0.000430 2444.0
0.000415 -0.000430 2445.0
0.000415 -0.000430 2446.0
0.000415 -0.000430 2447.0
0.000415 -0.000430 2448.0
0.000415 -0.000430 2449.0
0.000415 -0.000430 2450.0
0.000415 -0.000430 2451.0
0.000415 -0.000430 2452.0
0.000415 -0.000430 2453.0
0.000415 -0.000430 2454.0
0.000415 -0.000430 2455.0
0.000415 -0.000430 2456.0
0.000415 -0.000430 2457.0
0.000415 -0.000430 2458.0
0.000415 -0.000430 2459.0
0.000415 -0.000430 2460.0
0.000415 -0.000430 2461.0
0.000415 -0.000430 2462.0
0.000415 -0.000430 2463.0
0.000415 -0.000429 2464.0
0.000415 -0.000429 2465.0
0.000415 -0.000429 2466.0
0.000415 -0.000429 2467.0
0.000415 -0.000429 2468.0
0.000415 -0.000429 2469.0
0.000415 -0.000429 2470.0
0.000415 -0.000429 2471.0
0.000415 -0.000429 2472.0
0.000415 -0.000429 2473.0
0.000415 -0.000429 2474.0
0.000415 -0.000429 2475.0
0.000415 -0.000429 2476.0
0.000415 -0.000429 2477.0
0.000415 -0.000429 2478.0
0.000416 -0.000429 2479.0
0.000416 -0.000429 2480.0
0.000416 -0.000429 2481.0
0.000416 -0.000429 2482.0
0.000416 -0.000429 2483.0
0.000416 -0.000429 2484.0
0.000416 -0.000429 2485.0
0.000416 -0.000429 2486.0
0.000416 -0.000429 2487.0
0.000416 -0.000429 2488.0
0.000416 -0.000429 2489.0
0.000416 -0.000429 2490.0
0.000416 -0.000429 2491.0
0.000416 -0.000429 2492.0
0.000416 -0.000429 2493.0
0.000416 -0.000428 2494.0
0.000416 -0.000428 2495.0
0.000416 -0.000428 2496.0
0.000416 -0.000428 2497.0
0.000416 -0.000428 2498.0
0.000416 -0.000428 2499.0
0.000416 -0.000428 2500.0
0.000416 -0.000428 2501.0
0.000416 -0.000428 2502.0
0.000416 -0.000428 2503.0
0.000416 -0.000428 2504.0
0.000416 -0.000428 2505.0
0.000416 -0.000428 2506.0
0.000416 -0.000428 2507.0
0.000416 -0.000428 2508.0
0.000416 -0.000428 2509.0
0.000416 -0.000428 2510.0
0.000416 -0.000428 2511.0
0.000416 -0.000428 2512.0
0.000416 -0.000428 2513.0
0.000416 -0.000428 2514.0
0.000416 -0.000428 2515.0
0.000416 -0.000428 2516.0
0.000416 -0.000428 2517.0
0.000416 -0.000428 2518.0
0.000416 -0.000428 2519.0
0.000416 -0.000428 2520.0
0.000416 -0.000428 2521.0
0.000416 -0.000428 2522.0
0.000416 -0.000427 2523.0
0.000416 -0.000427 2524.0
0.000416 -0.000427 2525.0
0.000416 -0.000427 2526.0
0.000416 -0.000427 2527.0
0.000416 -0.000427 2528.0
0.000416 -0.000427 2529.0
0.000416 -0.000427 2530.0
0.000416 -0.000427 2531.0
0.000416 -0.000427 2532.0
0.000416 -0.000427 2533.0
0.000416 -0.000427 2534.0
0.000416 -0.000427 2535.0
0.000416 -0.000427 2536.0
0.000416 -0.000427 2537.0
0.000416 -0.000427 2538.0
0.000416 -0.000427 2539.0
0.000416 -0.000427 2540.0
0.000416 -0.000427 2541.0
0.000416 -0.000427 2542.0
0.000416 -0.000427 2543.0
0.000416 -0.000427 2544.0
0.000416 -0.000427 2545.0
0.000416 -0.000427 2546.0
0.000416 -0.000427 2547.0
0.000416 -0.000427 2548.0
0.000416 -0.000427 2549.0
0.000416 -0.000427 2550.0
0.000416 -0.000427 2551.0
0.000416 -0.000426 2552.0
0.000416 -0.000426 2553.0
0.000416 -0.000426 2554.0
0.000417 -0.000426 2555.0
0.000417 -0.000426 2556.0
0.000417 -0.000426 2557.0
0.000417 -0.000426 2558.0
0.000417 -0.000426 2559.0
0.000417 -0.000426 2560.0
0.000417 -0.000426 2561.0
0.000417 -0.000426 2562.0
0.000417 -0.000426 2563.0
0.000417 -0.000426 2564.0
0.000417 -0.000426 2565.0
0.000417 -0.000426 2566.0
0.000417 -0.000426 2567.0
0.000417 -0.000426 2568.0
0.000417 -0.000426 2569.0
0.000417 -0.000426 2570.0
0.000417 -0.000426 2571.0
0.000417 -0.000426 2572.0
0.000417 -0.000426 2573.0
0.000417 -0.000426 2574.0
0.000417 -0.000426 2575.0
0.000417 -0.000426 2576.0
0.000417 -0.000426 2577.0
0.000417 -0.000426 2578.0
0.000417 -0.000426 2579.0
0.000417 -0.000426 2580.0
0.000417 -0.000426 2581.0
0.000417 -0.000425 2582.0
0.000417 -0.000425 2583.0
0.000417 -0.000425 2584.0
0.000417 -0.000425 2585.0
0.000417 -0.000425 2586.0
0.000417 -0.000425 2587.0
0.000417 -0.000425 2588.0
0.000417 -0.000425 2589.0
0.000417 -0.000425 2590.0
0.000417 -0.000425 2591.0
0.000417 -0.000425 2592.0
0.000417 -0.000425 2593.0
0.000417 -0.000425 2594.0
0.000417 -0.000425 2595.0
0.000417 -0.000425 2596.0
0.000417 -0.000425 2597.0
0.000417 -0.000425 2598.0
0.000417 -0.000425 2599.0
0.000417 -0.000425 2600.0
0.000417 -0.000425 2601.0
0.000417 -0.000425 2602.0
0.000417 -0.000425 2603.0
0.000417 -0.000425 2604.0
0.000417 -0.000425 2605.0
0.000417 -0.000425 2606.0
0.000417 -0.000425 2607.0
0.000417 -0.000425 2608.0
0.000417 -0.000425 2609.0
0.000417 -0.000425 2610.0
0.000417 -0.000424 2611.0
0.000417 -0.000424 2612.0
0.000417 -0.000424 2613.0
0.000417 -0.000424 2614.0
0.000417 -0.000424 2615.0
0.000417 -0.000424 2616.0
0.000417 -0.000424 2617.0
0.000417 -0.000424 2618.0
0.000417 -0.000424 2619.0
0.000417 -0.000424 2620.0
0.000417 -0.000424 2621.0
0.000417 -0.000424 2622.0
0.000417 -0.000424 2623.0
0.000417 -0.000424 2624.0
0.000417 -0.000424 2625.0
0.000417 -0.000424 2626.0
0.000417 -0.000424 2627.0
0.000417 -0.000424 2628.0
0.000417 -0.000424 2629.0
0.000418 -0.000424 2630.0
0.000418 -0.000424 2631.0
0.000418 -0.000424 2632.0
0.000418 -0.000424 2633.0
0.000418 -0.000424 2634.0
0.000418 -0.000424 2635.0
0.000418 -0.000424 2636.0
0.000418 -0.000424 2637.0
0.000418 -0.000424 2638.0
0.000418 -0.000424 2639.0
0.000418 -0.000423 2640.0
0.000418 -0.000423 2641.0
0.000418 -0.000423 2642.0
0.000418 -0.000423 2643.0
0.000418 -0.000423 2644.0
0.000418 -0.000423 2645.0
0.000418 -0.000423 2646.0
0.000418 -0.000423 2647.0
0.000418 -0.000423 2648.0
0.000418 -0.000423 2649.0
0.000418 -0.000423 2650.0
0.000418 -0.000423 2651.0
0.000418 -0.000423 2652.0
0.000418 -0.000423 2653.0
0.000418 -0.000423 2654.0
0.000418 -0.000423 2655.0
0.000418 -0.000423 2656.0
0.000418 -0.000423 2657.0
0.000418 -0.000423 2658.0
0.000418 -0.000423 2659.0
0.000418 -0.000423 2660.0
0.000418 -0.000423 2661.0
0.000418 -0.000423 2662.0
0.000418 -0.000423 2663.0
0.000418 -0.000423 2664.0
0.000418 -0.000423 2665.0
0.000418 -0.000423 2666.0
0.000418 -0.000423 2667.0
0.000418 -0.000423 2668.0
0.000418 -0.000423 2669.0
0.000418 -0.000422 2670.0
0.000418 -0.000422 2671.0
0.000418 -0.000422 2672.0
0.000418 -0.000422 2673.0
0.000418 -0.000422 2674.0
0.000418 -0.000422 2675.0
0.000418 -0.000422 2676.0
0.000418 -0.000422 2677.0
0.000418 -0.000422 2678.0
0.000418 -0.000422 2679.0
0.000418 -0.000422 2680.0
0.000418 -0.000422 2681.0
0.000418 -0.000422 2682.0
0.000418 -0.000422 2683.0
0.000418 -0.000422 2684.0
0.000418 -0.000422 2685.0
0.000418 -0.000422 2686.0
0.000418 -0.000422 2687.0
0.000418 -0.000422 2688.0
0.000418 -0.000422 2689.0
0.000418 -0.000422 2690.0
0.000418 -0.000422 2691.0
0.000418 -0.000422 2692.0
0.000418 -0.000422 2693.0
0.000418 -0.000422 2694.0
0.000418 -0.000422 2695.0
0.000418 -0.000422 2696.0
0.000418 -0.000422 2697.0
0.000418 -0.000422 2698.0
0.000418 -0.000421 2699.0
0.000418 -0.000421 2700.0
0.000418 -0.000421 2701.0
0.000418 -0.000421 2702.0
0.000418 -0.000421 2703.0
0.000418 -0.000421 2704.0
0.000418 -0.000421 2705.0
0.000419 -0.000421 2706.0
0.000419 -0.000421 2707.0
0.000419 -0.000421 2708.0
0.000419 -0.000421 2709.0
0.000419 -0.000421 2710.0
0.000419 -0.000421 2711.0
0.000419 -0.000421 2712.0
0.000419 -0.000421 2713.0
0.000419 -0.000421 2714.0
0.000419 -0.000421 2715.0
0.000419 -0.000421 2716.0
0.000419 -0.000421 2717.0
0.000419 -0.000421 2718.0
0.000419 -0.000421 2719.0
0.000419 -0.000421 2720.0
0.000419 -0.000421 2721.0
0.000419 -0.000421 2722.0
0.000419 -0.000421 2723.0
0.000419 -0.000421 2724.0
0.000419 -0.000421 2725.0
0.000419 -0.000421 2726.0
0.000419 -0.000421 2727.0
0.000419 -0.000421 2728.0
0.000419 -0.000420 2729.0
0.000419 -0.000420 2730.0
0.000419 -0.000420 2731.0
0.000419 -0.000420 2732.0
0.000419 -0.000420 2733.0
0.000419 -0.000420 2734.0
0.000419 -0.000420 2735.0
0.000419 -0.000420 2736.0
0.000419 -0.000420 2737.0
0.000419 -0.000420 2738.0
0.000419 -0.000420 2739.0
0.000419 -0.000420 2740.0
0.000419 -0.000420 2741.0
0.000419 -0.000420 2742.0
0.000419 -0.000420 2743.0
0.000419 -0.000420 2744.0
0.000419 -0.000420 2745.0
0.000419 -0.000420 2746.0
0.000419 -0.000420 2747.0
0.000419 -0.000420 2748.0
0.000419 -0.000420 2749.0
0.000419 -0.000420 2750.0
0.000419 -0.000420 2751.0
0.000419 -0.000420 2752.0
0.000419 -0.000420 2753.0
0.000419 -0.000420 2754.0
0.000419 -0.000420 2755.0
0.000419 -0.000420 2756.0
0.000419 -0.000420 2757.0
0.000419 -0.000419 2758.0
0.000419 -0.000419 2759.0
0.000419 -0.000419 2760.0
0.000419 -0.000419 2761.0
0.000419 -0.000419 2762.0
0.000419 -0.000419 2763.0
0.000419 -0.000419 2764.0
0.000419 -0.000419 2765.0
0.000419 -0.000419 2766.0
0.000419 -0.000419 2767.0
0.000419 -0.000419 2768.0
0.000419 -0.000419 2769.0
0.000419 -0.000419 2770.0
0.000419 -0.000419 2771.0
0.000419 -0.000419 2772.0
0.000419 -0.000419 2773.0
0.000419 -0.000419 2774.0
0.000419 -0.000419 2775.0
0.000419 -0.000419 2776.0
0.000419 -0.000419 2777.0
0.000419 -0.000419 2778.0
0.000419 -0.000419 2779.0
0.000419 -0.000419 2780.0
0.000419 -0.000419 2781.0
0.000420 -0.000419 2782.0
0.000420 -0.000419 2783.0
0.000420 -0.000419 2784.0
0.000420 -0.000419 2785.0
0.000420 -0.000419 2786.0
0.000420 -0.000418 2787.0
0.000420 -0.000418 2788.0
0.000420 -0.000418 2789.0
0.000420 -0.000418 2790.0
0.000420 -0.000418 2791.0
0.000420 -0.000418 2792.0
0.000420 -0.000418 2793.0
0.000420 -0.000418 2794.0
0.000420 -0.000418 2795.0
0.000420 -0.000418 2796.0
0.000420 -0.000418 2797.0
0.000420 -0.000418 2798.0
0.000420 -0.000418 2799.0
0.000420 -0.000418 2800.0
0.000420 -0.000418 2801.0
0.000420 -0.000418 2802.0
0.000420 -0.000418 2803.0
0.000420 -0.000418 2804.0
0.000420 -0.000418 2805.0
0.000420 -0.000418 2806.0
0.000420 -0.000418 2807.0
0.000420 -0.000418 2808.0
0.000420 -0.000418 2809.0
0.000420 -0.000418 2810.0
0.000420 -0.000418 2811.0
0.000420 -0.000418 2812.0
0.000420 -0.000418 2813.0
0.000420 -0.000418 2814.0
0.000420 -0.000418 2815.0
0.000420 -0.000418 2816.0
0.000420 -0.000417 2817.0
0.000420 -0.000417 2818.0
0.000420 -0.000417 2819.0
0.000420 -0.000417 2820.0
0.000420 -0.000417 2821.0
0.000420 -0.000417 2822.0
0.000420 -0.000417 2823.0
0.000420 -0.000417 2824.0
0.000420 -0.000417 2825.0
0.000420 -0.000417 2826.0
0.000420 -0.000417 2827.0
0.000420 -0.000417 2828.0
0.000420 -0.000417 2829.0
0.000420 -0.000417 2830.0
0.000420 -0.000417 2831.0
0.000420 -0.000417 2832.0
0.000420 -0.000417 2833.0
0.000420 -0.000417 2834.0
0.000420 -0.000417 2835.0
0.000420 -0.000417 2836.0
0.000420 -0.000417 2837.0
0.000420 -0.000417 2838.0
0.000420 -0.000417 2839.0
0.000420 -0.000417 2840.0
0.000420 -0.000417 2841.0
0.000420 -0.000417 2842.0
0.000420 -0.000417 2843.0
0.000420 -0.000417 2844.0
0.000420 -0.000417 2845.0
0.000420 -0.000416 2846.0
0.000420 -0.000416 2847.0
0.000420 -0.000416 2848.0
0.000422 -0.000418 2849.0
0.000422 -0.000418 2850.0
0.000422 -0.000418 2851.0
0.000422 -0.000418 2852.0
0.000422 -0.000418 2853.0
0.000422 -0.000418 2854.0
0.000422 -0.000418 2855.0
0.000422 -0.000418 2856.0
0.000422 -0.000418 2857.0
0.000422 -0.000418 2858.0
0.000422 -0.000418 2859.0
0.000422 -0.000418 2860.0
0.000422 -0.000418 2861.0
0.000422 -0.000418 2862.0
0.000422 -0.000418 2863.0
0.000422 -0.000418 2864.0
0.000422 -0.000418 2865.0
0.000422 -0.000418 2866.0
0.000422 -0.000418 2867.0
0.000422 -0.000418 2868.0
0.000422 -0.000418 2869.0
0.000422 -0.000418 2870.0
0.000422 -0.000418 2871.0
0.000422 -0.000418 2872.0
0.000422 -0.000418 2873.0
0.000422 -0.000418 2874.0
0.000422 -0.000418 2875.0
0.000422 -0.000418 2876.0
0.000422 -0.000418 2877.0
0.000422 -0.000418 2878.0
0.000422 -0.000418 2879.0
0.000422 -0.000418 2880.0
0.000422 -0.000418 2881.0
0.000422 -0.000418 2882.0
0.000422 -0.000418 2883.0
0.000422 -0.000418 2884.0
0.000422 -0.000418 2885.0
0.000422 -0.000418 2886.0
0.000422 -0.000418 2887.0
0.000422 -0.000418 2888.0
0.000422 -0.000418 2889.0
0.000422 -0.000418 2890.0
0.000422 -0.000418 2891.0
0.000422 -0.000418 2892.0
0.000422 -0.000418 2893.0
0.000422 -0.000418 2894.0
0.000422 -0.000418 2895.0
0.000422 -0.000418 2896.0
0.000422 -0.000418 2897.0
0.000422 -0.000418 2898.0
0.000422 -0.000418 2899.0
0.000422 -0.000418 2900.0
0.000422 -0.000418 2901.0
0.000422 -0.000418 2902.0
0.000422 -0.000418 2903.0
0.000422 -0.000418 2904.0
0.000422 -0.000418 2905.0
0.000422 -0.000418 2906.0
0.000422 -0.000418 2907.0
0.000422 -0.000418 2908.0
0.000422 -0.000418 2909.0
0.000422 -0.000418 2910.0
0.000422 -0.000418 2911.0
0.000422 -0.000418 2912.0
0.000422 -0.000418 2913.0
0.000422 -0.000418 2914.0
0.000422 -0.000418 2915.0
0.000422 -0.000418 2916.0
0.000422 -0.000418 2917.0
0.000422 -0.000418 2918.0
0.000422 -0.000418 2919.0
0.000422 -0.000418 2920.0
0.000422 -0.000418 2921.0
0.000422 -0.000418 2922.0
0.000422 -0.000418 2923.0
0.000422 -0.000418 2924.0
0.000422 -0.000418 2925.0
0.000422 -0.000418 2926.0
0.000422 -0.000418 2927.0
0.000423 -0.000418 2928.0
0.000423 -0.000418 2929.0
0.000423 -0.000418 2930.0
0.000423 -0.000418 2931.0
0.000423 -0.000418 2932.0
0.000423 -0.000418 2933.0
0.000423 -0.000418 2934.0
0.000423 -0.000418 2935.0
0.000423 -0.000418 2936.0
0.000423 -0.000418 2937.0
0.000423 -0.000418 2938.0
0.000423 -0.000418 2939.0
0.000423 -0.000418 2940.0
0.000423 -0.000418 2941.0
0.000423 -0.000418 2942.0
0.000423 -0.000418 2943.0
0.000423 -0.000418 2944.0
0.000423 -0.000418 2945.0
0.000423 -0.000418 2946.0
0.000423 -0.000418 2947.0
0.000423 -0.000418 2948.0
0.000423 -0.000418 2949.0
0.000423 -0.000418 2950.0
0.000423 -0.000418 2951.0
0.000423 -0.000418 2952.0
0.000423 -0.000418 2953.0
0.000423 -0.000418 2954.0
0.000423 -0.000418 2955.0
0.000423 -0.000418 2956.0
0.000423 -0.000418 2957.0
0.000423 -0.000418 2958.0
0.000423 -0.000418 2959.0
0.000423 -0.000418 2960.0
0.000423 -0.000418 2961.0
0.000423 -0.000418 2962.0
0.000423 -0.000418 2963.0
0.000423 -0.000418 2964.0
0.000423 -0.000418 2965.0
0.000423 -0.000418 2966.0
0.000423 -0.000418 2967.0
0.000423 -0.000418 2968.0
0.000423 -0.000418 2969.0
0.000423 -0.000418 2970.0
0.000423 -0.000418 2971.0
0.000423 -0.000418 2972.0
0.000423 -0.000418 2973.0
0.000423 -0.000418 2974.0
0.000423 -0.000418 2975.0
0.000423 -0.000418 2976.0
0.000423 -0.000418 2977.0
0.000423 -0.000418 2978.0
0.000423 -0.000418 2979.0
0.000423 -0.000418 2980.0
0.000423 -0.000418 2981.0
0.000423 -0.000418 2982.0
0.000423 -0.000418 2983.0
0.000423 -0.000418 2984.0
0.000423 -0.000418 2985.0
0.000423 -0.000418 2986.0
0.000423 -0.000418 2987.0
0.000423 -0.000418 2988.0
0.000423 -0.000418 2989.0
0.000423 -0.000418 2990.0
0.000423 -0.000418 2991.0
0.000423 -0.000418 2992.0
0.000423 -0.000418 2993.0
0.000423 -0.000418 2994.0
0.000423 -0.000418 2995.0
0.000423 -0.000418 2996.0
0.000423 -0.000418 2997.0
0.000423 -0.000418 2998.0
0.000423 -0.000418 2999.0
0.000423 -0.000418 3000.0
0.000423 -0.000418 3001.0
0.000423 -0.000418 3002.0
0.000423 -0.000418 3003.0
0.000423 -0.000418 3004.0
0.000423 -0.000418 3005.0
0.000423 -0.000418 3006.0
0.000423 -0.000418 3007.0
0.000423 -0.000418 3008.0
0.000423 -0.000418 3009.0
0.000423 -0.000418 3010.0
0.000423 -0.000418 3011.0
0.000423 -0.000418 3012.0
0.000423 -0.000418 3013.0
0.000423 -0.000418 3014.0
0.000423 -0.000418 3015.0
0.000423 -0.000418 3016.0
0.000423 -0.000418 3017.0
0.000423 -0.000418 3018.0
0.000423 -0.000418 3019.0
0.000423 -0.000418 3020.0
0.000423 -0.000418 3021.0
0.000423 -0.000418 3022.0
0.000423 -0.000418 3023.0
0.000423 -0.000418 3024.0
0.000423 -0.000418 3025.0
0.000423 -0.000418 3026.0
0.000423 -0.000418 3027.0
0.000423 -0.000418 3028.0
0.000423 -0.000418 3029.0
0.000423 -0.000418 3030.0
0.000423 -0.000418 3031.0
0.000423 -0.000418 3032.0
0.000423 -0.000418 3033.0
0.000423 -0.000418 3034.0
0.000423 -0.000418 3035.0
0.000423 -0.000418 3036.0
0.000423 -0.000418 3037.0
0.000423 -0.000418 3038.0
0.000423 -0.000418 3039.0
0.000423 -0.000418 3040.0
0.000423 -0.000418 3041.0
0.000423 -0.000418 3042.0
0.000423 -0.000418 3043.0
0.000423 -0.000418 3044.0
0.000423 -0.000418 3045.0
0.000423 -0.000418 3046.0
0.000423 -0.000418 3047.0
0.000423 -0.000418 3048.0
0.000423 -0.000418 3049.0
0.000423 -0.000418 3050.0
0.000423 -0.000418 3051.0
0.000423 -0.000418 3052.0
0.000423 -0.000418 3053.0
0.000423 -0.000418 3054.0
0.000423 -0.000418 3055.0
0.000423 -0.000418 3056.0
0.000423 -0.000418 3057.0
0.000423 -0.000418 3058.0
0.000423 -0.000418 3059.0
0.000423 -0.000418 3060.0
0.000423 -0.000418 3061.0
0.000423 -0.000418 3062.0
0.000423 -0.000418 3063.0
0.000423 -0.000418 3064.0
0.000423 -0.000418 3065.0
0.000423 -0.000418 3066.0
0.000423 -0.000418 3067.0
0.000423 -0.000418 3068.0
0.000423 -0.000418 3069.0
0.000423 -0.000418 3070.0
0.000423 -0.000418 3071.0
0.000423 -0.000418 3072.0
0.000423 -0.000418 3073.0
0.000423 -0.000418 3074.0
0.000423 -0.000418 3075.0
0.000423 -0.000418 3076.0
0.000423 -0.000418 3077.0
0.000423 -0.000418 3078.0
0.000423 -0.000418 3079.0
0.000423 -0.000418 3080.0
0.000423 -0.000418 3081.0
0.000423 -0.000418 3082.0
0.000423 -0.000418 3083.0
0.000423 -0.000418 3084.0
0.000423 -0.000418 3085.0
0.000423 -0.000418 3086.0
0.000423 -0.000418 3087.0
0.000423 -0.000418 3088.0
0.000423 -0.000418 3089.0
0.000423 -0.000418 3090.0
0.000423 -0.000418 3091.0
0.000423 -0.000418 3092.0
0.000423 -0.000418 3093.0
0.000423 -0.000418 3094.0
0.000423 -0.000418 3095.0
0.000423 -0.000418 3096.0
0.000423 -0.000418 3097.0
0.000423 -0.000418 3098.0
0.000423 -0.000418 3099.0
0.000423 -0.000418 3100.0
0.000423 -0.000418 3101.0
0.000423 -0.000418 3102.0
0.000423 -0.000418 3103.0
0.000423 -0.000418 3104.0
0.000423 -0.000418 3105.0
0.000423 -0.000418 3106.0
0.000423 -0.000418 3107.0
0.000423 -0.000418 3108.0
0.000423 -0.000418 3109.0
0.000423 -0.000418 3110.0
0.000423 -0.000418 3111.0
0.000423 -0.000418 3112.0
0.000423 -0.000418 3113.0
0.000423 -0.000418 3114.0
0.000423 -0.000418 3115.0
0.000423 -0.000418 3116.0
0.000423 -0.000418 3117.0
0.000423 -0.000418 3118.0
0.000423 -0.000418 3119.0
0.000423 -0.000418 3120.0
0.000423 -0.000418 3121.0
0.000423 -0.000418 3122.0
0.000423 -0.000418 3123.0
0.000423 -0.000418 3124.0
0.000423 -0.000418 3125.0
0.000423 -0.000418 3126.0
0.000423 -0.000418 3127.0
0.000423 -0.000418 3128.0
0.000423 -0.000418 3129.0
0.000423 -0.000418 3130.0
0.000423 -0.000418 3131.0
0.000423 -0.000418 3132.0
0.000423 -0.000418 3133.0
0.000423 -0.000418 3134.0
0.000423 -0.000418 3135.0
0.000423 -0.000418 3136.0
0.000423 -0.000418 3137.0
0.000423 -0.000418 3138.0
0.000423 -0.000418 3139.0
0.000423 -0.000418 3140.0
0.000423 -0.000418 3141.0
0.000423 -0.000418 3142.0
0.000423 -0.000418 3143.0
0.000423 -0.000418 3144.0
0.000423 -0.000418 3145.0
0.000423 -0.000418 3146.0
0.000423 -0.000418 3147.0
0.000423 -0.000418 3148.0
0.000423 -0.000418 3149.0
0.000423 -0.000418 3150.0
0.000423 -0.000418 3151.0
0.000423 -0.000418 3152.0
0.000423 -0.000418 3153.0
0.000423 -0.000418 3154.0
0.000423 -0.000418 3155.0
0.000423 -0.000418 3156.0
0.000423 -0.000418 3157.0
0.000423 -0.000418 3158.0
0.000423 -0.000418 3159.0
0.000423 -0.000418 3160.0
0.000423 -0.000418 3161.0
0.000423 -0.000418 3162.0
0.000423 -0.000418 3163.0
0.000423 -0.000418 3164.0
0.000423 -0.000418 3165.0
0.000423 -0.000418 3166.0
0.000423 -0.000418 3167.0
0.000423 -0.000418 3168.0
0.000423 -0.000418 3169.0
0.000423 -0.000418 3170.0
0.000423 -0.000418 3171.0
0.000423 -0.000418 3172.0
0.000423 -0.000418 3173.0
0.000423 -0.000418 3174.0
0.000423 -0.000418 3175.0
0.000423 -0.000418 3176.0
0.000423 -0.000418 3177.0
0.000423 -0.000418 3178.0
0.000423 -0.000418 3179.0
0.000423 -0.000418 3180.0
0.000423 -0.000418 3181.0
0.000423 -0.000418 3182.0
0.000423 -0.000418 3183.0
0.000423 -0.000418 3184.0
0.000423 -0.000418 3185.0
0.000423 -0.000418 3186.0
0.000423 -0.000418 3187.0
0.000423 -0.000418 3188.0
0.000423 -0.000418 3189.0
0.000423 -0.000418 3190.0
0.000423 -0.000418 3191.0
0.000423 -0.000418 3192.0
0.000423 -0.000418 3193.0
0.000423 -0.000418 3194.0
0.000423 -0.000418 3195.0
0.000423 -0.000418 3196.0
0.000423 -0.000418 3197.0
0.000423 -0.000418 3198.0
0.000423 -0.000418 3199.0
0.000423 -0.000418 3200.0
0.000423 -0.000418 3201.0
0.000423 -0.000418 3202.0
0.000423 -0.000418 3203.0
0.000423 -0.000418 3204.0
0.000423 -0.000418 3205.0
0.000423 -0.000418 3206.0
0.000423 -0.000418 3207.0
0.000423 -0.000418 3208.0
0.000423 -0.000418 3209.0
0.000423 -0.000418 3210.0
0.000423 -0.000418 3211.0
0.000423 -0.000418 3212.0
0.000423 -0.000418 3213.0
0.000423 -0.000418 3214.0
0.000423 -0.000418 3215.0
0.000423 -0.000418 3216.0
0.000423 -0.000418 3217.0
0.000423 -0.000418 3218.0
0.000423 -0.000418 3219.0
0.000423 -0.000418 3220.0
0.000423 -0.000418 3221.0
0.000423 -0.000418 3222.0
0.000423 -0.000418 3223.0
0.000423 -0.000418 3224.0
0.000423 -0.000418 3225.0
0.000423 -0.000418 3226.0
0.000423 -0.000418 3227.0
0.000423 -0.000418 3228.0
0.000423 -0.000418 3229.0
0.000423 -0.000418 3230.0
0.000423 -0.000418 3231.0
0.000423 -0.000418 3232.0
0.000423 -0.000418 3233.0
0.000423 -0.000418 3234.0
0.000423 -0.000418 3235.0
0.000423 -0.000418 3236.0
0.000423 -0.000418 3237.0
0.000423 -0.000418 3238.0
0.000423 -0.000418 3239.0
0.000423 -0.000418 3240.0
0.000423 -0.000418 3241.0
0.000423 -0.000418 3242.0
0.000423 -0.000418 3243.0
0.000423 -0.000418 3244.0
0.000423 -0.000418 3245.0
0.000423 -0.000418 3246.0
0.000423 -0.000418 3247.0
0.000423 -0.000418 3248.0
0.000423 -0.000418 3249.0
0.000423 -0.000418 3250.0
0.000423 -0.000418 3251.0
0.000423 -0.000418 3252.0
0.000423 -0.000418 3253.0
0.000423 -0.000418 3254.0
0.000423 -0.000418 3255.0
0.000423 -0.000418 3256.0
0.000423 -0.000418 3257.0
0.000423 -0.000418 3258.0
0.000423 -0.000418 3259.0
0.000423 -0.000418 3260.0
0.000423 -0.000418 3261.0
0.000423 -0.000418 3262.0
0.000423 -0.000418 3263.0
0.000423 -0.000418 3264.0
0.000423 -0.000418 3265.0
0.000423 -0.000418 3266.0
0.000423 -0.000418 3267.0
0.000423 -0.000418 3268.0
0.000423 -0.000418 3269.0
0.000423 -0.000418 3270.0
0.000423 -0.000418 3271.0
0.000423 -0.000418 3272.0
0.000423 -0.000418 3273.0
0.000423 -0.000418 3274.0
0.000423 -0.000418 3275.0
0.000423 -0.000418 3276.0
0.000423 -0.000418 3277.0
0.000423 -0.000418 3278.0
0.000423 -0.000418 3279.0
0.000423 -0.000418 3280.0
0.000423 -0.000418 3281.0
0.000423 -0.000418 3282.0
0.000423 -0.000418 3283.0
0.000423 -0.000418 3284.0
0.000423 -0.000418 3285.0
0.000423 -0.000418 3286.0
0.000423 -0.000418 3287.0
0.000423 -0.000418 3288.0
0.000423 -0.000418 3289.0
0.000423 -0.000418 3290.0
0.000423 -0.000418 3291.0
0.000423 -0.000418 3292.0
0.000423 -0.000418 3293.0
0.000423 -0.000418 3294.0
0.000423 -0.000418 3295.0
0.000423 -0.000418 3296.0
0.000423 -0.000418 3297.0
0.000423 -0.000418 3298.0
0.000423 -0.000418 3299.0
0.000423 -0.000418 3300.0
0.000423 -0.000418 3301.0
0.000423 -0.000418 3302.0
0.000423 -0.000418 3303.0
0.000423 -0.000418 3304.0
0.000423 -0.000418 3305.0
0.000423 -0.000418 3306.0
0.000423 -0.000418 3307.0
0.000423 -0.000418 3308.0
0.000423 -0.000418 3309.0
0.000423 -0.000418 3310.0
0.000423 -0.000418 3311.0
0.000423 -0.000418 3312.0
0.000423 -0.000418 3313.0
0.000423 -0.000418 3314.0
0.000423 -0.000418 3315.0
0.000423 -0.000418 3316.0
0.000423 -0.000418 3317.0
0.000423 -0.000418 3318.0
0.000423 -0.000418 3319.0
0.000423 -0.000418 3320.0
0.000423 -0.000418 3321.0
0.000423 -0.000418 3322.0
0.000423 -0.000418 3323.0
0.000423 -0.000418 3324.0
0.000423 -0.000418 3325.0
0.000423 -0.000418 3326.0
0.000423 -0.000418 3327.0
0.000423 -0.000418 3328.0
0.000423 -0.000418 3329.0
0.000423 -0.000418 3330.0
0.000423 -0.000418 3331.0
0.000423 -0.000418 3332.0
0.000423 -0.000418 3333.0
0.000423 -0.000418 3334.0
0.000423 -0.000418 3335.0
0.000423 -0.000418 3336.0
0.000423 -0.000418 3337.0
0.000423 -0.000418 3338.0
0.000423 -0.000418 3339.0
0.000423 -0.000418 3340.0
0.000423 -0.000418 3341.0
0.000423 -0.000418 3342.0
0.000423 -0.000418 3343.0
0.000423 -0.000418 3344.0
0.000423 -0.000418 3345.0
0.000423 -0.000418 3346.0
0.000423 -0.000418 3347.0
0.000423 -0.000418 3348.0
0.000423 -0.000418 3349.0
0.000423 -0.000418 3350.0
0.000423 -0.000418 3351.0
0.000423 -0.000418 3352.0
0.000423 -0.000418 3353.0
0.000423 -0.000418 3354.0
0.000423 -0.000418 3355.0
0.000423 -0.000418 3356.0
0.000423 -0.000418 3357.0
0.000423 -0.000418 3358.0
0.000423 -0.000418 3359.0
