0.000636 -0.000582 46.0
0.000636 -0.000581 47.0
0.000636 -0.000581 48.0
0.000636 -0.000580 49.0
0.000636 -0.000580 50.0
0.000636 -0.000579 51.0
0.000636 -0.000579 52.0
0.000636 -0.000578 53.0
0.000636 -0.000578 54.0
0.000636 -0.000577 55.0
0.000636 -0.000577 56.0
0.000636 -0.000576 57.0
0.000636 -0.000576 58.0
0.000636 -0.000575 59.0
0.000636 -0.000575 60.0
0.000636 -0.000574 61.0
0.000636 -0.000574 62.0
0.000636 -0.000573 63.0
0.000636 -0.000573 64.0
0.000636 -0.000572 65.0
0.000636 -0.000572 66.0
0.000636 -0.000571 67.0
0.000636 -0.000570 68.0
0.000636 -0.000570 69.0
0.000636 -0.000569 70.0
0.000636 -0.000569 71.0
0.000636 -0.000568 72.0
0.000636 -0.000568 73.0
0.000636 -0.000567 74.0
0.000636 -0.000567 75.0
0.000636 -0.000566 76.0
0.000636 -0.000566 77.0
0.000636 -0.000565 78.0
0.000637 -0.000565 79.0
0.000637 -0.000564 80.0
0.000637 -0.000564 81.0
0.000637 -0.000563 82.0
0.000637 -0.000563 83.0
0.000637 -0.000562 84.0
0.000637 -0.000562 85.0
0.000637 -0.000561 86.0
0.000637 -0.000561 87.0
0.000637 -0.000560 88.0
0.000637 -0.000560 89.0
0.000637 -0.000559 90.0
0.000637 -0.000559 91.0
0.000637 -0.000558 92.0
0.000637 -0.000558 93.0
0.000637 -0.000557 94.0
0.000637 -0.000556 95.0
0.000637 -0.000556 96.0
0.000637 -0.000555 97.0
0.000637 -0.000555 98.0
0.000637 -0.000554 99.0
0.000637 -0.000554 100.0
0.000637 -0.000553 101.0
0.000637 -0.000553 102.0
0.000637 -0.000552 103.0
0.000637 -0.000552 104.0
0.000637 -0.000551 105.0
0.000637 -0.000551 106.0
0.000637 -0.000550 107.0
0.000637 -0.000550 108.0
0.000638 -0.000550 109.0
0.000638 -0.000549 110.0
0.000638 -0.000549 111.0
0.000638 -0.000549 112.0
0.000639 -0.000548 113.0
0.000639 -0.000548 114.0
0.000639 -0.000548 115.0
0.000639 -0.000547 116.0
0.000639 -0.000547 117.0
0.000640 -0.000547 118.0
0.000640 -0.000547 119.0
0.000640 -0.000546 120.0
0.000640 -0.000546 121.0
0.000640 -0.000546 122.0
0.000641 -0.000545 123.0
0.000641 -0.000545 124.0
0.000641 -0.000545 125.0
0.000641 -0.000544 126.0
0.000641 -0.000544 127.0
0.000642 -0.000544 128.0
0.000642 -0.000543 129.0
0.000642 -0.000543 130.0
0.000642 -0.000543 131.0
0.000642 -0.000542 132.0
0.000643 -0.000542 133.0
0.000643 -0.000542 134.0
0.000643 -0.000541 135.0
0.000643 -0.000541 136.0
0.000643 -0.000541 137.0
0.000644 -0.000540 138.0
0.000644 -0.000540 139.0
0.000644 -0.000540 140.0
0.000644 -0.000539 141.0
0.000644 -0.000539 142.0
0.000645 -0.000539 143.0
0.000645 -0.000538 144.0
0.000645 -0.000538 145.0
0.000645 -0.000538 146.0
0.000646 -0.000537 147.0
0.000646 -0.000537 148.0
0.000646 -0.000537 149.0
0.000646 -0.000536 150.0
0.000646 -0.000536 151.0
0.000647 -0.000536 152.0
0.000647 -0.000535 153.0
0.000647 -0.000535 154.0
0.000647 -0.000535 155.0
0.000647 -0.000534 156.0
0.000648 -0.000534 157.0
0.000648 -0.000534 158.0
0.000648 -0.000534 159.0
0.000648 -0.000533 160.0
0.000648 -0.000533 161.0
0.000649 -0.000533 162.0
0.000649 -0.000532 163.0
0.000649 -0.000532 164.0
0.000649 -0.000532 165.0
0.000649 -0.000531 166.0
0.000650 -0.000531 167.0
0.000650 -0.000531 168.0
0.000650 -0.000530 169.0
0.000650 -0.000530 170.0
0.000652 -0.000532 171.0
0.000652 -0.000531 172.0
0.000653 -0.000531 173.0
0.000653 -0.000530 174.0
0.000654 -0.000529 175.0
0.000654 -0.000529 176.0
0.000654 -0.000528 177.0
0.000655 -0.000527 178.0
0.000655 -0.000527 179.0
0.000656 -0.000526 180.0
0.000656 -0.000525 181.0
0.000657 -0.000525 182.0
0.000657 -0.000524 183.0
0.000657 -0.000523 184.0
0.000658 -0.000523 185.0
0.000658 -0.000522 186.0
0.000659 -0.000521 187.0
0.000659 -0.000521 188.0
0.000660 -0.000520 189.0
0.000660 -0.000519 190.0
0.000660 -0.000519 191.0
0.000661 -0.000518 192.0
0.000661 -0.000517 193.0
0.000662 -0.000517 194.0
0.000662 -0.000516 195.0
0.000662 -0.000515 196.0
0.000663 -0.000515 197.0
0.000663 -0.000514 198.0
0.000664 -0.000513 199.0
0.000664 -0.000513 200.0
0.000665 -0.000512 201.0
0.000665 -0.000511 202.0
0.000665 -0.000511 203.0
0.000666 -0.000510 204.0
0.000666 -0.000510 205.0
0.000667 -0.000509 206.0
0.000667 -0.000508 207.0
0.000668 -0.000508 208.0
0.000668 -0.000507 209.0
0.000668 -0.000506 210.0
0.000669 -0.000506 211.0
0.000669 -0.000505 212.0
0.000670 -0.000504 213.0
0.000670 -0.000504 214.0
0.000670 -0.000503 215.0
0.000671 -0.000502 216.0
0.000671 -0.000502 217.0
0.000672 -0.000501 218.0
0.000672 -0.000500 219.0
0.000673 -0.000500 220.0
0.000673 -0.000499 221.0
0.000673 -0.000498 222.0
0.000674 -0.000498 223.0
0.000674 -0.000497 224.0
0.000675 -0.000496 225.0
0.000675 -0.000496 226.0
0.000678 -0.000499 227.0
0.000678 -0.000499 228.0
0.000679 -0.000499 229.0
0.000679 -0.000498 230.0
0.000679 -0.000498 231.0
0.000679 -0.000498 232.0
0.000679 -0.000497 233.0
0.000680 -0.000497 234.0
0.000680 -0.000497 235.0
0.000680 -0.000496 236.0
0.000680 -0.000496 237.0
0.000680 -0.000496 238.0
0.000681 -0.000495 239.0
0.000681 -0.000495 240.0
0.000681 -0.000495 241.0
0.000681 -0.000494 242.0
0.000681 -0.000494 243.0
0.000682 -0.000494 244.0
0.000682 -0.000494 245.0
0.000682 -0.000493 246.0
0.000682 -0.000493 247.0
0.000682 -0.000493 248.0
0.000683 -0.000492 249.0
0.000683 -0.000492 250.0
0.000683 -0.000492 251.0
0.000683 -0.000491 252.0
0.000683 -0.000491 253.0
0.000684 -0.000491 254.0
0.000684 -0.000490 255.0
0.000684 -0.000490 256.0
0.000684 -0.000490 257.0
0.000684 -0.000489 258.0
0.000685 -0.000489 259.0
0.000685 -0.000489 260.0
0.000685 -0.000488 261.0
0.000685 -0.000488 262.0
0.000685 -0.000488 263.0
0.000686 -0.000488 264.0
0.000686 -0.000487 265.0
0.000686 -0.000487 266.0
0.000686 -0.000487 267.0
0.000686 -0.000486 268.0
0.000687 -0.000486 269.0
0.000687 -0.000486 270.0
0.000687 -0.000485 271.0
0.000687 -0.000485 272.0
0.000687 -0.000485 273.0
0.000688 -0.000484 274.0
0.000688 -0.000484 275.0
0.000688 -0.000484 276.0
0.000688 -0.000483 277.0
0.000688 -0.000483 278.0
0.000689 -0.000483 279.0
0.000689 -0.000482 280.0
0.000689 -0.000482 281.0
0.000689 -0.000482 282.0
0.000689 -0.000481 283.0
0.000690 -0.000481 284.0
0.000690 -0.000481 285.0
0.000690 -0.000481 286.0
0.000690 -0.000480 287.0
0.000690 -0.000480 288.0
0.000691 -0.000480 289.0
0.000691 -0.000479 290.0
0.000692 -0.000481 291.0
0.000693 -0.000481 292.0
0.000693 -0.000480 293.0
0.000694 -0.000479 294.0
0.000694 -0.000479 295.0
0.000694 -0.000478 296.0
0.000695 -0.000477 297.0
0.000695 -0.000477 298.0
0.000695 -0.000476 299.0
0.000696 -0.000475 300.0
0.000696 -0.000475 301.0
0.000697 -0.000474 302.0
0.000697 -0.000473 303.0
0.000697 -0.000473 304.0
0.000698 -0.000472 305.0
0.000698 -0.000472 306.0
0.000699 -0.000471 307.0
0.000699 -0.000470 308.0
0.000699 -0.000470 309.0
0.000700 -0.000469 310.0
0.000700 -0.000468 311.0
0.000700 -0.000468 312.0
0.000701 -0.000467 313.0
0.000701 -0.000466 314.0
0.000702 -0.000466 315.0
0.000702 -0.000465 316.0
0.000702 -0.000464 317.0
0.000703 -0.000464 318.0
0.000703 -0.000463 319.0
0.000703 -0.000463 320.0
0.000704 -0.000462 321.0
0.000704 -0.000461 322.0
0.000705 -0.000461 323.0
0.000705 -0.000460 324.0
0.000705 -0.000459 325.0
0.000706 -0.000459 326.0
0.000706 -0.000458 327.0
0.000706 -0.000457 328.0
0.000707 -0.000457 329.0
0.000707 -0.000456 330.0
0.000708 -0.000455 331.0
0.000708 -0.000455 332.0
0.000708 -0.000454 333.0
0.000709 -0.000454 334.0
0.000709 -0.000453 335.0
0.000709 -0.000452 336.0
0.000710 -0.000452 337.0
0.000710 -0.000451 338.0
0.000711 -0.000450 339.0
0.000711 -0.000450 340.0
0.000711 -0.000449 341.0
0.000712 -0.000448 342.0
0.000712 -0.000448 343.0
0.000712 -0.000447 344.0
0.000713 -0.000446 345.0
0.000713 -0.000446 346.0
0.000714 -0.000445 347.0
0.000714 -0.000445 348.0
0.000714 -0.000444 349.0
0.000715 -0.000443 350.0
0.000715 -0.000443 351.0
0.000718 -0.000446 352.0
0.000719 -0.000445 353.0
0.000719 -0.000445 354.0
0.000719 -0.000444 355.0
0.000720 -0.000444 356.0
0.000720 -0.000443 357.0
0.000720 -0.000443 358.0
0.000721 -0.000442 359.0
0.000721 -0.000441 360.0
0.000721 -0.000441 361.0
0.000721 -0.000440 362.0
0.000722 -0.000440 363.0
0.000722 -0.000439 364.0
0.000722 -0.000439 365.0
0.000723 -0.000438 366.0
0.000723 -0.000437 367.0
0.000723 -0.000437 368.0
0.000724 -0.000436 369.0
0.000724 -0.000436 370.0
0.000724 -0.000435 371.0
0.000724 -0.000435 372.0
0.000725 -0.000434 373.0
0.000725 -0.000433 374.0
0.000725 -0.000433 375.0
0.000726 -0.000432 376.0
0.000726 -0.000432 377.0
0.000726 -0.000431 378.0
0.000727 -0.000431 379.0
0.000727 -0.000430 380.0
0.000727 -0.000430 381.0
0.000727 -0.000429 382.0
0.000728 -0.000428 383.0
0.000728 -0.000428 384.0
0.000728 -0.000427 385.0
0.000729 -0.000427 386.0
0.000729 -0.000426 387.0
0.000729 -0.000426 388.0
0.000730 -0.000425 389.0
0.000730 -0.000424 390.0
0.000730 -0.000424 391.0
0.000731 -0.000423 392.0
0.000731 -0.000423 393.0
0.000731 -0.000422 394.0
0.000731 -0.000422 395.0
0.000732 -0.000421 396.0
0.000732 -0.000420 397.0
0.000732 -0.000420 398.0
0.000733 -0.000419 399.0
0.000733 -0.000419 400.0
0.000733 -0.000418 401.0
0.000734 -0.000418 402.0
0.000734 -0.000417 403.0
0.000734 -0.000416 404.0
0.000734 -0.000416 405.0
0.000735 -0.000415 406.0
0.000735 -0.000415 407.0
0.000735 -0.000414 408.0
0.000738 -0.000417 409.0
0.000738 -0.000417 410.0
0.000738 -0.000417 411.0
0.000738 -0.000417 412.0
0.000738 -0.000417 413.0
0.000738 -0.000417 414.0
0.000738 -0.000418 415.0
0.000738 -0.000418 416.0
0.000738 -0.000418 417.0
0.000738 -0.000418 418.0
0.000738 -0.000418 419.0
0.000738 -0.000418 420.0
0.000738 -0.000419 421.0
0.000738 -0.000419 422.0
0.000738 -0.000419 423.0
0.000738 -0.000419 424.0
0.000738 -0.000419 425.0
0.000738 -0.000419 426.0
0.000738 -0.000420 427.0
0.000738 -0.000420 428.0
0.000738 -0.000420 429.0
0.000738 -0.000420 430.0
0.000738 -0.000420 431.0
0.000738 -0.000420 432.0
0.000738 -0.000421 433.0
0.000738 -0.000421 434.0
0.000738 -0.000421 435.0
0.000738 -0.000421 436.0
0.000739 -0.000421 437.0
0.000739 -0.000421 438.0
0.000739 -0.000421 439.0
0.000739 -0.000422 440.0
0.000739 -0.000422 441.0
0.000739 -0.000422 442.0
0.000738 -0.000422 443.0
0.000738 -0.000422 444.0
0.000738 -0.000423 445.0
0.000738 -0.000423 446.0
0.000738 -0.000424 447.0
0.000737 -0.000424 448.0
0.000737 -0.000424 449.0
0.000737 -0.000425 450.0
0.000737 -0.000425 451.0
0.000736 -0.000426 452.0
0.000736 -0.000426 453.0
0.000736 -0.000426 454.0
0.000736 -0.000427 455.0
0.000735 -0.000427 456.0
0.000735 -0.000428 457.0
0.000735 -0.000428 458.0
0.000735 -0.000428 459.0
0.000735 -0.000429 460.0
0.000734 -0.000429 461.0
0.000734 -0.000430 462.0
0.000734 -0.000430 463.0
0.000734 -0.000430 464.0
0.000733 -0.000431 465.0
0.000733 -0.000431 466.0
0.000733 -0.000432 467.0
0.000733 -0.000432 468.0
0.000732 -0.000432 469.0
0.000732 -0.000433 470.0
0.000732 -0.000433 471.0
0.000732 -0.000434 472.0
0.000731 -0.000434 473.0
0.000731 -0.000434 474.0
0.000731 -0.000435 475.0
0.000731 -0.000435 476.0
0.000731 -0.000436 477.0
0.000730 -0.000436 478.0
0.000730 -0.000436 479.0
0.000730 -0.000437 480.0
0.000730 -0.000437 481.0
0.000729 -0.000438 482.0
0.000729 -0.000438 483.0
0.000729 -0.000438 484.0
0.000729 -0.000439 485.0
0.000728 -0.000439 486.0
0.000728 -0.000440 487.0
0.000728 -0.000440 488.0
0.000728 -0.000440 489.0
0.000727 -0.000441 490.0
0.000727 -0.000441 491.0
0.000727 -0.000442 492.0
0.000727 -0.000442 493.0
0.000727 -0.000442 494.0
0.000726 -0.000443 495.0
0.000726 -0.000443 496.0
0.000726 -0.000444 497.0
0.000726 -0.000444 498.0
0.000725 -0.000444 499.0
0.000725 -0.000445 500.0
0.000725 -0.000445 501.0
0.000725 -0.000446 502.0
0.000724 -0.000446 503.0
0.000722 -0.000444 504.0
0.000722 -0.000445 505.0
0.000722 -0.000445 506.0
0.000721 -0.000446 507.0
0.000721 -0.000447 508.0
0.000720 -0.000447 509.0
0.000720 -0.000448 510.0
0.000719 -0.000449 511.0
0.000719 -0.000449 512.0
0.000719 -0.000450 513.0
0.000718 -0.000451 514.0
0.000718 -0.000452 515.0
0.000717 -0.000452 516.0
0.000717 -0.000453 517.0
0.000716 -0.000454 518.0
0.000716 -0.000454 519.0
0.000716 -0.000455 520.0
0.000715 -0.000456 521.0
0.000715 -0.000456 522.0
0.000714 -0.000457 523.0
0.000714 -0.000458 524.0
0.000713 -0.000458 525.0
0.000713 -0.000459 526.0
0.000713 -0.000460 527.0
0.000712 -0.000461 528.0
0.000712 -0.000461 529.0
0.000711 -0.000462 530.0
0.000711 -0.000463 531.0
0.000710 -0.000463 532.0
0.000710 -0.000464 533.0
0.000710 -0.000465 534.0
0.000709 -0.000465 535.0
0.000709 -0.000466 536.0
0.000708 -0.000467 537.0
0.000708 -0.000467 538.0
0.000707 -0.000468 539.0
0.000707 -0.000469 540.0
0.000707 -0.000469 541.0
0.000706 -0.000470 542.0
0.000706 -0.000471 543.0
0.000705 -0.000472 544.0
0.000705 -0.000472 545.0
0.000704 -0.000473 546.0
0.000704 -0.000474 547.0
0.000704 -0.000474 548.0
0.000703 -0.000475 549.0
0.000703 -0.000476 550.0
0.000702 -0.000476 551.0
0.000702 -0.000477 552.0
0.000701 -0.000478 553.0
0.000701 -0.000478 554.0
0.000701 -0.000479 555.0
0.000700 -0.000480 556.0
0.000700 -0.000480 557.0
0.000699 -0.000481 558.0
0.000699 -0.000482 559.0
0.000698 -0.000483 560.0
0.000698 -0.000483 561.0
0.000698 -0.000484 562.0
0.000697 -0.000485 563.0
0.000694 -0.000481 564.0
0.000694 -0.000481 565.0
0.000694 -0.000482 566.0
0.000693 -0.000482 567.0
0.000693 -0.000483 568.0
0.000693 -0.000483 569.0
0.000693 -0.000484 570.0
0.000693 -0.000484 571.0
0.000693 -0.000484 572.0
0.000693 -0.000485 573.0
0.000693 -0.000485 574.0
0.000693 -0.000486 575.0
0.000693 -0.000486 576.0
0.000693 -0.000487 577.0
0.000693 -0.000487 578.0
0.000693 -0.000488 579.0
0.000692 -0.000488 580.0
0.000692 -0.000489 581.0
0.000692 -0.000489 582.0
0.000692 -0.000489 583.0
0.000692 -0.000490 584.0
0.000692 -0.000490 585.0
0.000692 -0.000491 586.0
0.000692 -0.000491 587.0
0.000692 -0.000492 588.0
0.000692 -0.000492 589.0
0.000692 -0.000493 590.0
0.000692 -0.000493 591.0
0.000692 -0.000494 592.0
0.000691 -0.000494 593.0
0.000691 -0.000494 594.0
0.000691 -0.000495 595.0
0.000691 -0.000495 596.0
0.000691 -0.000496 597.0
0.000691 -0.000496 598.0
0.000691 -0.000497 599.0
0.000691 -0.000497 600.0
0.000691 -0.000498 601.0
0.000691 -0.000498 602.0
0.000691 -0.000499 603.0
0.000691 -0.000499 604.0
0.000690 -0.000499 605.0
0.000690 -0.000500 606.0
0.000690 -0.000500 607.0
0.000690 -0.000501 608.0
0.000690 -0.000501 609.0
0.000690 -0.000502 610.0
0.000690 -0.000502 611.0
0.000690 -0.000503 612.0
0.000690 -0.000503 613.0
0.000690 -0.000504 614.0
0.000690 -0.000504 615.0
0.000690 -0.000504 616.0
0.000690 -0.000505 617.0
0.000689 -0.000505 618.0
0.000689 -0.000506 619.0
0.000689 -0.000506 620.0
0.000689 -0.000507 621.0
0.000689 -0.000507 622.0
0.000689 -0.000508 623.0
0.000688 -0.000507 624.0
0.000688 -0.000508 625.0
0.000687 -0.000508 626.0
0.000687 -0.000509 627.0
0.000687 -0.000509 628.0
0.000687 -0.000510 629.0
0.000687 -0.000510 630.0
0.000686 -0.000511 631.0
0.000686 -0.000511 632.0
0.000686 -0.000512 633.0
0.000686 -0.000512 634.0
0.000685 -0.000512 635.0
0.000685 -0.000513 636.0
0.000685 -0.000513 637.0
0.000685 -0.000514 638.0
0.000684 -0.000514 639.0
0.000684 -0.000515 640.0
0.000684 -0.000515 641.0
0.000684 -0.000516 642.0
0.000683 -0.000516 643.0
0.000683 -0.000517 644.0
0.000683 -0.000517 645.0
0.000683 -0.000518 646.0
0.000682 -0.000518 647.0
0.000682 -0.000519 648.0
0.000682 -0.000519 649.0
0.000682 -0.000520 650.0
0.000681 -0.000520 651.0
0.000681 -0.000520 652.0
0.000681 -0.000521 653.0
0.000681 -0.000521 654.0
0.000680 -0.000522 655.0
0.000680 -0.000522 656.0
0.000680 -0.000523 657.0
0.000680 -0.000523 658.0
0.000679 -0.000524 659.0
0.000679 -0.000524 660.0
0.000679 -0.000525 661.0
0.000679 -0.000525 662.0
0.000678 -0.000526 663.0
0.000678 -0.000526 664.0
0.000678 -0.000527 665.0
0.000678 -0.000527 666.0
0.000678 -0.000527 667.0
0.000677 -0.000528 668.0
0.000677 -0.000528 669.0
0.000677 -0.000529 670.0
0.000677 -0.000529 671.0
0.000676 -0.000530 672.0
0.000676 -0.000530 673.0
0.000676 -0.000531 674.0
0.000676 -0.000531 675.0
0.000675 -0.000532 676.0
0.000675 -0.000532 677.0
0.000675 -0.000533 678.0
0.000675 -0.000533 679.0
0.000674 -0.000534 680.0
0.000674 -0.000534 681.0
0.000674 -0.000534 682.0
0.000674 -0.000535 683.0
0.000673 -0.000535 684.0
0.000671 -0.000533 685.0
0.000671 -0.000534 686.0
0.000671 -0.000534 687.0
0.000670 -0.000535 688.0
0.000670 -0.000535 689.0
0.000670 -0.000535 690.0
0.000669 -0.000536 691.0
0.000669 -0.000536 692.0
0.000669 -0.000537 693.0
0.000669 -0.000537 694.0
0.000668 -0.000537 695.0
0.000668 -0.000538 696.0
0.000668 -0.000538 697.0
0.000668 -0.000539 698.0
0.000667 -0.000539 699.0
0.000667 -0.000540 700.0
0.000667 -0.000540 701.0
0.000667 -0.000540 702.0
0.000666 -0.000541 703.0
0.000666 -0.000541 704.0
0.000666 -0.000542 705.0
0.000666 -0.000542 706.0
0.000665 -0.000542 707.0
0.000665 -0.000543 708.0
0.000665 -0.000543 709.0
0.000665 -0.000544 710.0
0.000664 -0.000544 711.0
0.000664 -0.000545 712.0
0.000664 -0.000545 713.0
0.000664 -0.000545 714.0
0.000663 -0.000546 715.0
0.000663 -0.000546 716.0
0.000663 -0.000547 717.0
0.000663 -0.000547 718.0
0.000662 -0.000547 719.0
0.000662 -0.000548 720.0
0.000662 -0.000548 721.0
0.000661 -0.000549 722.0
0.000661 -0.000549 723.0
0.000661 -0.000550 724.0
0.000661 -0.000550 725.0
0.000660 -0.000550 726.0
0.000660 -0.000551 727.0
0.000660 -0.000551 728.0
0.000660 -0.000552 729.0
0.000659 -0.000552 730.0
0.000659 -0.000552 731.0
0.000659 -0.000553 732.0
0.000659 -0.000553 733.0
0.000658 -0.000554 734.0
0.000658 -0.000554 735.0
0.000658 -0.000555 736.0
0.000658 -0.000555 737.0
0.000657 -0.000555 738.0
0.000657 -0.000556 739.0
0.000657 -0.000556 740.0
0.000657 -0.000557 741.0
0.000656 -0.000557 742.0
0.000656 -0.000557 743.0
0.000656 -0.000558 744.0
0.000656 -0.000558 745.0
0.000655 -0.000559 746.0
0.000655 -0.000559 747.0
0.000655 -0.000559 748.0
0.000654 -0.000560 749.0
0.000654 -0.000560 750.0
0.000654 -0.000561 751.0
0.000654 -0.000561 752.0
0.000653 -0.000562 753.0
0.000653 -0.000562 754.0
0.000653 -0.000562 755.0
0.000653 -0.000563 756.0
0.000652 -0.000563 757.0
0.000652 -0.000564 758.0
0.000652 -0.000564 759.0
0.000652 -0.000564 760.0
0.000651 -0.000565 761.0
0.000651 -0.000565 762.0
0.000651 -0.000566 763.0
0.000651 -0.000566 764.0
0.000650 -0.000567 765.0
0.000650 -0.000567 766.0
0.000650 -0.000567 767.0
0.000650 -0.000568 768.0
0.000649 -0.000568 769.0
0.000649 -0.000569 770.0
0.000649 -0.000569 771.0
0.000649 -0.000569 772.0
0.000648 -0.000570 773.0
0.000648 -0.000570 774.0
0.000648 -0.000571 775.0
0.000647 -0.000571 776.0
0.000647 -0.000572 777.0
0.000647 -0.000572 778.0
0.000647 -0.000572 779.0
0.000646 -0.000573 780.0
0.000646 -0.000573 781.0
0.000646 -0.000574 782.0
0.000646 -0.000574 783.0
0.000645 -0.000574 784.0
0.000645 -0.000575 785.0
0.000645 -0.000575 786.0
0.000645 -0.000576 787.0
0.000644 -0.000576 788.0
0.000644 -0.000577 789.0
0.000644 -0.000577 790.0
0.000644 -0.000577 791.0
0.000643 -0.000578 792.0
0.000643 -0.000578 793.0
0.000643 -0.000579 794.0
0.000643 -0.000579 795.0
0.000642 -0.000579 796.0
0.000642 -0.000580 797.0
0.000642 -0.000580 798.0
0.000642 -0.000581 799.0
0.000641 -0.000581 800.0
0.000641 -0.000582 801.0
0.000641 -0.000582 802.0
0.000641 -0.000582 803.0
0.000640 -0.000583 804.0
0.000640 -0.000583 805.0
0.000640 -0.000584 806.0
0.000639 -0.000584 807.0
0.000639 -0.000584 808.0
0.000635 -0.000580 809.0
0.000635 -0.000580 810.0
0.000635 -0.000580 811.0
0.000635 -0.000581 812.0
0.000636 -0.000581 813.0
0.000636 -0.000582 814.0
0.000636 -0.000582 815.0
0.000636 -0.000582 816.0
0.000637 -0.000583 817.0
0.000637 -0.000583 818.0
0.000637 -0.000583 819.0
0.000637 -0.000584 820.0
0.000637 -0.000584 821.0
0.000638 -0.000585 822.0
0.000638 -0.000585 823.0
0.000638 -0.000585 824.0
0.000638 -0.000586 825.0
0.000639 -0.000586 826.0
0.000639 -0.000586 827.0
0.000639 -0.000587 828.0
0.000639 -0.000587 829.0
0.000639 -0.000588 830.0
0.000640 -0.000588 831.0
0.000640 -0.000588 832.0
0.000640 -0.000589 833.0
0.000640 -0.000589 834.0
0.000641 -0.000589 835.0
0.000641 -0.000590 836.0
0.000641 -0.000590 837.0
0.000641 -0.000590 838.0
0.000641 -0.000591 839.0
0.000642 -0.000591 840.0
0.000642 -0.000592 841.0
0.000642 -0.000592 842.0
0.000642 -0.000592 843.0
0.000643 -0.000593 844.0
0.000643 -0.000593 845.0
0.000643 -0.000593 846.0
0.000643 -0.000594 847.0
0.000643 -0.000594 848.0
0.000644 -0.000595 849.0
0.000644 -0.000595 850.0
0.000644 -0.000595 851.0
0.000644 -0.000596 852.0
0.000645 -0.000596 853.0
0.000645 -0.000596 854.0
0.000645 -0.000597 855.0
0.000645 -0.000597 856.0
0.000647 -0.000596 857.0
0.000647 -0.000596 858.0
0.000647 -0.000596 859.0
0.000647 -0.000596 860.0
0.000647 -0.000595 861.0
0.000647 -0.000595 862.0
0.000647 -0.000595 863.0
0.000647 -0.000595 864.0
0.000647 -0.000595 865.0
0.000647 -0.000595 866.0
0.000647 -0.000595 867.0
0.000647 -0.000595 868.0
0.000647 -0.000595 869.0
0.000648 -0.000595 870.0
0.000648 -0.000595 871.0
0.000648 -0.000595 872.0
0.000648 -0.000595 873.0
0.000648 -0.000595 874.0
0.000648 -0.000595 875.0
0.000648 -0.000595 876.0
0.000648 -0.000595 877.0
0.000648 -0.000595 878.0
0.000648 -0.000595 879.0
0.000648 -0.000595 880.0
0.000648 -0.000595 881.0
0.000648 -0.000595 882.0
0.000648 -0.000595 883.0
0.000648 -0.000595 884.0
0.000648 -0.000595 885.0
0.000648 -0.000595 886.0
0.000648 -0.000595 887.0
0.000648 -0.000595 888.0
0.000648 -0.000595 889.0
0.000659 -0.000600 890.0
0.000660 -0.000599 891.0
0.000660 -0.000599 892.0
0.000660 -0.000599 893.0
0.000660 -0.000599 894.0
0.000660 -0.000599 895.0
0.000660 -0.000599 896.0
0.000660 -0.000599 897.0
0.000660 -0.000599 898.0
0.000660 -0.000599 899.0
0.000660 -0.000599 900.0
0.000660 -0.000599 901.0
0.000660 -0.000599 902.0
0.000660 -0.000599 903.0
0.000660 -0.000599 904.0
0.000660 -0.000599 905.0
0.000660 -0.000599 906.0
0.000660 -0.000599 907.0
0.000660 -0.000599 908.0
0.000660 -0.000599 909.0
0.000660 -0.000599 910.0
0.000660 -0.000599 911.0
0.000660 -0.000599 912.0
0.000660 -0.000599 913.0
0.000661 -0.000599 914.0
0.000661 -0.000599 915.0
0.000661 -0.000599 916.0
0.000661 -0.000599 917.0
0.000661 -0.000599 918.0
0.000661 -0.000599 919.0
0.000661 -0.000599 920.0
0.000661 -0.000599 921.0
0.000661 -0.000599 922.0
0.000661 -0.000599 923.0
0.000661 -0.000599 924.0
0.000661 -0.000599 925.0
0.000661 -0.000599 926.0
0.000661 -0.000599 927.0
0.000661 -0.000599 928.0
0.000661 -0.000599 929.0
0.000661 -0.000599 930.0
0.000662 -0.000599 931.0
0.000663 -0.000599 932.0
0.000663 -0.000599 933.0
0.000664 -0.000600 934.0
0.000665 -0.000600 935.0
0.000665 -0.000600 936.0
0.000666 -0.000600 937.0
0.000667 -0.000600 938.0
0.000667 -0.000600 939.0
0.000668 -0.000600 940.0
0.000669 -0.000600 941.0
0.000669 -0.000600 942.0
0.000670 -0.000601 943.0
0.000671 -0.000601 944.0
0.000671 -0.000601 945.0
0.000672 -0.000601 946.0
0.000673 -0.000601 947.0
0.000673 -0.000601 948.0
0.000674 -0.000601 949.0
0.000675 -0.000601 950.0
0.000675 -0.000601 951.0
0.000676 -0.000602 952.0
0.000677 -0.000602 953.0
0.000677 -0.000602 954.0
0.000678 -0.000602 955.0
0.000679 -0.000602 956.0
0.000679 -0.000602 957.0
0.000680 -0.000602 958.0
0.000681 -0.000602 959.0
0.000681 -0.000603 960.0
0.000682 -0.000603 961.0
0.000683 -0.000603 962.0
0.000683 -0.000603 963.0
0.000684 -0.000603 964.0
0.000685 -0.000603 965.0
0.000685 -0.000603 966.0
0.000686 -0.000603 967.0
0.000687 -0.000603 968.0
0.000687 -0.000604 969.0
0.000688 -0.000604 970.0
0.000689 -0.000604 971.0
0.000689 -0.000604 972.0
0.000690 -0.000604 973.0
0.000691 -0.000604 974.0
0.000691 -0.000604 975.0
0.000692 -0.000604 976.0
0.000693 -0.000604 977.0
0.000693 -0.000605 978.0
0.000694 -0.000605 979.0
0.000695 -0.000605 980.0
0.000695 -0.000605 981.0
0.000696 -0.000605 982.0
0.000697 -0.000605 983.0
0.000697 -0.000605 984.0
0.000698 -0.000605 985.0
0.000699 -0.000605 986.0
0.000699 -0.000606 987.0
0.000700 -0.000606 988.0
0.000701 -0.000606 989.0
0.000701 -0.000606 990.0
0.000702 -0.000606 991.0
0.000703 -0.000606 992.0
0.000703 -0.000606 993.0
0.000704 -0.000606 994.0
0.000705 -0.000607 995.0
0.000705 -0.000607 996.0
0.000706 -0.000607 997.0
0.000706 -0.000605 998.0
0.000706 -0.000605 999.0
0.000706 -0.000606 1000.0
0.000706 -0.000606 1001.0
0.000706 -0.000606 1002.0
0.000706 -0.000606 1003.0
0.000706 -0.000607 1004.0
0.000706 -0.000607 1005.0
0.000706 -0.000607 1006.0
0.000705 -0.000607 1007.0
0.000705 -0.000608 1008.0
0.000705 -0.000608 1009.0
0.000705 -0.000608 1010.0
0.000705 -0.000608 1011.0
0.000705 -0.000609 1012.0
0.000705 -0.000609 1013.0
0.000705 -0.000609 1014.0
0.000705 -0.000609 1015.0
0.000705 -0.000610 1016.0
0.000705 -0.000610 1017.0
0.000705 -0.000610 1018.0
0.000704 -0.000610 1019.0
0.000704 -0.000611 1020.0
0.000704 -0.000611 1021.0
0.000704 -0.000611 1022.0
0.000704 -0.000611 1023.0
0.000704 -0.000612 1024.0
0.000704 -0.000612 1025.0
0.000704 -0.000612 1026.0
0.000704 -0.000612 1027.0
0.000704 -0.000613 1028.0
0.000704 -0.000613 1029.0
0.000703 -0.000613 1030.0
0.000703 -0.000613 1031.0
0.000703 -0.000614 1032.0
0.000703 -0.000614 1033.0
0.000703 -0.000614 1034.0
0.000703 -0.000614 1035.0
0.000703 -0.000615 1036.0
0.000703 -0.000615 1037.0
0.000703 -0.000615 1038.0
0.000703 -0.000615 1039.0
0.000703 -0.000616 1040.0
0.000702 -0.000616 1041.0
0.000702 -0.000616 1042.0
0.000702 -0.000616 1043.0
0.000702 -0.000617 1044.0
0.000702 -0.000617 1045.0
0.000702 -0.000617 1046.0
0.000702 -0.000617 1047.0
0.000702 -0.000618 1048.0
0.000702 -0.000618 1049.0
0.000702 -0.000618 1050.0
0.000702 -0.000618 1051.0
0.000701 -0.000619 1052.0
0.000701 -0.000619 1053.0
0.000701 -0.000619 1054.0
0.000701 -0.000619 1055.0
0.000701 -0.000620 1056.0
0.000701 -0.000620 1057.0
0.000700 -0.000619 1058.0
0.000700 -0.000619 1059.0
0.000700 -0.000618 1060.0
0.000699 -0.000618 1061.0
0.000699 -0.000617 1062.0
0.000699 -0.000617 1063.0
0.000699 -0.000617 1064.0
0.000699 -0.000616 1065.0
0.000699 -0.000616 1066.0
0.000698 -0.000615 1067.0
0.000698 -0.000615 1068.0
0.000698 -0.000614 1069.0
0.000698 -0.000614 1070.0
0.000698 -0.000613 1071.0
0.000697 -0.000613 1072.0
0.000697 -0.000612 1073.0
0.000697 -0.000612 1074.0
0.000697 -0.000611 1075.0
0.000697 -0.000611 1076.0
0.000697 -0.000610 1077.0
0.000696 -0.000610 1078.0
0.000696 -0.000610 1079.0
0.000696 -0.000609 1080.0
0.000696 -0.000609 1081.0
0.000696 -0.000608 1082.0
0.000696 -0.000608 1083.0
0.000695 -0.000607 1084.0
0.000695 -0.000607 1085.0
0.000695 -0.000606 1086.0
0.000695 -0.000606 1087.0
0.000695 -0.000605 1088.0
0.000694 -0.000605 1089.0
0.000694 -0.000604 1090.0
0.000694 -0.000604 1091.0
0.000694 -0.000603 1092.0
0.000694 -0.000603 1093.0
0.000694 -0.000603 1094.0
0.000693 -0.000602 1095.0
0.000693 -0.000602 1096.0
0.000693 -0.000601 1097.0
0.000693 -0.000601 1098.0
0.000693 -0.000600 1099.0
0.000692 -0.000600 1100.0
0.000692 -0.000599 1101.0
0.000692 -0.000599 1102.0
0.000692 -0.000598 1103.0
0.000692 -0.000598 1104.0
0.000692 -0.000597 1105.0
0.000691 -0.000597 1106.0
0.000691 -0.000596 1107.0
0.000691 -0.000596 1108.0
0.000691 -0.000596 1109.0
0.000691 -0.000595 1110.0
0.000690 -0.000595 1111.0
0.000690 -0.000594 1112.0
0.000690 -0.000594 1113.0
0.000690 -0.000593 1114.0
0.000690 -0.000593 1115.0
0.000690 -0.000592 1116.0
0.000689 -0.000592 1117.0
0.000689 -0.000591 1118.0
0.000689 -0.000591 1119.0
0.000689 -0.000590 1120.0
0.000689 -0.000590 1121.0
0.000689 -0.000589 1122.0
0.000688 -0.000589 1123.0
0.000688 -0.000589 1124.0
0.000686 -0.000590 1125.0
0.000684 -0.000589 1126.0
0.000683 -0.000589 1127.0
0.000681 -0.000588 1128.0
0.000679 -0.000587 1129.0
0.000678 -0.000586 1130.0
0.000676 -0.000586 1131.0
0.000674 -0.000585 1132.0
0.000673 -0.000584 1133.0
0.000672 -0.000585 1134.0
0.000672 -0.000586 1135.0
0.000672 -0.000586 1136.0
0.000672 -0.000586 1137.0
0.000672 -0.000586 1138.0
0.000672 -0.000587 1139.0
0.000672 -0.000587 1140.0
0.000672 -0.000587 1141.0
0.000672 -0.000587 1142.0
0.000672 -0.000587 1143.0
0.000672 -0.000588 1144.0
0.000672 -0.000588 1145.0
0.000672 -0.000588 1146.0
0.000672 -0.000588 1147.0
0.000672 -0.000589 1148.0
0.000672 -0.000589 1149.0
0.000672 -0.000589 1150.0
0.000672 -0.000589 1151.0
0.000672 -0.000590 1152.0
0.000672 -0.000590 1153.0
0.000672 -0.000590 1154.0
0.000672 -0.000590 1155.0
0.000671 -0.000590 1156.0
0.000671 -0.000591 1157.0
0.000671 -0.000591 1158.0
0.000671 -0.000591 1159.0
0.000671 -0.000591 1160.0
0.000671 -0.000592 1161.0
0.000671 -0.000592 1162.0
0.000671 -0.000592 1163.0
0.000671 -0.000592 1164.0
0.000671 -0.000592 1165.0
0.000671 -0.000593 1166.0
0.000671 -0.000593 1167.0
0.000671 -0.000593 1168.0
0.000671 -0.000593 1169.0
0.000671 -0.000594 1170.0
0.000671 -0.000594 1171.0
0.000671 -0.000594 1172.0
0.000671 -0.000594 1173.0
0.000671 -0.000594 1174.0
0.000671 -0.000595 1175.0
0.000671 -0.000595 1176.0
0.000671 -0.000595 1177.0
0.000671 -0.000595 1178.0
0.000671 -0.000596 1179.0
0.000671 -0.000596 1180.0
0.000670 -0.000596 1181.0
0.000670 -0.000596 1182.0
0.000670 -0.000597 1183.0
0.000670 -0.000597 1184.0
0.000670 -0.000597 1185.0
0.000670 -0.000597 1186.0
0.000670 -0.000597 1187.0
0.000670 -0.000598 1188.0
0.000670 -0.000598 1189.0
0.000670 -0.000598 1190.0
0.000670 -0.000598 1191.0
0.000670 -0.000599 1192.0
0.000670 -0.000599 1193.0
0.000670 -0.000599 1194.0
0.000670 -0.000599 1195.0
0.000670 -0.000599 1196.0
0.000669 -0.000599 1197.0
0.000670 -0.000599 1198.0
0.000671 -0.000600 1199.0
0.000672 -0.000600 1200.0
0.000672 -0.000600 1201.0
0.000673 -0.000600 1202.0
0.000674 -0.000600 1203.0
0.000675 -0.000601 1204.0
0.000675 -0.000601 1205.0
0.000676 -0.000601 1206.0
0.000677 -0.000601 1207.0
0.000678 -0.000601 1208.0
0.000678 -0.000602 1209.0
0.000679 -0.000602 1210.0
0.000680 -0.000602 1211.0
0.000681 -0.000602 1212.0
0.000681 -0.000602 1213.0
0.000682 -0.000603 1214.0
0.000683 -0.000603 1215.0
0.000684 -0.000603 1216.0
0.000685 -0.000603 1217.0
0.000685 -0.000603 1218.0
0.000686 -0.000604 1219.0
0.000687 -0.000604 1220.0
0.000688 -0.000604 1221.0
0.000688 -0.000604 1222.0
0.000689 -0.000604 1223.0
0.000690 -0.000605 1224.0
0.000691 -0.000605 1225.0
0.000691 -0.000605 1226.0
0.000692 -0.000605 1227.0
0.000693 -0.000605 1228.0
0.000694 -0.000606 1229.0
0.000694 -0.000606 1230.0
0.000695 -0.000606 1231.0
0.000696 -0.000606 1232.0
0.000697 -0.000606 1233.0
0.000697 -0.000607 1234.0
0.000698 -0.000607 1235.0
0.000699 -0.000607 1236.0
0.000700 -0.000607 1237.0
0.000701 -0.000607 1238.0
0.000701 -0.000608 1239.0
0.000702 -0.000608 1240.0
0.000703 -0.000608 1241.0
0.000704 -0.000608 1242.0
0.000704 -0.000608 1243.0
0.000705 -0.000609 1244.0
0.000706 -0.000609 1245.0
0.000707 -0.000609 1246.0
0.000707 -0.000609 1247.0
0.000708 -0.000609 1248.0
0.000709 -0.000610 1249.0
0.000710 -0.000610 1250.0
0.000710 -0.000610 1251.0
0.000711 -0.000610 1252.0
0.000712 -0.000610 1253.0
0.000713 -0.000611 1254.0
0.000713 -0.000608 1255.0
0.000713 -0.000609 1256.0
0.000714 -0.000609 1257.0
0.000714 -0.000609 1258.0
0.000715 -0.000609 1259.0
0.000715 -0.000609 1260.0
0.000716 -0.000609 1261.0
0.000716 -0.000609 1262.0
0.000716 -0.000609 1263.0
0.000717 -0.000609 1264.0
0.000717 -0.000609 1265.0
0.000718 -0.000610 1266.0
0.000718 -0.000610 1267.0
0.000719 -0.000610 1268.0
0.000719 -0.000610 1269.0
0.000719 -0.000610 1270.0
0.000720 -0.000610 1271.0
0.000720 -0.000610 1272.0
0.000721 -0.000610 1273.0
0.000721 -0.000610 1274.0
0.000722 -0.000611 1275.0
0.000722 -0.000611 1276.0
0.000722 -0.000611 1277.0
0.000723 -0.000611 1278.0
0.000723 -0.000611 1279.0
0.000724 -0.000611 1280.0
0.000724 -0.000611 1281.0
0.000725 -0.000611 1282.0
0.000725 -0.000611 1283.0
0.000725 -0.000611 1284.0
0.000726 -0.000612 1285.0
0.000726 -0.000612 1286.0
0.000727 -0.000612 1287.0
0.000727 -0.000612 1288.0
0.000728 -0.000612 1289.0
0.000728 -0.000612 1290.0
0.000729 -0.000612 1291.0
0.000729 -0.000612 1292.0
0.000729 -0.000612 1293.0
0.000730 -0.000613 1294.0
0.000730 -0.000613 1295.0
0.000731 -0.000613 1296.0
0.000731 -0.000613 1297.0
0.000732 -0.000613 1298.0
0.000732 -0.000613 1299.0
0.000732 -0.000613 1300.0
0.000733 -0.000613 1301.0
0.000733 -0.000613 1302.0
0.000734 -0.000613 1303.0
0.000734 -0.000614 1304.0
0.000735 -0.000614 1305.0
0.000735 -0.000614 1306.0
0.000735 -0.000614 1307.0
0.000736 -0.000614 1308.0
0.000736 -0.000614 1309.0
0.000737 -0.000614 1310.0
0.000737 -0.000614 1311.0
0.000738 -0.000614 1312.0
0.000738 -0.000614 1313.0
0.000738 -0.000615 1314.0
0.000739 -0.000613 1315.0
0.000739 -0.000613 1316.0
0.000739 -0.000613 1317.0
0.000740 -0.000613 1318.0
0.000740 -0.000613 1319.0
0.000741 -0.000612 1320.0
0.000741 -0.000612 1321.0
0.000742 -0.000612 1322.0
0.000742 -0.000612 1323.0
0.000742 -0.000612 1324.0
0.000743 -0.000612 1325.0
0.000743 -0.000611 1326.0
0.000744 -0.000611 1327.0
0.000744 -0.000611 1328.0
0.000745 -0.000611 1329.0
0.000745 -0.000611 1330.0
0.000746 -0.000610 1331.0
0.000746 -0.000610 1332.0
0.000746 -0.000610 1333.0
0.000747 -0.000610 1334.0
0.000747 -0.000610 1335.0
0.000748 -0.000610 1336.0
0.000748 -0.000609 1337.0
0.000749 -0.000609 1338.0
0.000749 -0.000609 1339.0
0.000749 -0.000609 1340.0
0.000750 -0.000609 1341.0
0.000750 -0.000609 1342.0
0.000751 -0.000608 1343.0
0.000751 -0.000608 1344.0
0.000752 -0.000608 1345.0
0.000752 -0.000608 1346.0
0.000752 -0.000608 1347.0
0.000753 -0.000607 1348.0
0.000753 -0.000607 1349.0
0.000754 -0.000607 1350.0
0.000754 -0.000607 1351.0
0.000755 -0.000607 1352.0
0.000755 -0.000607 1353.0
0.000756 -0.000606 1354.0
0.000756 -0.000606 1355.0
0.000756 -0.000606 1356.0
0.000757 -0.000606 1357.0
0.000757 -0.000606 1358.0
0.000758 -0.000605 1359.0
0.000758 -0.000605 1360.0
0.000759 -0.000605 1361.0
0.000759 -0.000605 1362.0
0.000759 -0.000605 1363.0
0.000760 -0.000605 1364.0
0.000760 -0.000604 1365.0
0.000761 -0.000604 1366.0
0.000761 -0.000604 1367.0
0.000762 -0.000604 1368.0
0.000762 -0.000604 1369.0
0.000762 -0.000603 1370.0
0.000763 -0.000603 1371.0
0.000763 -0.000603 1372.0
0.000764 -0.000603 1373.0
0.000764 -0.000603 1374.0
0.000765 -0.000603 1375.0
0.000765 -0.000605 1376.0
0.000765 -0.000604 1377.0
0.000765 -0.000603 1378.0
0.000766 -0.000602 1379.0
0.000766 -0.000602 1380.0
0.000766 -0.000601 1381.0
0.000766 -0.000600 1382.0
0.000766 -0.000599 1383.0
0.000767 -0.000599 1384.0
0.000767 -0.000598 1385.0
0.000767 -0.000597 1386.0
0.000767 -0.000596 1387.0
0.000767 -0.000596 1388.0
0.000767 -0.000595 1389.0
0.000768 -0.000594 1390.0
0.000768 -0.000594 1391.0
0.000768 -0.000593 1392.0
0.000768 -0.000592 1393.0
0.000768 -0.000591 1394.0
0.000769 -0.000591 1395.0
0.000769 -0.000590 1396.0
0.000769 -0.000589 1397.0
0.000769 -0.000588 1398.0
0.000769 -0.000588 1399.0
0.000769 -0.000587 1400.0
0.000770 -0.000586 1401.0
0.000770 -0.000585 1402.0
0.000770 -0.000585 1403.0
0.000770 -0.000584 1404.0
0.000770 -0.000583 1405.0
0.000770 -0.000583 1406.0
0.000771 -0.000582 1407.0
0.000771 -0.000581 1408.0
0.000771 -0.000580 1409.0
0.000771 -0.000580 1410.0
0.000771 -0.000579 1411.0
0.000772 -0.000578 1412.0
0.000772 -0.000577 1413.0
0.000772 -0.000577 1414.0
0.000772 -0.000576 1415.0
0.000772 -0.000575 1416.0
0.000772 -0.000574 1417.0
0.000773 -0.000574 1418.0
0.000773 -0.000573 1419.0
0.000773 -0.000572 1420.0
0.000773 -0.000571 1421.0
0.000773 -0.000571 1422.0
0.000774 -0.000570 1423.0
0.000774 -0.000569 1424.0
0.000774 -0.000569 1425.0
0.000774 -0.000568 1426.0
0.000774 -0.000567 1427.0
0.000774 -0.000566 1428.0
0.000775 -0.000566 1429.0
0.000775 -0.000565 1430.0
0.000775 -0.000564 1431.0
0.000775 -0.000563 1432.0
0.000775 -0.000563 1433.0
0.000776 -0.000562 1434.0
0.000776 -0.000561 1435.0
0.000778 -0.000562 1436.0
0.000778 -0.000562 1437.0
0.000778 -0.000562 1438.0
0.000778 -0.000562 1439.0
0.000778 -0.000561 1440.0
0.000778 -0.000561 1441.0
0.000778 -0.000561 1442.0
0.000778 -0.000561 1443.0
0.000778 -0.000561 1444.0
0.000778 -0.000560 1445.0
0.000778 -0.000560 1446.0
0.000778 -0.000560 1447.0
0.000778 -0.000560 1448.0
0.000778 -0.000560 1449.0
0.000778 -0.000559 1450.0
0.000779 -0.000559 1451.0
0.000779 -0.000559 1452.0
0.000779 -0.000559 1453.0
0.000779 -0.000559 1454.0
0.000779 -0.000558 1455.0
0.000779 -0.000558 1456.0
0.000779 -0.000558 1457.0
0.000779 -0.000558 1458.0
0.000779 -0.000558 1459.0
0.000779 -0.000558 1460.0
0.000779 -0.000557 1461.0
0.000779 -0.000557 1462.0
0.000779 -0.000557 1463.0
0.000779 -0.000557 1464.0
0.000779 -0.000557 1465.0
0.000778 -0.000557 1466.0
0.000778 -0.000557 1467.0
0.000778 -0.000557 1468.0
0.000777 -0.000557 1469.0
0.000777 -0.000556 1470.0
0.000776 -0.000556 1471.0
0.000776 -0.000556 1472.0
0.000776 -0.000556 1473.0
0.000775 -0.000556 1474.0
0.000775 -0.000556 1475.0
0.000775 -0.000556 1476.0
0.000774 -0.000555 1477.0
0.000774 -0.000555 1478.0
0.000774 -0.000555 1479.0
0.000773 -0.000555 1480.0
0.000773 -0.000555 1481.0
0.000773 -0.000555 1482.0
0.000772 -0.000555 1483.0
0.000772 -0.000554 1484.0
0.000772 -0.000554 1485.0
0.000771 -0.000554 1486.0
0.000771 -0.000554 1487.0
0.000770 -0.000554 1488.0
0.000770 -0.000554 1489.0
0.000770 -0.000553 1490.0
0.000769 -0.000553 1491.0
0.000769 -0.000553 1492.0
0.000769 -0.000553 1493.0
0.000768 -0.000553 1494.0
0.000768 -0.000553 1495.0
0.000768 -0.000553 1496.0
0.000767 -0.000552 1497.0
0.000767 -0.000552 1498.0
0.000767 -0.000552 1499.0
0.000766 -0.000552 1500.0
0.000766 -0.000552 1501.0
0.000766 -0.000552 1502.0
0.000765 -0.000552 1503.0
0.000765 -0.000551 1504.0
0.000765 -0.000551 1505.0
0.000764 -0.000551 1506.0
0.000764 -0.000551 1507.0
0.000763 -0.000551 1508.0
0.000763 -0.000551 1509.0
0.000763 -0.000551 1510.0
0.000762 -0.000550 1511.0
0.000762 -0.000550 1512.0
0.000762 -0.000550 1513.0
0.000761 -0.000550 1514.0
0.000761 -0.000550 1515.0
0.000761 -0.000550 1516.0
0.000760 -0.000549 1517.0
0.000760 -0.000549 1518.0
0.000760 -0.000549 1519.0
0.000759 -0.000549 1520.0
0.000759 -0.000549 1521.0
0.000759 -0.000549 1522.0
0.000758 -0.000549 1523.0
0.000758 -0.000550 1524.0
0.000757 -0.000550 1525.0
0.000757 -0.000550 1526.0
0.000756 -0.000549 1527.0
0.000756 -0.000549 1528.0
0.000755 -0.000549 1529.0
0.000755 -0.000548 1530.0
0.000754 -0.000548 1531.0
0.000754 -0.000548 1532.0
0.000753 -0.000547 1533.0
0.000753 -0.000547 1534.0
0.000752 -0.000547 1535.0
0.000752 -0.000546 1536.0
0.000751 -0.000546 1537.0
0.000751 -0.000546 1538.0
0.000750 -0.000545 1539.0
0.000750 -0.000545 1540.0
0.000749 -0.000545 1541.0
0.000749 -0.000544 1542.0
0.000748 -0.000544 1543.0
0.000748 -0.000544 1544.0
0.000747 -0.000543 1545.0
0.000747 -0.000543 1546.0
0.000746 -0.000543 1547.0
0.000746 -0.000542 1548.0
0.000745 -0.000542 1549.0
0.000745 -0.000542 1550.0
0.000744 -0.000541 1551.0
0.000744 -0.000541 1552.0
0.000743 -0.000541 1553.0
0.000743 -0.000540 1554.0
0.000742 -0.000540 1555.0
0.000742 -0.000540 1556.0
0.000741 -0.000539 1557.0
0.000741 -0.000539 1558.0
0.000740 -0.000539 1559.0
0.000740 -0.000538 1560.0
0.000739 -0.000538 1561.0
0.000739 -0.000538 1562.0
0.000738 -0.000537 1563.0
0.000738 -0.000537 1564.0
0.000737 -0.000537 1565.0
0.000737 -0.000536 1566.0
0.000736 -0.000536 1567.0
0.000736 -0.000536 1568.0
0.000735 -0.000535 1569.0
0.000735 -0.000535 1570.0
0.000734 -0.000535 1571.0
0.000734 -0.000534 1572.0
0.000733 -0.000534 1573.0
0.000733 -0.000534 1574.0
0.000732 -0.000533 1575.0
0.000732 -0.000533 1576.0
0.000731 -0.000533 1577.0
0.000731 -0.000532 1578.0
0.000730 -0.000532 1579.0
0.000730 -0.000532 1580.0
0.000729 -0.000531 1581.0
0.000729 -0.000531 1582.0
0.000728 -0.000531 1583.0
0.000728 -0.000530 1584.0
0.000727 -0.000530 1585.0
0.000727 -0.000530 1586.0
0.000725 -0.000533 1587.0
0.000725 -0.000533 1588.0
0.000725 -0.000533 1589.0
0.000725 -0.000534 1590.0
0.000725 -0.000534 1591.0
0.000724 -0.000534 1592.0
0.000724 -0.000534 1593.0
0.000724 -0.000535 1594.0
0.000724 -0.000535 1595.0
0.000724 -0.000535 1596.0
0.000723 -0.000535 1597.0
0.000723 -0.000535 1598.0
0.000723 -0.000536 1599.0
0.000723 -0.000536 1600.0
0.000723 -0.000536 1601.0
0.000722 -0.000536 1602.0
0.000722 -0.000536 1603.0
0.000722 -0.000537 1604.0
0.000722 -0.000537 1605.0
0.000722 -0.000537 1606.0
0.000722 -0.000537 1607.0
0.000721 -0.000538 1608.0
0.000721 -0.000538 1609.0
0.000721 -0.000538 1610.0
0.000721 -0.000538 1611.0
0.000721 -0.000538 1612.0
0.000720 -0.000539 1613.0
0.000720 -0.000539 1614.0
0.000720 -0.000539 1615.0
0.000720 -0.000539 1616.0
0.000720 -0.000539 1617.0
0.000719 -0.000540 1618.0
0.000719 -0.000540 1619.0
0.000719 -0.000540 1620.0
0.000719 -0.000540 1621.0
0.000719 -0.000541 1622.0
0.000718 -0.000541 1623.0
0.000718 -0.000541 1624.0
0.000718 -0.000541 1625.0
0.000718 -0.000541 1626.0
0.000718 -0.000542 1627.0
0.000717 -0.000542 1628.0
0.000717 -0.000542 1629.0
0.000717 -0.000542 1630.0
0.000717 -0.000542 1631.0
0.000717 -0.000543 1632.0
0.000716 -0.000543 1633.0
0.000716 -0.000543 1634.0
0.000716 -0.000543 1635.0
0.000716 -0.000544 1636.0
0.000716 -0.000544 1637.0
0.000716 -0.000544 1638.0
0.000715 -0.000544 1639.0
0.000715 -0.000544 1640.0
0.000715 -0.000545 1641.0
0.000715 -0.000545 1642.0
0.000715 -0.000545 1643.0
0.000714 -0.000545 1644.0
0.000713 -0.000544 1645.0
0.000713 -0.000545 1646.0
0.000713 -0.000546 1647.0
0.000713 -0.000547 1648.0
0.000713 -0.000548 1649.0
0.000713 -0.000549 1650.0
0.000713 -0.000550 1651.0
0.000713 -0.000551 1652.0
0.000713 -0.000552 1653.0
0.000713 -0.000553 1654.0
0.000713 -0.000554 1655.0
0.000713 -0.000555 1656.0
0.000712 -0.000556 1657.0
0.000712 -0.000557 1658.0
0.000712 -0.000558 1659.0
0.000712 -0.000559 1660.0
0.000712 -0.000560 1661.0
0.000712 -0.000561 1662.0
0.000712 -0.000562 1663.0
0.000712 -0.000563 1664.0
0.000712 -0.000564 1665.0
0.000712 -0.000565 1666.0
0.000712 -0.000566 1667.0
0.000712 -0.000567 1668.0
0.000712 -0.000567 1669.0
0.000711 -0.000568 1670.0
0.000711 -0.000569 1671.0
0.000711 -0.000570 1672.0
0.000711 -0.000571 1673.0
0.000711 -0.000572 1674.0
0.000711 -0.000573 1675.0
0.000711 -0.000574 1676.0
0.000711 -0.000575 1677.0
0.000711 -0.000576 1678.0
0.000711 -0.000577 1679.0
0.000711 -0.000578 1680.0
0.000711 -0.000579 1681.0
0.000711 -0.000580 1682.0
0.000710 -0.000581 1683.0
0.000710 -0.000582 1684.0
0.000710 -0.000583 1685.0
0.000710 -0.000584 1686.0
0.000710 -0.000585 1687.0
0.000710 -0.000586 1688.0
0.000710 -0.000587 1689.0
0.000710 -0.000588 1690.0
0.000710 -0.000589 1691.0
0.000710 -0.000590 1692.0
0.000710 -0.000591 1693.0
0.000710 -0.000592 1694.0
0.000710 -0.000593 1695.0
0.000709 -0.000594 1696.0
0.000709 -0.000595 1697.0
0.000709 -0.000596 1698.0
0.000709 -0.000597 1699.0
0.000709 -0.000598 1700.0
0.000709 -0.000599 1701.0
0.000709 -0.000600 1702.0
0.000709 -0.000601 1703.0
0.000709 -0.000602 1704.0
0.000708 -0.000602 1705.0
0.000708 -0.000602 1706.0
0.000707 -0.000603 1707.0
0.000707 -0.000603 1708.0
0.000707 -0.000603 1709.0
0.000707 -0.000604 1710.0
0.000707 -0.000604 1711.0
0.000707 -0.000604 1712.0
0.000707 -0.000604 1713.0
0.000707 -0.000605 1714.0
0.000706 -0.000605 1715.0
0.000706 -0.000605 1716.0
0.000706 -0.000606 1717.0
0.000706 -0.000606 1718.0
0.000706 -0.000606 1719.0
0.000706 -0.000607 1720.0
0.000706 -0.000607 1721.0
0.000706 -0.000607 1722.0
0.000705 -0.000607 1723.0
0.000705 -0.000608 1724.0
0.000705 -0.000608 1725.0
0.000705 -0.000608 1726.0
0.000705 -0.000609 1727.0
0.000705 -0.000609 1728.0
0.000705 -0.000609 1729.0
0.000705 -0.000610 1730.0
0.000704 -0.000610 1731.0
0.000704 -0.000610 1732.0
0.000704 -0.000610 1733.0
0.000704 -0.000611 1734.0
0.000704 -0.000611 1735.0
0.000704 -0.000611 1736.0
0.000704 -0.000612 1737.0
0.000704 -0.000612 1738.0
0.000703 -0.000612 1739.0
0.000703 -0.000613 1740.0
0.000703 -0.000613 1741.0
0.000703 -0.000613 1742.0
0.000703 -0.000613 1743.0
0.000703 -0.000614 1744.0
0.000703 -0.000614 1745.0
0.000703 -0.000614 1746.0
0.000702 -0.000615 1747.0
0.000702 -0.000615 1748.0
0.000702 -0.000615 1749.0
0.000702 -0.000616 1750.0
0.000702 -0.000616 1751.0
0.000702 -0.000616 1752.0
0.000702 -0.000616 1753.0
0.000702 -0.000617 1754.0
0.000701 -0.000617 1755.0
0.000701 -0.000617 1756.0
0.000701 -0.000618 1757.0
0.000701 -0.000618 1758.0
0.000701 -0.000618 1759.0
0.000701 -0.000619 1760.0
0.000701 -0.000619 1761.0
0.000701 -0.000619 1762.0
0.000700 -0.000619 1763.0
0.000700 -0.000620 1764.0
0.000699 -0.000619 1765.0
0.000699 -0.000618 1766.0
0.000699 -0.000618 1767.0
0.000699 -0.000617 1768.0
0.000699 -0.000617 1769.0
0.000699 -0.000617 1770.0
0.000699 -0.000616 1771.0
0.000699 -0.000616 1772.0
0.000699 -0.000615 1773.0
0.000699 -0.000615 1774.0
0.000699 -0.000614 1775.0
0.000699 -0.000614 1776.0
0.000699 -0.000613 1777.0
0.000699 -0.000613 1778.0
0.000698 -0.000613 1779.0
0.000698 -0.000612 1780.0
0.000698 -0.000612 1781.0
0.000698 -0.000611 1782.0
0.000698 -0.000611 1783.0
0.000698 -0.000610 1784.0
0.000698 -0.000610 1785.0
0.000698 -0.000609 1786.0
0.000698 -0.000609 1787.0
0.000698 -0.000608 1788.0
0.000698 -0.000608 1789.0
0.000698 -0.000608 1790.0
0.000698 -0.000607 1791.0
0.000698 -0.000607 1792.0
0.000698 -0.000606 1793.0
0.000698 -0.000606 1794.0
0.000698 -0.000605 1795.0
0.000698 -0.000605 1796.0
0.000698 -0.000604 1797.0
0.000698 -0.000604 1798.0
0.000698 -0.000604 1799.0
0.000698 -0.000603 1800.0
0.000698 -0.000603 1801.0
0.000698 -0.000602 1802.0
0.000698 -0.000602 1803.0
0.000698 -0.000601 1804.0
0.000698 -0.000601 1805.0
0.000698 -0.000600 1806.0
0.000697 -0.000600 1807.0
0.000697 -0.000600 1808.0
0.000697 -0.000599 1809.0
0.000697 -0.000599 1810.0
0.000697 -0.000598 1811.0
0.000697 -0.000598 1812.0
0.000697 -0.000597 1813.0
0.000697 -0.000597 1814.0
0.000697 -0.000596 1815.0
0.000697 -0.000596 1816.0
0.000697 -0.000595 1817.0
0.000697 -0.000595 1818.0
0.000697 -0.000595 1819.0
0.000697 -0.000594 1820.0
0.000697 -0.000594 1821.0
0.000697 -0.000593 1822.0
0.000697 -0.000593 1823.0
0.000697 -0.000592 1824.0
0.000696 -0.000592 1825.0
0.000695 -0.000592 1826.0
0.000694 -0.000592 1827.0
0.000693 -0.000592 1828.0
0.000692 -0.000591 1829.0
0.000691 -0.000591 1830.0
0.000690 -0.000591 1831.0
0.000689 -0.000591 1832.0
0.000688 -0.000590 1833.0
0.000687 -0.000590 1834.0
0.000686 -0.000590 1835.0
0.000685 -0.000590 1836.0
0.000684 -0.000589 1837.0
0.000683 -0.000589 1838.0
0.000682 -0.000589 1839.0
0.000681 -0.000589 1840.0
0.000680 -0.000588 1841.0
0.000679 -0.000588 1842.0
0.000678 -0.000588 1843.0
0.000677 -0.000588 1844.0
0.000676 -0.000587 1845.0
0.000676 -0.000587 1846.0
0.000675 -0.000587 1847.0
0.000674 -0.000587 1848.0
0.000673 -0.000586 1849.0
0.000672 -0.000586 1850.0
0.000671 -0.000586 1851.0
0.000670 -0.000586 1852.0
0.000669 -0.000585 1853.0
0.000668 -0.000585 1854.0
0.000667 -0.000585 1855.0
0.000666 -0.000585 1856.0
0.000665 -0.000584 1857.0
0.000664 -0.000584 1858.0
0.000663 -0.000584 1859.0
0.000662 -0.000584 1860.0
0.000661 -0.000583 1861.0
0.000660 -0.000583 1862.0
0.000659 -0.000583 1863.0
0.000658 -0.000583 1864.0
0.000657 -0.000582 1865.0
0.000656 -0.000582 1866.0
0.000655 -0.000582 1867.0
0.000654 -0.000582 1868.0
0.000653 -0.000581 1869.0
0.000652 -0.000581 1870.0
0.000651 -0.000581 1871.0
0.000650 -0.000581 1872.0
0.000649 -0.000580 1873.0
0.000648 -0.000580 1874.0
0.000647 -0.000580 1875.0
0.000646 -0.000580 1876.0
0.000645 -0.000579 1877.0
0.000644 -0.000579 1878.0
0.000643 -0.000579 1879.0
0.000642 -0.000579 1880.0
0.000641 -0.000578 1881.0
0.000640 -0.000578 1882.0
0.000639 -0.000578 1883.0
0.000638 -0.000578 1884.0
0.000637 -0.000581 1885.0
0.000637 -0.000581 1886.0
0.000637 -0.000581 1887.0
0.000637 -0.000581 1888.0
0.000637 -0.000581 1889.0
0.000636 -0.000581 1890.0
0.000636 -0.000581 1891.0
0.000636 -0.000582 1892.0
0.000636 -0.000582 1893.0
0.000635 -0.000582 1894.0
0.000635 -0.000582 1895.0
0.000635 -0.000582 1896.0
0.000635 -0.000582 1897.0
0.000635 -0.000582 1898.0
0.000634 -0.000583 1899.0
0.000634 -0.000583 1900.0
0.000634 -0.000583 1901.0
0.000634 -0.000583 1902.0
0.000634 -0.000583 1903.0
0.000633 -0.000583 1904.0
0.000633 -0.000583 1905.0
0.000633 -0.000584 1906.0
0.000633 -0.000584 1907.0
0.000633 -0.000584 1908.0
0.000632 -0.000584 1909.0
0.000632 -0.000584 1910.0
0.000632 -0.000584 1911.0
0.000632 -0.000584 1912.0
0.000632 -0.000585 1913.0
0.000631 -0.000585 1914.0
0.000631 -0.000585 1915.0
0.000631 -0.000585 1916.0
0.000631 -0.000584 1917.0
0.000630 -0.000585 1918.0
0.000630 -0.000585 1919.0
0.000629 -0.000585 1920.0
0.000629 -0.000586 1921.0
0.000628 -0.000586 1922.0
0.000628 -0.000586 1923.0
0.000627 -0.000587 1924.0
0.000627 -0.000587 1925.0
0.000626 -0.000587 1926.0
0.000626 -0.000588 1927.0
0.000625 -0.000588 1928.0
0.000625 -0.000588 1929.0
0.000624 -0.000589 1930.0
0.000624 -0.000589 1931.0
0.000624 -0.000589 1932.0
0.000623 -0.000590 1933.0
0.000623 -0.000590 1934.0
0.000622 -0.000590 1935.0
0.000622 -0.000591 1936.0
0.000621 -0.000591 1937.0
0.000621 -0.000591 1938.0
0.000620 -0.000592 1939.0
0.000620 -0.000592 1940.0
0.000619 -0.000592 1941.0
0.000619 -0.000593 1942.0
0.000618 -0.000593 1943.0
0.000618 -0.000594 1944.0
0.000617 -0.000594 1945.0
0.000617 -0.000594 1946.0
0.000616 -0.000595 1947.0
0.000616 -0.000595 1948.0
0.000615 -0.000595 1949.0
0.000615 -0.000596 1950.0
0.000615 -0.000596 1951.0
0.000614 -0.000596 1952.0
0.000614 -0.000597 1953.0
0.000613 -0.000597 1954.0
0.000613 -0.000597 1955.0
0.000612 -0.000598 1956.0
0.000612 -0.000598 1957.0
0.000611 -0.000598 1958.0
0.000611 -0.000599 1959.0
0.000610 -0.000599 1960.0
0.000610 -0.000599 1961.0
0.000609 -0.000600 1962.0
0.000609 -0.000600 1963.0
0.000608 -0.000600 1964.0
0.000608 -0.000601 1965.0
0.000607 -0.000601 1966.0
0.000607 -0.000601 1967.0
0.000606 -0.000602 1968.0
0.000606 -0.000602 1969.0
0.000606 -0.000602 1970.0
0.000605 -0.000603 1971.0
0.000605 -0.000603 1972.0
0.000603 -0.000600 1973.0
0.000603 -0.000600 1974.0
0.000603 -0.000600 1975.0
0.000603 -0.000600 1976.0
0.000603 -0.000601 1977.0
0.000602 -0.000601 1978.0
0.000602 -0.000601 1979.0
0.000602 -0.000601 1980.0
0.000602 -0.000601 1981.0
0.000602 -0.000601 1982.0
0.000602 -0.000601 1983.0
0.000601 -0.000602 1984.0
0.000601 -0.000602 1985.0
0.000601 -0.000602 1986.0
0.000601 -0.000602 1987.0
0.000601 -0.000602 1988.0
0.000600 -0.000602 1989.0
0.000600 -0.000602 1990.0
0.000600 -0.000603 1991.0
0.000600 -0.000603 1992.0
0.000600 -0.000603 1993.0
0.000600 -0.000603 1994.0
0.000599 -0.000603 1995.0
0.000599 -0.000603 1996.0
0.000599 -0.000603 1997.0
0.000599 -0.000604 1998.0
0.000599 -0.000604 1999.0
0.000599 -0.000604 2000.0
0.000598 -0.000604 2001.0
0.000598 -0.000604 2002.0
0.000598 -0.000604 2003.0
0.000598 -0.000604 2004.0
0.000598 -0.000604 2005.0
0.000598 -0.000605 2006.0
0.000597 -0.000605 2007.0
0.000597 -0.000605 2008.0
0.000597 -0.000605 2009.0
0.000597 -0.000605 2010.0
0.000597 -0.000605 2011.0
0.000596 -0.000605 2012.0
0.000596 -0.000606 2013.0
0.000596 -0.000606 2014.0
0.000596 -0.000606 2015.0
0.000596 -0.000606 2016.0
0.000596 -0.000606 2017.0
0.000595 -0.000606 2018.0
0.000595 -0.000606 2019.0
0.000595 -0.000607 2020.0
0.000595 -0.000607 2021.0
0.000595 -0.000607 2022.0
0.000595 -0.000607 2023.0
0.000594 -0.000607 2024.0
0.000594 -0.000607 2025.0
0.000594 -0.000607 2026.0
0.000594 -0.000608 2027.0
0.000594 -0.000608 2028.0
0.000593 -0.000608 2029.0
0.000593 -0.000608 2030.0
0.000593 -0.000608 2031.0
0.000593 -0.000608 2032.0
0.000592 -0.000607 2033.0
0.000592 -0.000607 2034.0
0.000592 -0.000607 2035.0
0.000592 -0.000607 2036.0
0.000592 -0.000606 2037.0
0.000592 -0.000606 2038.0
0.000592 -0.000605 2039.0
0.000592 -0.000605 2040.0
0.000592 -0.000605 2041.0
0.000592 -0.000604 2042.0
0.000592 -0.000604 2043.0
0.000592 -0.000603 2044.0
0.000592 -0.000603 2045.0
0.000592 -0.000603 2046.0
0.000592 -0.000602 2047.0
0.000592 -0.000602 2048.0
0.000592 -0.000601 2049.0
0.000592 -0.000601 2050.0
0.000592 -0.000600 2051.0
0.000592 -0.000600 2052.0
0.000592 -0.000600 2053.0
0.000592 -0.000599 2054.0
0.000592 -0.000599 2055.0
0.000592 -0.000598 2056.0
0.000592 -0.000598 2057.0
0.000591 -0.000598 2058.0
0.000591 -0.000597 2059.0
0.000591 -0.000597 2060.0
0.000591 -0.000596 2061.0
0.000591 -0.000596 2062.0
0.000591 -0.000596 2063.0
0.000591 -0.000595 2064.0
0.000591 -0.000595 2065.0
0.000591 -0.000594 2066.0
0.000591 -0.000594 2067.0
0.000591 -0.000594 2068.0
0.000591 -0.000593 2069.0
0.000591 -0.000593 2070.0
0.000591 -0.000592 2071.0
0.000591 -0.000592 2072.0
0.000591 -0.000592 2073.0
0.000591 -0.000591 2074.0
0.000591 -0.000591 2075.0
0.000591 -0.000590 2076.0
0.000591 -0.000590 2077.0
0.000591 -0.000589 2078.0
0.000591 -0.000589 2079.0
0.000591 -0.000589 2080.0
0.000591 -0.000588 2081.0
0.000591 -0.000588 2082.0
0.000591 -0.000587 2083.0
0.000591 -0.000587 2084.0
0.000590 -0.000587 2085.0
0.000590 -0.000586 2086.0
0.000590 -0.000586 2087.0
0.000590 -0.000585 2088.0
0.000590 -0.000585 2089.0
0.000590 -0.000585 2090.0
0.000590 -0.000584 2091.0
0.000590 -0.000584 2092.0
0.000590 -0.000583 2093.0
0.000590 -0.000583 2094.0
0.000590 -0.000583 2095.0
0.000590 -0.000583 2096.0
0.000590 -0.000582 2097.0
0.000590 -0.000581 2098.0
0.000590 -0.000581 2099.0
0.000590 -0.000580 2100.0
0.000590 -0.000580 2101.0
0.000590 -0.000579 2102.0
0.000591 -0.000579 2103.0
0.000591 -0.000578 2104.0
0.000591 -0.000578 2105.0
0.000591 -0.000577 2106.0
0.000591 -0.000577 2107.0
0.000591 -0.000576 2108.0
0.000591 -0.000576 2109.0
0.000591 -0.000575 2110.0
0.000591 -0.000575 2111.0
0.000592 -0.000574 2112.0
0.000592 -0.000574 2113.0
0.000592 -0.000573 2114.0
0.000592 -0.000573 2115.0
0.000592 -0.000572 2116.0
0.000592 -0.000572 2117.0
0.000592 -0.000571 2118.0
0.000592 -0.000570 2119.0
0.000593 -0.000570 2120.0
0.000593 -0.000569 2121.0
0.000593 -0.000569 2122.0
0.000593 -0.000568 2123.0
0.000593 -0.000568 2124.0
0.000593 -0.000567 2125.0
0.000593 -0.000567 2126.0
0.000593 -0.000566 2127.0
0.000594 -0.000566 2128.0
0.000594 -0.000565 2129.0
0.000594 -0.000565 2130.0
0.000594 -0.000564 2131.0
0.000594 -0.000564 2132.0
0.000594 -0.000563 2133.0
0.000594 -0.000563 2134.0
0.000594 -0.000562 2135.0
0.000595 -0.000562 2136.0
0.000595 -0.000561 2137.0
0.000595 -0.000561 2138.0
0.000595 -0.000560 2139.0
0.000595 -0.000559 2140.0
0.000595 -0.000559 2141.0
0.000595 -0.000558 2142.0
0.000595 -0.000558 2143.0
0.000595 -0.000557 2144.0
0.000596 -0.000557 2145.0
0.000596 -0.000556 2146.0
0.000596 -0.000556 2147.0
0.000596 -0.000555 2148.0
0.000596 -0.000555 2149.0
0.000596 -0.000554 2150.0
0.000596 -0.000554 2151.0
0.000596 -0.000553 2152.0
0.000597 -0.000553 2153.0
0.000597 -0.000552 2154.0
0.000597 -0.000552 2155.0
0.000598 -0.000552 2156.0
0.000599 -0.000551 2157.0
0.000600 -0.000551 2158.0
0.000600 -0.000550 2159.0
0.000601 -0.000549 2160.0
0.000601 -0.000548 2161.0
0.000602 -0.000547 2162.0
0.000602 -0.000546 2163.0
0.000603 -0.000545 2164.0
0.000603 -0.000544 2165.0
0.000604 -0.000543 2166.0
0.000605 -0.000543 2167.0
0.000605 -0.000542 2168.0
0.000606 -0.000541 2169.0
0.000606 -0.000540 2170.0
0.000607 -0.000539 2171.0
0.000607 -0.000538 2172.0
0.000608 -0.000537 2173.0
0.000609 -0.000536 2174.0
0.000609 -0.000535 2175.0
0.000610 -0.000535 2176.0
0.000610 -0.000534 2177.0
0.000611 -0.000533 2178.0
0.000611 -0.000532 2179.0
0.000612 -0.000531 2180.0
0.000612 -0.000530 2181.0
0.000613 -0.000529 2182.0
0.000614 -0.000528 2183.0
0.000614 -0.000527 2184.0
0.000615 -0.000527 2185.0
0.000615 -0.000526 2186.0
0.000616 -0.000525 2187.0
0.000616 -0.000524 2188.0
0.000617 -0.000523 2189.0
0.000617 -0.000522 2190.0
0.000618 -0.000521 2191.0
0.000619 -0.000520 2192.0
0.000619 -0.000520 2193.0
0.000620 -0.000519 2194.0
0.000620 -0.000518 2195.0
0.000621 -0.000517 2196.0
0.000621 -0.000516 2197.0
0.000622 -0.000515 2198.0
0.000622 -0.000514 2199.0
0.000623 -0.000513 2200.0
0.000624 -0.000512 2201.0
0.000624 -0.000512 2202.0
0.000625 -0.000511 2203.0
0.000625 -0.000510 2204.0
0.000626 -0.000509 2205.0
0.000626 -0.000508 2206.0
0.000627 -0.000507 2207.0
0.000627 -0.000506 2208.0
0.000628 -0.000505 2209.0
0.000629 -0.000504 2210.0
0.000629 -0.000504 2211.0
0.000630 -0.000503 2212.0
0.000630 -0.000502 2213.0
0.000631 -0.000501 2214.0
0.000631 -0.000500 2215.0
0.000636 -0.000505 2216.0
0.000636 -0.000504 2217.0
0.000637 -0.000503 2218.0
0.000638 -0.000502 2219.0
0.000639 -0.000501 2220.0
0.000639 -0.000500 2221.0
0.000640 -0.000499 2222.0
0.000641 -0.000497 2223.0
0.000641 -0.000496 2224.0
0.000642 -0.000495 2225.0
0.000643 -0.000494 2226.0
0.000643 -0.000493 2227.0
0.000644 -0.000492 2228.0
0.000645 -0.000491 2229.0
0.000645 -0.000490 2230.0
0.000646 -0.000489 2231.0
0.000647 -0.000488 2232.0
0.000647 -0.000487 2233.0
0.000648 -0.000486 2234.0
0.000649 -0.000485 2235.0
0.000649 -0.000484 2236.0
0.000650 -0.000483 2237.0
0.000651 -0.000481 2238.0
0.000651 -0.000480 2239.0
0.000652 -0.000479 2240.0
0.000653 -0.000478 2241.0
0.000653 -0.000477 2242.0
0.000654 -0.000476 2243.0
0.000655 -0.000475 2244.0
0.000656 -0.000474 2245.0
0.000656 -0.000473 2246.0
0.000657 -0.000472 2247.0
0.000658 -0.000471 2248.0
0.000658 -0.000470 2249.0
0.000659 -0.000469 2250.0
0.000660 -0.000468 2251.0
0.000660 -0.000467 2252.0
0.000661 -0.000466 2253.0
0.000662 -0.000464 2254.0
0.000662 -0.000463 2255.0
0.000663 -0.000462 2256.0
0.000664 -0.000461 2257.0
0.000664 -0.000460 2258.0
0.000665 -0.000459 2259.0
0.000666 -0.000458 2260.0
0.000666 -0.000457 2261.0
0.000667 -0.000456 2262.0
0.000668 -0.000455 2263.0
0.000668 -0.000454 2264.0
0.000669 -0.000453 2265.0
0.000670 -0.000452 2266.0
0.000670 -0.000451 2267.0
0.000671 -0.000450 2268.0
0.000672 -0.000448 2269.0
0.000673 -0.000447 2270.0
0.000673 -0.000446 2271.0
0.000674 -0.000445 2272.0
0.000675 -0.000444 2273.0
0.000675 -0.000443 2274.0
0.000676 -0.000442 2275.0
0.000677 -0.000441 2276.0
0.000682 -0.000447 2277.0
0.000682 -0.000446 2278.0
0.000683 -0.000446 2279.0
0.000683 -0.000445 2280.0
0.000684 -0.000444 2281.0
0.000684 -0.000444 2282.0
0.000685 -0.000443 2283.0
0.000685 -0.000443 2284.0
0.000685 -0.000442 2285.0
0.000686 -0.000441 2286.0
0.000686 -0.000441 2287.0
0.000687 -0.000440 2288.0
0.000687 -0.000439 2289.0
0.000687 -0.000439 2290.0
0.000688 -0.000438 2291.0
0.000688 -0.000437 2292.0
0.000689 -0.000437 2293.0
0.000689 -0.000436 2294.0
0.000689 -0.000435 2295.0
0.000690 -0.000435 2296.0
0.000690 -0.000434 2297.0
0.000691 -0.000433 2298.0
0.000691 -0.000433 2299.0
0.000691 -0.000432 2300.0
0.000692 -0.000431 2301.0
0.000692 -0.000431 2302.0
0.000693 -0.000430 2303.0
0.000693 -0.000429 2304.0
0.000694 -0.000429 2305.0
0.000694 -0.000428 2306.0
0.000694 -0.000427 2307.0
0.000695 -0.000427 2308.0
0.000695 -0.000426 2309.0
0.000696 -0.000426 2310.0
0.000696 -0.000425 2311.0
0.000696 -0.000424 2312.0
0.000697 -0.000424 2313.0
0.000697 -0.000423 2314.0
0.000698 -0.000422 2315.0
0.000698 -0.000422 2316.0
0.000698 -0.000421 2317.0
0.000699 -0.000420 2318.0
0.000699 -0.000420 2319.0
0.000700 -0.000419 2320.0
0.000700 -0.000418 2321.0
0.000700 -0.000418 2322.0
0.000701 -0.000417 2323.0
0.000701 -0.000416 2324.0
0.000702 -0.000416 2325.0
0.000702 -0.000415 2326.0
0.000702 -0.000414 2327.0
0.000703 -0.000414 2328.0
0.000703 -0.000413 2329.0
0.000704 -0.000412 2330.0
0.000704 -0.000412 2331.0
0.000705 -0.000411 2332.0
0.000705 -0.000410 2333.0
0.000705 -0.000410 2334.0
0.000706 -0.000409 2335.0
0.000706 -0.000409 2336.0
0.000709 -0.000412 2337.0
0.000710 -0.000412 2338.0
0.000710 -0.000411 2339.0
0.000710 -0.000411 2340.0
0.000711 -0.000410 2341.0
0.000711 -0.000410 2342.0
0.000711 -0.000410 2343.0
0.000711 -0.000409 2344.0
0.000712 -0.000409 2345.0
0.000712 -0.000408 2346.0
0.000712 -0.000408 2347.0
0.000712 -0.000408 2348.0
0.000713 -0.000407 2349.0
0.000713 -0.000407 2350.0
0.000713 -0.000406 2351.0
0.000713 -0.000406 2352.0
0.000714 -0.000405 2353.0
0.000714 -0.000405 2354.0
0.000714 -0.000405 2355.0
0.000714 -0.000404 2356.0
0.000715 -0.000404 2357.0
0.000715 -0.000403 2358.0
0.000715 -0.000403 2359.0
0.000715 -0.000403 2360.0
0.000716 -0.000402 2361.0
0.000716 -0.000402 2362.0
0.000716 -0.000401 2363.0
0.000717 -0.000401 2364.0
0.000717 -0.000400 2365.0
0.000717 -0.000400 2366.0
0.000717 -0.000400 2367.0
0.000718 -0.000399 2368.0
0.000718 -0.000399 2369.0
0.000718 -0.000398 2370.0
0.000718 -0.000398 2371.0
0.000719 -0.000398 2372.0
0.000719 -0.000397 2373.0
0.000719 -0.000397 2374.0
0.000719 -0.000396 2375.0
0.000720 -0.000396 2376.0
0.000720 -0.000395 2377.0
0.000720 -0.000395 2378.0
0.000720 -0.000395 2379.0
0.000721 -0.000394 2380.0
0.000721 -0.000394 2381.0
0.000721 -0.000393 2382.0
0.000722 -0.000393 2383.0
0.000722 -0.000393 2384.0
0.000722 -0.000392 2385.0
0.000722 -0.000392 2386.0
0.000723 -0.000391 2387.0
0.000723 -0.000391 2388.0
0.000723 -0.000390 2389.0
0.000723 -0.000390 2390.0
0.000724 -0.000390 2391.0
0.000724 -0.000389 2392.0
0.000724 -0.000389 2393.0
0.000724 -0.000388 2394.0
0.000725 -0.000388 2395.0
0.000725 -0.000388 2396.0
0.000725 -0.000387 2397.0
0.000727 -0.000390 2398.0
0.000727 -0.000390 2399.0
0.000726 -0.000390 2400.0
0.000726 -0.000390 2401.0
0.000726 -0.000390 2402.0
0.000725 -0.000390 2403.0
0.000725 -0.000390 2404.0
0.000724 -0.000390 2405.0
0.000724 -0.000391 2406.0
0.000723 -0.000391 2407.0
0.000723 -0.000391 2408.0
0.000723 -0.000391 2409.0
0.000722 -0.000391 2410.0
0.000722 -0.000391 2411.0
0.000721 -0.000391 2412.0
0.000721 -0.000391 2413.0
0.000720 -0.000392 2414.0
0.000720 -0.000392 2415.0
0.000720 -0.000392 2416.0
0.000719 -0.000392 2417.0
0.000719 -0.000392 2418.0
0.000718 -0.000392 2419.0
0.000718 -0.000392 2420.0
0.000717 -0.000393 2421.0
0.000717 -0.000393 2422.0
0.000717 -0.000393 2423.0
0.000716 -0.000393 2424.0
0.000716 -0.000393 2425.0
0.000715 -0.000393 2426.0
0.000715 -0.000393 2427.0
0.000715 -0.000393 2428.0
0.000714 -0.000394 2429.0
0.000714 -0.000394 2430.0
0.000713 -0.000394 2431.0
0.000713 -0.000394 2432.0
0.000712 -0.000394 2433.0
0.000712 -0.000394 2434.0
0.000712 -0.000394 2435.0
0.000711 -0.000394 2436.0
0.000711 -0.000395 2437.0
0.000710 -0.000395 2438.0
0.000710 -0.000395 2439.0
0.000709 -0.000395 2440.0
0.000709 -0.000395 2441.0
0.000709 -0.000395 2442.0
0.000708 -0.000395 2443.0
0.000708 -0.000396 2444.0
0.000707 -0.000396 2445.0
0.000707 -0.000396 2446.0
0.000706 -0.000396 2447.0
0.000706 -0.000396 2448.0
0.000706 -0.000396 2449.0
0.000705 -0.000396 2450.0
0.000705 -0.000395 2451.0
0.000704 -0.000396 2452.0
0.000703 -0.000398 2453.0
0.000703 -0.000398 2454.0
0.000702 -0.000399 2455.0
0.000701 -0.000400 2456.0
0.000701 -0.000401 2457.0
0.000700 -0.000402 2458.0
0.000699 -0.000404 2459.0
0.000698 -0.000405 2460.0
0.000698 -0.000406 2461.0
0.000697 -0.000407 2462.0
0.000696 -0.000408 2463.0
0.000695 -0.000410 2464.0
0.000695 -0.000411 2465.0
0.000694 -0.000412 2466.0
0.000693 -0.000413 2467.0
0.000692 -0.000414 2468.0
0.000692 -0.000415 2469.0
0.000691 -0.000417 2470.0
0.000690 -0.000418 2471.0
0.000689 -0.000419 2472.0
0.000689 -0.000420 2473.0
0.000688 -0.000421 2474.0
0.000687 -0.000423 2475.0
0.000686 -0.000424 2476.0
0.000686 -0.000425 2477.0
0.000685 -0.000426 2478.0
0.000684 -0.000427 2479.0
0.000683 -0.000429 2480.0
0.000683 -0.000430 2481.0
0.000682 -0.000431 2482.0
0.000681 -0.000432 2483.0
0.000680 -0.000433 2484.0
0.000680 -0.000434 2485.0
0.000679 -0.000436 2486.0
0.000678 -0.000437 2487.0
0.000677 -0.000438 2488.0
0.000677 -0.000439 2489.0
0.000676 -0.000440 2490.0
0.000675 -0.000442 2491.0
0.000674 -0.000443 2492.0
0.000674 -0.000444 2493.0
0.000673 -0.000445 2494.0
0.000672 -0.000446 2495.0
0.000671 -0.000447 2496.0
0.000671 -0.000449 2497.0
0.000670 -0.000450 2498.0
0.000669 -0.000451 2499.0
0.000668 -0.000452 2500.0
0.000668 -0.000453 2501.0
0.000667 -0.000455 2502.0
0.000666 -0.000456 2503.0
0.000665 -0.000457 2504.0
0.000665 -0.000458 2505.0
0.000664 -0.000459 2506.0
0.000663 -0.000461 2507.0
0.000662 -0.000462 2508.0
0.000662 -0.000463 2509.0
0.000661 -0.000464 2510.0
0.000660 -0.000465 2511.0
0.000659 -0.000466 2512.0
0.000659 -0.000468 2513.0
0.000653 -0.000461 2514.0
0.000652 -0.000461 2515.0
0.000652 -0.000461 2516.0
0.000652 -0.000462 2517.0
0.000652 -0.000462 2518.0
0.000652 -0.000462 2519.0
0.000652 -0.000462 2520.0
0.000652 -0.000462 2521.0
0.000652 -0.000463 2522.0
0.000651 -0.000463 2523.0
0.000651 -0.000463 2524.0
0.000651 -0.000463 2525.0
0.000651 -0.000463 2526.0
0.000651 -0.000464 2527.0
0.000651 -0.000464 2528.0
0.000651 -0.000464 2529.0
0.000650 -0.000464 2530.0
0.000650 -0.000464 2531.0
0.000650 -0.000465 2532.0
0.000650 -0.000465 2533.0
0.000650 -0.000465 2534.0
0.000650 -0.000465 2535.0
0.000650 -0.000465 2536.0
0.000649 -0.000466 2537.0
0.000649 -0.000466 2538.0
0.000649 -0.000466 2539.0
0.000649 -0.000466 2540.0
0.000649 -0.000466 2541.0
0.000649 -0.000467 2542.0
0.000649 -0.000467 2543.0
0.000649 -0.000467 2544.0
0.000648 -0.000467 2545.0
0.000648 -0.000467 2546.0
0.000648 -0.000468 2547.0
0.000648 -0.000468 2548.0
0.000648 -0.000468 2549.0
0.000648 -0.000468 2550.0
0.000648 -0.000468 2551.0
0.000647 -0.000469 2552.0
0.000647 -0.000469 2553.0
0.000647 -0.000469 2554.0
0.000647 -0.000469 2555.0
0.000647 -0.000469 2556.0
0.000647 -0.000470 2557.0
0.000647 -0.000470 2558.0
0.000647 -0.000470 2559.0
0.000646 -0.000470 2560.0
0.000646 -0.000470 2561.0
0.000646 -0.000471 2562.0
0.000646 -0.000471 2563.0
0.000646 -0.000471 2564.0
0.000646 -0.000471 2565.0
0.000646 -0.000471 2566.0
0.000645 -0.000472 2567.0
0.000645 -0.000472 2568.0
0.000645 -0.000472 2569.0
0.000645 -0.000472 2570.0
0.000645 -0.000472 2571.0
0.000645 -0.000473 2572.0
0.000645 -0.000473 2573.0
0.000645 -0.000473 2574.0
0.000644 -0.000473 2575.0
0.000644 -0.000473 2576.0
0.000643 -0.000472 2577.0
0.000643 -0.000473 2578.0
0.000644 -0.000473 2579.0
0.000644 -0.000474 2580.0
0.000644 -0.000474 2581.0
0.000644 -0.000475 2582.0
0.000644 -0.000475 2583.0
0.000644 -0.000476 2584.0
0.000644 -0.000476 2585.0
0.000645 -0.000477 2586.0
0.000645 -0.000477 2587.0
0.000645 -0.000478 2588.0
0.000645 -0.000478 2589.0
0.000645 -0.000479 2590.0
0.000645 -0.000479 2591.0
0.000646 -0.000480 2592.0
0.000646 -0.000480 2593.0
0.000646 -0.000481 2594.0
0.000646 -0.000481 2595.0
0.000646 -0.000482 2596.0
0.000646 -0.000482 2597.0
0.000647 -0.000483 2598.0
0.000647 -0.000483 2599.0
0.000647 -0.000484 2600.0
0.000647 -0.000484 2601.0
0.000647 -0.000485 2602.0
0.000647 -0.000485 2603.0
0.000648 -0.000486 2604.0
0.000648 -0.000486 2605.0
0.000648 -0.000487 2606.0
0.000648 -0.000487 2607.0
0.000648 -0.000488 2608.0
0.000648 -0.000488 2609.0
0.000649 -0.000489 2610.0
0.000649 -0.000489 2611.0
0.000649 -0.000490 2612.0
0.000649 -0.000490 2613.0
0.000649 -0.000491 2614.0
0.000649 -0.000491 2615.0
0.000649 -0.000492 2616.0
0.000650 -0.000492 2617.0
0.000650 -0.000493 2618.0
0.000650 -0.000493 2619.0
0.000650 -0.000494 2620.0
0.000650 -0.000494 2621.0
0.000650 -0.000495 2622.0
0.000651 -0.000495 2623.0
0.000651 -0.000496 2624.0
0.000651 -0.000496 2625.0
0.000651 -0.000497 2626.0
0.000651 -0.000497 2627.0
0.000651 -0.000498 2628.0
0.000652 -0.000498 2629.0
0.000652 -0.000499 2630.0
0.000652 -0.000499 2631.0
0.000652 -0.000500 2632.0
0.000652 -0.000500 2633.0
0.000652 -0.000501 2634.0
0.000654 -0.000500 2635.0
0.000655 -0.000500 2636.0
0.000655 -0.000501 2637.0
0.000655 -0.000501 2638.0
0.000656 -0.000502 2639.0
0.000656 -0.000502 2640.0
0.000656 -0.000503 2641.0
0.000657 -0.000504 2642.0
0.000657 -0.000504 2643.0
0.000657 -0.000505 2644.0
0.000658 -0.000505 2645.0
0.000658 -0.000506 2646.0
0.000658 -0.000506 2647.0
0.000659 -0.000507 2648.0
0.000659 -0.000507 2649.0
0.000660 -0.000508 2650.0
0.000660 -0.000509 2651.0
0.000660 -0.000509 2652.0
0.000661 -0.000510 2653.0
0.000661 -0.000510 2654.0
0.000661 -0.000511 2655.0
0.000662 -0.000511 2656.0
0.000662 -0.000512 2657.0
0.000662 -0.000512 2658.0
0.000663 -0.000513 2659.0
0.000663 -0.000514 2660.0
0.000663 -0.000514 2661.0
0.000664 -0.000515 2662.0
0.000664 -0.000515 2663.0
0.000664 -0.000516 2664.0
0.000665 -0.000516 2665.0
0.000665 -0.000517 2666.0
0.000665 -0.000517 2667.0
0.000666 -0.000518 2668.0
0.000666 -0.000519 2669.0
0.000667 -0.000519 2670.0
0.000667 -0.000520 2671.0
0.000667 -0.000520 2672.0
0.000668 -0.000521 2673.0
0.000668 -0.000521 2674.0
0.000668 -0.000522 2675.0
0.000669 -0.000522 2676.0
0.000669 -0.000523 2677.0
0.000669 -0.000524 2678.0
0.000670 -0.000524 2679.0
0.000670 -0.000525 2680.0
0.000670 -0.000525 2681.0
0.000671 -0.000526 2682.0
0.000671 -0.000526 2683.0
0.000671 -0.000527 2684.0
0.000672 -0.000527 2685.0
0.000672 -0.000528 2686.0
0.000672 -0.000529 2687.0
0.000673 -0.000529 2688.0
0.000673 -0.000530 2689.0
0.000674 -0.000530 2690.0
0.000674 -0.000531 2691.0
0.000674 -0.000531 2692.0
0.000675 -0.000532 2693.0
0.000675 -0.000532 2694.0
0.000678 -0.000529 2695.0
0.000678 -0.000530 2696.0
0.000677 -0.000530 2697.0
0.000677 -0.000530 2698.0
0.000677 -0.000530 2699.0
0.000677 -0.000531 2700.0
0.000676 -0.000531 2701.0
0.000676 -0.000531 2702.0
0.000676 -0.000532 2703.0
0.000676 -0.000532 2704.0
0.000676 -0.000532 2705.0
0.000675 -0.000532 2706.0
0.000675 -0.000533 2707.0
0.000675 -0.000533 2708.0
0.000675 -0.000533 2709.0
0.000674 -0.000533 2710.0
0.000674 -0.000534 2711.0
0.000674 -0.000534 2712.0
0.000674 -0.000534 2713.0
0.000674 -0.000535 2714.0
0.000673 -0.000535 2715.0
0.000673 -0.000535 2716.0
0.000673 -0.000535 2717.0
0.000673 -0.000536 2718.0
0.000672 -0.000536 2719.0
0.000672 -0.000536 2720.0
0.000672 -0.000536 2721.0
0.000672 -0.000537 2722.0
0.000672 -0.000537 2723.0
0.000671 -0.000537 2724.0
0.000671 -0.000538 2725.0
0.000671 -0.000538 2726.0
0.000671 -0.000538 2727.0
0.000670 -0.000538 2728.0
0.000670 -0.000539 2729.0
0.000670 -0.000539 2730.0
0.000670 -0.000539 2731.0
0.000670 -0.000540 2732.0
0.000669 -0.000540 2733.0
0.000669 -0.000540 2734.0
0.000669 -0.000540 2735.0
0.000669 -0.000541 2736.0
0.000668 -0.000541 2737.0
0.000668 -0.000541 2738.0
0.000668 -0.000541 2739.0
0.000668 -0.000542 2740.0
0.000668 -0.000542 2741.0
0.000667 -0.000542 2742.0
0.000667 -0.000543 2743.0
0.000667 -0.000543 2744.0
0.000667 -0.000543 2745.0
0.000666 -0.000543 2746.0
0.000666 -0.000544 2747.0
0.000666 -0.000544 2748.0
0.000666 -0.000544 2749.0
0.000666 -0.000544 2750.0
0.000665 -0.000545 2751.0
0.000665 -0.000545 2752.0
0.000665 -0.000545 2753.0
0.000665 -0.000546 2754.0
0.000663 -0.000544 2755.0
0.000663 -0.000544 2756.0
0.000662 -0.000545 2757.0
0.000662 -0.000546 2758.0
0.000662 -0.000546 2759.0
0.000661 -0.000547 2760.0
0.000661 -0.000547 2761.0
0.000660 -0.000548 2762.0
0.000660 -0.000549 2763.0
0.000660 -0.000549 2764.0
0.000659 -0.000550 2765.0
0.000659 -0.000551 2766.0
0.000658 -0.000551 2767.0
0.000658 -0.000552 2768.0
0.000658 -0.000553 2769.0
0.000657 -0.000553 2770.0
0.000657 -0.000554 2771.0
0.000656 -0.000554 2772.0
0.000656 -0.000555 2773.0
0.000656 -0.000556 2774.0
0.000655 -0.000556 2775.0
0.000655 -0.000557 2776.0
0.000654 -0.000558 2777.0
0.000654 -0.000558 2778.0
0.000654 -0.000559 2779.0
0.000653 -0.000560 2780.0
0.000653 -0.000560 2781.0
0.000652 -0.000561 2782.0
0.000652 -0.000561 2783.0
0.000651 -0.000562 2784.0
0.000651 -0.000563 2785.0
0.000651 -0.000563 2786.0
0.000650 -0.000564 2787.0
0.000650 -0.000565 2788.0
0.000649 -0.000565 2789.0
0.000649 -0.000566 2790.0
0.000649 -0.000566 2791.0
0.000648 -0.000567 2792.0
0.000648 -0.000568 2793.0
0.000647 -0.000568 2794.0
0.000647 -0.000569 2795.0
0.000647 -0.000570 2796.0
0.000646 -0.000570 2797.0
0.000646 -0.000571 2798.0
0.000645 -0.000572 2799.0
0.000645 -0.000572 2800.0
0.000645 -0.000573 2801.0
0.000644 -0.000573 2802.0
0.000644 -0.000574 2803.0
0.000643 -0.000575 2804.0
0.000643 -0.000575 2805.0
0.000643 -0.000576 2806.0
0.000642 -0.000577 2807.0
0.000642 -0.000577 2808.0
0.000641 -0.000578 2809.0
0.000641 -0.000579 2810.0
0.000641 -0.000579 2811.0
0.000640 -0.000580 2812.0
0.000640 -0.000580 2813.0
0.000639 -0.000581 2814.0
0.000636 -0.000577 2815.0
0.000636 -0.000578 2816.0
0.000636 -0.000578 2817.0
0.000635 -0.000578 2818.0
0.000635 -0.000579 2819.0
0.000635 -0.000579 2820.0
0.000635 -0.000579 2821.0
0.000635 -0.000580 2822.0
0.000634 -0.000580 2823.0
0.000634 -0.000580 2824.0
0.000634 -0.000581 2825.0
0.000634 -0.000581 2826.0
0.000634 -0.000581 2827.0
0.000633 -0.000582 2828.0
0.000633 -0.000582 2829.0
0.000633 -0.000582 2830.0
0.000633 -0.000583 2831.0
0.000633 -0.000583 2832.0
0.000632 -0.000583 2833.0
0.000632 -0.000583 2834.0
0.000632 -0.000584 2835.0
0.000632 -0.000584 2836.0
0.000632 -0.000584 2837.0
0.000631 -0.000585 2838.0
0.000631 -0.000585 2839.0
0.000631 -0.000585 2840.0
0.000631 -0.000586 2841.0
0.000631 -0.000586 2842.0
0.000630 -0.000586 2843.0
0.000630 -0.000587 2844.0
0.000630 -0.000587 2845.0
0.000630 -0.000587 2846.0
0.000630 -0.000588 2847.0
0.000629 -0.000588 2848.0
0.000629 -0.000588 2849.0
0.000629 -0.000589 2850.0
0.000629 -0.000589 2851.0
0.000629 -0.000589 2852.0
0.000628 -0.000589 2853.0
0.000628 -0.000590 2854.0
0.000628 -0.000590 2855.0
0.000628 -0.000590 2856.0
0.000628 -0.000591 2857.0
0.000627 -0.000591 2858.0
0.000627 -0.000591 2859.0
0.000627 -0.000592 2860.0
0.000627 -0.000592 2861.0
0.000627 -0.000592 2862.0
0.000626 -0.000593 2863.0
0.000626 -0.000593 2864.0
0.000626 -0.000593 2865.0
0.000626 -0.000594 2866.0
0.000626 -0.000594 2867.0
0.000625 -0.000594 2868.0
0.000625 -0.000594 2869.0
0.000625 -0.000595 2870.0
0.000625 -0.000595 2871.0
0.000625 -0.000595 2872.0
0.000624 -0.000596 2873.0
0.000624 -0.000596 2874.0
0.000623 -0.000594 2875.0
0.000623 -0.000594 2876.0
0.000623 -0.000595 2877.0
0.000623 -0.000595 2878.0
0.000623 -0.000595 2879.0
0.000623 -0.000595 2880.0
0.000623 -0.000595 2881.0
0.000623 -0.000596 2882.0
0.000623 -0.000596 2883.0
0.000623 -0.000596 2884.0
0.000623 -0.000596 2885.0
0.000623 -0.000596 2886.0
0.000623 -0.000597 2887.0
0.000623 -0.000597 2888.0
0.000623 -0.000597 2889.0
0.000622 -0.000597 2890.0
0.000622 -0.000597 2891.0
0.000622 -0.000598 2892.0
0.000622 -0.000598 2893.0
0.000622 -0.000598 2894.0
0.000622 -0.000598 2895.0
0.000622 -0.000598 2896.0
0.000622 -0.000599 2897.0
0.000622 -0.000599 2898.0
0.000622 -0.000599 2899.0
0.000622 -0.000599 2900.0
0.000622 -0.000599 2901.0
0.000622 -0.000600 2902.0
0.000622 -0.000600 2903.0
0.000622 -0.000600 2904.0
0.000622 -0.000600 2905.0
0.000622 -0.000600 2906.0
0.000622 -0.000601 2907.0
0.000622 -0.000601 2908.0
0.000622 -0.000601 2909.0
0.000622 -0.000601 2910.0
0.000622 -0.000601 2911.0
0.000622 -0.000601 2912.0
0.000622 -0.000602 2913.0
0.000622 -0.000602 2914.0
0.000622 -0.000602 2915.0
0.000622 -0.000602 2916.0
0.000622 -0.000603 2917.0
0.000622 -0.000603 2918.0
0.000622 -0.000603 2919.0
0.000621 -0.000603 2920.0
0.000621 -0.000604 2921.0
0.000621 -0.000604 2922.0
0.000621 -0.000604 2923.0
0.000621 -0.000604 2924.0
0.000621 -0.000605 2925.0
0.000621 -0.000605 2926.0
0.000621 -0.000605 2927.0
0.000621 -0.000605 2928.0
0.000621 -0.000606 2929.0
0.000621 -0.000606 2930.0
0.000621 -0.000606 2931.0
0.000621 -0.000607 2932.0
0.000620 -0.000607 2933.0
0.000620 -0.000607 2934.0
0.000620 -0.000607 2935.0
0.000620 -0.000608 2936.0
0.000620 -0.000608 2937.0
0.000620 -0.000608 2938.0
0.000620 -0.000608 2939.0
0.000620 -0.000609 2940.0
0.000620 -0.000609 2941.0
0.000620 -0.000609 2942.0
0.000620 -0.000609 2943.0
0.000620 -0.000610 2944.0
0.000620 -0.000610 2945.0
0.000619 -0.000610 2946.0
0.000619 -0.000610 2947.0
0.000619 -0.000611 2948.0
0.000619 -0.000611 2949.0
0.000619 -0.000611 2950.0
0.000619 -0.000611 2951.0
0.000619 -0.000612 2952.0
0.000619 -0.000612 2953.0
0.000619 -0.000612 2954.0
0.000619 -0.000612 2955.0
0.000619 -0.000613 2956.0
0.000619 -0.000613 2957.0
0.000619 -0.000613 2958.0
0.000618 -0.000613 2959.0
0.000618 -0.000614 2960.0
0.000618 -0.000614 2961.0
0.000618 -0.000614 2962.0
0.000618 -0.000615 2963.0
0.000618 -0.000615 2964.0
0.000618 -0.000615 2965.0
0.000618 -0.000615 2966.0
0.000618 -0.000616 2967.0
0.000618 -0.000616 2968.0
0.000617 -0.000615 2969.0
0.000618 -0.000615 2970.0
0.000618 -0.000616 2971.0
0.000619 -0.000616 2972.0
0.000620 -0.000616 2973.0
0.000621 -0.000616 2974.0
0.000622 -0.000616 2975.0
0.000623 -0.000617 2976.0
0.000623 -0.000617 2977.0
0.000624 -0.000617 2978.0
0.000625 -0.000617 2979.0
0.000626 -0.000617 2980.0
0.000627 -0.000618 2981.0
0.000627 -0.000618 2982.0
0.000628 -0.000618 2983.0
0.000629 -0.000618 2984.0
0.000630 -0.000618 2985.0
0.000631 -0.000619 2986.0
0.000632 -0.000619 2987.0
0.000632 -0.000619 2988.0
0.000633 -0.000619 2989.0
0.000634 -0.000619 2990.0
0.000635 -0.000620 2991.0
0.000636 -0.000620 2992.0
0.000636 -0.000620 2993.0
0.000637 -0.000620 2994.0
0.000638 -0.000620 2995.0
0.000639 -0.000621 2996.0
0.000640 -0.000621 2997.0
0.000641 -0.000621 2998.0
0.000641 -0.000621 2999.0
0.000642 -0.000621 3000.0
0.000643 -0.000622 3001.0
0.000644 -0.000622 3002.0
0.000645 -0.000622 3003.0
0.000646 -0.000622 3004.0
0.000646 -0.000622 3005.0
0.000647 -0.000623 3006.0
0.000648 -0.000623 3007.0
0.000649 -0.000623 3008.0
0.000650 -0.000623 3009.0
0.000650 -0.000623 3010.0
0.000651 -0.000624 3011.0
0.000652 -0.000624 3012.0
0.000653 -0.000624 3013.0
0.000654 -0.000624 3014.0
0.000655 -0.000624 3015.0
0.000655 -0.000624 3016.0
0.000656 -0.000625 3017.0
0.000657 -0.000625 3018.0
0.000658 -0.000625 3019.0
0.000659 -0.000625 3020.0
0.000659 -0.000625 3021.0
0.000660 -0.000626 3022.0
0.000661 -0.000626 3023.0
0.000662 -0.000626 3024.0
0.000663 -0.000626 3025.0
0.000664 -0.000626 3026.0
0.000664 -0.000627 3027.0
0.000665 -0.000627 3028.0
0.000666 -0.000625 3029.0
0.000666 -0.000625 3030.0
0.000666 -0.000625 3031.0
0.000666 -0.000625 3032.0
0.000667 -0.000625 3033.0
0.000667 -0.000625 3034.0
0.000667 -0.000625 3035.0
0.000667 -0.000625 3036.0
0.000668 -0.000625 3037.0
0.000668 -0.000625 3038.0
0.000668 -0.000625 3039.0
0.000668 -0.000625 3040.0
0.000669 -0.000625 3041.0
0.000669 -0.000625 3042.0
0.000669 -0.000625 3043.0
0.000669 -0.000625 3044.0
0.000670 -0.000626 3045.0
0.000670 -0.000626 3046.0
0.000670 -0.000626 3047.0
0.000670 -0.000626 3048.0
0.000671 -0.000626 3049.0
0.000671 -0.000626 3050.0
0.000671 -0.000626 3051.0
0.000671 -0.000626 3052.0
0.000672 -0.000626 3053.0
0.000672 -0.000626 3054.0
0.000672 -0.000626 3055.0
0.000672 -0.000626 3056.0
0.000673 -0.000626 3057.0
0.000673 -0.000626 3058.0
0.000673 -0.000626 3059.0
0.000673 -0.000626 3060.0
0.000674 -0.000627 3061.0
0.000674 -0.000627 3062.0
0.000674 -0.000627 3063.0
0.000674 -0.000627 3064.0
0.000675 -0.000627 3065.0
0.000675 -0.000627 3066.0
0.000675 -0.000627 3067.0
0.000676 -0.000627 3068.0
0.000676 -0.000627 3069.0
0.000676 -0.000627 3070.0
0.000676 -0.000627 3071.0
0.000677 -0.000627 3072.0
0.000677 -0.000627 3073.0
0.000677 -0.000627 3074.0
0.000677 -0.000627 3075.0
0.000678 -0.000627 3076.0
0.000678 -0.000628 3077.0
0.000678 -0.000628 3078.0
0.000678 -0.000628 3079.0
0.000679 -0.000628 3080.0
0.000679 -0.000628 3081.0
0.000679 -0.000628 3082.0
0.000679 -0.000628 3083.0
0.000680 -0.000628 3084.0
0.000680 -0.000628 3085.0
0.000680 -0.000628 3086.0
0.000680 -0.000628 3087.0
0.000681 -0.000628 3088.0
0.000681 -0.000628 3089.0
0.000681 -0.000628 3090.0
0.000682 -0.000628 3091.0
0.000682 -0.000628 3092.0
0.000683 -0.000628 3093.0
0.000683 -0.000628 3094.0
0.000684 -0.000628 3095.0
0.000684 -0.000628 3096.0
0.000685 -0.000629 3097.0
0.000685 -0.000629 3098.0
0.000686 -0.000629 3099.0
0.000687 -0.000629 3100.0
0.000687 -0.000629 3101.0
0.000688 -0.000629 3102.0
0.000688 -0.000629 3103.0
0.000689 -0.000629 3104.0
0.000689 -0.000630 3105.0
0.000690 -0.000630 3106.0
0.000690 -0.000630 3107.0
0.000691 -0.000630 3108.0
0.000692 -0.000630 3109.0
0.000692 -0.000630 3110.0
0.000693 -0.000630 3111.0
0.000693 -0.000631 3112.0
0.000694 -0.000631 3113.0
0.000694 -0.000631 3114.0
0.000695 -0.000631 3115.0
0.000695 -0.000631 3116.0
0.000696 -0.000631 3117.0
0.000697 -0.000631 3118.0
0.000697 -0.000632 3119.0
0.000698 -0.000632 3120.0
0.000698 -0.000632 3121.0
0.000699 -0.000632 3122.0
0.000699 -0.000632 3123.0
0.000700 -0.000632 3124.0
0.000700 -0.000632 3125.0
0.000701 -0.000633 3126.0
0.000702 -0.000633 3127.0
0.000702 -0.000633 3128.0
0.000703 -0.000633 3129.0
0.000703 -0.000633 3130.0
0.000704 -0.000633 3131.0
0.000704 -0.000633 3132.0
0.000705 -0.000634 3133.0
0.000705 -0.000634 3134.0
0.000706 -0.000634 3135.0
0.000707 -0.000634 3136.0
0.000707 -0.000634 3137.0
0.000708 -0.000634 3138.0
0.000708 -0.000634 3139.0
0.000709 -0.000635 3140.0
0.000709 -0.000635 3141.0
0.000710 -0.000635 3142.0
0.000710 -0.000635 3143.0
0.000711 -0.000635 3144.0
0.000711 -0.000635 3145.0
0.000712 -0.000635 3146.0
0.000713 -0.000635 3147.0
0.000713 -0.000636 3148.0
0.000714 -0.000636 3149.0
0.000714 -0.000636 3150.0
0.000715 -0.000634 3151.0
0.000715 -0.000634 3152.0
0.000715 -0.000634 3153.0
0.000716 -0.000635 3154.0
0.000716 -0.000635 3155.0
0.000717 -0.000635 3156.0
0.000717 -0.000635 3157.0
0.000718 -0.000635 3158.0
0.000718 -0.000635 3159.0
0.000719 -0.000635 3160.0
0.000719 -0.000635 3161.0
0.000719 -0.000635 3162.0
0.000720 -0.000636 3163.0
0.000720 -0.000636 3164.0
0.000721 -0.000636 3165.0
0.000721 -0.000636 3166.0
0.000722 -0.000636 3167.0
0.000722 -0.000636 3168.0
0.000723 -0.000636 3169.0
0.000723 -0.000636 3170.0
0.000723 -0.000636 3171.0
0.000724 -0.000637 3172.0
0.000724 -0.000637 3173.0
0.000725 -0.000637 3174.0
0.000725 -0.000637 3175.0
0.000726 -0.000637 3176.0
0.000726 -0.000637 3177.0
0.000727 -0.000637 3178.0
0.000727 -0.000637 3179.0
0.000727 -0.000637 3180.0
0.000728 -0.000638 3181.0
0.000728 -0.000638 3182.0
0.000729 -0.000638 3183.0
0.000729 -0.000638 3184.0
0.000730 -0.000638 3185.0
0.000730 -0.000638 3186.0
0.000731 -0.000638 3187.0
0.000731 -0.000638 3188.0
0.000731 -0.000639 3189.0
0.000732 -0.000639 3190.0
0.000732 -0.000639 3191.0
0.000733 -0.000639 3192.0
0.000733 -0.000639 3193.0
0.000734 -0.000639 3194.0
0.000734 -0.000639 3195.0
0.000735 -0.000639 3196.0
0.000735 -0.000639 3197.0
0.000735 -0.000640 3198.0
0.000736 -0.000640 3199.0
0.000736 -0.000640 3200.0
0.000737 -0.000640 3201.0
0.000737 -0.000640 3202.0
0.000738 -0.000640 3203.0
0.000738 -0.000640 3204.0
0.000738 -0.000640 3205.0
0.000739 -0.000640 3206.0
0.000739 -0.000641 3207.0
0.000740 -0.000641 3208.0
0.000740 -0.000641 3209.0
0.000741 -0.000641 3210.0
0.000741 -0.000641 3211.0
0.000741 -0.000640 3212.0
0.000742 -0.000640 3213.0
0.000742 -0.000640 3214.0
0.000743 -0.000640 3215.0
0.000744 -0.000640 3216.0
0.000744 -0.000640 3217.0
0.000745 -0.000640 3218.0
0.000745 -0.000641 3219.0
0.000746 -0.000641 3220.0
0.000746 -0.000641 3221.0
0.000747 -0.000641 3222.0
0.000747 -0.000641 3223.0
0.000748 -0.000641 3224.0
0.000748 -0.000641 3225.0
0.000749 -0.000642 3226.0
0.000749 -0.000642 3227.0
0.000750 -0.000642 3228.0
0.000751 -0.000642 3229.0
0.000751 -0.000642 3230.0
0.000752 -0.000642 3231.0
0.000752 -0.000642 3232.0
0.000753 -0.000642 3233.0
0.000753 -0.000643 3234.0
0.000754 -0.000643 3235.0
0.000754 -0.000643 3236.0
0.000755 -0.000643 3237.0
0.000755 -0.000643 3238.0
0.000756 -0.000643 3239.0
0.000756 -0.000643 3240.0
0.000757 -0.000644 3241.0
0.000758 -0.000644 3242.0
0.000758 -0.000644 3243.0
0.000759 -0.000644 3244.0
0.000759 -0.000644 3245.0
0.000760 -0.000644 3246.0
0.000760 -0.000644 3247.0
0.000761 -0.000644 3248.0
0.000761 -0.000645 3249.0
0.000762 -0.000645 3250.0
0.000762 -0.000645 3251.0
0.000763 -0.000645 3252.0
0.000764 -0.000645 3253.0
0.000764 -0.000645 3254.0
0.000765 -0.000645 3255.0
0.000765 -0.000646 3256.0
0.000766 -0.000646 3257.0
0.000766 -0.000646 3258.0
0.000767 -0.000646 3259.0
0.000767 -0.000646 3260.0
0.000768 -0.000646 3261.0
0.000768 -0.000646 3262.0
0.000769 -0.000647 3263.0
0.000769 -0.000647 3264.0
0.000770 -0.000647 3265.0
0.000771 -0.000647 3266.0
0.000771 -0.000647 3267.0
0.000772 -0.000647 3268.0
0.000772 -0.000647 3269.0
0.000773 -0.000647 3270.0
0.000773 -0.000648 3271.0
0.000773 -0.000646 3272.0
0.000774 -0.000646 3273.0
0.000774 -0.000646 3274.0
0.000775 -0.000646 3275.0
0.000775 -0.000647 3276.0
0.000776 -0.000647 3277.0
0.000776 -0.000647 3278.0
0.000777 -0.000647 3279.0
0.000777 -0.000647 3280.0
0.000778 -0.000647 3281.0
0.000778 -0.000647 3282.0
0.000779 -0.000647 3283.0
0.000779 -0.000647 3284.0
0.000780 -0.000648 3285.0
0.000780 -0.000648 3286.0
0.000781 -0.000648 3287.0
0.000781 -0.000648 3288.0
0.000781 -0.000648 3289.0
0.000782 -0.000648 3290.0
0.000782 -0.000648 3291.0
0.000783 -0.000648 3292.0
0.000783 -0.000649 3293.0
0.000784 -0.000649 3294.0
0.000784 -0.000649 3295.0
0.000785 -0.000649 3296.0
0.000785 -0.000649 3297.0
0.000786 -0.000649 3298.0
0.000786 -0.000649 3299.0
0.000787 -0.000649 3300.0
0.000787 -0.000649 3301.0
0.000788 -0.000650 3302.0
0.000788 -0.000650 3303.0
0.000788 -0.000650 3304.0
0.000789 -0.000650 3305.0
0.000789 -0.000650 3306.0
0.000790 -0.000650 3307.0
0.000790 -0.000650 3308.0
0.000791 -0.000650 3309.0
0.000791 -0.000651 3310.0
0.000792 -0.000651 3311.0
0.000792 -0.000651 3312.0
0.000793 -0.000651 3313.0
0.000793 -0.000651 3314.0
0.000794 -0.000651 3315.0
0.000794 -0.000651 3316.0
0.000795 -0.000651 3317.0
0.000795 -0.000650 3318.0
0.000795 -0.000650 3319.0
0.000795 -0.000650 3320.0
0.000795 -0.000650 3321.0
0.000795 -0.000650 3322.0
0.000794 -0.000650 3323.0
0.000794 -0.000649 3324.0
0.000794 -0.000649 3325.0
0.000794 -0.000649 3326.0
0.000793 -0.000648 3327.0
0.000793 -0.000648 3328.0
0.000793 -0.000648 3329.0
0.000793 -0.000647 3330.0
0.000792 -0.000647 3331.0
0.000792 -0.000647 3332.0
0.000792 -0.000647 3333.0
0.000792 -0.000646 3334.0
0.000792 -0.000646 3335.0
0.000791 -0.000646 3336.0
0.000791 -0.000645 3337.0
0.000791 -0.000645 3338.0
0.000791 -0.000645 3339.0
0.000790 -0.000645 3340.0
0.000790 -0.000644 3341.0
0.000790 -0.000644 3342.0
0.000790 -0.000644 3343.0
0.000789 -0.000643 3344.0
0.000789 -0.000643 3345.0
0.000789 -0.000643 3346.0
0.000789 -0.000643 3347.0
0.000788 -0.000642 3348.0
0.000788 -0.000642 3349.0
0.000788 -0.000642 3350.0
0.000788 -0.000641 3351.0
0.000787 -0.000641 3352.0
0.000787 -0.000641 3353.0
0.000787 -0.000640 3354.0
0.000787 -0.000640 3355.0
0.000786 -0.000640 3356.0
0.000786 -0.000640 3357.0
0.000786 -0.000639 3358.0
0.000786 -0.000639 3359.0
0.000785 -0.000639 3360.0
0.000785 -0.000638 3361.0
0.000785 -0.000638 3362.0
0.000785 -0.000638 3363.0
0.000784 -0.000638 3364.0
0.000784 -0.000637 3365.0
0.000784 -0.000637 3366.0
0.000784 -0.000637 3367.0
0.000784 -0.000636 3368.0
0.000783 -0.000636 3369.0
0.000783 -0.000636 3370.0
0.000783 -0.000635 3371.0
0.000783 -0.000635 3372.0
0.000782 -0.000635 3373.0
0.000782 -0.000635 3374.0
0.000782 -0.000634 3375.0
0.000782 -0.000634 3376.0
0.000781 -0.000634 3377.0
0.000781 -0.000633 3378.0
0.000781 -0.000633 3379.0
0.000779 -0.000635 3380.0
0.000779 -0.000635 3381.0
0.000779 -0.000635 3382.0
0.000779 -0.000635 3383.0
0.000779 -0.000635 3384.0
0.000779 -0.000635 3385.0
0.000778 -0.000635 3386.0
0.000778 -0.000635 3387.0
0.000778 -0.000635 3388.0
0.000778 -0.000635 3389.0
0.000778 -0.000635 3390.0
0.000778 -0.000635 3391.0
0.000777 -0.000635 3392.0
0.000777 -0.000635 3393.0
0.000777 -0.000635 3394.0
0.000777 -0.000635 3395.0
0.000777 -0.000635 3396.0
0.000777 -0.000634 3397.0
0.000776 -0.000634 3398.0
0.000776 -0.000634 3399.0
0.000776 -0.000634 3400.0
0.000776 -0.000634 3401.0
0.000776 -0.000634 3402.0
0.000776 -0.000634 3403.0
0.000775 -0.000634 3404.0
0.000775 -0.000634 3405.0
0.000775 -0.000634 3406.0
0.000775 -0.000634 3407.0
0.000775 -0.000634 3408.0
0.000775 -0.000634 3409.0
0.000774 -0.000634 3410.0
0.000774 -0.000634 3411.0
0.000774 -0.000634 3412.0
0.000774 -0.000634 3413.0
0.000774 -0.000634 3414.0
0.000774 -0.000634 3415.0
0.000773 -0.000634 3416.0
0.000773 -0.000634 3417.0
0.000773 -0.000634 3418.0
0.000773 -0.000633 3419.0
0.000773 -0.000633 3420.0
0.000773 -0.000633 3421.0
0.000772 -0.000633 3422.0
0.000772 -0.000633 3423.0
0.000772 -0.000633 3424.0
0.000772 -0.000633 3425.0
0.000772 -0.000633 3426.0
0.000772 -0.000633 3427.0
0.000771 -0.000633 3428.0
0.000771 -0.000633 3429.0
0.000771 -0.000633 3430.0
0.000771 -0.000633 3431.0
0.000771 -0.000633 3432.0
0.000771 -0.000633 3433.0
0.000770 -0.000633 3434.0
0.000770 -0.000633 3435.0
0.000770 -0.000633 3436.0
0.000770 -0.000633 3437.0
0.000770 -0.000633 3438.0
0.000770 -0.000633 3439.0
0.000769 -0.000633 3440.0
0.000769 -0.000633 3441.0
0.000768 -0.000633 3442.0
0.000767 -0.000633 3443.0
0.000767 -0.000632 3444.0
0.000766 -0.000632 3445.0
0.000765 -0.000632 3446.0
0.000765 -0.000632 3447.0
0.000764 -0.000632 3448.0
0.000763 -0.000632 3449.0
0.000763 -0.000631 3450.0
0.000762 -0.000631 3451.0
0.000761 -0.000631 3452.0
0.000761 -0.000631 3453.0
0.000760 -0.000631 3454.0
0.000759 -0.000631 3455.0
0.000758 -0.000630 3456.0
0.000758 -0.000630 3457.0
0.000757 -0.000630 3458.0
0.000756 -0.000630 3459.0
0.000756 -0.000630 3460.0
0.000755 -0.000630 3461.0
0.000754 -0.000629 3462.0
0.000754 -0.000629 3463.0
0.000753 -0.000629 3464.0
0.000752 -0.000629 3465.0
0.000752 -0.000629 3466.0
0.000751 -0.000628 3467.0
0.000750 -0.000628 3468.0
0.000749 -0.000628 3469.0
0.000749 -0.000628 3470.0
0.000748 -0.000628 3471.0
0.000747 -0.000628 3472.0
0.000747 -0.000627 3473.0
0.000746 -0.000627 3474.0
0.000745 -0.000627 3475.0
0.000745 -0.000627 3476.0
0.000744 -0.000627 3477.0
0.000743 -0.000627 3478.0
0.000743 -0.000626 3479.0
0.000742 -0.000626 3480.0
0.000741 -0.000626 3481.0
0.000741 -0.000626 3482.0
0.000740 -0.000626 3483.0
0.000739 -0.000626 3484.0
0.000738 -0.000625 3485.0
0.000738 -0.000625 3486.0
0.000737 -0.000625 3487.0
0.000736 -0.000625 3488.0
0.000736 -0.000625 3489.0
0.000735 -0.000625 3490.0
0.000734 -0.000624 3491.0
0.000734 -0.000624 3492.0
0.000733 -0.000624 3493.0
0.000732 -0.000624 3494.0
0.000732 -0.000624 3495.0
0.000731 -0.000624 3496.0
0.000730 -0.000623 3497.0
0.000730 -0.000623 3498.0
0.000729 -0.000623 3499.0
0.000729 -0.000625 3500.0
0.000728 -0.000625 3501.0
0.000728 -0.000625 3502.0
0.000728 -0.000625 3503.0
0.000728 -0.000625 3504.0
0.000728 -0.000625 3505.0
0.000728 -0.000625 3506.0
0.000728 -0.000625 3507.0
0.000728 -0.000625 3508.0
0.000727 -0.000625 3509.0
0.000727 -0.000625 3510.0
0.000727 -0.000625 3511.0
0.000727 -0.000625 3512.0
0.000727 -0.000625 3513.0
0.000727 -0.000625 3514.0
0.000727 -0.000625 3515.0
0.000726 -0.000624 3516.0
0.000726 -0.000624 3517.0
0.000726 -0.000624 3518.0
0.000726 -0.000624 3519.0
0.000726 -0.000624 3520.0
0.000726 -0.000624 3521.0
0.000726 -0.000624 3522.0
0.000726 -0.000624 3523.0
0.000725 -0.000624 3524.0
0.000725 -0.000624 3525.0
0.000725 -0.000624 3526.0
0.000725 -0.000624 3527.0
0.000725 -0.000624 3528.0
0.000725 -0.000624 3529.0
0.000725 -0.000624 3530.0
0.000725 -0.000624 3531.0
0.000724 -0.000624 3532.0
0.000724 -0.000624 3533.0
0.000724 -0.000624 3534.0
0.000724 -0.000624 3535.0
0.000724 -0.000624 3536.0
0.000724 -0.000624 3537.0
0.000724 -0.000624 3538.0
0.000723 -0.000624 3539.0
0.000723 -0.000624 3540.0
0.000723 -0.000624 3541.0
0.000723 -0.000624 3542.0
0.000723 -0.000624 3543.0
0.000723 -0.000624 3544.0
0.000723 -0.000623 3545.0
0.000723 -0.000623 3546.0
0.000722 -0.000623 3547.0
0.000722 -0.000623 3548.0
0.000722 -0.000623 3549.0
0.000722 -0.000623 3550.0
0.000722 -0.000623 3551.0
0.000722 -0.000623 3552.0
0.000722 -0.000623 3553.0
0.000722 -0.000623 3554.0
0.000721 -0.000623 3555.0
0.000721 -0.000623 3556.0
0.000721 -0.000623 3557.0
0.000721 -0.000623 3558.0
0.000721 -0.000623 3559.0
0.000721 -0.000623 3560.0
0.000721 -0.000623 3561.0
0.000721 -0.000623 3562.0
0.000720 -0.000623 3563.0
0.000720 -0.000623 3564.0
