0.000644 -0.001137 49.0
0.000644 -0.001137 50.0
0.000644 -0.001137 51.0
0.000644 -0.001137 52.0
0.000644 -0.001137 53.0
0.000644 -0.001137 54.0
0.000644 -0.001137 55.0
0.000644 -0.001137 56.0
0.000644 -0.001136 57.0
0.000644 -0.001136 58.0
0.000644 -0.001136 59.0
0.000644 -0.001136 60.0
0.000644 -0.001136 61.0
0.000644 -0.001136 62.0
0.000644 -0.001136 63.0
0.000644 -0.001136 64.0
0.000644 -0.001136 65.0
0.000644 -0.001136 66.0
0.000644 -0.001136 67.0
0.000644 -0.001136 68.0
0.000644 -0.001136 69.0
0.000644 -0.001136 70.0
0.000644 -0.001136 71.0
0.000644 -0.001136 72.0
0.000644 -0.001136 73.0
0.000644 -0.001136 74.0
0.000644 -0.001136 75.0
0.000644 -0.001136 76.0
0.000644 -0.001136 77.0
0.000644 -0.001136 78.0
0.000644 -0.001136 79.0
0.000644 -0.001136 80.0
0.000644 -0.001136 81.0
0.000644 -0.001136 82.0
0.000644 -0.001136 83.0
0.000644 -0.001136 84.0
0.000644 -0.001136 85.0
0.000644 -0.001136 86.0
0.000644 -0.001136 87.0
0.000644 -0.001136 88.0
0.000644 -0.001136 89.0
0.000644 -0.001136 90.0
0.000644 -0.001136 91.0
0.000644 -0.001136 92.0
0.000644 -0.001136 93.0
0.000644 -0.001136 94.0
0.000644 -0.001136 95.0
0.000644 -0.001136 96.0
0.000644 -0.001136 97.0
0.000644 -0.001136 98.0
0.000644 -0.001136 99.0
0.000644 -0.001136 100.0
0.000644 -0.001136 101.0
0.000644 -0.001136 102.0
0.000644 -0.001136 103.0
0.000644 -0.001136 104.0
0.000644 -0.001136 105.0
0.000644 -0.001136 106.0
0.000644 -0.001136 107.0
0.000644 -0.001136 108.0
0.000644 -0.001136 109.0
0.000644 -0.001136 110.0
0.000644 -0.001136 111.0
0.000644 -0.001136 112.0
0.000644 -0.001136 113.0
0.000644 -0.001136 114.0
0.000644 -0.001136 115.0
0.000644 -0.001136 116.0
0.000644 -0.001136 117.0
0.000644 -0.001136 118.0
0.000644 -0.001136 119.0
0.000644 -0.001136 120.0
0.000644 -0.001136 121.0
0.000644 -0.001136 122.0
0.000644 -0.001136 123.0
0.000644 -0.001136 124.0
0.000644 -0.001136 125.0
0.000644 -0.001136 126.0
0.000644 -0.001136 127.0
0.000644 -0.001136 128.0
0.000644 -0.001136 129.0
0.000644 -0.001136 130.0
0.000644 -0.001136 131.0
0.000644 -0.001136 132.0
0.000644 -0.001136 133.0
0.000644 -0.001136 134.0
0.000644 -0.001136 135.0
0.000644 -0.001136 136.0
0.000644 -0.001136 137.0
0.000644 -0.001136 138.0
0.000644 -0.001136 139.0
0.000644 -0.001136 140.0
0.000644 -0.001136 141.0
0.000644 -0.001136 142.0
0.000644 -0.001136 143.0
0.000644 -0.001136 144.0
0.000644 -0.001136 145.0
0.000644 -0.001136 146.0
0.000644 -0.001136 147.0
0.000644 -0.001136 148.0
0.000644 -0.001136 149.0
0.000644 -0.001136 150.0
0.000644 -0.001136 151.0
0.000644 -0.001136 152.0
0.000644 -0.001136 153.0
0.000644 -0.001136 154.0
0.000644 -0.001136 155.0
0.000644 -0.001136 156.0
0.000644 -0.001136 157.0
0.000644 -0.001136 158.0
0.000644 -0.001136 159.0
0.000644 -0.001136 160.0
0.000644 -0.001136 161.0
0.000644 -0.001136 162.0
0.000644 -0.001136 163.0
0.000644 -0.001136 164.0
0.000644 -0.001136 165.0
0.000644 -0.001136 166.0
0.000644 -0.001136 167.0
0.000644 -0.001136 168.0
0.000644 -0.001136 169.0
0.000644 -0.001136 170.0
0.000644 -0.001136 171.0
0.000644 -0.001136 172.0
0.000644 -0.001136 173.0
0.000644 -0.001136 174.0
0.000644 -0.001136 175.0
0.000644 -0.001136 176.0
0.000644 -0.001136 177.0
0.000644 -0.001136 178.0
0.000644 -0.001136 179.0
0.000644 -0.001136 180.0
0.000644 -0.001136 181.0
0.000644 -0.001136 182.0
0.000644 -0.001136 183.0
0.000644 -0.001136 184.0
0.000644 -0.001136 185.0
0.000644 -0.001136 186.0
0.000644 -0.001136 187.0
0.000644 -0.001136 188.0
0.000644 -0.001136 189.0
0.000644 -0.001136 190.0
0.000644 -0.001136 191.0
0.000644 -0.001136 192.0
0.000644 -0.001136 193.0
0.000644 -0.001136 194.0
0.000644 -0.001136 195.0
0.000644 -0.001136 196.0
0.000644 -0.001136 197.0
0.000644 -0.001136 198.0
0.000644 -0.001136 199.0
0.000644 -0.001136 200.0
0.000644 -0.001136 201.0
0.000644 -0.001136 202.0
0.000644 -0.001136 203.0
0.000644 -0.001136 204.0
0.000644 -0.001136 205.0
0.000644 -0.001136 206.0
0.000644 -0.001136 207.0
0.000644 -0.001136 208.0
0.000644 -0.001136 209.0
0.000644 -0.001136 210.0
0.000644 -0.001136 211.0
0.000644 -0.001136 212.0
0.000644 -0.001136 213.0
0.000644 -0.001136 214.0
0.000644 -0.001136 215.0
0.000644 -0.001136 216.0
0.000644 -0.001136 217.0
0.000644 -0.001136 218.0
0.000644 -0.001136 219.0
0.000644 -0.001136 220.0
0.000644 -0.001136 221.0
0.000644 -0.001136 222.0
0.000644 -0.001136 223.0
0.000644 -0.001136 224.0
0.000644 -0.001136 225.0
0.000644 -0.001136 226.0
0.000644 -0.001136 227.0
0.000644 -0.001136 228.0
0.000644 -0.001136 229.0
0.000644 -0.001136 230.0
0.000644 -0.001136 231.0
0.000644 -0.001135 232.0
0.000644 -0.001135 233.0
0.000644 -0.001134 234.0
0.000644 -0.001134 235.0
0.000644 -0.001134 236.0
0.000644 -0.001133 237.0
0.000644 -0.001133 238.0
0.000644 -0.001133 239.0
0.000644 -0.001132 240.0
0.000644 -0.001132 241.0
0.000644 -0.001131 242.0
0.000644 -0.001131 243.0
0.000644 -0.001131 244.0
0.000644 -0.001130 245.0
0.000644 -0.001130 246.0
0.000644 -0.001129 247.0
0.000644 -0.001129 248.0
0.000644 -0.001129 249.0
0.000644 -0.001128 250.0
0.000644 -0.001128 251.0
0.000644 -0.001128 252.0
0.000644 -0.001127 253.0
0.000644 -0.001127 254.0
0.000644 -0.001126 255.0
0.000644 -0.001126 256.0
0.000644 -0.001126 257.0
0.000644 -0.001125 258.0
0.000644 -0.001125 259.0
0.000644 -0.001125 260.0
0.000645 -0.001124 261.0
0.000645 -0.001124 262.0
0.000645 -0.001123 263.0
0.000645 -0.001123 264.0
0.000645 -0.001123 265.0
0.000645 -0.001122 266.0
0.000645 -0.001122 267.0
0.000645 -0.001121 268.0
0.000645 -0.001121 269.0
0.000645 -0.001121 270.0
0.000645 -0.001120 271.0
0.000645 -0.001120 272.0
0.000645 -0.001120 273.0
0.000645 -0.001119 274.0
0.000645 -0.001119 275.0
0.000645 -0.001118 276.0
0.000645 -0.001118 277.0
0.000645 -0.001118 278.0
0.000645 -0.001117 279.0
0.000645 -0.001117 280.0
0.000645 -0.001117 281.0
0.000645 -0.001116 282.0
0.000645 -0.001116 283.0
0.000645 -0.001115 284.0
0.000645 -0.001115 285.0
0.000645 -0.001115 286.0
0.000645 -0.001114 287.0
0.000645 -0.001114 288.0
0.000645 -0.001113 289.0
0.000645 -0.001113 290.0
0.000645 -0.001113 291.0
0.000645 -0.001112 292.0
0.000645 -0.001112 293.0
0.000646 -0.001112 294.0
0.000646 -0.001110 295.0
0.000646 -0.001109 296.0
0.000646 -0.001107 297.0
0.000646 -0.001106 298.0
0.000646 -0.001104 299.0
0.000646 -0.001102 300.0
0.000646 -0.001101 301.0
0.000646 -0.001099 302.0
0.000646 -0.001098 303.0
0.000646 -0.001096 304.0
0.000646 -0.001094 305.0
0.000646 -0.001093 306.0
0.000646 -0.001091 307.0
0.000646 -0.001089 308.0
0.000646 -0.001088 309.0
0.000647 -0.001086 310.0
0.000647 -0.001085 311.0
0.000647 -0.001083 312.0
0.000647 -0.001081 313.0
0.000647 -0.001080 314.0
0.000647 -0.001078 315.0
0.000647 -0.001077 316.0
0.000647 -0.001075 317.0
0.000647 -0.001073 318.0
0.000647 -0.001072 319.0
0.000647 -0.001070 320.0
0.000647 -0.001069 321.0
0.000647 -0.001067 322.0
0.000647 -0.001065 323.0
0.000647 -0.001064 324.0
0.000647 -0.001062 325.0
0.000647 -0.001061 326.0
0.000648 -0.001059 327.0
0.000648 -0.001057 328.0
0.000648 -0.001056 329.0
0.000648 -0.001054 330.0
0.000648 -0.001053 331.0
0.000648 -0.001051 332.0
0.000648 -0.001049 333.0
0.000648 -0.001048 334.0
0.000648 -0.001046 335.0
0.000648 -0.001045 336.0
0.000648 -0.001043 337.0
0.000648 -0.001041 338.0
0.000648 -0.001040 339.0
0.000648 -0.001038 340.0
0.000648 -0.001037 341.0
0.000648 -0.001035 342.0
0.000648 -0.001033 343.0
0.000649 -0.001032 344.0
0.000649 -0.001030 345.0
0.000649 -0.001029 346.0
0.000649 -0.001027 347.0
0.000649 -0.001025 348.0
0.000649 -0.001024 349.0
0.000649 -0.001022 350.0
0.000649 -0.001020 351.0
0.000649 -0.001019 352.0
0.000650 -0.001019 353.0
0.000650 -0.001017 354.0
0.000650 -0.001016 355.0
0.000650 -0.001014 356.0
0.000650 -0.001013 357.0
0.000650 -0.001011 358.0
0.000650 -0.001010 359.0
0.000650 -0.001008 360.0
0.000650 -0.001007 361.0
0.000650 -0.001005 362.0
0.000650 -0.001004 363.0
0.000650 -0.001003 364.0
0.000651 -0.001001 365.0
0.000651 -0.001000 366.0
0.000651 -0.000998 367.0
0.000651 -0.000997 368.0
0.000651 -0.000995 369.0
0.000651 -0.000994 370.0
0.000651 -0.000992 371.0
0.000651 -0.000991 372.0
0.000651 -0.000989 373.0
0.000651 -0.000988 374.0
0.000651 -0.000986 375.0
0.000651 -0.000985 376.0
0.000651 -0.000983 377.0
0.000651 -0.000982 378.0
0.000651 -0.000980 379.0
0.000651 -0.000979 380.0
0.000651 -0.000977 381.0
0.000652 -0.000976 382.0
0.000652 -0.000974 383.0
0.000652 -0.000973 384.0
0.000652 -0.000971 385.0
0.000652 -0.000970 386.0
0.000652 -0.000968 387.0
0.000652 -0.000967 388.0
0.000652 -0.000965 389.0
0.000652 -0.000964 390.0
0.000652 -0.000962 391.0
0.000652 -0.000961 392.0
0.000652 -0.000959 393.0
0.000652 -0.000958 394.0
0.000652 -0.000956 395.0
0.000652 -0.000955 396.0
0.000652 -0.000953 397.0
0.000652 -0.000952 398.0
0.000653 -0.000950 399.0
0.000653 -0.000949 400.0
0.000653 -0.000947 401.0
0.000653 -0.000946 402.0
0.000653 -0.000944 403.0
0.000654 -0.000944 404.0
0.000654 -0.000944 405.0
0.000654 -0.000943 406.0
0.000654 -0.000943 407.0
0.000654 -0.000942 408.0
0.000654 -0.000941 409.0
0.000654 -0.000941 410.0
0.000654 -0.000940 411.0
0.000654 -0.000939 412.0
0.000654 -0.000939 413.0
0.000654 -0.000938 414.0
0.000654 -0.000938 415.0
0.000654 -0.000937 416.0
0.000654 -0.000936 417.0
0.000654 -0.000936 418.0
0.000654 -0.000935 419.0
0.000654 -0.000934 420.0
0.000654 -0.000934 421.0
0.000654 -0.000933 422.0
0.000654 -0.000933 423.0
0.000654 -0.000932 424.0
0.000654 -0.000931 425.0
0.000654 -0.000931 426.0
0.000654 -0.000930 427.0
0.000654 -0.000929 428.0
0.000654 -0.000929 429.0
0.000654 -0.000928 430.0
0.000654 -0.000928 431.0
0.000654 -0.000927 432.0
0.000654 -0.000926 433.0
0.000654 -0.000926 434.0
0.000654 -0.000925 435.0
0.000654 -0.000924 436.0
0.000654 -0.000924 437.0
0.000654 -0.000923 438.0
0.000654 -0.000923 439.0
0.000654 -0.000922 440.0
0.000654 -0.000921 441.0
0.000654 -0.000921 442.0
0.000654 -0.000920 443.0
0.000654 -0.000919 444.0
0.000654 -0.000919 445.0
0.000654 -0.000918 446.0
0.000654 -0.000918 447.0
0.000654 -0.000917 448.0
0.000654 -0.000916 449.0
0.000654 -0.000916 450.0
0.000654 -0.000915 451.0
0.000654 -0.000914 452.0
0.000654 -0.000914 453.0
0.000654 -0.000913 454.0
0.000654 -0.000913 455.0
0.000654 -0.000912 456.0
0.000654 -0.000911 457.0
0.000654 -0.000911 458.0
0.000655 -0.000910 459.0
0.000655 -0.000909 460.0
0.000655 -0.000909 461.0
0.000655 -0.000908 462.0
0.000655 -0.000908 463.0
0.000655 -0.000907 464.0
0.000655 -0.000906 465.0
0.000655 -0.000906 466.0
0.000655 -0.000905 467.0
0.000655 -0.000905 468.0
0.000655 -0.000904 469.0
0.000655 -0.000903 470.0
0.000655 -0.000903 471.0
0.000655 -0.000902 472.0
0.000655 -0.000901 473.0
0.000655 -0.000901 474.0
0.000655 -0.000901 475.0
0.000654 -0.000901 476.0
0.000654 -0.000901 477.0
0.000653 -0.000900 478.0
0.000653 -0.000900 479.0
0.000653 -0.000900 480.0
0.000652 -0.000900 481.0
0.000652 -0.000899 482.0
0.000651 -0.000899 483.0
0.000651 -0.000899 484.0
0.000650 -0.000899 485.0
0.000650 -0.000898 486.0
0.000650 -0.000898 487.0
0.000649 -0.000898 488.0
0.000649 -0.000898 489.0
0.000648 -0.000897 490.0
0.000648 -0.000897 491.0
0.000647 -0.000897 492.0
0.000647 -0.000897 493.0
0.000647 -0.000896 494.0
0.000646 -0.000896 495.0
0.000646 -0.000896 496.0
0.000645 -0.000896 497.0
0.000645 -0.000895 498.0
0.000644 -0.000895 499.0
0.000644 -0.000895 500.0
0.000644 -0.000895 501.0
0.000643 -0.000894 502.0
0.000643 -0.000894 503.0
0.000642 -0.000894 504.0
0.000642 -0.000894 505.0
0.000641 -0.000894 506.0
0.000641 -0.000893 507.0
0.000641 -0.000893 508.0
0.000640 -0.000893 509.0
0.000640 -0.000893 510.0
0.000639 -0.000892 511.0
0.000639 -0.000892 512.0
0.000638 -0.000892 513.0
0.000638 -0.000892 514.0
0.000638 -0.000891 515.0
0.000637 -0.000891 516.0
0.000637 -0.000891 517.0
0.000636 -0.000891 518.0
0.000636 -0.000890 519.0
0.000636 -0.000890 520.0
0.000635 -0.000890 521.0
0.000635 -0.000890 522.0
0.000634 -0.000889 523.0
0.000634 -0.000889 524.0
0.000633 -0.000891 525.0
0.000633 -0.000891 526.0
0.000632 -0.000891 527.0
0.000632 -0.000891 528.0
0.000631 -0.000891 529.0
0.000631 -0.000891 530.0
0.000630 -0.000891 531.0
0.000630 -0.000890 532.0
0.000629 -0.000890 533.0
0.000629 -0.000890 534.0
0.000628 -0.000890 535.0
0.000628 -0.000890 536.0
0.000627 -0.000890 537.0
0.000627 -0.000890 538.0
0.000627 -0.000890 539.0
0.000626 -0.000890 540.0
0.000626 -0.000889 541.0
0.000625 -0.000889 542.0
0.000625 -0.000889 543.0
0.000624 -0.000889 544.0
0.000624 -0.000889 545.0
0.000623 -0.000889 546.0
0.000623 -0.000889 547.0
0.000622 -0.000889 548.0
0.000622 -0.000889 549.0
0.000621 -0.000889 550.0
0.000621 -0.000888 551.0
0.000620 -0.000888 552.0
0.000620 -0.000888 553.0
0.000620 -0.000888 554.0
0.000619 -0.000888 555.0
0.000619 -0.000888 556.0
0.000618 -0.000888 557.0
0.000618 -0.000888 558.0
0.000617 -0.000888 559.0
0.000617 -0.000887 560.0
0.000616 -0.000887 561.0
0.000616 -0.000887 562.0
0.000615 -0.000887 563.0
0.000615 -0.000887 564.0
0.000614 -0.000887 565.0
0.000614 -0.000887 566.0
0.000613 -0.000887 567.0
0.000613 -0.000887 568.0
0.000613 -0.000886 569.0
0.000612 -0.000886 570.0
0.000612 -0.000886 571.0
0.000611 -0.000886 572.0
0.000611 -0.000886 573.0
0.000610 -0.000886 574.0
0.000610 -0.000886 575.0
0.000609 -0.000886 576.0
0.000609 -0.000886 577.0
0.000608 -0.000885 578.0
0.000608 -0.000885 579.0
0.000607 -0.000885 580.0
0.000607 -0.000885 581.0
0.000606 -0.000885 582.0
0.000606 -0.000885 583.0
0.000605 -0.000885 584.0
0.000605 -0.000886 585.0
0.000605 -0.000886 586.0
0.000604 -0.000886 587.0
0.000604 -0.000886 588.0
0.000604 -0.000886 589.0
0.000603 -0.000886 590.0
0.000603 -0.000885 591.0
0.000602 -0.000885 592.0
0.000602 -0.000885 593.0
0.000601 -0.000885 594.0
0.000601 -0.000885 595.0
0.000601 -0.000885 596.0
0.000600 -0.000885 597.0
0.000600 -0.000885 598.0
0.000599 -0.000885 599.0
0.000599 -0.000884 600.0
0.000598 -0.000884 601.0
0.000598 -0.000884 602.0
0.000597 -0.000884 603.0
0.000597 -0.000884 604.0
0.000597 -0.000884 605.0
0.000596 -0.000884 606.0
0.000596 -0.000884 607.0
0.000595 -0.000884 608.0
0.000595 -0.000883 609.0
0.000594 -0.000883 610.0
0.000594 -0.000883 611.0
0.000594 -0.000883 612.0
0.000593 -0.000883 613.0
0.000593 -0.000883 614.0
0.000592 -0.000883 615.0
0.000592 -0.000883 616.0
0.000591 -0.000883 617.0
0.000591 -0.000883 618.0
0.000591 -0.000882 619.0
0.000590 -0.000882 620.0
0.000590 -0.000882 621.0
0.000589 -0.000882 622.0
0.000589 -0.000882 623.0
0.000588 -0.000882 624.0
0.000588 -0.000882 625.0
0.000587 -0.000882 626.0
0.000587 -0.000882 627.0
0.000587 -0.000881 628.0
0.000586 -0.000881 629.0
0.000586 -0.000881 630.0
0.000585 -0.000881 631.0
0.000585 -0.000881 632.0
0.000584 -0.000881 633.0
0.000584 -0.000881 634.0
0.000584 -0.000881 635.0
0.000583 -0.000881 636.0
0.000583 -0.000880 637.0
0.000582 -0.000880 638.0
0.000582 -0.000880 639.0
0.000581 -0.000880 640.0
0.000581 -0.000880 641.0
0.000581 -0.000880 642.0
0.000580 -0.000880 643.0
0.000580 -0.000880 644.0
0.000579 -0.000881 645.0
0.000580 -0.000880 646.0
0.000580 -0.000879 647.0
0.000580 -0.000878 648.0
0.000580 -0.000877 649.0
0.000580 -0.000877 650.0
0.000580 -0.000876 651.0
0.000580 -0.000875 652.0
0.000580 -0.000874 653.0
0.000580 -0.000873 654.0
0.000580 -0.000872 655.0
0.000580 -0.000871 656.0
0.000580 -0.000870 657.0
0.000580 -0.000869 658.0
0.000580 -0.000869 659.0
0.000581 -0.000868 660.0
0.000581 -0.000867 661.0
0.000581 -0.000866 662.0
0.000581 -0.000865 663.0
0.000581 -0.000864 664.0
0.000581 -0.000863 665.0
0.000581 -0.000862 666.0
0.000581 -0.000861 667.0
0.000581 -0.000861 668.0
0.000581 -0.000860 669.0
0.000581 -0.000859 670.0
0.000581 -0.000858 671.0
0.000581 -0.000857 672.0
0.000581 -0.000856 673.0
0.000581 -0.000855 674.0
0.000582 -0.000854 675.0
0.000582 -0.000853 676.0
0.000582 -0.000853 677.0
0.000582 -0.000852 678.0
0.000582 -0.000851 679.0
0.000582 -0.000850 680.0
0.000582 -0.000849 681.0
0.000582 -0.000848 682.0
0.000582 -0.000847 683.0
0.000582 -0.000846 684.0
0.000582 -0.000845 685.0
0.000582 -0.000845 686.0
0.000582 -0.000844 687.0
0.000582 -0.000843 688.0
0.000582 -0.000842 689.0
0.000583 -0.000841 690.0
0.000583 -0.000840 691.0
0.000583 -0.000839 692.0
0.000583 -0.000838 693.0
0.000583 -0.000837 694.0
0.000583 -0.000837 695.0
0.000583 -0.000836 696.0
0.000583 -0.000835 697.0
0.000583 -0.000834 698.0
0.000583 -0.000833 699.0
0.000583 -0.000832 700.0
0.000583 -0.000831 701.0
0.000583 -0.000830 702.0
0.000583 -0.000829 703.0
0.000584 -0.000829 704.0
0.000584 -0.000828 705.0
0.000584 -0.000827 706.0
0.000584 -0.000826 707.0
0.000584 -0.000825 708.0
0.000584 -0.000824 709.0
0.000584 -0.000823 710.0
0.000584 -0.000822 711.0
0.000584 -0.000821 712.0
0.000584 -0.000820 713.0
0.000584 -0.000820 714.0
0.000584 -0.000819 715.0
0.000584 -0.000818 716.0
0.000584 -0.000817 717.0
0.000584 -0.000816 718.0
0.000585 -0.000815 719.0
0.000585 -0.000814 720.0
0.000585 -0.000813 721.0
0.000585 -0.000812 722.0
0.000585 -0.000812 723.0
0.000585 -0.000811 724.0
0.000585 -0.000810 725.0
0.000585 -0.000809 726.0
0.000585 -0.000808 727.0
0.000585 -0.000807 728.0
0.000585 -0.000806 729.0
0.000585 -0.000805 730.0
0.000585 -0.000804 731.0
0.000585 -0.000804 732.0
0.000586 -0.000803 733.0
0.000586 -0.000802 734.0
0.000586 -0.000801 735.0
0.000586 -0.000800 736.0
0.000586 -0.000799 737.0
0.000586 -0.000798 738.0
0.000586 -0.000797 739.0
0.000586 -0.000796 740.0
0.000586 -0.000796 741.0
0.000586 -0.000795 742.0
0.000586 -0.000794 743.0
0.000586 -0.000793 744.0
0.000586 -0.000792 745.0
0.000586 -0.000791 746.0
0.000586 -0.000790 747.0
0.000587 -0.000789 748.0
0.000587 -0.000788 749.0
0.000587 -0.000788 750.0
0.000587 -0.000787 751.0
0.000587 -0.000786 752.0
0.000587 -0.000785 753.0
0.000587 -0.000784 754.0
0.000587 -0.000783 755.0
0.000587 -0.000782 756.0
0.000587 -0.000781 757.0
0.000587 -0.000780 758.0
0.000587 -0.000780 759.0
0.000587 -0.000779 760.0
0.000587 -0.000778 761.0
0.000587 -0.000777 762.0
0.000588 -0.000776 763.0
0.000588 -0.000775 764.0
0.000588 -0.000774 765.0
0.000588 -0.000773 766.0
0.000588 -0.000772 767.0
0.000588 -0.000772 768.0
0.000588 -0.000771 769.0
0.000588 -0.000770 770.0
0.000588 -0.000769 771.0
0.000588 -0.000768 772.0
0.000588 -0.000767 773.0
0.000588 -0.000766 774.0
0.000588 -0.000765 775.0
0.000591 -0.000766 776.0
0.000591 -0.000764 777.0
0.000591 -0.000763 778.0
0.000591 -0.000762 779.0
0.000591 -0.000761 780.0
0.000591 -0.000760 781.0
0.000591 -0.000759 782.0
0.000591 -0.000757 783.0
0.000591 -0.000756 784.0
0.000592 -0.000755 785.0
0.000592 -0.000754 786.0
0.000592 -0.000753 787.0
0.000592 -0.000752 788.0
0.000592 -0.000750 789.0
0.000592 -0.000749 790.0
0.000592 -0.000748 791.0
0.000592 -0.000747 792.0
0.000592 -0.000746 793.0
0.000593 -0.000745 794.0
0.000593 -0.000743 795.0
0.000593 -0.000742 796.0
0.000593 -0.000741 797.0
0.000593 -0.000740 798.0
0.000593 -0.000739 799.0
0.000593 -0.000738 800.0
0.000593 -0.000736 801.0
0.000593 -0.000735 802.0
0.000594 -0.000734 803.0
0.000594 -0.000733 804.0
0.000594 -0.000732 805.0
0.000594 -0.000731 806.0
0.000594 -0.000729 807.0
0.000594 -0.000728 808.0
0.000594 -0.000727 809.0
0.000594 -0.000726 810.0
0.000594 -0.000725 811.0
0.000595 -0.000723 812.0
0.000595 -0.000722 813.0
0.000595 -0.000721 814.0
0.000595 -0.000720 815.0
0.000595 -0.000719 816.0
0.000595 -0.000718 817.0
0.000595 -0.000716 818.0
0.000595 -0.000715 819.0
0.000595 -0.000714 820.0
0.000596 -0.000713 821.0
0.000596 -0.000712 822.0
0.000596 -0.000711 823.0
0.000596 -0.000709 824.0
0.000597 -0.000710 825.0
0.000597 -0.000709 826.0
0.000597 -0.000709 827.0
0.000597 -0.000709 828.0
0.000597 -0.000709 829.0
0.000596 -0.000709 830.0
0.000596 -0.000709 831.0
0.000596 -0.000708 832.0
0.000596 -0.000708 833.0
0.000596 -0.000708 834.0
0.000596 -0.000708 835.0
0.000596 -0.000708 836.0
0.000595 -0.000707 837.0
0.000595 -0.000707 838.0
0.000595 -0.000707 839.0
0.000595 -0.000707 840.0
0.000595 -0.000707 841.0
0.000595 -0.000707 842.0
0.000595 -0.000706 843.0
0.000594 -0.000706 844.0
0.000594 -0.000706 845.0
0.000594 -0.000706 846.0
0.000594 -0.000706 847.0
0.000594 -0.000705 848.0
0.000594 -0.000705 849.0
0.000594 -0.000705 850.0
0.000593 -0.000705 851.0
0.000593 -0.000705 852.0
0.000593 -0.000704 853.0
0.000593 -0.000704 854.0
0.000593 -0.000704 855.0
0.000593 -0.000704 856.0
0.000593 -0.000704 857.0
0.000592 -0.000704 858.0
0.000592 -0.000703 859.0
0.000592 -0.000703 860.0
0.000592 -0.000703 861.0
0.000592 -0.000703 862.0
0.000592 -0.000703 863.0
0.000592 -0.000702 864.0
0.000591 -0.000702 865.0
0.000591 -0.000702 866.0
0.000591 -0.000702 867.0
0.000591 -0.000702 868.0
0.000591 -0.000702 869.0
0.000591 -0.000701 870.0
0.000591 -0.000701 871.0
0.000590 -0.000701 872.0
0.000590 -0.000701 873.0
0.000590 -0.000701 874.0
0.000590 -0.000700 875.0
0.000590 -0.000700 876.0
0.000590 -0.000700 877.0
0.000590 -0.000700 878.0
0.000590 -0.000700 879.0
0.000589 -0.000700 880.0
0.000589 -0.000699 881.0
0.000589 -0.000699 882.0
0.000589 -0.000699 883.0
0.000589 -0.000699 884.0
0.000589 -0.000699 885.0
0.000589 -0.000698 886.0
0.000588 -0.000698 887.0
0.000588 -0.000698 888.0
0.000587 -0.000699 889.0
0.000587 -0.000699 890.0
0.000587 -0.000699 891.0
0.000587 -0.000699 892.0
0.000587 -0.000699 893.0
0.000587 -0.000699 894.0
0.000587 -0.000699 895.0
0.000587 -0.000699 896.0
0.000587 -0.000699 897.0
0.000587 -0.000699 898.0
0.000587 -0.000699 899.0
0.000587 -0.000699 900.0
0.000587 -0.000699 901.0
0.000587 -0.000699 902.0
0.000587 -0.000699 903.0
0.000587 -0.000699 904.0
0.000587 -0.000699 905.0
0.000587 -0.000699 906.0
0.000587 -0.000699 907.0
0.000587 -0.000699 908.0
0.000587 -0.000699 909.0
0.000587 -0.000699 910.0
0.000587 -0.000699 911.0
0.000587 -0.000699 912.0
0.000587 -0.000699 913.0
0.000587 -0.000699 914.0
0.000587 -0.000699 915.0
0.000587 -0.000699 916.0
0.000587 -0.000699 917.0
0.000587 -0.000699 918.0
0.000587 -0.000699 919.0
0.000587 -0.000699 920.0
0.000587 -0.000699 921.0
0.000587 -0.000699 922.0
0.000587 -0.000699 923.0
0.000587 -0.000699 924.0
0.000587 -0.000699 925.0
0.000587 -0.000699 926.0
0.000587 -0.000699 927.0
0.000587 -0.000699 928.0
0.000587 -0.000699 929.0
0.000587 -0.000699 930.0
0.000587 -0.000699 931.0
0.000587 -0.000699 932.0
0.000587 -0.000699 933.0
0.000587 -0.000699 934.0
0.000587 -0.000699 935.0
0.000587 -0.000700 936.0
0.000587 -0.000700 937.0
0.000587 -0.000700 938.0
0.000587 -0.000700 939.0
0.000587 -0.000700 940.0
0.000587 -0.000700 941.0
0.000587 -0.000700 942.0
0.000587 -0.000700 943.0
0.000587 -0.000700 944.0
0.000587 -0.000700 945.0
0.000587 -0.000700 946.0
0.000587 -0.000700 947.0
0.000587 -0.000700 948.0
0.000587 -0.000700 949.0
0.000587 -0.000700 950.0
0.000587 -0.000700 951.0
0.000587 -0.000700 952.0
0.000587 -0.000700 953.0
0.000587 -0.000700 954.0
0.000587 -0.000700 955.0
0.000587 -0.000700 956.0
0.000587 -0.000700 957.0
0.000588 -0.000700 958.0
0.000588 -0.000700 959.0
0.000588 -0.000700 960.0
0.000588 -0.000700 961.0
0.000588 -0.000700 962.0
0.000588 -0.000700 963.0
0.000588 -0.000700 964.0
0.000588 -0.000700 965.0
0.000589 -0.000700 966.0
0.000589 -0.000700 967.0
0.000589 -0.000700 968.0
0.000589 -0.000700 969.0
0.000589 -0.000700 970.0
0.000589 -0.000700 971.0
0.000590 -0.000700 972.0
0.000590 -0.000700 973.0
0.000590 -0.000700 974.0
0.000590 -0.000700 975.0
0.000590 -0.000700 976.0
0.000590 -0.000700 977.0
0.000591 -0.000701 978.0
0.000591 -0.000701 979.0
0.000591 -0.000701 980.0
0.000591 -0.000701 981.0
0.000591 -0.000701 982.0
0.000591 -0.000701 983.0
0.000592 -0.000701 984.0
0.000592 -0.000701 985.0
0.000592 -0.000701 986.0
0.000592 -0.000701 987.0
0.000592 -0.000701 988.0
0.000592 -0.000701 989.0
0.000593 -0.000701 990.0
0.000593 -0.000701 991.0
0.000593 -0.000701 992.0
0.000593 -0.000701 993.0
0.000593 -0.000701 994.0
0.000594 -0.000701 995.0
0.000594 -0.000701 996.0
0.000594 -0.000701 997.0
0.000594 -0.000701 998.0
0.000594 -0.000701 999.0
0.000594 -0.000702 1000.0
0.000595 -0.000702 1001.0
0.000595 -0.000702 1002.0
0.000595 -0.000702 1003.0
0.000595 -0.000702 1004.0
0.000595 -0.000702 1005.0
0.000595 -0.000702 1006.0
0.000596 -0.000702 1007.0
0.000596 -0.000702 1008.0
0.000596 -0.000702 1009.0
0.000596 -0.000702 1010.0
0.000596 -0.000702 1011.0
0.000596 -0.000702 1012.0
0.000597 -0.000702 1013.0
0.000597 -0.000702 1014.0
0.000597 -0.000702 1015.0
0.000597 -0.000702 1016.0
0.000597 -0.000702 1017.0
0.000597 -0.000702 1018.0
0.000597 -0.000702 1019.0
0.000598 -0.000702 1020.0
0.000598 -0.000702 1021.0
0.000598 -0.000702 1022.0
0.000598 -0.000703 1023.0
0.000598 -0.000703 1024.0
0.000598 -0.000703 1025.0
0.000598 -0.000703 1026.0
0.000598 -0.000703 1027.0
0.000599 -0.000703 1028.0
0.000599 -0.000703 1029.0
0.000599 -0.000703 1030.0
0.000599 -0.000703 1031.0
0.000599 -0.000704 1032.0
0.000599 -0.000704 1033.0
0.000599 -0.000704 1034.0
0.000599 -0.000704 1035.0
0.000600 -0.000704 1036.0
0.000600 -0.000704 1037.0
0.000600 -0.000704 1038.0
0.000600 -0.000704 1039.0
0.000600 -0.000705 1040.0
0.000600 -0.000705 1041.0
0.000600 -0.000705 1042.0
0.000601 -0.000705 1043.0
0.000601 -0.000705 1044.0
0.000601 -0.000705 1045.0
0.000601 -0.000705 1046.0
0.000601 -0.000705 1047.0
0.000601 -0.000705 1048.0
0.000601 -0.000706 1049.0
0.000601 -0.000706 1050.0
0.000602 -0.000706 1051.0
0.000602 -0.000706 1052.0
0.000602 -0.000706 1053.0
0.000602 -0.000706 1054.0
0.000602 -0.000706 1055.0
0.000602 -0.000706 1056.0
0.000602 -0.000707 1057.0
0.000602 -0.000707 1058.0
0.000603 -0.000707 1059.0
0.000603 -0.000707 1060.0
0.000603 -0.000707 1061.0
0.000603 -0.000707 1062.0
0.000603 -0.000707 1063.0
0.000603 -0.000707 1064.0
0.000603 -0.000707 1065.0
0.000604 -0.000708 1066.0
0.000604 -0.000708 1067.0
0.000604 -0.000708 1068.0
0.000604 -0.000708 1069.0
0.000604 -0.000708 1070.0
0.000604 -0.000708 1071.0
0.000604 -0.000708 1072.0
0.000604 -0.000708 1073.0
0.000605 -0.000709 1074.0
0.000605 -0.000709 1075.0
0.000605 -0.000708 1076.0
0.000605 -0.000708 1077.0
0.000605 -0.000709 1078.0
0.000605 -0.000709 1079.0
0.000605 -0.000710 1080.0
0.000605 -0.000710 1081.0
0.000605 -0.000711 1082.0
0.000605 -0.000712 1083.0
0.000605 -0.000712 1084.0
0.000605 -0.000713 1085.0
0.000605 -0.000713 1086.0
0.000605 -0.000714 1087.0
0.000605 -0.000714 1088.0
0.000605 -0.000715 1089.0
0.000605 -0.000715 1090.0
0.000605 -0.000716 1091.0
0.000604 -0.000717 1092.0
0.000604 -0.000717 1093.0
0.000604 -0.000718 1094.0
0.000604 -0.000718 1095.0
0.000604 -0.000719 1096.0
0.000604 -0.000719 1097.0
0.000604 -0.000720 1098.0
0.000604 -0.000720 1099.0
0.000604 -0.000721 1100.0
0.000604 -0.000722 1101.0
0.000604 -0.000722 1102.0
0.000604 -0.000723 1103.0
0.000604 -0.000723 1104.0
0.000604 -0.000724 1105.0
0.000604 -0.000724 1106.0
0.000604 -0.000725 1107.0
0.000604 -0.000725 1108.0
0.000604 -0.000726 1109.0
0.000604 -0.000727 1110.0
0.000604 -0.000727 1111.0
0.000604 -0.000728 1112.0
0.000603 -0.000728 1113.0
0.000603 -0.000729 1114.0
0.000603 -0.000729 1115.0
0.000603 -0.000730 1116.0
0.000603 -0.000731 1117.0
0.000603 -0.000731 1118.0
0.000603 -0.000732 1119.0
0.000603 -0.000732 1120.0
0.000603 -0.000733 1121.0
0.000603 -0.000733 1122.0
0.000603 -0.000734 1123.0
0.000603 -0.000734 1124.0
0.000603 -0.000735 1125.0
0.000603 -0.000736 1126.0
0.000603 -0.000736 1127.0
0.000603 -0.000737 1128.0
0.000603 -0.000737 1129.0
0.000603 -0.000738 1130.0
0.000603 -0.000738 1131.0
0.000603 -0.000739 1132.0
0.000603 -0.000739 1133.0
0.000603 -0.000740 1134.0
0.000602 -0.000741 1135.0
0.000602 -0.000740 1136.0
0.000602 -0.000741 1137.0
0.000602 -0.000741 1138.0
0.000602 -0.000741 1139.0
0.000602 -0.000742 1140.0
0.000602 -0.000742 1141.0
0.000601 -0.000742 1142.0
0.000601 -0.000743 1143.0
0.000601 -0.000743 1144.0
0.000601 -0.000743 1145.0
0.000601 -0.000744 1146.0
0.000601 -0.000744 1147.0
0.000601 -0.000744 1148.0
0.000601 -0.000745 1149.0
0.000601 -0.000745 1150.0
0.000601 -0.000746 1151.0
0.000601 -0.000746 1152.0
0.000601 -0.000746 1153.0
0.000601 -0.000747 1154.0
0.000601 -0.000747 1155.0
0.000601 -0.000747 1156.0
0.000601 -0.000748 1157.0
0.000601 -0.000748 1158.0
0.000601 -0.000748 1159.0
0.000601 -0.000749 1160.0
0.000601 -0.000749 1161.0
0.000601 -0.000749 1162.0
0.000601 -0.000750 1163.0
0.000600 -0.000750 1164.0
0.000600 -0.000750 1165.0
0.000600 -0.000751 1166.0
0.000600 -0.000751 1167.0
0.000600 -0.000751 1168.0
0.000600 -0.000752 1169.0
0.000600 -0.000752 1170.0
0.000600 -0.000752 1171.0
0.000600 -0.000753 1172.0
0.000600 -0.000753 1173.0
0.000600 -0.000753 1174.0
0.000600 -0.000754 1175.0
0.000600 -0.000754 1176.0
0.000600 -0.000754 1177.0
0.000600 -0.000755 1178.0
0.000600 -0.000755 1179.0
0.000600 -0.000755 1180.0
0.000600 -0.000756 1181.0
0.000600 -0.000756 1182.0
0.000600 -0.000756 1183.0
0.000600 -0.000757 1184.0
0.000599 -0.000757 1185.0
0.000599 -0.000757 1186.0
0.000599 -0.000758 1187.0
0.000599 -0.000758 1188.0
0.000599 -0.000758 1189.0
0.000599 -0.000759 1190.0
0.000599 -0.000759 1191.0
0.000599 -0.000759 1192.0
0.000599 -0.000760 1193.0
0.000599 -0.000760 1194.0
0.000599 -0.000760 1195.0
0.000599 -0.000761 1196.0
0.000599 -0.000761 1197.0
0.000599 -0.000761 1198.0
0.000599 -0.000762 1199.0
0.000599 -0.000762 1200.0
0.000599 -0.000762 1201.0
0.000599 -0.000763 1202.0
0.000599 -0.000763 1203.0
0.000599 -0.000763 1204.0
0.000599 -0.000764 1205.0
0.000598 -0.000764 1206.0
0.000598 -0.000764 1207.0
0.000598 -0.000764 1208.0
0.000598 -0.000764 1209.0
0.000598 -0.000764 1210.0
0.000598 -0.000764 1211.0
0.000598 -0.000764 1212.0
0.000598 -0.000764 1213.0
0.000598 -0.000764 1214.0
0.000598 -0.000764 1215.0
0.000598 -0.000764 1216.0
0.000598 -0.000764 1217.0
0.000598 -0.000764 1218.0
0.000598 -0.000764 1219.0
0.000598 -0.000764 1220.0
0.000598 -0.000763 1221.0
0.000598 -0.000763 1222.0
0.000598 -0.000763 1223.0
0.000597 -0.000763 1224.0
0.000597 -0.000763 1225.0
0.000597 -0.000763 1226.0
0.000597 -0.000763 1227.0
0.000597 -0.000763 1228.0
0.000597 -0.000763 1229.0
0.000597 -0.000763 1230.0
0.000597 -0.000763 1231.0
0.000597 -0.000763 1232.0
0.000597 -0.000763 1233.0
0.000597 -0.000763 1234.0
0.000597 -0.000763 1235.0
0.000597 -0.000763 1236.0
0.000597 -0.000763 1237.0
0.000597 -0.000763 1238.0
0.000597 -0.000763 1239.0
0.000597 -0.000763 1240.0
0.000597 -0.000763 1241.0
0.000597 -0.000763 1242.0
0.000597 -0.000763 1243.0
0.000597 -0.000763 1244.0
0.000597 -0.000763 1245.0
0.000597 -0.000763 1246.0
0.000597 -0.000763 1247.0
0.000597 -0.000763 1248.0
0.000597 -0.000763 1249.0
0.000597 -0.000763 1250.0
0.000597 -0.000763 1251.0
0.000597 -0.000763 1252.0
0.000597 -0.000763 1253.0
0.000597 -0.000763 1254.0
0.000597 -0.000763 1255.0
0.000597 -0.000763 1256.0
0.000597 -0.000763 1257.0
0.000597 -0.000763 1258.0
0.000597 -0.000763 1259.0
0.000597 -0.000763 1260.0
0.000597 -0.000763 1261.0
0.000597 -0.000763 1262.0
0.000597 -0.000763 1263.0
0.000597 -0.000764 1264.0
0.000597 -0.000764 1265.0
0.000597 -0.000764 1266.0
0.000597 -0.000764 1267.0
0.000597 -0.000764 1268.0
0.000597 -0.000764 1269.0
0.000597 -0.000764 1270.0
0.000597 -0.000764 1271.0
0.000597 -0.000764 1272.0
0.000597 -0.000764 1273.0
0.000597 -0.000764 1274.0
0.000597 -0.000765 1275.0
0.000597 -0.000765 1276.0
0.000597 -0.000765 1277.0
0.000597 -0.000765 1278.0
0.000597 -0.000765 1279.0
0.000597 -0.000765 1280.0
0.000597 -0.000765 1281.0
0.000597 -0.000765 1282.0
0.000597 -0.000765 1283.0
0.000597 -0.000765 1284.0
0.000597 -0.000765 1285.0
0.000597 -0.000766 1286.0
0.000597 -0.000766 1287.0
0.000597 -0.000766 1288.0
0.000597 -0.000766 1289.0
0.000597 -0.000766 1290.0
0.000597 -0.000766 1291.0
0.000597 -0.000766 1292.0
0.000597 -0.000766 1293.0
0.000597 -0.000766 1294.0
0.000597 -0.000766 1295.0
0.000597 -0.000766 1296.0
0.000597 -0.000767 1297.0
0.000597 -0.000767 1298.0
0.000597 -0.000767 1299.0
0.000597 -0.000767 1300.0
0.000597 -0.000767 1301.0
0.000597 -0.000767 1302.0
0.000597 -0.000767 1303.0
0.000597 -0.000767 1304.0
0.000597 -0.000767 1305.0
0.000597 -0.000767 1306.0
0.000597 -0.000767 1307.0
0.000597 -0.000768 1308.0
0.000597 -0.000768 1309.0
0.000597 -0.000768 1310.0
0.000597 -0.000768 1311.0
0.000597 -0.000768 1312.0
0.000597 -0.000768 1313.0
0.000597 -0.000768 1314.0
0.000597 -0.000768 1315.0
0.000597 -0.000768 1316.0
0.000597 -0.000769 1317.0
0.000597 -0.000770 1318.0
0.000596 -0.000771 1319.0
0.000596 -0.000772 1320.0
0.000596 -0.000772 1321.0
0.000596 -0.000773 1322.0
0.000596 -0.000774 1323.0
0.000596 -0.000775 1324.0
0.000596 -0.000776 1325.0
0.000596 -0.000777 1326.0
0.000596 -0.000777 1327.0
0.000596 -0.000778 1328.0
0.000596 -0.000779 1329.0
0.000596 -0.000780 1330.0
0.000595 -0.000781 1331.0
0.000595 -0.000782 1332.0
0.000595 -0.000783 1333.0
0.000595 -0.000783 1334.0
0.000595 -0.000784 1335.0
0.000595 -0.000785 1336.0
0.000595 -0.000786 1337.0
0.000595 -0.000787 1338.0
0.000595 -0.000788 1339.0
0.000595 -0.000789 1340.0
0.000595 -0.000789 1341.0
0.000594 -0.000790 1342.0
0.000594 -0.000791 1343.0
0.000594 -0.000792 1344.0
0.000594 -0.000793 1345.0
0.000594 -0.000794 1346.0
0.000594 -0.000794 1347.0
0.000594 -0.000795 1348.0
0.000594 -0.000796 1349.0
0.000594 -0.000797 1350.0
0.000594 -0.000798 1351.0
0.000594 -0.000799 1352.0
0.000594 -0.000800 1353.0
0.000593 -0.000800 1354.0
0.000593 -0.000801 1355.0
0.000593 -0.000802 1356.0
0.000593 -0.000803 1357.0
0.000593 -0.000804 1358.0
0.000593 -0.000805 1359.0
0.000593 -0.000805 1360.0
0.000593 -0.000806 1361.0
0.000593 -0.000807 1362.0
0.000593 -0.000808 1363.0
0.000593 -0.000809 1364.0
0.000593 -0.000810 1365.0
0.000592 -0.000811 1366.0
0.000592 -0.000811 1367.0
0.000592 -0.000812 1368.0
0.000592 -0.000813 1369.0
0.000592 -0.000814 1370.0
0.000592 -0.000815 1371.0
0.000592 -0.000816 1372.0
0.000592 -0.000816 1373.0
0.000592 -0.000817 1374.0
0.000592 -0.000818 1375.0
0.000590 -0.000818 1376.0
0.000590 -0.000819 1377.0
0.000590 -0.000820 1378.0
0.000590 -0.000821 1379.0
0.000590 -0.000822 1380.0
0.000590 -0.000823 1381.0
0.000590 -0.000824 1382.0
0.000590 -0.000825 1383.0
0.000589 -0.000827 1384.0
0.000589 -0.000828 1385.0
0.000589 -0.000829 1386.0
0.000589 -0.000830 1387.0
0.000589 -0.000831 1388.0
0.000589 -0.000832 1389.0
0.000589 -0.000833 1390.0
0.000589 -0.000834 1391.0
0.000588 -0.000835 1392.0
0.000588 -0.000836 1393.0
0.000588 -0.000837 1394.0
0.000588 -0.000838 1395.0
0.000588 -0.000839 1396.0
0.000588 -0.000841 1397.0
0.000588 -0.000842 1398.0
0.000588 -0.000843 1399.0
0.000587 -0.000844 1400.0
0.000587 -0.000845 1401.0
0.000587 -0.000846 1402.0
0.000587 -0.000847 1403.0
0.000587 -0.000848 1404.0
0.000587 -0.000849 1405.0
0.000587 -0.000850 1406.0
0.000587 -0.000851 1407.0
0.000586 -0.000852 1408.0
0.000586 -0.000853 1409.0
0.000586 -0.000855 1410.0
0.000586 -0.000856 1411.0
0.000586 -0.000857 1412.0
0.000586 -0.000858 1413.0
0.000586 -0.000859 1414.0
0.000585 -0.000860 1415.0
0.000585 -0.000861 1416.0
0.000585 -0.000862 1417.0
0.000585 -0.000863 1418.0
0.000585 -0.000864 1419.0
0.000585 -0.000865 1420.0
0.000585 -0.000866 1421.0
0.000585 -0.000867 1422.0
0.000584 -0.000869 1423.0
0.000584 -0.000870 1424.0
0.000584 -0.000871 1425.0
0.000584 -0.000872 1426.0
0.000584 -0.000873 1427.0
0.000584 -0.000874 1428.0
0.000584 -0.000875 1429.0
0.000584 -0.000876 1430.0
0.000583 -0.000877 1431.0
0.000583 -0.000878 1432.0
0.000583 -0.000879 1433.0
0.000583 -0.000880 1434.0
0.000583 -0.000881 1435.0
0.000581 -0.000881 1436.0
0.000581 -0.000881 1437.0
0.000581 -0.000881 1438.0
0.000581 -0.000880 1439.0
0.000581 -0.000880 1440.0
0.000581 -0.000880 1441.0
0.000581 -0.000880 1442.0
0.000581 -0.000880 1443.0
0.000581 -0.000879 1444.0
0.000581 -0.000879 1445.0
0.000580 -0.000879 1446.0
0.000580 -0.000879 1447.0
0.000580 -0.000879 1448.0
0.000580 -0.000878 1449.0
0.000580 -0.000878 1450.0
0.000580 -0.000878 1451.0
0.000580 -0.000878 1452.0
0.000580 -0.000878 1453.0
0.000580 -0.000877 1454.0
0.000580 -0.000877 1455.0
0.000580 -0.000877 1456.0
0.000580 -0.000877 1457.0
0.000580 -0.000877 1458.0
0.000580 -0.000876 1459.0
0.000580 -0.000876 1460.0
0.000580 -0.000876 1461.0
0.000580 -0.000876 1462.0
0.000579 -0.000876 1463.0
0.000579 -0.000875 1464.0
0.000579 -0.000875 1465.0
0.000579 -0.000875 1466.0
0.000579 -0.000875 1467.0
0.000579 -0.000875 1468.0
0.000579 -0.000874 1469.0
0.000579 -0.000874 1470.0
0.000579 -0.000874 1471.0
0.000579 -0.000874 1472.0
0.000579 -0.000874 1473.0
0.000579 -0.000873 1474.0
0.000579 -0.000873 1475.0
0.000579 -0.000873 1476.0
0.000579 -0.000873 1477.0
0.000579 -0.000873 1478.0
0.000578 -0.000872 1479.0
0.000578 -0.000872 1480.0
0.000578 -0.000872 1481.0
0.000578 -0.000872 1482.0
0.000578 -0.000871 1483.0
0.000578 -0.000871 1484.0
0.000578 -0.000871 1485.0
0.000578 -0.000871 1486.0
0.000578 -0.000871 1487.0
0.000578 -0.000870 1488.0
0.000578 -0.000870 1489.0
0.000578 -0.000870 1490.0
0.000578 -0.000870 1491.0
0.000578 -0.000870 1492.0
0.000578 -0.000869 1493.0
0.000578 -0.000869 1494.0
0.000578 -0.000869 1495.0
0.000577 -0.000869 1496.0
0.000577 -0.000869 1497.0
0.000577 -0.000869 1498.0
0.000577 -0.000868 1499.0
0.000577 -0.000868 1500.0
0.000577 -0.000867 1501.0
0.000577 -0.000867 1502.0
0.000577 -0.000867 1503.0
0.000577 -0.000866 1504.0
0.000577 -0.000866 1505.0
0.000577 -0.000865 1506.0
0.000577 -0.000865 1507.0
0.000577 -0.000865 1508.0
0.000577 -0.000864 1509.0
0.000577 -0.000864 1510.0
0.000578 -0.000863 1511.0
0.000578 -0.000863 1512.0
0.000578 -0.000862 1513.0
0.000578 -0.000862 1514.0
0.000578 -0.000862 1515.0
0.000578 -0.000861 1516.0
0.000578 -0.000861 1517.0
0.000578 -0.000860 1518.0
0.000578 -0.000860 1519.0
0.000578 -0.000860 1520.0
0.000578 -0.000859 1521.0
0.000578 -0.000859 1522.0
0.000578 -0.000858 1523.0
0.000578 -0.000858 1524.0
0.000578 -0.000858 1525.0
0.000578 -0.000857 1526.0
0.000578 -0.000857 1527.0
0.000578 -0.000856 1528.0
0.000578 -0.000856 1529.0
0.000578 -0.000856 1530.0
0.000579 -0.000855 1531.0
0.000579 -0.000855 1532.0
0.000579 -0.000854 1533.0
0.000579 -0.000854 1534.0
0.000579 -0.000853 1535.0
0.000579 -0.000853 1536.0
0.000579 -0.000853 1537.0
0.000579 -0.000852 1538.0
0.000579 -0.000852 1539.0
0.000579 -0.000851 1540.0
0.000579 -0.000851 1541.0
0.000579 -0.000851 1542.0
0.000579 -0.000850 1543.0
0.000579 -0.000850 1544.0
0.000579 -0.000849 1545.0
0.000579 -0.000849 1546.0
0.000579 -0.000849 1547.0
0.000579 -0.000848 1548.0
0.000579 -0.000848 1549.0
0.000580 -0.000847 1550.0
0.000580 -0.000847 1551.0
0.000580 -0.000847 1552.0
0.000580 -0.000846 1553.0
0.000580 -0.000846 1554.0
0.000580 -0.000845 1555.0
0.000580 -0.000845 1556.0
0.000580 -0.000844 1557.0
0.000580 -0.000844 1558.0
0.000580 -0.000844 1559.0
0.000580 -0.000843 1560.0
0.000580 -0.000843 1561.0
0.000580 -0.000842 1562.0
0.000580 -0.000842 1563.0
0.000580 -0.000842 1564.0
0.000580 -0.000841 1565.0
0.000580 -0.000841 1566.0
0.000580 -0.000840 1567.0
0.000580 -0.000840 1568.0
0.000580 -0.000840 1569.0
0.000581 -0.000839 1570.0
0.000581 -0.000839 1571.0
0.000581 -0.000838 1572.0
0.000581 -0.000838 1573.0
0.000581 -0.000838 1574.0
0.000581 -0.000837 1575.0
0.000581 -0.000837 1576.0
0.000581 -0.000836 1577.0
0.000581 -0.000836 1578.0
0.000581 -0.000836 1579.0
0.000581 -0.000835 1580.0
0.000581 -0.000835 1581.0
0.000581 -0.000834 1582.0
0.000581 -0.000834 1583.0
0.000581 -0.000833 1584.0
0.000581 -0.000833 1585.0
0.000581 -0.000833 1586.0
0.000581 -0.000832 1587.0
0.000581 -0.000832 1588.0
0.000582 -0.000831 1589.0
0.000582 -0.000831 1590.0
0.000582 -0.000831 1591.0
0.000582 -0.000830 1592.0
0.000582 -0.000830 1593.0
0.000582 -0.000829 1594.0
0.000582 -0.000829 1595.0
0.000582 -0.000829 1596.0
0.000582 -0.000828 1597.0
0.000582 -0.000828 1598.0
0.000582 -0.000827 1599.0
0.000582 -0.000827 1600.0
0.000582 -0.000827 1601.0
0.000582 -0.000826 1602.0
0.000582 -0.000826 1603.0
0.000582 -0.000825 1604.0
0.000582 -0.000825 1605.0
0.000582 -0.000824 1606.0
0.000582 -0.000824 1607.0
0.000582 -0.000824 1608.0
0.000583 -0.000823 1609.0
0.000583 -0.000823 1610.0
0.000583 -0.000822 1611.0
0.000583 -0.000822 1612.0
0.000583 -0.000822 1613.0
0.000583 -0.000821 1614.0
0.000583 -0.000821 1615.0
0.000583 -0.000820 1616.0
0.000583 -0.000820 1617.0
0.000583 -0.000820 1618.0
0.000583 -0.000819 1619.0
0.000583 -0.000819 1620.0
0.000585 -0.000819 1621.0
0.000585 -0.000819 1622.0
0.000585 -0.000818 1623.0
0.000585 -0.000818 1624.0
0.000585 -0.000817 1625.0
0.000585 -0.000817 1626.0
0.000585 -0.000816 1627.0
0.000585 -0.000816 1628.0
0.000585 -0.000815 1629.0
0.000585 -0.000815 1630.0
0.000585 -0.000814 1631.0
0.000584 -0.000814 1632.0
0.000584 -0.000813 1633.0
0.000584 -0.000813 1634.0
0.000584 -0.000812 1635.0
0.000584 -0.000812 1636.0
0.000584 -0.000811 1637.0
0.000584 -0.000811 1638.0
0.000584 -0.000810 1639.0
0.000584 -0.000810 1640.0
0.000584 -0.000809 1641.0
0.000584 -0.000809 1642.0
0.000584 -0.000808 1643.0
0.000584 -0.000808 1644.0
0.000584 -0.000807 1645.0
0.000584 -0.000807 1646.0
0.000584 -0.000806 1647.0
0.000584 -0.000806 1648.0
0.000584 -0.000805 1649.0
0.000584 -0.000805 1650.0
0.000584 -0.000804 1651.0
0.000584 -0.000804 1652.0
0.000584 -0.000803 1653.0
0.000584 -0.000803 1654.0
0.000584 -0.000802 1655.0
0.000584 -0.000802 1656.0
0.000584 -0.000801 1657.0
0.000584 -0.000801 1658.0
0.000584 -0.000800 1659.0
0.000584 -0.000800 1660.0
0.000584 -0.000799 1661.0
0.000584 -0.000799 1662.0
0.000584 -0.000798 1663.0
0.000584 -0.000798 1664.0
0.000584 -0.000797 1665.0
0.000584 -0.000797 1666.0
0.000584 -0.000796 1667.0
0.000584 -0.000796 1668.0
0.000584 -0.000796 1669.0
0.000584 -0.000795 1670.0
0.000584 -0.000795 1671.0
0.000584 -0.000794 1672.0
0.000584 -0.000794 1673.0
0.000584 -0.000793 1674.0
0.000584 -0.000793 1675.0
0.000584 -0.000792 1676.0
0.000584 -0.000792 1677.0
0.000584 -0.000791 1678.0
0.000584 -0.000791 1679.0
0.000584 -0.000790 1680.0
0.000584 -0.000790 1681.0
0.000584 -0.000789 1682.0
0.000584 -0.000789 1683.0
0.000584 -0.000788 1684.0
0.000584 -0.000788 1685.0
0.000584 -0.000787 1686.0
0.000584 -0.000787 1687.0
0.000584 -0.000786 1688.0
0.000584 -0.000786 1689.0
0.000584 -0.000785 1690.0
0.000584 -0.000785 1691.0
0.000584 -0.000784 1692.0
0.000584 -0.000784 1693.0
0.000584 -0.000783 1694.0
0.000583 -0.000783 1695.0
0.000583 -0.000782 1696.0
0.000583 -0.000782 1697.0
0.000583 -0.000781 1698.0
0.000583 -0.000781 1699.0
0.000583 -0.000780 1700.0
0.000583 -0.000780 1701.0
0.000583 -0.000779 1702.0
0.000583 -0.000779 1703.0
0.000583 -0.000778 1704.0
0.000583 -0.000778 1705.0
0.000583 -0.000777 1706.0
0.000583 -0.000777 1707.0
0.000583 -0.000776 1708.0
0.000583 -0.000776 1709.0
0.000583 -0.000775 1710.0
0.000583 -0.000775 1711.0
0.000583 -0.000774 1712.0
0.000583 -0.000774 1713.0
0.000583 -0.000773 1714.0
0.000583 -0.000773 1715.0
0.000583 -0.000772 1716.0
0.000583 -0.000772 1717.0
0.000583 -0.000771 1718.0
0.000583 -0.000771 1719.0
0.000583 -0.000770 1720.0
0.000583 -0.000770 1721.0
0.000583 -0.000769 1722.0
0.000583 -0.000769 1723.0
0.000583 -0.000769 1724.0
0.000583 -0.000768 1725.0
0.000583 -0.000768 1726.0
0.000583 -0.000767 1727.0
0.000583 -0.000767 1728.0
0.000583 -0.000766 1729.0
0.000583 -0.000766 1730.0
0.000583 -0.000765 1731.0
0.000583 -0.000765 1732.0
0.000583 -0.000764 1733.0
0.000583 -0.000764 1734.0
0.000583 -0.000763 1735.0
0.000583 -0.000763 1736.0
0.000583 -0.000762 1737.0
0.000583 -0.000762 1738.0
0.000583 -0.000761 1739.0
0.000583 -0.000761 1740.0
0.000583 -0.000760 1741.0
0.000583 -0.000760 1742.0
0.000583 -0.000759 1743.0
0.000583 -0.000759 1744.0
0.000583 -0.000758 1745.0
0.000583 -0.000758 1746.0
0.000583 -0.000757 1747.0
0.000583 -0.000757 1748.0
0.000583 -0.000756 1749.0
0.000583 -0.000756 1750.0
0.000583 -0.000755 1751.0
0.000583 -0.000755 1752.0
0.000583 -0.000754 1753.0
0.000583 -0.000754 1754.0
0.000583 -0.000753 1755.0
0.000583 -0.000753 1756.0
0.000583 -0.000752 1757.0
0.000582 -0.000752 1758.0
0.000582 -0.000751 1759.0
0.000582 -0.000751 1760.0
0.000582 -0.000750 1761.0
0.000582 -0.000750 1762.0
0.000582 -0.000749 1763.0
0.000582 -0.000749 1764.0
0.000582 -0.000748 1765.0
0.000582 -0.000748 1766.0
0.000582 -0.000747 1767.0
0.000582 -0.000747 1768.0
0.000582 -0.000746 1769.0
0.000582 -0.000746 1770.0
0.000582 -0.000745 1771.0
0.000582 -0.000745 1772.0
0.000582 -0.000744 1773.0
0.000582 -0.000744 1774.0
0.000582 -0.000743 1775.0
0.000582 -0.000743 1776.0
0.000582 -0.000742 1777.0
0.000582 -0.000742 1778.0
0.000582 -0.000742 1779.0
0.000582 -0.000741 1780.0
0.000582 -0.000741 1781.0
0.000582 -0.000740 1782.0
0.000582 -0.000740 1783.0
0.000582 -0.000739 1784.0
0.000582 -0.000739 1785.0
0.000582 -0.000738 1786.0
0.000582 -0.000738 1787.0
0.000582 -0.000737 1788.0
0.000582 -0.000737 1789.0
0.000582 -0.000736 1790.0
0.000582 -0.000736 1791.0
0.000582 -0.000735 1792.0
0.000582 -0.000735 1793.0
0.000582 -0.000734 1794.0
0.000582 -0.000734 1795.0
0.000582 -0.000733 1796.0
0.000582 -0.000733 1797.0
0.000582 -0.000732 1798.0
0.000582 -0.000732 1799.0
0.000582 -0.000731 1800.0
0.000582 -0.000731 1801.0
0.000582 -0.000730 1802.0
0.000582 -0.000730 1803.0
0.000582 -0.000729 1804.0
0.000582 -0.000729 1805.0
0.000582 -0.000728 1806.0
0.000582 -0.000728 1807.0
0.000582 -0.000727 1808.0
0.000582 -0.000727 1809.0
0.000582 -0.000726 1810.0
0.000582 -0.000726 1811.0
0.000582 -0.000725 1812.0
0.000582 -0.000725 1813.0
0.000582 -0.000724 1814.0
0.000582 -0.000724 1815.0
0.000582 -0.000723 1816.0
0.000582 -0.000723 1817.0
0.000582 -0.000722 1818.0
0.000582 -0.000722 1819.0
0.000582 -0.000721 1820.0
0.000581 -0.000721 1821.0
0.000581 -0.000720 1822.0
0.000581 -0.000720 1823.0
0.000581 -0.000719 1824.0
0.000581 -0.000719 1825.0
0.000581 -0.000718 1826.0
0.000581 -0.000718 1827.0
0.000581 -0.000717 1828.0
0.000581 -0.000717 1829.0
0.000581 -0.000716 1830.0
0.000581 -0.000716 1831.0
0.000581 -0.000715 1832.0
0.000581 -0.000715 1833.0
0.000581 -0.000714 1834.0
0.000581 -0.000714 1835.0
0.000581 -0.000714 1836.0
0.000581 -0.000713 1837.0
0.000581 -0.000713 1838.0
0.000581 -0.000712 1839.0
0.000581 -0.000712 1840.0
0.000581 -0.000711 1841.0
0.000581 -0.000711 1842.0
0.000581 -0.000710 1843.0
0.000581 -0.000710 1844.0
0.000581 -0.000709 1845.0
0.000581 -0.000709 1846.0
0.000581 -0.000708 1847.0
0.000581 -0.000708 1848.0
0.000581 -0.000707 1849.0
0.000581 -0.000707 1850.0
0.000581 -0.000706 1851.0
0.000581 -0.000706 1852.0
0.000581 -0.000705 1853.0
0.000581 -0.000705 1854.0
0.000581 -0.000704 1855.0
0.000581 -0.000704 1856.0
0.000581 -0.000703 1857.0
0.000581 -0.000703 1858.0
0.000581 -0.000702 1859.0
0.000581 -0.000702 1860.0
0.000581 -0.000701 1861.0
0.000581 -0.000701 1862.0
0.000581 -0.000700 1863.0
0.000581 -0.000700 1864.0
0.000581 -0.000699 1865.0
0.000581 -0.000699 1866.0
0.000581 -0.000698 1867.0
0.000581 -0.000698 1868.0
0.000581 -0.000697 1869.0
0.000581 -0.000697 1870.0
0.000581 -0.000696 1871.0
0.000581 -0.000696 1872.0
0.000581 -0.000695 1873.0
0.000581 -0.000695 1874.0
0.000581 -0.000694 1875.0
0.000581 -0.000694 1876.0
0.000581 -0.000693 1877.0
0.000581 -0.000693 1878.0
0.000581 -0.000692 1879.0
0.000581 -0.000692 1880.0
0.000581 -0.000691 1881.0
0.000581 -0.000691 1882.0
0.000581 -0.000690 1883.0
0.000580 -0.000690 1884.0
0.000580 -0.000689 1885.0
0.000580 -0.000689 1886.0
0.000580 -0.000688 1887.0
0.000580 -0.000688 1888.0
0.000580 -0.000687 1889.0
0.000580 -0.000687 1890.0
0.000580 -0.000687 1891.0
0.000580 -0.000686 1892.0
0.000580 -0.000686 1893.0
0.000580 -0.000685 1894.0
0.000580 -0.000685 1895.0
0.000580 -0.000684 1896.0
0.000580 -0.000684 1897.0
0.000580 -0.000683 1898.0
0.000580 -0.000683 1899.0
0.000580 -0.000682 1900.0
0.000580 -0.000682 1901.0
0.000580 -0.000681 1902.0
0.000580 -0.000681 1903.0
0.000580 -0.000680 1904.0
0.000580 -0.000680 1905.0
0.000580 -0.000679 1906.0
0.000580 -0.000679 1907.0
0.000580 -0.000678 1908.0
0.000580 -0.000678 1909.0
0.000580 -0.000677 1910.0
0.000580 -0.000677 1911.0
0.000580 -0.000676 1912.0
0.000580 -0.000676 1913.0
0.000580 -0.000675 1914.0
0.000580 -0.000675 1915.0
0.000580 -0.000674 1916.0
0.000580 -0.000674 1917.0
0.000580 -0.000673 1918.0
0.000580 -0.000673 1919.0
0.000580 -0.000672 1920.0
0.000580 -0.000672 1921.0
0.000580 -0.000671 1922.0
0.000580 -0.000671 1923.0
0.000580 -0.000670 1924.0
0.000580 -0.000670 1925.0
0.000580 -0.000669 1926.0
0.000580 -0.000669 1927.0
0.000580 -0.000668 1928.0
0.000580 -0.000668 1929.0
0.000580 -0.000667 1930.0
0.000580 -0.000667 1931.0
0.000580 -0.000666 1932.0
0.000580 -0.000666 1933.0
0.000580 -0.000665 1934.0
0.000580 -0.000665 1935.0
0.000580 -0.000664 1936.0
0.000580 -0.000664 1937.0
0.000580 -0.000663 1938.0
0.000580 -0.000663 1939.0
0.000580 -0.000662 1940.0
0.000580 -0.000662 1941.0
0.000580 -0.000661 1942.0
0.000580 -0.000661 1943.0
0.000580 -0.000660 1944.0
0.000580 -0.000660 1945.0
0.000580 -0.000660 1946.0
0.000579 -0.000659 1947.0
0.000579 -0.000659 1948.0
0.000579 -0.000658 1949.0
0.000579 -0.000658 1950.0
0.000579 -0.000657 1951.0
0.000579 -0.000657 1952.0
0.000579 -0.000656 1953.0
0.000579 -0.000656 1954.0
0.000579 -0.000655 1955.0
0.000579 -0.000655 1956.0
0.000579 -0.000654 1957.0
0.000578 -0.000654 1958.0
0.000578 -0.000654 1959.0
0.000578 -0.000653 1960.0
0.000578 -0.000653 1961.0
0.000579 -0.000653 1962.0
0.000579 -0.000652 1963.0
0.000579 -0.000652 1964.0
0.000579 -0.000652 1965.0
0.000579 -0.000651 1966.0
0.000580 -0.000651 1967.0
0.000580 -0.000650 1968.0
0.000580 -0.000650 1969.0
0.000580 -0.000650 1970.0
0.000580 -0.000649 1971.0
0.000580 -0.000649 1972.0
0.000581 -0.000649 1973.0
0.000581 -0.000648 1974.0
0.000581 -0.000648 1975.0
0.000581 -0.000647 1976.0
0.000581 -0.000647 1977.0
0.000582 -0.000647 1978.0
0.000582 -0.000646 1979.0
0.000582 -0.000646 1980.0
0.000582 -0.000646 1981.0
0.000582 -0.000645 1982.0
0.000583 -0.000645 1983.0
0.000583 -0.000644 1984.0
0.000583 -0.000644 1985.0
0.000583 -0.000644 1986.0
0.000583 -0.000643 1987.0
0.000583 -0.000643 1988.0
0.000584 -0.000643 1989.0
0.000584 -0.000642 1990.0
0.000584 -0.000642 1991.0
0.000584 -0.000642 1992.0
0.000584 -0.000641 1993.0
0.000585 -0.000641 1994.0
0.000585 -0.000640 1995.0
0.000585 -0.000640 1996.0
0.000585 -0.000640 1997.0
0.000585 -0.000639 1998.0
0.000585 -0.000639 1999.0
0.000586 -0.000639 2000.0
0.000586 -0.000638 2001.0
0.000586 -0.000638 2002.0
0.000586 -0.000637 2003.0
0.000586 -0.000637 2004.0
0.000587 -0.000637 2005.0
0.000587 -0.000636 2006.0
0.000587 -0.000636 2007.0
0.000587 -0.000636 2008.0
0.000587 -0.000635 2009.0
0.000588 -0.000635 2010.0
0.000588 -0.000634 2011.0
0.000588 -0.000634 2012.0
0.000588 -0.000634 2013.0
0.000588 -0.000633 2014.0
0.000588 -0.000633 2015.0
0.000589 -0.000633 2016.0
0.000589 -0.000632 2017.0
0.000591 -0.000634 2018.0
0.000591 -0.000634 2019.0
0.000591 -0.000633 2020.0
0.000591 -0.000633 2021.0
0.000591 -0.000633 2022.0
0.000591 -0.000633 2023.0
0.000591 -0.000633 2024.0
0.000591 -0.000632 2025.0
0.000592 -0.000632 2026.0
0.000592 -0.000632 2027.0
0.000592 -0.000632 2028.0
0.000592 -0.000632 2029.0
0.000592 -0.000631 2030.0
0.000592 -0.000631 2031.0
0.000592 -0.000631 2032.0
0.000592 -0.000631 2033.0
0.000593 -0.000631 2034.0
0.000593 -0.000631 2035.0
0.000593 -0.000630 2036.0
0.000593 -0.000630 2037.0
0.000593 -0.000630 2038.0
0.000593 -0.000630 2039.0
0.000593 -0.000630 2040.0
0.000593 -0.000629 2041.0
0.000593 -0.000629 2042.0
0.000594 -0.000629 2043.0
0.000594 -0.000629 2044.0
0.000594 -0.000629 2045.0
0.000594 -0.000628 2046.0
0.000594 -0.000628 2047.0
0.000594 -0.000628 2048.0
0.000594 -0.000628 2049.0
0.000594 -0.000628 2050.0
0.000594 -0.000627 2051.0
0.000595 -0.000627 2052.0
0.000595 -0.000627 2053.0
0.000595 -0.000627 2054.0
0.000595 -0.000627 2055.0
0.000595 -0.000627 2056.0
0.000595 -0.000626 2057.0
0.000595 -0.000626 2058.0
0.000595 -0.000626 2059.0
0.000596 -0.000626 2060.0
0.000596 -0.000626 2061.0
0.000596 -0.000625 2062.0
0.000596 -0.000625 2063.0
0.000596 -0.000625 2064.0
0.000596 -0.000625 2065.0
0.000596 -0.000625 2066.0
0.000596 -0.000624 2067.0
0.000596 -0.000624 2068.0
0.000597 -0.000624 2069.0
0.000597 -0.000624 2070.0
0.000597 -0.000624 2071.0
0.000597 -0.000623 2072.0
0.000597 -0.000623 2073.0
0.000597 -0.000623 2074.0
0.000597 -0.000623 2075.0
0.000597 -0.000623 2076.0
0.000598 -0.000623 2077.0
0.000598 -0.000624 2078.0
0.000599 -0.000623 2079.0
0.000599 -0.000623 2080.0
0.000599 -0.000622 2081.0
0.000599 -0.000622 2082.0
0.000600 -0.000622 2083.0
0.000600 -0.000621 2084.0
0.000600 -0.000621 2085.0
0.000600 -0.000621 2086.0
0.000601 -0.000620 2087.0
0.000601 -0.000620 2088.0
0.000601 -0.000620 2089.0
0.000601 -0.000619 2090.0
0.000601 -0.000619 2091.0
0.000602 -0.000619 2092.0
0.000602 -0.000618 2093.0
0.000602 -0.000618 2094.0
0.000602 -0.000618 2095.0
0.000603 -0.000617 2096.0
0.000603 -0.000617 2097.0
0.000603 -0.000616 2098.0
0.000603 -0.000616 2099.0
0.000604 -0.000616 2100.0
0.000604 -0.000615 2101.0
0.000604 -0.000615 2102.0
0.000604 -0.000615 2103.0
0.000604 -0.000614 2104.0
0.000605 -0.000614 2105.0
0.000605 -0.000614 2106.0
0.000605 -0.000613 2107.0
0.000605 -0.000613 2108.0
0.000606 -0.000613 2109.0
0.000606 -0.000612 2110.0
0.000606 -0.000612 2111.0
0.000606 -0.000612 2112.0
0.000607 -0.000611 2113.0
0.000607 -0.000611 2114.0
0.000607 -0.000610 2115.0
0.000607 -0.000610 2116.0
0.000607 -0.000610 2117.0
0.000608 -0.000609 2118.0
0.000608 -0.000609 2119.0
0.000608 -0.000609 2120.0
0.000608 -0.000608 2121.0
0.000609 -0.000608 2122.0
0.000609 -0.000608 2123.0
0.000609 -0.000607 2124.0
0.000609 -0.000607 2125.0
0.000609 -0.000607 2126.0
0.000610 -0.000606 2127.0
0.000610 -0.000606 2128.0
0.000610 -0.000606 2129.0
0.000610 -0.000605 2130.0
0.000611 -0.000605 2131.0
0.000611 -0.000604 2132.0
0.000611 -0.000604 2133.0
0.000611 -0.000604 2134.0
0.000612 -0.000603 2135.0
0.000612 -0.000603 2136.0
0.000612 -0.000603 2137.0
0.000612 -0.000602 2138.0
0.000612 -0.000602 2139.0
0.000613 -0.000602 2140.0
0.000613 -0.000601 2141.0
0.000613 -0.000601 2142.0
0.000613 -0.000601 2143.0
0.000614 -0.000600 2144.0
0.000616 -0.000603 2145.0
0.000616 -0.000603 2146.0
0.000616 -0.000603 2147.0
0.000616 -0.000603 2148.0
0.000616 -0.000603 2149.0
0.000616 -0.000603 2150.0
0.000616 -0.000603 2151.0
0.000616 -0.000603 2152.0
0.000616 -0.000603 2153.0
0.000616 -0.000603 2154.0
0.000616 -0.000603 2155.0
0.000616 -0.000603 2156.0
0.000616 -0.000603 2157.0
0.000616 -0.000603 2158.0
0.000616 -0.000603 2159.0
0.000616 -0.000603 2160.0
0.000616 -0.000603 2161.0
0.000616 -0.000603 2162.0
0.000616 -0.000603 2163.0
0.000616 -0.000602 2164.0
0.000616 -0.000602 2165.0
0.000617 -0.000602 2166.0
0.000617 -0.000601 2167.0
0.000617 -0.000601 2168.0
0.000617 -0.000601 2169.0
0.000617 -0.000600 2170.0
0.000618 -0.000600 2171.0
0.000618 -0.000600 2172.0
0.000618 -0.000599 2173.0
0.000618 -0.000599 2174.0
0.000618 -0.000599 2175.0
0.000619 -0.000598 2176.0
0.000619 -0.000598 2177.0
0.000619 -0.000598 2178.0
0.000619 -0.000597 2179.0
0.000620 -0.000597 2180.0
0.000620 -0.000597 2181.0
0.000620 -0.000596 2182.0
0.000620 -0.000596 2183.0
0.000620 -0.000596 2184.0
0.000621 -0.000595 2185.0
0.000621 -0.000595 2186.0
0.000621 -0.000595 2187.0
0.000621 -0.000594 2188.0
0.000621 -0.000594 2189.0
0.000622 -0.000594 2190.0
0.000622 -0.000593 2191.0
0.000622 -0.000593 2192.0
0.000622 -0.000593 2193.0
0.000622 -0.000592 2194.0
0.000623 -0.000592 2195.0
0.000623 -0.000592 2196.0
0.000623 -0.000591 2197.0
0.000623 -0.000591 2198.0
0.000623 -0.000591 2199.0
0.000624 -0.000590 2200.0
0.000624 -0.000590 2201.0
0.000624 -0.000590 2202.0
0.000624 -0.000589 2203.0
0.000625 -0.000589 2204.0
0.000625 -0.000589 2205.0
0.000625 -0.000588 2206.0
0.000625 -0.000588 2207.0
0.000625 -0.000587 2208.0
0.000626 -0.000587 2209.0
0.000626 -0.000587 2210.0
0.000626 -0.000586 2211.0
0.000626 -0.000586 2212.0
0.000626 -0.000586 2213.0
0.000627 -0.000585 2214.0
0.000627 -0.000585 2215.0
0.000627 -0.000585 2216.0
0.000627 -0.000584 2217.0
0.000627 -0.000584 2218.0
0.000628 -0.000584 2219.0
0.000628 -0.000583 2220.0
0.000628 -0.000583 2221.0
0.000630 -0.000585 2222.0
0.000630 -0.000585 2223.0
0.000630 -0.000584 2224.0
0.000630 -0.000584 2225.0
0.000631 -0.000583 2226.0
0.000631 -0.000583 2227.0
0.000631 -0.000583 2228.0
0.000631 -0.000582 2229.0
0.000632 -0.000582 2230.0
0.000632 -0.000582 2231.0
0.000632 -0.000581 2232.0
0.000632 -0.000581 2233.0
0.000633 -0.000580 2234.0
0.000633 -0.000580 2235.0
0.000633 -0.000580 2236.0
0.000633 -0.000579 2237.0
0.000634 -0.000579 2238.0
0.000634 -0.000578 2239.0
0.000634 -0.000578 2240.0
0.000634 -0.000578 2241.0
0.000635 -0.000577 2242.0
0.000635 -0.000577 2243.0
0.000635 -0.000577 2244.0
0.000635 -0.000576 2245.0
0.000636 -0.000576 2246.0
0.000636 -0.000575 2247.0
0.000636 -0.000575 2248.0
0.000636 -0.000575 2249.0
0.000637 -0.000574 2250.0
0.000637 -0.000574 2251.0
0.000637 -0.000573 2252.0
0.000637 -0.000573 2253.0
0.000638 -0.000573 2254.0
0.000638 -0.000572 2255.0
0.000638 -0.000572 2256.0
0.000638 -0.000572 2257.0
0.000639 -0.000571 2258.0
0.000639 -0.000571 2259.0
0.000639 -0.000570 2260.0
0.000639 -0.000570 2261.0
0.000639 -0.000570 2262.0
0.000640 -0.000569 2263.0
0.000640 -0.000569 2264.0
0.000640 -0.000568 2265.0
0.000640 -0.000568 2266.0
0.000641 -0.000568 2267.0
0.000641 -0.000567 2268.0
0.000641 -0.000567 2269.0
0.000641 -0.000567 2270.0
0.000642 -0.000566 2271.0
0.000642 -0.000566 2272.0
0.000642 -0.000565 2273.0
0.000642 -0.000565 2274.0
0.000643 -0.000565 2275.0
0.000643 -0.000564 2276.0
0.000643 -0.000564 2277.0
0.000643 -0.000563 2278.0
0.000644 -0.000563 2279.0
0.000644 -0.000563 2280.0
0.000644 -0.000562 2281.0
0.000644 -0.000562 2282.0
0.000645 -0.000562 2283.0
0.000645 -0.000561 2284.0
0.000645 -0.000561 2285.0
0.000645 -0.000560 2286.0
0.000647 -0.000563 2287.0
0.000648 -0.000562 2288.0
0.000648 -0.000561 2289.0
0.000649 -0.000561 2290.0
0.000649 -0.000560 2291.0
0.000650 -0.000559 2292.0
0.000650 -0.000559 2293.0
0.000650 -0.000558 2294.0
0.000651 -0.000557 2295.0
0.000651 -0.000557 2296.0
0.000652 -0.000556 2297.0
0.000652 -0.000555 2298.0
0.000652 -0.000555 2299.0
0.000653 -0.000554 2300.0
0.000653 -0.000553 2301.0
0.000654 -0.000553 2302.0
0.000654 -0.000552 2303.0
0.000655 -0.000551 2304.0
0.000655 -0.000551 2305.0
0.000655 -0.000550 2306.0
0.000656 -0.000550 2307.0
0.000656 -0.000549 2308.0
0.000657 -0.000548 2309.0
0.000657 -0.000548 2310.0
0.000657 -0.000547 2311.0
0.000658 -0.000546 2312.0
0.000658 -0.000546 2313.0
0.000659 -0.000545 2314.0
0.000659 -0.000544 2315.0
0.000660 -0.000544 2316.0
0.000660 -0.000543 2317.0
0.000660 -0.000542 2318.0
0.000661 -0.000542 2319.0
0.000661 -0.000541 2320.0
0.000662 -0.000540 2321.0
0.000662 -0.000540 2322.0
0.000662 -0.000539 2323.0
0.000663 -0.000538 2324.0
0.000663 -0.000538 2325.0
0.000664 -0.000537 2326.0
0.000664 -0.000536 2327.0
0.000665 -0.000536 2328.0
0.000665 -0.000535 2329.0
0.000665 -0.000534 2330.0
0.000666 -0.000534 2331.0
0.000666 -0.000533 2332.0
0.000667 -0.000532 2333.0
0.000667 -0.000532 2334.0
0.000667 -0.000531 2335.0
0.000668 -0.000530 2336.0
0.000668 -0.000530 2337.0
0.000669 -0.000529 2338.0
0.000669 -0.000528 2339.0
0.000670 -0.000528 2340.0
0.000670 -0.000527 2341.0
0.000670 -0.000526 2342.0
0.000671 -0.000526 2343.0
0.000674 -0.000529 2344.0
0.000674 -0.000529 2345.0
0.000674 -0.000529 2346.0
0.000674 -0.000528 2347.0
0.000675 -0.000528 2348.0
0.000675 -0.000528 2349.0
0.000675 -0.000527 2350.0
0.000675 -0.000527 2351.0
0.000675 -0.000527 2352.0
0.000676 -0.000526 2353.0
0.000676 -0.000526 2354.0
0.000676 -0.000526 2355.0
0.000676 -0.000526 2356.0
0.000676 -0.000525 2357.0
0.000677 -0.000525 2358.0
0.000677 -0.000525 2359.0
0.000677 -0.000524 2360.0
0.000677 -0.000524 2361.0
0.000677 -0.000524 2362.0
0.000678 -0.000523 2363.0
0.000678 -0.000523 2364.0
0.000678 -0.000523 2365.0
0.000678 -0.000522 2366.0
0.000678 -0.000522 2367.0
0.000679 -0.000522 2368.0
0.000679 -0.000521 2369.0
0.000679 -0.000521 2370.0
0.000679 -0.000521 2371.0
0.000679 -0.000521 2372.0
0.000680 -0.000520 2373.0
0.000680 -0.000520 2374.0
0.000680 -0.000520 2375.0
0.000680 -0.000519 2376.0
0.000680 -0.000519 2377.0
0.000680 -0.000519 2378.0
0.000681 -0.000518 2379.0
0.000681 -0.000518 2380.0
0.000681 -0.000518 2381.0
0.000681 -0.000517 2382.0
0.000681 -0.000517 2383.0
0.000682 -0.000517 2384.0
0.000682 -0.000516 2385.0
0.000682 -0.000516 2386.0
0.000682 -0.000516 2387.0
0.000682 -0.000516 2388.0
0.000683 -0.000515 2389.0
0.000683 -0.000515 2390.0
0.000683 -0.000515 2391.0
0.000683 -0.000514 2392.0
0.000683 -0.000514 2393.0
0.000684 -0.000514 2394.0
0.000684 -0.000513 2395.0
0.000684 -0.000513 2396.0
0.000684 -0.000513 2397.0
0.000684 -0.000512 2398.0
0.000685 -0.000512 2399.0
0.000685 -0.000512 2400.0
0.000685 -0.000511 2401.0
0.000685 -0.000511 2402.0
0.000685 -0.000511 2403.0
0.000686 -0.000511 2404.0
0.000687 -0.000512 2405.0
0.000687 -0.000512 2406.0
0.000687 -0.000512 2407.0
0.000688 -0.000512 2408.0
0.000688 -0.000511 2409.0
0.000688 -0.000511 2410.0
0.000688 -0.000511 2411.0
0.000688 -0.000511 2412.0
0.000688 -0.000510 2413.0
0.000688 -0.000510 2414.0
0.000689 -0.000510 2415.0
0.000689 -0.000510 2416.0
0.000689 -0.000509 2417.0
0.000689 -0.000509 2418.0
0.000689 -0.000509 2419.0
0.000689 -0.000509 2420.0
0.000689 -0.000508 2421.0
0.000690 -0.000508 2422.0
0.000690 -0.000508 2423.0
0.000690 -0.000508 2424.0
0.000690 -0.000507 2425.0
0.000690 -0.000507 2426.0
0.000690 -0.000507 2427.0
0.000690 -0.000507 2428.0
0.000691 -0.000506 2429.0
0.000691 -0.000506 2430.0
0.000691 -0.000506 2431.0
0.000691 -0.000506 2432.0
0.000691 -0.000505 2433.0
0.000691 -0.000505 2434.0
0.000692 -0.000505 2435.0
0.000692 -0.000505 2436.0
0.000692 -0.000504 2437.0
0.000692 -0.000504 2438.0
0.000692 -0.000504 2439.0
0.000692 -0.000504 2440.0
0.000692 -0.000503 2441.0
0.000693 -0.000503 2442.0
0.000693 -0.000503 2443.0
0.000693 -0.000503 2444.0
0.000693 -0.000502 2445.0
0.000693 -0.000502 2446.0
0.000693 -0.000502 2447.0
0.000693 -0.000502 2448.0
0.000694 -0.000501 2449.0
0.000694 -0.000501 2450.0
0.000694 -0.000501 2451.0
0.000694 -0.000501 2452.0
0.000694 -0.000500 2453.0
0.000694 -0.000500 2454.0
0.000694 -0.000500 2455.0
0.000695 -0.000500 2456.0
0.000695 -0.000499 2457.0
0.000695 -0.000499 2458.0
0.000695 -0.000499 2459.0
0.000695 -0.000499 2460.0
0.000695 -0.000498 2461.0
0.000697 -0.000499 2462.0
0.000697 -0.000499 2463.0
0.000696 -0.000500 2464.0
0.000696 -0.000500 2465.0
0.000696 -0.000500 2466.0
0.000696 -0.000500 2467.0
0.000696 -0.000500 2468.0
0.000696 -0.000500 2469.0
0.000696 -0.000500 2470.0
0.000696 -0.000500 2471.0
0.000696 -0.000500 2472.0
0.000696 -0.000500 2473.0
0.000696 -0.000500 2474.0
0.000696 -0.000500 2475.0
0.000696 -0.000500 2476.0
0.000696 -0.000500 2477.0
0.000696 -0.000500 2478.0
0.000696 -0.000500 2479.0
0.000696 -0.000500 2480.0
0.000696 -0.000500 2481.0
0.000696 -0.000500 2482.0
0.000696 -0.000500 2483.0
0.000696 -0.000500 2484.0
0.000696 -0.000500 2485.0
0.000696 -0.000500 2486.0
0.000696 -0.000500 2487.0
0.000696 -0.000500 2488.0
0.000696 -0.000500 2489.0
0.000696 -0.000500 2490.0
0.000696 -0.000500 2491.0
0.000696 -0.000500 2492.0
0.000696 -0.000500 2493.0
0.000696 -0.000500 2494.0
0.000696 -0.000500 2495.0
0.000696 -0.000500 2496.0
0.000696 -0.000500 2497.0
0.000696 -0.000500 2498.0
0.000696 -0.000500 2499.0
0.000696 -0.000500 2500.0
0.000696 -0.000500 2501.0
0.000696 -0.000500 2502.0
0.000696 -0.000500 2503.0
0.000696 -0.000500 2504.0
0.000696 -0.000500 2505.0
0.000696 -0.000500 2506.0
0.000696 -0.000500 2507.0
0.000696 -0.000500 2508.0
0.000696 -0.000500 2509.0
0.000696 -0.000500 2510.0
0.000696 -0.000500 2511.0
0.000696 -0.000500 2512.0
0.000696 -0.000501 2513.0
0.000696 -0.000501 2514.0
0.000696 -0.000501 2515.0
0.000696 -0.000501 2516.0
0.000696 -0.000501 2517.0
0.000696 -0.000501 2518.0
0.000696 -0.000501 2519.0
0.000696 -0.000501 2520.0
0.000696 -0.000501 2521.0
0.000696 -0.000501 2522.0
0.000696 -0.000501 2523.0
0.000696 -0.000501 2524.0
0.000696 -0.000501 2525.0
0.000696 -0.000501 2526.0
0.000696 -0.000501 2527.0
0.000696 -0.000501 2528.0
0.000696 -0.000501 2529.0
0.000696 -0.000501 2530.0
0.000696 -0.000501 2531.0
0.000696 -0.000501 2532.0
0.000697 -0.000501 2533.0
0.000697 -0.000500 2534.0
0.000697 -0.000500 2535.0
0.000697 -0.000500 2536.0
0.000697 -0.000500 2537.0
0.000697 -0.000500 2538.0
0.000697 -0.000500 2539.0
0.000697 -0.000500 2540.0
0.000697 -0.000500 2541.0
0.000697 -0.000500 2542.0
0.000697 -0.000500 2543.0
0.000697 -0.000500 2544.0
0.000697 -0.000500 2545.0
0.000697 -0.000500 2546.0
0.000697 -0.000500 2547.0
0.000697 -0.000500 2548.0
0.000697 -0.000500 2549.0
0.000697 -0.000500 2550.0
0.000697 -0.000500 2551.0
0.000697 -0.000500 2552.0
0.000697 -0.000500 2553.0
0.000697 -0.000500 2554.0
0.000697 -0.000500 2555.0
0.000697 -0.000500 2556.0
0.000697 -0.000500 2557.0
0.000697 -0.000500 2558.0
0.000697 -0.000500 2559.0
0.000697 -0.000500 2560.0
0.000697 -0.000500 2561.0
0.000697 -0.000500 2562.0
0.000697 -0.000500 2563.0
0.000697 -0.000500 2564.0
0.000697 -0.000500 2565.0
0.000697 -0.000500 2566.0
0.000697 -0.000500 2567.0
0.000697 -0.000500 2568.0
0.000697 -0.000500 2569.0
0.000697 -0.000500 2570.0
0.000697 -0.000500 2571.0
0.000697 -0.000500 2572.0
0.000697 -0.000500 2573.0
0.000697 -0.000500 2574.0
0.000697 -0.000500 2575.0
0.000697 -0.000500 2576.0
0.000697 -0.000500 2577.0
0.000697 -0.000500 2578.0
0.000697 -0.000500 2579.0
0.000697 -0.000500 2580.0
0.000697 -0.000499 2581.0
0.000697 -0.000499 2582.0
0.000697 -0.000499 2583.0
0.000697 -0.000499 2584.0
0.000697 -0.000499 2585.0
0.000697 -0.000499 2586.0
0.000697 -0.000499 2587.0
0.000697 -0.000499 2588.0
0.000697 -0.000499 2589.0
0.000697 -0.000499 2590.0
0.000697 -0.000499 2591.0
0.000697 -0.000499 2592.0
0.000697 -0.000499 2593.0
0.000697 -0.000499 2594.0
0.000697 -0.000499 2595.0
0.000697 -0.000499 2596.0
0.000697 -0.000499 2597.0
0.000697 -0.000499 2598.0
0.000697 -0.000499 2599.0
0.000697 -0.000499 2600.0
0.000697 -0.000499 2601.0
0.000697 -0.000499 2602.0
0.000697 -0.000499 2603.0
0.000697 -0.000499 2604.0
0.000697 -0.000499 2605.0
0.000697 -0.000499 2606.0
0.000697 -0.000499 2607.0
0.000697 -0.000499 2608.0
0.000697 -0.000499 2609.0
0.000697 -0.000499 2610.0
0.000697 -0.000499 2611.0
0.000697 -0.000499 2612.0
0.000697 -0.000499 2613.0
0.000697 -0.000499 2614.0
0.000697 -0.000499 2615.0
0.000697 -0.000499 2616.0
0.000697 -0.000499 2617.0
0.000697 -0.000499 2618.0
0.000697 -0.000499 2619.0
0.000697 -0.000499 2620.0
0.000697 -0.000499 2621.0
0.000697 -0.000499 2622.0
0.000697 -0.000499 2623.0
0.000697 -0.000499 2624.0
0.000697 -0.000499 2625.0
0.000697 -0.000499 2626.0
0.000697 -0.000499 2627.0
0.000697 -0.000499 2628.0
0.000697 -0.000499 2629.0
0.000697 -0.000499 2630.0
0.000697 -0.000499 2631.0
0.000697 -0.000499 2632.0
0.000697 -0.000499 2633.0
0.000697 -0.000499 2634.0
0.000697 -0.000499 2635.0
0.000697 -0.000499 2636.0
0.000697 -0.000499 2637.0
0.000697 -0.000499 2638.0
0.000697 -0.000499 2639.0
0.000697 -0.000499 2640.0
0.000697 -0.000499 2641.0
0.000697 -0.000499 2642.0
0.000697 -0.000500 2643.0
0.000697 -0.000500 2644.0
0.000697 -0.000500 2645.0
0.000697 -0.000500 2646.0
0.000697 -0.000499 2647.0
0.000697 -0.000499 2648.0
0.000697 -0.000499 2649.0
0.000697 -0.000499 2650.0
0.000697 -0.000499 2651.0
0.000697 -0.000499 2652.0
0.000698 -0.000498 2653.0
0.000698 -0.000498 2654.0
0.000698 -0.000498 2655.0
0.000698 -0.000498 2656.0
0.000698 -0.000498 2657.0
0.000698 -0.000497 2658.0
0.000698 -0.000497 2659.0
0.000698 -0.000497 2660.0
0.000699 -0.000497 2661.0
0.000699 -0.000497 2662.0
0.000699 -0.000497 2663.0
0.000699 -0.000496 2664.0
0.000699 -0.000496 2665.0
0.000699 -0.000496 2666.0
0.000699 -0.000496 2667.0
0.000699 -0.000496 2668.0
0.000700 -0.000495 2669.0
0.000700 -0.000495 2670.0
0.000700 -0.000495 2671.0
0.000700 -0.000495 2672.0
0.000700 -0.000495 2673.0
0.000700 -0.000495 2674.0
0.000700 -0.000494 2675.0
0.000700 -0.000494 2676.0
0.000701 -0.000494 2677.0
0.000701 -0.000494 2678.0
0.000701 -0.000494 2679.0
0.000701 -0.000493 2680.0
0.000701 -0.000493 2681.0
0.000701 -0.000493 2682.0
0.000701 -0.000493 2683.0
0.000701 -0.000493 2684.0
0.000702 -0.000493 2685.0
0.000702 -0.000492 2686.0
0.000702 -0.000492 2687.0
0.000702 -0.000492 2688.0
0.000702 -0.000492 2689.0
0.000702 -0.000492 2690.0
0.000702 -0.000491 2691.0
0.000703 -0.000491 2692.0
0.000703 -0.000491 2693.0
0.000703 -0.000491 2694.0
0.000703 -0.000491 2695.0
0.000703 -0.000491 2696.0
0.000703 -0.000490 2697.0
0.000703 -0.000490 2698.0
0.000703 -0.000490 2699.0
0.000704 -0.000490 2700.0
0.000704 -0.000490 2701.0
0.000704 -0.000489 2702.0
0.000704 -0.000489 2703.0
0.000705 -0.000490 2704.0
0.000705 -0.000490 2705.0
0.000705 -0.000489 2706.0
0.000705 -0.000488 2707.0
0.000704 -0.000488 2708.0
0.000704 -0.000487 2709.0
0.000704 -0.000487 2710.0
0.000704 -0.000486 2711.0
0.000704 -0.000485 2712.0
0.000704 -0.000485 2713.0
0.000704 -0.000484 2714.0
0.000704 -0.000483 2715.0
0.000704 -0.000483 2716.0
0.000704 -0.000482 2717.0
0.000704 -0.000481 2718.0
0.000703 -0.000481 2719.0
0.000703 -0.000480 2720.0
0.000703 -0.000480 2721.0
0.000703 -0.000479 2722.0
0.000703 -0.000478 2723.0
0.000703 -0.000478 2724.0
0.000703 -0.000477 2725.0
0.000703 -0.000476 2726.0
0.000703 -0.000476 2727.0
0.000703 -0.000475 2728.0
0.000703 -0.000474 2729.0
0.000702 -0.000474 2730.0
0.000702 -0.000473 2731.0
0.000702 -0.000473 2732.0
0.000702 -0.000472 2733.0
0.000702 -0.000471 2734.0
0.000702 -0.000471 2735.0
0.000702 -0.000470 2736.0
0.000702 -0.000469 2737.0
0.000702 -0.000469 2738.0
0.000702 -0.000468 2739.0
0.000702 -0.000467 2740.0
0.000701 -0.000467 2741.0
0.000701 -0.000466 2742.0
0.000701 -0.000465 2743.0
0.000701 -0.000465 2744.0
0.000701 -0.000464 2745.0
0.000701 -0.000464 2746.0
0.000701 -0.000463 2747.0
0.000701 -0.000462 2748.0
0.000701 -0.000462 2749.0
0.000701 -0.000461 2750.0
0.000701 -0.000460 2751.0
0.000700 -0.000460 2752.0
0.000700 -0.000459 2753.0
0.000700 -0.000458 2754.0
0.000700 -0.000458 2755.0
0.000700 -0.000457 2756.0
0.000700 -0.000457 2757.0
0.000700 -0.000456 2758.0
0.000700 -0.000455 2759.0
0.000700 -0.000455 2760.0
0.000700 -0.000454 2761.0
0.000700 -0.000453 2762.0
0.000699 -0.000453 2763.0
0.000699 -0.000452 2764.0
0.000698 -0.000452 2765.0
0.000698 -0.000452 2766.0
0.000697 -0.000452 2767.0
0.000697 -0.000451 2768.0
0.000696 -0.000451 2769.0
0.000696 -0.000451 2770.0
0.000696 -0.000450 2771.0
0.000695 -0.000450 2772.0
0.000695 -0.000450 2773.0
0.000695 -0.000449 2774.0
0.000694 -0.000449 2775.0
0.000694 -0.000448 2776.0
0.000693 -0.000448 2777.0
0.000693 -0.000448 2778.0
0.000693 -0.000447 2779.0
0.000692 -0.000447 2780.0
0.000692 -0.000447 2781.0
0.000691 -0.000446 2782.0
0.000691 -0.000446 2783.0
0.000691 -0.000446 2784.0
0.000690 -0.000445 2785.0
0.000690 -0.000445 2786.0
0.000690 -0.000444 2787.0
0.000689 -0.000444 2788.0
0.000689 -0.000444 2789.0
0.000688 -0.000443 2790.0
0.000688 -0.000443 2791.0
0.000688 -0.000443 2792.0
0.000687 -0.000442 2793.0
0.000687 -0.000442 2794.0
0.000687 -0.000441 2795.0
0.000686 -0.000441 2796.0
0.000686 -0.000441 2797.0
0.000685 -0.000440 2798.0
0.000685 -0.000440 2799.0
0.000685 -0.000440 2800.0
0.000684 -0.000439 2801.0
0.000684 -0.000439 2802.0
0.000683 -0.000439 2803.0
0.000683 -0.000438 2804.0
0.000683 -0.000438 2805.0
0.000682 -0.000437 2806.0
0.000682 -0.000437 2807.0
0.000682 -0.000437 2808.0
0.000681 -0.000436 2809.0
0.000681 -0.000436 2810.0
0.000680 -0.000436 2811.0
0.000680 -0.000435 2812.0
0.000680 -0.000435 2813.0
0.000679 -0.000435 2814.0
0.000679 -0.000434 2815.0
0.000679 -0.000434 2816.0
0.000678 -0.000433 2817.0
0.000678 -0.000433 2818.0
0.000677 -0.000433 2819.0
0.000677 -0.000432 2820.0
0.000677 -0.000432 2821.0
0.000676 -0.000432 2822.0
0.000676 -0.000431 2823.0
0.000675 -0.000431 2824.0
0.000675 -0.000431 2825.0
0.000673 -0.000434 2826.0
0.000673 -0.000435 2827.0
0.000672 -0.000436 2828.0
0.000671 -0.000437 2829.0
0.000671 -0.000438 2830.0
0.000670 -0.000439 2831.0
0.000669 -0.000440 2832.0
0.000669 -0.000441 2833.0
0.000668 -0.000443 2834.0
0.000667 -0.000444 2835.0
0.000666 -0.000445 2836.0
0.000666 -0.000446 2837.0
0.000665 -0.000447 2838.0
0.000664 -0.000448 2839.0
0.000664 -0.000449 2840.0
0.000663 -0.000450 2841.0
0.000662 -0.000451 2842.0
0.000662 -0.000452 2843.0
0.000661 -0.000454 2844.0
0.000660 -0.000455 2845.0
0.000659 -0.000456 2846.0
0.000659 -0.000457 2847.0
0.000658 -0.000458 2848.0
0.000657 -0.000459 2849.0
0.000657 -0.000460 2850.0
0.000656 -0.000461 2851.0
0.000655 -0.000462 2852.0
0.000655 -0.000463 2853.0
0.000654 -0.000465 2854.0
0.000653 -0.000466 2855.0
0.000653 -0.000467 2856.0
0.000652 -0.000468 2857.0
0.000651 -0.000469 2858.0
0.000650 -0.000470 2859.0
0.000650 -0.000471 2860.0
0.000649 -0.000472 2861.0
0.000648 -0.000473 2862.0
0.000648 -0.000475 2863.0
0.000647 -0.000476 2864.0
0.000646 -0.000477 2865.0
0.000646 -0.000478 2866.0
0.000645 -0.000479 2867.0
0.000644 -0.000480 2868.0
0.000643 -0.000481 2869.0
0.000643 -0.000482 2870.0
0.000642 -0.000483 2871.0
0.000641 -0.000484 2872.0
0.000641 -0.000486 2873.0
0.000640 -0.000487 2874.0
0.000639 -0.000488 2875.0
0.000639 -0.000489 2876.0
0.000634 -0.000484 2877.0
0.000633 -0.000484 2878.0
0.000633 -0.000485 2879.0
0.000632 -0.000486 2880.0
0.000632 -0.000487 2881.0
0.000631 -0.000488 2882.0
0.000631 -0.000489 2883.0
0.000630 -0.000490 2884.0
0.000630 -0.000491 2885.0
0.000629 -0.000491 2886.0
0.000628 -0.000492 2887.0
0.000628 -0.000493 2888.0
0.000627 -0.000494 2889.0
0.000627 -0.000495 2890.0
0.000626 -0.000496 2891.0
0.000626 -0.000497 2892.0
0.000625 -0.000498 2893.0
0.000625 -0.000498 2894.0
0.000624 -0.000499 2895.0
0.000624 -0.000500 2896.0
0.000623 -0.000501 2897.0
0.000622 -0.000502 2898.0
0.000622 -0.000503 2899.0
0.000621 -0.000504 2900.0
0.000621 -0.000504 2901.0
0.000620 -0.000505 2902.0
0.000620 -0.000506 2903.0
0.000619 -0.000507 2904.0
0.000619 -0.000508 2905.0
0.000618 -0.000509 2906.0
0.000618 -0.000510 2907.0
0.000617 -0.000511 2908.0
0.000616 -0.000511 2909.0
0.000616 -0.000512 2910.0
0.000615 -0.000513 2911.0
0.000615 -0.000514 2912.0
0.000614 -0.000515 2913.0
0.000614 -0.000516 2914.0
0.000613 -0.000517 2915.0
0.000613 -0.000518 2916.0
0.000612 -0.000518 2917.0
0.000612 -0.000519 2918.0
0.000611 -0.000520 2919.0
0.000610 -0.000521 2920.0
0.000610 -0.000522 2921.0
0.000609 -0.000523 2922.0
0.000609 -0.000524 2923.0
0.000608 -0.000524 2924.0
0.000608 -0.000525 2925.0
0.000607 -0.000526 2926.0
0.000607 -0.000527 2927.0
0.000606 -0.000528 2928.0
0.000606 -0.000529 2929.0
0.000605 -0.000530 2930.0
0.000604 -0.000531 2931.0
0.000604 -0.000531 2932.0
0.000603 -0.000532 2933.0
0.000603 -0.000533 2934.0
0.000602 -0.000534 2935.0
0.000602 -0.000535 2936.0
0.000597 -0.000530 2937.0
0.000597 -0.000531 2938.0
0.000597 -0.000531 2939.0
0.000596 -0.000532 2940.0
0.000596 -0.000532 2941.0
0.000596 -0.000533 2942.0
0.000595 -0.000533 2943.0
0.000595 -0.000534 2944.0
0.000595 -0.000534 2945.0
0.000594 -0.000535 2946.0
0.000594 -0.000535 2947.0
0.000594 -0.000536 2948.0
0.000593 -0.000536 2949.0
0.000593 -0.000537 2950.0
0.000593 -0.000537 2951.0
0.000592 -0.000538 2952.0
0.000592 -0.000538 2953.0
0.000592 -0.000539 2954.0
0.000591 -0.000539 2955.0
0.000591 -0.000540 2956.0
0.000591 -0.000540 2957.0
0.000590 -0.000541 2958.0
0.000590 -0.000541 2959.0
0.000590 -0.000542 2960.0
0.000589 -0.000542 2961.0
0.000589 -0.000543 2962.0
0.000589 -0.000543 2963.0
0.000588 -0.000544 2964.0
0.000588 -0.000545 2965.0
0.000588 -0.000545 2966.0
0.000587 -0.000546 2967.0
0.000587 -0.000546 2968.0
0.000587 -0.000547 2969.0
0.000586 -0.000547 2970.0
0.000586 -0.000548 2971.0
0.000586 -0.000548 2972.0
0.000585 -0.000549 2973.0
0.000585 -0.000549 2974.0
0.000585 -0.000550 2975.0
0.000584 -0.000550 2976.0
0.000584 -0.000551 2977.0
0.000584 -0.000551 2978.0
0.000583 -0.000552 2979.0
0.000583 -0.000552 2980.0
0.000583 -0.000553 2981.0
0.000583 -0.000553 2982.0
0.000582 -0.000554 2983.0
0.000582 -0.000554 2984.0
0.000582 -0.000555 2985.0
0.000581 -0.000555 2986.0
0.000581 -0.000556 2987.0
0.000581 -0.000556 2988.0
0.000580 -0.000557 2989.0
0.000580 -0.000557 2990.0
0.000580 -0.000558 2991.0
0.000579 -0.000558 2992.0
0.000579 -0.000559 2993.0
0.000579 -0.000560 2994.0
0.000578 -0.000560 2995.0
0.000578 -0.000561 2996.0
0.000578 -0.000561 2997.0
0.000577 -0.000562 2998.0
0.000575 -0.000559 2999.0
0.000574 -0.000559 3000.0
0.000573 -0.000559 3001.0
0.000573 -0.000559 3002.0
0.000572 -0.000559 3003.0
0.000572 -0.000559 3004.0
0.000571 -0.000560 3005.0
0.000571 -0.000560 3006.0
0.000570 -0.000560 3007.0
0.000570 -0.000560 3008.0
0.000569 -0.000560 3009.0
0.000569 -0.000561 3010.0
0.000568 -0.000561 3011.0
0.000568 -0.000561 3012.0
0.000567 -0.000561 3013.0
0.000567 -0.000561 3014.0
0.000566 -0.000562 3015.0
0.000566 -0.000562 3016.0
0.000565 -0.000562 3017.0
0.000565 -0.000562 3018.0
0.000564 -0.000562 3019.0
0.000564 -0.000563 3020.0
0.000563 -0.000563 3021.0
0.000563 -0.000563 3022.0
0.000562 -0.000563 3023.0
0.000562 -0.000563 3024.0
0.000561 -0.000564 3025.0
0.000561 -0.000564 3026.0
0.000560 -0.000564 3027.0
0.000560 -0.000564 3028.0
0.000559 -0.000564 3029.0
0.000558 -0.000564 3030.0
0.000558 -0.000565 3031.0
0.000557 -0.000565 3032.0
0.000557 -0.000565 3033.0
0.000556 -0.000565 3034.0
0.000556 -0.000565 3035.0
0.000555 -0.000566 3036.0
0.000555 -0.000566 3037.0
0.000554 -0.000566 3038.0
0.000554 -0.000566 3039.0
0.000553 -0.000566 3040.0
0.000553 -0.000567 3041.0
0.000552 -0.000567 3042.0
0.000552 -0.000567 3043.0
0.000551 -0.000567 3044.0
0.000551 -0.000567 3045.0
0.000550 -0.000568 3046.0
0.000550 -0.000568 3047.0
0.000549 -0.000568 3048.0
0.000549 -0.000568 3049.0
0.000548 -0.000568 3050.0
0.000548 -0.000568 3051.0
0.000547 -0.000569 3052.0
0.000547 -0.000569 3053.0
0.000546 -0.000569 3054.0
0.000546 -0.000569 3055.0
0.000545 -0.000569 3056.0
0.000545 -0.000567 3057.0
0.000544 -0.000567 3058.0
0.000544 -0.000566 3059.0
0.000544 -0.000566 3060.0
0.000544 -0.000565 3061.0
0.000544 -0.000565 3062.0
0.000544 -0.000565 3063.0
0.000544 -0.000564 3064.0
0.000543 -0.000564 3065.0
0.000543 -0.000563 3066.0
0.000543 -0.000563 3067.0
0.000543 -0.000562 3068.0
0.000543 -0.000562 3069.0
0.000543 -0.000561 3070.0
0.000542 -0.000561 3071.0
0.000542 -0.000560 3072.0
0.000542 -0.000560 3073.0
0.000542 -0.000559 3074.0
0.000542 -0.000559 3075.0
0.000542 -0.000558 3076.0
0.000541 -0.000558 3077.0
0.000541 -0.000557 3078.0
0.000541 -0.000557 3079.0
0.000541 -0.000557 3080.0
0.000541 -0.000556 3081.0
0.000541 -0.000556 3082.0
0.000541 -0.000555 3083.0
0.000540 -0.000555 3084.0
0.000540 -0.000554 3085.0
0.000540 -0.000554 3086.0
0.000540 -0.000553 3087.0
0.000540 -0.000553 3088.0
0.000540 -0.000552 3089.0
0.000539 -0.000552 3090.0
0.000539 -0.000551 3091.0
0.000539 -0.000551 3092.0
0.000539 -0.000550 3093.0
0.000539 -0.000550 3094.0
0.000539 -0.000549 3095.0
0.000538 -0.000549 3096.0
0.000538 -0.000549 3097.0
0.000538 -0.000548 3098.0
0.000538 -0.000548 3099.0
0.000538 -0.000547 3100.0
0.000538 -0.000547 3101.0
0.000538 -0.000546 3102.0
0.000537 -0.000546 3103.0
0.000537 -0.000545 3104.0
0.000537 -0.000545 3105.0
0.000537 -0.000544 3106.0
0.000537 -0.000544 3107.0
0.000537 -0.000543 3108.0
0.000536 -0.000543 3109.0
0.000536 -0.000542 3110.0
0.000536 -0.000542 3111.0
0.000536 -0.000541 3112.0
0.000536 -0.000541 3113.0
0.000536 -0.000541 3114.0
0.000535 -0.000540 3115.0
0.000535 -0.000540 3116.0
0.000533 -0.000541 3117.0
0.000533 -0.000541 3118.0
0.000533 -0.000540 3119.0
0.000533 -0.000540 3120.0
0.000533 -0.000540 3121.0
0.000534 -0.000540 3122.0
0.000534 -0.000540 3123.0
0.000534 -0.000540 3124.0
0.000534 -0.000540 3125.0
0.000534 -0.000540 3126.0
0.000534 -0.000539 3127.0
0.000534 -0.000539 3128.0
0.000534 -0.000539 3129.0
0.000534 -0.000539 3130.0
0.000534 -0.000539 3131.0
0.000534 -0.000539 3132.0
0.000534 -0.000539 3133.0
0.000534 -0.000538 3134.0
0.000534 -0.000538 3135.0
0.000534 -0.000538 3136.0
0.000534 -0.000538 3137.0
0.000534 -0.000538 3138.0
0.000534 -0.000538 3139.0
0.000534 -0.000538 3140.0
0.000534 -0.000538 3141.0
0.000534 -0.000537 3142.0
0.000534 -0.000537 3143.0
0.000534 -0.000537 3144.0
0.000534 -0.000537 3145.0
0.000534 -0.000537 3146.0
0.000534 -0.000537 3147.0
0.000534 -0.000537 3148.0
0.000534 -0.000536 3149.0
0.000534 -0.000536 3150.0
0.000534 -0.000536 3151.0
0.000534 -0.000536 3152.0
0.000534 -0.000536 3153.0
0.000535 -0.000536 3154.0
0.000535 -0.000536 3155.0
0.000535 -0.000536 3156.0
0.000535 -0.000535 3157.0
0.000535 -0.000535 3158.0
0.000535 -0.000535 3159.0
0.000535 -0.000535 3160.0
0.000535 -0.000535 3161.0
0.000535 -0.000535 3162.0
0.000535 -0.000535 3163.0
0.000535 -0.000534 3164.0
0.000535 -0.000534 3165.0
0.000535 -0.000534 3166.0
0.000535 -0.000534 3167.0
0.000535 -0.000534 3168.0
0.000535 -0.000534 3169.0
0.000535 -0.000534 3170.0
0.000535 -0.000534 3171.0
0.000535 -0.000533 3172.0
0.000535 -0.000533 3173.0
0.000535 -0.000533 3174.0
0.000535 -0.000533 3175.0
0.000535 -0.000533 3176.0
0.000535 -0.000533 3177.0
0.000536 -0.000533 3178.0
0.000535 -0.000533 3179.0
0.000535 -0.000533 3180.0
0.000535 -0.000534 3181.0
0.000535 -0.000534 3182.0
0.000535 -0.000535 3183.0
0.000535 -0.000536 3184.0
0.000535 -0.000537 3185.0
0.000535 -0.000537 3186.0
0.000535 -0.000538 3187.0
0.000535 -0.000539 3188.0
0.000535 -0.000540 3189.0
0.000535 -0.000541 3190.0
0.000535 -0.000541 3191.0
0.000535 -0.000542 3192.0
0.000534 -0.000543 3193.0
0.000534 -0.000544 3194.0
0.000534 -0.000544 3195.0
0.000534 -0.000545 3196.0
0.000534 -0.000546 3197.0
0.000534 -0.000547 3198.0
0.000534 -0.000547 3199.0
0.000534 -0.000548 3200.0
0.000534 -0.000549 3201.0
0.000534 -0.000550 3202.0
0.000534 -0.000550 3203.0
0.000534 -0.000551 3204.0
0.000534 -0.000552 3205.0
0.000534 -0.000553 3206.0
0.000534 -0.000554 3207.0
0.000534 -0.000554 3208.0
0.000534 -0.000555 3209.0
0.000534 -0.000556 3210.0
0.000534 -0.000557 3211.0
0.000534 -0.000557 3212.0
0.000533 -0.000558 3213.0
0.000533 -0.000559 3214.0
0.000533 -0.000560 3215.0
0.000533 -0.000560 3216.0
0.000533 -0.000561 3217.0
0.000533 -0.000562 3218.0
0.000533 -0.000563 3219.0
0.000533 -0.000563 3220.0
0.000533 -0.000564 3221.0
0.000533 -0.000565 3222.0
0.000533 -0.000566 3223.0
0.000533 -0.000567 3224.0
0.000533 -0.000567 3225.0
0.000533 -0.000568 3226.0
0.000533 -0.000569 3227.0
0.000533 -0.000570 3228.0
0.000533 -0.000570 3229.0
0.000533 -0.000571 3230.0
0.000533 -0.000572 3231.0
0.000533 -0.000573 3232.0
0.000533 -0.000573 3233.0
0.000532 -0.000574 3234.0
0.000532 -0.000575 3235.0
0.000532 -0.000576 3236.0
0.000532 -0.000576 3237.0
0.000532 -0.000577 3238.0
0.000532 -0.000578 3239.0
0.000532 -0.000579 3240.0
0.000532 -0.000580 3241.0
0.000532 -0.000580 3242.0
0.000532 -0.000581 3243.0
0.000532 -0.000582 3244.0
0.000531 -0.000582 3245.0
0.000531 -0.000582 3246.0
0.000531 -0.000583 3247.0
0.000531 -0.000584 3248.0
0.000531 -0.000584 3249.0
0.000531 -0.000585 3250.0
0.000531 -0.000586 3251.0
0.000531 -0.000586 3252.0
0.000531 -0.000587 3253.0
0.000531 -0.000588 3254.0
0.000531 -0.000588 3255.0
0.000531 -0.000589 3256.0
0.000531 -0.000590 3257.0
0.000531 -0.000590 3258.0
0.000531 -0.000591 3259.0
0.000531 -0.000592 3260.0
0.000531 -0.000592 3261.0
0.000531 -0.000593 3262.0
0.000531 -0.000594 3263.0
0.000531 -0.000594 3264.0
0.000531 -0.000595 3265.0
0.000531 -0.000596 3266.0
0.000530 -0.000596 3267.0
0.000530 -0.000597 3268.0
0.000530 -0.000598 3269.0
0.000530 -0.000598 3270.0
0.000530 -0.000599 3271.0
0.000530 -0.000600 3272.0
0.000530 -0.000600 3273.0
0.000530 -0.000601 3274.0
0.000530 -0.000602 3275.0
0.000530 -0.000603 3276.0
0.000530 -0.000603 3277.0
0.000530 -0.000604 3278.0
0.000530 -0.000605 3279.0
0.000530 -0.000605 3280.0
0.000530 -0.000606 3281.0
0.000530 -0.000607 3282.0
0.000530 -0.000607 3283.0
0.000530 -0.000608 3284.0
0.000530 -0.000609 3285.0
0.000530 -0.000609 3286.0
0.000530 -0.000610 3287.0
0.000530 -0.000611 3288.0
0.000530 -0.000611 3289.0
0.000530 -0.000612 3290.0
0.000530 -0.000613 3291.0
0.000530 -0.000613 3292.0
0.000530 -0.000614 3293.0
0.000530 -0.000615 3294.0
0.000530 -0.000615 3295.0
0.000529 -0.000616 3296.0
0.000529 -0.000617 3297.0
0.000529 -0.000617 3298.0
0.000529 -0.000618 3299.0
0.000529 -0.000619 3300.0
0.000529 -0.000619 3301.0
0.000529 -0.000620 3302.0
0.000529 -0.000621 3303.0
0.000529 -0.000621 3304.0
0.000529 -0.000621 3305.0
0.000528 -0.000622 3306.0
0.000528 -0.000622 3307.0
0.000528 -0.000623 3308.0
0.000528 -0.000623 3309.0
0.000527 -0.000624 3310.0
0.000527 -0.000625 3311.0
0.000527 -0.000625 3312.0
0.000527 -0.000626 3313.0
0.000526 -0.000626 3314.0
0.000526 -0.000627 3315.0
0.000526 -0.000627 3316.0
0.000526 -0.000628 3317.0
0.000525 -0.000628 3318.0
0.000525 -0.000629 3319.0
0.000525 -0.000630 3320.0
0.000524 -0.000630 3321.0
0.000524 -0.000631 3322.0
0.000524 -0.000631 3323.0
0.000524 -0.000632 3324.0
0.000523 -0.000632 3325.0
0.000523 -0.000633 3326.0
0.000523 -0.000633 3327.0
0.000523 -0.000634 3328.0
0.000522 -0.000635 3329.0
0.000522 -0.000635 3330.0
0.000522 -0.000636 3331.0
0.000521 -0.000636 3332.0
0.000521 -0.000637 3333.0
0.000521 -0.000637 3334.0
0.000521 -0.000638 3335.0
0.000520 -0.000638 3336.0
0.000520 -0.000639 3337.0
0.000520 -0.000640 3338.0
0.000520 -0.000640 3339.0
0.000519 -0.000641 3340.0
0.000519 -0.000641 3341.0
0.000519 -0.000642 3342.0
0.000519 -0.000642 3343.0
0.000518 -0.000643 3344.0
0.000518 -0.000643 3345.0
0.000518 -0.000644 3346.0
0.000517 -0.000645 3347.0
0.000517 -0.000645 3348.0
0.000517 -0.000646 3349.0
0.000517 -0.000646 3350.0
0.000516 -0.000647 3351.0
0.000516 -0.000647 3352.0
0.000516 -0.000648 3353.0
0.000516 -0.000648 3354.0
0.000515 -0.000649 3355.0
0.000515 -0.000650 3356.0
0.000515 -0.000650 3357.0
0.000515 -0.000651 3358.0
0.000514 -0.000651 3359.0
0.000514 -0.000652 3360.0
0.000511 -0.000650 3361.0
0.000511 -0.000650 3362.0
0.000511 -0.000650 3363.0
0.000511 -0.000651 3364.0
0.000511 -0.000651 3365.0
0.000511 -0.000651 3366.0
0.000511 -0.000652 3367.0
0.000510 -0.000652 3368.0
0.000510 -0.000653 3369.0
0.000510 -0.000653 3370.0
0.000510 -0.000653 3371.0
0.000510 -0.000654 3372.0
0.000510 -0.000654 3373.0
0.000509 -0.000654 3374.0
0.000509 -0.000655 3375.0
0.000509 -0.000655 3376.0
0.000509 -0.000655 3377.0
0.000509 -0.000656 3378.0
0.000509 -0.000656 3379.0
0.000508 -0.000656 3380.0
0.000508 -0.000657 3381.0
0.000508 -0.000657 3382.0
0.000508 -0.000658 3383.0
0.000508 -0.000658 3384.0
0.000508 -0.000658 3385.0
0.000507 -0.000659 3386.0
0.000507 -0.000659 3387.0
0.000507 -0.000659 3388.0
0.000507 -0.000660 3389.0
0.000507 -0.000660 3390.0
0.000507 -0.000660 3391.0
0.000506 -0.000661 3392.0
0.000506 -0.000661 3393.0
0.000506 -0.000661 3394.0
0.000506 -0.000662 3395.0
0.000506 -0.000662 3396.0
0.000506 -0.000663 3397.0
0.000505 -0.000663 3398.0
0.000505 -0.000663 3399.0
0.000505 -0.000664 3400.0
0.000505 -0.000664 3401.0
0.000505 -0.000664 3402.0
0.000505 -0.000665 3403.0
0.000504 -0.000665 3404.0
0.000504 -0.000665 3405.0
0.000504 -0.000666 3406.0
0.000504 -0.000666 3407.0
0.000504 -0.000667 3408.0
0.000504 -0.000667 3409.0
0.000503 -0.000667 3410.0
0.000503 -0.000668 3411.0
0.000503 -0.000668 3412.0
0.000503 -0.000668 3413.0
0.000503 -0.000669 3414.0
0.000503 -0.000669 3415.0
0.000502 -0.000669 3416.0
0.000502 -0.000670 3417.0
0.000502 -0.000670 3418.0
0.000502 -0.000670 3419.0
0.000502 -0.000671 3420.0
0.000500 -0.000669 3421.0
0.000500 -0.000669 3422.0
0.000500 -0.000669 3423.0
0.000499 -0.000669 3424.0
0.000499 -0.000669 3425.0
0.000499 -0.000669 3426.0
0.000499 -0.000669 3427.0
0.000498 -0.000669 3428.0
0.000498 -0.000669 3429.0
0.000498 -0.000669 3430.0
0.000498 -0.000668 3431.0
0.000497 -0.000668 3432.0
0.000497 -0.000668 3433.0
0.000497 -0.000668 3434.0
0.000497 -0.000668 3435.0
0.000496 -0.000668 3436.0
0.000496 -0.000668 3437.0
0.000496 -0.000668 3438.0
0.000496 -0.000668 3439.0
0.000495 -0.000668 3440.0
0.000495 -0.000667 3441.0
0.000495 -0.000667 3442.0
0.000495 -0.000667 3443.0
0.000494 -0.000667 3444.0
0.000494 -0.000667 3445.0
0.000494 -0.000667 3446.0
0.000494 -0.000667 3447.0
0.000493 -0.000667 3448.0
0.000493 -0.000667 3449.0
0.000493 -0.000667 3450.0
0.000493 -0.000666 3451.0
0.000492 -0.000666 3452.0
0.000492 -0.000666 3453.0
0.000492 -0.000666 3454.0
0.000492 -0.000666 3455.0
0.000491 -0.000666 3456.0
0.000491 -0.000666 3457.0
0.000491 -0.000666 3458.0
0.000491 -0.000666 3459.0
0.000490 -0.000666 3460.0
0.000490 -0.000665 3461.0
0.000490 -0.000665 3462.0
0.000490 -0.000665 3463.0
0.000489 -0.000665 3464.0
0.000489 -0.000665 3465.0
0.000489 -0.000665 3466.0
0.000489 -0.000665 3467.0
0.000488 -0.000665 3468.0
0.000488 -0.000665 3469.0
0.000488 -0.000665 3470.0
0.000488 -0.000665 3471.0
0.000487 -0.000664 3472.0
0.000487 -0.000664 3473.0
0.000487 -0.000664 3474.0
0.000487 -0.000664 3475.0
0.000486 -0.000664 3476.0
0.000486 -0.000665 3477.0
0.000486 -0.000665 3478.0
0.000487 -0.000666 3479.0
0.000487 -0.000666 3480.0
0.000487 -0.000666 3481.0
0.000487 -0.000667 3482.0
0.000487 -0.000667 3483.0
0.000488 -0.000667 3484.0
0.000488 -0.000667 3485.0
0.000488 -0.000668 3486.0
0.000488 -0.000668 3487.0
0.000488 -0.000668 3488.0
0.000489 -0.000669 3489.0
0.000489 -0.000669 3490.0
0.000489 -0.000669 3491.0
0.000489 -0.000669 3492.0
0.000489 -0.000670 3493.0
0.000490 -0.000670 3494.0
0.000490 -0.000670 3495.0
0.000490 -0.000671 3496.0
0.000490 -0.000671 3497.0
0.000491 -0.000671 3498.0
0.000491 -0.000672 3499.0
0.000491 -0.000672 3500.0
0.000491 -0.000672 3501.0
0.000491 -0.000672 3502.0
0.000492 -0.000673 3503.0
0.000492 -0.000673 3504.0
0.000492 -0.000673 3505.0
0.000492 -0.000674 3506.0
0.000492 -0.000674 3507.0
0.000493 -0.000674 3508.0
0.000493 -0.000674 3509.0
0.000493 -0.000675 3510.0
0.000493 -0.000675 3511.0
0.000493 -0.000675 3512.0
0.000494 -0.000676 3513.0
0.000494 -0.000676 3514.0
0.000494 -0.000676 3515.0
0.000494 -0.000677 3516.0
0.000495 -0.000677 3517.0
0.000495 -0.000677 3518.0
0.000495 -0.000677 3519.0
0.000495 -0.000678 3520.0
0.000495 -0.000678 3521.0
0.000496 -0.000678 3522.0
0.000496 -0.000679 3523.0
0.000496 -0.000679 3524.0
0.000496 -0.000679 3525.0
0.000496 -0.000679 3526.0
0.000497 -0.000680 3527.0
0.000497 -0.000680 3528.0
0.000497 -0.000680 3529.0
0.000497 -0.000681 3530.0
0.000497 -0.000681 3531.0
0.000498 -0.000681 3532.0
0.000498 -0.000682 3533.0
0.000498 -0.000682 3534.0
0.000498 -0.000682 3535.0
0.000499 -0.000682 3536.0
0.000500 -0.000681 3537.0
0.000500 -0.000681 3538.0
0.000500 -0.000682 3539.0
0.000500 -0.000683 3540.0
0.000500 -0.000684 3541.0
0.000500 -0.000685 3542.0
0.000500 -0.000686 3543.0
0.000500 -0.000687 3544.0
0.000500 -0.000688 3545.0
0.000500 -0.000689 3546.0
0.000500 -0.000690 3547.0
0.000499 -0.000690 3548.0
0.000499 -0.000691 3549.0
0.000499 -0.000692 3550.0
0.000499 -0.000693 3551.0
0.000499 -0.000694 3552.0
0.000499 -0.000695 3553.0
0.000499 -0.000696 3554.0
0.000499 -0.000697 3555.0
0.000499 -0.000698 3556.0
0.000499 -0.000699 3557.0
0.000499 -0.000699 3558.0
0.000499 -0.000700 3559.0
0.000499 -0.000701 3560.0
0.000499 -0.000702 3561.0
0.000499 -0.000703 3562.0
0.000499 -0.000704 3563.0
0.000499 -0.000705 3564.0
0.000499 -0.000706 3565.0
0.000499 -0.000707 3566.0
0.000499 -0.000708 3567.0
0.000498 -0.000708 3568.0
0.000498 -0.000709 3569.0
0.000498 -0.000710 3570.0
0.000498 -0.000711 3571.0
0.000498 -0.000712 3572.0
0.000498 -0.000713 3573.0
0.000498 -0.000714 3574.0
0.000498 -0.000715 3575.0
0.000498 -0.000716 3576.0
0.000498 -0.000717 3577.0
0.000498 -0.000717 3578.0
0.000498 -0.000718 3579.0
0.000498 -0.000719 3580.0
0.000498 -0.000720 3581.0
0.000498 -0.000721 3582.0
0.000498 -0.000722 3583.0
0.000498 -0.000723 3584.0
0.000498 -0.000724 3585.0
0.000498 -0.000725 3586.0
0.000498 -0.000725 3587.0
0.000497 -0.000726 3588.0
0.000497 -0.000727 3589.0
0.000497 -0.000728 3590.0
0.000497 -0.000729 3591.0
0.000497 -0.000730 3592.0
0.000497 -0.000731 3593.0
0.000497 -0.000732 3594.0
0.000497 -0.000733 3595.0
0.000497 -0.000734 3596.0
0.000496 -0.000734 3597.0
