0.000648 -0.000647 50.0
0.000648 -0.000648 51.0
0.000647 -0.000648 52.0
0.000647 -0.000648 53.0
0.000646 -0.000648 54.0
0.000645 -0.000648 55.0
0.000645 -0.000648 56.0
0.000644 -0.000648 57.0
0.000643 -0.000648 58.0
0.000643 -0.000648 59.0
0.000642 -0.000648 60.0
0.000642 -0.000648 61.0
0.000641 -0.000648 62.0
0.000640 -0.000648 63.0
0.000640 -0.000648 64.0
0.000639 -0.000648 65.0
0.000638 -0.000648 66.0
0.000638 -0.000648 67.0
0.000637 -0.000648 68.0
0.000636 -0.000648 69.0
0.000636 -0.000648 70.0
0.000635 -0.000648 71.0
0.000635 -0.000648 72.0
0.000634 -0.000648 73.0
0.000633 -0.000649 74.0
0.000633 -0.000649 75.0
0.000632 -0.000649 76.0
0.000631 -0.000649 77.0
0.000631 -0.000649 78.0
0.000630 -0.000649 79.0
0.000630 -0.000649 80.0
0.000629 -0.000649 81.0
0.000628 -0.000649 82.0
0.000628 -0.000649 83.0
0.000627 -0.000649 84.0
0.000626 -0.000649 85.0
0.000626 -0.000649 86.0
0.000625 -0.000649 87.0
0.000625 -0.000649 88.0
0.000624 -0.000649 89.0
0.000623 -0.000649 90.0
0.000623 -0.000649 91.0
0.000622 -0.000649 92.0
0.000621 -0.000649 93.0
0.000621 -0.000649 94.0
0.000620 -0.000649 95.0
0.000620 -0.000649 96.0
0.000619 -0.000649 97.0
0.000618 -0.000650 98.0
0.000618 -0.000650 99.0
0.000617 -0.000650 100.0
0.000616 -0.000650 101.0
0.000616 -0.000650 102.0
0.000615 -0.000650 103.0
0.000615 -0.000650 104.0
0.000614 -0.000650 105.0
0.000613 -0.000650 106.0
0.000613 -0.000650 107.0
0.000613 -0.000649 108.0
0.000613 -0.000650 109.0
0.000613 -0.000650 110.0
0.000613 -0.000651 111.0
0.000612 -0.000651 112.0
0.000612 -0.000651 113.0
0.000612 -0.000652 114.0
0.000612 -0.000652 115.0
0.000612 -0.000653 116.0
0.000612 -0.000653 117.0
0.000612 -0.000653 118.0
0.000612 -0.000654 119.0
0.000612 -0.000654 120.0
0.000612 -0.000655 121.0
0.000612 -0.000655 122.0
0.000612 -0.000655 123.0
0.000612 -0.000656 124.0
0.000612 -0.000656 125.0
0.000612 -0.000657 126.0
0.000612 -0.000657 127.0
0.000612 -0.000657 128.0
0.000612 -0.000658 129.0
0.000612 -0.000658 130.0
0.000612 -0.000659 131.0
0.000612 -0.000659 132.0
0.000611 -0.000660 133.0
0.000611 -0.000660 134.0
0.000611 -0.000660 135.0
0.000611 -0.000661 136.0
0.000611 -0.000661 137.0
0.000611 -0.000662 138.0
0.000611 -0.000662 139.0
0.000611 -0.000662 140.0
0.000611 -0.000663 141.0
0.000611 -0.000663 142.0
0.000611 -0.000664 143.0
0.000611 -0.000664 144.0
0.000611 -0.000664 145.0
0.000611 -0.000665 146.0
0.000611 -0.000665 147.0
0.000611 -0.000666 148.0
0.000611 -0.000666 149.0
0.000611 -0.000666 150.0
0.000611 -0.000667 151.0
0.000611 -0.000667 152.0
0.000611 -0.000668 153.0
0.000610 -0.000668 154.0
0.000610 -0.000668 155.0
0.000610 -0.000669 156.0
0.000610 -0.000669 157.0
0.000610 -0.000670 158.0
0.000610 -0.000670 159.0
0.000610 -0.000670 160.0
0.000610 -0.000671 161.0
0.000610 -0.000671 162.0
0.000610 -0.000672 163.0
0.000610 -0.000672 164.0
0.000610 -0.000672 165.0
0.000610 -0.000673 166.0
0.000610 -0.000673 167.0
0.000610 -0.000674 168.0
0.000610 -0.000674 169.0
0.000610 -0.000674 170.0
0.000610 -0.000675 171.0
0.000610 -0.000675 172.0
0.000609 -0.000675 173.0
0.000608 -0.000678 174.0
0.000608 -0.000678 175.0
0.000608 -0.000678 176.0
0.000607 -0.000678 177.0
0.000607 -0.000678 178.0
0.000607 -0.000678 179.0
0.000607 -0.000678 180.0
0.000607 -0.000678 181.0
0.000606 -0.000678 182.0
0.000606 -0.000678 183.0
0.000606 -0.000678 184.0
0.000606 -0.000678 185.0
0.000606 -0.000678 186.0
0.000606 -0.000678 187.0
0.000605 -0.000678 188.0
0.000605 -0.000678 189.0
0.000605 -0.000678 190.0
0.000605 -0.000677 191.0
0.000605 -0.000677 192.0
0.000604 -0.000677 193.0
0.000604 -0.000677 194.0
0.000604 -0.000677 195.0
0.000604 -0.000677 196.0
0.000604 -0.000677 197.0
0.000603 -0.000677 198.0
0.000603 -0.000677 199.0
0.000603 -0.000677 200.0
0.000603 -0.000677 201.0
0.000603 -0.000677 202.0
0.000603 -0.000677 203.0
0.000602 -0.000677 204.0
0.000602 -0.000677 205.0
0.000602 -0.000677 206.0
0.000602 -0.000677 207.0
0.000602 -0.000677 208.0
0.000601 -0.000677 209.0
0.000601 -0.000677 210.0
0.000601 -0.000677 211.0
0.000601 -0.000677 212.0
0.000601 -0.000677 213.0
0.000601 -0.000677 214.0
0.000600 -0.000677 215.0
0.000600 -0.000676 216.0
0.000600 -0.000676 217.0
0.000600 -0.000676 218.0
0.000600 -0.000676 219.0
0.000599 -0.000676 220.0
0.000599 -0.000676 221.0
0.000599 -0.000676 222.0
0.000599 -0.000676 223.0
0.000599 -0.000676 224.0
0.000598 -0.000676 225.0
0.000598 -0.000676 226.0
0.000598 -0.000676 227.0
0.000598 -0.000676 228.0
0.000598 -0.000676 229.0
0.000598 -0.000676 230.0
0.000597 -0.000676 231.0
0.000597 -0.000676 232.0
0.000597 -0.000676 233.0
0.000597 -0.000676 234.0
0.000597 -0.000676 235.0
0.000596 -0.000676 236.0
0.000596 -0.000676 237.0
0.000596 -0.000675 238.0
0.000595 -0.000675 239.0
0.000595 -0.000675 240.0
0.000594 -0.000675 241.0
0.000594 -0.000674 242.0
0.000594 -0.000674 243.0
0.000593 -0.000674 244.0
0.000593 -0.000674 245.0
0.000592 -0.000673 246.0
0.000592 -0.000673 247.0
0.000592 -0.000673 248.0
0.000591 -0.000673 249.0
0.000591 -0.000672 250.0
0.000590 -0.000672 251.0
0.000590 -0.000672 252.0
0.000590 -0.000672 253.0
0.000589 -0.000671 254.0
0.000589 -0.000671 255.0
0.000589 -0.000671 256.0
0.000588 -0.000671 257.0
0.000588 -0.000670 258.0
0.000587 -0.000670 259.0
0.000587 -0.000670 260.0
0.000587 -0.000670 261.0
0.000586 -0.000669 262.0
0.000586 -0.000669 263.0
0.000585 -0.000669 264.0
0.000585 -0.000669 265.0
0.000585 -0.000668 266.0
0.000584 -0.000668 267.0
0.000584 -0.000668 268.0
0.000583 -0.000668 269.0
0.000583 -0.000667 270.0
0.000583 -0.000667 271.0
0.000582 -0.000667 272.0
0.000582 -0.000667 273.0
0.000582 -0.000666 274.0
0.000581 -0.000666 275.0
0.000581 -0.000666 276.0
0.000580 -0.000666 277.0
0.000580 -0.000665 278.0
0.000580 -0.000665 279.0
0.000579 -0.000665 280.0
0.000579 -0.000665 281.0
0.000578 -0.000664 282.0
0.000578 -0.000664 283.0
0.000578 -0.000664 284.0
0.000577 -0.000664 285.0
0.000577 -0.000663 286.0
0.000576 -0.000663 287.0
0.000576 -0.000663 288.0
0.000576 -0.000663 289.0
0.000575 -0.000662 290.0
0.000575 -0.000662 291.0
0.000575 -0.000662 292.0
0.000574 -0.000662 293.0
0.000574 -0.000661 294.0
0.000573 -0.000664 295.0
0.000573 -0.000663 296.0
0.000573 -0.000663 297.0
0.000573 -0.000663 298.0
0.000573 -0.000662 299.0
0.000573 -0.000662 300.0
0.000574 -0.000661 301.0
0.000574 -0.000661 302.0
0.000574 -0.000661 303.0
0.000574 -0.000660 304.0
0.000574 -0.000660 305.0
0.000574 -0.000660 306.0
0.000574 -0.000659 307.0
0.000574 -0.000659 308.0
0.000575 -0.000658 309.0
0.000575 -0.000658 310.0
0.000575 -0.000658 311.0
0.000575 -0.000657 312.0
0.000575 -0.000657 313.0
0.000575 -0.000656 314.0
0.000575 -0.000656 315.0
0.000575 -0.000656 316.0
0.000576 -0.000655 317.0
0.000576 -0.000655 318.0
0.000576 -0.000655 319.0
0.000576 -0.000654 320.0
0.000576 -0.000654 321.0
0.000576 -0.000653 322.0
0.000576 -0.000653 323.0
0.000576 -0.000653 324.0
0.000577 -0.000652 325.0
0.000577 -0.000652 326.0
0.000577 -0.000651 327.0
0.000577 -0.000651 328.0
0.000577 -0.000651 329.0
0.000577 -0.000650 330.0
0.000577 -0.000650 331.0
0.000577 -0.000649 332.0
0.000578 -0.000649 333.0
0.000578 -0.000649 334.0
0.000578 -0.000648 335.0
0.000578 -0.000648 336.0
0.000578 -0.000648 337.0
0.000578 -0.000647 338.0
0.000578 -0.000647 339.0
0.000578 -0.000646 340.0
0.000579 -0.000646 341.0
0.000579 -0.000646 342.0
0.000579 -0.000645 343.0
0.000579 -0.000645 344.0
0.000579 -0.000644 345.0
0.000579 -0.000644 346.0
0.000579 -0.000644 347.0
0.000579 -0.000643 348.0
0.000580 -0.000643 349.0
0.000580 -0.000643 350.0
0.000580 -0.000642 351.0
0.000580 -0.000642 352.0
0.000580 -0.000641 353.0
0.000580 -0.000641 354.0
0.000580 -0.000641 355.0
0.000580 -0.000640 356.0
0.000581 -0.000640 357.0
0.000581 -0.000639 358.0
0.000581 -0.000639 359.0
0.000581 -0.000639 360.0
0.000581 -0.000638 361.0
0.000581 -0.000638 362.0
0.000581 -0.000637 363.0
0.000581 -0.000637 364.0
0.000582 -0.000637 365.0
0.000582 -0.000636 366.0
0.000582 -0.000636 367.0
0.000582 -0.000636 368.0
0.000582 -0.000635 369.0
0.000582 -0.000635 370.0
0.000582 -0.000634 371.0
0.000582 -0.000634 372.0
0.000583 -0.000634 373.0
0.000583 -0.000633 374.0
0.000583 -0.000633 375.0
0.000583 -0.000632 376.0
0.000583 -0.000632 377.0
0.000583 -0.000632 378.0
0.000583 -0.000631 379.0
0.000583 -0.000631 380.0
0.000584 -0.000630 381.0
0.000584 -0.000630 382.0
0.000584 -0.000630 383.0
0.000584 -0.000629 384.0
0.000584 -0.000629 385.0
0.000584 -0.000629 386.0
0.000584 -0.000628 387.0
0.000584 -0.000628 388.0
0.000585 -0.000627 389.0
0.000585 -0.000627 390.0
0.000585 -0.000627 391.0
0.000585 -0.000626 392.0
0.000585 -0.000626 393.0
0.000585 -0.000625 394.0
0.000585 -0.000625 395.0
0.000585 -0.000625 396.0
0.000586 -0.000624 397.0
0.000586 -0.000624 398.0
0.000586 -0.000624 399.0
0.000586 -0.000623 400.0
0.000586 -0.000623 401.0
0.000586 -0.000622 402.0
0.000586 -0.000622 403.0
0.000586 -0.000622 404.0
0.000587 -0.000621 405.0
0.000587 -0.000621 406.0
0.000587 -0.000620 407.0
0.000590 -0.000622 408.0
0.000590 -0.000622 409.0
0.000590 -0.000622 410.0
0.000589 -0.000622 411.0
0.000589 -0.000621 412.0
0.000589 -0.000621 413.0
0.000589 -0.000621 414.0
0.000589 -0.000621 415.0
0.000589 -0.000621 416.0
0.000588 -0.000621 417.0
0.000588 -0.000621 418.0
0.000588 -0.000620 419.0
0.000588 -0.000620 420.0
0.000588 -0.000620 421.0
0.000588 -0.000620 422.0
0.000588 -0.000620 423.0
0.000587 -0.000620 424.0
0.000587 -0.000619 425.0
0.000587 -0.000619 426.0
0.000587 -0.000619 427.0
0.000587 -0.000619 428.0
0.000587 -0.000619 429.0
0.000587 -0.000619 430.0
0.000586 -0.000619 431.0
0.000586 -0.000618 432.0
0.000586 -0.000618 433.0
0.000586 -0.000618 434.0
0.000586 -0.000618 435.0
0.000586 -0.000618 436.0
0.000586 -0.000618 437.0
0.000585 -0.000617 438.0
0.000585 -0.000617 439.0
0.000585 -0.000617 440.0
0.000585 -0.000617 441.0
0.000585 -0.000617 442.0
0.000585 -0.000617 443.0
0.000585 -0.000616 444.0
0.000584 -0.000616 445.0
0.000584 -0.000616 446.0
0.000584 -0.000616 447.0
0.000584 -0.000616 448.0
0.000584 -0.000616 449.0
0.000584 -0.000616 450.0
0.000584 -0.000615 451.0
0.000583 -0.000616 452.0
0.000583 -0.000616 453.0
0.000583 -0.000617 454.0
0.000584 -0.000617 455.0
0.000584 -0.000617 456.0
0.000584 -0.000617 457.0
0.000584 -0.000617 458.0
0.000585 -0.000617 459.0
0.000585 -0.000618 460.0
0.000585 -0.000618 461.0
0.000585 -0.000618 462.0
0.000586 -0.000618 463.0
0.000586 -0.000618 464.0
0.000586 -0.000618 465.0
0.000586 -0.000619 466.0
0.000587 -0.000619 467.0
0.000587 -0.000619 468.0
0.000587 -0.000619 469.0
0.000587 -0.000619 470.0
0.000588 -0.000619 471.0
0.000588 -0.000620 472.0
0.000588 -0.000620 473.0
0.000588 -0.000620 474.0
0.000589 -0.000620 475.0
0.000589 -0.000620 476.0
0.000589 -0.000620 477.0
0.000589 -0.000621 478.0
0.000590 -0.000621 479.0
0.000590 -0.000621 480.0
0.000590 -0.000621 481.0
0.000590 -0.000621 482.0
0.000591 -0.000621 483.0
0.000591 -0.000622 484.0
0.000591 -0.000622 485.0
0.000591 -0.000622 486.0
0.000592 -0.000622 487.0
0.000592 -0.000622 488.0
0.000592 -0.000622 489.0
0.000592 -0.000623 490.0
0.000593 -0.000623 491.0
0.000593 -0.000623 492.0
0.000593 -0.000623 493.0
0.000593 -0.000623 494.0
0.000594 -0.000623 495.0
0.000594 -0.000624 496.0
0.000594 -0.000624 497.0
0.000594 -0.000624 498.0
0.000595 -0.000624 499.0
0.000595 -0.000624 500.0
0.000595 -0.000624 501.0
0.000595 -0.000625 502.0
0.000596 -0.000625 503.0
0.000596 -0.000625 504.0
0.000596 -0.000625 505.0
0.000596 -0.000625 506.0
0.000597 -0.000625 507.0
0.000597 -0.000626 508.0
0.000597 -0.000626 509.0
0.000597 -0.000626 510.0
0.000598 -0.000626 511.0
0.000598 -0.000626 512.0
0.000599 -0.000625 513.0
0.000599 -0.000625 514.0
0.000599 -0.000625 515.0
0.000599 -0.000625 516.0
0.000599 -0.000625 517.0
0.000600 -0.000625 518.0
0.000600 -0.000625 519.0
0.000600 -0.000625 520.0
0.000600 -0.000625 521.0
0.000601 -0.000625 522.0
0.000601 -0.000625 523.0
0.000601 -0.000625 524.0
0.000601 -0.000625 525.0
0.000602 -0.000625 526.0
0.000602 -0.000625 527.0
0.000602 -0.000625 528.0
0.000602 -0.000625 529.0
0.000602 -0.000625 530.0
0.000603 -0.000625 531.0
0.000603 -0.000626 532.0
0.000603 -0.000626 533.0
0.000603 -0.000626 534.0
0.000604 -0.000626 535.0
0.000604 -0.000626 536.0
0.000604 -0.000626 537.0
0.000604 -0.000626 538.0
0.000605 -0.000626 539.0
0.000605 -0.000626 540.0
0.000605 -0.000626 541.0
0.000605 -0.000626 542.0
0.000605 -0.000626 543.0
0.000606 -0.000626 544.0
0.000606 -0.000626 545.0
0.000606 -0.000626 546.0
0.000606 -0.000626 547.0
0.000607 -0.000626 548.0
0.000607 -0.000626 549.0
0.000607 -0.000626 550.0
0.000607 -0.000626 551.0
0.000607 -0.000627 552.0
0.000608 -0.000627 553.0
0.000608 -0.000627 554.0
0.000608 -0.000627 555.0
0.000608 -0.000627 556.0
0.000609 -0.000627 557.0
0.000609 -0.000627 558.0
0.000609 -0.000627 559.0
0.000609 -0.000627 560.0
0.000610 -0.000627 561.0
0.000610 -0.000627 562.0
0.000610 -0.000627 563.0
0.000610 -0.000627 564.0
0.000610 -0.000627 565.0
0.000611 -0.000627 566.0
0.000611 -0.000627 567.0
0.000611 -0.000627 568.0
0.000611 -0.000627 569.0
0.000612 -0.000627 570.0
0.000612 -0.000627 571.0
0.000612 -0.000628 572.0
0.000612 -0.000627 573.0
0.000613 -0.000627 574.0
0.000614 -0.000627 575.0
0.000614 -0.000627 576.0
0.000615 -0.000628 577.0
0.000616 -0.000628 578.0
0.000616 -0.000628 579.0
0.000617 -0.000628 580.0
0.000618 -0.000628 581.0
0.000618 -0.000628 582.0
0.000619 -0.000629 583.0
0.000620 -0.000629 584.0
0.000620 -0.000629 585.0
0.000621 -0.000629 586.0
0.000622 -0.000629 587.0
0.000622 -0.000630 588.0
0.000623 -0.000630 589.0
0.000624 -0.000630 590.0
0.000624 -0.000630 591.0
0.000625 -0.000630 592.0
0.000626 -0.000630 593.0
0.000626 -0.000631 594.0
0.000627 -0.000631 595.0
0.000628 -0.000631 596.0
0.000629 -0.000631 597.0
0.000629 -0.000631 598.0
0.000630 -0.000631 599.0
0.000631 -0.000632 600.0
0.000631 -0.000632 601.0
0.000632 -0.000632 602.0
0.000633 -0.000632 603.0
0.000633 -0.000632 604.0
0.000634 -0.000632 605.0
0.000635 -0.000633 606.0
0.000635 -0.000633 607.0
0.000636 -0.000633 608.0
0.000637 -0.000633 609.0
0.000637 -0.000633 610.0
0.000638 -0.000633 611.0
0.000639 -0.000634 612.0
0.000639 -0.000634 613.0
0.000640 -0.000634 614.0
0.000641 -0.000634 615.0
0.000641 -0.000634 616.0
0.000642 -0.000634 617.0
0.000643 -0.000635 618.0
0.000644 -0.000635 619.0
0.000644 -0.000635 620.0
0.000645 -0.000635 621.0
0.000646 -0.000635 622.0
0.000646 -0.000636 623.0
0.000647 -0.000636 624.0
0.000648 -0.000636 625.0
0.000648 -0.000636 626.0
0.000649 -0.000636 627.0
0.000650 -0.000636 628.0
0.000650 -0.000637 629.0
0.000651 -0.000637 630.0
0.000652 -0.000637 631.0
0.000652 -0.000637 632.0
0.000653 -0.000637 633.0
0.000654 -0.000637 634.0
0.000654 -0.000638 635.0
0.000655 -0.000638 636.0
0.000656 -0.000638 637.0
0.000656 -0.000638 638.0
0.000657 -0.000638 639.0
0.000657 -0.000636 640.0
0.000658 -0.000635 641.0
0.000658 -0.000635 642.0
0.000659 -0.000634 643.0
0.000659 -0.000634 644.0
0.000660 -0.000633 645.0
0.000660 -0.000633 646.0
0.000660 -0.000632 647.0
0.000661 -0.000631 648.0
0.000661 -0.000631 649.0
0.000662 -0.000630 650.0
0.000662 -0.000630 651.0
0.000662 -0.000629 652.0
0.000663 -0.000628 653.0
0.000663 -0.000628 654.0
0.000664 -0.000627 655.0
0.000664 -0.000627 656.0
0.000665 -0.000626 657.0
0.000665 -0.000626 658.0
0.000665 -0.000625 659.0
0.000666 -0.000624 660.0
0.000666 -0.000624 661.0
0.000667 -0.000623 662.0
0.000667 -0.000623 663.0
0.000667 -0.000622 664.0
0.000668 -0.000622 665.0
0.000668 -0.000621 666.0
0.000669 -0.000620 667.0
0.000669 -0.000620 668.0
0.000670 -0.000619 669.0
0.000670 -0.000619 670.0
0.000670 -0.000618 671.0
0.000671 -0.000617 672.0
0.000671 -0.000617 673.0
0.000672 -0.000616 674.0
0.000672 -0.000616 675.0
0.000672 -0.000615 676.0
0.000673 -0.000615 677.0
0.000673 -0.000614 678.0
0.000674 -0.000613 679.0
0.000674 -0.000613 680.0
0.000675 -0.000612 681.0
0.000675 -0.000612 682.0
0.000675 -0.000611 683.0
0.000676 -0.000611 684.0
0.000676 -0.000610 685.0
0.000677 -0.000609 686.0
0.000677 -0.000609 687.0
0.000677 -0.000608 688.0
0.000678 -0.000608 689.0
0.000678 -0.000607 690.0
0.000679 -0.000606 691.0
0.000679 -0.000606 692.0
0.000680 -0.000605 693.0
0.000680 -0.000605 694.0
0.000680 -0.000604 695.0
0.000681 -0.000604 696.0
0.000681 -0.000603 697.0
0.000682 -0.000602 698.0
0.000684 -0.000606 699.0
0.000685 -0.000605 700.0
0.000685 -0.000604 701.0
0.000685 -0.000603 702.0
0.000685 -0.000602 703.0
0.000685 -0.000602 704.0
0.000685 -0.000601 705.0
0.000685 -0.000600 706.0
0.000685 -0.000599 707.0
0.000685 -0.000598 708.0
0.000685 -0.000597 709.0
0.000686 -0.000596 710.0
0.000686 -0.000595 711.0
0.000686 -0.000594 712.0
0.000686 -0.000594 713.0
0.000686 -0.000593 714.0
0.000686 -0.000592 715.0
0.000686 -0.000591 716.0
0.000686 -0.000590 717.0
0.000686 -0.000589 718.0
0.000686 -0.000588 719.0
0.000686 -0.000587 720.0
0.000687 -0.000586 721.0
0.000687 -0.000585 722.0
0.000687 -0.000585 723.0
0.000687 -0.000584 724.0
0.000687 -0.000583 725.0
0.000687 -0.000582 726.0
0.000687 -0.000581 727.0
0.000687 -0.000580 728.0
0.000687 -0.000579 729.0
0.000687 -0.000578 730.0
0.000688 -0.000577 731.0
0.000688 -0.000576 732.0
0.000688 -0.000576 733.0
0.000688 -0.000575 734.0
0.000688 -0.000574 735.0
0.000688 -0.000573 736.0
0.000688 -0.000572 737.0
0.000688 -0.000571 738.0
0.000688 -0.000570 739.0
0.000688 -0.000569 740.0
0.000689 -0.000568 741.0
0.000689 -0.000568 742.0
0.000689 -0.000567 743.0
0.000689 -0.000566 744.0
0.000689 -0.000565 745.0
0.000689 -0.000564 746.0
0.000689 -0.000563 747.0
0.000689 -0.000562 748.0
0.000689 -0.000561 749.0
0.000689 -0.000560 750.0
0.000689 -0.000559 751.0
0.000690 -0.000559 752.0
0.000690 -0.000558 753.0
0.000690 -0.000557 754.0
0.000691 -0.000557 755.0
0.000691 -0.000557 756.0
0.000691 -0.000557 757.0
0.000691 -0.000556 758.0
0.000691 -0.000556 759.0
0.000691 -0.000556 760.0
0.000691 -0.000556 761.0
0.000691 -0.000556 762.0
0.000691 -0.000555 763.0
0.000691 -0.000555 764.0
0.000691 -0.000555 765.0
0.000691 -0.000555 766.0
0.000691 -0.000555 767.0
0.000691 -0.000555 768.0
0.000691 -0.000554 769.0
0.000691 -0.000554 770.0
0.000691 -0.000554 771.0
0.000692 -0.000554 772.0
0.000692 -0.000554 773.0
0.000692 -0.000553 774.0
0.000692 -0.000553 775.0
0.000692 -0.000553 776.0
0.000692 -0.000553 777.0
0.000692 -0.000553 778.0
0.000692 -0.000552 779.0
0.000692 -0.000552 780.0
0.000692 -0.000552 781.0
0.000692 -0.000552 782.0
0.000692 -0.000552 783.0
0.000692 -0.000552 784.0
0.000692 -0.000551 785.0
0.000692 -0.000551 786.0
0.000692 -0.000551 787.0
0.000692 -0.000551 788.0
0.000692 -0.000551 789.0
0.000692 -0.000550 790.0
0.000692 -0.000550 791.0
0.000692 -0.000550 792.0
0.000692 -0.000550 793.0
0.000692 -0.000550 794.0
0.000692 -0.000549 795.0
0.000692 -0.000549 796.0
0.000692 -0.000549 797.0
0.000692 -0.000549 798.0
0.000692 -0.000549 799.0
0.000692 -0.000548 800.0
0.000693 -0.000549 801.0
0.000693 -0.000549 802.0
0.000693 -0.000548 803.0
0.000692 -0.000548 804.0
0.000692 -0.000548 805.0
0.000692 -0.000548 806.0
0.000692 -0.000548 807.0
0.000692 -0.000548 808.0
0.000692 -0.000548 809.0
0.000692 -0.000547 810.0
0.000692 -0.000547 811.0
0.000692 -0.000547 812.0
0.000692 -0.000546 813.0
0.000691 -0.000546 814.0
0.000691 -0.000546 815.0
0.000691 -0.000545 816.0
0.000691 -0.000545 817.0
0.000691 -0.000545 818.0
0.000691 -0.000544 819.0
0.000691 -0.000544 820.0
0.000690 -0.000544 821.0
0.000690 -0.000544 822.0
0.000690 -0.000543 823.0
0.000690 -0.000543 824.0
0.000690 -0.000543 825.0
0.000690 -0.000542 826.0
0.000690 -0.000542 827.0
0.000690 -0.000542 828.0
0.000689 -0.000541 829.0
0.000689 -0.000541 830.0
0.000689 -0.000541 831.0
0.000689 -0.000540 832.0
0.000689 -0.000540 833.0
0.000689 -0.000540 834.0
0.000689 -0.000540 835.0
0.000688 -0.000539 836.0
0.000688 -0.000539 837.0
0.000688 -0.000539 838.0
0.000688 -0.000538 839.0
0.000688 -0.000538 840.0
0.000688 -0.000538 841.0
0.000688 -0.000537 842.0
0.000688 -0.000537 843.0
0.000687 -0.000537 844.0
0.000687 -0.000536 845.0
0.000687 -0.000536 846.0
0.000687 -0.000536 847.0
0.000687 -0.000536 848.0
0.000687 -0.000535 849.0
0.000687 -0.000535 850.0
0.000687 -0.000535 851.0
0.000686 -0.000534 852.0
0.000686 -0.000534 853.0
0.000686 -0.000534 854.0
0.000686 -0.000533 855.0
0.000686 -0.000533 856.0
0.000686 -0.000533 857.0
0.000686 -0.000532 858.0
0.000685 -0.000532 859.0
0.000685 -0.000532 860.0
0.000685 -0.000532 861.0
0.000684 -0.000533 862.0
0.000684 -0.000533 863.0
0.000684 -0.000532 864.0
0.000683 -0.000532 865.0
0.000683 -0.000532 866.0
0.000683 -0.000532 867.0
0.000683 -0.000532 868.0
0.000683 -0.000532 869.0
0.000683 -0.000532 870.0
0.000683 -0.000532 871.0
0.000682 -0.000532 872.0
0.000682 -0.000532 873.0
0.000682 -0.000532 874.0
0.000682 -0.000532 875.0
0.000682 -0.000532 876.0
0.000682 -0.000532 877.0
0.000682 -0.000532 878.0
0.000682 -0.000532 879.0
0.000681 -0.000532 880.0
0.000681 -0.000532 881.0
0.000681 -0.000532 882.0
0.000681 -0.000532 883.0
0.000681 -0.000532 884.0
0.000681 -0.000532 885.0
0.000681 -0.000532 886.0
0.000680 -0.000532 887.0
0.000680 -0.000532 888.0
0.000680 -0.000532 889.0
0.000680 -0.000532 890.0
0.000680 -0.000532 891.0
0.000680 -0.000532 892.0
0.000680 -0.000532 893.0
0.000679 -0.000532 894.0
0.000679 -0.000532 895.0
0.000679 -0.000532 896.0
0.000679 -0.000532 897.0
0.000680 -0.000533 898.0
0.000680 -0.000533 899.0
0.000680 -0.000533 900.0
0.000680 -0.000534 901.0
0.000680 -0.000534 902.0
0.000680 -0.000534 903.0
0.000680 -0.000535 904.0
0.000680 -0.000535 905.0
0.000680 -0.000535 906.0
0.000681 -0.000535 907.0
0.000681 -0.000536 908.0
0.000681 -0.000536 909.0
0.000681 -0.000536 910.0
0.000681 -0.000537 911.0
0.000681 -0.000537 912.0
0.000681 -0.000537 913.0
0.000681 -0.000537 914.0
0.000682 -0.000538 915.0
0.000682 -0.000538 916.0
0.000682 -0.000538 917.0
0.000682 -0.000539 918.0
0.000682 -0.000539 919.0
0.000682 -0.000539 920.0
0.000682 -0.000539 921.0
0.000682 -0.000540 922.0
0.000682 -0.000540 923.0
0.000683 -0.000540 924.0
0.000683 -0.000541 925.0
0.000683 -0.000541 926.0
0.000683 -0.000541 927.0
0.000683 -0.000541 928.0
0.000683 -0.000542 929.0
0.000683 -0.000542 930.0
0.000683 -0.000542 931.0
0.000683 -0.000543 932.0
0.000684 -0.000543 933.0
0.000684 -0.000543 934.0
0.000684 -0.000544 935.0
0.000684 -0.000544 936.0
0.000684 -0.000544 937.0
0.000684 -0.000544 938.0
0.000684 -0.000545 939.0
0.000684 -0.000545 940.0
0.000684 -0.000545 941.0
0.000685 -0.000546 942.0
0.000685 -0.000546 943.0
0.000685 -0.000546 944.0
0.000685 -0.000546 945.0
0.000685 -0.000547 946.0
0.000685 -0.000547 947.0
0.000685 -0.000547 948.0
0.000685 -0.000548 949.0
0.000686 -0.000548 950.0
0.000686 -0.000548 951.0
0.000686 -0.000548 952.0
0.000686 -0.000549 953.0
0.000686 -0.000549 954.0
0.000686 -0.000549 955.0
0.000686 -0.000550 956.0
0.000686 -0.000550 957.0
0.000686 -0.000550 958.0
0.000687 -0.000550 959.0
0.000687 -0.000551 960.0
0.000687 -0.000551 961.0
0.000687 -0.000551 962.0
0.000687 -0.000552 963.0
0.000687 -0.000552 964.0
0.000687 -0.000552 965.0
0.000689 -0.000551 966.0
0.000689 -0.000551 967.0
0.000689 -0.000551 968.0
0.000690 -0.000551 969.0
0.000690 -0.000552 970.0
0.000691 -0.000552 971.0
0.000691 -0.000552 972.0
0.000691 -0.000552 973.0
0.000692 -0.000552 974.0
0.000692 -0.000552 975.0
0.000692 -0.000552 976.0
0.000693 -0.000552 977.0
0.000693 -0.000552 978.0
0.000693 -0.000553 979.0
0.000694 -0.000553 980.0
0.000694 -0.000553 981.0
0.000694 -0.000553 982.0
0.000695 -0.000553 983.0
0.000695 -0.000553 984.0
0.000695 -0.000553 985.0
0.000696 -0.000553 986.0
0.000696 -0.000553 987.0
0.000697 -0.000554 988.0
0.000697 -0.000554 989.0
0.000697 -0.000554 990.0
0.000698 -0.000554 991.0
0.000698 -0.000554 992.0
0.000698 -0.000554 993.0
0.000699 -0.000554 994.0
0.000699 -0.000554 995.0
0.000699 -0.000554 996.0
0.000700 -0.000555 997.0
0.000700 -0.000555 998.0
0.000700 -0.000555 999.0
0.000701 -0.000555 1000.0
0.000701 -0.000555 1001.0
0.000702 -0.000555 1002.0
0.000702 -0.000555 1003.0
0.000702 -0.000555 1004.0
0.000703 -0.000555 1005.0
0.000703 -0.000556 1006.0
0.000703 -0.000556 1007.0
0.000704 -0.000556 1008.0
0.000704 -0.000556 1009.0
0.000704 -0.000556 1010.0
0.000705 -0.000556 1011.0
0.000705 -0.000556 1012.0
0.000705 -0.000556 1013.0
0.000706 -0.000556 1014.0
0.000706 -0.000557 1015.0
0.000706 -0.000556 1016.0
0.000707 -0.000555 1017.0
0.000707 -0.000555 1018.0
0.000707 -0.000555 1019.0
0.000707 -0.000555 1020.0
0.000708 -0.000555 1021.0
0.000708 -0.000555 1022.0
0.000708 -0.000555 1023.0
0.000709 -0.000555 1024.0
0.000709 -0.000555 1025.0
0.000709 -0.000555 1026.0
0.000709 -0.000555 1027.0
0.000710 -0.000555 1028.0
0.000710 -0.000555 1029.0
0.000710 -0.000555 1030.0
0.000710 -0.000555 1031.0
0.000711 -0.000555 1032.0
0.000711 -0.000555 1033.0
0.000711 -0.000555 1034.0
0.000712 -0.000555 1035.0
0.000712 -0.000555 1036.0
0.000712 -0.000555 1037.0
0.000712 -0.000555 1038.0
0.000713 -0.000555 1039.0
0.000713 -0.000555 1040.0
0.000713 -0.000554 1041.0
0.000713 -0.000554 1042.0
0.000714 -0.000554 1043.0
0.000714 -0.000554 1044.0
0.000714 -0.000554 1045.0
0.000715 -0.000554 1046.0
0.000715 -0.000554 1047.0
0.000715 -0.000554 1048.0
0.000715 -0.000554 1049.0
0.000716 -0.000554 1050.0
0.000716 -0.000554 1051.0
0.000716 -0.000554 1052.0
0.000716 -0.000554 1053.0
0.000717 -0.000554 1054.0
0.000717 -0.000554 1055.0
0.000717 -0.000554 1056.0
0.000718 -0.000554 1057.0
0.000718 -0.000554 1058.0
0.000718 -0.000554 1059.0
0.000718 -0.000554 1060.0
0.000719 -0.000554 1061.0
0.000719 -0.000554 1062.0
0.000719 -0.000554 1063.0
0.000720 -0.000553 1064.0
0.000720 -0.000553 1065.0
0.000720 -0.000553 1066.0
0.000720 -0.000553 1067.0
0.000721 -0.000553 1068.0
0.000721 -0.000554 1069.0
0.000721 -0.000554 1070.0
0.000721 -0.000554 1071.0
0.000720 -0.000554 1072.0
0.000720 -0.000554 1073.0
0.000720 -0.000554 1074.0
0.000720 -0.000554 1075.0
0.000720 -0.000554 1076.0
0.000720 -0.000554 1077.0
0.000720 -0.000554 1078.0
0.000720 -0.000554 1079.0
0.000719 -0.000554 1080.0
0.000719 -0.000554 1081.0
0.000719 -0.000554 1082.0
0.000719 -0.000555 1083.0
0.000719 -0.000555 1084.0
0.000719 -0.000555 1085.0
0.000719 -0.000555 1086.0
0.000719 -0.000555 1087.0
0.000719 -0.000555 1088.0
0.000718 -0.000555 1089.0
0.000718 -0.000555 1090.0
0.000718 -0.000555 1091.0
0.000718 -0.000555 1092.0
0.000718 -0.000555 1093.0
0.000718 -0.000555 1094.0
0.000718 -0.000555 1095.0
0.000718 -0.000555 1096.0
0.000717 -0.000555 1097.0
0.000717 -0.000555 1098.0
0.000717 -0.000555 1099.0
0.000717 -0.000555 1100.0
0.000717 -0.000555 1101.0
0.000717 -0.000556 1102.0
0.000717 -0.000556 1103.0
0.000717 -0.000556 1104.0
0.000717 -0.000556 1105.0
0.000716 -0.000556 1106.0
0.000716 -0.000556 1107.0
0.000716 -0.000556 1108.0
0.000716 -0.000556 1109.0
0.000716 -0.000556 1110.0
0.000716 -0.000556 1111.0
0.000716 -0.000556 1112.0
0.000716 -0.000556 1113.0
0.000715 -0.000556 1114.0
0.000715 -0.000556 1115.0
0.000715 -0.000556 1116.0
0.000715 -0.000556 1117.0
0.000715 -0.000556 1118.0
0.000715 -0.000556 1119.0
0.000715 -0.000556 1120.0
0.000715 -0.000557 1121.0
0.000715 -0.000557 1122.0
0.000714 -0.000557 1123.0
0.000714 -0.000557 1124.0
0.000714 -0.000557 1125.0
0.000714 -0.000557 1126.0
0.000714 -0.000557 1127.0
0.000714 -0.000557 1128.0
0.000714 -0.000557 1129.0
0.000714 -0.000556 1130.0
0.000713 -0.000557 1131.0
0.000713 -0.000557 1132.0
0.000713 -0.000557 1133.0
0.000713 -0.000557 1134.0
0.000712 -0.000557 1135.0
0.000712 -0.000558 1136.0
0.000712 -0.000558 1137.0
0.000712 -0.000558 1138.0
0.000711 -0.000558 1139.0
0.000711 -0.000558 1140.0
0.000711 -0.000559 1141.0
0.000711 -0.000559 1142.0
0.000710 -0.000559 1143.0
0.000710 -0.000559 1144.0
0.000710 -0.000559 1145.0
0.000710 -0.000559 1146.0
0.000709 -0.000560 1147.0
0.000709 -0.000560 1148.0
0.000709 -0.000560 1149.0
0.000709 -0.000560 1150.0
0.000708 -0.000560 1151.0
0.000708 -0.000561 1152.0
0.000708 -0.000561 1153.0
0.000708 -0.000561 1154.0
0.000707 -0.000561 1155.0
0.000707 -0.000561 1156.0
0.000707 -0.000562 1157.0
0.000707 -0.000562 1158.0
0.000706 -0.000562 1159.0
0.000706 -0.000562 1160.0
0.000706 -0.000562 1161.0
0.000706 -0.000563 1162.0
0.000705 -0.000563 1163.0
0.000705 -0.000563 1164.0
0.000705 -0.000563 1165.0
0.000705 -0.000563 1166.0
0.000704 -0.000564 1167.0
0.000704 -0.000564 1168.0
0.000704 -0.000564 1169.0
0.000704 -0.000564 1170.0
0.000703 -0.000564 1171.0
0.000703 -0.000565 1172.0
0.000703 -0.000565 1173.0
0.000703 -0.000565 1174.0
0.000702 -0.000565 1175.0
0.000702 -0.000565 1176.0
0.000702 -0.000566 1177.0
0.000702 -0.000566 1178.0
0.000701 -0.000566 1179.0
0.000701 -0.000566 1180.0
0.000701 -0.000566 1181.0
0.000701 -0.000566 1182.0
0.000700 -0.000567 1183.0
0.000700 -0.000567 1184.0
0.000700 -0.000567 1185.0
0.000700 -0.000567 1186.0
0.000699 -0.000567 1187.0
0.000699 -0.000568 1188.0
0.000699 -0.000568 1189.0
0.000698 -0.000566 1190.0
0.000698 -0.000566 1191.0
0.000698 -0.000565 1192.0
0.000698 -0.000565 1193.0
0.000698 -0.000565 1194.0
0.000698 -0.000565 1195.0
0.000698 -0.000564 1196.0
0.000698 -0.000564 1197.0
0.000697 -0.000564 1198.0
0.000697 -0.000563 1199.0
0.000697 -0.000563 1200.0
0.000697 -0.000563 1201.0
0.000697 -0.000562 1202.0
0.000697 -0.000562 1203.0
0.000697 -0.000562 1204.0
0.000697 -0.000562 1205.0
0.000697 -0.000561 1206.0
0.000697 -0.000561 1207.0
0.000697 -0.000561 1208.0
0.000697 -0.000560 1209.0
0.000696 -0.000560 1210.0
0.000696 -0.000560 1211.0
0.000696 -0.000559 1212.0
0.000696 -0.000559 1213.0
0.000696 -0.000559 1214.0
0.000696 -0.000559 1215.0
0.000696 -0.000558 1216.0
0.000696 -0.000558 1217.0
0.000696 -0.000558 1218.0
0.000696 -0.000557 1219.0
0.000696 -0.000557 1220.0
0.000696 -0.000557 1221.0
0.000696 -0.000556 1222.0
0.000695 -0.000556 1223.0
0.000695 -0.000556 1224.0
0.000695 -0.000556 1225.0
0.000695 -0.000555 1226.0
0.000695 -0.000555 1227.0
0.000695 -0.000555 1228.0
0.000695 -0.000554 1229.0
0.000695 -0.000554 1230.0
0.000695 -0.000554 1231.0
0.000695 -0.000554 1232.0
0.000695 -0.000553 1233.0
0.000695 -0.000553 1234.0
0.000695 -0.000553 1235.0
0.000694 -0.000552 1236.0
0.000694 -0.000552 1237.0
0.000694 -0.000552 1238.0
0.000694 -0.000551 1239.0
0.000694 -0.000551 1240.0
0.000694 -0.000551 1241.0
0.000694 -0.000551 1242.0
0.000694 -0.000550 1243.0
0.000694 -0.000550 1244.0
0.000694 -0.000550 1245.0
0.000694 -0.000549 1246.0
0.000694 -0.000549 1247.0
0.000693 -0.000549 1248.0
0.000693 -0.000548 1249.0
0.000692 -0.000549 1250.0
0.000692 -0.000549 1251.0
0.000692 -0.000548 1252.0
0.000692 -0.000548 1253.0
0.000692 -0.000548 1254.0
0.000692 -0.000548 1255.0
0.000692 -0.000548 1256.0
0.000692 -0.000547 1257.0
0.000691 -0.000547 1258.0
0.000691 -0.000547 1259.0
0.000691 -0.000547 1260.0
0.000691 -0.000547 1261.0
0.000691 -0.000546 1262.0
0.000691 -0.000546 1263.0
0.000691 -0.000546 1264.0
0.000691 -0.000546 1265.0
0.000691 -0.000545 1266.0
0.000690 -0.000545 1267.0
0.000690 -0.000545 1268.0
0.000690 -0.000545 1269.0
0.000690 -0.000545 1270.0
0.000690 -0.000544 1271.0
0.000690 -0.000544 1272.0
0.000690 -0.000544 1273.0
0.000690 -0.000544 1274.0
0.000690 -0.000544 1275.0
0.000689 -0.000543 1276.0
0.000689 -0.000543 1277.0
0.000689 -0.000543 1278.0
0.000689 -0.000543 1279.0
0.000689 -0.000542 1280.0
0.000689 -0.000542 1281.0
0.000689 -0.000542 1282.0
0.000689 -0.000542 1283.0
0.000689 -0.000542 1284.0
0.000688 -0.000541 1285.0
0.000688 -0.000541 1286.0
0.000688 -0.000541 1287.0
0.000688 -0.000541 1288.0
0.000688 -0.000541 1289.0
0.000688 -0.000540 1290.0
0.000688 -0.000540 1291.0
0.000688 -0.000540 1292.0
0.000688 -0.000540 1293.0
0.000687 -0.000539 1294.0
0.000687 -0.000539 1295.0
0.000687 -0.000539 1296.0
0.000687 -0.000539 1297.0
0.000687 -0.000539 1298.0
0.000687 -0.000538 1299.0
0.000687 -0.000538 1300.0
0.000687 -0.000538 1301.0
0.000686 -0.000538 1302.0
0.000686 -0.000538 1303.0
0.000686 -0.000537 1304.0
0.000686 -0.000537 1305.0
0.000686 -0.000537 1306.0
0.000686 -0.000537 1307.0
0.000686 -0.000536 1308.0
0.000686 -0.000536 1309.0
0.000685 -0.000537 1310.0
0.000685 -0.000537 1311.0
0.000685 -0.000537 1312.0
0.000685 -0.000537 1313.0
0.000685 -0.000537 1314.0
0.000685 -0.000536 1315.0
0.000685 -0.000536 1316.0
0.000685 -0.000536 1317.0
0.000685 -0.000536 1318.0
0.000685 -0.000536 1319.0
0.000685 -0.000536 1320.0
0.000685 -0.000536 1321.0
0.000685 -0.000535 1322.0
0.000685 -0.000535 1323.0
0.000685 -0.000535 1324.0
0.000685 -0.000535 1325.0
0.000685 -0.000535 1326.0
0.000685 -0.000535 1327.0
0.000685 -0.000534 1328.0
0.000685 -0.000534 1329.0
0.000685 -0.000534 1330.0
0.000685 -0.000534 1331.0
0.000686 -0.000534 1332.0
0.000686 -0.000534 1333.0
0.000686 -0.000534 1334.0
0.000686 -0.000533 1335.0
0.000686 -0.000533 1336.0
0.000686 -0.000533 1337.0
0.000686 -0.000533 1338.0
0.000686 -0.000533 1339.0
0.000686 -0.000533 1340.0
0.000686 -0.000532 1341.0
0.000686 -0.000532 1342.0
0.000686 -0.000532 1343.0
0.000686 -0.000532 1344.0
0.000686 -0.000532 1345.0
0.000686 -0.000532 1346.0
0.000686 -0.000532 1347.0
0.000686 -0.000531 1348.0
0.000686 -0.000531 1349.0
0.000686 -0.000531 1350.0
0.000686 -0.000531 1351.0
0.000686 -0.000531 1352.0
0.000686 -0.000531 1353.0
0.000686 -0.000530 1354.0
0.000686 -0.000530 1355.0
0.000686 -0.000530 1356.0
0.000687 -0.000530 1357.0
0.000687 -0.000530 1358.0
0.000687 -0.000530 1359.0
0.000687 -0.000530 1360.0
0.000687 -0.000529 1361.0
0.000687 -0.000529 1362.0
0.000687 -0.000529 1363.0
0.000687 -0.000529 1364.0
0.000687 -0.000529 1365.0
0.000687 -0.000529 1366.0
0.000687 -0.000528 1367.0
0.000687 -0.000528 1368.0
0.000687 -0.000528 1369.0
0.000687 -0.000528 1370.0
0.000688 -0.000528 1371.0
0.000688 -0.000528 1372.0
0.000688 -0.000528 1373.0
0.000688 -0.000527 1374.0
0.000688 -0.000527 1375.0
0.000688 -0.000526 1376.0
0.000688 -0.000526 1377.0
0.000688 -0.000526 1378.0
0.000688 -0.000525 1379.0
0.000688 -0.000525 1380.0
0.000688 -0.000524 1381.0
0.000687 -0.000524 1382.0
0.000687 -0.000524 1383.0
0.000687 -0.000523 1384.0
0.000687 -0.000523 1385.0
0.000687 -0.000523 1386.0
0.000687 -0.000522 1387.0
0.000687 -0.000522 1388.0
0.000687 -0.000521 1389.0
0.000687 -0.000521 1390.0
0.000687 -0.000521 1391.0
0.000687 -0.000520 1392.0
0.000687 -0.000520 1393.0
0.000687 -0.000519 1394.0
0.000687 -0.000519 1395.0
0.000687 -0.000519 1396.0
0.000687 -0.000518 1397.0
0.000687 -0.000518 1398.0
0.000687 -0.000518 1399.0
0.000687 -0.000517 1400.0
0.000687 -0.000517 1401.0
0.000687 -0.000516 1402.0
0.000687 -0.000516 1403.0
0.000687 -0.000516 1404.0
0.000687 -0.000515 1405.0
0.000687 -0.000515 1406.0
0.000687 -0.000515 1407.0
0.000687 -0.000514 1408.0
0.000687 -0.000514 1409.0
0.000687 -0.000513 1410.0
0.000687 -0.000513 1411.0
0.000687 -0.000513 1412.0
0.000687 -0.000512 1413.0
0.000687 -0.000512 1414.0
0.000687 -0.000511 1415.0
0.000687 -0.000511 1416.0
0.000687 -0.000511 1417.0
0.000687 -0.000510 1418.0
0.000687 -0.000510 1419.0
0.000687 -0.000510 1420.0
0.000687 -0.000509 1421.0
0.000687 -0.000509 1422.0
0.000687 -0.000508 1423.0
0.000687 -0.000508 1424.0
0.000687 -0.000508 1425.0
0.000687 -0.000507 1426.0
0.000687 -0.000507 1427.0
0.000687 -0.000506 1428.0
0.000687 -0.000506 1429.0
0.000687 -0.000506 1430.0
0.000687 -0.000506 1431.0
0.000687 -0.000506 1432.0
0.000687 -0.000506 1433.0
0.000687 -0.000505 1434.0
0.000687 -0.000505 1435.0
0.000687 -0.000505 1436.0
0.000687 -0.000505 1437.0
0.000687 -0.000505 1438.0
0.000687 -0.000505 1439.0
0.000687 -0.000505 1440.0
0.000688 -0.000505 1441.0
0.000688 -0.000505 1442.0
0.000688 -0.000505 1443.0
0.000688 -0.000504 1444.0
0.000688 -0.000504 1445.0
0.000688 -0.000504 1446.0
0.000688 -0.000504 1447.0
0.000688 -0.000504 1448.0
0.000688 -0.000504 1449.0
0.000688 -0.000504 1450.0
0.000688 -0.000504 1451.0
0.000688 -0.000504 1452.0
0.000688 -0.000504 1453.0
0.000688 -0.000504 1454.0
0.000688 -0.000503 1455.0
0.000688 -0.000503 1456.0
0.000688 -0.000503 1457.0
0.000688 -0.000503 1458.0
0.000688 -0.000503 1459.0
0.000688 -0.000503 1460.0
0.000688 -0.000503 1461.0
0.000689 -0.000503 1462.0
0.000689 -0.000503 1463.0
0.000689 -0.000503 1464.0
0.000689 -0.000503 1465.0
0.000689 -0.000503 1466.0
0.000689 -0.000503 1467.0
0.000689 -0.000503 1468.0
0.000689 -0.000503 1469.0
0.000689 -0.000503 1470.0
0.000689 -0.000503 1471.0
0.000689 -0.000503 1472.0
0.000689 -0.000503 1473.0
0.000689 -0.000503 1474.0
0.000689 -0.000503 1475.0
0.000689 -0.000503 1476.0
0.000689 -0.000503 1477.0
0.000688 -0.000503 1478.0
0.000688 -0.000503 1479.0
0.000688 -0.000503 1480.0
0.000688 -0.000503 1481.0
0.000688 -0.000503 1482.0
0.000688 -0.000503 1483.0
0.000688 -0.000503 1484.0
0.000688 -0.000503 1485.0
0.000688 -0.000503 1486.0
0.000688 -0.000503 1487.0
0.000688 -0.000503 1488.0
0.000688 -0.000503 1489.0
0.000688 -0.000504 1490.0
0.000688 -0.000504 1491.0
0.000688 -0.000504 1492.0
0.000688 -0.000504 1493.0
0.000688 -0.000504 1494.0
0.000688 -0.000504 1495.0
0.000688 -0.000504 1496.0
0.000688 -0.000504 1497.0
0.000688 -0.000504 1498.0
0.000688 -0.000504 1499.0
0.000688 -0.000504 1500.0
0.000688 -0.000504 1501.0
0.000688 -0.000504 1502.0
0.000688 -0.000504 1503.0
0.000688 -0.000504 1504.0
0.000688 -0.000504 1505.0
0.000688 -0.000504 1506.0
0.000688 -0.000504 1507.0
0.000688 -0.000504 1508.0
0.000688 -0.000504 1509.0
0.000688 -0.000504 1510.0
0.000687 -0.000504 1511.0
0.000687 -0.000504 1512.0
0.000687 -0.000504 1513.0
0.000687 -0.000504 1514.0
0.000687 -0.000504 1515.0
0.000687 -0.000504 1516.0
0.000687 -0.000504 1517.0
0.000687 -0.000504 1518.0
0.000687 -0.000504 1519.0
0.000687 -0.000504 1520.0
0.000687 -0.000504 1521.0
0.000687 -0.000504 1522.0
0.000687 -0.000504 1523.0
0.000687 -0.000504 1524.0
0.000687 -0.000504 1525.0
0.000687 -0.000504 1526.0
0.000687 -0.000504 1527.0
0.000687 -0.000504 1528.0
0.000687 -0.000504 1529.0
0.000686 -0.000504 1530.0
0.000686 -0.000504 1531.0
0.000686 -0.000503 1532.0
0.000686 -0.000503 1533.0
0.000686 -0.000503 1534.0
0.000686 -0.000503 1535.0
0.000686 -0.000503 1536.0
0.000686 -0.000503 1537.0
0.000685 -0.000503 1538.0
0.000685 -0.000503 1539.0
0.000685 -0.000502 1540.0
0.000685 -0.000502 1541.0
0.000685 -0.000502 1542.0
0.000685 -0.000502 1543.0
0.000685 -0.000502 1544.0
0.000685 -0.000502 1545.0
0.000685 -0.000502 1546.0
0.000684 -0.000502 1547.0
0.000684 -0.000502 1548.0
0.000684 -0.000501 1549.0
0.000684 -0.000501 1550.0
0.000684 -0.000501 1551.0
0.000684 -0.000501 1552.0
0.000684 -0.000501 1553.0
0.000684 -0.000501 1554.0
0.000684 -0.000501 1555.0
0.000683 -0.000501 1556.0
0.000683 -0.000500 1557.0
0.000683 -0.000500 1558.0
0.000683 -0.000500 1559.0
0.000683 -0.000500 1560.0
0.000683 -0.000500 1561.0
0.000683 -0.000500 1562.0
0.000683 -0.000500 1563.0
0.000683 -0.000500 1564.0
0.000682 -0.000499 1565.0
0.000682 -0.000499 1566.0
0.000682 -0.000499 1567.0
0.000682 -0.000499 1568.0
0.000682 -0.000499 1569.0
0.000682 -0.000499 1570.0
0.000682 -0.000499 1571.0
0.000682 -0.000499 1572.0
0.000681 -0.000499 1573.0
0.000681 -0.000498 1574.0
0.000681 -0.000498 1575.0
0.000681 -0.000498 1576.0
0.000681 -0.000498 1577.0
0.000681 -0.000498 1578.0
0.000681 -0.000498 1579.0
0.000681 -0.000498 1580.0
0.000681 -0.000498 1581.0
0.000680 -0.000497 1582.0
0.000680 -0.000497 1583.0
0.000680 -0.000497 1584.0
0.000680 -0.000498 1585.0
0.000679 -0.000498 1586.0
0.000679 -0.000499 1587.0
0.000679 -0.000499 1588.0
0.000679 -0.000499 1589.0
0.000679 -0.000500 1590.0
0.000679 -0.000500 1591.0
0.000678 -0.000500 1592.0
0.000678 -0.000501 1593.0
0.000678 -0.000501 1594.0
0.000678 -0.000501 1595.0
0.000678 -0.000502 1596.0
0.000677 -0.000502 1597.0
0.000677 -0.000502 1598.0
0.000677 -0.000502 1599.0
0.000677 -0.000503 1600.0
0.000677 -0.000503 1601.0
0.000676 -0.000503 1602.0
0.000676 -0.000504 1603.0
0.000676 -0.000504 1604.0
0.000676 -0.000504 1605.0
0.000676 -0.000505 1606.0
0.000675 -0.000505 1607.0
0.000675 -0.000505 1608.0
0.000675 -0.000505 1609.0
0.000675 -0.000506 1610.0
0.000675 -0.000506 1611.0
0.000674 -0.000506 1612.0
0.000674 -0.000507 1613.0
0.000674 -0.000507 1614.0
0.000674 -0.000507 1615.0
0.000674 -0.000508 1616.0
0.000673 -0.000508 1617.0
0.000673 -0.000508 1618.0
0.000673 -0.000508 1619.0
0.000673 -0.000509 1620.0
0.000673 -0.000509 1621.0
0.000672 -0.000509 1622.0
0.000672 -0.000510 1623.0
0.000672 -0.000510 1624.0
0.000672 -0.000510 1625.0
0.000672 -0.000511 1626.0
0.000672 -0.000511 1627.0
0.000671 -0.000511 1628.0
0.000671 -0.000512 1629.0
0.000671 -0.000512 1630.0
0.000671 -0.000512 1631.0
0.000671 -0.000512 1632.0
0.000670 -0.000513 1633.0
0.000670 -0.000513 1634.0
0.000670 -0.000513 1635.0
0.000670 -0.000514 1636.0
0.000670 -0.000514 1637.0
0.000669 -0.000514 1638.0
0.000669 -0.000515 1639.0
0.000669 -0.000515 1640.0
0.000669 -0.000515 1641.0
0.000669 -0.000515 1642.0
0.000668 -0.000516 1643.0
0.000668 -0.000516 1644.0
0.000667 -0.000514 1645.0
0.000666 -0.000515 1646.0
0.000666 -0.000516 1647.0
0.000665 -0.000516 1648.0
0.000665 -0.000517 1649.0
0.000665 -0.000518 1650.0
0.000664 -0.000519 1651.0
0.000664 -0.000519 1652.0
0.000663 -0.000520 1653.0
0.000663 -0.000521 1654.0
0.000662 -0.000521 1655.0
0.000662 -0.000522 1656.0
0.000661 -0.000523 1657.0
0.000661 -0.000523 1658.0
0.000661 -0.000524 1659.0
0.000660 -0.000525 1660.0
0.000660 -0.000526 1661.0
0.000659 -0.000526 1662.0
0.000659 -0.000527 1663.0
0.000658 -0.000528 1664.0
0.000658 -0.000528 1665.0
0.000657 -0.000529 1666.0
0.000657 -0.000530 1667.0
0.000657 -0.000530 1668.0
0.000656 -0.000531 1669.0
0.000656 -0.000532 1670.0
0.000655 -0.000532 1671.0
0.000655 -0.000533 1672.0
0.000654 -0.000534 1673.0
0.000654 -0.000535 1674.0
0.000654 -0.000535 1675.0
0.000653 -0.000536 1676.0
0.000653 -0.000537 1677.0
0.000652 -0.000537 1678.0
0.000652 -0.000538 1679.0
0.000651 -0.000539 1680.0
0.000651 -0.000539 1681.0
0.000650 -0.000540 1682.0
0.000650 -0.000541 1683.0
0.000650 -0.000542 1684.0
0.000649 -0.000542 1685.0
0.000649 -0.000543 1686.0
0.000648 -0.000544 1687.0
0.000648 -0.000544 1688.0
0.000647 -0.000545 1689.0
0.000647 -0.000546 1690.0
0.000647 -0.000546 1691.0
0.000646 -0.000547 1692.0
0.000646 -0.000548 1693.0
0.000645 -0.000549 1694.0
0.000645 -0.000549 1695.0
0.000644 -0.000550 1696.0
0.000644 -0.000551 1697.0
0.000643 -0.000551 1698.0
0.000643 -0.000552 1699.0
0.000643 -0.000553 1700.0
0.000642 -0.000553 1701.0
0.000642 -0.000554 1702.0
0.000641 -0.000555 1703.0
0.000641 -0.000556 1704.0
0.000640 -0.000556 1705.0
0.000637 -0.000552 1706.0
0.000637 -0.000552 1707.0
0.000636 -0.000553 1708.0
0.000636 -0.000553 1709.0
0.000636 -0.000553 1710.0
0.000636 -0.000553 1711.0
0.000636 -0.000554 1712.0
0.000636 -0.000554 1713.0
0.000635 -0.000554 1714.0
0.000635 -0.000554 1715.0
0.000635 -0.000555 1716.0
0.000635 -0.000555 1717.0
0.000635 -0.000555 1718.0
0.000635 -0.000555 1719.0
0.000635 -0.000556 1720.0
0.000634 -0.000556 1721.0
0.000634 -0.000556 1722.0
0.000634 -0.000556 1723.0
0.000634 -0.000557 1724.0
0.000634 -0.000557 1725.0
0.000634 -0.000557 1726.0
0.000633 -0.000557 1727.0
0.000633 -0.000558 1728.0
0.000633 -0.000558 1729.0
0.000633 -0.000558 1730.0
0.000633 -0.000558 1731.0
0.000633 -0.000559 1732.0
0.000632 -0.000559 1733.0
0.000632 -0.000559 1734.0
0.000632 -0.000559 1735.0
0.000632 -0.000560 1736.0
0.000632 -0.000560 1737.0
0.000632 -0.000560 1738.0
0.000632 -0.000560 1739.0
0.000631 -0.000561 1740.0
0.000631 -0.000561 1741.0
0.000631 -0.000561 1742.0
0.000631 -0.000561 1743.0
0.000631 -0.000562 1744.0
0.000631 -0.000562 1745.0
0.000630 -0.000562 1746.0
0.000630 -0.000562 1747.0
0.000630 -0.000563 1748.0
0.000630 -0.000563 1749.0
0.000630 -0.000563 1750.0
0.000630 -0.000563 1751.0
0.000629 -0.000564 1752.0
0.000629 -0.000564 1753.0
0.000629 -0.000564 1754.0
0.000629 -0.000564 1755.0
0.000629 -0.000565 1756.0
0.000629 -0.000565 1757.0
0.000628 -0.000565 1758.0
0.000628 -0.000565 1759.0
0.000628 -0.000566 1760.0
0.000628 -0.000566 1761.0
0.000628 -0.000566 1762.0
0.000628 -0.000566 1763.0
0.000628 -0.000567 1764.0
0.000627 -0.000567 1765.0
0.000626 -0.000565 1766.0
0.000626 -0.000566 1767.0
0.000625 -0.000567 1768.0
0.000625 -0.000567 1769.0
0.000625 -0.000568 1770.0
0.000624 -0.000568 1771.0
0.000624 -0.000569 1772.0
0.000624 -0.000569 1773.0
0.000623 -0.000570 1774.0
0.000623 -0.000571 1775.0
0.000622 -0.000571 1776.0
0.000622 -0.000572 1777.0
0.000622 -0.000572 1778.0
0.000621 -0.000573 1779.0
0.000621 -0.000573 1780.0
0.000621 -0.000574 1781.0
0.000620 -0.000575 1782.0
0.000620 -0.000575 1783.0
0.000620 -0.000576 1784.0
0.000619 -0.000576 1785.0
0.000619 -0.000577 1786.0
0.000618 -0.000578 1787.0
0.000618 -0.000578 1788.0
0.000618 -0.000579 1789.0
0.000617 -0.000579 1790.0
0.000617 -0.000580 1791.0
0.000617 -0.000580 1792.0
0.000616 -0.000581 1793.0
0.000616 -0.000582 1794.0
0.000616 -0.000582 1795.0
0.000615 -0.000583 1796.0
0.000615 -0.000583 1797.0
0.000614 -0.000584 1798.0
0.000614 -0.000584 1799.0
0.000614 -0.000585 1800.0
0.000613 -0.000586 1801.0
0.000613 -0.000586 1802.0
0.000613 -0.000587 1803.0
0.000612 -0.000587 1804.0
0.000612 -0.000588 1805.0
0.000612 -0.000588 1806.0
0.000611 -0.000589 1807.0
0.000611 -0.000590 1808.0
0.000610 -0.000590 1809.0
0.000610 -0.000591 1810.0
0.000610 -0.000591 1811.0
0.000609 -0.000592 1812.0
0.000609 -0.000592 1813.0
0.000609 -0.000593 1814.0
0.000608 -0.000594 1815.0
0.000608 -0.000594 1816.0
0.000608 -0.000595 1817.0
0.000607 -0.000595 1818.0
0.000607 -0.000596 1819.0
0.000606 -0.000597 1820.0
0.000606 -0.000597 1821.0
0.000606 -0.000598 1822.0
0.000605 -0.000598 1823.0
0.000605 -0.000599 1824.0
0.000605 -0.000599 1825.0
0.000604 -0.000600 1826.0
0.000601 -0.000597 1827.0
0.000601 -0.000597 1828.0
0.000601 -0.000597 1829.0
0.000601 -0.000598 1830.0
0.000600 -0.000598 1831.0
0.000600 -0.000598 1832.0
0.000600 -0.000599 1833.0
0.000600 -0.000599 1834.0
0.000599 -0.000599 1835.0
0.000599 -0.000600 1836.0
0.000599 -0.000600 1837.0
0.000599 -0.000600 1838.0
0.000599 -0.000601 1839.0
0.000598 -0.000601 1840.0
0.000598 -0.000601 1841.0
0.000598 -0.000602 1842.0
0.000598 -0.000602 1843.0
0.000597 -0.000602 1844.0
0.000597 -0.000602 1845.0
0.000597 -0.000603 1846.0
0.000597 -0.000603 1847.0
0.000597 -0.000603 1848.0
0.000596 -0.000604 1849.0
0.000596 -0.000604 1850.0
0.000596 -0.000604 1851.0
0.000596 -0.000605 1852.0
0.000595 -0.000605 1853.0
0.000595 -0.000605 1854.0
0.000595 -0.000606 1855.0
0.000595 -0.000606 1856.0
0.000595 -0.000606 1857.0
0.000594 -0.000607 1858.0
0.000594 -0.000607 1859.0
0.000594 -0.000607 1860.0
0.000594 -0.000608 1861.0
0.000593 -0.000608 1862.0
0.000593 -0.000608 1863.0
0.000593 -0.000609 1864.0
0.000593 -0.000609 1865.0
0.000593 -0.000609 1866.0
0.000592 -0.000610 1867.0
0.000592 -0.000610 1868.0
0.000592 -0.000610 1869.0
0.000592 -0.000611 1870.0
0.000591 -0.000611 1871.0
0.000591 -0.000611 1872.0
0.000591 -0.000611 1873.0
0.000591 -0.000612 1874.0
0.000590 -0.000612 1875.0
0.000590 -0.000612 1876.0
0.000590 -0.000613 1877.0
0.000590 -0.000613 1878.0
0.000590 -0.000613 1879.0
0.000589 -0.000614 1880.0
0.000589 -0.000614 1881.0
0.000589 -0.000614 1882.0
0.000589 -0.000615 1883.0
0.000588 -0.000615 1884.0
0.000588 -0.000615 1885.0
0.000588 -0.000616 1886.0
0.000588 -0.000616 1887.0
0.000588 -0.000616 1888.0
0.000587 -0.000617 1889.0
0.000587 -0.000617 1890.0
0.000587 -0.000617 1891.0
0.000587 -0.000618 1892.0
0.000586 -0.000618 1893.0
0.000586 -0.000618 1894.0
0.000586 -0.000619 1895.0
0.000586 -0.000619 1896.0
0.000586 -0.000619 1897.0
0.000584 -0.000617 1898.0
0.000584 -0.000617 1899.0
0.000584 -0.000617 1900.0
0.000584 -0.000617 1901.0
0.000584 -0.000617 1902.0
0.000584 -0.000617 1903.0
0.000584 -0.000617 1904.0
0.000584 -0.000617 1905.0
0.000584 -0.000617 1906.0
0.000584 -0.000617 1907.0
0.000584 -0.000617 1908.0
0.000584 -0.000617 1909.0
0.000584 -0.000617 1910.0
0.000584 -0.000617 1911.0
0.000584 -0.000617 1912.0
0.000584 -0.000617 1913.0
0.000584 -0.000617 1914.0
0.000584 -0.000617 1915.0
0.000584 -0.000617 1916.0
0.000584 -0.000617 1917.0
0.000584 -0.000617 1918.0
0.000584 -0.000617 1919.0
0.000584 -0.000617 1920.0
0.000584 -0.000617 1921.0
0.000584 -0.000617 1922.0
0.000584 -0.000617 1923.0
0.000584 -0.000617 1924.0
0.000584 -0.000617 1925.0
0.000584 -0.000617 1926.0
0.000584 -0.000617 1927.0
0.000584 -0.000617 1928.0
0.000584 -0.000617 1929.0
0.000584 -0.000617 1930.0
0.000584 -0.000617 1931.0
0.000584 -0.000617 1932.0
0.000584 -0.000617 1933.0
0.000584 -0.000617 1934.0
0.000584 -0.000617 1935.0
0.000584 -0.000617 1936.0
0.000584 -0.000617 1937.0
0.000584 -0.000617 1938.0
0.000584 -0.000617 1939.0
0.000584 -0.000617 1940.0
0.000584 -0.000617 1941.0
0.000585 -0.000618 1942.0
0.000585 -0.000618 1943.0
0.000585 -0.000618 1944.0
0.000585 -0.000618 1945.0
0.000586 -0.000618 1946.0
0.000586 -0.000619 1947.0
0.000586 -0.000619 1948.0
0.000586 -0.000619 1949.0
0.000586 -0.000619 1950.0
0.000587 -0.000619 1951.0
0.000587 -0.000620 1952.0
0.000587 -0.000620 1953.0
0.000587 -0.000620 1954.0
0.000588 -0.000620 1955.0
0.000588 -0.000620 1956.0
0.000588 -0.000620 1957.0
0.000588 -0.000621 1958.0
0.000588 -0.000621 1959.0
0.000589 -0.000621 1960.0
0.000589 -0.000621 1961.0
0.000589 -0.000621 1962.0
0.000589 -0.000622 1963.0
0.000589 -0.000622 1964.0
0.000590 -0.000622 1965.0
0.000590 -0.000622 1966.0
0.000590 -0.000622 1967.0
0.000590 -0.000623 1968.0
0.000591 -0.000623 1969.0
0.000591 -0.000623 1970.0
0.000591 -0.000623 1971.0
0.000591 -0.000623 1972.0
0.000591 -0.000624 1973.0
0.000592 -0.000624 1974.0
0.000592 -0.000624 1975.0
0.000592 -0.000624 1976.0
0.000592 -0.000624 1977.0
0.000593 -0.000625 1978.0
0.000593 -0.000625 1979.0
0.000593 -0.000625 1980.0
0.000593 -0.000625 1981.0
0.000593 -0.000625 1982.0
0.000594 -0.000626 1983.0
0.000594 -0.000626 1984.0
0.000594 -0.000626 1985.0
0.000594 -0.000626 1986.0
0.000594 -0.000626 1987.0
0.000595 -0.000626 1988.0
0.000595 -0.000627 1989.0
0.000595 -0.000627 1990.0
0.000595 -0.000627 1991.0
0.000596 -0.000627 1992.0
0.000596 -0.000627 1993.0
0.000596 -0.000628 1994.0
0.000596 -0.000628 1995.0
0.000597 -0.000626 1996.0
0.000597 -0.000626 1997.0
0.000597 -0.000626 1998.0
0.000598 -0.000626 1999.0
0.000598 -0.000626 2000.0
0.000598 -0.000626 2001.0
0.000598 -0.000626 2002.0
0.000598 -0.000626 2003.0
0.000598 -0.000626 2004.0
0.000599 -0.000626 2005.0
0.000599 -0.000626 2006.0
0.000599 -0.000626 2007.0
0.000599 -0.000626 2008.0
0.000599 -0.000626 2009.0
0.000599 -0.000626 2010.0
0.000600 -0.000626 2011.0
0.000600 -0.000626 2012.0
0.000600 -0.000626 2013.0
0.000600 -0.000626 2014.0
0.000600 -0.000626 2015.0
0.000600 -0.000626 2016.0
0.000601 -0.000626 2017.0
0.000601 -0.000626 2018.0
0.000601 -0.000626 2019.0
0.000601 -0.000626 2020.0
0.000601 -0.000626 2021.0
0.000601 -0.000626 2022.0
0.000602 -0.000626 2023.0
0.000602 -0.000626 2024.0
0.000602 -0.000626 2025.0
0.000602 -0.000626 2026.0
0.000602 -0.000626 2027.0
0.000602 -0.000626 2028.0
0.000603 -0.000626 2029.0
0.000603 -0.000626 2030.0
0.000603 -0.000626 2031.0
0.000603 -0.000626 2032.0
0.000603 -0.000626 2033.0
0.000603 -0.000626 2034.0
0.000604 -0.000626 2035.0
0.000604 -0.000626 2036.0
0.000604 -0.000626 2037.0
0.000604 -0.000626 2038.0
0.000604 -0.000626 2039.0
0.000604 -0.000626 2040.0
0.000605 -0.000626 2041.0
0.000605 -0.000626 2042.0
0.000605 -0.000626 2043.0
0.000605 -0.000626 2044.0
0.000605 -0.000626 2045.0
0.000605 -0.000626 2046.0
0.000606 -0.000626 2047.0
0.000606 -0.000626 2048.0
0.000606 -0.000626 2049.0
0.000606 -0.000626 2050.0
0.000606 -0.000626 2051.0
0.000606 -0.000626 2052.0
0.000607 -0.000626 2053.0
0.000607 -0.000626 2054.0
0.000607 -0.000627 2055.0
0.000608 -0.000627 2056.0
0.000608 -0.000627 2057.0
0.000609 -0.000627 2058.0
0.000609 -0.000627 2059.0
0.000610 -0.000627 2060.0
0.000610 -0.000627 2061.0
0.000611 -0.000627 2062.0
0.000611 -0.000628 2063.0
0.000612 -0.000628 2064.0
0.000612 -0.000628 2065.0
0.000613 -0.000628 2066.0
0.000614 -0.000628 2067.0
0.000614 -0.000628 2068.0
0.000615 -0.000628 2069.0
0.000615 -0.000629 2070.0
0.000616 -0.000629 2071.0
0.000616 -0.000629 2072.0
0.000617 -0.000629 2073.0
0.000617 -0.000629 2074.0
0.000618 -0.000629 2075.0
0.000618 -0.000629 2076.0
0.000619 -0.000629 2077.0
0.000620 -0.000630 2078.0
0.000620 -0.000630 2079.0
0.000621 -0.000630 2080.0
0.000621 -0.000630 2081.0
0.000622 -0.000630 2082.0
0.000622 -0.000630 2083.0
0.000623 -0.000630 2084.0
0.000623 -0.000631 2085.0
0.000624 -0.000631 2086.0
0.000624 -0.000631 2087.0
0.000625 -0.000631 2088.0
0.000625 -0.000631 2089.0
0.000626 -0.000631 2090.0
0.000627 -0.000631 2091.0
0.000627 -0.000632 2092.0
0.000628 -0.000632 2093.0
0.000628 -0.000632 2094.0
0.000629 -0.000632 2095.0
0.000629 -0.000632 2096.0
0.000630 -0.000632 2097.0
0.000630 -0.000632 2098.0
0.000631 -0.000632 2099.0
0.000631 -0.000633 2100.0
0.000632 -0.000633 2101.0
0.000632 -0.000633 2102.0
0.000633 -0.000633 2103.0
0.000634 -0.000633 2104.0
0.000634 -0.000633 2105.0
0.000635 -0.000633 2106.0
0.000635 -0.000634 2107.0
0.000636 -0.000634 2108.0
0.000636 -0.000634 2109.0
0.000637 -0.000634 2110.0
0.000637 -0.000634 2111.0
0.000638 -0.000634 2112.0
0.000638 -0.000634 2113.0
0.000639 -0.000634 2114.0
0.000639 -0.000633 2115.0
0.000640 -0.000633 2116.0
0.000641 -0.000633 2117.0
0.000642 -0.000634 2118.0
0.000643 -0.000634 2119.0
0.000644 -0.000634 2120.0
0.000645 -0.000634 2121.0
0.000646 -0.000634 2122.0
0.000647 -0.000635 2123.0
0.000648 -0.000635 2124.0
0.000649 -0.000635 2125.0
0.000650 -0.000635 2126.0
0.000651 -0.000636 2127.0
0.000652 -0.000636 2128.0
0.000653 -0.000636 2129.0
0.000654 -0.000636 2130.0
0.000655 -0.000636 2131.0
0.000655 -0.000637 2132.0
0.000656 -0.000637 2133.0
0.000657 -0.000637 2134.0
0.000658 -0.000637 2135.0
0.000659 -0.000638 2136.0
0.000660 -0.000638 2137.0
0.000661 -0.000638 2138.0
0.000662 -0.000638 2139.0
0.000663 -0.000638 2140.0
0.000664 -0.000639 2141.0
0.000665 -0.000639 2142.0
0.000666 -0.000639 2143.0
0.000667 -0.000639 2144.0
0.000668 -0.000640 2145.0
0.000669 -0.000640 2146.0
0.000670 -0.000640 2147.0
0.000671 -0.000640 2148.0
0.000672 -0.000640 2149.0
0.000673 -0.000641 2150.0
0.000674 -0.000641 2151.0
0.000675 -0.000641 2152.0
0.000676 -0.000641 2153.0
0.000677 -0.000642 2154.0
0.000678 -0.000642 2155.0
0.000679 -0.000642 2156.0
0.000680 -0.000642 2157.0
0.000680 -0.000643 2158.0
0.000681 -0.000643 2159.0
0.000682 -0.000643 2160.0
0.000683 -0.000643 2161.0
0.000684 -0.000643 2162.0
0.000685 -0.000644 2163.0
0.000686 -0.000644 2164.0
0.000687 -0.000644 2165.0
0.000688 -0.000644 2166.0
0.000689 -0.000645 2167.0
0.000690 -0.000645 2168.0
0.000691 -0.000645 2169.0
0.000692 -0.000645 2170.0
0.000693 -0.000645 2171.0
0.000694 -0.000646 2172.0
0.000695 -0.000646 2173.0
0.000696 -0.000646 2174.0
0.000697 -0.000646 2175.0
0.000697 -0.000644 2176.0
0.000698 -0.000644 2177.0
0.000698 -0.000644 2178.0
0.000699 -0.000644 2179.0
0.000699 -0.000644 2180.0
0.000700 -0.000644 2181.0
0.000701 -0.000644 2182.0
0.000701 -0.000645 2183.0
0.000702 -0.000645 2184.0
0.000702 -0.000645 2185.0
0.000703 -0.000645 2186.0
0.000703 -0.000645 2187.0
0.000704 -0.000645 2188.0
0.000704 -0.000645 2189.0
0.000705 -0.000646 2190.0
0.000706 -0.000646 2191.0
0.000706 -0.000646 2192.0
0.000707 -0.000646 2193.0
0.000707 -0.000646 2194.0
0.000708 -0.000646 2195.0
0.000708 -0.000646 2196.0
0.000709 -0.000647 2197.0
0.000709 -0.000647 2198.0
0.000710 -0.000647 2199.0
0.000711 -0.000647 2200.0
0.000711 -0.000647 2201.0
0.000712 -0.000647 2202.0
0.000712 -0.000647 2203.0
0.000713 -0.000648 2204.0
0.000713 -0.000648 2205.0
0.000714 -0.000648 2206.0
0.000714 -0.000648 2207.0
0.000715 -0.000648 2208.0
0.000716 -0.000648 2209.0
0.000716 -0.000648 2210.0
0.000717 -0.000649 2211.0
0.000717 -0.000649 2212.0
0.000718 -0.000649 2213.0
0.000718 -0.000649 2214.0
0.000719 -0.000649 2215.0
0.000719 -0.000649 2216.0
0.000720 -0.000649 2217.0
0.000720 -0.000650 2218.0
0.000721 -0.000650 2219.0
0.000722 -0.000650 2220.0
0.000722 -0.000650 2221.0
0.000723 -0.000650 2222.0
0.000723 -0.000650 2223.0
0.000724 -0.000650 2224.0
0.000724 -0.000651 2225.0
0.000725 -0.000651 2226.0
0.000725 -0.000651 2227.0
0.000726 -0.000651 2228.0
0.000727 -0.000651 2229.0
0.000727 -0.000651 2230.0
0.000728 -0.000651 2231.0
0.000728 -0.000652 2232.0
0.000729 -0.000652 2233.0
0.000729 -0.000652 2234.0
0.000730 -0.000652 2235.0
0.000730 -0.000652 2236.0
0.000731 -0.000650 2237.0
0.000731 -0.000650 2238.0
0.000731 -0.000650 2239.0
0.000731 -0.000649 2240.0
0.000731 -0.000649 2241.0
0.000731 -0.000649 2242.0
0.000732 -0.000648 2243.0
0.000732 -0.000648 2244.0
0.000732 -0.000647 2245.0
0.000732 -0.000647 2246.0
0.000732 -0.000647 2247.0
0.000732 -0.000646 2248.0
0.000732 -0.000646 2249.0
0.000733 -0.000645 2250.0
0.000733 -0.000645 2251.0
0.000733 -0.000645 2252.0
0.000733 -0.000644 2253.0
0.000733 -0.000644 2254.0
0.000733 -0.000644 2255.0
0.000733 -0.000643 2256.0
0.000734 -0.000643 2257.0
0.000734 -0.000642 2258.0
0.000734 -0.000642 2259.0
0.000734 -0.000642 2260.0
0.000734 -0.000641 2261.0
0.000734 -0.000641 2262.0
0.000734 -0.000640 2263.0
0.000734 -0.000640 2264.0
0.000735 -0.000640 2265.0
0.000735 -0.000639 2266.0
0.000735 -0.000639 2267.0
0.000735 -0.000638 2268.0
0.000735 -0.000638 2269.0
0.000735 -0.000638 2270.0
0.000735 -0.000637 2271.0
0.000736 -0.000637 2272.0
0.000736 -0.000637 2273.0
0.000736 -0.000636 2274.0
0.000736 -0.000636 2275.0
0.000736 -0.000635 2276.0
0.000736 -0.000635 2277.0
0.000736 -0.000635 2278.0
0.000737 -0.000634 2279.0
0.000737 -0.000634 2280.0
0.000737 -0.000633 2281.0
0.000737 -0.000633 2282.0
0.000737 -0.000633 2283.0
0.000737 -0.000632 2284.0
0.000737 -0.000632 2285.0
0.000738 -0.000632 2286.0
0.000738 -0.000631 2287.0
0.000738 -0.000631 2288.0
0.000738 -0.000630 2289.0
0.000738 -0.000630 2290.0
0.000738 -0.000630 2291.0
0.000738 -0.000629 2292.0
0.000739 -0.000629 2293.0
0.000739 -0.000628 2294.0
0.000739 -0.000628 2295.0
0.000739 -0.000628 2296.0
0.000739 -0.000627 2297.0
0.000741 -0.000628 2298.0
0.000741 -0.000628 2299.0
0.000741 -0.000628 2300.0
0.000741 -0.000627 2301.0
0.000741 -0.000627 2302.0
0.000741 -0.000627 2303.0
0.000741 -0.000626 2304.0
0.000741 -0.000626 2305.0
0.000741 -0.000626 2306.0
0.000741 -0.000625 2307.0
0.000741 -0.000625 2308.0
0.000741 -0.000625 2309.0
0.000741 -0.000624 2310.0
0.000741 -0.000624 2311.0
0.000741 -0.000624 2312.0
0.000741 -0.000623 2313.0
0.000741 -0.000623 2314.0
0.000741 -0.000623 2315.0
0.000741 -0.000623 2316.0
0.000741 -0.000622 2317.0
0.000741 -0.000622 2318.0
0.000741 -0.000622 2319.0
0.000741 -0.000621 2320.0
0.000741 -0.000621 2321.0
0.000742 -0.000621 2322.0
0.000742 -0.000620 2323.0
0.000742 -0.000620 2324.0
0.000742 -0.000620 2325.0
0.000742 -0.000619 2326.0
0.000742 -0.000619 2327.0
0.000742 -0.000619 2328.0
0.000742 -0.000618 2329.0
0.000742 -0.000618 2330.0
0.000742 -0.000618 2331.0
0.000742 -0.000617 2332.0
0.000742 -0.000617 2333.0
0.000742 -0.000617 2334.0
0.000742 -0.000616 2335.0
0.000742 -0.000616 2336.0
0.000742 -0.000616 2337.0
0.000742 -0.000616 2338.0
0.000742 -0.000616 2339.0
0.000742 -0.000616 2340.0
0.000742 -0.000616 2341.0
0.000742 -0.000616 2342.0
0.000742 -0.000617 2343.0
0.000742 -0.000617 2344.0
0.000741 -0.000617 2345.0
0.000741 -0.000617 2346.0
0.000741 -0.000617 2347.0
0.000741 -0.000617 2348.0
0.000741 -0.000617 2349.0
0.000741 -0.000617 2350.0
0.000741 -0.000617 2351.0
0.000741 -0.000617 2352.0
0.000741 -0.000617 2353.0
0.000740 -0.000617 2354.0
0.000740 -0.000617 2355.0
0.000740 -0.000618 2356.0
0.000740 -0.000618 2357.0
0.000740 -0.000618 2358.0
0.000740 -0.000618 2359.0
0.000740 -0.000618 2360.0
0.000740 -0.000618 2361.0
0.000739 -0.000618 2362.0
0.000739 -0.000618 2363.0
0.000739 -0.000618 2364.0
0.000739 -0.000618 2365.0
0.000739 -0.000618 2366.0
0.000739 -0.000618 2367.0
0.000739 -0.000619 2368.0
0.000739 -0.000619 2369.0
0.000739 -0.000619 2370.0
0.000738 -0.000619 2371.0
0.000738 -0.000619 2372.0
0.000738 -0.000619 2373.0
0.000738 -0.000619 2374.0
0.000738 -0.000619 2375.0
0.000738 -0.000619 2376.0
0.000738 -0.000619 2377.0
0.000738 -0.000619 2378.0
0.000737 -0.000619 2379.0
0.000737 -0.000619 2380.0
0.000737 -0.000620 2381.0
0.000737 -0.000620 2382.0
0.000737 -0.000620 2383.0
0.000737 -0.000620 2384.0
0.000737 -0.000620 2385.0
0.000737 -0.000620 2386.0
0.000737 -0.000620 2387.0
0.000736 -0.000620 2388.0
0.000736 -0.000620 2389.0
0.000736 -0.000620 2390.0
0.000736 -0.000620 2391.0
0.000736 -0.000620 2392.0
0.000736 -0.000620 2393.0
0.000736 -0.000621 2394.0
0.000736 -0.000621 2395.0
0.000735 -0.000621 2396.0
0.000735 -0.000621 2397.0
0.000735 -0.000621 2398.0
0.000735 -0.000620 2399.0
0.000735 -0.000620 2400.0
0.000734 -0.000620 2401.0
0.000734 -0.000620 2402.0
0.000734 -0.000620 2403.0
0.000734 -0.000620 2404.0
0.000733 -0.000620 2405.0
0.000733 -0.000621 2406.0
0.000733 -0.000621 2407.0
0.000733 -0.000621 2408.0
0.000732 -0.000621 2409.0
0.000732 -0.000621 2410.0
0.000732 -0.000621 2411.0
0.000732 -0.000621 2412.0
0.000731 -0.000621 2413.0
0.000731 -0.000621 2414.0
0.000731 -0.000621 2415.0
0.000731 -0.000621 2416.0
0.000731 -0.000621 2417.0
0.000730 -0.000621 2418.0
0.000730 -0.000621 2419.0
0.000730 -0.000622 2420.0
0.000730 -0.000622 2421.0
0.000729 -0.000622 2422.0
0.000729 -0.000622 2423.0
0.000729 -0.000622 2424.0
0.000729 -0.000622 2425.0
0.000728 -0.000622 2426.0
0.000728 -0.000622 2427.0
0.000728 -0.000622 2428.0
0.000728 -0.000622 2429.0
0.000727 -0.000622 2430.0
0.000727 -0.000622 2431.0
0.000727 -0.000622 2432.0
0.000727 -0.000622 2433.0
0.000726 -0.000622 2434.0
0.000726 -0.000623 2435.0
0.000726 -0.000623 2436.0
0.000726 -0.000623 2437.0
0.000725 -0.000623 2438.0
0.000725 -0.000623 2439.0
0.000725 -0.000623 2440.0
0.000725 -0.000623 2441.0
0.000724 -0.000623 2442.0
0.000724 -0.000623 2443.0
0.000724 -0.000623 2444.0
0.000724 -0.000623 2445.0
0.000723 -0.000623 2446.0
0.000723 -0.000623 2447.0
0.000723 -0.000623 2448.0
0.000723 -0.000623 2449.0
0.000722 -0.000624 2450.0
0.000722 -0.000624 2451.0
0.000722 -0.000624 2452.0
0.000722 -0.000624 2453.0
0.000721 -0.000624 2454.0
0.000721 -0.000624 2455.0
0.000721 -0.000624 2456.0
0.000721 -0.000624 2457.0
0.000721 -0.000623 2458.0
0.000721 -0.000623 2459.0
0.000720 -0.000623 2460.0
0.000720 -0.000623 2461.0
0.000720 -0.000623 2462.0
0.000720 -0.000623 2463.0
0.000720 -0.000623 2464.0
0.000720 -0.000623 2465.0
0.000720 -0.000623 2466.0
0.000720 -0.000623 2467.0
0.000719 -0.000623 2468.0
0.000719 -0.000623 2469.0
0.000719 -0.000623 2470.0
0.000719 -0.000623 2471.0
0.000719 -0.000623 2472.0
0.000719 -0.000623 2473.0
0.000719 -0.000623 2474.0
0.000719 -0.000623 2475.0
0.000718 -0.000623 2476.0
0.000718 -0.000623 2477.0
0.000718 -0.000623 2478.0
0.000718 -0.000622 2479.0
0.000718 -0.000622 2480.0
0.000718 -0.000622 2481.0
0.000718 -0.000622 2482.0
0.000717 -0.000622 2483.0
0.000717 -0.000622 2484.0
0.000717 -0.000622 2485.0
0.000717 -0.000622 2486.0
0.000717 -0.000622 2487.0
0.000717 -0.000622 2488.0
0.000717 -0.000622 2489.0
0.000717 -0.000622 2490.0
0.000716 -0.000622 2491.0
0.000716 -0.000622 2492.0
0.000716 -0.000622 2493.0
0.000716 -0.000622 2494.0
0.000716 -0.000622 2495.0
0.000716 -0.000622 2496.0
0.000716 -0.000622 2497.0
0.000716 -0.000622 2498.0
0.000715 -0.000622 2499.0
0.000715 -0.000622 2500.0
0.000715 -0.000622 2501.0
0.000715 -0.000622 2502.0
0.000715 -0.000622 2503.0
0.000715 -0.000622 2504.0
0.000715 -0.000622 2505.0
0.000715 -0.000621 2506.0
0.000714 -0.000621 2507.0
0.000714 -0.000621 2508.0
0.000714 -0.000621 2509.0
0.000714 -0.000621 2510.0
0.000714 -0.000621 2511.0
0.000714 -0.000621 2512.0
0.000714 -0.000621 2513.0
0.000714 -0.000621 2514.0
0.000713 -0.000621 2515.0
0.000713 -0.000621 2516.0
0.000713 -0.000621 2517.0
0.000713 -0.000621 2518.0
0.000713 -0.000621 2519.0
0.000713 -0.000621 2520.0
0.000713 -0.000621 2521.0
0.000713 -0.000621 2522.0
0.000712 -0.000621 2523.0
0.000712 -0.000621 2524.0
0.000711 -0.000621 2525.0
0.000711 -0.000621 2526.0
0.000710 -0.000621 2527.0
0.000710 -0.000621 2528.0
0.000709 -0.000621 2529.0
0.000709 -0.000620 2530.0
0.000708 -0.000620 2531.0
0.000708 -0.000620 2532.0
0.000707 -0.000620 2533.0
0.000706 -0.000620 2534.0
0.000706 -0.000620 2535.0
0.000705 -0.000620 2536.0
0.000705 -0.000620 2537.0
0.000704 -0.000619 2538.0
0.000704 -0.000619 2539.0
0.000703 -0.000619 2540.0
0.000703 -0.000619 2541.0
0.000702 -0.000619 2542.0
0.000702 -0.000619 2543.0
0.000701 -0.000619 2544.0
0.000701 -0.000618 2545.0
0.000700 -0.000618 2546.0
0.000700 -0.000618 2547.0
0.000699 -0.000618 2548.0
0.000699 -0.000618 2549.0
0.000698 -0.000618 2550.0
0.000698 -0.000618 2551.0
0.000697 -0.000618 2552.0
0.000697 -0.000617 2553.0
0.000696 -0.000617 2554.0
0.000696 -0.000617 2555.0
0.000695 -0.000617 2556.0
0.000695 -0.000617 2557.0
0.000694 -0.000617 2558.0
0.000694 -0.000617 2559.0
0.000693 -0.000617 2560.0
0.000693 -0.000616 2561.0
0.000692 -0.000616 2562.0
0.000692 -0.000616 2563.0
0.000691 -0.000616 2564.0
0.000691 -0.000616 2565.0
0.000690 -0.000616 2566.0
0.000690 -0.000616 2567.0
0.000689 -0.000616 2568.0
0.000689 -0.000615 2569.0
0.000688 -0.000615 2570.0
0.000688 -0.000615 2571.0
0.000687 -0.000615 2572.0
0.000686 -0.000615 2573.0
0.000686 -0.000615 2574.0
0.000685 -0.000615 2575.0
0.000685 -0.000615 2576.0
0.000684 -0.000614 2577.0
0.000684 -0.000616 2578.0
0.000684 -0.000616 2579.0
0.000683 -0.000616 2580.0
0.000683 -0.000616 2581.0
0.000683 -0.000615 2582.0
0.000682 -0.000615 2583.0
0.000682 -0.000615 2584.0
0.000682 -0.000615 2585.0
0.000681 -0.000615 2586.0
0.000681 -0.000615 2587.0
0.000680 -0.000615 2588.0
0.000680 -0.000615 2589.0
0.000680 -0.000615 2590.0
0.000679 -0.000615 2591.0
0.000679 -0.000615 2592.0
0.000679 -0.000614 2593.0
0.000678 -0.000614 2594.0
0.000678 -0.000614 2595.0
0.000677 -0.000614 2596.0
0.000677 -0.000614 2597.0
0.000677 -0.000614 2598.0
0.000676 -0.000614 2599.0
0.000676 -0.000614 2600.0
0.000675 -0.000614 2601.0
0.000675 -0.000614 2602.0
0.000675 -0.000613 2603.0
0.000674 -0.000613 2604.0
0.000674 -0.000613 2605.0
0.000674 -0.000613 2606.0
0.000673 -0.000613 2607.0
0.000673 -0.000613 2608.0
0.000672 -0.000613 2609.0
0.000672 -0.000613 2610.0
0.000672 -0.000613 2611.0
0.000671 -0.000613 2612.0
0.000671 -0.000613 2613.0
0.000671 -0.000612 2614.0
0.000670 -0.000612 2615.0
0.000670 -0.000612 2616.0
0.000669 -0.000612 2617.0
0.000669 -0.000612 2618.0
0.000669 -0.000612 2619.0
0.000668 -0.000612 2620.0
0.000668 -0.000612 2621.0
0.000667 -0.000612 2622.0
0.000667 -0.000612 2623.0
0.000667 -0.000611 2624.0
0.000666 -0.000611 2625.0
0.000666 -0.000611 2626.0
0.000666 -0.000611 2627.0
0.000665 -0.000611 2628.0
0.000665 -0.000611 2629.0
0.000664 -0.000611 2630.0
0.000664 -0.000611 2631.0
0.000664 -0.000611 2632.0
0.000663 -0.000611 2633.0
0.000663 -0.000611 2634.0
0.000662 -0.000610 2635.0
0.000662 -0.000610 2636.0
0.000662 -0.000610 2637.0
0.000661 -0.000610 2638.0
0.000661 -0.000611 2639.0
0.000661 -0.000611 2640.0
0.000660 -0.000611 2641.0
0.000660 -0.000611 2642.0
0.000659 -0.000611 2643.0
0.000659 -0.000611 2644.0
0.000658 -0.000611 2645.0
0.000658 -0.000610 2646.0
0.000657 -0.000610 2647.0
0.000657 -0.000610 2648.0
0.000656 -0.000610 2649.0
0.000656 -0.000610 2650.0
0.000655 -0.000610 2651.0
0.000655 -0.000610 2652.0
0.000654 -0.000609 2653.0
0.000653 -0.000609 2654.0
0.000653 -0.000609 2655.0
0.000652 -0.000609 2656.0
0.000652 -0.000609 2657.0
0.000651 -0.000609 2658.0
0.000651 -0.000609 2659.0
0.000650 -0.000609 2660.0
0.000650 -0.000608 2661.0
0.000649 -0.000608 2662.0
0.000649 -0.000608 2663.0
0.000648 -0.000608 2664.0
0.000648 -0.000608 2665.0
0.000647 -0.000608 2666.0
0.000647 -0.000608 2667.0
0.000646 -0.000608 2668.0
0.000646 -0.000607 2669.0
0.000645 -0.000607 2670.0
0.000645 -0.000607 2671.0
0.000644 -0.000607 2672.0
0.000644 -0.000607 2673.0
0.000643 -0.000607 2674.0
0.000643 -0.000607 2675.0
0.000642 -0.000606 2676.0
0.000642 -0.000606 2677.0
0.000641 -0.000606 2678.0
0.000641 -0.000606 2679.0
0.000640 -0.000606 2680.0
0.000640 -0.000606 2681.0
0.000639 -0.000606 2682.0
0.000639 -0.000606 2683.0
0.000638 -0.000605 2684.0
0.000638 -0.000605 2685.0
0.000637 -0.000605 2686.0
0.000636 -0.000605 2687.0
0.000636 -0.000605 2688.0
0.000635 -0.000605 2689.0
0.000635 -0.000605 2690.0
0.000634 -0.000605 2691.0
0.000634 -0.000604 2692.0
0.000633 -0.000604 2693.0
0.000633 -0.000604 2694.0
0.000632 -0.000604 2695.0
0.000632 -0.000604 2696.0
0.000631 -0.000604 2697.0
0.000631 -0.000604 2698.0
0.000631 -0.000605 2699.0
0.000630 -0.000605 2700.0
0.000630 -0.000605 2701.0
0.000630 -0.000604 2702.0
0.000629 -0.000604 2703.0
0.000629 -0.000604 2704.0
0.000628 -0.000603 2705.0
0.000628 -0.000603 2706.0
0.000628 -0.000603 2707.0
0.000627 -0.000602 2708.0
0.000627 -0.000602 2709.0
0.000627 -0.000602 2710.0
0.000626 -0.000602 2711.0
0.000626 -0.000601 2712.0
0.000626 -0.000601 2713.0
0.000625 -0.000601 2714.0
0.000625 -0.000600 2715.0
0.000625 -0.000600 2716.0
0.000624 -0.000600 2717.0
0.000624 -0.000599 2718.0
0.000624 -0.000599 2719.0
0.000623 -0.000599 2720.0
0.000623 -0.000599 2721.0
0.000622 -0.000598 2722.0
0.000622 -0.000598 2723.0
0.000622 -0.000598 2724.0
0.000621 -0.000597 2725.0
0.000621 -0.000597 2726.0
0.000621 -0.000597 2727.0
0.000620 -0.000597 2728.0
0.000620 -0.000596 2729.0
0.000620 -0.000596 2730.0
0.000619 -0.000596 2731.0
0.000619 -0.000595 2732.0
0.000619 -0.000595 2733.0
0.000618 -0.000595 2734.0
0.000618 -0.000594 2735.0
0.000617 -0.000594 2736.0
0.000617 -0.000594 2737.0
0.000617 -0.000594 2738.0
0.000616 -0.000593 2739.0
0.000616 -0.000593 2740.0
0.000616 -0.000593 2741.0
0.000615 -0.000592 2742.0
0.000615 -0.000592 2743.0
0.000615 -0.000592 2744.0
0.000614 -0.000591 2745.0
0.000614 -0.000591 2746.0
0.000614 -0.000591 2747.0
0.000613 -0.000591 2748.0
0.000613 -0.000590 2749.0
0.000613 -0.000590 2750.0
0.000612 -0.000590 2751.0
0.000612 -0.000589 2752.0
0.000611 -0.000589 2753.0
0.000611 -0.000589 2754.0
0.000611 -0.000589 2755.0
0.000610 -0.000588 2756.0
0.000610 -0.000588 2757.0
0.000610 -0.000588 2758.0
0.000609 -0.000587 2759.0
0.000609 -0.000587 2760.0
0.000609 -0.000587 2761.0
0.000607 -0.000590 2762.0
0.000607 -0.000590 2763.0
0.000607 -0.000590 2764.0
0.000607 -0.000591 2765.0
0.000606 -0.000591 2766.0
0.000606 -0.000591 2767.0
0.000606 -0.000592 2768.0
0.000606 -0.000592 2769.0
0.000606 -0.000592 2770.0
0.000605 -0.000593 2771.0
0.000605 -0.000593 2772.0
0.000605 -0.000593 2773.0
0.000605 -0.000594 2774.0
0.000604 -0.000594 2775.0
0.000604 -0.000594 2776.0
0.000604 -0.000595 2777.0
0.000604 -0.000595 2778.0
0.000604 -0.000595 2779.0
0.000603 -0.000596 2780.0
0.000603 -0.000596 2781.0
0.000603 -0.000596 2782.0
0.000603 -0.000597 2783.0
0.000602 -0.000597 2784.0
0.000602 -0.000597 2785.0
0.000602 -0.000598 2786.0
0.000602 -0.000598 2787.0
0.000602 -0.000598 2788.0
0.000601 -0.000599 2789.0
0.000601 -0.000599 2790.0
0.000601 -0.000599 2791.0
0.000601 -0.000600 2792.0
0.000600 -0.000600 2793.0
0.000600 -0.000600 2794.0
0.000600 -0.000601 2795.0
0.000600 -0.000601 2796.0
0.000600 -0.000602 2797.0
0.000599 -0.000602 2798.0
0.000599 -0.000602 2799.0
0.000599 -0.000603 2800.0
0.000599 -0.000603 2801.0
0.000599 -0.000603 2802.0
0.000598 -0.000604 2803.0
0.000598 -0.000604 2804.0
0.000598 -0.000604 2805.0
0.000598 -0.000605 2806.0
0.000597 -0.000605 2807.0
0.000597 -0.000605 2808.0
0.000597 -0.000606 2809.0
0.000597 -0.000606 2810.0
0.000597 -0.000606 2811.0
0.000596 -0.000607 2812.0
0.000596 -0.000607 2813.0
0.000596 -0.000607 2814.0
0.000596 -0.000608 2815.0
0.000595 -0.000608 2816.0
0.000595 -0.000608 2817.0
0.000595 -0.000609 2818.0
0.000595 -0.000609 2819.0
0.000593 -0.000607 2820.0
0.000593 -0.000607 2821.0
0.000593 -0.000607 2822.0
0.000593 -0.000607 2823.0
0.000593 -0.000607 2824.0
0.000593 -0.000607 2825.0
0.000593 -0.000607 2826.0
0.000593 -0.000607 2827.0
0.000593 -0.000607 2828.0
0.000593 -0.000607 2829.0
0.000593 -0.000607 2830.0
0.000593 -0.000607 2831.0
0.000593 -0.000607 2832.0
0.000593 -0.000607 2833.0
0.000593 -0.000607 2834.0
0.000593 -0.000607 2835.0
0.000593 -0.000607 2836.0
0.000593 -0.000607 2837.0
0.000593 -0.000607 2838.0
0.000593 -0.000607 2839.0
0.000593 -0.000607 2840.0
0.000593 -0.000607 2841.0
0.000593 -0.000607 2842.0
0.000593 -0.000607 2843.0
0.000593 -0.000607 2844.0
0.000593 -0.000607 2845.0
0.000593 -0.000607 2846.0
0.000593 -0.000607 2847.0
0.000593 -0.000607 2848.0
0.000593 -0.000607 2849.0
0.000593 -0.000607 2850.0
0.000593 -0.000607 2851.0
0.000593 -0.000607 2852.0
0.000593 -0.000607 2853.0
0.000593 -0.000607 2854.0
0.000593 -0.000607 2855.0
0.000593 -0.000607 2856.0
0.000593 -0.000607 2857.0
0.000593 -0.000607 2858.0
0.000593 -0.000607 2859.0
0.000593 -0.000607 2860.0
0.000593 -0.000607 2861.0
0.000593 -0.000607 2862.0
0.000593 -0.000607 2863.0
0.000593 -0.000607 2864.0
0.000593 -0.000607 2865.0
0.000593 -0.000607 2866.0
0.000593 -0.000607 2867.0
0.000593 -0.000607 2868.0
0.000593 -0.000607 2869.0
0.000593 -0.000607 2870.0
0.000593 -0.000607 2871.0
0.000593 -0.000607 2872.0
0.000593 -0.000607 2873.0
0.000593 -0.000607 2874.0
0.000593 -0.000607 2875.0
0.000593 -0.000607 2876.0
0.000593 -0.000607 2877.0
0.000593 -0.000607 2878.0
0.000593 -0.000607 2879.0
0.000593 -0.000607 2880.0
0.000593 -0.000607 2881.0
0.000593 -0.000607 2882.0
0.000593 -0.000607 2883.0
0.000593 -0.000608 2884.0
0.000593 -0.000608 2885.0
0.000593 -0.000608 2886.0
0.000593 -0.000608 2887.0
0.000593 -0.000608 2888.0
0.000593 -0.000608 2889.0
0.000592 -0.000608 2890.0
0.000592 -0.000608 2891.0
0.000592 -0.000609 2892.0
0.000592 -0.000609 2893.0
0.000592 -0.000609 2894.0
0.000592 -0.000609 2895.0
0.000592 -0.000609 2896.0
0.000592 -0.000609 2897.0
0.000592 -0.000609 2898.0
0.000592 -0.000609 2899.0
0.000592 -0.000609 2900.0
0.000592 -0.000610 2901.0
0.000592 -0.000610 2902.0
0.000592 -0.000610 2903.0
0.000592 -0.000610 2904.0
0.000592 -0.000610 2905.0
0.000591 -0.000610 2906.0
0.000591 -0.000610 2907.0
0.000591 -0.000610 2908.0
0.000591 -0.000610 2909.0
0.000591 -0.000610 2910.0
0.000590 -0.000610 2911.0
0.000590 -0.000611 2912.0
0.000590 -0.000611 2913.0
0.000589 -0.000611 2914.0
0.000589 -0.000611 2915.0
0.000589 -0.000611 2916.0
0.000588 -0.000611 2917.0
0.000588 -0.000612 2918.0
0.000588 -0.000612 2919.0
0.000587 -0.000612 2920.0
0.000587 -0.000612 2921.0
0.000587 -0.000612 2922.0
0.000586 -0.000612 2923.0
0.000586 -0.000613 2924.0
0.000586 -0.000613 2925.0
0.000585 -0.000613 2926.0
0.000585 -0.000613 2927.0
0.000585 -0.000613 2928.0
0.000584 -0.000613 2929.0
0.000584 -0.000614 2930.0
0.000584 -0.000614 2931.0
0.000584 -0.000614 2932.0
0.000583 -0.000614 2933.0
0.000583 -0.000614 2934.0
0.000583 -0.000614 2935.0
0.000582 -0.000614 2936.0
0.000582 -0.000615 2937.0
0.000582 -0.000615 2938.0
0.000581 -0.000615 2939.0
0.000581 -0.000615 2940.0
0.000581 -0.000615 2941.0
0.000580 -0.000615 2942.0
0.000580 -0.000616 2943.0
0.000580 -0.000616 2944.0
0.000579 -0.000616 2945.0
0.000579 -0.000616 2946.0
0.000579 -0.000616 2947.0
0.000578 -0.000616 2948.0
0.000578 -0.000617 2949.0
0.000578 -0.000617 2950.0
0.000577 -0.000617 2951.0
0.000577 -0.000617 2952.0
0.000577 -0.000617 2953.0
0.000576 -0.000617 2954.0
0.000576 -0.000618 2955.0
0.000576 -0.000618 2956.0
0.000575 -0.000618 2957.0
0.000575 -0.000618 2958.0
0.000575 -0.000618 2959.0
0.000574 -0.000618 2960.0
0.000574 -0.000618 2961.0
0.000574 -0.000619 2962.0
0.000573 -0.000619 2963.0
0.000573 -0.000619 2964.0
0.000573 -0.000619 2965.0
0.000572 -0.000619 2966.0
0.000572 -0.000619 2967.0
0.000572 -0.000620 2968.0
0.000571 -0.000620 2969.0
0.000571 -0.000620 2970.0
0.000571 -0.000620 2971.0
0.000570 -0.000620 2972.0
0.000570 -0.000620 2973.0
0.000570 -0.000621 2974.0
0.000569 -0.000621 2975.0
0.000569 -0.000621 2976.0
0.000569 -0.000621 2977.0
0.000568 -0.000621 2978.0
0.000568 -0.000619 2979.0
0.000568 -0.000618 2980.0
0.000568 -0.000616 2981.0
0.000568 -0.000614 2982.0
0.000568 -0.000613 2983.0
0.000569 -0.000611 2984.0
0.000569 -0.000610 2985.0
0.000569 -0.000608 2986.0
0.000569 -0.000607 2987.0
0.000569 -0.000605 2988.0
0.000569 -0.000603 2989.0
0.000569 -0.000602 2990.0
0.000570 -0.000600 2991.0
0.000570 -0.000599 2992.0
0.000570 -0.000597 2993.0
0.000570 -0.000596 2994.0
0.000570 -0.000594 2995.0
0.000570 -0.000593 2996.0
0.000570 -0.000591 2997.0
0.000571 -0.000589 2998.0
0.000571 -0.000588 2999.0
0.000571 -0.000586 3000.0
0.000571 -0.000585 3001.0
0.000571 -0.000583 3002.0
0.000571 -0.000582 3003.0
0.000571 -0.000580 3004.0
0.000571 -0.000578 3005.0
0.000572 -0.000577 3006.0
0.000572 -0.000575 3007.0
0.000572 -0.000574 3008.0
0.000572 -0.000572 3009.0
0.000572 -0.000571 3010.0
0.000572 -0.000569 3011.0
0.000572 -0.000567 3012.0
0.000573 -0.000566 3013.0
0.000573 -0.000564 3014.0
0.000573 -0.000563 3015.0
0.000573 -0.000561 3016.0
0.000573 -0.000560 3017.0
0.000573 -0.000558 3018.0
0.000573 -0.000557 3019.0
0.000574 -0.000555 3020.0
0.000574 -0.000553 3021.0
0.000574 -0.000552 3022.0
0.000574 -0.000550 3023.0
0.000574 -0.000549 3024.0
0.000574 -0.000547 3025.0
0.000574 -0.000546 3026.0
0.000575 -0.000544 3027.0
0.000575 -0.000542 3028.0
0.000575 -0.000541 3029.0
0.000575 -0.000539 3030.0
0.000575 -0.000538 3031.0
0.000575 -0.000536 3032.0
0.000575 -0.000535 3033.0
0.000575 -0.000533 3034.0
0.000576 -0.000531 3035.0
0.000576 -0.000530 3036.0
0.000578 -0.000530 3037.0
0.000578 -0.000529 3038.0
0.000579 -0.000528 3039.0
0.000580 -0.000526 3040.0
0.000581 -0.000525 3041.0
0.000582 -0.000524 3042.0
0.000582 -0.000523 3043.0
0.000583 -0.000521 3044.0
0.000584 -0.000520 3045.0
0.000585 -0.000519 3046.0
0.000586 -0.000518 3047.0
0.000586 -0.000516 3048.0
0.000587 -0.000515 3049.0
0.000588 -0.000514 3050.0
0.000589 -0.000512 3051.0
0.000590 -0.000511 3052.0
0.000590 -0.000510 3053.0
0.000591 -0.000509 3054.0
0.000592 -0.000507 3055.0
0.000593 -0.000506 3056.0
0.000594 -0.000505 3057.0
0.000594 -0.000504 3058.0
0.000595 -0.000502 3059.0
0.000596 -0.000501 3060.0
0.000597 -0.000500 3061.0
0.000598 -0.000499 3062.0
0.000598 -0.000497 3063.0
0.000599 -0.000496 3064.0
0.000600 -0.000495 3065.0
0.000601 -0.000493 3066.0
0.000602 -0.000492 3067.0
0.000602 -0.000491 3068.0
0.000603 -0.000490 3069.0
0.000604 -0.000488 3070.0
0.000605 -0.000487 3071.0
0.000606 -0.000486 3072.0
0.000606 -0.000485 3073.0
0.000607 -0.000483 3074.0
0.000608 -0.000482 3075.0
0.000609 -0.000481 3076.0
0.000610 -0.000480 3077.0
0.000611 -0.000478 3078.0
0.000611 -0.000477 3079.0
0.000612 -0.000476 3080.0
0.000613 -0.000474 3081.0
0.000614 -0.000473 3082.0
0.000615 -0.000472 3083.0
0.000615 -0.000471 3084.0
0.000616 -0.000469 3085.0
0.000617 -0.000468 3086.0
0.000618 -0.000467 3087.0
0.000619 -0.000466 3088.0
0.000619 -0.000464 3089.0
0.000620 -0.000463 3090.0
0.000621 -0.000462 3091.0
0.000622 -0.000461 3092.0
0.000623 -0.000459 3093.0
0.000629 -0.000466 3094.0
0.000629 -0.000465 3095.0
0.000630 -0.000464 3096.0
0.000630 -0.000463 3097.0
0.000631 -0.000462 3098.0
0.000631 -0.000461 3099.0
0.000632 -0.000461 3100.0
0.000633 -0.000460 3101.0
0.000633 -0.000459 3102.0
0.000634 -0.000458 3103.0
0.000634 -0.000457 3104.0
0.000635 -0.000456 3105.0
0.000636 -0.000455 3106.0
0.000636 -0.000454 3107.0
0.000637 -0.000453 3108.0
0.000637 -0.000452 3109.0
0.000638 -0.000451 3110.0
0.000638 -0.000450 3111.0
0.000639 -0.000449 3112.0
0.000640 -0.000449 3113.0
0.000640 -0.000448 3114.0
0.000641 -0.000447 3115.0
0.000641 -0.000446 3116.0
0.000642 -0.000445 3117.0
0.000642 -0.000444 3118.0
0.000643 -0.000443 3119.0
0.000644 -0.000442 3120.0
0.000644 -0.000441 3121.0
0.000645 -0.000440 3122.0
0.000645 -0.000439 3123.0
0.000646 -0.000438 3124.0
0.000647 -0.000438 3125.0
0.000647 -0.000437 3126.0
0.000648 -0.000436 3127.0
0.000648 -0.000435 3128.0
0.000649 -0.000434 3129.0
0.000649 -0.000433 3130.0
0.000650 -0.000432 3131.0
0.000651 -0.000431 3132.0
0.000651 -0.000430 3133.0
0.000652 -0.000429 3134.0
0.000652 -0.000428 3135.0
0.000653 -0.000427 3136.0
0.000653 -0.000426 3137.0
0.000654 -0.000426 3138.0
0.000655 -0.000425 3139.0
0.000655 -0.000424 3140.0
0.000656 -0.000423 3141.0
0.000656 -0.000422 3142.0
0.000657 -0.000421 3143.0
0.000657 -0.000420 3144.0
0.000658 -0.000419 3145.0
0.000659 -0.000418 3146.0
0.000659 -0.000417 3147.0
0.000660 -0.000416 3148.0
0.000660 -0.000415 3149.0
0.000661 -0.000415 3150.0
0.000665 -0.000419 3151.0
0.000666 -0.000419 3152.0
0.000666 -0.000418 3153.0
0.000667 -0.000418 3154.0
0.000667 -0.000417 3155.0
0.000667 -0.000416 3156.0
0.000668 -0.000416 3157.0
0.000668 -0.000415 3158.0
0.000668 -0.000415 3159.0
0.000669 -0.000414 3160.0
0.000669 -0.000413 3161.0
0.000670 -0.000413 3162.0
0.000670 -0.000412 3163.0
0.000670 -0.000412 3164.0
0.000671 -0.000411 3165.0
0.000671 -0.000410 3166.0
0.000672 -0.000410 3167.0
0.000672 -0.000409 3168.0
0.000672 -0.000409 3169.0
0.000673 -0.000408 3170.0
0.000673 -0.000408 3171.0
0.000674 -0.000407 3172.0
0.000674 -0.000406 3173.0
0.000674 -0.000406 3174.0
0.000675 -0.000405 3175.0
0.000675 -0.000405 3176.0
0.000676 -0.000404 3177.0
0.000676 -0.000403 3178.0
0.000676 -0.000403 3179.0
0.000677 -0.000402 3180.0
0.000677 -0.000402 3181.0
0.000677 -0.000401 3182.0
0.000678 -0.000400 3183.0
0.000678 -0.000400 3184.0
0.000679 -0.000399 3185.0
0.000679 -0.000399 3186.0
0.000679 -0.000398 3187.0
0.000680 -0.000397 3188.0
0.000680 -0.000397 3189.0
0.000681 -0.000396 3190.0
0.000681 -0.000396 3191.0
0.000681 -0.000395 3192.0
0.000682 -0.000394 3193.0
0.000682 -0.000394 3194.0
0.000683 -0.000393 3195.0
0.000683 -0.000393 3196.0
0.000683 -0.000392 3197.0
0.000684 -0.000391 3198.0
0.000684 -0.000391 3199.0
0.000684 -0.000390 3200.0
0.000685 -0.000390 3201.0
0.000685 -0.000389 3202.0
0.000686 -0.000388 3203.0
0.000686 -0.000388 3204.0
0.000686 -0.000387 3205.0
0.000687 -0.000387 3206.0
0.000687 -0.000386 3207.0
0.000688 -0.000386 3208.0
0.000688 -0.000385 3209.0
0.000688 -0.000384 3210.0
0.000689 -0.000384 3211.0
0.000689 -0.000383 3212.0
0.000690 -0.000383 3213.0
0.000693 -0.000386 3214.0
0.000693 -0.000386 3215.0
0.000693 -0.000386 3216.0
0.000693 -0.000386 3217.0
0.000693 -0.000386 3218.0
0.000693 -0.000386 3219.0
0.000693 -0.000386 3220.0
0.000693 -0.000386 3221.0
0.000693 -0.000385 3222.0
0.000693 -0.000385 3223.0
0.000693 -0.000385 3224.0
0.000693 -0.000385 3225.0
0.000693 -0.000385 3226.0
0.000693 -0.000385 3227.0
0.000693 -0.000385 3228.0
0.000693 -0.000385 3229.0
0.000693 -0.000385 3230.0
0.000693 -0.000385 3231.0
0.000693 -0.000385 3232.0
0.000693 -0.000385 3233.0
0.000693 -0.000384 3234.0
0.000693 -0.000384 3235.0
0.000693 -0.000384 3236.0
0.000693 -0.000384 3237.0
0.000693 -0.000384 3238.0
0.000693 -0.000384 3239.0
0.000693 -0.000384 3240.0
0.000693 -0.000384 3241.0
0.000693 -0.000384 3242.0
0.000693 -0.000384 3243.0
0.000693 -0.000384 3244.0
0.000693 -0.000383 3245.0
0.000693 -0.000383 3246.0
0.000693 -0.000383 3247.0
0.000694 -0.000383 3248.0
0.000694 -0.000383 3249.0
0.000694 -0.000383 3250.0
0.000694 -0.000383 3251.0
0.000694 -0.000383 3252.0
0.000694 -0.000383 3253.0
0.000694 -0.000383 3254.0
0.000694 -0.000383 3255.0
0.000694 -0.000383 3256.0
0.000694 -0.000383 3257.0
0.000694 -0.000383 3258.0
0.000694 -0.000383 3259.0
0.000694 -0.000383 3260.0
0.000694 -0.000383 3261.0
0.000694 -0.000383 3262.0
0.000693 -0.000383 3263.0
0.000693 -0.000383 3264.0
0.000693 -0.000383 3265.0
0.000693 -0.000383 3266.0
0.000693 -0.000383 3267.0
0.000693 -0.000383 3268.0
0.000693 -0.000383 3269.0
0.000693 -0.000383 3270.0
0.000693 -0.000383 3271.0
0.000693 -0.000383 3272.0
0.000693 -0.000383 3273.0
0.000693 -0.000383 3274.0
0.000693 -0.000383 3275.0
0.000693 -0.000383 3276.0
0.000693 -0.000383 3277.0
0.000693 -0.000383 3278.0
0.000693 -0.000383 3279.0
0.000693 -0.000383 3280.0
0.000693 -0.000384 3281.0
0.000693 -0.000384 3282.0
0.000693 -0.000384 3283.0
0.000693 -0.000384 3284.0
0.000693 -0.000384 3285.0
0.000693 -0.000384 3286.0
0.000693 -0.000384 3287.0
0.000693 -0.000384 3288.0
0.000693 -0.000384 3289.0
0.000693 -0.000384 3290.0
0.000693 -0.000384 3291.0
0.000693 -0.000384 3292.0
0.000693 -0.000384 3293.0
0.000693 -0.000384 3294.0
0.000692 -0.000384 3295.0
0.000692 -0.000384 3296.0
0.000692 -0.000384 3297.0
0.000692 -0.000384 3298.0
0.000692 -0.000384 3299.0
0.000692 -0.000384 3300.0
0.000692 -0.000384 3301.0
0.000692 -0.000384 3302.0
0.000692 -0.000384 3303.0
0.000692 -0.000384 3304.0
0.000692 -0.000384 3305.0
0.000692 -0.000384 3306.0
0.000692 -0.000384 3307.0
0.000692 -0.000384 3308.0
0.000692 -0.000384 3309.0
0.000692 -0.000384 3310.0
0.000692 -0.000384 3311.0
0.000692 -0.000384 3312.0
0.000692 -0.000384 3313.0
0.000692 -0.000384 3314.0
0.000692 -0.000384 3315.0
0.000692 -0.000384 3316.0
0.000692 -0.000384 3317.0
0.000692 -0.000384 3318.0
0.000692 -0.000384 3319.0
0.000692 -0.000384 3320.0
0.000692 -0.000385 3321.0
0.000692 -0.000385 3322.0
0.000693 -0.000386 3323.0
0.000693 -0.000386 3324.0
0.000693 -0.000386 3325.0
0.000693 -0.000387 3326.0
0.000694 -0.000387 3327.0
0.000694 -0.000388 3328.0
0.000694 -0.000388 3329.0
0.000694 -0.000388 3330.0
0.000695 -0.000389 3331.0
0.000695 -0.000389 3332.0
0.000695 -0.000389 3333.0
0.000695 -0.000390 3334.0
0.000696 -0.000390 3335.0
0.000696 -0.000391 3336.0
0.000696 -0.000391 3337.0
0.000696 -0.000391 3338.0
0.000697 -0.000392 3339.0
0.000697 -0.000392 3340.0
0.000697 -0.000393 3341.0
0.000697 -0.000393 3342.0
0.000698 -0.000393 3343.0
0.000698 -0.000394 3344.0
0.000698 -0.000394 3345.0
0.000698 -0.000395 3346.0
0.000699 -0.000395 3347.0
0.000699 -0.000395 3348.0
0.000699 -0.000396 3349.0
0.000700 -0.000396 3350.0
0.000700 -0.000397 3351.0
0.000700 -0.000397 3352.0
0.000700 -0.000397 3353.0
0.000701 -0.000398 3354.0
0.000701 -0.000398 3355.0
0.000701 -0.000399 3356.0
0.000701 -0.000399 3357.0
0.000702 -0.000399 3358.0
0.000702 -0.000400 3359.0
0.000702 -0.000400 3360.0
0.000702 -0.000401 3361.0
0.000703 -0.000401 3362.0
0.000703 -0.000401 3363.0
0.000703 -0.000402 3364.0
0.000703 -0.000402 3365.0
0.000704 -0.000402 3366.0
0.000704 -0.000403 3367.0
0.000704 -0.000403 3368.0
0.000704 -0.000404 3369.0
0.000705 -0.000404 3370.0
0.000705 -0.000404 3371.0
0.000705 -0.000405 3372.0
0.000705 -0.000405 3373.0
0.000707 -0.000403 3374.0
0.000707 -0.000403 3375.0
0.000707 -0.000403 3376.0
0.000707 -0.000403 3377.0
0.000707 -0.000403 3378.0
0.000707 -0.000402 3379.0
0.000707 -0.000402 3380.0
0.000707 -0.000402 3381.0
0.000707 -0.000402 3382.0
0.000708 -0.000402 3383.0
0.000708 -0.000402 3384.0
0.000708 -0.000402 3385.0
0.000708 -0.000401 3386.0
0.000708 -0.000401 3387.0
0.000708 -0.000401 3388.0
0.000708 -0.000401 3389.0
0.000708 -0.000401 3390.0
0.000708 -0.000401 3391.0
0.000708 -0.000400 3392.0
0.000708 -0.000400 3393.0
0.000708 -0.000400 3394.0
0.000708 -0.000400 3395.0
0.000708 -0.000400 3396.0
0.000708 -0.000400 3397.0
0.000708 -0.000400 3398.0
0.000708 -0.000399 3399.0
0.000708 -0.000399 3400.0
0.000708 -0.000399 3401.0
0.000708 -0.000399 3402.0
0.000708 -0.000399 3403.0
0.000708 -0.000399 3404.0
0.000708 -0.000398 3405.0
0.000709 -0.000398 3406.0
0.000709 -0.000398 3407.0
0.000709 -0.000398 3408.0
0.000709 -0.000398 3409.0
0.000709 -0.000398 3410.0
0.000709 -0.000398 3411.0
0.000709 -0.000397 3412.0
0.000709 -0.000397 3413.0
0.000709 -0.000397 3414.0
0.000709 -0.000397 3415.0
0.000709 -0.000397 3416.0
0.000709 -0.000397 3417.0
0.000709 -0.000396 3418.0
0.000709 -0.000396 3419.0
0.000709 -0.000396 3420.0
0.000709 -0.000396 3421.0
0.000709 -0.000396 3422.0
0.000709 -0.000396 3423.0
0.000709 -0.000396 3424.0
0.000709 -0.000395 3425.0
0.000709 -0.000395 3426.0
0.000709 -0.000395 3427.0
0.000709 -0.000395 3428.0
0.000709 -0.000395 3429.0
0.000710 -0.000395 3430.0
0.000710 -0.000395 3431.0
0.000710 -0.000394 3432.0
0.000710 -0.000394 3433.0
0.000710 -0.000394 3434.0
0.000710 -0.000394 3435.0
0.000710 -0.000394 3436.0
0.000710 -0.000394 3437.0
0.000710 -0.000393 3438.0
0.000710 -0.000394 3439.0
0.000710 -0.000394 3440.0
0.000710 -0.000395 3441.0
0.000709 -0.000395 3442.0
0.000709 -0.000395 3443.0
0.000709 -0.000396 3444.0
0.000708 -0.000396 3445.0
0.000708 -0.000397 3446.0
0.000708 -0.000397 3447.0
0.000707 -0.000397 3448.0
0.000707 -0.000398 3449.0
0.000707 -0.000398 3450.0
0.000706 -0.000399 3451.0
0.000706 -0.000399 3452.0
0.000706 -0.000399 3453.0
0.000705 -0.000400 3454.0
0.000705 -0.000400 3455.0
0.000705 -0.000401 3456.0
0.000704 -0.000401 3457.0
0.000704 -0.000401 3458.0
0.000704 -0.000402 3459.0
0.000703 -0.000402 3460.0
0.000703 -0.000403 3461.0
0.000703 -0.000403 3462.0
0.000702 -0.000403 3463.0
0.000702 -0.000404 3464.0
0.000702 -0.000404 3465.0
0.000701 -0.000405 3466.0
0.000701 -0.000405 3467.0
0.000701 -0.000405 3468.0
0.000700 -0.000406 3469.0
0.000700 -0.000406 3470.0
0.000700 -0.000407 3471.0
0.000699 -0.000407 3472.0
0.000699 -0.000407 3473.0
0.000699 -0.000408 3474.0
0.000698 -0.000408 3475.0
0.000698 -0.000409 3476.0
0.000698 -0.000409 3477.0
0.000697 -0.000409 3478.0
0.000697 -0.000410 3479.0
0.000697 -0.000410 3480.0
0.000696 -0.000411 3481.0
0.000696 -0.000411 3482.0
0.000696 -0.000411 3483.0
0.000695 -0.000412 3484.0
0.000695 -0.000412 3485.0
0.000695 -0.000413 3486.0
0.000694 -0.000413 3487.0
0.000694 -0.000413 3488.0
0.000694 -0.000414 3489.0
0.000693 -0.000414 3490.0
0.000693 -0.000415 3491.0
0.000693 -0.000415 3492.0
0.000692 -0.000415 3493.0
0.000692 -0.000416 3494.0
0.000692 -0.000416 3495.0
0.000691 -0.000417 3496.0
0.000691 -0.000417 3497.0
0.000691 -0.000417 3498.0
0.000690 -0.000418 3499.0
0.000688 -0.000415 3500.0
0.000688 -0.000415 3501.0
0.000688 -0.000415 3502.0
0.000688 -0.000415 3503.0
0.000687 -0.000416 3504.0
0.000687 -0.000416 3505.0
0.000687 -0.000416 3506.0
0.000687 -0.000416 3507.0
0.000686 -0.000416 3508.0
0.000686 -0.000417 3509.0
0.000686 -0.000417 3510.0
0.000686 -0.000417 3511.0
0.000685 -0.000417 3512.0
0.000685 -0.000417 3513.0
0.000685 -0.000418 3514.0
0.000685 -0.000418 3515.0
0.000684 -0.000418 3516.0
0.000684 -0.000418 3517.0
0.000684 -0.000418 3518.0
0.000683 -0.000419 3519.0
0.000683 -0.000419 3520.0
0.000683 -0.000419 3521.0
0.000683 -0.000419 3522.0
0.000682 -0.000419 3523.0
0.000682 -0.000419 3524.0
0.000682 -0.000420 3525.0
0.000682 -0.000420 3526.0
0.000681 -0.000420 3527.0
0.000681 -0.000420 3528.0
0.000681 -0.000420 3529.0
0.000681 -0.000421 3530.0
0.000680 -0.000421 3531.0
0.000680 -0.000421 3532.0
0.000680 -0.000421 3533.0
0.000680 -0.000421 3534.0
0.000679 -0.000422 3535.0
0.000679 -0.000422 3536.0
0.000679 -0.000422 3537.0
0.000679 -0.000422 3538.0
0.000678 -0.000422 3539.0
0.000678 -0.000422 3540.0
0.000678 -0.000423 3541.0
0.000678 -0.000423 3542.0
0.000677 -0.000423 3543.0
0.000677 -0.000423 3544.0
0.000677 -0.000423 3545.0
0.000677 -0.000424 3546.0
0.000676 -0.000424 3547.0
0.000676 -0.000424 3548.0
0.000676 -0.000424 3549.0
0.000676 -0.000424 3550.0
0.000675 -0.000425 3551.0
0.000675 -0.000425 3552.0
0.000675 -0.000425 3553.0
0.000675 -0.000425 3554.0
0.000674 -0.000423 3555.0
