-0.000204 -0.000405 13.0
-0.000205 -0.000405 14.0
-0.000205 -0.000406 15.0
-0.000206 -0.000406 16.0
-0.000207 -0.000407 17.0
-0.000207 -0.000408 18.0
-0.000208 -0.000408 19.0
-0.000208 -0.000409 20.0
-0.000209 -0.000409 21.0
-0.000209 -0.000410 22.0
-0.000210 -0.000411 23.0
-0.000211 -0.000411 24.0
-0.000211 -0.000412 25.0
-0.000212 -0.000413 26.0
-0.000212 -0.000413 27.0
-0.000213 -0.000414 28.0
-0.000214 -0.000414 29.0
-0.000214 -0.000415 30.0
-0.000215 -0.000416 31.0
-0.000215 -0.000416 32.0
-0.000216 -0.000417 33.0
-0.000216 -0.000417 34.0
-0.000217 -0.000418 35.0
-0.000218 -0.000419 36.0
-0.000218 -0.000419 37.0
-0.000219 -0.000420 38.0
-0.000219 -0.000420 39.0
-0.000220 -0.000421 40.0
-0.000221 -0.000422 41.0
-0.000221 -0.000422 42.0
-0.000222 -0.000423 43.0
-0.000222 -0.000423 44.0
-0.000223 -0.000424 45.0
-0.000223 -0.000425 46.0
-0.000224 -0.000425 47.0
-0.000225 -0.000426 48.0
-0.000225 -0.000426 49.0
-0.000226 -0.000427 50.0
-0.000226 -0.000428 51.0
-0.000227 -0.000428 52.0
-0.000228 -0.000429 53.0
-0.000228 -0.000429 54.0
-0.000229 -0.000430 55.0
-0.000229 -0.000431 56.0
-0.000230 -0.000431 57.0
-0.000231 -0.000432 58.0
-0.000231 -0.000432 59.0
-0.000232 -0.000433 60.0
-0.000232 -0.000434 61.0
-0.000233 -0.000434 62.0
-0.000233 -0.000435 63.0
-0.000234 -0.000435 64.0
-0.000235 -0.000436 65.0
-0.000235 -0.000437 66.0
-0.000236 -0.000437 67.0
-0.000236 -0.000438 68.0
-0.000237 -0.000438 69.0
-0.000238 -0.000439 70.0
-0.000238 -0.000440 71.0
-0.000239 -0.000440 72.0
-0.000239 -0.000441 73.0
-0.000240 -0.000441 74.0
-0.000240 -0.000442 75.0
-0.000241 -0.000443 76.0
-0.000242 -0.000443 77.0
-0.000242 -0.000444 78.0
-0.000243 -0.000444 79.0
-0.000243 -0.000445 80.0
-0.000244 -0.000446 81.0
-0.000245 -0.000446 82.0
-0.000245 -0.000447 83.0
-0.000246 -0.000447 84.0
-0.000246 -0.000448 85.0
-0.000247 -0.000449 86.0
-0.000247 -0.000449 87.0
-0.000248 -0.000450 88.0
-0.000249 -0.000450 89.0
-0.000249 -0.000451 90.0
-0.000250 -0.000452 91.0
-0.000250 -0.000452 92.0
-0.000251 -0.000453 93.0
-0.000252 -0.000453 94.0
-0.000252 -0.000454 95.0
-0.000253 -0.000455 96.0
-0.000253 -0.000455 97.0
-0.000254 -0.000456 98.0
-0.000254 -0.000456 99.0
-0.000255 -0.000457 100.0
-0.000256 -0.000458 101.0
-0.000256 -0.000458 102.0
-0.000257 -0.000459 103.0
-0.000257 -0.000459 104.0
-0.000258 -0.000460 105.0
-0.000259 -0.000461 106.0
-0.000259 -0.000461 107.0
-0.000260 -0.000462 108.0
-0.000260 -0.000462 109.0
-0.000261 -0.000463 110.0
-0.000262 -0.000464 111.0
-0.000262 -0.000464 112.0
-0.000263 -0.000465 113.0
-0.000263 -0.000465 114.0
-0.000264 -0.000466 115.0
-0.000264 -0.000467 116.0
-0.000265 -0.000467 117.0
-0.000266 -0.000468 118.0
-0.000266 -0.000469 119.0
-0.000267 -0.000469 120.0
-0.000267 -0.000470 121.0
-0.000268 -0.000470 122.0
-0.000269 -0.000471 123.0
-0.000269 -0.000472 124.0
-0.000270 -0.000472 125.0
-0.000270 -0.000473 126.0
-0.000271 -0.000473 127.0
-0.000271 -0.000474 128.0
-0.000272 -0.000475 129.0
-0.000273 -0.000475 130.0
-0.000273 -0.000476 131.0
-0.000274 -0.000476 132.0
-0.000274 -0.000477 133.0
-0.000275 -0.000478 134.0
-0.000276 -0.000478 135.0
-0.000276 -0.000479 136.0
-0.000277 -0.000479 137.0
-0.000277 -0.000480 138.0
-0.000278 -0.000481 139.0
-0.000278 -0.000481 140.0
-0.000279 -0.000482 141.0
-0.000280 -0.000482 142.0
-0.000280 -0.000483 143.0
-0.000281 -0.000484 144.0
-0.000281 -0.000484 145.0
-0.000282 -0.000485 146.0
-0.000283 -0.000485 147.0
-0.000283 -0.000486 148.0
-0.000284 -0.000487 149.0
-0.000284 -0.000487 150.0
-0.000285 -0.000488 151.0
-0.000285 -0.000488 152.0
-0.000286 -0.000489 153.0
-0.000287 -0.000490 154.0
-0.000287 -0.000490 155.0
-0.000288 -0.000491 156.0
-0.000288 -0.000491 157.0
-0.000289 -0.000492 158.0
-0.000290 -0.000493 159.0
-0.000290 -0.000493 160.0
-0.000291 -0.000494 161.0
-0.000291 -0.000494 162.0
-0.000292 -0.000495 163.0
-0.000293 -0.000496 164.0
-0.000293 -0.000496 165.0
-0.000294 -0.000497 166.0
-0.000294 -0.000497 167.0
-0.000295 -0.000498 168.0
-0.000295 -0.000499 169.0
-0.000296 -0.000499 170.0
-0.000297 -0.000500 171.0
-0.000297 -0.000500 172.0
-0.000298 -0.000501 173.0
-0.000298 -0.000502 174.0
-0.000299 -0.000502 175.0
-0.000300 -0.000503 176.0
-0.000300 -0.000503 177.0
-0.000301 -0.000504 178.0
-0.000301 -0.000505 179.0
-0.000302 -0.000505 180.0
-0.000302 -0.000506 181.0
-0.000303 -0.000506 182.0
-0.000304 -0.000507 183.0
-0.000304 -0.000508 184.0
-0.000305 -0.000508 185.0
-0.000305 -0.000509 186.0
-0.000306 -0.000509 187.0
-0.000307 -0.000510 188.0
-0.000307 -0.000511 189.0
-0.000308 -0.000511 190.0
-0.000308 -0.000512 191.0
-0.000309 -0.000512 192.0
-0.000309 -0.000513 193.0
-0.000310 -0.000514 194.0
-0.000311 -0.000514 195.0
-0.000311 -0.000515 196.0
-0.000312 -0.000515 197.0
-0.000312 -0.000516 198.0
-0.000313 -0.000517 199.0
-0.000314 -0.000517 200.0
-0.000314 -0.000518 201.0
-0.000315 -0.000518 202.0
-0.000315 -0.000519 203.0
-0.000316 -0.000520 204.0
-0.000316 -0.000520 205.0
-0.000317 -0.000521 206.0
-0.000318 -0.000521 207.0
-0.000318 -0.000522 208.0
-0.000319 -0.000523 209.0
-0.000319 -0.000523 210.0
-0.000320 -0.000524 211.0
-0.000321 -0.000524 212.0
-0.000321 -0.000525 213.0
-0.000322 -0.000526 214.0
-0.000322 -0.000526 215.0
-0.000323 -0.000527 216.0
-0.000324 -0.000528 217.0
-0.000324 -0.000528 218.0
-0.000325 -0.000529 219.0
-0.000325 -0.000529 220.0
-0.000326 -0.000530 221.0
-0.000326 -0.000531 222.0
-0.000327 -0.000531 223.0
-0.000328 -0.000532 224.0
-0.000328 -0.000532 225.0
-0.000329 -0.000533 226.0
-0.000329 -0.000534 227.0
-0.000330 -0.000534 228.0
-0.000331 -0.000535 229.0
-0.000331 -0.000535 230.0
-0.000332 -0.000536 231.0
-0.000332 -0.000537 232.0
-0.000333 -0.000537 233.0
-0.000333 -0.000538 234.0
-0.000334 -0.000538 235.0
-0.000335 -0.000539 236.0
-0.000335 -0.000540 237.0
-0.000336 -0.000540 238.0
-0.000336 -0.000541 239.0
-0.000347 -0.000522 240.0
-0.000347 -0.000522 241.0
-0.000347 -0.000522 242.0
-0.000347 -0.000522 243.0
-0.000347 -0.000522 244.0
-0.000347 -0.000522 245.0
-0.000347 -0.000522 246.0
-0.000347 -0.000522 247.0
-0.000347 -0.000522 248.0
-0.000347 -0.000522 249.0
-0.000347 -0.000522 250.0
-0.000347 -0.000522 251.0
-0.000347 -0.000522 252.0
-0.000347 -0.000522 253.0
-0.000347 -0.000522 254.0
-0.000347 -0.000522 255.0
-0.000347 -0.000522 256.0
-0.000347 -0.000522 257.0
-0.000347 -0.000522 258.0
-0.000347 -0.000522 259.0
-0.000347 -0.000522 260.0
-0.000347 -0.000522 261.0
-0.000347 -0.000522 262.0
-0.000347 -0.000522 263.0
-0.000347 -0.000522 264.0
-0.000347 -0.000522 265.0
-0.000347 -0.000522 266.0
-0.000347 -0.000522 267.0
-0.000347 -0.000522 268.0
-0.000347 -0.000522 269.0
-0.000347 -0.000522 270.0
-0.000347 -0.000522 271.0
-0.000347 -0.000522 272.0
-0.000347 -0.000522 273.0
-0.000347 -0.000522 274.0
-0.000347 -0.000522 275.0
-0.000347 -0.000522 276.0
-0.000347 -0.000522 277.0
-0.000347 -0.000522 278.0
-0.000347 -0.000522 279.0
-0.000347 -0.000522 280.0
-0.000347 -0.000522 281.0
-0.000347 -0.000522 282.0
-0.000347 -0.000522 283.0
-0.000347 -0.000522 284.0
-0.000347 -0.000522 285.0
-0.000347 -0.000522 286.0
-0.000347 -0.000522 287.0
-0.000347 -0.000522 288.0
-0.000347 -0.000522 289.0
-0.000347 -0.000522 290.0
-0.000347 -0.000522 291.0
-0.000347 -0.000522 292.0
-0.000347 -0.000522 293.0
-0.000347 -0.000522 294.0
-0.000347 -0.000522 295.0
-0.000347 -0.000522 296.0
-0.000347 -0.000522 297.0
-0.000347 -0.000522 298.0
-0.000347 -0.000522 299.0
-0.000347 -0.000522 300.0
-0.000347 -0.000522 301.0
-0.000347 -0.000522 302.0
-0.000347 -0.000522 303.0
-0.000347 -0.000522 304.0
-0.000347 -0.000522 305.0
-0.000347 -0.000522 306.0
-0.000347 -0.000522 307.0
-0.000347 -0.000522 308.0
-0.000347 -0.000522 309.0
-0.000347 -0.000522 310.0
-0.000347 -0.000522 311.0
-0.000347 -0.000522 312.0
-0.000347 -0.000522 313.0
-0.000347 -0.000522 314.0
-0.000347 -0.000522 315.0
-0.000347 -0.000522 316.0
-0.000347 -0.000522 317.0
-0.000347 -0.000522 318.0
-0.000347 -0.000522 319.0
-0.000347 -0.000522 320.0
-0.000347 -0.000522 321.0
-0.000347 -0.000522 322.0
-0.000347 -0.000522 323.0
-0.000347 -0.000522 324.0
-0.000347 -0.000522 325.0
-0.000347 -0.000522 326.0
-0.000347 -0.000522 327.0
-0.000347 -0.000522 328.0
-0.000347 -0.000522 329.0
-0.000347 -0.000522 330.0
-0.000347 -0.000522 331.0
-0.000347 -0.000522 332.0
-0.000347 -0.000522 333.0
-0.000347 -0.000522 334.0
-0.000347 -0.000522 335.0
-0.000347 -0.000522 336.0
-0.000347 -0.000522 337.0
-0.000347 -0.000522 338.0
-0.000347 -0.000522 339.0
-0.000347 -0.000522 340.0
-0.000347 -0.000522 341.0
-0.000347 -0.000522 342.0
-0.000347 -0.000522 343.0
-0.000347 -0.000522 344.0
-0.000347 -0.000522 345.0
-0.000347 -0.000522 346.0
-0.000347 -0.000522 347.0
-0.000346 -0.000522 348.0
-0.000346 -0.000522 349.0
-0.000346 -0.000522 350.0
-0.000346 -0.000522 351.0
-0.000346 -0.000522 352.0
-0.000346 -0.000522 353.0
-0.000346 -0.000522 354.0
-0.000346 -0.000522 355.0
-0.000346 -0.000522 356.0
-0.000346 -0.000522 357.0
-0.000346 -0.000522 358.0
-0.000346 -0.000522 359.0
-0.000346 -0.000522 360.0
-0.000346 -0.000522 361.0
-0.000346 -0.000522 362.0
-0.000346 -0.000522 363.0
-0.000346 -0.000522 364.0
-0.000346 -0.000522 365.0
-0.000346 -0.000522 366.0
-0.000346 -0.000522 367.0
-0.000346 -0.000522 368.0
-0.000346 -0.000522 369.0
-0.000346 -0.000522 370.0
-0.000346 -0.000523 371.0
-0.000346 -0.000523 372.0
-0.000346 -0.000523 373.0
-0.000346 -0.000523 374.0
-0.000346 -0.000523 375.0
-0.000346 -0.000523 376.0
-0.000346 -0.000523 377.0
-0.000346 -0.000523 378.0
-0.000346 -0.000523 379.0
-0.000346 -0.000523 380.0
-0.000346 -0.000523 381.0
-0.000346 -0.000523 382.0
-0.000346 -0.000523 383.0
-0.000346 -0.000523 384.0
-0.000346 -0.000523 385.0
-0.000346 -0.000523 386.0
-0.000346 -0.000523 387.0
-0.000346 -0.000523 388.0
-0.000346 -0.000523 389.0
-0.000346 -0.000523 390.0
-0.000346 -0.000523 391.0
-0.000346 -0.000523 392.0
-0.000346 -0.000523 393.0
-0.000346 -0.000523 394.0
-0.000346 -0.000523 395.0
-0.000346 -0.000523 396.0
-0.000346 -0.000523 397.0
-0.000346 -0.000523 398.0
-0.000346 -0.000523 399.0
-0.000346 -0.000523 400.0
-0.000346 -0.000523 401.0
-0.000346 -0.000523 402.0
-0.000346 -0.000523 403.0
-0.000345 -0.000523 404.0
-0.000345 -0.000523 405.0
-0.000345 -0.000523 406.0
-0.000345 -0.000523 407.0
-0.000345 -0.000523 408.0
-0.000345 -0.000523 409.0
-0.000345 -0.000523 410.0
-0.000345 -0.000523 411.0
-0.000345 -0.000523 412.0
-0.000345 -0.000523 413.0
-0.000345 -0.000523 414.0
-0.000345 -0.000523 415.0
-0.000345 -0.000523 416.0
-0.000345 -0.000523 417.0
-0.000345 -0.000523 418.0
-0.000345 -0.000523 419.0
-0.000345 -0.000523 420.0
-0.000345 -0.000523 421.0
-0.000345 -0.000523 422.0
-0.000345 -0.000523 423.0
-0.000345 -0.000523 424.0
-0.000345 -0.000523 425.0
-0.000345 -0.000523 426.0
-0.000345 -0.000523 427.0
-0.000345 -0.000523 428.0
-0.000345 -0.000523 429.0
-0.000345 -0.000523 430.0
-0.000345 -0.000523 431.0
-0.000345 -0.000523 432.0
-0.000344 -0.000523 433.0
-0.000344 -0.000523 434.0
-0.000344 -0.000523 435.0
-0.000344 -0.000523 436.0
-0.000344 -0.000523 437.0
-0.000344 -0.000523 438.0
-0.000344 -0.000523 439.0
-0.000344 -0.000523 440.0
-0.000344 -0.000523 441.0
-0.000344 -0.000523 442.0
-0.000344 -0.000523 443.0
-0.000345 -0.000524 444.0
-0.000345 -0.000524 445.0
-0.000345 -0.000524 446.0
-0.000345 -0.000524 447.0
-0.000345 -0.000524 448.0
-0.000345 -0.000524 449.0
-0.000346 -0.000524 450.0
-0.000346 -0.000524 451.0
-0.000346 -0.000524 452.0
-0.000346 -0.000524 453.0
-0.000346 -0.000524 454.0
-0.000346 -0.000524 455.0
-0.000347 -0.000524 456.0
-0.000347 -0.000524 457.0
-0.000347 -0.000524 458.0
-0.000347 -0.000525 459.0
-0.000347 -0.000525 460.0
-0.000347 -0.000525 461.0
-0.000348 -0.000525 462.0
-0.000348 -0.000525 463.0
-0.000348 -0.000525 464.0
-0.000348 -0.000525 465.0
-0.000348 -0.000525 466.0
-0.000348 -0.000525 467.0
-0.000349 -0.000525 468.0
-0.000349 -0.000525 469.0
-0.000349 -0.000525 470.0
-0.000349 -0.000525 471.0
-0.000349 -0.000525 472.0
-0.000349 -0.000525 473.0
-0.000350 -0.000526 474.0
-0.000350 -0.000526 475.0
-0.000350 -0.000526 476.0
-0.000350 -0.000526 477.0
-0.000350 -0.000526 478.0
-0.000350 -0.000526 479.0
-0.000351 -0.000526 480.0
-0.000351 -0.000526 481.0
-0.000351 -0.000526 482.0
-0.000351 -0.000526 483.0
-0.000351 -0.000526 484.0
-0.000351 -0.000526 485.0
-0.000352 -0.000526 486.0
-0.000352 -0.000526 487.0
-0.000352 -0.000526 488.0
-0.000352 -0.000527 489.0
-0.000352 -0.000527 490.0
-0.000352 -0.000527 491.0
-0.000353 -0.000527 492.0
-0.000353 -0.000527 493.0
-0.000353 -0.000527 494.0
-0.000353 -0.000527 495.0
-0.000353 -0.000527 496.0
-0.000353 -0.000527 497.0
-0.000354 -0.000527 498.0
-0.000354 -0.000527 499.0
-0.000354 -0.000526 500.0
-0.000353 -0.000526 501.0
-0.000353 -0.000525 502.0
-0.000352 -0.000525 503.0
-0.000352 -0.000524 504.0
-0.000351 -0.000523 505.0
-0.000350 -0.000523 506.0
-0.000350 -0.000522 507.0
-0.000349 -0.000522 508.0
-0.000349 -0.000521 509.0
-0.000348 -0.000521 510.0
-0.000348 -0.000520 511.0
-0.000347 -0.000519 512.0
-0.000346 -0.000519 513.0
-0.000346 -0.000518 514.0
-0.000345 -0.000518 515.0
-0.000345 -0.000517 516.0
-0.000344 -0.000516 517.0
-0.000343 -0.000516 518.0
-0.000343 -0.000515 519.0
-0.000342 -0.000515 520.0
-0.000342 -0.000514 521.0
-0.000341 -0.000513 522.0
-0.000340 -0.000513 523.0
-0.000340 -0.000512 524.0
-0.000339 -0.000512 525.0
-0.000339 -0.000511 526.0
-0.000338 -0.000510 527.0
-0.000338 -0.000510 528.0
-0.000337 -0.000509 529.0
-0.000336 -0.000509 530.0
-0.000336 -0.000508 531.0
-0.000335 -0.000508 532.0
-0.000335 -0.000507 533.0
-0.000334 -0.000506 534.0
-0.000333 -0.000506 535.0
-0.000333 -0.000505 536.0
-0.000332 -0.000505 537.0
-0.000332 -0.000504 538.0
-0.000331 -0.000503 539.0
-0.000331 -0.000503 540.0
-0.000330 -0.000502 541.0
-0.000329 -0.000502 542.0
-0.000329 -0.000501 543.0
-0.000328 -0.000500 544.0
-0.000328 -0.000500 545.0
-0.000327 -0.000499 546.0
-0.000326 -0.000499 547.0
-0.000326 -0.000498 548.0
-0.000325 -0.000497 549.0
-0.000325 -0.000497 550.0
-0.000324 -0.000496 551.0
-0.000323 -0.000496 552.0
-0.000323 -0.000495 553.0
-0.000322 -0.000495 554.0
-0.000322 -0.000494 555.0
-0.000321 -0.000493 556.0
-0.000321 -0.000493 557.0
-0.000320 -0.000492 558.0
-0.000319 -0.000492 559.0
-0.000319 -0.000491 560.0
-0.000318 -0.000490 561.0
-0.000318 -0.000490 562.0
-0.000317 -0.000489 563.0
-0.000316 -0.000489 564.0
-0.000316 -0.000488 565.0
-0.000315 -0.000487 566.0
-0.000315 -0.000487 567.0
-0.000314 -0.000486 568.0
-0.000314 -0.000486 569.0
-0.000313 -0.000485 570.0
-0.000312 -0.000484 571.0
-0.000312 -0.000484 572.0
-0.000311 -0.000483 573.0
-0.000311 -0.000483 574.0
-0.000310 -0.000482 575.0
-0.000309 -0.000482 576.0
-0.000309 -0.000481 577.0
-0.000308 -0.000480 578.0
-0.000308 -0.000480 579.0
-0.000307 -0.000479 580.0
-0.000307 -0.000479 581.0
-0.000306 -0.000478 582.0
-0.000305 -0.000477 583.0
-0.000305 -0.000477 584.0
-0.000304 -0.000476 585.0
-0.000304 -0.000476 586.0
-0.000303 -0.000475 587.0
-0.000302 -0.000474 588.0
-0.000302 -0.000474 589.0
-0.000301 -0.000473 590.0
-0.000301 -0.000473 591.0
-0.000300 -0.000472 592.0
-0.000299 -0.000471 593.0
-0.000299 -0.000471 594.0
-0.000298 -0.000470 595.0
-0.000298 -0.000470 596.0
-0.000297 -0.000469 597.0
-0.000297 -0.000469 598.0
-0.000296 -0.000468 599.0
-0.000295 -0.000467 600.0
-0.000295 -0.000467 601.0
-0.000294 -0.000466 602.0
-0.000294 -0.000466 603.0
-0.000293 -0.000465 604.0
-0.000292 -0.000464 605.0
-0.000292 -0.000464 606.0
-0.000291 -0.000463 607.0
-0.000291 -0.000463 608.0
-0.000290 -0.000462 609.0
-0.000290 -0.000461 610.0
-0.000289 -0.000461 611.0
-0.000288 -0.000460 612.0
-0.000288 -0.000460 613.0
-0.000287 -0.000459 614.0
-0.000287 -0.000458 615.0
-0.000286 -0.000458 616.0
-0.000285 -0.000457 617.0
-0.000285 -0.000457 618.0
-0.000284 -0.000456 619.0
-0.000284 -0.000456 620.0
-0.000283 -0.000455 621.0
-0.000282 -0.000454 622.0
-0.000282 -0.000454 623.0
-0.000281 -0.000453 624.0
-0.000281 -0.000453 625.0
-0.000280 -0.000452 626.0
-0.000280 -0.000451 627.0
-0.000279 -0.000451 628.0
-0.000278 -0.000450 629.0
-0.000278 -0.000450 630.0
-0.000277 -0.000449 631.0
-0.000277 -0.000448 632.0
-0.000276 -0.000448 633.0
-0.000275 -0.000447 634.0
-0.000275 -0.000447 635.0
-0.000274 -0.000446 636.0
-0.000274 -0.000445 637.0
-0.000273 -0.000445 638.0
-0.000273 -0.000444 639.0
-0.000272 -0.000444 640.0
-0.000271 -0.000443 641.0
-0.000271 -0.000442 642.0
-0.000270 -0.000442 643.0
-0.000270 -0.000441 644.0
-0.000269 -0.000441 645.0
-0.000268 -0.000440 646.0
-0.000268 -0.000440 647.0
-0.000267 -0.000439 648.0
-0.000267 -0.000438 649.0
-0.000266 -0.000438 650.0
-0.000266 -0.000437 651.0
-0.000265 -0.000437 652.0
-0.000264 -0.000436 653.0
-0.000264 -0.000435 654.0
-0.000263 -0.000435 655.0
-0.000263 -0.000434 656.0
-0.000262 -0.000434 657.0
-0.000261 -0.000433 658.0
-0.000261 -0.000432 659.0
-0.000260 -0.000432 660.0
-0.000260 -0.000431 661.0
-0.000259 -0.000431 662.0
-0.000258 -0.000430 663.0
-0.000258 -0.000429 664.0
-0.000257 -0.000429 665.0
-0.000257 -0.000428 666.0
-0.000256 -0.000428 667.0
-0.000256 -0.000427 668.0
-0.000255 -0.000427 669.0
-0.000254 -0.000426 670.0
-0.000254 -0.000425 671.0
-0.000253 -0.000425 672.0
-0.000253 -0.000424 673.0
-0.000252 -0.000424 674.0
-0.000251 -0.000423 675.0
-0.000251 -0.000422 676.0
-0.000250 -0.000422 677.0
-0.000250 -0.000421 678.0
-0.000249 -0.000421 679.0
-0.000249 -0.000420 680.0
-0.000248 -0.000419 681.0
-0.000247 -0.000419 682.0
-0.000247 -0.000418 683.0
-0.000246 -0.000418 684.0
-0.000246 -0.000417 685.0
-0.000245 -0.000416 686.0
-0.000244 -0.000416 687.0
-0.000244 -0.000415 688.0
-0.000243 -0.000415 689.0
-0.000243 -0.000414 690.0
-0.000242 -0.000414 691.0
-0.000241 -0.000413 692.0
-0.000241 -0.000412 693.0
-0.000240 -0.000412 694.0
-0.000240 -0.000411 695.0
-0.000239 -0.000411 696.0
-0.000239 -0.000410 697.0
-0.000238 -0.000409 698.0
-0.000237 -0.000409 699.0
-0.000237 -0.000408 700.0
-0.000236 -0.000408 701.0
-0.000236 -0.000407 702.0
-0.000235 -0.000406 703.0
-0.000234 -0.000406 704.0
-0.000234 -0.000405 705.0
-0.000233 -0.000405 706.0
-0.000233 -0.000404 707.0
-0.000232 -0.000403 708.0
-0.000232 -0.000403 709.0
-0.000231 -0.000402 710.0
-0.000230 -0.000402 711.0
-0.000230 -0.000401 712.0
-0.000229 -0.000401 713.0
-0.000229 -0.000400 714.0
-0.000228 -0.000399 715.0
-0.000227 -0.000399 716.0
-0.000227 -0.000398 717.0
-0.000226 -0.000398 718.0
-0.000226 -0.000397 719.0
-0.000225 -0.000396 720.0
-0.000224 -0.000396 721.0
-0.000224 -0.000395 722.0
-0.000223 -0.000395 723.0
-0.000223 -0.000394 724.0
-0.000222 -0.000393 725.0
-0.000222 -0.000393 726.0
-0.000221 -0.000392 727.0
-0.000220 -0.000392 728.0
-0.000220 -0.000391 729.0
-0.000219 -0.000390 730.0
-0.000219 -0.000390 731.0
-0.000218 -0.000389 732.0
-0.000217 -0.000389 733.0
-0.000217 -0.000388 734.0
-0.000216 -0.000388 735.0
-0.000216 -0.000387 736.0
-0.000215 -0.000386 737.0
-0.000215 -0.000386 738.0
-0.000214 -0.000385 739.0
-0.000213 -0.000385 740.0
-0.000213 -0.000384 741.0
-0.000212 -0.000383 742.0
-0.000212 -0.000383 743.0
-0.000211 -0.000382 744.0
-0.000210 -0.000382 745.0
-0.000210 -0.000381 746.0
-0.000209 -0.000380 747.0
-0.000209 -0.000380 748.0
-0.000208 -0.000379 749.0
-0.000208 -0.000379 750.0
-0.000207 -0.000378 751.0
-0.000206 -0.000377 752.0
-0.000206 -0.000377 753.0
-0.000205 -0.000376 754.0
-0.000205 -0.000376 755.0
-0.000204 -0.000375 756.0
-0.000203 -0.000375 757.0
-0.000203 -0.000374 758.0
-0.000202 -0.000373 759.0
-0.000202 -0.000373 760.0
-0.000201 -0.000372 761.0
-0.000200 -0.000372 762.0
-0.000200 -0.000371 763.0
-0.000199 -0.000370 764.0
-0.000199 -0.000370 765.0
-0.000198 -0.000369 766.0
-0.000198 -0.000369 767.0
-0.000197 -0.000368 768.0
-0.000196 -0.000367 769.0
-0.000196 -0.000367 770.0
-0.000195 -0.000366 771.0
-0.000195 -0.000366 772.0
-0.000194 -0.000365 773.0
-0.000193 -0.000364 774.0
-0.000193 -0.000364 775.0
-0.000192 -0.000363 776.0
-0.000192 -0.000363 777.0
-0.000191 -0.000362 778.0
-0.000178 -0.000385 779.0
-0.000175 -0.000385 780.0
-0.000173 -0.000385 781.0
-0.000171 -0.000385 782.0
-0.000168 -0.000386 783.0
-0.000166 -0.000386 784.0
-0.000164 -0.000386 785.0
-0.000161 -0.000386 786.0
-0.000159 -0.000386 787.0
-0.000157 -0.000386 788.0
-0.000154 -0.000386 789.0
-0.000152 -0.000386 790.0
-0.000149 -0.000387 791.0
-0.000147 -0.000387 792.0
-0.000145 -0.000387 793.0
-0.000142 -0.000387 794.0
-0.000140 -0.000387 795.0
-0.000138 -0.000387 796.0
-0.000135 -0.000387 797.0
-0.000133 -0.000387 798.0
-0.000130 -0.000388 799.0
-0.000128 -0.000388 800.0
-0.000126 -0.000388 801.0
-0.000123 -0.000388 802.0
-0.000121 -0.000388 803.0
-0.000119 -0.000388 804.0
-0.000116 -0.000388 805.0
-0.000114 -0.000388 806.0
-0.000112 -0.000389 807.0
-0.000109 -0.000389 808.0
-0.000107 -0.000389 809.0
-0.000104 -0.000389 810.0
-0.000102 -0.000389 811.0
-0.000100 -0.000389 812.0
-0.000097 -0.000389 813.0
-0.000095 -0.000389 814.0
-0.000093 -0.000390 815.0
-0.000090 -0.000390 816.0
-0.000088 -0.000390 817.0
-0.000086 -0.000390 818.0
-0.000083 -0.000390 819.0
-0.000081 -0.000390 820.0
-0.000078 -0.000390 821.0
-0.000076 -0.000390 822.0
-0.000074 -0.000391 823.0
-0.000071 -0.000391 824.0
-0.000071 -0.000390 825.0
-0.000069 -0.000390 826.0
-0.000066 -0.000391 827.0
-0.000063 -0.000392 828.0
-0.000061 -0.000393 829.0
-0.000058 -0.000393 830.0
-0.000055 -0.000394 831.0
-0.000052 -0.000395 832.0
-0.000050 -0.000396 833.0
-0.000047 -0.000396 834.0
-0.000044 -0.000397 835.0
-0.000042 -0.000398 836.0
-0.000039 -0.000399 837.0
-0.000036 -0.000399 838.0
-0.000034 -0.000400 839.0
-0.000031 -0.000401 840.0
-0.000028 -0.000402 841.0
-0.000025 -0.000403 842.0
-0.000023 -0.000403 843.0
-0.000020 -0.000404 844.0
-0.000017 -0.000405 845.0
-0.000015 -0.000406 846.0
-0.000012 -0.000406 847.0
-0.000009 -0.000407 848.0
-0.000007 -0.000408 849.0
-0.000004 -0.000409 850.0
-0.000001 -0.000409 851.0
0.000002 -0.000410 852.0
0.000004 -0.000411 853.0
0.000007 -0.000412 854.0
0.000008 -0.000407 855.0
0.000010 -0.000408 856.0
0.000012 -0.000408 857.0
0.000014 -0.000409 858.0
0.000016 -0.000410 859.0
0.000018 -0.000410 860.0
0.000021 -0.000411 861.0
0.000023 -0.000411 862.0
0.000025 -0.000412 863.0
0.000027 -0.000413 864.0
0.000029 -0.000413 865.0
0.000031 -0.000414 866.0
0.000034 -0.000414 867.0
0.000036 -0.000415 868.0
0.000038 -0.000416 869.0
0.000040 -0.000416 870.0
0.000042 -0.000417 871.0
0.000044 -0.000417 872.0
0.000047 -0.000418 873.0
0.000049 -0.000419 874.0
0.000051 -0.000419 875.0
0.000053 -0.000420 876.0
0.000055 -0.000420 877.0
0.000057 -0.000421 878.0
0.000060 -0.000421 879.0
0.000062 -0.000422 880.0
0.000064 -0.000423 881.0
0.000066 -0.000423 882.0
0.000068 -0.000424 883.0
0.000070 -0.000424 884.0
0.000073 -0.000425 885.0
0.000075 -0.000426 886.0
0.000077 -0.000426 887.0
0.000079 -0.000427 888.0
0.000081 -0.000427 889.0
0.000083 -0.000428 890.0
0.000086 -0.000429 891.0
0.000088 -0.000429 892.0
0.000090 -0.000430 893.0
0.000092 -0.000430 894.0
0.000094 -0.000431 895.0
0.000096 -0.000432 896.0
0.000099 -0.000432 897.0
0.000101 -0.000433 898.0
0.000103 -0.000433 899.0
0.000105 -0.000434 900.0
0.000107 -0.000434 901.0
0.000109 -0.000435 902.0
0.000110 -0.000430 903.0
0.000111 -0.000430 904.0
0.000112 -0.000430 905.0
0.000113 -0.000430 906.0
0.000114 -0.000431 907.0
0.000115 -0.000431 908.0
0.000116 -0.000431 909.0
0.000117 -0.000431 910.0
0.000118 -0.000432 911.0
0.000119 -0.000432 912.0
0.000120 -0.000432 913.0
0.000121 -0.000432 914.0
0.000122 -0.000433 915.0
0.000123 -0.000433 916.0
0.000124 -0.000433 917.0
0.000125 -0.000433 918.0
0.000126 -0.000434 919.0
0.000127 -0.000434 920.0
0.000128 -0.000434 921.0
0.000129 -0.000434 922.0
0.000130 -0.000435 923.0
0.000131 -0.000435 924.0
0.000132 -0.000435 925.0
0.000133 -0.000436 926.0
0.000134 -0.000436 927.0
0.000134 -0.000436 928.0
0.000135 -0.000436 929.0
0.000136 -0.000437 930.0
0.000137 -0.000437 931.0
0.000138 -0.000437 932.0
0.000139 -0.000437 933.0
0.000140 -0.000438 934.0
0.000141 -0.000438 935.0
0.000142 -0.000438 936.0
0.000143 -0.000438 937.0
0.000144 -0.000439 938.0
0.000145 -0.000439 939.0
0.000146 -0.000439 940.0
0.000147 -0.000439 941.0
0.000148 -0.000440 942.0
0.000149 -0.000440 943.0
0.000150 -0.000440 944.0
0.000151 -0.000440 945.0
0.000152 -0.000441 946.0
0.000153 -0.000441 947.0
0.000154 -0.000441 948.0
0.000155 -0.000441 949.0
0.000156 -0.000442 950.0
0.000157 -0.000442 951.0
0.000158 -0.000442 952.0
0.000159 -0.000443 953.0
0.000160 -0.000443 954.0
0.000161 -0.000443 955.0
0.000162 -0.000443 956.0
0.000163 -0.000444 957.0
0.000164 -0.000444 958.0
0.000164 -0.000444 959.0
0.000165 -0.000444 960.0
0.000166 -0.000445 961.0
0.000167 -0.000445 962.0
0.000168 -0.000442 963.0
0.000168 -0.000442 964.0
0.000168 -0.000442 965.0
0.000168 -0.000442 966.0
0.000168 -0.000442 967.0
0.000168 -0.000442 968.0
0.000168 -0.000442 969.0
0.000168 -0.000442 970.0
0.000168 -0.000442 971.0
0.000168 -0.000442 972.0
0.000168 -0.000442 973.0
0.000168 -0.000442 974.0
0.000168 -0.000442 975.0
0.000168 -0.000442 976.0
0.000168 -0.000442 977.0
0.000168 -0.000442 978.0
0.000168 -0.000442 979.0
0.000168 -0.000442 980.0
0.000168 -0.000442 981.0
0.000168 -0.000442 982.0
0.000168 -0.000442 983.0
0.000168 -0.000442 984.0
0.000168 -0.000442 985.0
0.000168 -0.000442 986.0
0.000168 -0.000442 987.0
0.000168 -0.000442 988.0
0.000168 -0.000442 989.0
0.000168 -0.000442 990.0
0.000168 -0.000442 991.0
0.000168 -0.000441 992.0
0.000168 -0.000441 993.0
0.000168 -0.000441 994.0
0.000168 -0.000441 995.0
0.000168 -0.000441 996.0
0.000168 -0.000441 997.0
0.000168 -0.000441 998.0
0.000168 -0.000441 999.0
0.000168 -0.000441 1000.0
0.000167 -0.000441 1001.0
0.000167 -0.000441 1002.0
0.000167 -0.000441 1003.0
0.000167 -0.000441 1004.0
0.000167 -0.000441 1005.0
0.000167 -0.000441 1006.0
0.000167 -0.000441 1007.0
0.000167 -0.000441 1008.0
0.000167 -0.000441 1009.0
0.000167 -0.000441 1010.0
0.000167 -0.000441 1011.0
0.000167 -0.000441 1012.0
0.000167 -0.000441 1013.0
0.000167 -0.000441 1014.0
0.000167 -0.000441 1015.0
0.000167 -0.000441 1016.0
0.000167 -0.000441 1017.0
0.000167 -0.000441 1018.0
0.000167 -0.000441 1019.0
0.000167 -0.000441 1020.0
0.000167 -0.000441 1021.0
0.000167 -0.000441 1022.0
0.000167 -0.000441 1023.0
0.000167 -0.000441 1024.0
0.000167 -0.000441 1025.0
0.000167 -0.000441 1026.0
0.000167 -0.000441 1027.0
0.000167 -0.000441 1028.0
0.000167 -0.000441 1029.0
0.000167 -0.000441 1030.0
0.000167 -0.000441 1031.0
0.000167 -0.000441 1032.0
0.000167 -0.000441 1033.0
0.000167 -0.000441 1034.0
0.000167 -0.000441 1035.0
0.000167 -0.000441 1036.0
0.000167 -0.000441 1037.0
0.000167 -0.000441 1038.0
0.000167 -0.000441 1039.0
0.000167 -0.000441 1040.0
0.000167 -0.000441 1041.0
0.000167 -0.000441 1042.0
0.000167 -0.000441 1043.0
0.000167 -0.000441 1044.0
0.000167 -0.000441 1045.0
0.000167 -0.000440 1046.0
0.000167 -0.000440 1047.0
0.000167 -0.000440 1048.0
0.000167 -0.000440 1049.0
0.000167 -0.000440 1050.0
0.000167 -0.000440 1051.0
0.000167 -0.000440 1052.0
0.000167 -0.000440 1053.0
0.000167 -0.000440 1054.0
0.000167 -0.000440 1055.0
0.000167 -0.000440 1056.0
0.000167 -0.000440 1057.0
0.000167 -0.000440 1058.0
0.000167 -0.000440 1059.0
0.000167 -0.000440 1060.0
0.000167 -0.000440 1061.0
0.000167 -0.000440 1062.0
0.000167 -0.000440 1063.0
0.000167 -0.000440 1064.0
0.000167 -0.000440 1065.0
0.000167 -0.000440 1066.0
0.000167 -0.000440 1067.0
0.000167 -0.000440 1068.0
0.000167 -0.000440 1069.0
0.000167 -0.000440 1070.0
0.000167 -0.000440 1071.0
0.000167 -0.000440 1072.0
0.000167 -0.000440 1073.0
0.000167 -0.000440 1074.0
0.000167 -0.000440 1075.0
0.000167 -0.000439 1076.0
0.000167 -0.000439 1077.0
0.000167 -0.000439 1078.0
0.000167 -0.000439 1079.0
0.000167 -0.000439 1080.0
0.000167 -0.000439 1081.0
0.000167 -0.000439 1082.0
0.000167 -0.000439 1083.0
0.000167 -0.000439 1084.0
0.000167 -0.000440 1085.0
0.000167 -0.000440 1086.0
0.000167 -0.000440 1087.0
0.000168 -0.000440 1088.0
0.000168 -0.000440 1089.0
0.000168 -0.000440 1090.0
0.000168 -0.000440 1091.0
0.000168 -0.000441 1092.0
0.000169 -0.000441 1093.0
0.000169 -0.000441 1094.0
0.000169 -0.000441 1095.0
0.000169 -0.000441 1096.0
0.000169 -0.000441 1097.0
0.000170 -0.000441 1098.0
0.000170 -0.000441 1099.0
0.000170 -0.000442 1100.0
0.000170 -0.000442 1101.0
0.000170 -0.000442 1102.0
0.000171 -0.000442 1103.0
0.000171 -0.000442 1104.0
0.000171 -0.000442 1105.0
0.000171 -0.000442 1106.0
0.000171 -0.000443 1107.0
0.000172 -0.000443 1108.0
0.000172 -0.000443 1109.0
0.000172 -0.000443 1110.0
0.000172 -0.000443 1111.0
0.000172 -0.000443 1112.0
0.000173 -0.000443 1113.0
0.000173 -0.000443 1114.0
0.000173 -0.000444 1115.0
0.000173 -0.000444 1116.0
0.000173 -0.000444 1117.0
0.000174 -0.000444 1118.0
0.000174 -0.000444 1119.0
0.000174 -0.000444 1120.0
0.000174 -0.000444 1121.0
0.000174 -0.000445 1122.0
0.000175 -0.000445 1123.0
0.000175 -0.000445 1124.0
0.000175 -0.000445 1125.0
0.000175 -0.000445 1126.0
0.000175 -0.000445 1127.0
0.000176 -0.000445 1128.0
0.000176 -0.000445 1129.0
0.000176 -0.000446 1130.0
0.000176 -0.000446 1131.0
0.000176 -0.000446 1132.0
0.000177 -0.000446 1133.0
0.000177 -0.000446 1134.0
0.000177 -0.000446 1135.0
0.000177 -0.000446 1136.0
0.000177 -0.000446 1137.0
0.000178 -0.000447 1138.0
0.000178 -0.000447 1139.0
0.000178 -0.000447 1140.0
0.000178 -0.000447 1141.0
0.000178 -0.000447 1142.0
0.000179 -0.000447 1143.0
0.000179 -0.000447 1144.0
0.000179 -0.000448 1145.0
0.000179 -0.000448 1146.0
0.000180 -0.000446 1147.0
0.000179 -0.000447 1148.0
0.000178 -0.000447 1149.0
0.000177 -0.000448 1150.0
0.000176 -0.000449 1151.0
0.000175 -0.000449 1152.0
0.000174 -0.000450 1153.0
0.000173 -0.000450 1154.0
0.000172 -0.000451 1155.0
0.000171 -0.000451 1156.0
0.000170 -0.000452 1157.0
0.000169 -0.000453 1158.0
0.000168 -0.000453 1159.0
0.000167 -0.000454 1160.0
0.000166 -0.000454 1161.0
0.000166 -0.000455 1162.0
0.000165 -0.000455 1163.0
0.000164 -0.000456 1164.0
0.000163 -0.000457 1165.0
0.000162 -0.000457 1166.0
0.000161 -0.000458 1167.0
0.000160 -0.000458 1168.0
0.000159 -0.000459 1169.0
0.000158 -0.000459 1170.0
0.000157 -0.000460 1171.0
0.000156 -0.000461 1172.0
0.000155 -0.000461 1173.0
0.000154 -0.000462 1174.0
0.000153 -0.000462 1175.0
0.000152 -0.000463 1176.0
0.000151 -0.000464 1177.0
0.000150 -0.000464 1178.0
0.000149 -0.000465 1179.0
0.000149 -0.000465 1180.0
0.000148 -0.000466 1181.0
0.000147 -0.000466 1182.0
0.000146 -0.000467 1183.0
0.000145 -0.000468 1184.0
0.000144 -0.000468 1185.0
0.000143 -0.000469 1186.0
0.000142 -0.000469 1187.0
0.000141 -0.000470 1188.0
0.000140 -0.000470 1189.0
0.000139 -0.000471 1190.0
0.000138 -0.000472 1191.0
0.000137 -0.000472 1192.0
0.000136 -0.000473 1193.0
0.000135 -0.000473 1194.0
0.000134 -0.000474 1195.0
0.000133 -0.000474 1196.0
0.000133 -0.000475 1197.0
0.000132 -0.000476 1198.0
0.000131 -0.000476 1199.0
0.000130 -0.000477 1200.0
0.000129 -0.000477 1201.0
0.000128 -0.000478 1202.0
0.000127 -0.000478 1203.0
0.000126 -0.000479 1204.0
0.000125 -0.000480 1205.0
0.000123 -0.000474 1206.0
0.000123 -0.000474 1207.0
0.000123 -0.000475 1208.0
0.000122 -0.000475 1209.0
0.000122 -0.000476 1210.0
0.000122 -0.000476 1211.0
0.000122 -0.000476 1212.0
0.000122 -0.000477 1213.0
0.000122 -0.000477 1214.0
0.000122 -0.000478 1215.0
0.000121 -0.000478 1216.0
0.000121 -0.000479 1217.0
0.000121 -0.000479 1218.0
0.000121 -0.000480 1219.0
0.000121 -0.000480 1220.0
0.000121 -0.000480 1221.0
0.000120 -0.000481 1222.0
0.000120 -0.000481 1223.0
0.000120 -0.000482 1224.0
0.000120 -0.000482 1225.0
0.000120 -0.000483 1226.0
0.000120 -0.000483 1227.0
0.000120 -0.000484 1228.0
0.000119 -0.000484 1229.0
0.000119 -0.000484 1230.0
0.000119 -0.000485 1231.0
0.000119 -0.000485 1232.0
0.000119 -0.000486 1233.0
0.000119 -0.000486 1234.0
0.000118 -0.000487 1235.0
0.000118 -0.000487 1236.0
0.000118 -0.000488 1237.0
0.000118 -0.000488 1238.0
0.000118 -0.000488 1239.0
0.000118 -0.000489 1240.0
0.000118 -0.000489 1241.0
0.000117 -0.000490 1242.0
0.000117 -0.000490 1243.0
0.000117 -0.000491 1244.0
0.000117 -0.000491 1245.0
0.000117 -0.000492 1246.0
0.000117 -0.000492 1247.0
0.000116 -0.000492 1248.0
0.000116 -0.000493 1249.0
0.000116 -0.000493 1250.0
0.000116 -0.000494 1251.0
0.000116 -0.000494 1252.0
0.000116 -0.000495 1253.0
0.000116 -0.000495 1254.0
0.000115 -0.000496 1255.0
0.000115 -0.000496 1256.0
0.000115 -0.000496 1257.0
0.000115 -0.000497 1258.0
0.000115 -0.000497 1259.0
0.000115 -0.000498 1260.0
0.000114 -0.000498 1261.0
0.000114 -0.000499 1262.0
0.000113 -0.000498 1263.0
0.000113 -0.000498 1264.0
0.000113 -0.000498 1265.0
0.000113 -0.000498 1266.0
0.000113 -0.000498 1267.0
0.000113 -0.000498 1268.0
0.000113 -0.000498 1269.0
0.000113 -0.000498 1270.0
0.000113 -0.000498 1271.0
0.000113 -0.000498 1272.0
0.000113 -0.000498 1273.0
0.000113 -0.000498 1274.0
0.000113 -0.000498 1275.0
0.000113 -0.000498 1276.0
0.000113 -0.000498 1277.0
0.000113 -0.000498 1278.0
0.000113 -0.000498 1279.0
0.000113 -0.000498 1280.0
0.000113 -0.000498 1281.0
0.000113 -0.000498 1282.0
0.000113 -0.000498 1283.0
0.000113 -0.000498 1284.0
0.000112 -0.000498 1285.0
0.000112 -0.000498 1286.0
0.000112 -0.000498 1287.0
0.000112 -0.000498 1288.0
0.000112 -0.000498 1289.0
0.000112 -0.000498 1290.0
0.000112 -0.000498 1291.0
0.000112 -0.000498 1292.0
0.000112 -0.000498 1293.0
0.000112 -0.000498 1294.0
0.000112 -0.000498 1295.0
0.000112 -0.000498 1296.0
0.000112 -0.000498 1297.0
0.000112 -0.000498 1298.0
0.000112 -0.000498 1299.0
0.000112 -0.000498 1300.0
0.000112 -0.000498 1301.0
0.000112 -0.000498 1302.0
0.000112 -0.000498 1303.0
0.000112 -0.000498 1304.0
0.000112 -0.000498 1305.0
0.000112 -0.000498 1306.0
0.000112 -0.000498 1307.0
0.000112 -0.000498 1308.0
0.000112 -0.000498 1309.0
0.000112 -0.000498 1310.0
0.000112 -0.000498 1311.0
0.000112 -0.000498 1312.0
0.000112 -0.000498 1313.0
0.000112 -0.000498 1314.0
0.000112 -0.000498 1315.0
0.000112 -0.000498 1316.0
0.000112 -0.000498 1317.0
0.000112 -0.000498 1318.0
0.000112 -0.000498 1319.0
0.000112 -0.000498 1320.0
0.000112 -0.000498 1321.0
0.000112 -0.000498 1322.0
0.000112 -0.000498 1323.0
0.000112 -0.000498 1324.0
0.000112 -0.000498 1325.0
0.000112 -0.000498 1326.0
0.000112 -0.000497 1327.0
0.000112 -0.000497 1328.0
0.000112 -0.000497 1329.0
0.000112 -0.000497 1330.0
0.000112 -0.000497 1331.0
0.000112 -0.000497 1332.0
0.000112 -0.000497 1333.0
0.000112 -0.000497 1334.0
0.000112 -0.000497 1335.0
0.000112 -0.000497 1336.0
0.000112 -0.000497 1337.0
0.000112 -0.000496 1338.0
0.000112 -0.000496 1339.0
0.000112 -0.000496 1340.0
0.000112 -0.000496 1341.0
0.000112 -0.000496 1342.0
0.000112 -0.000496 1343.0
0.000112 -0.000496 1344.0
0.000112 -0.000496 1345.0
0.000112 -0.000496 1346.0
0.000112 -0.000496 1347.0
0.000112 -0.000496 1348.0
0.000112 -0.000495 1349.0
0.000112 -0.000495 1350.0
0.000112 -0.000495 1351.0
0.000112 -0.000495 1352.0
0.000112 -0.000495 1353.0
0.000112 -0.000495 1354.0
0.000112 -0.000495 1355.0
0.000112 -0.000495 1356.0
0.000112 -0.000495 1357.0
0.000112 -0.000495 1358.0
0.000112 -0.000495 1359.0
0.000112 -0.000494 1360.0
0.000112 -0.000494 1361.0
0.000112 -0.000494 1362.0
0.000112 -0.000494 1363.0
0.000112 -0.000494 1364.0
0.000112 -0.000494 1365.0
0.000112 -0.000494 1366.0
0.000112 -0.000494 1367.0
0.000112 -0.000494 1368.0
0.000112 -0.000494 1369.0
0.000112 -0.000494 1370.0
0.000112 -0.000493 1371.0
0.000112 -0.000493 1372.0
0.000112 -0.000493 1373.0
0.000111 -0.000493 1374.0
0.000111 -0.000493 1375.0
0.000111 -0.000493 1376.0
0.000111 -0.000493 1377.0
0.000111 -0.000493 1378.0
0.000111 -0.000493 1379.0
0.000111 -0.000493 1380.0
0.000111 -0.000493 1381.0
0.000111 -0.000492 1382.0
0.000111 -0.000492 1383.0
0.000111 -0.000492 1384.0
0.000111 -0.000492 1385.0
0.000111 -0.000492 1386.0
0.000111 -0.000492 1387.0
0.000111 -0.000492 1388.0
0.000111 -0.000492 1389.0
0.000111 -0.000492 1390.0
0.000111 -0.000491 1391.0
0.000111 -0.000491 1392.0
0.000111 -0.000490 1393.0
0.000111 -0.000490 1394.0
0.000111 -0.000489 1395.0
0.000111 -0.000489 1396.0
0.000111 -0.000488 1397.0
0.000111 -0.000488 1398.0
0.000111 -0.000488 1399.0
0.000112 -0.000487 1400.0
0.000112 -0.000487 1401.0
0.000112 -0.000486 1402.0
0.000112 -0.000486 1403.0
0.000112 -0.000485 1404.0
0.000112 -0.000485 1405.0
0.000112 -0.000484 1406.0
0.000112 -0.000484 1407.0
0.000112 -0.000483 1408.0
0.000112 -0.000483 1409.0
0.000112 -0.000482 1410.0
0.000112 -0.000482 1411.0
0.000112 -0.000481 1412.0
0.000112 -0.000481 1413.0
0.000112 -0.000480 1414.0
0.000113 -0.000480 1415.0
0.000113 -0.000479 1416.0
0.000113 -0.000479 1417.0
0.000113 -0.000478 1418.0
0.000113 -0.000478 1419.0
0.000113 -0.000477 1420.0
0.000113 -0.000477 1421.0
0.000113 -0.000476 1422.0
0.000113 -0.000476 1423.0
0.000113 -0.000475 1424.0
0.000113 -0.000475 1425.0
0.000113 -0.000474 1426.0
0.000113 -0.000474 1427.0
0.000113 -0.000473 1428.0
0.000113 -0.000473 1429.0
0.000114 -0.000472 1430.0
0.000114 -0.000472 1431.0
0.000114 -0.000471 1432.0
0.000114 -0.000471 1433.0
0.000114 -0.000470 1434.0
0.000114 -0.000470 1435.0
0.000114 -0.000469 1436.0
0.000114 -0.000469 1437.0
0.000114 -0.000468 1438.0
0.000114 -0.000468 1439.0
0.000114 -0.000467 1440.0
0.000114 -0.000467 1441.0
0.000114 -0.000466 1442.0
0.000114 -0.000466 1443.0
0.000114 -0.000465 1444.0
0.000115 -0.000465 1445.0
0.000115 -0.000464 1446.0
0.000115 -0.000464 1447.0
0.000116 -0.000464 1448.0
0.000116 -0.000464 1449.0
0.000116 -0.000464 1450.0
0.000115 -0.000463 1451.0
0.000115 -0.000463 1452.0
0.000115 -0.000463 1453.0
0.000115 -0.000463 1454.0
0.000115 -0.000462 1455.0
0.000115 -0.000462 1456.0
0.000115 -0.000462 1457.0
0.000115 -0.000461 1458.0
0.000115 -0.000461 1459.0
0.000115 -0.000461 1460.0
0.000115 -0.000461 1461.0
0.000115 -0.000460 1462.0
0.000115 -0.000460 1463.0
0.000115 -0.000460 1464.0
0.000115 -0.000459 1465.0
0.000115 -0.000459 1466.0
0.000115 -0.000459 1467.0
0.000115 -0.000459 1468.0
0.000115 -0.000458 1469.0
0.000114 -0.000458 1470.0
0.000114 -0.000458 1471.0
0.000114 -0.000458 1472.0
0.000114 -0.000457 1473.0
0.000114 -0.000457 1474.0
0.000114 -0.000457 1475.0
0.000114 -0.000456 1476.0
0.000114 -0.000456 1477.0
0.000114 -0.000456 1478.0
0.000114 -0.000456 1479.0
0.000114 -0.000455 1480.0
0.000114 -0.000455 1481.0
0.000113 -0.000455 1482.0
0.000113 -0.000455 1483.0
0.000113 -0.000455 1484.0
0.000113 -0.000454 1485.0
0.000113 -0.000454 1486.0
0.000113 -0.000454 1487.0
0.000113 -0.000453 1488.0
0.000113 -0.000453 1489.0
0.000113 -0.000453 1490.0
0.000113 -0.000453 1491.0
0.000112 -0.000452 1492.0
0.000112 -0.000452 1493.0
0.000112 -0.000452 1494.0
0.000112 -0.000451 1495.0
0.000112 -0.000451 1496.0
0.000112 -0.000451 1497.0
0.000112 -0.000451 1498.0
0.000112 -0.000450 1499.0
0.000112 -0.000450 1500.0
0.000112 -0.000450 1501.0
0.000112 -0.000449 1502.0
0.000111 -0.000449 1503.0
0.000111 -0.000449 1504.0
0.000111 -0.000449 1505.0
0.000111 -0.000448 1506.0
0.000111 -0.000448 1507.0
0.000111 -0.000448 1508.0
0.000111 -0.000447 1509.0
0.000111 -0.000447 1510.0
0.000111 -0.000447 1511.0
0.000111 -0.000447 1512.0
0.000110 -0.000446 1513.0
0.000110 -0.000446 1514.0
0.000110 -0.000446 1515.0
0.000110 -0.000445 1516.0
0.000110 -0.000445 1517.0
0.000110 -0.000445 1518.0
0.000110 -0.000445 1519.0
0.000110 -0.000444 1520.0
0.000110 -0.000444 1521.0
0.000110 -0.000444 1522.0
0.000109 -0.000443 1523.0
0.000109 -0.000443 1524.0
0.000109 -0.000443 1525.0
0.000109 -0.000443 1526.0
0.000109 -0.000442 1527.0
0.000109 -0.000442 1528.0
0.000109 -0.000442 1529.0
0.000109 -0.000441 1530.0
0.000109 -0.000441 1531.0
0.000109 -0.000441 1532.0
0.000109 -0.000441 1533.0
0.000108 -0.000440 1534.0
0.000108 -0.000440 1535.0
0.000108 -0.000440 1536.0
0.000108 -0.000439 1537.0
0.000108 -0.000439 1538.0
0.000108 -0.000439 1539.0
0.000108 -0.000439 1540.0
0.000108 -0.000438 1541.0
0.000107 -0.000439 1542.0
0.000107 -0.000439 1543.0
0.000107 -0.000439 1544.0
0.000107 -0.000439 1545.0
0.000107 -0.000439 1546.0
0.000107 -0.000439 1547.0
0.000107 -0.000439 1548.0
0.000107 -0.000439 1549.0
0.000107 -0.000439 1550.0
0.000107 -0.000439 1551.0
0.000107 -0.000439 1552.0
0.000107 -0.000439 1553.0
0.000107 -0.000439 1554.0
0.000107 -0.000439 1555.0
0.000107 -0.000439 1556.0
0.000107 -0.000439 1557.0
0.000107 -0.000439 1558.0
0.000107 -0.000439 1559.0
0.000107 -0.000439 1560.0
0.000107 -0.000439 1561.0
0.000107 -0.000439 1562.0
0.000107 -0.000439 1563.0
0.000107 -0.000439 1564.0
0.000107 -0.000439 1565.0
0.000107 -0.000439 1566.0
0.000107 -0.000439 1567.0
0.000107 -0.000439 1568.0
0.000107 -0.000439 1569.0
0.000107 -0.000439 1570.0
0.000107 -0.000439 1571.0
0.000107 -0.000439 1572.0
0.000107 -0.000439 1573.0
0.000107 -0.000439 1574.0
0.000107 -0.000439 1575.0
0.000107 -0.000439 1576.0
0.000107 -0.000439 1577.0
0.000107 -0.000439 1578.0
0.000107 -0.000439 1579.0
0.000107 -0.000439 1580.0
0.000107 -0.000439 1581.0
0.000107 -0.000439 1582.0
0.000107 -0.000439 1583.0
0.000107 -0.000439 1584.0
0.000107 -0.000439 1585.0
0.000107 -0.000439 1586.0
0.000107 -0.000439 1587.0
0.000107 -0.000439 1588.0
0.000107 -0.000439 1589.0
0.000107 -0.000439 1590.0
0.000107 -0.000439 1591.0
0.000107 -0.000439 1592.0
0.000107 -0.000439 1593.0
0.000107 -0.000439 1594.0
0.000107 -0.000439 1595.0
0.000107 -0.000439 1596.0
0.000107 -0.000439 1597.0
0.000107 -0.000439 1598.0
0.000107 -0.000439 1599.0
0.000107 -0.000439 1600.0
0.000107 -0.000439 1601.0
0.000107 -0.000439 1602.0
0.000107 -0.000439 1603.0
0.000107 -0.000439 1604.0
0.000107 -0.000439 1605.0
0.000107 -0.000439 1606.0
0.000107 -0.000439 1607.0
0.000107 -0.000439 1608.0
0.000107 -0.000439 1609.0
0.000107 -0.000439 1610.0
0.000107 -0.000439 1611.0
0.000107 -0.000439 1612.0
0.000107 -0.000439 1613.0
0.000107 -0.000439 1614.0
0.000107 -0.000439 1615.0
0.000107 -0.000439 1616.0
0.000107 -0.000439 1617.0
0.000107 -0.000439 1618.0
0.000107 -0.000439 1619.0
0.000107 -0.000439 1620.0
0.000107 -0.000439 1621.0
0.000107 -0.000439 1622.0
0.000107 -0.000439 1623.0
0.000107 -0.000439 1624.0
0.000107 -0.000439 1625.0
0.000107 -0.000439 1626.0
0.000107 -0.000439 1627.0
0.000107 -0.000439 1628.0
0.000107 -0.000439 1629.0
0.000107 -0.000439 1630.0
0.000107 -0.000439 1631.0
0.000107 -0.000439 1632.0
0.000107 -0.000439 1633.0
0.000107 -0.000439 1634.0
0.000107 -0.000439 1635.0
0.000107 -0.000439 1636.0
0.000107 -0.000439 1637.0
0.000107 -0.000439 1638.0
0.000107 -0.000439 1639.0
0.000107 -0.000439 1640.0
0.000107 -0.000439 1641.0
0.000107 -0.000439 1642.0
0.000107 -0.000439 1643.0
0.000107 -0.000439 1644.0
0.000107 -0.000439 1645.0
0.000107 -0.000439 1646.0
0.000107 -0.000439 1647.0
0.000107 -0.000439 1648.0
0.000107 -0.000439 1649.0
0.000107 -0.000439 1650.0
0.000107 -0.000439 1651.0
0.000107 -0.000439 1652.0
0.000107 -0.000439 1653.0
0.000107 -0.000439 1654.0
0.000107 -0.000439 1655.0
0.000107 -0.000439 1656.0
0.000107 -0.000439 1657.0
0.000107 -0.000439 1658.0
0.000107 -0.000439 1659.0
0.000107 -0.000439 1660.0
0.000107 -0.000439 1661.0
0.000107 -0.000439 1662.0
0.000107 -0.000439 1663.0
0.000107 -0.000440 1664.0
0.000107 -0.000440 1665.0
0.000107 -0.000440 1666.0
0.000107 -0.000440 1667.0
0.000107 -0.000440 1668.0
0.000107 -0.000440 1669.0
0.000107 -0.000440 1670.0
0.000107 -0.000440 1671.0
0.000107 -0.000440 1672.0
0.000107 -0.000440 1673.0
0.000107 -0.000440 1674.0
0.000108 -0.000440 1675.0
0.000108 -0.000441 1676.0
0.000108 -0.000441 1677.0
0.000108 -0.000441 1678.0
0.000108 -0.000441 1679.0
0.000108 -0.000441 1680.0
0.000108 -0.000441 1681.0
0.000108 -0.000441 1682.0
0.000108 -0.000441 1683.0
0.000108 -0.000441 1684.0
0.000108 -0.000441 1685.0
0.000108 -0.000441 1686.0
0.000108 -0.000441 1687.0
0.000108 -0.000441 1688.0
0.000108 -0.000442 1689.0
0.000108 -0.000442 1690.0
0.000109 -0.000442 1691.0
0.000109 -0.000442 1692.0
0.000109 -0.000442 1693.0
0.000109 -0.000442 1694.0
0.000109 -0.000442 1695.0
0.000109 -0.000442 1696.0
0.000109 -0.000442 1697.0
0.000109 -0.000442 1698.0
0.000109 -0.000442 1699.0
0.000109 -0.000442 1700.0
0.000109 -0.000443 1701.0
0.000109 -0.000443 1702.0
0.000109 -0.000443 1703.0
0.000109 -0.000443 1704.0
0.000109 -0.000443 1705.0
0.000109 -0.000443 1706.0
0.000110 -0.000443 1707.0
0.000110 -0.000443 1708.0
0.000110 -0.000443 1709.0
0.000110 -0.000443 1710.0
0.000110 -0.000443 1711.0
0.000110 -0.000443 1712.0
0.000110 -0.000444 1713.0
0.000110 -0.000444 1714.0
0.000110 -0.000444 1715.0
0.000110 -0.000444 1716.0
0.000110 -0.000444 1717.0
0.000110 -0.000444 1718.0
0.000110 -0.000444 1719.0
0.000110 -0.000444 1720.0
0.000110 -0.000444 1721.0
0.000110 -0.000444 1722.0
0.000111 -0.000444 1723.0
0.000111 -0.000444 1724.0
0.000111 -0.000444 1725.0
0.000111 -0.000445 1726.0
0.000111 -0.000445 1727.0
0.000111 -0.000446 1728.0
0.000112 -0.000447 1729.0
0.000112 -0.000447 1730.0
0.000112 -0.000448 1731.0
0.000112 -0.000448 1732.0
0.000112 -0.000449 1733.0
0.000112 -0.000449 1734.0
0.000112 -0.000450 1735.0
0.000112 -0.000451 1736.0
0.000112 -0.000451 1737.0
0.000113 -0.000452 1738.0
0.000113 -0.000452 1739.0
0.000113 -0.000453 1740.0
0.000113 -0.000453 1741.0
0.000113 -0.000454 1742.0
0.000113 -0.000455 1743.0
0.000113 -0.000455 1744.0
0.000113 -0.000456 1745.0
0.000113 -0.000456 1746.0
0.000114 -0.000457 1747.0
0.000114 -0.000457 1748.0
0.000114 -0.000458 1749.0
0.000114 -0.000458 1750.0
0.000114 -0.000459 1751.0
0.000114 -0.000460 1752.0
0.000114 -0.000460 1753.0
0.000114 -0.000461 1754.0
0.000115 -0.000461 1755.0
0.000115 -0.000462 1756.0
0.000115 -0.000462 1757.0
0.000115 -0.000463 1758.0
0.000115 -0.000464 1759.0
0.000115 -0.000464 1760.0
0.000115 -0.000465 1761.0
0.000115 -0.000465 1762.0
0.000115 -0.000466 1763.0
0.000116 -0.000466 1764.0
0.000116 -0.000467 1765.0
0.000116 -0.000468 1766.0
0.000116 -0.000468 1767.0
0.000116 -0.000469 1768.0
0.000116 -0.000469 1769.0
0.000116 -0.000470 1770.0
0.000116 -0.000470 1771.0
0.000116 -0.000471 1772.0
0.000117 -0.000472 1773.0
0.000117 -0.000472 1774.0
0.000117 -0.000473 1775.0
0.000117 -0.000473 1776.0
0.000117 -0.000474 1777.0
0.000117 -0.000474 1778.0
0.000117 -0.000475 1779.0
0.000117 -0.000476 1780.0
0.000117 -0.000476 1781.0
0.000119 -0.000476 1782.0
0.000118 -0.000476 1783.0
0.000118 -0.000477 1784.0
0.000117 -0.000477 1785.0
0.000117 -0.000478 1786.0
0.000116 -0.000479 1787.0
0.000116 -0.000479 1788.0
0.000115 -0.000480 1789.0
0.000115 -0.000481 1790.0
0.000114 -0.000481 1791.0
0.000113 -0.000482 1792.0
0.000113 -0.000483 1793.0
0.000112 -0.000483 1794.0
0.000112 -0.000484 1795.0
0.000111 -0.000485 1796.0
0.000111 -0.000485 1797.0
0.000110 -0.000486 1798.0
0.000110 -0.000487 1799.0
0.000109 -0.000487 1800.0
0.000108 -0.000488 1801.0
0.000108 -0.000488 1802.0
0.000107 -0.000489 1803.0
0.000107 -0.000490 1804.0
0.000106 -0.000490 1805.0
0.000106 -0.000491 1806.0
0.000105 -0.000492 1807.0
0.000104 -0.000492 1808.0
0.000104 -0.000493 1809.0
0.000103 -0.000494 1810.0
0.000103 -0.000494 1811.0
0.000102 -0.000495 1812.0
0.000102 -0.000496 1813.0
0.000101 -0.000496 1814.0
0.000101 -0.000497 1815.0
0.000100 -0.000498 1816.0
0.000099 -0.000498 1817.0
0.000099 -0.000499 1818.0
0.000098 -0.000500 1819.0
0.000098 -0.000500 1820.0
0.000097 -0.000501 1821.0
0.000097 -0.000501 1822.0
0.000096 -0.000502 1823.0
0.000095 -0.000503 1824.0
0.000095 -0.000503 1825.0
0.000094 -0.000504 1826.0
0.000094 -0.000505 1827.0
0.000093 -0.000505 1828.0
0.000093 -0.000506 1829.0
0.000092 -0.000507 1830.0
0.000092 -0.000507 1831.0
0.000091 -0.000508 1832.0
0.000090 -0.000509 1833.0
0.000090 -0.000509 1834.0
0.000089 -0.000510 1835.0
0.000089 -0.000511 1836.0
0.000088 -0.000511 1837.0
0.000088 -0.000512 1838.0
0.000087 -0.000512 1839.0
0.000087 -0.000513 1840.0
0.000086 -0.000514 1841.0
0.000085 -0.000514 1842.0
0.000085 -0.000515 1843.0
0.000084 -0.000516 1844.0
0.000081 -0.000511 1845.0
0.000081 -0.000512 1846.0
0.000081 -0.000513 1847.0
0.000081 -0.000514 1848.0
0.000081 -0.000515 1849.0
0.000081 -0.000516 1850.0
0.000081 -0.000517 1851.0
0.000080 -0.000518 1852.0
0.000080 -0.000519 1853.0
0.000080 -0.000520 1854.0
0.000080 -0.000521 1855.0
0.000080 -0.000522 1856.0
0.000080 -0.000523 1857.0
0.000080 -0.000524 1858.0
0.000080 -0.000525 1859.0
0.000080 -0.000526 1860.0
0.000080 -0.000527 1861.0
0.000080 -0.000528 1862.0
0.000080 -0.000529 1863.0
0.000080 -0.000530 1864.0
0.000080 -0.000531 1865.0
0.000080 -0.000532 1866.0
0.000080 -0.000533 1867.0
0.000080 -0.000534 1868.0
0.000080 -0.000535 1869.0
0.000079 -0.000536 1870.0
0.000079 -0.000537 1871.0
0.000079 -0.000538 1872.0
0.000079 -0.000539 1873.0
0.000079 -0.000540 1874.0
0.000079 -0.000541 1875.0
0.000079 -0.000542 1876.0
0.000079 -0.000543 1877.0
0.000079 -0.000544 1878.0
0.000079 -0.000545 1879.0
0.000079 -0.000546 1880.0
0.000079 -0.000547 1881.0
0.000079 -0.000548 1882.0
0.000079 -0.000549 1883.0
0.000079 -0.000550 1884.0
0.000079 -0.000551 1885.0
0.000079 -0.000552 1886.0
0.000079 -0.000553 1887.0
0.000079 -0.000554 1888.0
0.000078 -0.000555 1889.0
0.000078 -0.000556 1890.0
0.000078 -0.000557 1891.0
0.000078 -0.000558 1892.0
0.000078 -0.000559 1893.0
0.000078 -0.000560 1894.0
0.000078 -0.000561 1895.0
0.000078 -0.000562 1896.0
0.000078 -0.000563 1897.0
0.000078 -0.000564 1898.0
0.000078 -0.000565 1899.0
0.000078 -0.000566 1900.0
0.000078 -0.000567 1901.0
0.000078 -0.000568 1902.0
0.000078 -0.000569 1903.0
0.000078 -0.000570 1904.0
0.000078 -0.000571 1905.0
0.000078 -0.000572 1906.0
0.000077 -0.000573 1907.0
0.000077 -0.000574 1908.0
0.000077 -0.000575 1909.0
0.000076 -0.000575 1910.0
0.000077 -0.000576 1911.0
0.000077 -0.000578 1912.0
0.000077 -0.000579 1913.0
0.000078 -0.000580 1914.0
0.000078 -0.000582 1915.0
0.000078 -0.000583 1916.0
0.000079 -0.000584 1917.0
0.000079 -0.000586 1918.0
0.000079 -0.000587 1919.0
0.000080 -0.000589 1920.0
0.000080 -0.000590 1921.0
0.000080 -0.000591 1922.0
0.000081 -0.000593 1923.0
0.000081 -0.000594 1924.0
0.000081 -0.000596 1925.0
0.000082 -0.000597 1926.0
0.000082 -0.000598 1927.0
0.000082 -0.000600 1928.0
0.000083 -0.000601 1929.0
0.000083 -0.000603 1930.0
0.000083 -0.000604 1931.0
0.000084 -0.000605 1932.0
0.000084 -0.000607 1933.0
0.000084 -0.000608 1934.0
0.000085 -0.000610 1935.0
0.000085 -0.000611 1936.0
0.000085 -0.000612 1937.0
0.000086 -0.000614 1938.0
0.000086 -0.000615 1939.0
0.000086 -0.000616 1940.0
0.000087 -0.000618 1941.0
0.000087 -0.000619 1942.0
0.000087 -0.000621 1943.0
0.000088 -0.000622 1944.0
0.000088 -0.000623 1945.0
0.000088 -0.000625 1946.0
0.000089 -0.000626 1947.0
0.000089 -0.000628 1948.0
0.000089 -0.000629 1949.0
0.000090 -0.000630 1950.0
0.000090 -0.000632 1951.0
0.000090 -0.000633 1952.0
0.000091 -0.000635 1953.0
0.000091 -0.000636 1954.0
0.000091 -0.000637 1955.0
0.000092 -0.000639 1956.0
0.000092 -0.000640 1957.0
0.000092 -0.000642 1958.0
0.000093 -0.000643 1959.0
0.000093 -0.000644 1960.0
0.000093 -0.000646 1961.0
0.000094 -0.000647 1962.0
0.000094 -0.000649 1963.0
0.000094 -0.000650 1964.0
0.000098 -0.000648 1965.0
0.000099 -0.000650 1966.0
0.000099 -0.000651 1967.0
0.000100 -0.000652 1968.0
0.000100 -0.000654 1969.0
0.000100 -0.000655 1970.0
0.000101 -0.000657 1971.0
0.000101 -0.000658 1972.0
0.000102 -0.000659 1973.0
0.000102 -0.000661 1974.0
0.000102 -0.000662 1975.0
0.000103 -0.000663 1976.0
0.000103 -0.000665 1977.0
0.000104 -0.000666 1978.0
0.000104 -0.000668 1979.0
0.000105 -0.000669 1980.0
0.000105 -0.000670 1981.0
0.000105 -0.000672 1982.0
0.000106 -0.000673 1983.0
0.000106 -0.000675 1984.0
0.000107 -0.000676 1985.0
0.000107 -0.000677 1986.0
0.000107 -0.000679 1987.0
0.000108 -0.000680 1988.0
0.000108 -0.000681 1989.0
0.000109 -0.000683 1990.0
0.000109 -0.000684 1991.0
0.000109 -0.000686 1992.0
0.000110 -0.000687 1993.0
0.000110 -0.000688 1994.0
0.000111 -0.000690 1995.0
0.000111 -0.000691 1996.0
0.000111 -0.000693 1997.0
0.000112 -0.000694 1998.0
0.000112 -0.000695 1999.0
0.000113 -0.000697 2000.0
0.000113 -0.000698 2001.0
0.000113 -0.000699 2002.0
0.000114 -0.000701 2003.0
0.000114 -0.000702 2004.0
0.000115 -0.000704 2005.0
0.000115 -0.000705 2006.0
0.000116 -0.000706 2007.0
0.000116 -0.000708 2008.0
0.000116 -0.000709 2009.0
0.000117 -0.000711 2010.0
0.000117 -0.000712 2011.0
0.000118 -0.000713 2012.0
0.000118 -0.000715 2013.0
0.000118 -0.000716 2014.0
0.000119 -0.000717 2015.0
0.000119 -0.000719 2016.0
0.000120 -0.000720 2017.0
0.000120 -0.000722 2018.0
0.000120 -0.000723 2019.0
0.000121 -0.000724 2020.0
0.000121 -0.000726 2021.0
0.000122 -0.000727 2022.0
0.000127 -0.000725 2023.0
0.000127 -0.000726 2024.0
0.000127 -0.000726 2025.0
0.000128 -0.000727 2026.0
0.000128 -0.000728 2027.0
0.000128 -0.000729 2028.0
0.000129 -0.000730 2029.0
0.000129 -0.000731 2030.0
0.000129 -0.000732 2031.0
0.000130 -0.000733 2032.0
0.000130 -0.000734 2033.0
0.000130 -0.000735 2034.0
0.000131 -0.000736 2035.0
0.000131 -0.000737 2036.0
0.000131 -0.000738 2037.0
0.000132 -0.000739 2038.0
0.000132 -0.000740 2039.0
0.000132 -0.000741 2040.0
0.000133 -0.000742 2041.0
0.000133 -0.000742 2042.0
0.000133 -0.000743 2043.0
0.000134 -0.000744 2044.0
0.000134 -0.000745 2045.0
0.000134 -0.000746 2046.0
0.000135 -0.000747 2047.0
0.000135 -0.000748 2048.0
0.000135 -0.000749 2049.0
0.000136 -0.000750 2050.0
0.000136 -0.000751 2051.0
0.000136 -0.000752 2052.0
0.000137 -0.000753 2053.0
0.000137 -0.000754 2054.0
0.000137 -0.000755 2055.0
0.000138 -0.000756 2056.0
0.000138 -0.000757 2057.0
0.000138 -0.000757 2058.0
0.000139 -0.000758 2059.0
0.000139 -0.000759 2060.0
0.000139 -0.000760 2061.0
0.000140 -0.000761 2062.0
0.000140 -0.000762 2063.0
0.000140 -0.000763 2064.0
0.000141 -0.000764 2065.0
0.000141 -0.000765 2066.0
0.000141 -0.000766 2067.0
0.000142 -0.000767 2068.0
0.000142 -0.000768 2069.0
0.000142 -0.000769 2070.0
0.000143 -0.000770 2071.0
0.000143 -0.000771 2072.0
0.000143 -0.000772 2073.0
0.000144 -0.000773 2074.0
0.000144 -0.000773 2075.0
0.000144 -0.000774 2076.0
0.000145 -0.000775 2077.0
0.000145 -0.000776 2078.0
0.000145 -0.000777 2079.0
0.000146 -0.000778 2080.0
0.000146 -0.000779 2081.0
0.000146 -0.000780 2082.0
0.000147 -0.000781 2083.0
0.000147 -0.000782 2084.0
0.000147 -0.000783 2085.0
0.000152 -0.000780 2086.0
0.000152 -0.000780 2087.0
0.000153 -0.000779 2088.0
0.000154 -0.000778 2089.0
0.000154 -0.000778 2090.0
0.000155 -0.000777 2091.0
0.000156 -0.000776 2092.0
0.000156 -0.000776 2093.0
0.000157 -0.000775 2094.0
0.000158 -0.000774 2095.0
0.000159 -0.000774 2096.0
0.000159 -0.000773 2097.0
0.000160 -0.000773 2098.0
0.000161 -0.000772 2099.0
0.000161 -0.000771 2100.0
0.000162 -0.000771 2101.0
0.000163 -0.000770 2102.0
0.000163 -0.000769 2103.0
0.000164 -0.000769 2104.0
0.000165 -0.000768 2105.0
0.000166 -0.000767 2106.0
0.000166 -0.000767 2107.0
0.000167 -0.000766 2108.0
0.000168 -0.000765 2109.0
0.000168 -0.000765 2110.0
0.000169 -0.000764 2111.0
0.000170 -0.000763 2112.0
0.000170 -0.000763 2113.0
0.000171 -0.000762 2114.0
0.000172 -0.000762 2115.0
0.000172 -0.000761 2116.0
0.000173 -0.000760 2117.0
0.000174 -0.000760 2118.0
0.000175 -0.000759 2119.0
0.000175 -0.000758 2120.0
0.000176 -0.000758 2121.0
0.000177 -0.000757 2122.0
0.000177 -0.000756 2123.0
0.000178 -0.000756 2124.0
0.000179 -0.000755 2125.0
0.000179 -0.000754 2126.0
0.000180 -0.000754 2127.0
0.000181 -0.000753 2128.0
0.000182 -0.000752 2129.0
0.000182 -0.000752 2130.0
0.000183 -0.000751 2131.0
0.000184 -0.000751 2132.0
0.000184 -0.000750 2133.0
0.000185 -0.000749 2134.0
0.000186 -0.000749 2135.0
0.000186 -0.000748 2136.0
0.000187 -0.000747 2137.0
0.000188 -0.000747 2138.0
0.000189 -0.000746 2139.0
0.000189 -0.000745 2140.0
0.000190 -0.000745 2141.0
0.000191 -0.000744 2142.0
0.000191 -0.000743 2143.0
0.000192 -0.000743 2144.0
0.000193 -0.000742 2145.0
0.000193 -0.000742 2146.0
0.000194 -0.000741 2147.0
0.000197 -0.000747 2148.0
0.000197 -0.000746 2149.0
0.000198 -0.000746 2150.0
0.000198 -0.000746 2151.0
0.000198 -0.000746 2152.0
0.000198 -0.000745 2153.0
0.000199 -0.000745 2154.0
0.000199 -0.000745 2155.0
0.000199 -0.000745 2156.0
0.000199 -0.000745 2157.0
0.000200 -0.000744 2158.0
0.000200 -0.000744 2159.0
0.000200 -0.000744 2160.0
0.000201 -0.000744 2161.0
0.000201 -0.000743 2162.0
0.000201 -0.000743 2163.0
0.000201 -0.000743 2164.0
0.000202 -0.000743 2165.0
0.000202 -0.000742 2166.0
0.000202 -0.000742 2167.0
0.000202 -0.000742 2168.0
0.000203 -0.000742 2169.0
0.000203 -0.000741 2170.0
0.000203 -0.000741 2171.0
0.000203 -0.000741 2172.0
0.000204 -0.000741 2173.0
0.000204 -0.000740 2174.0
0.000204 -0.000740 2175.0
0.000204 -0.000740 2176.0
0.000205 -0.000740 2177.0
0.000205 -0.000740 2178.0
0.000205 -0.000739 2179.0
0.000205 -0.000739 2180.0
0.000206 -0.000739 2181.0
0.000206 -0.000739 2182.0
0.000206 -0.000738 2183.0
0.000206 -0.000738 2184.0
0.000207 -0.000738 2185.0
0.000207 -0.000738 2186.0
0.000207 -0.000737 2187.0
0.000207 -0.000737 2188.0
0.000208 -0.000737 2189.0
0.000208 -0.000737 2190.0
0.000208 -0.000736 2191.0
0.000208 -0.000736 2192.0
0.000209 -0.000736 2193.0
0.000209 -0.000736 2194.0
0.000209 -0.000735 2195.0
0.000209 -0.000735 2196.0
0.000210 -0.000735 2197.0
0.000210 -0.000735 2198.0
0.000210 -0.000735 2199.0
0.000210 -0.000734 2200.0
0.000211 -0.000734 2201.0
0.000211 -0.000734 2202.0
0.000211 -0.000734 2203.0
0.000212 -0.000733 2204.0
0.000212 -0.000733 2205.0
0.000212 -0.000733 2206.0
0.000212 -0.000733 2207.0
0.000213 -0.000732 2208.0
0.000213 -0.000732 2209.0
0.000213 -0.000732 2210.0
0.000213 -0.000732 2211.0
0.000214 -0.000731 2212.0
0.000214 -0.000731 2213.0
0.000214 -0.000731 2214.0
0.000214 -0.000731 2215.0
0.000215 -0.000730 2216.0
0.000215 -0.000730 2217.0
0.000215 -0.000730 2218.0
0.000215 -0.000730 2219.0
0.000216 -0.000729 2220.0
0.000216 -0.000729 2221.0
0.000216 -0.000729 2222.0
0.000216 -0.000729 2223.0
0.000217 -0.000729 2224.0
0.000217 -0.000728 2225.0
0.000217 -0.000728 2226.0
0.000217 -0.000728 2227.0
0.000218 -0.000728 2228.0
0.000218 -0.000727 2229.0
0.000218 -0.000727 2230.0
0.000218 -0.000727 2231.0
0.000219 -0.000727 2232.0
0.000219 -0.000726 2233.0
0.000219 -0.000726 2234.0
0.000219 -0.000726 2235.0
0.000220 -0.000726 2236.0
0.000220 -0.000725 2237.0
0.000220 -0.000725 2238.0
0.000220 -0.000725 2239.0
0.000221 -0.000725 2240.0
0.000221 -0.000724 2241.0
0.000221 -0.000724 2242.0
0.000221 -0.000724 2243.0
0.000222 -0.000724 2244.0
0.000222 -0.000724 2245.0
0.000222 -0.000723 2246.0
0.000222 -0.000723 2247.0
0.000223 -0.000723 2248.0
0.000223 -0.000723 2249.0
0.000223 -0.000722 2250.0
0.000224 -0.000722 2251.0
0.000224 -0.000722 2252.0
0.000224 -0.000722 2253.0
0.000224 -0.000721 2254.0
0.000225 -0.000721 2255.0
0.000225 -0.000721 2256.0
0.000225 -0.000721 2257.0
0.000225 -0.000720 2258.0
0.000226 -0.000720 2259.0
0.000226 -0.000720 2260.0
0.000226 -0.000720 2261.0
0.000226 -0.000719 2262.0
0.000227 -0.000719 2263.0
0.000227 -0.000719 2264.0
0.000229 -0.000723 2265.0
0.000230 -0.000722 2266.0
0.000230 -0.000721 2267.0
0.000231 -0.000720 2268.0
0.000232 -0.000720 2269.0
0.000233 -0.000719 2270.0
0.000233 -0.000718 2271.0
0.000234 -0.000717 2272.0
0.000235 -0.000716 2273.0
0.000235 -0.000715 2274.0
0.000236 -0.000714 2275.0
0.000237 -0.000713 2276.0
0.000238 -0.000713 2277.0
0.000238 -0.000712 2278.0
0.000239 -0.000711 2279.0
0.000240 -0.000710 2280.0
0.000240 -0.000709 2281.0
0.000241 -0.000708 2282.0
0.000242 -0.000707 2283.0
0.000243 -0.000706 2284.0
0.000243 -0.000706 2285.0
0.000244 -0.000705 2286.0
0.000245 -0.000704 2287.0
0.000245 -0.000703 2288.0
0.000246 -0.000702 2289.0
0.000247 -0.000701 2290.0
0.000248 -0.000700 2291.0
0.000248 -0.000699 2292.0
0.000249 -0.000699 2293.0
0.000250 -0.000698 2294.0
0.000250 -0.000697 2295.0
0.000251 -0.000696 2296.0
0.000252 -0.000695 2297.0
0.000253 -0.000694 2298.0
0.000253 -0.000693 2299.0
0.000254 -0.000692 2300.0
0.000255 -0.000692 2301.0
0.000255 -0.000691 2302.0
0.000256 -0.000690 2303.0
0.000257 -0.000689 2304.0
0.000257 -0.000688 2305.0
0.000258 -0.000687 2306.0
0.000259 -0.000686 2307.0
0.000260 -0.000686 2308.0
0.000260 -0.000685 2309.0
0.000261 -0.000684 2310.0
0.000262 -0.000683 2311.0
0.000262 -0.000682 2312.0
0.000263 -0.000681 2313.0
0.000264 -0.000680 2314.0
0.000265 -0.000679 2315.0
0.000265 -0.000679 2316.0
0.000266 -0.000678 2317.0
0.000267 -0.000677 2318.0
0.000267 -0.000676 2319.0
0.000268 -0.000675 2320.0
0.000269 -0.000674 2321.0
0.000270 -0.000673 2322.0
0.000270 -0.000672 2323.0
0.000271 -0.000672 2324.0
0.000272 -0.000671 2325.0
0.000272 -0.000670 2326.0
0.000273 -0.000669 2327.0
0.000274 -0.000668 2328.0
0.000275 -0.000667 2329.0
0.000275 -0.000666 2330.0
0.000276 -0.000665 2331.0
0.000281 -0.000672 2332.0
0.000282 -0.000672 2333.0
0.000283 -0.000671 2334.0
0.000284 -0.000671 2335.0
0.000285 -0.000670 2336.0
0.000286 -0.000669 2337.0
0.000287 -0.000669 2338.0
0.000288 -0.000668 2339.0
0.000289 -0.000668 2340.0
0.000290 -0.000667 2341.0
0.000290 -0.000667 2342.0
0.000291 -0.000666 2343.0
0.000292 -0.000665 2344.0
0.000293 -0.000665 2345.0
0.000294 -0.000664 2346.0
0.000295 -0.000664 2347.0
0.000296 -0.000663 2348.0
0.000297 -0.000662 2349.0
0.000298 -0.000662 2350.0
0.000299 -0.000661 2351.0
0.000300 -0.000661 2352.0
0.000301 -0.000660 2353.0
0.000302 -0.000659 2354.0
0.000303 -0.000659 2355.0
0.000304 -0.000658 2356.0
0.000305 -0.000658 2357.0
0.000306 -0.000657 2358.0
0.000307 -0.000656 2359.0
0.000308 -0.000656 2360.0
0.000309 -0.000655 2361.0
0.000310 -0.000655 2362.0
0.000311 -0.000654 2363.0
0.000311 -0.000654 2364.0
0.000312 -0.000653 2365.0
0.000313 -0.000652 2366.0
0.000314 -0.000652 2367.0
0.000315 -0.000651 2368.0
0.000316 -0.000651 2369.0
0.000317 -0.000650 2370.0
0.000318 -0.000649 2371.0
0.000319 -0.000649 2372.0
0.000320 -0.000648 2373.0
0.000321 -0.000648 2374.0
0.000322 -0.000647 2375.0
0.000323 -0.000646 2376.0
0.000324 -0.000646 2377.0
0.000325 -0.000645 2378.0
0.000326 -0.000645 2379.0
0.000327 -0.000644 2380.0
0.000328 -0.000643 2381.0
0.000329 -0.000643 2382.0
0.000330 -0.000642 2383.0
0.000331 -0.000642 2384.0
0.000332 -0.000647 2385.0
0.000333 -0.000647 2386.0
0.000333 -0.000646 2387.0
0.000334 -0.000646 2388.0
0.000334 -0.000646 2389.0
0.000335 -0.000645 2390.0
0.000335 -0.000645 2391.0
0.000336 -0.000644 2392.0
0.000336 -0.000644 2393.0
0.000337 -0.000644 2394.0
0.000337 -0.000643 2395.0
0.000337 -0.000643 2396.0
0.000338 -0.000643 2397.0
0.000338 -0.000642 2398.0
0.000339 -0.000642 2399.0
0.000339 -0.000641 2400.0
0.000340 -0.000641 2401.0
0.000340 -0.000641 2402.0
0.000341 -0.000640 2403.0
0.000341 -0.000640 2404.0
0.000342 -0.000640 2405.0
0.000342 -0.000639 2406.0
0.000342 -0.000639 2407.0
0.000343 -0.000638 2408.0
0.000343 -0.000638 2409.0
0.000344 -0.000638 2410.0
0.000344 -0.000637 2411.0
0.000345 -0.000637 2412.0
0.000345 -0.000637 2413.0
0.000346 -0.000636 2414.0
0.000346 -0.000636 2415.0
0.000347 -0.000635 2416.0
0.000347 -0.000635 2417.0
0.000347 -0.000635 2418.0
0.000348 -0.000634 2419.0
0.000348 -0.000634 2420.0
0.000349 -0.000634 2421.0
0.000349 -0.000633 2422.0
0.000350 -0.000633 2423.0
0.000350 -0.000632 2424.0
0.000351 -0.000632 2425.0
0.000351 -0.000632 2426.0
0.000352 -0.000631 2427.0
0.000352 -0.000631 2428.0
0.000352 -0.000631 2429.0
0.000353 -0.000630 2430.0
0.000353 -0.000630 2431.0
0.000354 -0.000629 2432.0
0.000354 -0.000629 2433.0
0.000355 -0.000629 2434.0
0.000355 -0.000628 2435.0
0.000356 -0.000628 2436.0
0.000356 -0.000628 2437.0
0.000357 -0.000627 2438.0
0.000357 -0.000627 2439.0
0.000357 -0.000627 2440.0
0.000358 -0.000626 2441.0
0.000358 -0.000626 2442.0
0.000359 -0.000625 2443.0
0.000359 -0.000625 2444.0
0.000361 -0.000628 2445.0
0.000361 -0.000628 2446.0
0.000362 -0.000628 2447.0
0.000362 -0.000628 2448.0
0.000363 -0.000627 2449.0
0.000363 -0.000627 2450.0
0.000363 -0.000627 2451.0
0.000364 -0.000626 2452.0
0.000364 -0.000626 2453.0
0.000365 -0.000626 2454.0
0.000365 -0.000625 2455.0
0.000365 -0.000625 2456.0
0.000366 -0.000625 2457.0
0.000366 -0.000624 2458.0
0.000367 -0.000624 2459.0
0.000367 -0.000624 2460.0
0.000367 -0.000623 2461.0
0.000368 -0.000623 2462.0
0.000368 -0.000623 2463.0
0.000369 -0.000622 2464.0
0.000369 -0.000622 2465.0
0.000369 -0.000622 2466.0
0.000370 -0.000621 2467.0
0.000370 -0.000621 2468.0
0.000371 -0.000621 2469.0
0.000371 -0.000621 2470.0
0.000372 -0.000620 2471.0
0.000372 -0.000620 2472.0
0.000372 -0.000620 2473.0
0.000373 -0.000619 2474.0
0.000373 -0.000619 2475.0
0.000374 -0.000619 2476.0
0.000374 -0.000618 2477.0
0.000374 -0.000618 2478.0
0.000375 -0.000618 2479.0
0.000375 -0.000617 2480.0
0.000376 -0.000617 2481.0
0.000376 -0.000617 2482.0
0.000376 -0.000616 2483.0
0.000377 -0.000616 2484.0
0.000377 -0.000616 2485.0
0.000378 -0.000615 2486.0
0.000378 -0.000615 2487.0
0.000378 -0.000615 2488.0
0.000379 -0.000614 2489.0
0.000379 -0.000614 2490.0
0.000380 -0.000614 2491.0
0.000380 -0.000614 2492.0
0.000381 -0.000613 2493.0
0.000381 -0.000613 2494.0
0.000381 -0.000613 2495.0
0.000382 -0.000612 2496.0
0.000382 -0.000612 2497.0
0.000383 -0.000612 2498.0
0.000383 -0.000611 2499.0
0.000383 -0.000611 2500.0
0.000384 -0.000611 2501.0
0.000384 -0.000610 2502.0
0.000385 -0.000610 2503.0
0.000385 -0.000610 2504.0
0.000385 -0.000609 2505.0
0.000386 -0.000609 2506.0
0.000386 -0.000609 2507.0
0.000387 -0.000608 2508.0
0.000387 -0.000608 2509.0
0.000389 -0.000611 2510.0
0.000389 -0.000611 2511.0
0.000390 -0.000611 2512.0
0.000390 -0.000611 2513.0
0.000391 -0.000611 2514.0
0.000391 -0.000611 2515.0
0.000392 -0.000611 2516.0
0.000392 -0.000610 2517.0
0.000393 -0.000610 2518.0
0.000393 -0.000610 2519.0
0.000394 -0.000610 2520.0
0.000394 -0.000610 2521.0
0.000395 -0.000610 2522.0
0.000395 -0.000610 2523.0
0.000395 -0.000610 2524.0
0.000396 -0.000609 2525.0
0.000396 -0.000609 2526.0
0.000397 -0.000609 2527.0
0.000397 -0.000609 2528.0
0.000398 -0.000609 2529.0
0.000398 -0.000609 2530.0
0.000399 -0.000609 2531.0
0.000399 -0.000608 2532.0
0.000400 -0.000608 2533.0
0.000400 -0.000608 2534.0
0.000401 -0.000608 2535.0
0.000401 -0.000608 2536.0
0.000402 -0.000608 2537.0
0.000402 -0.000608 2538.0
0.000403 -0.000608 2539.0
0.000403 -0.000607 2540.0
0.000404 -0.000607 2541.0
0.000404 -0.000607 2542.0
0.000405 -0.000607 2543.0
0.000405 -0.000607 2544.0
0.000406 -0.000607 2545.0
0.000406 -0.000607 2546.0
0.000407 -0.000606 2547.0
0.000407 -0.000606 2548.0
0.000408 -0.000606 2549.0
0.000408 -0.000606 2550.0
0.000409 -0.000606 2551.0
0.000409 -0.000606 2552.0
0.000410 -0.000606 2553.0
0.000410 -0.000606 2554.0
0.000411 -0.000605 2555.0
0.000411 -0.000605 2556.0
0.000412 -0.000605 2557.0
0.000412 -0.000605 2558.0
0.000413 -0.000605 2559.0
0.000413 -0.000605 2560.0
0.000414 -0.000605 2561.0
0.000414 -0.000604 2562.0
0.000415 -0.000604 2563.0
0.000415 -0.000604 2564.0
0.000415 -0.000606 2565.0
0.000416 -0.000606 2566.0
0.000417 -0.000606 2567.0
0.000417 -0.000606 2568.0
0.000418 -0.000606 2569.0
0.000418 -0.000606 2570.0
0.000419 -0.000606 2571.0
0.000419 -0.000606 2572.0
0.000420 -0.000606 2573.0
0.000421 -0.000606 2574.0
0.000421 -0.000606 2575.0
0.000422 -0.000606 2576.0
0.000422 -0.000606 2577.0
0.000423 -0.000606 2578.0
0.000423 -0.000607 2579.0
0.000424 -0.000607 2580.0
0.000425 -0.000607 2581.0
0.000425 -0.000607 2582.0
0.000426 -0.000607 2583.0
0.000426 -0.000607 2584.0
0.000427 -0.000607 2585.0
0.000427 -0.000607 2586.0
0.000428 -0.000607 2587.0
0.000429 -0.000607 2588.0
0.000429 -0.000607 2589.0
0.000430 -0.000607 2590.0
0.000430 -0.000607 2591.0
0.000431 -0.000607 2592.0
0.000431 -0.000608 2593.0
0.000432 -0.000608 2594.0
0.000433 -0.000608 2595.0
0.000433 -0.000608 2596.0
0.000434 -0.000608 2597.0
0.000434 -0.000608 2598.0
0.000435 -0.000608 2599.0
0.000435 -0.000608 2600.0
0.000436 -0.000608 2601.0
0.000437 -0.000608 2602.0
0.000437 -0.000608 2603.0
0.000438 -0.000608 2604.0
0.000438 -0.000608 2605.0
0.000439 -0.000608 2606.0
0.000439 -0.000608 2607.0
0.000440 -0.000609 2608.0
0.000441 -0.000609 2609.0
0.000441 -0.000609 2610.0
0.000442 -0.000609 2611.0
0.000442 -0.000609 2612.0
0.000443 -0.000609 2613.0
0.000443 -0.000609 2614.0
0.000444 -0.000609 2615.0
0.000445 -0.000609 2616.0
0.000445 -0.000609 2617.0
0.000446 -0.000609 2618.0
0.000446 -0.000609 2619.0
0.000447 -0.000609 2620.0
0.000447 -0.000609 2621.0
0.000448 -0.000610 2622.0
0.000449 -0.000610 2623.0
0.000449 -0.000610 2624.0
0.000449 -0.000609 2625.0
0.000450 -0.000609 2626.0
0.000450 -0.000609 2627.0
0.000451 -0.000609 2628.0
0.000451 -0.000609 2629.0
0.000451 -0.000609 2630.0
0.000452 -0.000609 2631.0
0.000452 -0.000609 2632.0
0.000453 -0.000609 2633.0
0.000453 -0.000609 2634.0
0.000454 -0.000609 2635.0
0.000454 -0.000609 2636.0
0.000454 -0.000609 2637.0
0.000455 -0.000610 2638.0
0.000455 -0.000610 2639.0
0.000456 -0.000610 2640.0
0.000456 -0.000610 2641.0
0.000457 -0.000610 2642.0
0.000457 -0.000610 2643.0
0.000457 -0.000610 2644.0
0.000458 -0.000610 2645.0
0.000458 -0.000610 2646.0
0.000459 -0.000610 2647.0
0.000459 -0.000610 2648.0
0.000460 -0.000610 2649.0
0.000460 -0.000610 2650.0
0.000460 -0.000610 2651.0
0.000461 -0.000610 2652.0
0.000461 -0.000610 2653.0
0.000462 -0.000610 2654.0
0.000462 -0.000610 2655.0
0.000463 -0.000611 2656.0
0.000463 -0.000611 2657.0
0.000464 -0.000611 2658.0
0.000464 -0.000611 2659.0
0.000464 -0.000611 2660.0
0.000465 -0.000611 2661.0
0.000465 -0.000611 2662.0
0.000466 -0.000611 2663.0
0.000466 -0.000611 2664.0
0.000467 -0.000611 2665.0
0.000467 -0.000611 2666.0
0.000467 -0.000611 2667.0
0.000468 -0.000611 2668.0
0.000468 -0.000611 2669.0
0.000469 -0.000611 2670.0
0.000469 -0.000611 2671.0
0.000470 -0.000611 2672.0
0.000470 -0.000611 2673.0
0.000470 -0.000611 2674.0
0.000471 -0.000612 2675.0
0.000471 -0.000612 2676.0
0.000472 -0.000612 2677.0
0.000472 -0.000612 2678.0
0.000473 -0.000612 2679.0
0.000473 -0.000612 2680.0
0.000473 -0.000612 2681.0
0.000474 -0.000612 2682.0
0.000474 -0.000612 2683.0
0.000475 -0.000612 2684.0
0.000475 -0.000611 2685.0
0.000475 -0.000611 2686.0
0.000476 -0.000611 2687.0
0.000476 -0.000612 2688.0
0.000477 -0.000612 2689.0
0.000477 -0.000612 2690.0
0.000478 -0.000612 2691.0
0.000478 -0.000612 2692.0
0.000479 -0.000612 2693.0
0.000479 -0.000612 2694.0
0.000480 -0.000612 2695.0
0.000480 -0.000612 2696.0
0.000481 -0.000612 2697.0
0.000481 -0.000612 2698.0
0.000482 -0.000612 2699.0
0.000482 -0.000612 2700.0
0.000483 -0.000612 2701.0
0.000483 -0.000612 2702.0
0.000484 -0.000612 2703.0
0.000484 -0.000612 2704.0
0.000485 -0.000612 2705.0
0.000485 -0.000612 2706.0
0.000486 -0.000613 2707.0
0.000486 -0.000613 2708.0
0.000487 -0.000613 2709.0
0.000487 -0.000613 2710.0
0.000488 -0.000613 2711.0
0.000488 -0.000613 2712.0
0.000489 -0.000613 2713.0
0.000489 -0.000613 2714.0
0.000490 -0.000613 2715.0
0.000490 -0.000613 2716.0
0.000491 -0.000613 2717.0
0.000491 -0.000613 2718.0
0.000492 -0.000613 2719.0
0.000492 -0.000613 2720.0
0.000493 -0.000613 2721.0
0.000493 -0.000613 2722.0
0.000494 -0.000613 2723.0
0.000494 -0.000613 2724.0
0.000495 -0.000614 2725.0
0.000495 -0.000614 2726.0
0.000496 -0.000614 2727.0
0.000496 -0.000614 2728.0
0.000497 -0.000614 2729.0
0.000497 -0.000614 2730.0
0.000498 -0.000614 2731.0
0.000498 -0.000614 2732.0
0.000499 -0.000614 2733.0
0.000499 -0.000614 2734.0
0.000500 -0.000614 2735.0
0.000500 -0.000614 2736.0
0.000501 -0.000614 2737.0
0.000501 -0.000614 2738.0
0.000502 -0.000614 2739.0
0.000502 -0.000614 2740.0
0.000503 -0.000614 2741.0
0.000503 -0.000614 2742.0
0.000504 -0.000614 2743.0
0.000504 -0.000615 2744.0
0.000505 -0.000615 2745.0
0.000505 -0.000614 2746.0
0.000505 -0.000614 2747.0
0.000506 -0.000614 2748.0
0.000506 -0.000614 2749.0
0.000506 -0.000614 2750.0
0.000507 -0.000614 2751.0
0.000507 -0.000614 2752.0
0.000507 -0.000614 2753.0
0.000508 -0.000614 2754.0
0.000508 -0.000614 2755.0
0.000508 -0.000614 2756.0
0.000509 -0.000614 2757.0
0.000509 -0.000614 2758.0
0.000510 -0.000614 2759.0
0.000510 -0.000614 2760.0
0.000510 -0.000615 2761.0
0.000511 -0.000615 2762.0
0.000511 -0.000615 2763.0
0.000511 -0.000615 2764.0
0.000512 -0.000615 2765.0
0.000512 -0.000615 2766.0
0.000512 -0.000615 2767.0
0.000513 -0.000615 2768.0
0.000513 -0.000615 2769.0
0.000513 -0.000615 2770.0
0.000514 -0.000615 2771.0
0.000514 -0.000615 2772.0
0.000515 -0.000615 2773.0
0.000515 -0.000615 2774.0
0.000515 -0.000615 2775.0
0.000516 -0.000615 2776.0
0.000516 -0.000615 2777.0
0.000516 -0.000615 2778.0
0.000517 -0.000615 2779.0
0.000517 -0.000615 2780.0
0.000517 -0.000615 2781.0
0.000518 -0.000615 2782.0
0.000518 -0.000615 2783.0
0.000519 -0.000615 2784.0
0.000519 -0.000616 2785.0
0.000519 -0.000616 2786.0
0.000520 -0.000616 2787.0
0.000520 -0.000616 2788.0
0.000520 -0.000616 2789.0
0.000521 -0.000616 2790.0
0.000521 -0.000616 2791.0
0.000521 -0.000616 2792.0
0.000522 -0.000616 2793.0
0.000522 -0.000616 2794.0
0.000523 -0.000616 2795.0
0.000523 -0.000616 2796.0
0.000523 -0.000616 2797.0
0.000524 -0.000616 2798.0
0.000524 -0.000616 2799.0
0.000524 -0.000616 2800.0
0.000525 -0.000616 2801.0
0.000525 -0.000616 2802.0
0.000525 -0.000616 2803.0
0.000526 -0.000616 2804.0
0.000526 -0.000616 2805.0
0.000526 -0.000616 2806.0
0.000526 -0.000616 2807.0
0.000527 -0.000616 2808.0
0.000527 -0.000616 2809.0
0.000527 -0.000616 2810.0
0.000527 -0.000616 2811.0
0.000527 -0.000616 2812.0
0.000527 -0.000616 2813.0
0.000528 -0.000616 2814.0
0.000528 -0.000616 2815.0
0.000528 -0.000616 2816.0
0.000528 -0.000616 2817.0
0.000528 -0.000616 2818.0
0.000528 -0.000616 2819.0
0.000529 -0.000616 2820.0
0.000529 -0.000616 2821.0
0.000529 -0.000616 2822.0
0.000529 -0.000616 2823.0
0.000529 -0.000616 2824.0
0.000529 -0.000616 2825.0
0.000530 -0.000616 2826.0
0.000530 -0.000616 2827.0
0.000530 -0.000616 2828.0
0.000530 -0.000616 2829.0
0.000530 -0.000616 2830.0
0.000530 -0.000616 2831.0
0.000531 -0.000616 2832.0
0.000531 -0.000616 2833.0
0.000531 -0.000616 2834.0
0.000531 -0.000616 2835.0
0.000531 -0.000616 2836.0
0.000532 -0.000616 2837.0
0.000532 -0.000616 2838.0
0.000532 -0.000616 2839.0
0.000532 -0.000616 2840.0
0.000532 -0.000616 2841.0
0.000532 -0.000616 2842.0
0.000533 -0.000616 2843.0
0.000533 -0.000616 2844.0
0.000533 -0.000616 2845.0
0.000533 -0.000616 2846.0
0.000533 -0.000617 2847.0
0.000533 -0.000617 2848.0
0.000534 -0.000617 2849.0
0.000534 -0.000617 2850.0
0.000534 -0.000617 2851.0
0.000534 -0.000617 2852.0
0.000534 -0.000617 2853.0
0.000534 -0.000617 2854.0
0.000535 -0.000617 2855.0
0.000535 -0.000617 2856.0
0.000535 -0.000617 2857.0
0.000535 -0.000617 2858.0
0.000535 -0.000617 2859.0
0.000536 -0.000617 2860.0
0.000536 -0.000617 2861.0
0.000536 -0.000617 2862.0
0.000536 -0.000617 2863.0
0.000536 -0.000617 2864.0
0.000536 -0.000617 2865.0
0.000536 -0.000617 2866.0
0.000536 -0.000617 2867.0
0.000536 -0.000617 2868.0
0.000536 -0.000617 2869.0
0.000536 -0.000617 2870.0
0.000536 -0.000617 2871.0
0.000536 -0.000617 2872.0
0.000536 -0.000617 2873.0
0.000536 -0.000617 2874.0
0.000536 -0.000617 2875.0
0.000536 -0.000617 2876.0
0.000536 -0.000617 2877.0
0.000536 -0.000617 2878.0
0.000536 -0.000617 2879.0
0.000536 -0.000617 2880.0
0.000536 -0.000617 2881.0
0.000536 -0.000617 2882.0
0.000536 -0.000617 2883.0
0.000536 -0.000617 2884.0
0.000536 -0.000617 2885.0
0.000536 -0.000617 2886.0
0.000536 -0.000617 2887.0
0.000536 -0.000617 2888.0
0.000536 -0.000617 2889.0
0.000536 -0.000617 2890.0
0.000536 -0.000617 2891.0
0.000536 -0.000617 2892.0
0.000536 -0.000617 2893.0
0.000536 -0.000617 2894.0
0.000536 -0.000617 2895.0
0.000536 -0.000617 2896.0
0.000536 -0.000617 2897.0
0.000536 -0.000617 2898.0
0.000536 -0.000617 2899.0
0.000536 -0.000617 2900.0
0.000536 -0.000617 2901.0
0.000536 -0.000617 2902.0
0.000536 -0.000617 2903.0
0.000536 -0.000617 2904.0
0.000536 -0.000617 2905.0
0.000536 -0.000617 2906.0
0.000536 -0.000617 2907.0
0.000536 -0.000617 2908.0
0.000536 -0.000617 2909.0
0.000536 -0.000617 2910.0
0.000536 -0.000617 2911.0
0.000536 -0.000617 2912.0
0.000536 -0.000617 2913.0
0.000536 -0.000617 2914.0
0.000536 -0.000617 2915.0
0.000536 -0.000617 2916.0
0.000536 -0.000617 2917.0
0.000536 -0.000617 2918.0
0.000536 -0.000617 2919.0
0.000536 -0.000617 2920.0
0.000536 -0.000617 2921.0
0.000536 -0.000617 2922.0
0.000536 -0.000617 2923.0
0.000536 -0.000617 2924.0
0.000536 -0.000617 2925.0
0.000536 -0.000617 2926.0
0.000536 -0.000617 2927.0
0.000536 -0.000617 2928.0
0.000536 -0.000617 2929.0
0.000536 -0.000617 2930.0
0.000536 -0.000617 2931.0
0.000536 -0.000617 2932.0
0.000536 -0.000617 2933.0
0.000536 -0.000617 2934.0
0.000536 -0.000617 2935.0
0.000536 -0.000617 2936.0
0.000536 -0.000617 2937.0
0.000536 -0.000617 2938.0
0.000536 -0.000617 2939.0
0.000536 -0.000617 2940.0
0.000536 -0.000617 2941.0
0.000536 -0.000617 2942.0
0.000536 -0.000617 2943.0
0.000536 -0.000617 2944.0
0.000536 -0.000617 2945.0
0.000536 -0.000617 2946.0
0.000536 -0.000617 2947.0
0.000536 -0.000617 2948.0
0.000536 -0.000617 2949.0
0.000536 -0.000617 2950.0
0.000536 -0.000617 2951.0
0.000536 -0.000617 2952.0
0.000536 -0.000617 2953.0
0.000536 -0.000617 2954.0
0.000536 -0.000617 2955.0
0.000536 -0.000617 2956.0
0.000536 -0.000617 2957.0
0.000536 -0.000617 2958.0
0.000536 -0.000617 2959.0
0.000536 -0.000617 2960.0
0.000536 -0.000617 2961.0
0.000536 -0.000617 2962.0
0.000536 -0.000617 2963.0
0.000536 -0.000617 2964.0
0.000536 -0.000617 2965.0
0.000536 -0.000617 2966.0
0.000536 -0.000617 2967.0
0.000536 -0.000617 2968.0
0.000536 -0.000617 2969.0
0.000536 -0.000617 2970.0
0.000536 -0.000617 2971.0
0.000536 -0.000617 2972.0
0.000536 -0.000617 2973.0
0.000536 -0.000617 2974.0
0.000536 -0.000617 2975.0
0.000536 -0.000617 2976.0
0.000536 -0.000617 2977.0
0.000536 -0.000617 2978.0
0.000536 -0.000617 2979.0
0.000536 -0.000617 2980.0
0.000536 -0.000617 2981.0
0.000536 -0.000617 2982.0
0.000536 -0.000617 2983.0
0.000536 -0.000617 2984.0
0.000536 -0.000617 2985.0
0.000536 -0.000617 2986.0
0.000536 -0.000617 2987.0
0.000536 -0.000617 2988.0
0.000536 -0.000617 2989.0
0.000536 -0.000617 2990.0
0.000536 -0.000617 2991.0
0.000536 -0.000617 2992.0
0.000536 -0.000617 2993.0
0.000536 -0.000617 2994.0
0.000536 -0.000617 2995.0
0.000536 -0.000617 2996.0
0.000536 -0.000617 2997.0
0.000536 -0.000617 2998.0
0.000536 -0.000617 2999.0
0.000536 -0.000617 3000.0
0.000536 -0.000617 3001.0
0.000536 -0.000617 3002.0
0.000536 -0.000617 3003.0
0.000536 -0.000617 3004.0
0.000536 -0.000617 3005.0
0.000536 -0.000617 3006.0
0.000536 -0.000617 3007.0
0.000536 -0.000617 3008.0
0.000536 -0.000617 3009.0
0.000536 -0.000617 3010.0
0.000536 -0.000617 3011.0
0.000536 -0.000617 3012.0
0.000536 -0.000617 3013.0
0.000536 -0.000617 3014.0
0.000536 -0.000617 3015.0
0.000536 -0.000617 3016.0
0.000536 -0.000617 3017.0
0.000536 -0.000618 3018.0
0.000536 -0.000618 3019.0
0.000536 -0.000618 3020.0
0.000536 -0.000618 3021.0
0.000536 -0.000618 3022.0
0.000536 -0.000618 3023.0
0.000536 -0.000618 3024.0
0.000536 -0.000618 3025.0
0.000536 -0.000618 3026.0
0.000536 -0.000618 3027.0
0.000536 -0.000618 3028.0
0.000536 -0.000618 3029.0
0.000536 -0.000618 3030.0
0.000536 -0.000618 3031.0
0.000536 -0.000618 3032.0
0.000536 -0.000618 3033.0
0.000536 -0.000618 3034.0
0.000536 -0.000618 3035.0
0.000536 -0.000618 3036.0
0.000536 -0.000618 3037.0
0.000536 -0.000618 3038.0
0.000536 -0.000618 3039.0
0.000536 -0.000618 3040.0
0.000536 -0.000618 3041.0
0.000536 -0.000618 3042.0
0.000536 -0.000618 3043.0
0.000536 -0.000618 3044.0
0.000536 -0.000618 3045.0
0.000536 -0.000618 3046.0
0.000536 -0.000618 3047.0
0.000536 -0.000618 3048.0
0.000536 -0.000618 3049.0
0.000536 -0.000618 3050.0
0.000536 -0.000618 3051.0
0.000536 -0.000618 3052.0
0.000536 -0.000618 3053.0
0.000536 -0.000618 3054.0
0.000536 -0.000618 3055.0
0.000536 -0.000618 3056.0
0.000536 -0.000618 3057.0
0.000536 -0.000618 3058.0
0.000536 -0.000618 3059.0
0.000536 -0.000618 3060.0
0.000536 -0.000618 3061.0
0.000536 -0.000618 3062.0
0.000536 -0.000618 3063.0
0.000536 -0.000618 3064.0
0.000536 -0.000618 3065.0
0.000536 -0.000618 3066.0
0.000536 -0.000618 3067.0
0.000536 -0.000618 3068.0
0.000536 -0.000618 3069.0
0.000536 -0.000618 3070.0
0.000536 -0.000618 3071.0
0.000536 -0.000618 3072.0
0.000536 -0.000618 3073.0
0.000536 -0.000618 3074.0
0.000536 -0.000618 3075.0
0.000536 -0.000618 3076.0
0.000536 -0.000618 3077.0
0.000536 -0.000618 3078.0
0.000536 -0.000618 3079.0
0.000536 -0.000617 3080.0
0.000536 -0.000617 3081.0
0.000536 -0.000617 3082.0
0.000536 -0.000617 3083.0
0.000536 -0.000617 3084.0
0.000536 -0.000617 3085.0
0.000536 -0.000617 3086.0
0.000536 -0.000617 3087.0
0.000536 -0.000617 3088.0
0.000536 -0.000617 3089.0
0.000536 -0.000617 3090.0
0.000536 -0.000617 3091.0
0.000536 -0.000617 3092.0
0.000536 -0.000617 3093.0
0.000536 -0.000617 3094.0
0.000536 -0.000617 3095.0
0.000536 -0.000617 3096.0
0.000536 -0.000617 3097.0
0.000536 -0.000617 3098.0
0.000536 -0.000617 3099.0
0.000536 -0.000617 3100.0
0.000536 -0.000617 3101.0
0.000536 -0.000617 3102.0
0.000536 -0.000617 3103.0
0.000536 -0.000617 3104.0
0.000536 -0.000617 3105.0
0.000536 -0.000617 3106.0
0.000536 -0.000617 3107.0
0.000536 -0.000617 3108.0
0.000536 -0.000617 3109.0
0.000536 -0.000617 3110.0
0.000536 -0.000617 3111.0
0.000536 -0.000617 3112.0
0.000536 -0.000617 3113.0
0.000536 -0.000617 3114.0
0.000536 -0.000617 3115.0
0.000536 -0.000617 3116.0
0.000536 -0.000617 3117.0
0.000536 -0.000617 3118.0
0.000536 -0.000617 3119.0
0.000536 -0.000617 3120.0
0.000536 -0.000617 3121.0
0.000536 -0.000617 3122.0
0.000536 -0.000617 3123.0
0.000536 -0.000617 3124.0
0.000536 -0.000617 3125.0
0.000536 -0.000617 3126.0
0.000536 -0.000617 3127.0
0.000536 -0.000617 3128.0
0.000536 -0.000617 3129.0
0.000536 -0.000617 3130.0
0.000536 -0.000617 3131.0
0.000536 -0.000617 3132.0
0.000536 -0.000617 3133.0
0.000536 -0.000617 3134.0
0.000536 -0.000617 3135.0
0.000536 -0.000617 3136.0
0.000536 -0.000617 3137.0
0.000536 -0.000617 3138.0
0.000536 -0.000617 3139.0
0.000536 -0.000617 3140.0
0.000536 -0.000617 3141.0
0.000536 -0.000617 3142.0
0.000536 -0.000617 3143.0
0.000536 -0.000617 3144.0
0.000536 -0.000617 3145.0
0.000536 -0.000617 3146.0
0.000537 -0.000617 3147.0
0.000537 -0.000617 3148.0
0.000537 -0.000617 3149.0
0.000537 -0.000617 3150.0
0.000537 -0.000617 3151.0
0.000537 -0.000617 3152.0
0.000537 -0.000617 3153.0
0.000537 -0.000617 3154.0
0.000537 -0.000617 3155.0
0.000537 -0.000617 3156.0
0.000537 -0.000617 3157.0
0.000537 -0.000617 3158.0
0.000537 -0.000617 3159.0
0.000537 -0.000617 3160.0
0.000537 -0.000617 3161.0
0.000537 -0.000617 3162.0
0.000537 -0.000617 3163.0
0.000537 -0.000617 3164.0
0.000537 -0.000617 3165.0
0.000537 -0.000617 3166.0
0.000537 -0.000617 3167.0
0.000537 -0.000617 3168.0
0.000537 -0.000617 3169.0
0.000537 -0.000617 3170.0
0.000537 -0.000617 3171.0
0.000537 -0.000617 3172.0
0.000537 -0.000617 3173.0
0.000537 -0.000617 3174.0
0.000537 -0.000617 3175.0
0.000537 -0.000617 3176.0
0.000537 -0.000617 3177.0
0.000537 -0.000617 3178.0
0.000537 -0.000617 3179.0
0.000537 -0.000617 3180.0
0.000537 -0.000617 3181.0
0.000537 -0.000617 3182.0
0.000537 -0.000617 3183.0
0.000537 -0.000617 3184.0
0.000537 -0.000617 3185.0
0.000537 -0.000617 3186.0
0.000537 -0.000617 3187.0
0.000537 -0.000617 3188.0
0.000537 -0.000617 3189.0
0.000537 -0.000617 3190.0
0.000537 -0.000617 3191.0
0.000537 -0.000617 3192.0
0.000537 -0.000617 3193.0
0.000537 -0.000617 3194.0
0.000537 -0.000617 3195.0
0.000537 -0.000617 3196.0
0.000537 -0.000617 3197.0
0.000537 -0.000617 3198.0
0.000537 -0.000617 3199.0
0.000537 -0.000617 3200.0
0.000537 -0.000617 3201.0
0.000537 -0.000617 3202.0
0.000537 -0.000617 3203.0
0.000537 -0.000617 3204.0
0.000537 -0.000617 3205.0
0.000537 -0.000617 3206.0
0.000537 -0.000617 3207.0
0.000537 -0.000617 3208.0
0.000537 -0.000617 3209.0
0.000537 -0.000617 3210.0
0.000537 -0.000617 3211.0
0.000537 -0.000617 3212.0
0.000537 -0.000617 3213.0
0.000537 -0.000617 3214.0
0.000537 -0.000617 3215.0
0.000537 -0.000617 3216.0
0.000537 -0.000617 3217.0
0.000537 -0.000617 3218.0
0.000537 -0.000617 3219.0
0.000537 -0.000617 3220.0
0.000537 -0.000617 3221.0
0.000537 -0.000617 3222.0
0.000537 -0.000617 3223.0
0.000537 -0.000617 3224.0
0.000537 -0.000617 3225.0
0.000537 -0.000617 3226.0
0.000537 -0.000617 3227.0
0.000537 -0.000617 3228.0
0.000537 -0.000617 3229.0
0.000537 -0.000617 3230.0
0.000537 -0.000617 3231.0
0.000537 -0.000617 3232.0
0.000537 -0.000617 3233.0
0.000537 -0.000617 3234.0
0.000537 -0.000617 3235.0
0.000537 -0.000617 3236.0
0.000537 -0.000617 3237.0
0.000537 -0.000617 3238.0
0.000537 -0.000617 3239.0
0.000537 -0.000617 3240.0
0.000537 -0.000617 3241.0
0.000537 -0.000617 3242.0
0.000537 -0.000617 3243.0
0.000537 -0.000617 3244.0
0.000537 -0.000617 3245.0
0.000537 -0.000617 3246.0
0.000537 -0.000617 3247.0
0.000537 -0.000617 3248.0
0.000537 -0.000617 3249.0
0.000537 -0.000617 3250.0
0.000537 -0.000617 3251.0
0.000537 -0.000617 3252.0
0.000537 -0.000617 3253.0
0.000537 -0.000617 3254.0
0.000537 -0.000617 3255.0
0.000537 -0.000617 3256.0
0.000537 -0.000617 3257.0
0.000537 -0.000617 3258.0
0.000537 -0.000617 3259.0
0.000537 -0.000617 3260.0
0.000537 -0.000617 3261.0
0.000537 -0.000617 3262.0
0.000537 -0.000617 3263.0
0.000537 -0.000617 3264.0
0.000537 -0.000617 3265.0
0.000537 -0.000617 3266.0
0.000537 -0.000617 3267.0
0.000537 -0.000617 3268.0
0.000537 -0.000616 3269.0
0.000537 -0.000617 3270.0
0.000537 -0.000617 3271.0
0.000537 -0.000617 3272.0
0.000537 -0.000617 3273.0
0.000537 -0.000617 3274.0
0.000537 -0.000617 3275.0
0.000537 -0.000617 3276.0
0.000537 -0.000617 3277.0
0.000537 -0.000617 3278.0
0.000537 -0.000617 3279.0
0.000537 -0.000617 3280.0
0.000537 -0.000617 3281.0
0.000537 -0.000617 3282.0
0.000537 -0.000617 3283.0
0.000537 -0.000617 3284.0
0.000537 -0.000617 3285.0
0.000537 -0.000617 3286.0
0.000537 -0.000617 3287.0
0.000537 -0.000617 3288.0
0.000537 -0.000617 3289.0
0.000537 -0.000617 3290.0
0.000537 -0.000617 3291.0
0.000537 -0.000617 3292.0
0.000537 -0.000617 3293.0
0.000537 -0.000617 3294.0
0.000537 -0.000617 3295.0
0.000537 -0.000617 3296.0
0.000537 -0.000617 3297.0
0.000537 -0.000617 3298.0
0.000537 -0.000617 3299.0
0.000537 -0.000617 3300.0
0.000537 -0.000617 3301.0
0.000537 -0.000617 3302.0
0.000537 -0.000617 3303.0
0.000537 -0.000617 3304.0
0.000537 -0.000617 3305.0
0.000537 -0.000617 3306.0
0.000537 -0.000617 3307.0
0.000537 -0.000617 3308.0
0.000537 -0.000617 3309.0
0.000537 -0.000617 3310.0
0.000537 -0.000617 3311.0
0.000537 -0.000617 3312.0
0.000537 -0.000617 3313.0
0.000537 -0.000617 3314.0
0.000537 -0.000617 3315.0
0.000537 -0.000617 3316.0
0.000537 -0.000617 3317.0
0.000537 -0.000617 3318.0
0.000537 -0.000617 3319.0
0.000537 -0.000617 3320.0
0.000537 -0.000617 3321.0
0.000537 -0.000617 3322.0
0.000537 -0.000617 3323.0
0.000537 -0.000617 3324.0
0.000537 -0.000617 3325.0
0.000537 -0.000617 3326.0
0.000537 -0.000617 3327.0
0.000537 -0.000617 3328.0
0.000537 -0.000617 3329.0
0.000537 -0.000617 3330.0
0.000536 -0.000617 3331.0
0.000536 -0.000617 3332.0
0.000536 -0.000617 3333.0
0.000536 -0.000617 3334.0
0.000536 -0.000617 3335.0
0.000536 -0.000617 3336.0
0.000536 -0.000617 3337.0
0.000536 -0.000617 3338.0
0.000536 -0.000617 3339.0
0.000536 -0.000617 3340.0
0.000536 -0.000617 3341.0
0.000536 -0.000617 3342.0
0.000536 -0.000617 3343.0
0.000536 -0.000617 3344.0
0.000536 -0.000617 3345.0
0.000536 -0.000617 3346.0
0.000536 -0.000617 3347.0
0.000536 -0.000617 3348.0
0.000536 -0.000617 3349.0
0.000536 -0.000617 3350.0
0.000536 -0.000617 3351.0
0.000536 -0.000617 3352.0
0.000536 -0.000617 3353.0
0.000536 -0.000617 3354.0
0.000536 -0.000617 3355.0
0.000536 -0.000617 3356.0
0.000536 -0.000617 3357.0
0.000536 -0.000617 3358.0
0.000536 -0.000617 3359.0
0.000536 -0.000617 3360.0
0.000536 -0.000617 3361.0
0.000536 -0.000617 3362.0
0.000536 -0.000617 3363.0
0.000536 -0.000617 3364.0
0.000536 -0.000617 3365.0
0.000536 -0.000617 3366.0
0.000536 -0.000617 3367.0
0.000536 -0.000617 3368.0
0.000536 -0.000617 3369.0
0.000536 -0.000617 3370.0
0.000536 -0.000617 3371.0
0.000536 -0.000617 3372.0
0.000536 -0.000617 3373.0
0.000536 -0.000617 3374.0
0.000536 -0.000617 3375.0
0.000536 -0.000617 3376.0
0.000536 -0.000617 3377.0
0.000536 -0.000617 3378.0
0.000536 -0.000617 3379.0
0.000536 -0.000617 3380.0
0.000536 -0.000617 3381.0
0.000536 -0.000617 3382.0
0.000536 -0.000617 3383.0
0.000536 -0.000617 3384.0
0.000536 -0.000617 3385.0
0.000536 -0.000617 3386.0
0.000536 -0.000617 3387.0
0.000536 -0.000617 3388.0
0.000536 -0.000617 3389.0
0.000536 -0.000617 3390.0
0.000536 -0.000617 3391.0
0.000536 -0.000617 3392.0
0.000536 -0.000617 3393.0
0.000536 -0.000617 3394.0
0.000536 -0.000617 3395.0
0.000536 -0.000617 3396.0
0.000536 -0.000617 3397.0
0.000536 -0.000617 3398.0
0.000536 -0.000617 3399.0
0.000536 -0.000617 3400.0
0.000536 -0.000617 3401.0
0.000536 -0.000617 3402.0
0.000536 -0.000617 3403.0
0.000536 -0.000617 3404.0
0.000536 -0.000617 3405.0
0.000536 -0.000617 3406.0
0.000536 -0.000617 3407.0
0.000536 -0.000617 3408.0
0.000536 -0.000617 3409.0
0.000536 -0.000617 3410.0
0.000536 -0.000617 3411.0
0.000536 -0.000617 3412.0
0.000536 -0.000617 3413.0
0.000536 -0.000617 3414.0
0.000536 -0.000617 3415.0
0.000536 -0.000617 3416.0
0.000536 -0.000617 3417.0
0.000536 -0.000617 3418.0
0.000536 -0.000617 3419.0
0.000536 -0.000617 3420.0
0.000536 -0.000617 3421.0
0.000536 -0.000617 3422.0
0.000536 -0.000617 3423.0
0.000536 -0.000617 3424.0
0.000536 -0.000617 3425.0
0.000536 -0.000617 3426.0
0.000536 -0.000617 3427.0
0.000536 -0.000617 3428.0
0.000536 -0.000617 3429.0
0.000536 -0.000617 3430.0
0.000536 -0.000617 3431.0
0.000536 -0.000617 3432.0
0.000536 -0.000617 3433.0
0.000536 -0.000617 3434.0
0.000536 -0.000617 3435.0
0.000536 -0.000617 3436.0
0.000536 -0.000617 3437.0
0.000536 -0.000617 3438.0
0.000536 -0.000617 3439.0
0.000536 -0.000617 3440.0
0.000536 -0.000618 3441.0
0.000536 -0.000618 3442.0
0.000536 -0.000618 3443.0
0.000536 -0.000618 3444.0
0.000536 -0.000618 3445.0
0.000536 -0.000618 3446.0
0.000536 -0.000618 3447.0
0.000536 -0.000618 3448.0
0.000536 -0.000618 3449.0
0.000536 -0.000618 3450.0
0.000536 -0.000618 3451.0
0.000536 -0.000618 3452.0
0.000537 -0.000618 3453.0
0.000537 -0.000618 3454.0
0.000537 -0.000618 3455.0
0.000537 -0.000618 3456.0
0.000537 -0.000618 3457.0
0.000537 -0.000618 3458.0
0.000538 -0.000618 3459.0
0.000538 -0.000618 3460.0
0.000538 -0.000618 3461.0
0.000538 -0.000618 3462.0
0.000538 -0.000618 3463.0
0.000538 -0.000618 3464.0
0.000538 -0.000618 3465.0
0.000539 -0.000618 3466.0
0.000539 -0.000618 3467.0
0.000539 -0.000618 3468.0
0.000539 -0.000618 3469.0
0.000539 -0.000618 3470.0
0.000539 -0.000618 3471.0
0.000540 -0.000618 3472.0
0.000540 -0.000618 3473.0
0.000540 -0.000618 3474.0
0.000540 -0.000618 3475.0
0.000540 -0.000618 3476.0
0.000540 -0.000618 3477.0
0.000541 -0.000618 3478.0
0.000541 -0.000618 3479.0
0.000541 -0.000618 3480.0
0.000541 -0.000618 3481.0
0.000541 -0.000618 3482.0
0.000541 -0.000618 3483.0
0.000542 -0.000618 3484.0
0.000542 -0.000618 3485.0
0.000542 -0.000618 3486.0
0.000542 -0.000618 3487.0
0.000542 -0.000618 3488.0
0.000542 -0.000618 3489.0
0.000543 -0.000618 3490.0
0.000543 -0.000618 3491.0
0.000543 -0.000618 3492.0
0.000543 -0.000618 3493.0
0.000543 -0.000618 3494.0
0.000543 -0.000618 3495.0
0.000543 -0.000618 3496.0
0.000544 -0.000618 3497.0
0.000544 -0.000618 3498.0
0.000544 -0.000618 3499.0
0.000544 -0.000618 3500.0
0.000544 -0.000618 3501.0
0.000544 -0.000618 3502.0
0.000545 -0.000618 3503.0
0.000545 -0.000618 3504.0
0.000545 -0.000618 3505.0
0.000545 -0.000618 3506.0
0.000545 -0.000618 3507.0
0.000545 -0.000618 3508.0
0.000546 -0.000618 3509.0
0.000546 -0.000618 3510.0
0.000546 -0.000618 3511.0
0.000546 -0.000618 3512.0
0.000546 -0.000618 3513.0
0.000546 -0.000618 3514.0
0.000546 -0.000618 3515.0
0.000546 -0.000618 3516.0
0.000546 -0.000618 3517.0
0.000546 -0.000618 3518.0
0.000546 -0.000618 3519.0
0.000546 -0.000618 3520.0
0.000546 -0.000618 3521.0
0.000546 -0.000618 3522.0
0.000546 -0.000618 3523.0
0.000546 -0.000618 3524.0
0.000546 -0.000618 3525.0
0.000546 -0.000618 3526.0
0.000546 -0.000618 3527.0
0.000546 -0.000618 3528.0
0.000546 -0.000618 3529.0
0.000546 -0.000618 3530.0
0.000546 -0.000618 3531.0
0.000546 -0.000618 3532.0
0.000546 -0.000618 3533.0
0.000546 -0.000618 3534.0
0.000546 -0.000618 3535.0
0.000546 -0.000618 3536.0
0.000546 -0.000618 3537.0
0.000546 -0.000618 3538.0
0.000546 -0.000618 3539.0
0.000546 -0.000618 3540.0
0.000546 -0.000618 3541.0
0.000546 -0.000618 3542.0
0.000546 -0.000618 3543.0
0.000546 -0.000618 3544.0
0.000546 -0.000618 3545.0
0.000546 -0.000618 3546.0
0.000546 -0.000618 3547.0
0.000546 -0.000618 3548.0
0.000546 -0.000618 3549.0
0.000546 -0.000618 3550.0
0.000546 -0.000618 3551.0
0.000546 -0.000618 3552.0
0.000546 -0.000618 3553.0
0.000546 -0.000618 3554.0
0.000546 -0.000618 3555.0
0.000546 -0.000618 3556.0
0.000546 -0.000618 3557.0
0.000546 -0.000618 3558.0
0.000546 -0.000618 3559.0
0.000546 -0.000618 3560.0
0.000546 -0.000618 3561.0
0.000546 -0.000618 3562.0
0.000546 -0.000618 3563.0
0.000546 -0.000618 3564.0
0.000546 -0.000618 3565.0
0.000546 -0.000618 3566.0
0.000546 -0.000618 3567.0
0.000546 -0.000618 3568.0
0.000546 -0.000618 3569.0
0.000546 -0.000618 3570.0
0.000546 -0.000618 3571.0
0.000546 -0.000618 3572.0
0.000546 -0.000618 3573.0
