0.000687 -0.000760 31.0
0.000687 -0.000760 32.0
0.000687 -0.000759 33.0
0.000687 -0.000759 34.0
0.000687 -0.000759 35.0
0.000687 -0.000758 36.0
0.000687 -0.000758 37.0
0.000688 -0.000758 38.0
0.000688 -0.000757 39.0
0.000688 -0.000757 40.0
0.000688 -0.000757 41.0
0.000688 -0.000756 42.0
0.000688 -0.000756 43.0
0.000688 -0.000756 44.0
0.000688 -0.000755 45.0
0.000688 -0.000755 46.0
0.000688 -0.000755 47.0
0.000688 -0.000754 48.0
0.000688 -0.000754 49.0
0.000688 -0.000754 50.0
0.000688 -0.000753 51.0
0.000688 -0.000753 52.0
0.000688 -0.000753 53.0
0.000688 -0.000752 54.0
0.000688 -0.000752 55.0
0.000688 -0.000752 56.0
0.000688 -0.000751 57.0
0.000688 -0.000751 58.0
0.000688 -0.000751 59.0
0.000688 -0.000750 60.0
0.000688 -0.000750 61.0
0.000688 -0.000750 62.0
0.000688 -0.000749 63.0
0.000688 -0.000749 64.0
0.000688 -0.000749 65.0
0.000688 -0.000748 66.0
0.000689 -0.000748 67.0
0.000689 -0.000748 68.0
0.000689 -0.000747 69.0
0.000689 -0.000747 70.0
0.000689 -0.000747 71.0
0.000689 -0.000746 72.0
0.000689 -0.000746 73.0
0.000689 -0.000746 74.0
0.000689 -0.000745 75.0
0.000689 -0.000745 76.0
0.000689 -0.000745 77.0
0.000689 -0.000744 78.0
0.000689 -0.000744 79.0
0.000689 -0.000744 80.0
0.000689 -0.000743 81.0
0.000689 -0.000743 82.0
0.000689 -0.000743 83.0
0.000689 -0.000742 84.0
0.000689 -0.000742 85.0
0.000689 -0.000742 86.0
0.000689 -0.000741 87.0
0.000689 -0.000741 88.0
0.000689 -0.000741 89.0
0.000689 -0.000740 90.0
0.000689 -0.000740 91.0
0.000689 -0.000740 92.0
0.000689 -0.000739 93.0
0.000689 -0.000739 94.0
0.000690 -0.000739 95.0
0.000690 -0.000739 96.0
0.000690 -0.000739 97.0
0.000691 -0.000739 98.0
0.000691 -0.000739 99.0
0.000692 -0.000739 100.0
0.000692 -0.000739 101.0
0.000692 -0.000739 102.0
0.000693 -0.000739 103.0
0.000693 -0.000739 104.0
0.000694 -0.000739 105.0
0.000694 -0.000739 106.0
0.000694 -0.000739 107.0
0.000695 -0.000739 108.0
0.000695 -0.000739 109.0
0.000696 -0.000739 110.0
0.000696 -0.000739 111.0
0.000697 -0.000739 112.0
0.000697 -0.000739 113.0
0.000697 -0.000739 114.0
0.000698 -0.000739 115.0
0.000698 -0.000739 116.0
0.000699 -0.000739 117.0
0.000699 -0.000739 118.0
0.000699 -0.000739 119.0
0.000700 -0.000739 120.0
0.000700 -0.000739 121.0
0.000701 -0.000739 122.0
0.000701 -0.000739 123.0
0.000701 -0.000739 124.0
0.000702 -0.000739 125.0
0.000702 -0.000739 126.0
0.000703 -0.000739 127.0
0.000703 -0.000739 128.0
0.000704 -0.000739 129.0
0.000704 -0.000739 130.0
0.000704 -0.000739 131.0
0.000705 -0.000739 132.0
0.000705 -0.000739 133.0
0.000706 -0.000739 134.0
0.000706 -0.000739 135.0
0.000706 -0.000739 136.0
0.000707 -0.000739 137.0
0.000707 -0.000739 138.0
0.000708 -0.000739 139.0
0.000708 -0.000739 140.0
0.000709 -0.000739 141.0
0.000709 -0.000739 142.0
0.000709 -0.000739 143.0
0.000710 -0.000739 144.0
0.000710 -0.000739 145.0
0.000711 -0.000739 146.0
0.000711 -0.000739 147.0
0.000711 -0.000739 148.0
0.000712 -0.000739 149.0
0.000712 -0.000739 150.0
0.000713 -0.000739 151.0
0.000713 -0.000739 152.0
0.000713 -0.000739 153.0
0.000714 -0.000739 154.0
0.000714 -0.000739 155.0
0.000715 -0.000739 156.0
0.000715 -0.000739 157.0
0.000716 -0.000739 158.0
0.000716 -0.000739 159.0
0.000716 -0.000739 160.0
0.000716 -0.000739 161.0
0.000717 -0.000739 162.0
0.000717 -0.000739 163.0
0.000718 -0.000739 164.0
0.000718 -0.000739 165.0
0.000719 -0.000739 166.0
0.000719 -0.000740 167.0
0.000720 -0.000740 168.0
0.000720 -0.000740 169.0
0.000721 -0.000740 170.0
0.000721 -0.000740 171.0
0.000722 -0.000740 172.0
0.000722 -0.000740 173.0
0.000723 -0.000740 174.0
0.000723 -0.000741 175.0
0.000724 -0.000741 176.0
0.000724 -0.000741 177.0
0.000725 -0.000741 178.0
0.000725 -0.000741 179.0
0.000726 -0.000741 180.0
0.000726 -0.000741 181.0
0.000727 -0.000741 182.0
0.000727 -0.000742 183.0
0.000728 -0.000742 184.0
0.000728 -0.000742 185.0
0.000729 -0.000742 186.0
0.000729 -0.000742 187.0
0.000730 -0.000742 188.0
0.000730 -0.000742 189.0
0.000731 -0.000742 190.0
0.000731 -0.000743 191.0
0.000732 -0.000743 192.0
0.000732 -0.000743 193.0
0.000733 -0.000743 194.0
0.000733 -0.000743 195.0
0.000734 -0.000743 196.0
0.000734 -0.000743 197.0
0.000735 -0.000743 198.0
0.000736 -0.000744 199.0
0.000736 -0.000744 200.0
0.000737 -0.000744 201.0
0.000737 -0.000744 202.0
0.000738 -0.000744 203.0
0.000738 -0.000744 204.0
0.000739 -0.000744 205.0
0.000739 -0.000744 206.0
0.000740 -0.000745 207.0
0.000740 -0.000745 208.0
0.000741 -0.000745 209.0
0.000741 -0.000745 210.0
0.000742 -0.000745 211.0
0.000742 -0.000745 212.0
0.000743 -0.000745 213.0
0.000743 -0.000745 214.0
0.000744 -0.000746 215.0
0.000744 -0.000746 216.0
0.000745 -0.000746 217.0
0.000745 -0.000746 218.0
0.000746 -0.000746 219.0
0.000746 -0.000746 220.0
0.000747 -0.000746 221.0
0.000747 -0.000746 222.0
0.000748 -0.000747 223.0
0.000748 -0.000745 224.0
0.000748 -0.000745 225.0
0.000749 -0.000745 226.0
0.000750 -0.000745 227.0
0.000750 -0.000746 228.0
0.000751 -0.000746 229.0
0.000752 -0.000746 230.0
0.000752 -0.000746 231.0
0.000753 -0.000746 232.0
0.000753 -0.000746 233.0
0.000754 -0.000747 234.0
0.000755 -0.000747 235.0
0.000755 -0.000747 236.0
0.000756 -0.000747 237.0
0.000756 -0.000747 238.0
0.000757 -0.000747 239.0
0.000758 -0.000748 240.0
0.000758 -0.000748 241.0
0.000759 -0.000748 242.0
0.000760 -0.000748 243.0
0.000760 -0.000748 244.0
0.000761 -0.000748 245.0
0.000761 -0.000749 246.0
0.000762 -0.000749 247.0
0.000763 -0.000749 248.0
0.000763 -0.000749 249.0
0.000764 -0.000749 250.0
0.000765 -0.000749 251.0
0.000765 -0.000750 252.0
0.000766 -0.000750 253.0
0.000766 -0.000750 254.0
0.000767 -0.000750 255.0
0.000768 -0.000750 256.0
0.000768 -0.000750 257.0
0.000769 -0.000750 258.0
0.000769 -0.000751 259.0
0.000770 -0.000751 260.0
0.000771 -0.000751 261.0
0.000771 -0.000751 262.0
0.000772 -0.000751 263.0
0.000773 -0.000751 264.0
0.000773 -0.000752 265.0
0.000774 -0.000752 266.0
0.000774 -0.000752 267.0
0.000775 -0.000752 268.0
0.000776 -0.000752 269.0
0.000776 -0.000752 270.0
0.000777 -0.000753 271.0
0.000778 -0.000753 272.0
0.000778 -0.000753 273.0
0.000779 -0.000753 274.0
0.000779 -0.000753 275.0
0.000780 -0.000752 276.0
0.000780 -0.000752 277.0
0.000780 -0.000751 278.0
0.000781 -0.000751 279.0
0.000781 -0.000751 280.0
0.000782 -0.000751 281.0
0.000782 -0.000751 282.0
0.000783 -0.000751 283.0
0.000783 -0.000751 284.0
0.000783 -0.000751 285.0
0.000784 -0.000751 286.0
0.000784 -0.000751 287.0
0.000785 -0.000750 288.0
0.000785 -0.000750 289.0
0.000785 -0.000750 290.0
0.000786 -0.000750 291.0
0.000786 -0.000750 292.0
0.000787 -0.000750 293.0
0.000787 -0.000750 294.0
0.000788 -0.000750 295.0
0.000788 -0.000750 296.0
0.000788 -0.000749 297.0
0.000789 -0.000749 298.0
0.000789 -0.000749 299.0
0.000790 -0.000749 300.0
0.000790 -0.000749 301.0
0.000790 -0.000749 302.0
0.000791 -0.000749 303.0
0.000791 -0.000749 304.0
0.000792 -0.000749 305.0
0.000792 -0.000749 306.0
0.000793 -0.000748 307.0
0.000793 -0.000748 308.0
0.000793 -0.000748 309.0
0.000794 -0.000748 310.0
0.000794 -0.000748 311.0
0.000795 -0.000748 312.0
0.000795 -0.000748 313.0
0.000796 -0.000748 314.0
0.000796 -0.000748 315.0
0.000796 -0.000748 316.0
0.000797 -0.000747 317.0
0.000797 -0.000747 318.0
0.000798 -0.000747 319.0
0.000798 -0.000747 320.0
0.000798 -0.000747 321.0
0.000799 -0.000747 322.0
0.000799 -0.000747 323.0
0.000800 -0.000747 324.0
0.000800 -0.000747 325.0
0.000801 -0.000747 326.0
0.000801 -0.000746 327.0
0.000801 -0.000746 328.0
0.000802 -0.000746 329.0
0.000802 -0.000746 330.0
0.000803 -0.000746 331.0
0.000803 -0.000746 332.0
0.000803 -0.000746 333.0
0.000804 -0.000746 334.0
0.000804 -0.000746 335.0
0.000805 -0.000746 336.0
0.000805 -0.000745 337.0
0.000806 -0.000745 338.0
0.000806 -0.000745 339.0
0.000806 -0.000745 340.0
0.000807 -0.000745 341.0
0.000807 -0.000745 342.0
0.000808 -0.000745 343.0
0.000808 -0.000745 344.0
0.000808 -0.000745 345.0
0.000809 -0.000745 346.0
0.000809 -0.000744 347.0
0.000810 -0.000744 348.0
0.000810 -0.000744 349.0
0.000811 -0.000744 350.0
0.000811 -0.000744 351.0
0.000811 -0.000744 352.0
0.000812 -0.000744 353.0
0.000812 -0.000744 354.0
0.000812 -0.000745 355.0
0.000813 -0.000745 356.0
0.000813 -0.000746 357.0
0.000813 -0.000746 358.0
0.000813 -0.000746 359.0
0.000813 -0.000746 360.0
0.000814 -0.000746 361.0
0.000814 -0.000746 362.0
0.000814 -0.000747 363.0
0.000814 -0.000747 364.0
0.000815 -0.000747 365.0
0.000815 -0.000747 366.0
0.000815 -0.000747 367.0
0.000815 -0.000747 368.0
0.000815 -0.000748 369.0
0.000816 -0.000748 370.0
0.000816 -0.000748 371.0
0.000816 -0.000748 372.0
0.000816 -0.000748 373.0
0.000816 -0.000748 374.0
0.000817 -0.000749 375.0
0.000817 -0.000749 376.0
0.000817 -0.000749 377.0
0.000817 -0.000749 378.0
0.000817 -0.000749 379.0
0.000818 -0.000749 380.0
0.000818 -0.000750 381.0
0.000818 -0.000750 382.0
0.000818 -0.000750 383.0
0.000818 -0.000750 384.0
0.000819 -0.000750 385.0
0.000819 -0.000750 386.0
0.000819 -0.000751 387.0
0.000819 -0.000751 388.0
0.000820 -0.000751 389.0
0.000820 -0.000751 390.0
0.000820 -0.000751 391.0
0.000820 -0.000751 392.0
0.000820 -0.000752 393.0
0.000821 -0.000752 394.0
0.000821 -0.000752 395.0
0.000821 -0.000752 396.0
0.000821 -0.000752 397.0
0.000821 -0.000752 398.0
0.000822 -0.000753 399.0
0.000822 -0.000753 400.0
0.000822 -0.000753 401.0
0.000822 -0.000753 402.0
0.000822 -0.000753 403.0
0.000823 -0.000753 404.0
0.000823 -0.000754 405.0
0.000823 -0.000754 406.0
0.000823 -0.000754 407.0
0.000823 -0.000754 408.0
0.000824 -0.000754 409.0
0.000824 -0.000754 410.0
0.000824 -0.000755 411.0
0.000824 -0.000755 412.0
0.000824 -0.000755 413.0
0.000825 -0.000755 414.0
0.000825 -0.000755 415.0
0.000825 -0.000755 416.0
0.000825 -0.000756 417.0
0.000826 -0.000756 418.0
0.000826 -0.000756 419.0
0.000826 -0.000756 420.0
0.000826 -0.000756 421.0
0.000826 -0.000756 422.0
0.000827 -0.000757 423.0
0.000827 -0.000757 424.0
0.000827 -0.000757 425.0
0.000827 -0.000757 426.0
0.000827 -0.000757 427.0
0.000828 -0.000757 428.0
0.000828 -0.000757 429.0
0.000828 -0.000758 430.0
0.000828 -0.000758 431.0
0.000828 -0.000758 432.0
0.000829 -0.000758 433.0
0.000829 -0.000758 434.0
0.000829 -0.000758 435.0
0.000829 -0.000759 436.0
0.000829 -0.000759 437.0
0.000830 -0.000759 438.0
0.000830 -0.000759 439.0
0.000830 -0.000759 440.0
0.000830 -0.000759 441.0
0.000831 -0.000760 442.0
0.000831 -0.000760 443.0
0.000831 -0.000760 444.0
0.000831 -0.000760 445.0
0.000831 -0.000760 446.0
0.000832 -0.000760 447.0
0.000832 -0.000761 448.0
0.000832 -0.000761 449.0
0.000832 -0.000761 450.0
0.000832 -0.000761 451.0
0.000833 -0.000761 452.0
0.000833 -0.000761 453.0
0.000833 -0.000762 454.0
0.000833 -0.000762 455.0
0.000833 -0.000762 456.0
0.000834 -0.000762 457.0
0.000834 -0.000762 458.0
0.000834 -0.000762 459.0
0.000834 -0.000763 460.0
0.000834 -0.000763 461.0
0.000835 -0.000763 462.0
0.000835 -0.000763 463.0
0.000835 -0.000763 464.0
0.000835 -0.000763 465.0
0.000836 -0.000764 466.0
0.000836 -0.000764 467.0
0.000836 -0.000764 468.0
0.000836 -0.000764 469.0
0.000836 -0.000764 470.0
0.000837 -0.000764 471.0
0.000837 -0.000765 472.0
0.000838 -0.000762 473.0
0.000838 -0.000762 474.0
0.000838 -0.000762 475.0
0.000838 -0.000762 476.0
0.000838 -0.000762 477.0
0.000838 -0.000762 478.0
0.000838 -0.000762 479.0
0.000838 -0.000762 480.0
0.000838 -0.000761 481.0
0.000838 -0.000761 482.0
0.000838 -0.000761 483.0
0.000838 -0.000761 484.0
0.000838 -0.000761 485.0
0.000838 -0.000761 486.0
0.000838 -0.000761 487.0
0.000838 -0.000761 488.0
0.000838 -0.000761 489.0
0.000838 -0.000761 490.0
0.000838 -0.000761 491.0
0.000838 -0.000761 492.0
0.000838 -0.000761 493.0
0.000838 -0.000761 494.0
0.000838 -0.000761 495.0
0.000838 -0.000761 496.0
0.000838 -0.000761 497.0
0.000838 -0.000761 498.0
0.000838 -0.000761 499.0
0.000838 -0.000761 500.0
0.000838 -0.000761 501.0
0.000838 -0.000761 502.0
0.000838 -0.000761 503.0
0.000838 -0.000761 504.0
0.000838 -0.000761 505.0
0.000838 -0.000761 506.0
0.000838 -0.000761 507.0
0.000838 -0.000761 508.0
0.000838 -0.000761 509.0
0.000838 -0.000761 510.0
0.000838 -0.000761 511.0
0.000838 -0.000761 512.0
0.000838 -0.000761 513.0
0.000838 -0.000761 514.0
0.000838 -0.000761 515.0
0.000838 -0.000761 516.0
0.000838 -0.000761 517.0
0.000838 -0.000761 518.0
0.000838 -0.000761 519.0
0.000838 -0.000761 520.0
0.000838 -0.000761 521.0
0.000838 -0.000761 522.0
0.000838 -0.000761 523.0
0.000838 -0.000761 524.0
0.000838 -0.000761 525.0
0.000838 -0.000761 526.0
0.000838 -0.000761 527.0
0.000838 -0.000761 528.0
0.000838 -0.000761 529.0
0.000838 -0.000761 530.0
0.000838 -0.000761 531.0
0.000838 -0.000761 532.0
0.000838 -0.000761 533.0
0.000838 -0.000761 534.0
0.000838 -0.000761 535.0
0.000838 -0.000761 536.0
0.000838 -0.000761 537.0
0.000838 -0.000761 538.0
0.000838 -0.000761 539.0
0.000838 -0.000761 540.0
0.000838 -0.000761 541.0
0.000838 -0.000761 542.0
0.000838 -0.000761 543.0
0.000838 -0.000761 544.0
0.000838 -0.000761 545.0
0.000838 -0.000761 546.0
0.000838 -0.000761 547.0
0.000838 -0.000761 548.0
0.000838 -0.000761 549.0
0.000838 -0.000761 550.0
0.000838 -0.000761 551.0
0.000838 -0.000761 552.0
0.000838 -0.000761 553.0
0.000838 -0.000761 554.0
0.000838 -0.000761 555.0
0.000838 -0.000761 556.0
0.000838 -0.000761 557.0
0.000838 -0.000761 558.0
0.000838 -0.000761 559.0
0.000838 -0.000761 560.0
0.000838 -0.000761 561.0
0.000838 -0.000761 562.0
0.000838 -0.000761 563.0
0.000838 -0.000761 564.0
0.000838 -0.000761 565.0
0.000838 -0.000761 566.0
0.000838 -0.000761 567.0
0.000838 -0.000761 568.0
0.000838 -0.000761 569.0
0.000838 -0.000761 570.0
0.000838 -0.000761 571.0
0.000838 -0.000761 572.0
0.000838 -0.000761 573.0
0.000838 -0.000761 574.0
0.000838 -0.000761 575.0
0.000838 -0.000761 576.0
0.000838 -0.000761 577.0
0.000838 -0.000761 578.0
0.000838 -0.000761 579.0
0.000838 -0.000761 580.0
0.000838 -0.000761 581.0
0.000838 -0.000761 582.0
0.000838 -0.000761 583.0
0.000838 -0.000761 584.0
0.000838 -0.000761 585.0
0.000838 -0.000761 586.0
0.000838 -0.000761 587.0
0.000838 -0.000761 588.0
0.000838 -0.000761 589.0
0.000838 -0.000761 590.0
0.000838 -0.000761 591.0
0.000838 -0.000761 592.0
0.000838 -0.000761 593.0
0.000838 -0.000761 594.0
0.000838 -0.000761 595.0
0.000838 -0.000761 596.0
0.000838 -0.000761 597.0
0.000838 -0.000761 598.0
0.000838 -0.000761 599.0
0.000838 -0.000761 600.0
0.000838 -0.000761 601.0
0.000838 -0.000761 602.0
0.000838 -0.000761 603.0
0.000838 -0.000761 604.0
0.000838 -0.000761 605.0
0.000838 -0.000761 606.0
0.000838 -0.000761 607.0
0.000838 -0.000761 608.0
0.000838 -0.000762 609.0
0.000838 -0.000762 610.0
0.000838 -0.000762 611.0
0.000838 -0.000762 612.0
0.000838 -0.000762 613.0
0.000838 -0.000762 614.0
0.000838 -0.000762 615.0
0.000838 -0.000762 616.0
0.000838 -0.000762 617.0
0.000838 -0.000762 618.0
0.000838 -0.000762 619.0
0.000838 -0.000762 620.0
0.000838 -0.000762 621.0
0.000838 -0.000762 622.0
0.000838 -0.000762 623.0
0.000838 -0.000762 624.0
0.000838 -0.000762 625.0
0.000838 -0.000762 626.0
0.000838 -0.000762 627.0
0.000838 -0.000762 628.0
0.000838 -0.000762 629.0
0.000838 -0.000762 630.0
0.000838 -0.000762 631.0
0.000838 -0.000762 632.0
0.000838 -0.000762 633.0
0.000838 -0.000762 634.0
0.000838 -0.000762 635.0
0.000838 -0.000762 636.0
0.000838 -0.000762 637.0
0.000838 -0.000762 638.0
0.000838 -0.000762 639.0
0.000838 -0.000762 640.0
0.000838 -0.000762 641.0
0.000838 -0.000762 642.0
0.000838 -0.000762 643.0
0.000838 -0.000762 644.0
0.000838 -0.000762 645.0
0.000838 -0.000762 646.0
0.000838 -0.000762 647.0
0.000838 -0.000762 648.0
0.000838 -0.000762 649.0
0.000838 -0.000762 650.0
0.000838 -0.000762 651.0
0.000838 -0.000762 652.0
0.000838 -0.000762 653.0
0.000838 -0.000762 654.0
0.000838 -0.000762 655.0
0.000838 -0.000762 656.0
0.000838 -0.000762 657.0
0.000838 -0.000762 658.0
0.000838 -0.000762 659.0
0.000838 -0.000762 660.0
0.000838 -0.000762 661.0
0.000838 -0.000762 662.0
0.000838 -0.000762 663.0
0.000838 -0.000762 664.0
0.000838 -0.000762 665.0
0.000838 -0.000762 666.0
0.000838 -0.000762 667.0
0.000838 -0.000762 668.0
0.000838 -0.000762 669.0
0.000838 -0.000762 670.0
0.000838 -0.000762 671.0
0.000838 -0.000762 672.0
0.000838 -0.000762 673.0
0.000838 -0.000762 674.0
0.000838 -0.000762 675.0
0.000838 -0.000762 676.0
0.000838 -0.000762 677.0
0.000838 -0.000762 678.0
0.000838 -0.000762 679.0
0.000838 -0.000762 680.0
0.000838 -0.000762 681.0
0.000838 -0.000762 682.0
0.000838 -0.000762 683.0
0.000838 -0.000762 684.0
0.000838 -0.000762 685.0
0.000838 -0.000762 686.0
0.000838 -0.000762 687.0
0.000838 -0.000762 688.0
0.000838 -0.000762 689.0
0.000838 -0.000762 690.0
0.000838 -0.000762 691.0
0.000838 -0.000762 692.0
0.000838 -0.000762 693.0
0.000838 -0.000762 694.0
0.000838 -0.000762 695.0
0.000838 -0.000762 696.0
0.000838 -0.000762 697.0
0.000838 -0.000762 698.0
0.000838 -0.000762 699.0
0.000838 -0.000762 700.0
0.000838 -0.000762 701.0
0.000838 -0.000762 702.0
0.000838 -0.000762 703.0
0.000838 -0.000762 704.0
0.000838 -0.000762 705.0
0.000838 -0.000762 706.0
0.000838 -0.000762 707.0
0.000838 -0.000762 708.0
0.000838 -0.000762 709.0
0.000838 -0.000762 710.0
0.000838 -0.000762 711.0
0.000838 -0.000762 712.0
0.000838 -0.000762 713.0
0.000838 -0.000762 714.0
0.000838 -0.000762 715.0
0.000838 -0.000762 716.0
0.000838 -0.000762 717.0
0.000838 -0.000762 718.0
0.000838 -0.000762 719.0
0.000838 -0.000762 720.0
0.000838 -0.000762 721.0
0.000838 -0.000762 722.0
0.000838 -0.000762 723.0
0.000838 -0.000762 724.0
0.000838 -0.000762 725.0
0.000838 -0.000762 726.0
0.000838 -0.000762 727.0
0.000838 -0.000762 728.0
0.000838 -0.000762 729.0
0.000838 -0.000762 730.0
0.000838 -0.000762 731.0
0.000838 -0.000762 732.0
0.000838 -0.000762 733.0
0.000838 -0.000762 734.0
0.000838 -0.000762 735.0
0.000838 -0.000762 736.0
0.000838 -0.000762 737.0
0.000838 -0.000762 738.0
0.000838 -0.000762 739.0
0.000838 -0.000762 740.0
0.000838 -0.000762 741.0
0.000838 -0.000762 742.0
0.000838 -0.000762 743.0
0.000838 -0.000762 744.0
0.000838 -0.000762 745.0
0.000838 -0.000762 746.0
0.000838 -0.000762 747.0
0.000838 -0.000761 748.0
0.000837 -0.000761 749.0
0.000837 -0.000761 750.0
0.000837 -0.000761 751.0
0.000837 -0.000760 752.0
0.000836 -0.000760 753.0
0.000836 -0.000760 754.0
0.000836 -0.000759 755.0
0.000836 -0.000759 756.0
0.000835 -0.000759 757.0
0.000835 -0.000758 758.0
0.000835 -0.000758 759.0
0.000835 -0.000758 760.0
0.000835 -0.000758 761.0
0.000834 -0.000757 762.0
0.000834 -0.000757 763.0
0.000834 -0.000757 764.0
0.000834 -0.000756 765.0
0.000833 -0.000756 766.0
0.000833 -0.000756 767.0
0.000833 -0.000755 768.0
0.000833 -0.000755 769.0
0.000832 -0.000755 770.0
0.000832 -0.000755 771.0
0.000832 -0.000754 772.0
0.000832 -0.000754 773.0
0.000831 -0.000754 774.0
0.000831 -0.000753 775.0
0.000831 -0.000753 776.0
0.000831 -0.000753 777.0
0.000830 -0.000752 778.0
0.000830 -0.000752 779.0
0.000830 -0.000752 780.0
0.000830 -0.000752 781.0
0.000829 -0.000751 782.0
0.000829 -0.000751 783.0
0.000829 -0.000751 784.0
0.000829 -0.000750 785.0
0.000828 -0.000750 786.0
0.000828 -0.000750 787.0
0.000828 -0.000749 788.0
0.000828 -0.000749 789.0
0.000827 -0.000749 790.0
0.000827 -0.000749 791.0
0.000827 -0.000748 792.0
0.000827 -0.000748 793.0
0.000826 -0.000748 794.0
0.000826 -0.000747 795.0
0.000825 -0.000749 796.0
0.000825 -0.000749 797.0
0.000824 -0.000749 798.0
0.000824 -0.000749 799.0
0.000824 -0.000749 800.0
0.000823 -0.000749 801.0
0.000823 -0.000748 802.0
0.000823 -0.000748 803.0
0.000822 -0.000748 804.0
0.000822 -0.000748 805.0
0.000822 -0.000748 806.0
0.000821 -0.000748 807.0
0.000821 -0.000748 808.0
0.000820 -0.000748 809.0
0.000820 -0.000748 810.0
0.000820 -0.000747 811.0
0.000819 -0.000747 812.0
0.000819 -0.000747 813.0
0.000819 -0.000747 814.0
0.000818 -0.000747 815.0
0.000818 -0.000747 816.0
0.000818 -0.000747 817.0
0.000817 -0.000747 818.0
0.000817 -0.000747 819.0
0.000817 -0.000746 820.0
0.000816 -0.000746 821.0
0.000816 -0.000746 822.0
0.000816 -0.000746 823.0
0.000815 -0.000746 824.0
0.000815 -0.000746 825.0
0.000815 -0.000746 826.0
0.000814 -0.000746 827.0
0.000814 -0.000746 828.0
0.000814 -0.000746 829.0
0.000813 -0.000745 830.0
0.000813 -0.000745 831.0
0.000813 -0.000745 832.0
0.000812 -0.000745 833.0
0.000812 -0.000745 834.0
0.000812 -0.000745 835.0
0.000811 -0.000745 836.0
0.000811 -0.000745 837.0
0.000811 -0.000745 838.0
0.000810 -0.000744 839.0
0.000810 -0.000744 840.0
0.000810 -0.000744 841.0
0.000809 -0.000744 842.0
0.000809 -0.000744 843.0
0.000809 -0.000744 844.0
0.000808 -0.000744 845.0
0.000808 -0.000744 846.0
0.000808 -0.000744 847.0
0.000807 -0.000743 848.0
0.000807 -0.000743 849.0
0.000807 -0.000743 850.0
0.000806 -0.000743 851.0
0.000806 -0.000743 852.0
0.000806 -0.000743 853.0
0.000805 -0.000743 854.0
0.000805 -0.000743 855.0
0.000805 -0.000743 856.0
0.000804 -0.000743 857.0
0.000804 -0.000742 858.0
0.000804 -0.000742 859.0
0.000803 -0.000742 860.0
0.000803 -0.000744 861.0
0.000803 -0.000743 862.0
0.000803 -0.000743 863.0
0.000802 -0.000743 864.0
0.000802 -0.000743 865.0
0.000802 -0.000743 866.0
0.000801 -0.000743 867.0
0.000801 -0.000743 868.0
0.000801 -0.000743 869.0
0.000800 -0.000743 870.0
0.000800 -0.000743 871.0
0.000800 -0.000743 872.0
0.000800 -0.000743 873.0
0.000799 -0.000743 874.0
0.000799 -0.000743 875.0
0.000799 -0.000742 876.0
0.000798 -0.000742 877.0
0.000798 -0.000742 878.0
0.000798 -0.000742 879.0
0.000797 -0.000742 880.0
0.000797 -0.000742 881.0
0.000797 -0.000742 882.0
0.000797 -0.000742 883.0
0.000796 -0.000742 884.0
0.000796 -0.000742 885.0
0.000796 -0.000742 886.0
0.000795 -0.000742 887.0
0.000795 -0.000742 888.0
0.000795 -0.000741 889.0
0.000794 -0.000741 890.0
0.000794 -0.000741 891.0
0.000794 -0.000741 892.0
0.000794 -0.000741 893.0
0.000793 -0.000741 894.0
0.000793 -0.000741 895.0
0.000793 -0.000741 896.0
0.000792 -0.000741 897.0
0.000792 -0.000741 898.0
0.000792 -0.000741 899.0
0.000792 -0.000741 900.0
0.000791 -0.000741 901.0
0.000791 -0.000741 902.0
0.000791 -0.000740 903.0
0.000790 -0.000740 904.0
0.000790 -0.000740 905.0
0.000790 -0.000740 906.0
0.000789 -0.000740 907.0
0.000789 -0.000740 908.0
0.000789 -0.000740 909.0
0.000789 -0.000740 910.0
0.000788 -0.000740 911.0
0.000788 -0.000740 912.0
0.000788 -0.000740 913.0
0.000787 -0.000740 914.0
0.000787 -0.000740 915.0
0.000787 -0.000740 916.0
0.000786 -0.000739 917.0
0.000786 -0.000739 918.0
0.000786 -0.000739 919.0
0.000786 -0.000739 920.0
0.000785 -0.000740 921.0
0.000785 -0.000740 922.0
0.000785 -0.000740 923.0
0.000785 -0.000740 924.0
0.000785 -0.000740 925.0
0.000785 -0.000740 926.0
0.000785 -0.000740 927.0
0.000785 -0.000740 928.0
0.000784 -0.000740 929.0
0.000784 -0.000740 930.0
0.000784 -0.000740 931.0
0.000784 -0.000740 932.0
0.000784 -0.000740 933.0
0.000784 -0.000740 934.0
0.000784 -0.000740 935.0
0.000784 -0.000740 936.0
0.000783 -0.000740 937.0
0.000783 -0.000740 938.0
0.000783 -0.000740 939.0
0.000783 -0.000740 940.0
0.000783 -0.000740 941.0
0.000783 -0.000740 942.0
0.000783 -0.000740 943.0
0.000783 -0.000740 944.0
0.000783 -0.000740 945.0
0.000782 -0.000740 946.0
0.000782 -0.000740 947.0
0.000782 -0.000740 948.0
0.000782 -0.000739 949.0
0.000782 -0.000739 950.0
0.000782 -0.000739 951.0
0.000782 -0.000739 952.0
0.000782 -0.000739 953.0
0.000782 -0.000739 954.0
0.000781 -0.000739 955.0
0.000781 -0.000739 956.0
0.000781 -0.000739 957.0
0.000781 -0.000739 958.0
0.000781 -0.000739 959.0
0.000781 -0.000739 960.0
0.000781 -0.000739 961.0
0.000781 -0.000739 962.0
0.000780 -0.000739 963.0
0.000780 -0.000739 964.0
0.000780 -0.000739 965.0
0.000780 -0.000739 966.0
0.000780 -0.000739 967.0
0.000780 -0.000739 968.0
0.000780 -0.000739 969.0
0.000780 -0.000739 970.0
0.000780 -0.000739 971.0
0.000779 -0.000739 972.0
0.000779 -0.000739 973.0
0.000779 -0.000739 974.0
0.000779 -0.000739 975.0
0.000779 -0.000739 976.0
0.000779 -0.000739 977.0
0.000779 -0.000739 978.0
0.000779 -0.000739 979.0
0.000779 -0.000739 980.0
0.000778 -0.000739 981.0
0.000778 -0.000739 982.0
0.000778 -0.000739 983.0
0.000778 -0.000739 984.0
0.000778 -0.000739 985.0
0.000778 -0.000739 986.0
0.000778 -0.000739 987.0
0.000778 -0.000738 988.0
0.000778 -0.000738 989.0
0.000778 -0.000737 990.0
0.000778 -0.000737 991.0
0.000778 -0.000736 992.0
0.000778 -0.000735 993.0
0.000778 -0.000735 994.0
0.000778 -0.000734 995.0
0.000778 -0.000733 996.0
0.000778 -0.000733 997.0
0.000778 -0.000732 998.0
0.000779 -0.000732 999.0
0.000779 -0.000731 1000.0
0.000779 -0.000730 1001.0
0.000779 -0.000730 1002.0
0.000779 -0.000729 1003.0
0.000779 -0.000728 1004.0
0.000779 -0.000728 1005.0
0.000779 -0.000727 1006.0
0.000779 -0.000727 1007.0
0.000779 -0.000726 1008.0
0.000779 -0.000725 1009.0
0.000779 -0.000725 1010.0
0.000779 -0.000724 1011.0
0.000779 -0.000724 1012.0
0.000779 -0.000723 1013.0
0.000779 -0.000722 1014.0
0.000779 -0.000722 1015.0
0.000780 -0.000721 1016.0
0.000780 -0.000720 1017.0
0.000780 -0.000720 1018.0
0.000780 -0.000719 1019.0
0.000780 -0.000719 1020.0
0.000780 -0.000718 1021.0
0.000780 -0.000717 1022.0
0.000780 -0.000717 1023.0
0.000780 -0.000716 1024.0
0.000780 -0.000716 1025.0
0.000780 -0.000715 1026.0
0.000780 -0.000714 1027.0
0.000780 -0.000714 1028.0
0.000780 -0.000713 1029.0
0.000780 -0.000712 1030.0
0.000780 -0.000712 1031.0
0.000780 -0.000711 1032.0
0.000780 -0.000711 1033.0
0.000781 -0.000710 1034.0
0.000781 -0.000709 1035.0
0.000781 -0.000709 1036.0
0.000781 -0.000708 1037.0
0.000781 -0.000708 1038.0
0.000781 -0.000707 1039.0
0.000781 -0.000706 1040.0
0.000781 -0.000706 1041.0
0.000781 -0.000705 1042.0
0.000781 -0.000704 1043.0
0.000781 -0.000704 1044.0
0.000781 -0.000703 1045.0
0.000781 -0.000703 1046.0
0.000781 -0.000702 1047.0
0.000781 -0.000701 1048.0
0.000781 -0.000701 1049.0
0.000781 -0.000700 1050.0
0.000782 -0.000699 1051.0
0.000782 -0.000699 1052.0
0.000782 -0.000698 1053.0
0.000782 -0.000698 1054.0
0.000783 -0.000698 1055.0
0.000783 -0.000697 1056.0
0.000783 -0.000696 1057.0
0.000783 -0.000695 1058.0
0.000783 -0.000694 1059.0
0.000783 -0.000693 1060.0
0.000783 -0.000692 1061.0
0.000783 -0.000691 1062.0
0.000783 -0.000690 1063.0
0.000783 -0.000689 1064.0
0.000783 -0.000688 1065.0
0.000783 -0.000687 1066.0
0.000782 -0.000687 1067.0
0.000782 -0.000686 1068.0
0.000782 -0.000685 1069.0
0.000782 -0.000684 1070.0
0.000782 -0.000683 1071.0
0.000782 -0.000682 1072.0
0.000782 -0.000681 1073.0
0.000782 -0.000680 1074.0
0.000782 -0.000679 1075.0
0.000782 -0.000678 1076.0
0.000782 -0.000677 1077.0
0.000782 -0.000676 1078.0
0.000782 -0.000675 1079.0
0.000782 -0.000674 1080.0
0.000782 -0.000673 1081.0
0.000782 -0.000672 1082.0
0.000782 -0.000671 1083.0
0.000782 -0.000671 1084.0
0.000782 -0.000670 1085.0
0.000782 -0.000669 1086.0
0.000782 -0.000668 1087.0
0.000782 -0.000667 1088.0
0.000782 -0.000666 1089.0
0.000782 -0.000665 1090.0
0.000782 -0.000664 1091.0
0.000782 -0.000663 1092.0
0.000782 -0.000662 1093.0
0.000782 -0.000661 1094.0
0.000782 -0.000660 1095.0
0.000782 -0.000659 1096.0
0.000782 -0.000658 1097.0
0.000782 -0.000657 1098.0
0.000782 -0.000656 1099.0
0.000782 -0.000656 1100.0
0.000782 -0.000655 1101.0
0.000782 -0.000654 1102.0
0.000782 -0.000653 1103.0
0.000782 -0.000652 1104.0
0.000782 -0.000651 1105.0
0.000782 -0.000650 1106.0
0.000782 -0.000649 1107.0
0.000782 -0.000649 1108.0
0.000781 -0.000649 1109.0
0.000780 -0.000648 1110.0
0.000779 -0.000648 1111.0
0.000778 -0.000648 1112.0
0.000777 -0.000648 1113.0
0.000776 -0.000647 1114.0
0.000775 -0.000647 1115.0
0.000774 -0.000647 1116.0
0.000774 -0.000647 1117.0
0.000773 -0.000647 1118.0
0.000772 -0.000646 1119.0
0.000771 -0.000646 1120.0
0.000770 -0.000646 1121.0
0.000769 -0.000646 1122.0
0.000768 -0.000645 1123.0
0.000767 -0.000645 1124.0
0.000766 -0.000645 1125.0
0.000765 -0.000645 1126.0
0.000764 -0.000644 1127.0
0.000763 -0.000644 1128.0
0.000763 -0.000644 1129.0
0.000762 -0.000644 1130.0
0.000761 -0.000643 1131.0
0.000760 -0.000643 1132.0
0.000759 -0.000643 1133.0
0.000758 -0.000643 1134.0
0.000757 -0.000642 1135.0
0.000756 -0.000642 1136.0
0.000755 -0.000642 1137.0
0.000754 -0.000642 1138.0
0.000753 -0.000641 1139.0
0.000752 -0.000641 1140.0
0.000752 -0.000641 1141.0
0.000751 -0.000641 1142.0
0.000750 -0.000640 1143.0
0.000749 -0.000640 1144.0
0.000748 -0.000640 1145.0
0.000747 -0.000640 1146.0
0.000746 -0.000639 1147.0
0.000745 -0.000639 1148.0
0.000744 -0.000639 1149.0
0.000743 -0.000639 1150.0
0.000742 -0.000638 1151.0
0.000741 -0.000638 1152.0
0.000741 -0.000638 1153.0
0.000740 -0.000638 1154.0
0.000739 -0.000638 1155.0
0.000738 -0.000637 1156.0
0.000737 -0.000637 1157.0
0.000736 -0.000637 1158.0
0.000735 -0.000637 1159.0
0.000734 -0.000636 1160.0
0.000733 -0.000636 1161.0
0.000732 -0.000636 1162.0
0.000732 -0.000638 1163.0
0.000731 -0.000638 1164.0
0.000731 -0.000638 1165.0
0.000730 -0.000638 1166.0
0.000730 -0.000638 1167.0
0.000729 -0.000638 1168.0
0.000729 -0.000638 1169.0
0.000728 -0.000637 1170.0
0.000728 -0.000637 1171.0
0.000727 -0.000637 1172.0
0.000726 -0.000637 1173.0
0.000726 -0.000637 1174.0
0.000725 -0.000637 1175.0
0.000725 -0.000637 1176.0
0.000724 -0.000636 1177.0
0.000724 -0.000636 1178.0
0.000723 -0.000636 1179.0
0.000723 -0.000636 1180.0
0.000722 -0.000636 1181.0
0.000721 -0.000636 1182.0
0.000721 -0.000636 1183.0
0.000720 -0.000636 1184.0
0.000720 -0.000635 1185.0
0.000719 -0.000635 1186.0
0.000719 -0.000635 1187.0
0.000718 -0.000635 1188.0
0.000718 -0.000635 1189.0
0.000717 -0.000635 1190.0
0.000717 -0.000635 1191.0
0.000716 -0.000634 1192.0
0.000715 -0.000634 1193.0
0.000715 -0.000634 1194.0
0.000714 -0.000634 1195.0
0.000714 -0.000634 1196.0
0.000713 -0.000634 1197.0
0.000713 -0.000634 1198.0
0.000712 -0.000633 1199.0
0.000712 -0.000633 1200.0
0.000711 -0.000633 1201.0
0.000711 -0.000633 1202.0
0.000710 -0.000633 1203.0
0.000709 -0.000633 1204.0
0.000709 -0.000633 1205.0
0.000708 -0.000632 1206.0
0.000708 -0.000632 1207.0
0.000707 -0.000632 1208.0
0.000707 -0.000632 1209.0
0.000706 -0.000632 1210.0
0.000706 -0.000632 1211.0
0.000705 -0.000632 1212.0
0.000705 -0.000632 1213.0
0.000704 -0.000631 1214.0
0.000703 -0.000631 1215.0
0.000703 -0.000631 1216.0
0.000702 -0.000631 1217.0
0.000702 -0.000631 1218.0
0.000701 -0.000631 1219.0
0.000701 -0.000631 1220.0
0.000700 -0.000630 1221.0
0.000700 -0.000630 1222.0
0.000699 -0.000630 1223.0
0.000698 -0.000630 1224.0
0.000698 -0.000630 1225.0
0.000697 -0.000630 1226.0
0.000697 -0.000630 1227.0
0.000697 -0.000631 1228.0
0.000696 -0.000631 1229.0
0.000696 -0.000630 1230.0
0.000696 -0.000630 1231.0
0.000696 -0.000629 1232.0
0.000696 -0.000629 1233.0
0.000696 -0.000629 1234.0
0.000695 -0.000628 1235.0
0.000695 -0.000628 1236.0
0.000695 -0.000627 1237.0
0.000695 -0.000627 1238.0
0.000695 -0.000626 1239.0
0.000694 -0.000626 1240.0
0.000694 -0.000625 1241.0
0.000694 -0.000625 1242.0
0.000694 -0.000624 1243.0
0.000694 -0.000624 1244.0
0.000694 -0.000623 1245.0
0.000693 -0.000623 1246.0
0.000693 -0.000623 1247.0
0.000693 -0.000622 1248.0
0.000693 -0.000622 1249.0
0.000693 -0.000621 1250.0
0.000693 -0.000621 1251.0
0.000692 -0.000620 1252.0
0.000692 -0.000620 1253.0
0.000692 -0.000619 1254.0
0.000692 -0.000619 1255.0
0.000692 -0.000618 1256.0
0.000691 -0.000618 1257.0
0.000691 -0.000617 1258.0
0.000691 -0.000617 1259.0
0.000691 -0.000616 1260.0
0.000691 -0.000616 1261.0
0.000691 -0.000616 1262.0
0.000690 -0.000615 1263.0
0.000690 -0.000615 1264.0
0.000690 -0.000614 1265.0
0.000690 -0.000614 1266.0
0.000690 -0.000613 1267.0
0.000689 -0.000613 1268.0
0.000689 -0.000612 1269.0
0.000689 -0.000612 1270.0
0.000689 -0.000611 1271.0
0.000689 -0.000611 1272.0
0.000689 -0.000610 1273.0
0.000688 -0.000610 1274.0
0.000688 -0.000610 1275.0
0.000688 -0.000609 1276.0
0.000688 -0.000609 1277.0
0.000688 -0.000608 1278.0
0.000688 -0.000608 1279.0
0.000687 -0.000607 1280.0
0.000687 -0.000607 1281.0
0.000687 -0.000606 1282.0
0.000687 -0.000606 1283.0
0.000685 -0.000607 1284.0
0.000685 -0.000607 1285.0
0.000685 -0.000607 1286.0
0.000685 -0.000607 1287.0
0.000686 -0.000607 1288.0
0.000686 -0.000607 1289.0
0.000686 -0.000607 1290.0
0.000686 -0.000607 1291.0
0.000686 -0.000607 1292.0
0.000686 -0.000606 1293.0
0.000686 -0.000606 1294.0
0.000687 -0.000606 1295.0
0.000687 -0.000606 1296.0
0.000687 -0.000606 1297.0
0.000687 -0.000606 1298.0
0.000687 -0.000606 1299.0
0.000687 -0.000606 1300.0
0.000687 -0.000606 1301.0
0.000688 -0.000606 1302.0
0.000688 -0.000606 1303.0
0.000688 -0.000606 1304.0
0.000688 -0.000606 1305.0
0.000688 -0.000606 1306.0
0.000688 -0.000606 1307.0
0.000688 -0.000606 1308.0
0.000689 -0.000605 1309.0
0.000689 -0.000605 1310.0
0.000689 -0.000605 1311.0
0.000689 -0.000605 1312.0
0.000689 -0.000605 1313.0
0.000689 -0.000605 1314.0
0.000689 -0.000605 1315.0
0.000690 -0.000605 1316.0
0.000690 -0.000605 1317.0
0.000690 -0.000605 1318.0
0.000690 -0.000605 1319.0
0.000690 -0.000605 1320.0
0.000690 -0.000605 1321.0
0.000690 -0.000605 1322.0
0.000691 -0.000605 1323.0
0.000691 -0.000605 1324.0
0.000691 -0.000604 1325.0
0.000691 -0.000604 1326.0
0.000691 -0.000604 1327.0
0.000691 -0.000604 1328.0
0.000691 -0.000604 1329.0
0.000692 -0.000604 1330.0
0.000692 -0.000604 1331.0
0.000692 -0.000604 1332.0
0.000692 -0.000604 1333.0
0.000692 -0.000604 1334.0
0.000692 -0.000604 1335.0
0.000692 -0.000604 1336.0
0.000693 -0.000604 1337.0
0.000693 -0.000604 1338.0
0.000693 -0.000604 1339.0
0.000693 -0.000604 1340.0
0.000693 -0.000603 1341.0
0.000693 -0.000603 1342.0
0.000693 -0.000603 1343.0
0.000694 -0.000604 1344.0
0.000693 -0.000604 1345.0
0.000693 -0.000604 1346.0
0.000693 -0.000603 1347.0
0.000693 -0.000603 1348.0
0.000693 -0.000603 1349.0
0.000693 -0.000603 1350.0
0.000693 -0.000602 1351.0
0.000693 -0.000602 1352.0
0.000693 -0.000602 1353.0
0.000692 -0.000601 1354.0
0.000692 -0.000601 1355.0
0.000692 -0.000601 1356.0
0.000692 -0.000601 1357.0
0.000692 -0.000600 1358.0
0.000692 -0.000600 1359.0
0.000692 -0.000600 1360.0
0.000692 -0.000600 1361.0
0.000692 -0.000599 1362.0
0.000692 -0.000599 1363.0
0.000691 -0.000599 1364.0
0.000691 -0.000599 1365.0
0.000691 -0.000598 1366.0
0.000691 -0.000598 1367.0
0.000691 -0.000598 1368.0
0.000691 -0.000598 1369.0
0.000691 -0.000597 1370.0
0.000691 -0.000597 1371.0
0.000691 -0.000597 1372.0
0.000690 -0.000597 1373.0
0.000690 -0.000596 1374.0
0.000690 -0.000596 1375.0
0.000690 -0.000596 1376.0
0.000690 -0.000596 1377.0
0.000690 -0.000595 1378.0
0.000690 -0.000595 1379.0
0.000690 -0.000595 1380.0
0.000690 -0.000595 1381.0
0.000690 -0.000594 1382.0
0.000689 -0.000594 1383.0
0.000689 -0.000594 1384.0
0.000689 -0.000594 1385.0
0.000689 -0.000593 1386.0
0.000689 -0.000593 1387.0
0.000689 -0.000593 1388.0
0.000689 -0.000592 1389.0
0.000689 -0.000592 1390.0
0.000689 -0.000592 1391.0
0.000688 -0.000592 1392.0
0.000688 -0.000591 1393.0
0.000688 -0.000591 1394.0
0.000688 -0.000591 1395.0
0.000688 -0.000591 1396.0
0.000688 -0.000590 1397.0
0.000688 -0.000590 1398.0
0.000688 -0.000590 1399.0
0.000688 -0.000590 1400.0
0.000687 -0.000589 1401.0
0.000687 -0.000589 1402.0
0.000687 -0.000589 1403.0
0.000686 -0.000590 1404.0
0.000685 -0.000590 1405.0
0.000685 -0.000589 1406.0
0.000684 -0.000589 1407.0
0.000683 -0.000589 1408.0
0.000682 -0.000589 1409.0
0.000681 -0.000589 1410.0
0.000681 -0.000588 1411.0
0.000680 -0.000588 1412.0
0.000679 -0.000588 1413.0
0.000678 -0.000588 1414.0
0.000678 -0.000588 1415.0
0.000677 -0.000587 1416.0
0.000676 -0.000587 1417.0
0.000675 -0.000587 1418.0
0.000674 -0.000587 1419.0
0.000674 -0.000587 1420.0
0.000673 -0.000586 1421.0
0.000672 -0.000586 1422.0
0.000671 -0.000586 1423.0
0.000671 -0.000586 1424.0
0.000670 -0.000586 1425.0
0.000669 -0.000585 1426.0
0.000668 -0.000585 1427.0
0.000667 -0.000585 1428.0
0.000667 -0.000585 1429.0
0.000666 -0.000585 1430.0
0.000665 -0.000585 1431.0
0.000664 -0.000584 1432.0
0.000664 -0.000584 1433.0
0.000663 -0.000584 1434.0
0.000662 -0.000584 1435.0
0.000661 -0.000584 1436.0
0.000661 -0.000583 1437.0
0.000660 -0.000583 1438.0
0.000659 -0.000583 1439.0
0.000658 -0.000583 1440.0
0.000657 -0.000583 1441.0
0.000657 -0.000582 1442.0
0.000656 -0.000582 1443.0
0.000655 -0.000582 1444.0
0.000654 -0.000582 1445.0
0.000654 -0.000582 1446.0
0.000653 -0.000581 1447.0
0.000652 -0.000581 1448.0
0.000651 -0.000581 1449.0
0.000650 -0.000581 1450.0
0.000650 -0.000581 1451.0
0.000649 -0.000580 1452.0
0.000648 -0.000580 1453.0
0.000647 -0.000580 1454.0
0.000647 -0.000580 1455.0
0.000646 -0.000580 1456.0
0.000645 -0.000579 1457.0
0.000644 -0.000579 1458.0
0.000643 -0.000579 1459.0
0.000643 -0.000579 1460.0
0.000642 -0.000579 1461.0
0.000641 -0.000579 1462.0
0.000640 -0.000578 1463.0
0.000640 -0.000578 1464.0
0.000639 -0.000578 1465.0
0.000638 -0.000578 1466.0
0.000637 -0.000578 1467.0
0.000637 -0.000580 1468.0
0.000637 -0.000579 1469.0
0.000636 -0.000579 1470.0
0.000636 -0.000578 1471.0
0.000636 -0.000578 1472.0
0.000635 -0.000577 1473.0
0.000635 -0.000577 1474.0
0.000635 -0.000576 1475.0
0.000634 -0.000576 1476.0
0.000634 -0.000575 1477.0
0.000633 -0.000575 1478.0
0.000633 -0.000574 1479.0
0.000633 -0.000574 1480.0
0.000632 -0.000573 1481.0
0.000632 -0.000573 1482.0
0.000632 -0.000572 1483.0
0.000631 -0.000572 1484.0
0.000631 -0.000571 1485.0
0.000631 -0.000571 1486.0
0.000630 -0.000570 1487.0
0.000630 -0.000570 1488.0
0.000630 -0.000569 1489.0
0.000629 -0.000569 1490.0
0.000629 -0.000568 1491.0
0.000629 -0.000568 1492.0
0.000628 -0.000567 1493.0
0.000628 -0.000567 1494.0
0.000628 -0.000566 1495.0
0.000627 -0.000566 1496.0
0.000627 -0.000565 1497.0
0.000627 -0.000565 1498.0
0.000626 -0.000564 1499.0
0.000626 -0.000564 1500.0
0.000626 -0.000563 1501.0
0.000625 -0.000563 1502.0
0.000625 -0.000562 1503.0
0.000625 -0.000562 1504.0
0.000624 -0.000561 1505.0
0.000624 -0.000561 1506.0
0.000624 -0.000560 1507.0
0.000623 -0.000560 1508.0
0.000623 -0.000559 1509.0
0.000623 -0.000559 1510.0
0.000622 -0.000558 1511.0
0.000622 -0.000558 1512.0
0.000622 -0.000557 1513.0
0.000621 -0.000557 1514.0
0.000621 -0.000556 1515.0
0.000620 -0.000556 1516.0
0.000620 -0.000555 1517.0
0.000620 -0.000555 1518.0
0.000619 -0.000554 1519.0
0.000619 -0.000554 1520.0
0.000619 -0.000553 1521.0
0.000618 -0.000553 1522.0
0.000618 -0.000552 1523.0
0.000618 -0.000552 1524.0
0.000615 -0.000555 1525.0
0.000615 -0.000554 1526.0
0.000614 -0.000553 1527.0
0.000614 -0.000552 1528.0
0.000613 -0.000551 1529.0
0.000613 -0.000550 1530.0
0.000612 -0.000550 1531.0
0.000612 -0.000549 1532.0
0.000611 -0.000548 1533.0
0.000611 -0.000547 1534.0
0.000610 -0.000546 1535.0
0.000609 -0.000545 1536.0
0.000609 -0.000544 1537.0
0.000608 -0.000544 1538.0
0.000608 -0.000543 1539.0
0.000607 -0.000542 1540.0
0.000607 -0.000541 1541.0
0.000606 -0.000540 1542.0
0.000606 -0.000539 1543.0
0.000605 -0.000538 1544.0
0.000605 -0.000538 1545.0
0.000604 -0.000537 1546.0
0.000604 -0.000536 1547.0
0.000603 -0.000535 1548.0
0.000603 -0.000534 1549.0
0.000602 -0.000533 1550.0
0.000601 -0.000533 1551.0
0.000601 -0.000532 1552.0
0.000600 -0.000531 1553.0
0.000600 -0.000530 1554.0
0.000599 -0.000529 1555.0
0.000599 -0.000528 1556.0
0.000598 -0.000527 1557.0
0.000598 -0.000527 1558.0
0.000597 -0.000526 1559.0
0.000597 -0.000525 1560.0
0.000596 -0.000524 1561.0
0.000596 -0.000523 1562.0
0.000595 -0.000522 1563.0
0.000595 -0.000521 1564.0
0.000594 -0.000521 1565.0
0.000593 -0.000520 1566.0
0.000593 -0.000519 1567.0
0.000592 -0.000518 1568.0
0.000592 -0.000517 1569.0
0.000591 -0.000516 1570.0
0.000591 -0.000516 1571.0
0.000590 -0.000515 1572.0
0.000590 -0.000514 1573.0
0.000589 -0.000513 1574.0
0.000589 -0.000512 1575.0
0.000588 -0.000511 1576.0
0.000588 -0.000510 1577.0
0.000587 -0.000510 1578.0
0.000587 -0.000509 1579.0
0.000586 -0.000508 1580.0
0.000585 -0.000507 1581.0
0.000585 -0.000506 1582.0
0.000584 -0.000505 1583.0
0.000584 -0.000504 1584.0
0.000583 -0.000504 1585.0
0.000583 -0.000503 1586.0
0.000578 -0.000508 1587.0
0.000579 -0.000507 1588.0
0.000579 -0.000507 1589.0
0.000579 -0.000506 1590.0
0.000579 -0.000506 1591.0
0.000580 -0.000505 1592.0
0.000580 -0.000505 1593.0
0.000580 -0.000504 1594.0
0.000580 -0.000504 1595.0
0.000581 -0.000503 1596.0
0.000581 -0.000503 1597.0
0.000581 -0.000503 1598.0
0.000581 -0.000502 1599.0
0.000582 -0.000502 1600.0
0.000582 -0.000501 1601.0
0.000582 -0.000501 1602.0
0.000583 -0.000500 1603.0
0.000583 -0.000500 1604.0
0.000583 -0.000499 1605.0
0.000583 -0.000499 1606.0
0.000584 -0.000498 1607.0
0.000584 -0.000498 1608.0
0.000584 -0.000497 1609.0
0.000584 -0.000497 1610.0
0.000585 -0.000496 1611.0
0.000585 -0.000496 1612.0
0.000585 -0.000496 1613.0
0.000585 -0.000495 1614.0
0.000586 -0.000495 1615.0
0.000586 -0.000494 1616.0
0.000586 -0.000494 1617.0
0.000587 -0.000493 1618.0
0.000587 -0.000493 1619.0
0.000587 -0.000492 1620.0
0.000587 -0.000492 1621.0
0.000588 -0.000491 1622.0
0.000588 -0.000491 1623.0
0.000588 -0.000490 1624.0
0.000588 -0.000490 1625.0
0.000589 -0.000489 1626.0
0.000589 -0.000489 1627.0
0.000589 -0.000488 1628.0
0.000589 -0.000488 1629.0
0.000590 -0.000488 1630.0
0.000590 -0.000487 1631.0
0.000590 -0.000487 1632.0
0.000591 -0.000486 1633.0
0.000591 -0.000486 1634.0
0.000591 -0.000485 1635.0
0.000591 -0.000485 1636.0
0.000592 -0.000484 1637.0
0.000592 -0.000484 1638.0
0.000592 -0.000483 1639.0
0.000592 -0.000483 1640.0
0.000593 -0.000482 1641.0
0.000593 -0.000482 1642.0
0.000593 -0.000481 1643.0
0.000593 -0.000481 1644.0
0.000594 -0.000481 1645.0
0.000594 -0.000480 1646.0
0.000596 -0.000482 1647.0
0.000595 -0.000481 1648.0
0.000594 -0.000480 1649.0
0.000593 -0.000479 1650.0
0.000592 -0.000477 1651.0
0.000591 -0.000476 1652.0
0.000590 -0.000475 1653.0
0.000589 -0.000474 1654.0
0.000588 -0.000472 1655.0
0.000587 -0.000471 1656.0
0.000586 -0.000470 1657.0
0.000585 -0.000469 1658.0
0.000584 -0.000467 1659.0
0.000584 -0.000466 1660.0
0.000583 -0.000465 1661.0
0.000582 -0.000464 1662.0
0.000581 -0.000462 1663.0
0.000580 -0.000461 1664.0
0.000579 -0.000460 1665.0
0.000578 -0.000459 1666.0
0.000577 -0.000458 1667.0
0.000576 -0.000456 1668.0
0.000575 -0.000455 1669.0
0.000574 -0.000454 1670.0
0.000573 -0.000453 1671.0
0.000572 -0.000451 1672.0
0.000571 -0.000450 1673.0
0.000570 -0.000449 1674.0
0.000569 -0.000448 1675.0
0.000568 -0.000446 1676.0
0.000567 -0.000445 1677.0
0.000566 -0.000444 1678.0
0.000565 -0.000443 1679.0
0.000564 -0.000441 1680.0
0.000563 -0.000440 1681.0
0.000562 -0.000439 1682.0
0.000561 -0.000438 1683.0
0.000560 -0.000436 1684.0
0.000559 -0.000435 1685.0
0.000558 -0.000434 1686.0
0.000557 -0.000433 1687.0
0.000556 -0.000431 1688.0
0.000555 -0.000430 1689.0
0.000554 -0.000429 1690.0
0.000553 -0.000428 1691.0
0.000552 -0.000426 1692.0
0.000551 -0.000425 1693.0
0.000550 -0.000424 1694.0
0.000549 -0.000423 1695.0
0.000548 -0.000421 1696.0
0.000547 -0.000420 1697.0
0.000546 -0.000419 1698.0
0.000545 -0.000418 1699.0
0.000544 -0.000416 1700.0
0.000543 -0.000415 1701.0
0.000542 -0.000414 1702.0
0.000541 -0.000413 1703.0
0.000540 -0.000411 1704.0
0.000539 -0.000410 1705.0
0.000538 -0.000409 1706.0
0.000537 -0.000408 1707.0
0.000536 -0.000407 1708.0
0.000530 -0.000416 1709.0
0.000528 -0.000415 1710.0
0.000526 -0.000415 1711.0
0.000525 -0.000415 1712.0
0.000523 -0.000415 1713.0
0.000521 -0.000415 1714.0
0.000520 -0.000415 1715.0
0.000518 -0.000415 1716.0
0.000516 -0.000414 1717.0
0.000514 -0.000414 1718.0
0.000513 -0.000414 1719.0
0.000511 -0.000414 1720.0
0.000509 -0.000414 1721.0
0.000508 -0.000414 1722.0
0.000506 -0.000414 1723.0
0.000504 -0.000413 1724.0
0.000503 -0.000413 1725.0
0.000501 -0.000413 1726.0
0.000499 -0.000413 1727.0
0.000497 -0.000413 1728.0
0.000496 -0.000413 1729.0
0.000494 -0.000412 1730.0
0.000492 -0.000412 1731.0
0.000491 -0.000412 1732.0
0.000489 -0.000412 1733.0
0.000487 -0.000412 1734.0
0.000486 -0.000412 1735.0
0.000484 -0.000412 1736.0
0.000482 -0.000411 1737.0
0.000480 -0.000411 1738.0
0.000479 -0.000411 1739.0
0.000477 -0.000411 1740.0
0.000475 -0.000411 1741.0
0.000474 -0.000411 1742.0
0.000472 -0.000411 1743.0
0.000470 -0.000410 1744.0
0.000469 -0.000410 1745.0
0.000467 -0.000410 1746.0
0.000465 -0.000410 1747.0
0.000463 -0.000410 1748.0
0.000462 -0.000410 1749.0
0.000460 -0.000410 1750.0
0.000458 -0.000409 1751.0
0.000457 -0.000409 1752.0
0.000455 -0.000409 1753.0
0.000453 -0.000409 1754.0
0.000452 -0.000409 1755.0
0.000450 -0.000409 1756.0
0.000448 -0.000409 1757.0
0.000446 -0.000408 1758.0
0.000445 -0.000408 1759.0
0.000443 -0.000408 1760.0
0.000441 -0.000408 1761.0
0.000440 -0.000408 1762.0
0.000438 -0.000408 1763.0
0.000436 -0.000408 1764.0
0.000435 -0.000407 1765.0
0.000433 -0.000407 1766.0
0.000431 -0.000407 1767.0
0.000431 -0.000409 1768.0
0.000431 -0.000409 1769.0
0.000431 -0.000409 1770.0
0.000430 -0.000410 1771.0
0.000430 -0.000410 1772.0
0.000430 -0.000410 1773.0
0.000430 -0.000410 1774.0
0.000430 -0.000410 1775.0
0.000429 -0.000411 1776.0
0.000429 -0.000411 1777.0
0.000429 -0.000411 1778.0
0.000429 -0.000411 1779.0
0.000429 -0.000412 1780.0
0.000428 -0.000412 1781.0
0.000428 -0.000412 1782.0
0.000428 -0.000412 1783.0
0.000428 -0.000412 1784.0
0.000428 -0.000413 1785.0
0.000427 -0.000413 1786.0
0.000427 -0.000413 1787.0
0.000427 -0.000413 1788.0
0.000427 -0.000414 1789.0
0.000426 -0.000414 1790.0
0.000426 -0.000414 1791.0
0.000426 -0.000414 1792.0
0.000426 -0.000414 1793.0
0.000426 -0.000415 1794.0
0.000425 -0.000415 1795.0
0.000425 -0.000415 1796.0
0.000425 -0.000415 1797.0
0.000425 -0.000416 1798.0
0.000425 -0.000416 1799.0
0.000424 -0.000416 1800.0
0.000424 -0.000416 1801.0
0.000424 -0.000416 1802.0
0.000424 -0.000417 1803.0
0.000424 -0.000417 1804.0
0.000423 -0.000417 1805.0
0.000423 -0.000417 1806.0
0.000423 -0.000418 1807.0
0.000423 -0.000418 1808.0
0.000422 -0.000418 1809.0
0.000422 -0.000418 1810.0
0.000422 -0.000418 1811.0
0.000422 -0.000419 1812.0
0.000422 -0.000419 1813.0
0.000421 -0.000419 1814.0
0.000421 -0.000419 1815.0
0.000421 -0.000420 1816.0
0.000421 -0.000420 1817.0
0.000421 -0.000420 1818.0
0.000420 -0.000420 1819.0
0.000420 -0.000420 1820.0
0.000420 -0.000421 1821.0
0.000420 -0.000421 1822.0
0.000420 -0.000421 1823.0
0.000419 -0.000421 1824.0
0.000419 -0.000422 1825.0
0.000419 -0.000422 1826.0
0.000419 -0.000422 1827.0
0.000418 -0.000420 1828.0
0.000418 -0.000420 1829.0
0.000418 -0.000420 1830.0
0.000418 -0.000420 1831.0
0.000418 -0.000420 1832.0
0.000418 -0.000420 1833.0
0.000418 -0.000420 1834.0
0.000418 -0.000420 1835.0
0.000418 -0.000420 1836.0
0.000418 -0.000420 1837.0
0.000418 -0.000420 1838.0
0.000418 -0.000420 1839.0
0.000418 -0.000420 1840.0
0.000418 -0.000420 1841.0
0.000418 -0.000420 1842.0
0.000418 -0.000420 1843.0
0.000418 -0.000420 1844.0
0.000418 -0.000420 1845.0
0.000418 -0.000420 1846.0
0.000418 -0.000420 1847.0
0.000418 -0.000420 1848.0
0.000418 -0.000420 1849.0
0.000418 -0.000420 1850.0
0.000418 -0.000420 1851.0
0.000418 -0.000420 1852.0
0.000418 -0.000420 1853.0
0.000418 -0.000420 1854.0
0.000418 -0.000420 1855.0
0.000418 -0.000420 1856.0
0.000418 -0.000420 1857.0
0.000418 -0.000420 1858.0
0.000418 -0.000420 1859.0
0.000418 -0.000420 1860.0
0.000418 -0.000420 1861.0
0.000418 -0.000420 1862.0
0.000418 -0.000420 1863.0
0.000418 -0.000420 1864.0
0.000418 -0.000420 1865.0
0.000418 -0.000420 1866.0
0.000418 -0.000420 1867.0
0.000418 -0.000420 1868.0
0.000418 -0.000420 1869.0
0.000418 -0.000420 1870.0
0.000418 -0.000420 1871.0
0.000418 -0.000420 1872.0
0.000418 -0.000420 1873.0
0.000418 -0.000420 1874.0
0.000418 -0.000420 1875.0
0.000418 -0.000420 1876.0
0.000418 -0.000420 1877.0
0.000418 -0.000420 1878.0
0.000418 -0.000420 1879.0
0.000418 -0.000420 1880.0
0.000418 -0.000420 1881.0
0.000418 -0.000420 1882.0
0.000418 -0.000420 1883.0
0.000418 -0.000420 1884.0
0.000418 -0.000420 1885.0
0.000418 -0.000420 1886.0
0.000418 -0.000420 1887.0
0.000418 -0.000420 1888.0
0.000418 -0.000420 1889.0
0.000418 -0.000420 1890.0
0.000418 -0.000420 1891.0
0.000418 -0.000420 1892.0
0.000418 -0.000420 1893.0
0.000418 -0.000420 1894.0
0.000418 -0.000420 1895.0
0.000418 -0.000420 1896.0
0.000418 -0.000420 1897.0
0.000418 -0.000420 1898.0
0.000418 -0.000420 1899.0
0.000418 -0.000420 1900.0
0.000418 -0.000420 1901.0
0.000418 -0.000420 1902.0
0.000418 -0.000420 1903.0
0.000418 -0.000420 1904.0
0.000418 -0.000420 1905.0
0.000418 -0.000420 1906.0
0.000418 -0.000420 1907.0
0.000418 -0.000420 1908.0
0.000418 -0.000420 1909.0
0.000418 -0.000420 1910.0
0.000418 -0.000420 1911.0
0.000418 -0.000420 1912.0
0.000418 -0.000420 1913.0
0.000418 -0.000420 1914.0
0.000418 -0.000420 1915.0
0.000418 -0.000420 1916.0
0.000418 -0.000420 1917.0
0.000418 -0.000420 1918.0
0.000418 -0.000420 1919.0
0.000418 -0.000420 1920.0
0.000418 -0.000420 1921.0
0.000418 -0.000420 1922.0
0.000418 -0.000420 1923.0
0.000418 -0.000420 1924.0
0.000418 -0.000420 1925.0
0.000418 -0.000420 1926.0
0.000418 -0.000420 1927.0
0.000418 -0.000420 1928.0
0.000418 -0.000420 1929.0
0.000418 -0.000420 1930.0
0.000418 -0.000420 1931.0
0.000418 -0.000420 1932.0
0.000418 -0.000420 1933.0
0.000418 -0.000420 1934.0
0.000418 -0.000420 1935.0
0.000418 -0.000420 1936.0
0.000418 -0.000420 1937.0
0.000418 -0.000420 1938.0
0.000418 -0.000420 1939.0
0.000418 -0.000420 1940.0
0.000418 -0.000420 1941.0
0.000418 -0.000420 1942.0
0.000418 -0.000420 1943.0
0.000418 -0.000420 1944.0
0.000418 -0.000420 1945.0
0.000418 -0.000420 1946.0
0.000418 -0.000420 1947.0
0.000418 -0.000420 1948.0
0.000418 -0.000420 1949.0
0.000418 -0.000420 1950.0
0.000418 -0.000420 1951.0
0.000418 -0.000420 1952.0
0.000418 -0.000420 1953.0
0.000418 -0.000420 1954.0
0.000418 -0.000420 1955.0
0.000418 -0.000420 1956.0
0.000418 -0.000420 1957.0
0.000418 -0.000420 1958.0
0.000418 -0.000420 1959.0
0.000418 -0.000420 1960.0
0.000418 -0.000420 1961.0
0.000418 -0.000420 1962.0
0.000418 -0.000420 1963.0
0.000418 -0.000420 1964.0
0.000418 -0.000420 1965.0
0.000418 -0.000420 1966.0
0.000418 -0.000420 1967.0
0.000418 -0.000420 1968.0
0.000418 -0.000420 1969.0
0.000418 -0.000420 1970.0
0.000418 -0.000420 1971.0
0.000418 -0.000420 1972.0
0.000418 -0.000420 1973.0
0.000418 -0.000420 1974.0
0.000418 -0.000420 1975.0
0.000418 -0.000420 1976.0
0.000418 -0.000420 1977.0
0.000418 -0.000420 1978.0
0.000418 -0.000420 1979.0
0.000418 -0.000420 1980.0
0.000418 -0.000420 1981.0
0.000418 -0.000420 1982.0
0.000418 -0.000420 1983.0
0.000418 -0.000420 1984.0
0.000418 -0.000420 1985.0
0.000418 -0.000420 1986.0
0.000418 -0.000420 1987.0
0.000418 -0.000420 1988.0
0.000418 -0.000420 1989.0
0.000418 -0.000420 1990.0
0.000418 -0.000420 1991.0
0.000418 -0.000420 1992.0
0.000418 -0.000420 1993.0
0.000418 -0.000420 1994.0
0.000418 -0.000420 1995.0
0.000418 -0.000420 1996.0
0.000418 -0.000420 1997.0
0.000418 -0.000420 1998.0
0.000418 -0.000420 1999.0
0.000418 -0.000421 2000.0
0.000418 -0.000421 2001.0
0.000418 -0.000421 2002.0
0.000418 -0.000421 2003.0
0.000418 -0.000421 2004.0
0.000418 -0.000421 2005.0
0.000418 -0.000421 2006.0
0.000418 -0.000421 2007.0
0.000418 -0.000421 2008.0
0.000418 -0.000421 2009.0
0.000418 -0.000420 2010.0
0.000418 -0.000420 2011.0
0.000418 -0.000420 2012.0
0.000418 -0.000420 2013.0
0.000418 -0.000420 2014.0
0.000418 -0.000420 2015.0
0.000418 -0.000420 2016.0
0.000418 -0.000420 2017.0
0.000418 -0.000420 2018.0
0.000418 -0.000419 2019.0
0.000418 -0.000419 2020.0
0.000418 -0.000419 2021.0
0.000418 -0.000419 2022.0
0.000418 -0.000419 2023.0
0.000418 -0.000419 2024.0
0.000418 -0.000419 2025.0
0.000418 -0.000419 2026.0
0.000418 -0.000419 2027.0
0.000418 -0.000419 2028.0
0.000418 -0.000418 2029.0
0.000418 -0.000418 2030.0
0.000419 -0.000418 2031.0
0.000419 -0.000418 2032.0
0.000419 -0.000418 2033.0
0.000419 -0.000418 2034.0
0.000419 -0.000418 2035.0
0.000419 -0.000418 2036.0
0.000419 -0.000418 2037.0
0.000419 -0.000417 2038.0
0.000419 -0.000417 2039.0
0.000419 -0.000417 2040.0
0.000419 -0.000417 2041.0
0.000419 -0.000417 2042.0
0.000419 -0.000417 2043.0
0.000419 -0.000417 2044.0
0.000419 -0.000417 2045.0
0.000419 -0.000417 2046.0
0.000419 -0.000417 2047.0
0.000419 -0.000416 2048.0
0.000419 -0.000416 2049.0
0.000419 -0.000416 2050.0
0.000419 -0.000416 2051.0
0.000419 -0.000416 2052.0
0.000419 -0.000416 2053.0
0.000419 -0.000416 2054.0
0.000419 -0.000416 2055.0
0.000420 -0.000416 2056.0
0.000420 -0.000415 2057.0
0.000420 -0.000415 2058.0
0.000420 -0.000415 2059.0
0.000420 -0.000415 2060.0
0.000420 -0.000415 2061.0
0.000420 -0.000415 2062.0
0.000420 -0.000415 2063.0
0.000420 -0.000415 2064.0
0.000420 -0.000415 2065.0
0.000420 -0.000415 2066.0
0.000420 -0.000414 2067.0
0.000420 -0.000414 2068.0
0.000420 -0.000415 2069.0
0.000421 -0.000415 2070.0
0.000421 -0.000415 2071.0
0.000421 -0.000415 2072.0
0.000421 -0.000415 2073.0
0.000421 -0.000416 2074.0
0.000421 -0.000416 2075.0
0.000422 -0.000416 2076.0
0.000422 -0.000416 2077.0
0.000422 -0.000416 2078.0
0.000422 -0.000417 2079.0
0.000422 -0.000417 2080.0
0.000422 -0.000417 2081.0
0.000422 -0.000417 2082.0
0.000423 -0.000418 2083.0
0.000423 -0.000418 2084.0
0.000423 -0.000418 2085.0
0.000423 -0.000418 2086.0
0.000423 -0.000418 2087.0
0.000423 -0.000419 2088.0
0.000424 -0.000419 2089.0
0.000424 -0.000419 2090.0
0.000424 -0.000419 2091.0
0.000424 -0.000419 2092.0
0.000424 -0.000420 2093.0
0.000424 -0.000420 2094.0
0.000424 -0.000420 2095.0
0.000425 -0.000420 2096.0
0.000425 -0.000420 2097.0
0.000425 -0.000421 2098.0
0.000425 -0.000421 2099.0
0.000425 -0.000421 2100.0
0.000425 -0.000421 2101.0
0.000426 -0.000421 2102.0
0.000426 -0.000422 2103.0
0.000426 -0.000422 2104.0
0.000426 -0.000422 2105.0
0.000426 -0.000422 2106.0
0.000426 -0.000422 2107.0
0.000426 -0.000423 2108.0
0.000427 -0.000423 2109.0
0.000427 -0.000423 2110.0
0.000427 -0.000423 2111.0
0.000428 -0.000422 2112.0
0.000428 -0.000422 2113.0
0.000428 -0.000423 2114.0
0.000428 -0.000423 2115.0
0.000427 -0.000423 2116.0
0.000427 -0.000423 2117.0
0.000427 -0.000423 2118.0
0.000427 -0.000423 2119.0
0.000427 -0.000423 2120.0
0.000427 -0.000424 2121.0
0.000427 -0.000424 2122.0
0.000427 -0.000424 2123.0
0.000427 -0.000424 2124.0
0.000427 -0.000424 2125.0
0.000427 -0.000424 2126.0
0.000427 -0.000424 2127.0
0.000427 -0.000425 2128.0
0.000427 -0.000425 2129.0
0.000427 -0.000425 2130.0
0.000427 -0.000425 2131.0
0.000427 -0.000425 2132.0
0.000427 -0.000425 2133.0
0.000427 -0.000425 2134.0
0.000427 -0.000426 2135.0
0.000426 -0.000426 2136.0
0.000426 -0.000426 2137.0
0.000426 -0.000426 2138.0
0.000426 -0.000426 2139.0
0.000426 -0.000426 2140.0
0.000426 -0.000426 2141.0
0.000426 -0.000427 2142.0
0.000426 -0.000427 2143.0
0.000426 -0.000427 2144.0
0.000426 -0.000427 2145.0
0.000426 -0.000427 2146.0
0.000426 -0.000427 2147.0
0.000426 -0.000428 2148.0
0.000426 -0.000428 2149.0
0.000426 -0.000428 2150.0
0.000426 -0.000428 2151.0
0.000426 -0.000428 2152.0
0.000426 -0.000428 2153.0
0.000426 -0.000428 2154.0
0.000425 -0.000429 2155.0
0.000425 -0.000429 2156.0
0.000425 -0.000429 2157.0
0.000425 -0.000429 2158.0
0.000425 -0.000429 2159.0
0.000425 -0.000429 2160.0
0.000425 -0.000429 2161.0
0.000425 -0.000429 2162.0
0.000425 -0.000429 2163.0
0.000425 -0.000429 2164.0
0.000425 -0.000429 2165.0
0.000425 -0.000429 2166.0
0.000425 -0.000429 2167.0
0.000425 -0.000429 2168.0
0.000425 -0.000429 2169.0
0.000425 -0.000429 2170.0
0.000425 -0.000429 2171.0
0.000425 -0.000429 2172.0
0.000425 -0.000429 2173.0
0.000425 -0.000429 2174.0
0.000425 -0.000429 2175.0
0.000425 -0.000429 2176.0
0.000425 -0.000429 2177.0
0.000425 -0.000429 2178.0
0.000424 -0.000429 2179.0
0.000424 -0.000429 2180.0
0.000424 -0.000429 2181.0
0.000424 -0.000429 2182.0
0.000424 -0.000429 2183.0
0.000424 -0.000429 2184.0
0.000424 -0.000429 2185.0
0.000424 -0.000429 2186.0
0.000424 -0.000429 2187.0
0.000424 -0.000429 2188.0
0.000424 -0.000429 2189.0
0.000424 -0.000429 2190.0
0.000424 -0.000429 2191.0
0.000424 -0.000429 2192.0
0.000424 -0.000429 2193.0
0.000424 -0.000429 2194.0
0.000424 -0.000429 2195.0
0.000424 -0.000429 2196.0
0.000424 -0.000429 2197.0
0.000424 -0.000429 2198.0
0.000424 -0.000429 2199.0
0.000424 -0.000429 2200.0
0.000424 -0.000429 2201.0
0.000424 -0.000429 2202.0
0.000424 -0.000429 2203.0
0.000424 -0.000429 2204.0
0.000424 -0.000429 2205.0
0.000424 -0.000429 2206.0
0.000424 -0.000429 2207.0
0.000424 -0.000429 2208.0
0.000424 -0.000429 2209.0
0.000424 -0.000429 2210.0
0.000424 -0.000429 2211.0
0.000424 -0.000429 2212.0
0.000424 -0.000429 2213.0
0.000424 -0.000429 2214.0
0.000424 -0.000429 2215.0
0.000424 -0.000429 2216.0
0.000424 -0.000429 2217.0
0.000424 -0.000429 2218.0
0.000424 -0.000429 2219.0
0.000424 -0.000429 2220.0
0.000424 -0.000429 2221.0
0.000424 -0.000429 2222.0
0.000424 -0.000429 2223.0
0.000424 -0.000429 2224.0
0.000424 -0.000429 2225.0
0.000424 -0.000429 2226.0
0.000424 -0.000429 2227.0
0.000424 -0.000429 2228.0
0.000424 -0.000429 2229.0
0.000424 -0.000429 2230.0
0.000424 -0.000429 2231.0
0.000424 -0.000429 2232.0
0.000424 -0.000429 2233.0
0.000424 -0.000429 2234.0
0.000424 -0.000429 2235.0
0.000424 -0.000429 2236.0
0.000424 -0.000429 2237.0
0.000424 -0.000429 2238.0
0.000424 -0.000429 2239.0
0.000424 -0.000429 2240.0
0.000424 -0.000429 2241.0
0.000424 -0.000429 2242.0
0.000424 -0.000429 2243.0
0.000424 -0.000429 2244.0
0.000424 -0.000429 2245.0
0.000424 -0.000429 2246.0
0.000424 -0.000429 2247.0
0.000424 -0.000429 2248.0
0.000424 -0.000429 2249.0
0.000424 -0.000429 2250.0
0.000424 -0.000429 2251.0
0.000424 -0.000429 2252.0
0.000424 -0.000429 2253.0
0.000424 -0.000429 2254.0
0.000424 -0.000429 2255.0
0.000424 -0.000429 2256.0
0.000424 -0.000429 2257.0
0.000424 -0.000429 2258.0
0.000424 -0.000429 2259.0
0.000424 -0.000429 2260.0
0.000424 -0.000429 2261.0
0.000424 -0.000429 2262.0
0.000424 -0.000429 2263.0
0.000424 -0.000429 2264.0
0.000424 -0.000429 2265.0
0.000424 -0.000429 2266.0
0.000424 -0.000429 2267.0
0.000424 -0.000429 2268.0
0.000424 -0.000429 2269.0
0.000424 -0.000429 2270.0
0.000424 -0.000429 2271.0
0.000424 -0.000429 2272.0
0.000424 -0.000429 2273.0
0.000424 -0.000429 2274.0
0.000424 -0.000429 2275.0
0.000424 -0.000429 2276.0
0.000424 -0.000429 2277.0
0.000424 -0.000429 2278.0
0.000424 -0.000429 2279.0
0.000424 -0.000429 2280.0
0.000424 -0.000429 2281.0
0.000424 -0.000429 2282.0
0.000424 -0.000429 2283.0
0.000424 -0.000429 2284.0
0.000424 -0.000429 2285.0
0.000424 -0.000429 2286.0
0.000424 -0.000429 2287.0
0.000424 -0.000429 2288.0
0.000424 -0.000429 2289.0
0.000424 -0.000429 2290.0
0.000424 -0.000429 2291.0
0.000424 -0.000429 2292.0
0.000424 -0.000429 2293.0
0.000424 -0.000429 2294.0
0.000424 -0.000429 2295.0
0.000424 -0.000429 2296.0
0.000424 -0.000429 2297.0
0.000424 -0.000429 2298.0
0.000424 -0.000429 2299.0
0.000424 -0.000429 2300.0
0.000424 -0.000429 2301.0
0.000424 -0.000429 2302.0
0.000424 -0.000429 2303.0
0.000424 -0.000429 2304.0
0.000424 -0.000429 2305.0
0.000424 -0.000429 2306.0
0.000424 -0.000429 2307.0
0.000424 -0.000429 2308.0
0.000424 -0.000429 2309.0
0.000424 -0.000429 2310.0
0.000424 -0.000429 2311.0
0.000424 -0.000429 2312.0
0.000424 -0.000429 2313.0
0.000424 -0.000429 2314.0
0.000424 -0.000429 2315.0
0.000424 -0.000429 2316.0
0.000424 -0.000429 2317.0
0.000424 -0.000429 2318.0
0.000424 -0.000429 2319.0
0.000424 -0.000429 2320.0
0.000424 -0.000429 2321.0
0.000424 -0.000429 2322.0
0.000424 -0.000429 2323.0
0.000424 -0.000429 2324.0
0.000424 -0.000429 2325.0
0.000424 -0.000429 2326.0
0.000424 -0.000429 2327.0
0.000424 -0.000429 2328.0
0.000424 -0.000429 2329.0
0.000424 -0.000429 2330.0
0.000424 -0.000429 2331.0
