0.000598 -0.000530 746.0
0.000598 -0.000530 747.0
0.000598 -0.000530 748.0
0.000598 -0.000530 749.0
0.000598 -0.000530 750.0
0.000598 -0.000530 751.0
0.000598 -0.000530 752.0
0.000598 -0.000530 753.0
0.000599 -0.000530 754.0
0.000599 -0.000531 755.0
0.000599 -0.000531 756.0
0.000599 -0.000531 757.0
0.000599 -0.000531 758.0
0.000599 -0.000531 759.0
0.000599 -0.000531 760.0
0.000599 -0.000531 761.0
0.000599 -0.000531 762.0
0.000600 -0.000531 763.0
0.000600 -0.000531 764.0
0.000600 -0.000531 765.0
0.000600 -0.000531 766.0
0.000600 -0.000531 767.0
0.000600 -0.000531 768.0
0.000600 -0.000531 769.0
0.000600 -0.000531 770.0
0.000600 -0.000531 771.0
0.000601 -0.000531 772.0
0.000601 -0.000531 773.0
0.000601 -0.000531 774.0
0.000601 -0.000532 775.0
0.000601 -0.000532 776.0
0.000601 -0.000532 777.0
0.000601 -0.000532 778.0
0.000601 -0.000532 779.0
0.000601 -0.000532 780.0
0.000602 -0.000532 781.0
0.000602 -0.000532 782.0
0.000602 -0.000532 783.0
0.000602 -0.000532 784.0
