0.000706 -0.000467 53.0
0.000706 -0.000467 54.0
0.000706 -0.000466 55.0
0.000706 -0.000466 56.0
0.000706 -0.000466 57.0
0.000706 -0.000465 58.0
0.000706 -0.000465 59.0
0.000706 -0.000465 60.0
0.000706 -0.000464 61.0
0.000706 -0.000464 62.0
0.000706 -0.000464 63.0
0.000706 -0.000463 64.0
0.000706 -0.000463 65.0
0.000706 -0.000463 66.0
0.000706 -0.000463 67.0
0.000706 -0.000462 68.0
0.000706 -0.000462 69.0
0.000706 -0.000462 70.0
0.000706 -0.000461 71.0
0.000706 -0.000461 72.0
0.000706 -0.000461 73.0
0.000706 -0.000460 74.0
0.000706 -0.000460 75.0
0.000706 -0.000460 76.0
0.000706 -0.000460 77.0
0.000706 -0.000459 78.0
0.000706 -0.000459 79.0
0.000706 -0.000459 80.0
0.000706 -0.000458 81.0
0.000706 -0.000458 82.0
0.000706 -0.000458 83.0
0.000706 -0.000457 84.0
0.000706 -0.000457 85.0
0.000706 -0.000457 86.0
0.000706 -0.000456 87.0
0.000706 -0.000456 88.0
0.000706 -0.000456 89.0
0.000706 -0.000456 90.0
0.000706 -0.000455 91.0
0.000706 -0.000455 92.0
0.000706 -0.000455 93.0
0.000706 -0.000454 94.0
0.000706 -0.000454 95.0
0.000706 -0.000454 96.0
0.000706 -0.000453 97.0
0.000706 -0.000453 98.0
0.000706 -0.000453 99.0
0.000706 -0.000453 100.0
0.000706 -0.000452 101.0
0.000706 -0.000452 102.0
0.000706 -0.000452 103.0
0.000706 -0.000451 104.0
0.000706 -0.000451 105.0
0.000706 -0.000451 106.0
0.000706 -0.000450 107.0
0.000706 -0.000450 108.0
0.000706 -0.000450 109.0
0.000706 -0.000449 110.0
0.000706 -0.000449 111.0
0.000706 -0.000449 112.0
0.000706 -0.000449 113.0
0.000706 -0.000448 114.0
0.000706 -0.000448 115.0
0.000706 -0.000449 116.0
0.000706 -0.000449 117.0
0.000706 -0.000449 118.0
0.000706 -0.000449 119.0
0.000706 -0.000449 120.0
0.000706 -0.000450 121.0
0.000706 -0.000450 122.0
0.000706 -0.000450 123.0
0.000706 -0.000450 124.0
0.000706 -0.000451 125.0
0.000706 -0.000451 126.0
0.000706 -0.000451 127.0
0.000706 -0.000451 128.0
0.000706 -0.000452 129.0
0.000706 -0.000452 130.0
0.000706 -0.000452 131.0
0.000706 -0.000452 132.0
0.000706 -0.000453 133.0
0.000706 -0.000453 134.0
0.000706 -0.000453 135.0
0.000706 -0.000453 136.0
0.000706 -0.000454 137.0
0.000706 -0.000454 138.0
0.000706 -0.000454 139.0
0.000706 -0.000454 140.0
0.000706 -0.000455 141.0
0.000706 -0.000455 142.0
0.000706 -0.000455 143.0
0.000706 -0.000455 144.0
0.000706 -0.000455 145.0
0.000706 -0.000456 146.0
0.000706 -0.000456 147.0
0.000706 -0.000456 148.0
0.000706 -0.000456 149.0
0.000706 -0.000457 150.0
0.000706 -0.000457 151.0
0.000706 -0.000457 152.0
0.000706 -0.000457 153.0
0.000706 -0.000458 154.0
0.000706 -0.000458 155.0
0.000706 -0.000458 156.0
0.000706 -0.000458 157.0
0.000706 -0.000459 158.0
0.000706 -0.000459 159.0
0.000706 -0.000459 160.0
0.000706 -0.000459 161.0
0.000706 -0.000460 162.0
0.000706 -0.000460 163.0
0.000706 -0.000460 164.0
0.000706 -0.000460 165.0
0.000706 -0.000461 166.0
0.000706 -0.000461 167.0
0.000706 -0.000461 168.0
0.000706 -0.000461 169.0
0.000706 -0.000461 170.0
0.000706 -0.000462 171.0
0.000706 -0.000462 172.0
0.000706 -0.000462 173.0
0.000706 -0.000462 174.0
0.000706 -0.000462 175.0
0.000706 -0.000463 176.0
0.000706 -0.000463 177.0
0.000706 -0.000463 178.0
0.000705 -0.000463 179.0
0.000705 -0.000463 180.0
0.000705 -0.000464 181.0
0.000705 -0.000464 182.0
0.000705 -0.000464 183.0
0.000705 -0.000464 184.0
0.000705 -0.000464 185.0
0.000705 -0.000464 186.0
0.000704 -0.000465 187.0
0.000704 -0.000465 188.0
0.000704 -0.000465 189.0
0.000704 -0.000465 190.0
0.000704 -0.000465 191.0
0.000704 -0.000466 192.0
0.000704 -0.000466 193.0
0.000704 -0.000466 194.0
0.000703 -0.000466 195.0
0.000703 -0.000466 196.0
0.000703 -0.000467 197.0
0.000703 -0.000467 198.0
0.000703 -0.000467 199.0
0.000703 -0.000467 200.0
0.000703 -0.000467 201.0
0.000703 -0.000467 202.0
0.000702 -0.000468 203.0
0.000702 -0.000468 204.0
0.000702 -0.000468 205.0
0.000702 -0.000468 206.0
0.000702 -0.000468 207.0
0.000702 -0.000469 208.0
0.000702 -0.000469 209.0
0.000702 -0.000469 210.0
0.000701 -0.000469 211.0
0.000701 -0.000469 212.0
0.000701 -0.000470 213.0
0.000701 -0.000470 214.0
0.000701 -0.000470 215.0
0.000701 -0.000470 216.0
0.000701 -0.000470 217.0
0.000701 -0.000471 218.0
0.000700 -0.000471 219.0
0.000700 -0.000471 220.0
0.000700 -0.000471 221.0
0.000700 -0.000471 222.0
0.000700 -0.000471 223.0
0.000700 -0.000472 224.0
0.000700 -0.000472 225.0
0.000700 -0.000472 226.0
0.000699 -0.000472 227.0
0.000699 -0.000472 228.0
0.000699 -0.000473 229.0
0.000699 -0.000473 230.0
0.000699 -0.000473 231.0
0.000699 -0.000473 232.0
0.000699 -0.000473 233.0
0.000698 -0.000472 234.0
0.000698 -0.000473 235.0
0.000698 -0.000473 236.0
0.000698 -0.000473 237.0
0.000698 -0.000473 238.0
0.000698 -0.000474 239.0
0.000698 -0.000474 240.0
0.000698 -0.000474 241.0
0.000698 -0.000475 242.0
0.000698 -0.000475 243.0
0.000698 -0.000475 244.0
0.000699 -0.000476 245.0
0.000699 -0.000476 246.0
0.000699 -0.000476 247.0
0.000699 -0.000477 248.0
0.000699 -0.000477 249.0
0.000699 -0.000477 250.0
0.000699 -0.000477 251.0
0.000699 -0.000478 252.0
0.000699 -0.000478 253.0
0.000699 -0.000478 254.0
0.000699 -0.000479 255.0
0.000699 -0.000479 256.0
0.000699 -0.000479 257.0
0.000700 -0.000480 258.0
0.000700 -0.000480 259.0
0.000700 -0.000480 260.0
0.000700 -0.000481 261.0
0.000700 -0.000481 262.0
0.000700 -0.000481 263.0
0.000700 -0.000481 264.0
0.000700 -0.000482 265.0
0.000700 -0.000482 266.0
0.000700 -0.000482 267.0
0.000700 -0.000483 268.0
0.000700 -0.000483 269.0
0.000700 -0.000483 270.0
0.000701 -0.000484 271.0
0.000701 -0.000484 272.0
0.000701 -0.000484 273.0
0.000701 -0.000485 274.0
0.000701 -0.000485 275.0
0.000701 -0.000485 276.0
0.000701 -0.000485 277.0
0.000701 -0.000486 278.0
0.000701 -0.000486 279.0
0.000701 -0.000486 280.0
0.000701 -0.000487 281.0
0.000701 -0.000487 282.0
0.000701 -0.000487 283.0
0.000702 -0.000488 284.0
0.000702 -0.000488 285.0
0.000702 -0.000488 286.0
0.000702 -0.000489 287.0
0.000702 -0.000489 288.0
0.000702 -0.000489 289.0
0.000702 -0.000489 290.0
0.000702 -0.000490 291.0
0.000702 -0.000490 292.0
0.000702 -0.000490 293.0
0.000702 -0.000491 294.0
0.000703 -0.000490 295.0
0.000704 -0.000490 296.0
0.000704 -0.000490 297.0
0.000704 -0.000489 298.0
0.000704 -0.000489 299.0
0.000704 -0.000489 300.0
0.000705 -0.000488 301.0
0.000705 -0.000488 302.0
0.000705 -0.000488 303.0
0.000705 -0.000487 304.0
0.000706 -0.000487 305.0
0.000706 -0.000487 306.0
0.000706 -0.000486 307.0
0.000706 -0.000486 308.0
0.000707 -0.000486 309.0
0.000707 -0.000485 310.0
0.000707 -0.000485 311.0
0.000707 -0.000485 312.0
0.000707 -0.000484 313.0
0.000708 -0.000484 314.0
0.000708 -0.000484 315.0
0.000708 -0.000483 316.0
0.000708 -0.000483 317.0
0.000709 -0.000483 318.0
0.000709 -0.000483 319.0
0.000709 -0.000482 320.0
0.000709 -0.000482 321.0
0.000709 -0.000482 322.0
0.000710 -0.000481 323.0
0.000710 -0.000481 324.0
0.000710 -0.000481 325.0
0.000710 -0.000480 326.0
0.000711 -0.000480 327.0
0.000711 -0.000480 328.0
0.000711 -0.000479 329.0
0.000711 -0.000479 330.0
0.000711 -0.000479 331.0
0.000712 -0.000478 332.0
0.000712 -0.000478 333.0
0.000712 -0.000478 334.0
0.000712 -0.000477 335.0
0.000713 -0.000477 336.0
0.000713 -0.000477 337.0
0.000713 -0.000476 338.0
0.000713 -0.000476 339.0
0.000714 -0.000476 340.0
0.000714 -0.000475 341.0
0.000714 -0.000475 342.0
0.000714 -0.000475 343.0
0.000714 -0.000474 344.0
0.000715 -0.000474 345.0
0.000715 -0.000474 346.0
0.000715 -0.000473 347.0
0.000715 -0.000473 348.0
0.000716 -0.000473 349.0
0.000716 -0.000473 350.0
0.000716 -0.000472 351.0
0.000716 -0.000472 352.0
0.000716 -0.000472 353.0
0.000717 -0.000471 354.0
0.000717 -0.000471 355.0
0.000717 -0.000471 356.0
0.000717 -0.000470 357.0
0.000718 -0.000470 358.0
0.000718 -0.000470 359.0
0.000718 -0.000469 360.0
0.000720 -0.000472 361.0
0.000720 -0.000472 362.0
0.000720 -0.000472 363.0
0.000719 -0.000472 364.0
0.000719 -0.000472 365.0
0.000719 -0.000472 366.0
0.000719 -0.000472 367.0
0.000719 -0.000472 368.0
0.000719 -0.000472 369.0
0.000719 -0.000472 370.0
0.000719 -0.000472 371.0
0.000718 -0.000472 372.0
0.000718 -0.000472 373.0
0.000718 -0.000472 374.0
0.000718 -0.000472 375.0
0.000718 -0.000472 376.0
0.000718 -0.000472 377.0
0.000718 -0.000472 378.0
0.000717 -0.000473 379.0
0.000717 -0.000473 380.0
0.000717 -0.000473 381.0
0.000717 -0.000473 382.0
0.000717 -0.000473 383.0
0.000717 -0.000473 384.0
0.000717 -0.000473 385.0
0.000716 -0.000473 386.0
0.000716 -0.000473 387.0
0.000716 -0.000473 388.0
0.000716 -0.000473 389.0
0.000716 -0.000473 390.0
0.000716 -0.000473 391.0
0.000716 -0.000473 392.0
0.000716 -0.000473 393.0
0.000715 -0.000473 394.0
0.000715 -0.000473 395.0
0.000715 -0.000473 396.0
0.000715 -0.000474 397.0
0.000715 -0.000474 398.0
0.000715 -0.000474 399.0
0.000715 -0.000474 400.0
0.000714 -0.000474 401.0
0.000714 -0.000474 402.0
0.000714 -0.000474 403.0
0.000714 -0.000474 404.0
0.000714 -0.000474 405.0
0.000714 -0.000474 406.0
0.000714 -0.000474 407.0
0.000713 -0.000474 408.0
0.000713 -0.000474 409.0
0.000713 -0.000474 410.0
0.000713 -0.000474 411.0
0.000713 -0.000474 412.0
0.000713 -0.000474 413.0
0.000713 -0.000474 414.0
0.000713 -0.000475 415.0
0.000712 -0.000475 416.0
0.000712 -0.000475 417.0
0.000712 -0.000475 418.0
0.000712 -0.000475 419.0
0.000712 -0.000474 420.0
0.000712 -0.000475 421.0
0.000712 -0.000476 422.0
0.000711 -0.000476 423.0
0.000711 -0.000477 424.0
0.000711 -0.000478 425.0
0.000711 -0.000479 426.0
0.000711 -0.000479 427.0
0.000711 -0.000480 428.0
0.000711 -0.000481 429.0
0.000711 -0.000482 430.0
0.000710 -0.000482 431.0
0.000710 -0.000483 432.0
0.000710 -0.000484 433.0
0.000710 -0.000485 434.0
0.000710 -0.000485 435.0
0.000710 -0.000486 436.0
0.000710 -0.000487 437.0
0.000710 -0.000488 438.0
0.000709 -0.000488 439.0
0.000709 -0.000489 440.0
0.000709 -0.000490 441.0
0.000709 -0.000490 442.0
0.000709 -0.000491 443.0
0.000709 -0.000492 444.0
0.000709 -0.000493 445.0
0.000708 -0.000493 446.0
0.000708 -0.000494 447.0
0.000708 -0.000495 448.0
0.000708 -0.000496 449.0
0.000708 -0.000496 450.0
0.000708 -0.000497 451.0
0.000708 -0.000498 452.0
0.000708 -0.000499 453.0
0.000707 -0.000499 454.0
0.000707 -0.000500 455.0
0.000707 -0.000501 456.0
0.000707 -0.000502 457.0
0.000707 -0.000502 458.0
0.000707 -0.000503 459.0
0.000707 -0.000504 460.0
0.000707 -0.000505 461.0
0.000706 -0.000505 462.0
0.000706 -0.000506 463.0
0.000706 -0.000507 464.0
0.000706 -0.000508 465.0
0.000706 -0.000508 466.0
0.000706 -0.000509 467.0
0.000706 -0.000510 468.0
0.000705 -0.000511 469.0
0.000705 -0.000511 470.0
0.000705 -0.000512 471.0
0.000705 -0.000513 472.0
0.000705 -0.000514 473.0
0.000705 -0.000514 474.0
0.000705 -0.000515 475.0
0.000705 -0.000516 476.0
0.000704 -0.000517 477.0
0.000704 -0.000517 478.0
0.000704 -0.000518 479.0
0.000702 -0.000517 480.0
0.000702 -0.000517 481.0
0.000702 -0.000517 482.0
0.000702 -0.000517 483.0
0.000702 -0.000518 484.0
0.000702 -0.000518 485.0
0.000702 -0.000518 486.0
0.000702 -0.000518 487.0
0.000702 -0.000518 488.0
0.000702 -0.000518 489.0
0.000703 -0.000518 490.0
0.000703 -0.000518 491.0
0.000703 -0.000518 492.0
0.000703 -0.000518 493.0
0.000703 -0.000518 494.0
0.000703 -0.000518 495.0
0.000703 -0.000518 496.0
0.000703 -0.000518 497.0
0.000703 -0.000518 498.0
0.000703 -0.000518 499.0
0.000703 -0.000518 500.0
0.000703 -0.000518 501.0
0.000703 -0.000518 502.0
0.000703 -0.000518 503.0
0.000703 -0.000518 504.0
0.000703 -0.000518 505.0
0.000703 -0.000518 506.0
0.000703 -0.000518 507.0
0.000703 -0.000518 508.0
0.000703 -0.000519 509.0
0.000703 -0.000519 510.0
0.000703 -0.000520 511.0
0.000703 -0.000521 512.0
0.000703 -0.000521 513.0
0.000703 -0.000522 514.0
0.000702 -0.000522 515.0
0.000702 -0.000523 516.0
0.000702 -0.000523 517.0
0.000702 -0.000524 518.0
0.000702 -0.000524 519.0
0.000702 -0.000525 520.0
0.000702 -0.000525 521.0
0.000702 -0.000526 522.0
0.000702 -0.000526 523.0
0.000702 -0.000527 524.0
0.000702 -0.000527 525.0
0.000702 -0.000528 526.0
0.000702 -0.000528 527.0
0.000702 -0.000529 528.0
0.000702 -0.000529 529.0
0.000702 -0.000530 530.0
0.000702 -0.000530 531.0
0.000702 -0.000531 532.0
0.000702 -0.000531 533.0
0.000702 -0.000532 534.0
0.000702 -0.000532 535.0
0.000702 -0.000533 536.0
0.000701 -0.000533 537.0
0.000701 -0.000534 538.0
0.000701 -0.000534 539.0
0.000701 -0.000535 540.0
0.000701 -0.000535 541.0
0.000701 -0.000536 542.0
0.000701 -0.000536 543.0
0.000701 -0.000537 544.0
0.000701 -0.000537 545.0
0.000701 -0.000538 546.0
0.000701 -0.000538 547.0
0.000701 -0.000538 548.0
0.000700 -0.000538 549.0
0.000700 -0.000539 550.0
0.000700 -0.000539 551.0
0.000699 -0.000539 552.0
0.000699 -0.000539 553.0
0.000699 -0.000539 554.0
0.000699 -0.000539 555.0
0.000698 -0.000539 556.0
0.000698 -0.000539 557.0
0.000698 -0.000540 558.0
0.000698 -0.000540 559.0
0.000697 -0.000540 560.0
0.000697 -0.000540 561.0
0.000697 -0.000540 562.0
0.000697 -0.000540 563.0
0.000696 -0.000540 564.0
0.000696 -0.000540 565.0
0.000696 -0.000541 566.0
0.000696 -0.000541 567.0
0.000695 -0.000541 568.0
0.000695 -0.000541 569.0
0.000695 -0.000541 570.0
0.000694 -0.000541 571.0
0.000694 -0.000541 572.0
0.000694 -0.000541 573.0
0.000694 -0.000542 574.0
0.000693 -0.000542 575.0
0.000693 -0.000542 576.0
0.000693 -0.000542 577.0
0.000693 -0.000542 578.0
0.000692 -0.000542 579.0
0.000692 -0.000542 580.0
0.000692 -0.000542 581.0
0.000692 -0.000543 582.0
0.000691 -0.000543 583.0
0.000691 -0.000543 584.0
0.000691 -0.000543 585.0
0.000690 -0.000543 586.0
0.000690 -0.000543 587.0
0.000690 -0.000543 588.0
0.000690 -0.000543 589.0
0.000689 -0.000544 590.0
0.000689 -0.000544 591.0
0.000689 -0.000544 592.0
0.000689 -0.000544 593.0
0.000688 -0.000544 594.0
0.000688 -0.000544 595.0
0.000688 -0.000544 596.0
0.000688 -0.000544 597.0
0.000687 -0.000545 598.0
0.000687 -0.000545 599.0
0.000687 -0.000545 600.0
0.000687 -0.000545 601.0
0.000686 -0.000545 602.0
0.000686 -0.000545 603.0
0.000686 -0.000545 604.0
0.000685 -0.000545 605.0
0.000685 -0.000546 606.0
0.000685 -0.000546 607.0
0.000685 -0.000544 608.0
0.000684 -0.000545 609.0
0.000684 -0.000545 610.0
0.000683 -0.000545 611.0
0.000683 -0.000545 612.0
0.000682 -0.000546 613.0
0.000682 -0.000546 614.0
0.000681 -0.000546 615.0
0.000681 -0.000547 616.0
0.000680 -0.000547 617.0
0.000680 -0.000547 618.0
0.000679 -0.000547 619.0
0.000679 -0.000548 620.0
0.000678 -0.000548 621.0
0.000678 -0.000548 622.0
0.000677 -0.000549 623.0
0.000677 -0.000549 624.0
0.000677 -0.000549 625.0
0.000676 -0.000549 626.0
0.000676 -0.000550 627.0
0.000675 -0.000550 628.0
0.000675 -0.000550 629.0
0.000674 -0.000550 630.0
0.000674 -0.000551 631.0
0.000673 -0.000551 632.0
0.000673 -0.000551 633.0
0.000672 -0.000552 634.0
0.000672 -0.000552 635.0
0.000671 -0.000552 636.0
0.000671 -0.000552 637.0
0.000670 -0.000553 638.0
0.000670 -0.000553 639.0
0.000669 -0.000553 640.0
0.000669 -0.000554 641.0
0.000668 -0.000554 642.0
0.000668 -0.000554 643.0
0.000668 -0.000554 644.0
0.000667 -0.000555 645.0
0.000667 -0.000555 646.0
0.000666 -0.000555 647.0
0.000666 -0.000556 648.0
0.000665 -0.000556 649.0
0.000665 -0.000556 650.0
0.000664 -0.000556 651.0
0.000664 -0.000557 652.0
0.000663 -0.000557 653.0
0.000663 -0.000557 654.0
0.000662 -0.000558 655.0
0.000662 -0.000558 656.0
0.000661 -0.000558 657.0
0.000661 -0.000558 658.0
0.000660 -0.000559 659.0
0.000660 -0.000559 660.0
0.000659 -0.000559 661.0
0.000659 -0.000560 662.0
0.000659 -0.000560 663.0
0.000658 -0.000560 664.0
0.000658 -0.000560 665.0
0.000657 -0.000561 666.0
0.000657 -0.000561 667.0
0.000656 -0.000561 668.0
0.000656 -0.000561 669.0
0.000655 -0.000562 670.0
0.000655 -0.000562 671.0
0.000654 -0.000562 672.0
0.000654 -0.000563 673.0
0.000653 -0.000563 674.0
0.000653 -0.000563 675.0
0.000652 -0.000563 676.0
0.000651 -0.000560 677.0
0.000651 -0.000560 678.0
0.000651 -0.000561 679.0
0.000650 -0.000561 680.0
0.000650 -0.000562 681.0
0.000650 -0.000562 682.0
0.000650 -0.000562 683.0
0.000649 -0.000563 684.0
0.000649 -0.000563 685.0
0.000649 -0.000564 686.0
0.000648 -0.000564 687.0
0.000648 -0.000564 688.0
0.000648 -0.000565 689.0
0.000648 -0.000565 690.0
0.000647 -0.000566 691.0
0.000647 -0.000566 692.0
0.000647 -0.000566 693.0
0.000647 -0.000567 694.0
0.000646 -0.000567 695.0
0.000646 -0.000567 696.0
0.000646 -0.000568 697.0
0.000645 -0.000568 698.0
0.000645 -0.000569 699.0
0.000645 -0.000569 700.0
0.000645 -0.000569 701.0
0.000644 -0.000570 702.0
0.000644 -0.000570 703.0
0.000644 -0.000571 704.0
0.000643 -0.000571 705.0
0.000643 -0.000571 706.0
0.000643 -0.000572 707.0
0.000643 -0.000572 708.0
0.000642 -0.000573 709.0
0.000642 -0.000573 710.0
0.000642 -0.000573 711.0
0.000642 -0.000574 712.0
0.000641 -0.000574 713.0
0.000641 -0.000574 714.0
0.000641 -0.000575 715.0
0.000640 -0.000575 716.0
0.000640 -0.000576 717.0
0.000640 -0.000576 718.0
0.000640 -0.000576 719.0
0.000639 -0.000577 720.0
0.000639 -0.000577 721.0
0.000639 -0.000578 722.0
0.000638 -0.000578 723.0
0.000638 -0.000578 724.0
0.000638 -0.000579 725.0
0.000638 -0.000579 726.0
0.000637 -0.000580 727.0
0.000636 -0.000577 728.0
0.000635 -0.000578 729.0
0.000635 -0.000578 730.0
0.000635 -0.000578 731.0
0.000635 -0.000579 732.0
0.000635 -0.000579 733.0
0.000634 -0.000579 734.0
0.000634 -0.000580 735.0
0.000634 -0.000580 736.0
0.000634 -0.000580 737.0
0.000634 -0.000581 738.0
0.000633 -0.000581 739.0
0.000633 -0.000581 740.0
0.000633 -0.000582 741.0
0.000633 -0.000582 742.0
0.000633 -0.000583 743.0
0.000632 -0.000583 744.0
0.000632 -0.000583 745.0
0.000632 -0.000584 746.0
0.000632 -0.000584 747.0
0.000632 -0.000584 748.0
0.000631 -0.000585 749.0
0.000631 -0.000585 750.0
0.000631 -0.000585 751.0
0.000631 -0.000586 752.0
0.000631 -0.000586 753.0
0.000630 -0.000586 754.0
0.000630 -0.000587 755.0
0.000630 -0.000587 756.0
0.000630 -0.000587 757.0
0.000630 -0.000588 758.0
0.000629 -0.000588 759.0
0.000629 -0.000588 760.0
0.000629 -0.000589 761.0
0.000629 -0.000589 762.0
0.000629 -0.000589 763.0
0.000628 -0.000590 764.0
0.000628 -0.000590 765.0
0.000628 -0.000590 766.0
0.000628 -0.000591 767.0
0.000628 -0.000591 768.0
0.000627 -0.000591 769.0
0.000627 -0.000592 770.0
0.000627 -0.000592 771.0
0.000627 -0.000592 772.0
0.000627 -0.000593 773.0
0.000626 -0.000593 774.0
0.000626 -0.000593 775.0
0.000626 -0.000594 776.0
0.000626 -0.000594 777.0
0.000626 -0.000594 778.0
0.000625 -0.000595 779.0
0.000625 -0.000595 780.0
0.000625 -0.000595 781.0
0.000625 -0.000596 782.0
0.000625 -0.000596 783.0
0.000624 -0.000596 784.0
0.000624 -0.000597 785.0
0.000624 -0.000597 786.0
0.000624 -0.000597 787.0
0.000624 -0.000598 788.0
0.000623 -0.000598 789.0
0.000623 -0.000598 790.0
0.000623 -0.000599 791.0
0.000623 -0.000599 792.0
0.000622 -0.000599 793.0
0.000622 -0.000600 794.0
0.000622 -0.000600 795.0
0.000622 -0.000601 796.0
0.000622 -0.000601 797.0
0.000620 -0.000599 798.0
0.000619 -0.000599 799.0
0.000619 -0.000600 800.0
0.000619 -0.000600 801.0
0.000619 -0.000600 802.0
0.000618 -0.000601 803.0
0.000618 -0.000601 804.0
0.000618 -0.000602 805.0
0.000617 -0.000602 806.0
0.000617 -0.000603 807.0
0.000617 -0.000603 808.0
0.000617 -0.000603 809.0
0.000616 -0.000604 810.0
0.000616 -0.000604 811.0
0.000616 -0.000605 812.0
0.000616 -0.000605 813.0
0.000615 -0.000606 814.0
0.000615 -0.000606 815.0
0.000615 -0.000606 816.0
0.000614 -0.000607 817.0
0.000614 -0.000607 818.0
0.000614 -0.000608 819.0
0.000614 -0.000608 820.0
0.000613 -0.000609 821.0
0.000613 -0.000609 822.0
0.000613 -0.000610 823.0
0.000612 -0.000610 824.0
0.000612 -0.000610 825.0
0.000612 -0.000611 826.0
0.000612 -0.000611 827.0
0.000611 -0.000612 828.0
0.000611 -0.000612 829.0
0.000611 -0.000613 830.0
0.000611 -0.000613 831.0
0.000610 -0.000613 832.0
0.000610 -0.000614 833.0
0.000610 -0.000614 834.0
0.000609 -0.000615 835.0
0.000609 -0.000615 836.0
0.000609 -0.000616 837.0
0.000609 -0.000616 838.0
0.000608 -0.000616 839.0
0.000608 -0.000617 840.0
0.000608 -0.000617 841.0
0.000607 -0.000618 842.0
0.000607 -0.000618 843.0
0.000607 -0.000619 844.0
0.000607 -0.000619 845.0
0.000606 -0.000619 846.0
0.000606 -0.000620 847.0
0.000606 -0.000620 848.0
0.000604 -0.000618 849.0
0.000603 -0.000619 850.0
0.000603 -0.000620 851.0
0.000603 -0.000620 852.0
0.000602 -0.000621 853.0
0.000602 -0.000622 854.0
0.000601 -0.000622 855.0
0.000601 -0.000623 856.0
0.000600 -0.000624 857.0
0.000600 -0.000624 858.0
0.000599 -0.000625 859.0
0.000599 -0.000626 860.0
0.000599 -0.000627 861.0
0.000598 -0.000627 862.0
0.000598 -0.000628 863.0
0.000597 -0.000629 864.0
0.000597 -0.000629 865.0
0.000596 -0.000630 866.0
0.000596 -0.000631 867.0
0.000595 -0.000631 868.0
0.000595 -0.000632 869.0
0.000595 -0.000633 870.0
0.000594 -0.000633 871.0
0.000594 -0.000634 872.0
0.000593 -0.000635 873.0
0.000593 -0.000636 874.0
0.000592 -0.000636 875.0
0.000592 -0.000637 876.0
0.000591 -0.000638 877.0
0.000591 -0.000638 878.0
0.000591 -0.000639 879.0
0.000590 -0.000640 880.0
0.000590 -0.000640 881.0
0.000589 -0.000641 882.0
0.000589 -0.000642 883.0
0.000588 -0.000643 884.0
0.000588 -0.000643 885.0
0.000587 -0.000644 886.0
0.000587 -0.000645 887.0
0.000586 -0.000645 888.0
0.000586 -0.000646 889.0
0.000586 -0.000647 890.0
0.000585 -0.000647 891.0
0.000585 -0.000648 892.0
0.000584 -0.000649 893.0
0.000584 -0.000649 894.0
0.000583 -0.000650 895.0
0.000583 -0.000651 896.0
0.000582 -0.000652 897.0
0.000582 -0.000652 898.0
0.000582 -0.000653 899.0
0.000581 -0.000654 900.0
0.000581 -0.000654 901.0
0.000580 -0.000655 902.0
0.000580 -0.000656 903.0
0.000579 -0.000656 904.0
0.000579 -0.000657 905.0
0.000578 -0.000658 906.0
0.000578 -0.000659 907.0
0.000575 -0.000655 908.0
0.000574 -0.000655 909.0
0.000573 -0.000654 910.0
0.000573 -0.000654 911.0
0.000572 -0.000654 912.0
0.000572 -0.000654 913.0
0.000571 -0.000654 914.0
0.000571 -0.000654 915.0
0.000570 -0.000654 916.0
0.000570 -0.000654 917.0
0.000569 -0.000654 918.0
0.000569 -0.000654 919.0
0.000568 -0.000654 920.0
0.000567 -0.000654 921.0
0.000567 -0.000654 922.0
0.000566 -0.000654 923.0
0.000566 -0.000654 924.0
0.000565 -0.000654 925.0
0.000565 -0.000654 926.0
0.000564 -0.000654 927.0
0.000564 -0.000654 928.0
0.000563 -0.000654 929.0
0.000563 -0.000653 930.0
0.000562 -0.000653 931.0
0.000561 -0.000653 932.0
0.000561 -0.000653 933.0
0.000560 -0.000653 934.0
0.000560 -0.000653 935.0
0.000559 -0.000653 936.0
0.000559 -0.000653 937.0
0.000558 -0.000653 938.0
0.000558 -0.000653 939.0
0.000557 -0.000653 940.0
0.000557 -0.000653 941.0
0.000556 -0.000653 942.0
0.000555 -0.000653 943.0
0.000555 -0.000653 944.0
0.000554 -0.000653 945.0
0.000554 -0.000653 946.0
0.000553 -0.000653 947.0
0.000553 -0.000653 948.0
0.000552 -0.000653 949.0
0.000552 -0.000652 950.0
0.000551 -0.000652 951.0
0.000551 -0.000652 952.0
0.000550 -0.000652 953.0
0.000549 -0.000652 954.0
0.000549 -0.000652 955.0
0.000548 -0.000652 956.0
0.000548 -0.000652 957.0
0.000547 -0.000652 958.0
0.000547 -0.000652 959.0
0.000546 -0.000652 960.0
0.000546 -0.000652 961.0
0.000545 -0.000652 962.0
0.000545 -0.000652 963.0
0.000544 -0.000652 964.0
0.000543 -0.000652 965.0
0.000543 -0.000652 966.0
0.000542 -0.000652 967.0
0.000542 -0.000652 968.0
0.000542 -0.000652 969.0
0.000541 -0.000652 970.0
0.000541 -0.000652 971.0
0.000540 -0.000652 972.0
0.000540 -0.000652 973.0
0.000540 -0.000652 974.0
0.000539 -0.000652 975.0
0.000539 -0.000652 976.0
0.000538 -0.000652 977.0
0.000538 -0.000652 978.0
0.000537 -0.000652 979.0
0.000537 -0.000652 980.0
0.000537 -0.000652 981.0
0.000536 -0.000651 982.0
0.000536 -0.000651 983.0
0.000535 -0.000651 984.0
0.000535 -0.000651 985.0
0.000534 -0.000651 986.0
0.000534 -0.000651 987.0
0.000534 -0.000651 988.0
0.000533 -0.000651 989.0
0.000533 -0.000651 990.0
0.000532 -0.000651 991.0
0.000532 -0.000651 992.0
0.000531 -0.000651 993.0
0.000531 -0.000651 994.0
0.000531 -0.000651 995.0
0.000530 -0.000651 996.0
0.000530 -0.000651 997.0
0.000529 -0.000651 998.0
0.000529 -0.000651 999.0
0.000528 -0.000651 1000.0
0.000528 -0.000650 1001.0
0.000528 -0.000650 1002.0
0.000527 -0.000650 1003.0
0.000527 -0.000650 1004.0
0.000526 -0.000650 1005.0
0.000526 -0.000650 1006.0
0.000525 -0.000650 1007.0
0.000525 -0.000650 1008.0
0.000524 -0.000650 1009.0
0.000524 -0.000650 1010.0
0.000524 -0.000650 1011.0
0.000523 -0.000650 1012.0
0.000523 -0.000650 1013.0
0.000522 -0.000650 1014.0
0.000522 -0.000650 1015.0
0.000521 -0.000650 1016.0
0.000521 -0.000650 1017.0
0.000521 -0.000650 1018.0
0.000520 -0.000649 1019.0
0.000520 -0.000649 1020.0
0.000519 -0.000649 1021.0
0.000519 -0.000649 1022.0
0.000518 -0.000649 1023.0
0.000518 -0.000649 1024.0
0.000518 -0.000649 1025.0
0.000517 -0.000649 1026.0
0.000517 -0.000649 1027.0
0.000516 -0.000649 1028.0
0.000516 -0.000649 1029.0
0.000515 -0.000649 1030.0
0.000515 -0.000650 1031.0
0.000515 -0.000649 1032.0
0.000515 -0.000649 1033.0
0.000515 -0.000648 1034.0
0.000515 -0.000648 1035.0
0.000514 -0.000647 1036.0
0.000514 -0.000647 1037.0
0.000514 -0.000646 1038.0
0.000514 -0.000646 1039.0
0.000514 -0.000645 1040.0
0.000514 -0.000645 1041.0
0.000513 -0.000644 1042.0
0.000513 -0.000644 1043.0
0.000513 -0.000643 1044.0
0.000513 -0.000643 1045.0
0.000513 -0.000642 1046.0
0.000513 -0.000642 1047.0
0.000512 -0.000641 1048.0
0.000512 -0.000641 1049.0
0.000512 -0.000640 1050.0
0.000512 -0.000640 1051.0
0.000512 -0.000639 1052.0
0.000512 -0.000639 1053.0
0.000511 -0.000638 1054.0
0.000511 -0.000638 1055.0
0.000511 -0.000637 1056.0
0.000511 -0.000637 1057.0
0.000511 -0.000636 1058.0
0.000510 -0.000636 1059.0
0.000510 -0.000635 1060.0
0.000510 -0.000635 1061.0
0.000510 -0.000634 1062.0
0.000510 -0.000634 1063.0
0.000510 -0.000633 1064.0
0.000509 -0.000633 1065.0
0.000509 -0.000632 1066.0
0.000509 -0.000632 1067.0
0.000509 -0.000631 1068.0
0.000509 -0.000631 1069.0
0.000509 -0.000630 1070.0
0.000508 -0.000630 1071.0
0.000508 -0.000629 1072.0
0.000508 -0.000629 1073.0
0.000508 -0.000628 1074.0
0.000508 -0.000628 1075.0
0.000507 -0.000627 1076.0
0.000507 -0.000627 1077.0
0.000507 -0.000626 1078.0
0.000507 -0.000626 1079.0
0.000507 -0.000625 1080.0
0.000507 -0.000625 1081.0
0.000506 -0.000624 1082.0
0.000506 -0.000624 1083.0
0.000506 -0.000623 1084.0
0.000506 -0.000623 1085.0
0.000506 -0.000622 1086.0
0.000506 -0.000622 1087.0
0.000505 -0.000621 1088.0
0.000503 -0.000623 1089.0
0.000503 -0.000622 1090.0
0.000503 -0.000622 1091.0
0.000503 -0.000622 1092.0
0.000503 -0.000621 1093.0
0.000503 -0.000621 1094.0
0.000502 -0.000621 1095.0
0.000502 -0.000621 1096.0
0.000502 -0.000620 1097.0
0.000502 -0.000620 1098.0
0.000502 -0.000620 1099.0
0.000502 -0.000619 1100.0
0.000501 -0.000619 1101.0
0.000501 -0.000619 1102.0
0.000501 -0.000618 1103.0
0.000501 -0.000618 1104.0
0.000501 -0.000618 1105.0
0.000501 -0.000617 1106.0
0.000500 -0.000617 1107.0
0.000500 -0.000617 1108.0
0.000500 -0.000617 1109.0
0.000500 -0.000616 1110.0
0.000500 -0.000616 1111.0
0.000500 -0.000616 1112.0
0.000499 -0.000615 1113.0
0.000499 -0.000615 1114.0
0.000499 -0.000615 1115.0
0.000499 -0.000614 1116.0
0.000499 -0.000614 1117.0
0.000499 -0.000614 1118.0
0.000499 -0.000613 1119.0
0.000498 -0.000613 1120.0
0.000498 -0.000613 1121.0
0.000498 -0.000613 1122.0
0.000498 -0.000612 1123.0
0.000498 -0.000612 1124.0
0.000498 -0.000612 1125.0
0.000497 -0.000611 1126.0
0.000497 -0.000611 1127.0
0.000497 -0.000611 1128.0
0.000497 -0.000610 1129.0
0.000497 -0.000610 1130.0
0.000497 -0.000610 1131.0
0.000496 -0.000609 1132.0
0.000496 -0.000609 1133.0
0.000496 -0.000609 1134.0
0.000496 -0.000609 1135.0
0.000496 -0.000608 1136.0
0.000496 -0.000608 1137.0
0.000495 -0.000608 1138.0
0.000495 -0.000607 1139.0
0.000495 -0.000607 1140.0
0.000495 -0.000607 1141.0
0.000495 -0.000606 1142.0
0.000495 -0.000606 1143.0
0.000495 -0.000606 1144.0
0.000494 -0.000605 1145.0
0.000494 -0.000605 1146.0
0.000494 -0.000605 1147.0
0.000494 -0.000604 1148.0
0.000494 -0.000604 1149.0
0.000492 -0.000606 1150.0
0.000492 -0.000606 1151.0
0.000491 -0.000606 1152.0
0.000491 -0.000606 1153.0
0.000490 -0.000606 1154.0
0.000490 -0.000606 1155.0
0.000490 -0.000606 1156.0
0.000489 -0.000606 1157.0
0.000489 -0.000606 1158.0
0.000488 -0.000607 1159.0
0.000488 -0.000607 1160.0
0.000487 -0.000607 1161.0
0.000487 -0.000607 1162.0
0.000487 -0.000607 1163.0
0.000486 -0.000607 1164.0
0.000486 -0.000607 1165.0
0.000485 -0.000607 1166.0
0.000485 -0.000607 1167.0
0.000484 -0.000608 1168.0
0.000484 -0.000608 1169.0
0.000484 -0.000608 1170.0
0.000483 -0.000608 1171.0
0.000483 -0.000608 1172.0
0.000482 -0.000608 1173.0
0.000482 -0.000608 1174.0
0.000481 -0.000608 1175.0
0.000481 -0.000608 1176.0
0.000481 -0.000609 1177.0
0.000480 -0.000609 1178.0
0.000480 -0.000609 1179.0
0.000479 -0.000609 1180.0
0.000479 -0.000609 1181.0
0.000478 -0.000609 1182.0
0.000478 -0.000609 1183.0
0.000478 -0.000609 1184.0
0.000477 -0.000609 1185.0
0.000477 -0.000610 1186.0
0.000476 -0.000610 1187.0
0.000476 -0.000610 1188.0
0.000475 -0.000610 1189.0
0.000475 -0.000610 1190.0
0.000475 -0.000610 1191.0
0.000474 -0.000610 1192.0
0.000474 -0.000610 1193.0
0.000473 -0.000610 1194.0
0.000473 -0.000611 1195.0
0.000472 -0.000611 1196.0
0.000472 -0.000611 1197.0
0.000472 -0.000611 1198.0
0.000471 -0.000611 1199.0
0.000471 -0.000611 1200.0
0.000470 -0.000611 1201.0
0.000470 -0.000611 1202.0
0.000469 -0.000611 1203.0
0.000469 -0.000611 1204.0
0.000469 -0.000612 1205.0
0.000468 -0.000612 1206.0
0.000468 -0.000612 1207.0
0.000467 -0.000612 1208.0
0.000467 -0.000612 1209.0
0.000467 -0.000611 1210.0
0.000466 -0.000611 1211.0
0.000466 -0.000611 1212.0
0.000465 -0.000611 1213.0
0.000464 -0.000610 1214.0
0.000464 -0.000610 1215.0
0.000463 -0.000610 1216.0
0.000463 -0.000610 1217.0
0.000462 -0.000610 1218.0
0.000461 -0.000610 1219.0
0.000461 -0.000610 1220.0
0.000460 -0.000610 1221.0
0.000460 -0.000610 1222.0
0.000459 -0.000610 1223.0
0.000459 -0.000610 1224.0
0.000458 -0.000610 1225.0
0.000457 -0.000610 1226.0
0.000457 -0.000609 1227.0
0.000456 -0.000609 1228.0
0.000456 -0.000609 1229.0
0.000455 -0.000609 1230.0
0.000454 -0.000609 1231.0
0.000454 -0.000609 1232.0
0.000453 -0.000609 1233.0
0.000453 -0.000609 1234.0
0.000452 -0.000609 1235.0
0.000451 -0.000609 1236.0
0.000451 -0.000609 1237.0
0.000450 -0.000609 1238.0
0.000450 -0.000609 1239.0
0.000449 -0.000609 1240.0
0.000449 -0.000608 1241.0
0.000448 -0.000608 1242.0
0.000447 -0.000608 1243.0
0.000447 -0.000608 1244.0
0.000446 -0.000608 1245.0
0.000446 -0.000608 1246.0
0.000445 -0.000608 1247.0
0.000444 -0.000608 1248.0
0.000444 -0.000608 1249.0
0.000443 -0.000608 1250.0
0.000443 -0.000608 1251.0
0.000442 -0.000608 1252.0
0.000442 -0.000608 1253.0
0.000441 -0.000607 1254.0
0.000440 -0.000607 1255.0
0.000440 -0.000607 1256.0
0.000439 -0.000607 1257.0
0.000439 -0.000607 1258.0
0.000438 -0.000607 1259.0
0.000437 -0.000607 1260.0
0.000437 -0.000607 1261.0
0.000436 -0.000607 1262.0
0.000436 -0.000607 1263.0
0.000435 -0.000607 1264.0
0.000435 -0.000607 1265.0
0.000434 -0.000607 1266.0
0.000433 -0.000607 1267.0
0.000433 -0.000606 1268.0
0.000432 -0.000606 1269.0
0.000432 -0.000606 1270.0
0.000431 -0.000606 1271.0
0.000431 -0.000607 1272.0
0.000430 -0.000607 1273.0
0.000430 -0.000607 1274.0
0.000429 -0.000607 1275.0
0.000428 -0.000607 1276.0
0.000428 -0.000607 1277.0
0.000427 -0.000607 1278.0
0.000427 -0.000607 1279.0
0.000426 -0.000607 1280.0
0.000425 -0.000607 1281.0
0.000425 -0.000607 1282.0
0.000424 -0.000607 1283.0
0.000424 -0.000606 1284.0
0.000423 -0.000606 1285.0
0.000422 -0.000606 1286.0
0.000422 -0.000606 1287.0
0.000421 -0.000606 1288.0
0.000421 -0.000606 1289.0
0.000420 -0.000606 1290.0
0.000419 -0.000606 1291.0
0.000419 -0.000606 1292.0
0.000418 -0.000606 1293.0
0.000417 -0.000606 1294.0
0.000417 -0.000606 1295.0
0.000416 -0.000606 1296.0
0.000416 -0.000606 1297.0
0.000415 -0.000606 1298.0
0.000414 -0.000606 1299.0
0.000414 -0.000606 1300.0
0.000413 -0.000605 1301.0
0.000413 -0.000605 1302.0
0.000412 -0.000605 1303.0
0.000411 -0.000605 1304.0
0.000411 -0.000605 1305.0
0.000410 -0.000605 1306.0
0.000409 -0.000605 1307.0
0.000409 -0.000605 1308.0
0.000408 -0.000605 1309.0
0.000408 -0.000605 1310.0
0.000407 -0.000605 1311.0
0.000406 -0.000605 1312.0
0.000406 -0.000605 1313.0
0.000405 -0.000605 1314.0
0.000405 -0.000605 1315.0
0.000404 -0.000605 1316.0
0.000403 -0.000605 1317.0
0.000403 -0.000604 1318.0
0.000402 -0.000604 1319.0
0.000402 -0.000604 1320.0
0.000401 -0.000604 1321.0
0.000400 -0.000604 1322.0
0.000400 -0.000604 1323.0
0.000399 -0.000604 1324.0
0.000399 -0.000605 1325.0
0.000399 -0.000605 1326.0
0.000399 -0.000605 1327.0
0.000399 -0.000605 1328.0
0.000399 -0.000605 1329.0
0.000399 -0.000605 1330.0
0.000399 -0.000605 1331.0
0.000399 -0.000605 1332.0
0.000399 -0.000605 1333.0
0.000399 -0.000605 1334.0
0.000399 -0.000605 1335.0
0.000399 -0.000605 1336.0
0.000399 -0.000605 1337.0
0.000399 -0.000605 1338.0
0.000399 -0.000605 1339.0
0.000399 -0.000605 1340.0
0.000399 -0.000605 1341.0
0.000399 -0.000605 1342.0
0.000399 -0.000605 1343.0
0.000399 -0.000605 1344.0
0.000399 -0.000605 1345.0
0.000399 -0.000605 1346.0
0.000399 -0.000605 1347.0
0.000399 -0.000605 1348.0
0.000399 -0.000605 1349.0
0.000399 -0.000605 1350.0
0.000399 -0.000605 1351.0
0.000399 -0.000605 1352.0
0.000399 -0.000605 1353.0
0.000399 -0.000605 1354.0
0.000399 -0.000605 1355.0
0.000399 -0.000605 1356.0
0.000399 -0.000605 1357.0
0.000399 -0.000605 1358.0
0.000399 -0.000605 1359.0
0.000399 -0.000605 1360.0
0.000399 -0.000605 1361.0
0.000399 -0.000603 1362.0
0.000399 -0.000601 1363.0
0.000399 -0.000600 1364.0
0.000399 -0.000598 1365.0
0.000399 -0.000596 1366.0
0.000399 -0.000595 1367.0
0.000399 -0.000593 1368.0
0.000399 -0.000591 1369.0
0.000399 -0.000589 1370.0
0.000399 -0.000588 1371.0
0.000399 -0.000586 1372.0
0.000399 -0.000584 1373.0
0.000399 -0.000583 1374.0
0.000399 -0.000581 1375.0
0.000399 -0.000579 1376.0
0.000399 -0.000578 1377.0
0.000399 -0.000576 1378.0
0.000399 -0.000574 1379.0
0.000399 -0.000572 1380.0
0.000399 -0.000571 1381.0
0.000399 -0.000569 1382.0
0.000399 -0.000567 1383.0
0.000399 -0.000566 1384.0
0.000399 -0.000564 1385.0
0.000399 -0.000562 1386.0
0.000399 -0.000560 1387.0
0.000399 -0.000559 1388.0
0.000399 -0.000557 1389.0
0.000399 -0.000555 1390.0
0.000399 -0.000554 1391.0
0.000399 -0.000552 1392.0
0.000399 -0.000550 1393.0
0.000399 -0.000549 1394.0
0.000399 -0.000547 1395.0
0.000399 -0.000545 1396.0
0.000399 -0.000543 1397.0
0.000399 -0.000542 1398.0
0.000399 -0.000540 1399.0
0.000399 -0.000538 1400.0
0.000399 -0.000537 1401.0
0.000399 -0.000535 1402.0
0.000399 -0.000533 1403.0
0.000399 -0.000532 1404.0
0.000399 -0.000530 1405.0
0.000399 -0.000528 1406.0
0.000399 -0.000528 1407.0
0.000398 -0.000528 1408.0
0.000397 -0.000528 1409.0
0.000396 -0.000528 1410.0
0.000395 -0.000528 1411.0
0.000394 -0.000528 1412.0
0.000393 -0.000528 1413.0
0.000392 -0.000528 1414.0
0.000391 -0.000528 1415.0
0.000391 -0.000527 1416.0
0.000390 -0.000527 1417.0
0.000389 -0.000527 1418.0
0.000388 -0.000527 1419.0
0.000387 -0.000527 1420.0
0.000386 -0.000527 1421.0
0.000385 -0.000527 1422.0
0.000384 -0.000527 1423.0
0.000383 -0.000527 1424.0
0.000382 -0.000527 1425.0
0.000381 -0.000527 1426.0
0.000381 -0.000527 1427.0
0.000380 -0.000527 1428.0
0.000379 -0.000527 1429.0
0.000378 -0.000526 1430.0
0.000377 -0.000526 1431.0
0.000376 -0.000526 1432.0
0.000375 -0.000526 1433.0
0.000374 -0.000526 1434.0
0.000373 -0.000526 1435.0
0.000372 -0.000526 1436.0
0.000372 -0.000526 1437.0
0.000371 -0.000526 1438.0
0.000370 -0.000526 1439.0
0.000369 -0.000526 1440.0
0.000368 -0.000526 1441.0
0.000367 -0.000526 1442.0
0.000366 -0.000525 1443.0
0.000365 -0.000525 1444.0
0.000364 -0.000525 1445.0
0.000363 -0.000525 1446.0
0.000363 -0.000525 1447.0
0.000362 -0.000525 1448.0
0.000361 -0.000525 1449.0
0.000360 -0.000525 1450.0
0.000359 -0.000525 1451.0
0.000358 -0.000525 1452.0
0.000357 -0.000525 1453.0
0.000356 -0.000525 1454.0
0.000355 -0.000525 1455.0
0.000354 -0.000525 1456.0
0.000354 -0.000524 1457.0
0.000353 -0.000524 1458.0
0.000352 -0.000524 1459.0
0.000351 -0.000524 1460.0
0.000350 -0.000524 1461.0
0.000349 -0.000524 1462.0
0.000348 -0.000524 1463.0
0.000347 -0.000524 1464.0
0.000346 -0.000524 1465.0
0.000345 -0.000524 1466.0
0.000345 -0.000525 1467.0
0.000344 -0.000526 1468.0
0.000343 -0.000528 1469.0
0.000342 -0.000529 1470.0
0.000341 -0.000531 1471.0
0.000340 -0.000532 1472.0
0.000339 -0.000534 1473.0
0.000338 -0.000535 1474.0
0.000337 -0.000537 1475.0
0.000336 -0.000538 1476.0
0.000335 -0.000540 1477.0
0.000333 -0.000541 1478.0
0.000332 -0.000543 1479.0
0.000331 -0.000544 1480.0
0.000330 -0.000546 1481.0
0.000329 -0.000547 1482.0
0.000328 -0.000549 1483.0
0.000327 -0.000550 1484.0
0.000326 -0.000552 1485.0
0.000325 -0.000553 1486.0
0.000324 -0.000555 1487.0
0.000323 -0.000556 1488.0
0.000322 -0.000558 1489.0
0.000321 -0.000559 1490.0
0.000319 -0.000561 1491.0
0.000318 -0.000562 1492.0
0.000317 -0.000564 1493.0
0.000316 -0.000565 1494.0
0.000315 -0.000567 1495.0
0.000314 -0.000568 1496.0
0.000313 -0.000570 1497.0
0.000312 -0.000571 1498.0
0.000311 -0.000573 1499.0
0.000310 -0.000575 1500.0
0.000309 -0.000576 1501.0
0.000308 -0.000578 1502.0
0.000307 -0.000579 1503.0
0.000305 -0.000581 1504.0
0.000304 -0.000582 1505.0
0.000303 -0.000584 1506.0
0.000302 -0.000585 1507.0
0.000301 -0.000587 1508.0
0.000300 -0.000588 1509.0
0.000299 -0.000590 1510.0
0.000298 -0.000591 1511.0
0.000297 -0.000593 1512.0
0.000296 -0.000594 1513.0
0.000295 -0.000596 1514.0
0.000294 -0.000597 1515.0
0.000293 -0.000599 1516.0
0.000291 -0.000600 1517.0
0.000290 -0.000602 1518.0
0.000289 -0.000603 1519.0
0.000288 -0.000605 1520.0
0.000287 -0.000606 1521.0
0.000286 -0.000608 1522.0
0.000285 -0.000609 1523.0
0.000284 -0.000611 1524.0
0.000283 -0.000612 1525.0
0.000282 -0.000614 1526.0
0.000281 -0.000615 1527.0
0.000273 -0.000605 1528.0
0.000273 -0.000607 1529.0
0.000273 -0.000609 1530.0
0.000273 -0.000611 1531.0
0.000273 -0.000613 1532.0
0.000273 -0.000615 1533.0
0.000273 -0.000617 1534.0
0.000273 -0.000619 1535.0
0.000273 -0.000621 1536.0
0.000273 -0.000623 1537.0
0.000273 -0.000625 1538.0
0.000273 -0.000628 1539.0
0.000273 -0.000630 1540.0
0.000273 -0.000632 1541.0
0.000272 -0.000634 1542.0
0.000272 -0.000636 1543.0
0.000272 -0.000638 1544.0
0.000272 -0.000640 1545.0
0.000272 -0.000642 1546.0
0.000272 -0.000644 1547.0
0.000272 -0.000646 1548.0
0.000272 -0.000648 1549.0
0.000272 -0.000650 1550.0
0.000272 -0.000652 1551.0
0.000272 -0.000654 1552.0
0.000272 -0.000656 1553.0
0.000272 -0.000658 1554.0
0.000272 -0.000660 1555.0
0.000272 -0.000662 1556.0
0.000272 -0.000664 1557.0
0.000272 -0.000666 1558.0
0.000272 -0.000668 1559.0
0.000272 -0.000670 1560.0
0.000272 -0.000672 1561.0
0.000272 -0.000674 1562.0
0.000272 -0.000676 1563.0
0.000272 -0.000678 1564.0
0.000272 -0.000680 1565.0
0.000272 -0.000682 1566.0
0.000272 -0.000684 1567.0
0.000272 -0.000686 1568.0
0.000272 -0.000688 1569.0
0.000272 -0.000690 1570.0
0.000272 -0.000692 1571.0
0.000272 -0.000694 1572.0
0.000272 -0.000696 1573.0
0.000272 -0.000698 1574.0
0.000272 -0.000700 1575.0
0.000272 -0.000702 1576.0
0.000272 -0.000704 1577.0
0.000272 -0.000706 1578.0
0.000272 -0.000708 1579.0
0.000272 -0.000710 1580.0
0.000272 -0.000712 1581.0
0.000272 -0.000714 1582.0
0.000272 -0.000716 1583.0
0.000272 -0.000718 1584.0
0.000272 -0.000720 1585.0
0.000272 -0.000722 1586.0
0.000272 -0.000724 1587.0
0.000272 -0.000726 1588.0
0.000271 -0.000726 1589.0
0.000271 -0.000727 1590.0
0.000270 -0.000729 1591.0
0.000269 -0.000731 1592.0
0.000269 -0.000733 1593.0
0.000268 -0.000734 1594.0
0.000267 -0.000736 1595.0
0.000267 -0.000738 1596.0
0.000266 -0.000740 1597.0
0.000265 -0.000741 1598.0
0.000265 -0.000743 1599.0
0.000264 -0.000745 1600.0
0.000263 -0.000746 1601.0
0.000262 -0.000748 1602.0
0.000262 -0.000750 1603.0
0.000261 -0.000752 1604.0
0.000260 -0.000753 1605.0
0.000260 -0.000755 1606.0
0.000259 -0.000757 1607.0
0.000258 -0.000759 1608.0
0.000258 -0.000760 1609.0
0.000257 -0.000762 1610.0
0.000256 -0.000764 1611.0
0.000256 -0.000766 1612.0
0.000255 -0.000767 1613.0
0.000254 -0.000769 1614.0
0.000254 -0.000771 1615.0
0.000253 -0.000772 1616.0
0.000252 -0.000774 1617.0
0.000252 -0.000776 1618.0
0.000251 -0.000778 1619.0
0.000250 -0.000779 1620.0
0.000250 -0.000781 1621.0
0.000249 -0.000783 1622.0
0.000248 -0.000785 1623.0
0.000248 -0.000786 1624.0
0.000247 -0.000788 1625.0
0.000246 -0.000790 1626.0
0.000246 -0.000791 1627.0
0.000245 -0.000793 1628.0
0.000244 -0.000795 1629.0
0.000244 -0.000797 1630.0
0.000243 -0.000798 1631.0
0.000242 -0.000800 1632.0
0.000242 -0.000802 1633.0
0.000241 -0.000804 1634.0
0.000240 -0.000805 1635.0
0.000240 -0.000807 1636.0
0.000239 -0.000809 1637.0
0.000238 -0.000810 1638.0
0.000238 -0.000812 1639.0
0.000237 -0.000814 1640.0
0.000236 -0.000816 1641.0
0.000236 -0.000817 1642.0
0.000235 -0.000819 1643.0
0.000234 -0.000821 1644.0
0.000234 -0.000823 1645.0
0.000233 -0.000824 1646.0
0.000232 -0.000826 1647.0
0.000232 -0.000828 1648.0
0.000231 -0.000830 1649.0
0.000223 -0.000824 1650.0
0.000223 -0.000825 1651.0
0.000222 -0.000825 1652.0
0.000222 -0.000826 1653.0
0.000222 -0.000827 1654.0
0.000222 -0.000827 1655.0
0.000221 -0.000828 1656.0
0.000221 -0.000829 1657.0
0.000221 -0.000829 1658.0
0.000220 -0.000830 1659.0
0.000220 -0.000830 1660.0
0.000220 -0.000831 1661.0
0.000220 -0.000832 1662.0
0.000219 -0.000832 1663.0
0.000219 -0.000833 1664.0
0.000219 -0.000834 1665.0
0.000219 -0.000834 1666.0
0.000218 -0.000835 1667.0
0.000218 -0.000836 1668.0
0.000218 -0.000836 1669.0
0.000217 -0.000837 1670.0
0.000217 -0.000837 1671.0
0.000217 -0.000838 1672.0
0.000217 -0.000839 1673.0
0.000216 -0.000839 1674.0
0.000216 -0.000840 1675.0
0.000216 -0.000841 1676.0
0.000215 -0.000841 1677.0
0.000215 -0.000842 1678.0
0.000215 -0.000843 1679.0
0.000215 -0.000843 1680.0
0.000214 -0.000844 1681.0
0.000214 -0.000844 1682.0
0.000214 -0.000845 1683.0
0.000213 -0.000846 1684.0
0.000213 -0.000846 1685.0
0.000213 -0.000847 1686.0
0.000213 -0.000848 1687.0
0.000212 -0.000848 1688.0
0.000212 -0.000849 1689.0
0.000212 -0.000850 1690.0
0.000211 -0.000850 1691.0
0.000211 -0.000851 1692.0
0.000211 -0.000851 1693.0
0.000211 -0.000852 1694.0
0.000210 -0.000853 1695.0
0.000210 -0.000853 1696.0
0.000210 -0.000854 1697.0
0.000209 -0.000855 1698.0
0.000209 -0.000855 1699.0
0.000209 -0.000856 1700.0
0.000209 -0.000856 1701.0
0.000208 -0.000857 1702.0
0.000208 -0.000858 1703.0
0.000208 -0.000858 1704.0
0.000207 -0.000859 1705.0
0.000207 -0.000860 1706.0
0.000207 -0.000860 1707.0
0.000207 -0.000861 1708.0
0.000206 -0.000862 1709.0
0.000203 -0.000859 1710.0
0.000204 -0.000859 1711.0
0.000204 -0.000860 1712.0
0.000205 -0.000860 1713.0
0.000206 -0.000860 1714.0
0.000206 -0.000860 1715.0
0.000207 -0.000860 1716.0
0.000207 -0.000860 1717.0
0.000208 -0.000861 1718.0
0.000208 -0.000861 1719.0
0.000209 -0.000861 1720.0
0.000210 -0.000861 1721.0
0.000210 -0.000861 1722.0
0.000211 -0.000862 1723.0
0.000211 -0.000862 1724.0
0.000212 -0.000862 1725.0
0.000212 -0.000862 1726.0
0.000213 -0.000862 1727.0
0.000214 -0.000862 1728.0
0.000214 -0.000863 1729.0
0.000215 -0.000863 1730.0
0.000215 -0.000863 1731.0
0.000216 -0.000863 1732.0
0.000216 -0.000863 1733.0
0.000217 -0.000864 1734.0
0.000218 -0.000864 1735.0
0.000218 -0.000864 1736.0
0.000219 -0.000864 1737.0
0.000219 -0.000864 1738.0
0.000220 -0.000864 1739.0
0.000220 -0.000865 1740.0
0.000221 -0.000865 1741.0
0.000222 -0.000865 1742.0
0.000222 -0.000865 1743.0
0.000223 -0.000865 1744.0
0.000223 -0.000866 1745.0
0.000224 -0.000866 1746.0
0.000224 -0.000866 1747.0
0.000225 -0.000866 1748.0
0.000226 -0.000866 1749.0
0.000226 -0.000866 1750.0
0.000227 -0.000867 1751.0
0.000227 -0.000867 1752.0
0.000228 -0.000867 1753.0
0.000228 -0.000867 1754.0
0.000229 -0.000867 1755.0
0.000230 -0.000868 1756.0
0.000230 -0.000868 1757.0
0.000231 -0.000868 1758.0
0.000231 -0.000868 1759.0
0.000232 -0.000868 1760.0
0.000232 -0.000868 1761.0
0.000233 -0.000869 1762.0
0.000234 -0.000869 1763.0
0.000234 -0.000869 1764.0
0.000235 -0.000869 1765.0
0.000235 -0.000869 1766.0
0.000236 -0.000869 1767.0
0.000236 -0.000870 1768.0
0.000237 -0.000870 1769.0
0.000238 -0.000870 1770.0
0.000238 -0.000868 1771.0
0.000238 -0.000868 1772.0
0.000239 -0.000867 1773.0
0.000239 -0.000867 1774.0
0.000239 -0.000867 1775.0
0.000240 -0.000867 1776.0
0.000240 -0.000866 1777.0
0.000241 -0.000866 1778.0
0.000241 -0.000866 1779.0
0.000241 -0.000866 1780.0
0.000242 -0.000865 1781.0
0.000242 -0.000865 1782.0
0.000242 -0.000865 1783.0
0.000243 -0.000864 1784.0
0.000243 -0.000864 1785.0
0.000243 -0.000864 1786.0
0.000244 -0.000864 1787.0
0.000244 -0.000863 1788.0
0.000245 -0.000863 1789.0
0.000245 -0.000863 1790.0
0.000245 -0.000863 1791.0
0.000246 -0.000862 1792.0
0.000246 -0.000862 1793.0
0.000246 -0.000862 1794.0
0.000247 -0.000862 1795.0
0.000247 -0.000861 1796.0
0.000248 -0.000861 1797.0
0.000248 -0.000861 1798.0
0.000248 -0.000860 1799.0
0.000249 -0.000860 1800.0
0.000249 -0.000860 1801.0
0.000249 -0.000860 1802.0
0.000250 -0.000859 1803.0
0.000250 -0.000859 1804.0
0.000251 -0.000859 1805.0
0.000251 -0.000859 1806.0
0.000251 -0.000858 1807.0
0.000252 -0.000858 1808.0
0.000252 -0.000858 1809.0
0.000252 -0.000858 1810.0
0.000253 -0.000857 1811.0
0.000253 -0.000857 1812.0
0.000253 -0.000857 1813.0
0.000254 -0.000856 1814.0
0.000254 -0.000856 1815.0
0.000255 -0.000856 1816.0
0.000255 -0.000856 1817.0
0.000255 -0.000855 1818.0
0.000256 -0.000855 1819.0
0.000256 -0.000855 1820.0
0.000256 -0.000855 1821.0
0.000257 -0.000854 1822.0
0.000257 -0.000854 1823.0
0.000258 -0.000854 1824.0
0.000258 -0.000854 1825.0
0.000258 -0.000853 1826.0
0.000259 -0.000853 1827.0
0.000259 -0.000853 1828.0
0.000259 -0.000853 1829.0
0.000260 -0.000852 1830.0
0.000260 -0.000852 1831.0
0.000260 -0.000852 1832.0
0.000261 -0.000851 1833.0
0.000261 -0.000851 1834.0
0.000262 -0.000851 1835.0
0.000262 -0.000851 1836.0
0.000262 -0.000850 1837.0
0.000263 -0.000850 1838.0
0.000263 -0.000850 1839.0
0.000263 -0.000850 1840.0
0.000264 -0.000849 1841.0
0.000264 -0.000849 1842.0
0.000265 -0.000849 1843.0
0.000265 -0.000849 1844.0
0.000265 -0.000848 1845.0
0.000266 -0.000848 1846.0
0.000266 -0.000848 1847.0
0.000266 -0.000847 1848.0
0.000267 -0.000847 1849.0
0.000267 -0.000847 1850.0
0.000269 -0.000850 1851.0
0.000269 -0.000850 1852.0
0.000269 -0.000849 1853.0
0.000269 -0.000848 1854.0
0.000269 -0.000847 1855.0
0.000269 -0.000846 1856.0
0.000269 -0.000846 1857.0
0.000269 -0.000845 1858.0
0.000269 -0.000844 1859.0
0.000269 -0.000843 1860.0
0.000269 -0.000842 1861.0
0.000269 -0.000841 1862.0
0.000269 -0.000841 1863.0
0.000269 -0.000840 1864.0
0.000269 -0.000839 1865.0
0.000269 -0.000838 1866.0
0.000269 -0.000837 1867.0
0.000269 -0.000837 1868.0
0.000269 -0.000836 1869.0
0.000269 -0.000835 1870.0
0.000269 -0.000834 1871.0
0.000269 -0.000833 1872.0
0.000269 -0.000832 1873.0
0.000269 -0.000832 1874.0
0.000269 -0.000831 1875.0
0.000269 -0.000830 1876.0
0.000269 -0.000829 1877.0
0.000269 -0.000828 1878.0
0.000269 -0.000828 1879.0
0.000269 -0.000827 1880.0
0.000269 -0.000827 1881.0
0.000269 -0.000826 1882.0
0.000269 -0.000825 1883.0
0.000269 -0.000824 1884.0
0.000269 -0.000823 1885.0
0.000269 -0.000822 1886.0
0.000269 -0.000821 1887.0
0.000269 -0.000820 1888.0
0.000269 -0.000819 1889.0
0.000269 -0.000818 1890.0
0.000269 -0.000817 1891.0
0.000269 -0.000816 1892.0
0.000269 -0.000815 1893.0
0.000269 -0.000814 1894.0
0.000269 -0.000813 1895.0
0.000269 -0.000812 1896.0
0.000269 -0.000811 1897.0
0.000269 -0.000810 1898.0
0.000269 -0.000809 1899.0
0.000269 -0.000808 1900.0
0.000269 -0.000807 1901.0
0.000269 -0.000806 1902.0
0.000269 -0.000805 1903.0
0.000269 -0.000804 1904.0
0.000269 -0.000803 1905.0
0.000269 -0.000802 1906.0
0.000269 -0.000801 1907.0
0.000269 -0.000800 1908.0
0.000269 -0.000799 1909.0
0.000269 -0.000798 1910.0
0.000269 -0.000797 1911.0
0.000269 -0.000796 1912.0
0.000269 -0.000795 1913.0
0.000269 -0.000794 1914.0
0.000269 -0.000793 1915.0
0.000269 -0.000792 1916.0
0.000269 -0.000791 1917.0
0.000269 -0.000790 1918.0
0.000269 -0.000789 1919.0
0.000269 -0.000789 1920.0
0.000269 -0.000788 1921.0
0.000269 -0.000787 1922.0
0.000269 -0.000786 1923.0
0.000269 -0.000785 1924.0
0.000269 -0.000784 1925.0
0.000269 -0.000783 1926.0
0.000269 -0.000782 1927.0
0.000269 -0.000781 1928.0
0.000269 -0.000780 1929.0
0.000269 -0.000779 1930.0
0.000269 -0.000778 1931.0
0.000269 -0.000777 1932.0
0.000269 -0.000776 1933.0
0.000269 -0.000775 1934.0
0.000269 -0.000774 1935.0
0.000269 -0.000773 1936.0
0.000269 -0.000772 1937.0
0.000269 -0.000771 1938.0
0.000269 -0.000770 1939.0
0.000269 -0.000769 1940.0
0.000269 -0.000768 1941.0
0.000269 -0.000767 1942.0
0.000269 -0.000766 1943.0
0.000269 -0.000765 1944.0
0.000269 -0.000765 1945.0
0.000269 -0.000764 1946.0
0.000269 -0.000764 1947.0
0.000270 -0.000763 1948.0
0.000270 -0.000763 1949.0
0.000270 -0.000762 1950.0
0.000270 -0.000761 1951.0
0.000270 -0.000761 1952.0
0.000271 -0.000760 1953.0
0.000271 -0.000759 1954.0
0.000271 -0.000759 1955.0
0.000271 -0.000758 1956.0
0.000271 -0.000758 1957.0
0.000272 -0.000757 1958.0
0.000272 -0.000756 1959.0
0.000272 -0.000756 1960.0
0.000272 -0.000755 1961.0
0.000272 -0.000754 1962.0
0.000273 -0.000754 1963.0
0.000273 -0.000753 1964.0
0.000273 -0.000752 1965.0
0.000273 -0.000752 1966.0
0.000273 -0.000751 1967.0
0.000274 -0.000751 1968.0
0.000274 -0.000750 1969.0
0.000274 -0.000749 1970.0
0.000274 -0.000749 1971.0
0.000274 -0.000748 1972.0
0.000274 -0.000747 1973.0
0.000275 -0.000747 1974.0
0.000275 -0.000746 1975.0
0.000275 -0.000746 1976.0
0.000275 -0.000745 1977.0
0.000275 -0.000744 1978.0
0.000276 -0.000744 1979.0
0.000276 -0.000743 1980.0
0.000276 -0.000742 1981.0
0.000276 -0.000742 1982.0
0.000276 -0.000741 1983.0
0.000277 -0.000741 1984.0
0.000277 -0.000740 1985.0
0.000277 -0.000739 1986.0
0.000277 -0.000739 1987.0
0.000277 -0.000738 1988.0
0.000278 -0.000737 1989.0
0.000278 -0.000737 1990.0
0.000278 -0.000736 1991.0
0.000278 -0.000736 1992.0
0.000278 -0.000735 1993.0
0.000279 -0.000734 1994.0
0.000279 -0.000734 1995.0
0.000279 -0.000733 1996.0
0.000279 -0.000732 1997.0
0.000279 -0.000732 1998.0
0.000280 -0.000731 1999.0
0.000280 -0.000731 2000.0
0.000280 -0.000730 2001.0
0.000280 -0.000729 2002.0
0.000280 -0.000729 2003.0
0.000281 -0.000728 2004.0
0.000281 -0.000727 2005.0
0.000281 -0.000727 2006.0
0.000283 -0.000728 2007.0
0.000284 -0.000728 2008.0
0.000284 -0.000728 2009.0
0.000284 -0.000728 2010.0
0.000284 -0.000728 2011.0
0.000284 -0.000728 2012.0
0.000284 -0.000728 2013.0
0.000284 -0.000728 2014.0
0.000284 -0.000728 2015.0
0.000285 -0.000728 2016.0
0.000285 -0.000728 2017.0
0.000285 -0.000728 2018.0
0.000285 -0.000728 2019.0
0.000285 -0.000728 2020.0
0.000285 -0.000728 2021.0
0.000285 -0.000728 2022.0
0.000285 -0.000728 2023.0
0.000286 -0.000728 2024.0
0.000286 -0.000728 2025.0
0.000286 -0.000728 2026.0
0.000286 -0.000727 2027.0
0.000286 -0.000727 2028.0
0.000286 -0.000727 2029.0
0.000286 -0.000727 2030.0
0.000287 -0.000727 2031.0
0.000287 -0.000727 2032.0
0.000287 -0.000727 2033.0
0.000287 -0.000727 2034.0
0.000287 -0.000727 2035.0
0.000287 -0.000727 2036.0
0.000287 -0.000727 2037.0
0.000287 -0.000727 2038.0
0.000288 -0.000727 2039.0
0.000288 -0.000727 2040.0
0.000288 -0.000727 2041.0
0.000288 -0.000727 2042.0
0.000288 -0.000727 2043.0
0.000288 -0.000727 2044.0
0.000288 -0.000727 2045.0
0.000288 -0.000727 2046.0
0.000289 -0.000727 2047.0
0.000289 -0.000727 2048.0
0.000289 -0.000727 2049.0
0.000289 -0.000727 2050.0
0.000289 -0.000727 2051.0
0.000289 -0.000727 2052.0
0.000289 -0.000727 2053.0
0.000289 -0.000726 2054.0
0.000290 -0.000726 2055.0
0.000290 -0.000726 2056.0
0.000290 -0.000726 2057.0
0.000290 -0.000726 2058.0
0.000290 -0.000726 2059.0
0.000290 -0.000726 2060.0
0.000290 -0.000726 2061.0
0.000291 -0.000726 2062.0
0.000291 -0.000726 2063.0
0.000291 -0.000726 2064.0
0.000291 -0.000726 2065.0
0.000291 -0.000726 2066.0
0.000291 -0.000726 2067.0
0.000291 -0.000726 2068.0
0.000291 -0.000726 2069.0
0.000292 -0.000726 2070.0
0.000292 -0.000726 2071.0
0.000291 -0.000727 2072.0
0.000291 -0.000727 2073.0
0.000290 -0.000728 2074.0
0.000290 -0.000729 2075.0
0.000289 -0.000729 2076.0
0.000289 -0.000730 2077.0
0.000288 -0.000730 2078.0
0.000288 -0.000731 2079.0
0.000288 -0.000731 2080.0
0.000287 -0.000732 2081.0
0.000287 -0.000732 2082.0
0.000286 -0.000733 2083.0
0.000286 -0.000733 2084.0
0.000285 -0.000734 2085.0
0.000285 -0.000734 2086.0
0.000284 -0.000735 2087.0
0.000284 -0.000736 2088.0
0.000283 -0.000736 2089.0
0.000283 -0.000737 2090.0
0.000282 -0.000737 2091.0
0.000282 -0.000738 2092.0
0.000282 -0.000738 2093.0
0.000281 -0.000739 2094.0
0.000281 -0.000739 2095.0
0.000280 -0.000740 2096.0
0.000280 -0.000740 2097.0
0.000279 -0.000741 2098.0
0.000279 -0.000742 2099.0
0.000278 -0.000742 2100.0
0.000278 -0.000743 2101.0
0.000277 -0.000743 2102.0
0.000277 -0.000744 2103.0
0.000276 -0.000744 2104.0
0.000276 -0.000745 2105.0
0.000276 -0.000745 2106.0
0.000275 -0.000746 2107.0
0.000275 -0.000746 2108.0
0.000274 -0.000747 2109.0
0.000274 -0.000748 2110.0
0.000273 -0.000748 2111.0
0.000273 -0.000749 2112.0
0.000272 -0.000749 2113.0
0.000272 -0.000750 2114.0
0.000271 -0.000750 2115.0
0.000271 -0.000751 2116.0
0.000271 -0.000751 2117.0
0.000270 -0.000752 2118.0
0.000270 -0.000752 2119.0
0.000269 -0.000753 2120.0
0.000269 -0.000753 2121.0
0.000268 -0.000754 2122.0
0.000266 -0.000751 2123.0
0.000265 -0.000752 2124.0
0.000264 -0.000754 2125.0
0.000262 -0.000756 2126.0
0.000261 -0.000757 2127.0
0.000260 -0.000759 2128.0
0.000259 -0.000761 2129.0
0.000258 -0.000762 2130.0
0.000257 -0.000764 2131.0
0.000256 -0.000766 2132.0
0.000255 -0.000767 2133.0
0.000253 -0.000769 2134.0
0.000252 -0.000771 2135.0
0.000251 -0.000772 2136.0
0.000250 -0.000774 2137.0
0.000249 -0.000776 2138.0
0.000248 -0.000777 2139.0
0.000247 -0.000779 2140.0
0.000246 -0.000781 2141.0
0.000244 -0.000782 2142.0
0.000243 -0.000784 2143.0
0.000242 -0.000786 2144.0
0.000241 -0.000787 2145.0
0.000240 -0.000789 2146.0
0.000239 -0.000791 2147.0
0.000238 -0.000792 2148.0
0.000237 -0.000794 2149.0
0.000235 -0.000796 2150.0
0.000234 -0.000797 2151.0
0.000233 -0.000799 2152.0
0.000232 -0.000801 2153.0
0.000231 -0.000802 2154.0
0.000230 -0.000804 2155.0
0.000229 -0.000806 2156.0
0.000228 -0.000807 2157.0
0.000226 -0.000809 2158.0
0.000225 -0.000811 2159.0
0.000224 -0.000812 2160.0
0.000223 -0.000814 2161.0
0.000222 -0.000816 2162.0
0.000221 -0.000817 2163.0
0.000220 -0.000819 2164.0
0.000219 -0.000821 2165.0
0.000217 -0.000822 2166.0
0.000216 -0.000824 2167.0
0.000215 -0.000826 2168.0
0.000214 -0.000827 2169.0
0.000213 -0.000829 2170.0
0.000212 -0.000831 2171.0
0.000211 -0.000832 2172.0
0.000210 -0.000834 2173.0
0.000208 -0.000836 2174.0
0.000207 -0.000837 2175.0
0.000206 -0.000839 2176.0
0.000205 -0.000841 2177.0
0.000204 -0.000842 2178.0
0.000203 -0.000844 2179.0
0.000202 -0.000846 2180.0
0.000193 -0.000836 2181.0
0.000192 -0.000837 2182.0
0.000191 -0.000838 2183.0
0.000190 -0.000839 2184.0
0.000189 -0.000840 2185.0
0.000188 -0.000841 2186.0
0.000186 -0.000842 2187.0
0.000185 -0.000843 2188.0
0.000184 -0.000844 2189.0
0.000183 -0.000844 2190.0
0.000182 -0.000845 2191.0
0.000181 -0.000846 2192.0
0.000179 -0.000847 2193.0
0.000178 -0.000848 2194.0
0.000177 -0.000849 2195.0
0.000176 -0.000850 2196.0
0.000175 -0.000851 2197.0
0.000174 -0.000852 2198.0
0.000172 -0.000853 2199.0
0.000171 -0.000854 2200.0
0.000170 -0.000855 2201.0
0.000169 -0.000856 2202.0
0.000168 -0.000857 2203.0
0.000167 -0.000858 2204.0
0.000165 -0.000859 2205.0
0.000164 -0.000860 2206.0
0.000163 -0.000861 2207.0
0.000162 -0.000861 2208.0
0.000161 -0.000862 2209.0
0.000160 -0.000863 2210.0
0.000158 -0.000864 2211.0
0.000157 -0.000865 2212.0
0.000156 -0.000866 2213.0
0.000155 -0.000867 2214.0
0.000154 -0.000868 2215.0
0.000153 -0.000869 2216.0
0.000151 -0.000870 2217.0
0.000150 -0.000871 2218.0
0.000149 -0.000872 2219.0
0.000148 -0.000873 2220.0
0.000147 -0.000874 2221.0
0.000146 -0.000875 2222.0
0.000144 -0.000876 2223.0
0.000143 -0.000877 2224.0
0.000142 -0.000877 2225.0
0.000141 -0.000878 2226.0
0.000140 -0.000879 2227.0
0.000139 -0.000880 2228.0
0.000137 -0.000881 2229.0
0.000136 -0.000882 2230.0
0.000135 -0.000883 2231.0
0.000134 -0.000884 2232.0
0.000133 -0.000885 2233.0
0.000132 -0.000886 2234.0
0.000130 -0.000887 2235.0
0.000129 -0.000888 2236.0
0.000128 -0.000889 2237.0
0.000127 -0.000890 2238.0
0.000126 -0.000891 2239.0
0.000125 -0.000892 2240.0
0.000121 -0.000883 2241.0
0.000120 -0.000883 2242.0
0.000120 -0.000884 2243.0
0.000120 -0.000884 2244.0
0.000120 -0.000884 2245.0
0.000120 -0.000885 2246.0
0.000120 -0.000885 2247.0
0.000120 -0.000886 2248.0
0.000120 -0.000886 2249.0
0.000120 -0.000886 2250.0
0.000120 -0.000887 2251.0
0.000119 -0.000887 2252.0
0.000119 -0.000888 2253.0
0.000119 -0.000888 2254.0
0.000119 -0.000888 2255.0
0.000119 -0.000889 2256.0
0.000119 -0.000889 2257.0
0.000119 -0.000890 2258.0
0.000119 -0.000890 2259.0
0.000119 -0.000890 2260.0
0.000119 -0.000891 2261.0
0.000118 -0.000891 2262.0
0.000118 -0.000892 2263.0
0.000118 -0.000892 2264.0
0.000118 -0.000892 2265.0
0.000118 -0.000893 2266.0
0.000118 -0.000893 2267.0
0.000118 -0.000894 2268.0
0.000118 -0.000894 2269.0
0.000118 -0.000894 2270.0
0.000117 -0.000895 2271.0
0.000117 -0.000895 2272.0
0.000117 -0.000896 2273.0
0.000117 -0.000896 2274.0
0.000117 -0.000896 2275.0
0.000117 -0.000897 2276.0
0.000117 -0.000897 2277.0
0.000117 -0.000898 2278.0
0.000117 -0.000898 2279.0
0.000117 -0.000898 2280.0
0.000116 -0.000899 2281.0
0.000116 -0.000899 2282.0
0.000116 -0.000900 2283.0
0.000116 -0.000900 2284.0
0.000116 -0.000900 2285.0
0.000116 -0.000901 2286.0
0.000116 -0.000901 2287.0
0.000116 -0.000902 2288.0
0.000116 -0.000902 2289.0
0.000115 -0.000902 2290.0
0.000115 -0.000903 2291.0
0.000115 -0.000903 2292.0
0.000115 -0.000904 2293.0
0.000115 -0.000904 2294.0
0.000115 -0.000904 2295.0
0.000115 -0.000905 2296.0
0.000115 -0.000905 2297.0
0.000115 -0.000906 2298.0
0.000115 -0.000906 2299.0
0.000114 -0.000907 2300.0
0.000113 -0.000906 2301.0
0.000113 -0.000907 2302.0
0.000114 -0.000908 2303.0
0.000114 -0.000909 2304.0
0.000114 -0.000910 2305.0
0.000114 -0.000911 2306.0
0.000115 -0.000912 2307.0
0.000115 -0.000913 2308.0
0.000115 -0.000914 2309.0
0.000116 -0.000915 2310.0
0.000116 -0.000916 2311.0
0.000116 -0.000917 2312.0
0.000116 -0.000918 2313.0
0.000117 -0.000919 2314.0
0.000117 -0.000920 2315.0
0.000117 -0.000921 2316.0
0.000117 -0.000922 2317.0
0.000118 -0.000923 2318.0
0.000118 -0.000924 2319.0
0.000118 -0.000925 2320.0
0.000118 -0.000926 2321.0
0.000119 -0.000927 2322.0
0.000119 -0.000928 2323.0
0.000119 -0.000929 2324.0
0.000120 -0.000930 2325.0
0.000120 -0.000931 2326.0
0.000120 -0.000932 2327.0
0.000120 -0.000933 2328.0
0.000121 -0.000934 2329.0
0.000121 -0.000935 2330.0
0.000121 -0.000936 2331.0
0.000121 -0.000937 2332.0
0.000122 -0.000938 2333.0
0.000122 -0.000939 2334.0
0.000122 -0.000940 2335.0
0.000123 -0.000941 2336.0
0.000123 -0.000942 2337.0
0.000123 -0.000943 2338.0
0.000123 -0.000944 2339.0
0.000124 -0.000945 2340.0
0.000124 -0.000946 2341.0
0.000124 -0.000947 2342.0
0.000124 -0.000948 2343.0
0.000125 -0.000949 2344.0
0.000125 -0.000950 2345.0
0.000125 -0.000951 2346.0
0.000126 -0.000952 2347.0
0.000126 -0.000953 2348.0
0.000126 -0.000954 2349.0
0.000126 -0.000955 2350.0
0.000127 -0.000956 2351.0
0.000127 -0.000957 2352.0
0.000127 -0.000958 2353.0
0.000127 -0.000959 2354.0
0.000128 -0.000960 2355.0
0.000128 -0.000961 2356.0
0.000128 -0.000962 2357.0
0.000129 -0.000962 2358.0
0.000129 -0.000963 2359.0
0.000129 -0.000964 2360.0
0.000129 -0.000965 2361.0
0.000130 -0.000966 2362.0
0.000130 -0.000967 2363.0
0.000130 -0.000968 2364.0
0.000130 -0.000969 2365.0
0.000131 -0.000970 2366.0
0.000131 -0.000971 2367.0
0.000131 -0.000972 2368.0
0.000132 -0.000973 2369.0
0.000132 -0.000974 2370.0
0.000132 -0.000975 2371.0
0.000132 -0.000976 2372.0
0.000133 -0.000977 2373.0
0.000133 -0.000978 2374.0
0.000133 -0.000979 2375.0
0.000133 -0.000980 2376.0
0.000134 -0.000981 2377.0
0.000134 -0.000982 2378.0
0.000134 -0.000983 2379.0
0.000134 -0.000984 2380.0
0.000135 -0.000985 2381.0
0.000135 -0.000986 2382.0
0.000135 -0.000987 2383.0
0.000136 -0.000988 2384.0
0.000136 -0.000989 2385.0
0.000136 -0.000990 2386.0
0.000136 -0.000991 2387.0
0.000137 -0.000992 2388.0
0.000137 -0.000993 2389.0
0.000137 -0.000994 2390.0
0.000137 -0.000995 2391.0
0.000138 -0.000996 2392.0
0.000138 -0.000997 2393.0
0.000138 -0.000998 2394.0
0.000139 -0.000999 2395.0
0.000139 -0.001000 2396.0
0.000139 -0.001001 2397.0
0.000139 -0.001002 2398.0
0.000140 -0.001003 2399.0
0.000140 -0.001004 2400.0
0.000140 -0.001005 2401.0
0.000140 -0.001006 2402.0
0.000141 -0.001007 2403.0
0.000141 -0.001008 2404.0
0.000141 -0.001009 2405.0
0.000142 -0.001010 2406.0
0.000142 -0.001011 2407.0
0.000142 -0.001012 2408.0
0.000142 -0.001013 2409.0
0.000143 -0.001014 2410.0
0.000143 -0.001015 2411.0
0.000143 -0.001016 2412.0
0.000143 -0.001017 2413.0
0.000144 -0.001018 2414.0
0.000144 -0.001019 2415.0
0.000144 -0.001020 2416.0
0.000145 -0.001021 2417.0
0.000145 -0.001022 2418.0
0.000145 -0.001023 2419.0
0.000145 -0.001024 2420.0
0.000146 -0.001025 2421.0
0.000153 -0.001022 2422.0
0.000153 -0.001022 2423.0
0.000154 -0.001022 2424.0
0.000155 -0.001023 2425.0
0.000155 -0.001023 2426.0
0.000156 -0.001024 2427.0
0.000156 -0.001024 2428.0
0.000157 -0.001024 2429.0
0.000157 -0.001025 2430.0
0.000158 -0.001025 2431.0
0.000159 -0.001025 2432.0
0.000159 -0.001026 2433.0
0.000160 -0.001026 2434.0
0.000160 -0.001027 2435.0
0.000161 -0.001027 2436.0
0.000161 -0.001027 2437.0
0.000162 -0.001028 2438.0
0.000163 -0.001028 2439.0
0.000163 -0.001029 2440.0
0.000164 -0.001029 2441.0
0.000164 -0.001029 2442.0
0.000165 -0.001030 2443.0
0.000165 -0.001030 2444.0
0.000166 -0.001030 2445.0
0.000167 -0.001031 2446.0
0.000167 -0.001031 2447.0
0.000168 -0.001032 2448.0
0.000168 -0.001032 2449.0
0.000169 -0.001032 2450.0
0.000169 -0.001033 2451.0
0.000170 -0.001033 2452.0
0.000170 -0.001033 2453.0
0.000171 -0.001034 2454.0
0.000172 -0.001034 2455.0
0.000172 -0.001035 2456.0
0.000173 -0.001035 2457.0
0.000173 -0.001035 2458.0
0.000174 -0.001036 2459.0
0.000174 -0.001036 2460.0
0.000175 -0.001037 2461.0
0.000176 -0.001037 2462.0
0.000176 -0.001037 2463.0
0.000177 -0.001038 2464.0
0.000177 -0.001038 2465.0
0.000178 -0.001038 2466.0
0.000178 -0.001039 2467.0
0.000179 -0.001039 2468.0
0.000180 -0.001040 2469.0
0.000180 -0.001040 2470.0
0.000181 -0.001040 2471.0
0.000181 -0.001041 2472.0
0.000182 -0.001041 2473.0
0.000182 -0.001042 2474.0
0.000183 -0.001042 2475.0
0.000184 -0.001042 2476.0
0.000184 -0.001043 2477.0
0.000185 -0.001043 2478.0
0.000185 -0.001043 2479.0
0.000186 -0.001044 2480.0
0.000186 -0.001044 2481.0
0.000188 -0.001040 2482.0
0.000188 -0.001040 2483.0
0.000188 -0.001040 2484.0
0.000188 -0.001040 2485.0
0.000188 -0.001039 2486.0
0.000188 -0.001039 2487.0
0.000188 -0.001039 2488.0
0.000188 -0.001039 2489.0
0.000188 -0.001038 2490.0
0.000188 -0.001038 2491.0
0.000188 -0.001038 2492.0
0.000188 -0.001038 2493.0
0.000188 -0.001037 2494.0
0.000188 -0.001037 2495.0
0.000188 -0.001037 2496.0
0.000189 -0.001037 2497.0
0.000189 -0.001036 2498.0
0.000189 -0.001036 2499.0
0.000189 -0.001036 2500.0
0.000189 -0.001036 2501.0
0.000189 -0.001035 2502.0
0.000189 -0.001035 2503.0
0.000189 -0.001035 2504.0
0.000189 -0.001035 2505.0
0.000189 -0.001034 2506.0
0.000189 -0.001034 2507.0
0.000189 -0.001034 2508.0
0.000189 -0.001033 2509.0
0.000189 -0.001033 2510.0
0.000189 -0.001033 2511.0
0.000189 -0.001033 2512.0
0.000189 -0.001032 2513.0
0.000189 -0.001032 2514.0
0.000189 -0.001032 2515.0
0.000189 -0.001032 2516.0
0.000189 -0.001031 2517.0
0.000189 -0.001031 2518.0
0.000189 -0.001031 2519.0
0.000189 -0.001031 2520.0
0.000189 -0.001030 2521.0
0.000189 -0.001030 2522.0
0.000189 -0.001030 2523.0
0.000190 -0.001030 2524.0
0.000190 -0.001029 2525.0
0.000190 -0.001029 2526.0
0.000190 -0.001029 2527.0
0.000190 -0.001029 2528.0
0.000190 -0.001028 2529.0
0.000190 -0.001028 2530.0
0.000190 -0.001028 2531.0
0.000190 -0.001028 2532.0
0.000190 -0.001027 2533.0
0.000190 -0.001027 2534.0
0.000190 -0.001027 2535.0
0.000190 -0.001027 2536.0
0.000190 -0.001026 2537.0
0.000190 -0.001026 2538.0
0.000190 -0.001026 2539.0
0.000190 -0.001026 2540.0
0.000190 -0.001025 2541.0
0.000190 -0.001025 2542.0
0.000190 -0.001025 2543.0
0.000190 -0.001025 2544.0
0.000190 -0.001024 2545.0
0.000190 -0.001024 2546.0
0.000190 -0.001024 2547.0
0.000190 -0.001024 2548.0
0.000191 -0.001024 2549.0
0.000191 -0.001023 2550.0
0.000191 -0.001023 2551.0
0.000190 -0.001022 2552.0
0.000190 -0.001022 2553.0
0.000190 -0.001022 2554.0
0.000190 -0.001021 2555.0
0.000189 -0.001021 2556.0
0.000189 -0.001020 2557.0
0.000189 -0.001020 2558.0
0.000189 -0.001019 2559.0
0.000189 -0.001019 2560.0
0.000188 -0.001019 2561.0
0.000188 -0.001018 2562.0
0.000188 -0.001018 2563.0
0.000188 -0.001017 2564.0
0.000187 -0.001017 2565.0
0.000187 -0.001016 2566.0
0.000187 -0.001016 2567.0
0.000187 -0.001016 2568.0
0.000187 -0.001015 2569.0
0.000186 -0.001015 2570.0
0.000186 -0.001014 2571.0
0.000186 -0.001014 2572.0
0.000186 -0.001013 2573.0
0.000185 -0.001013 2574.0
0.000185 -0.001013 2575.0
0.000185 -0.001012 2576.0
0.000185 -0.001012 2577.0
0.000185 -0.001011 2578.0
0.000184 -0.001011 2579.0
0.000184 -0.001010 2580.0
0.000184 -0.001010 2581.0
0.000184 -0.001010 2582.0
0.000183 -0.001009 2583.0
0.000183 -0.001009 2584.0
0.000183 -0.001008 2585.0
0.000183 -0.001008 2586.0
0.000182 -0.001007 2587.0
0.000182 -0.001007 2588.0
0.000182 -0.001007 2589.0
0.000182 -0.001006 2590.0
0.000182 -0.001006 2591.0
0.000181 -0.001005 2592.0
0.000181 -0.001005 2593.0
0.000181 -0.001004 2594.0
0.000181 -0.001004 2595.0
0.000180 -0.001004 2596.0
0.000180 -0.001003 2597.0
0.000180 -0.001003 2598.0
0.000180 -0.001002 2599.0
0.000180 -0.001002 2600.0
0.000179 -0.001001 2601.0
0.000177 -0.001003 2602.0
0.000177 -0.001003 2603.0
0.000177 -0.001003 2604.0
0.000177 -0.001003 2605.0
0.000177 -0.001003 2606.0
0.000177 -0.001003 2607.0
0.000177 -0.001003 2608.0
0.000177 -0.001003 2609.0
0.000177 -0.001003 2610.0
0.000177 -0.001003 2611.0
0.000177 -0.001003 2612.0
0.000177 -0.001003 2613.0
0.000177 -0.001003 2614.0
0.000177 -0.001003 2615.0
0.000177 -0.001003 2616.0
0.000177 -0.001003 2617.0
0.000177 -0.001003 2618.0
0.000177 -0.001003 2619.0
0.000177 -0.001003 2620.0
0.000177 -0.001004 2621.0
0.000177 -0.001003 2622.0
0.000177 -0.001004 2623.0
0.000177 -0.001004 2624.0
0.000177 -0.001004 2625.0
0.000177 -0.001004 2626.0
0.000177 -0.001004 2627.0
0.000177 -0.001004 2628.0
0.000177 -0.001004 2629.0
0.000177 -0.001005 2630.0
0.000177 -0.001005 2631.0
0.000177 -0.001005 2632.0
0.000177 -0.001005 2633.0
0.000177 -0.001005 2634.0
0.000177 -0.001005 2635.0
0.000177 -0.001005 2636.0
0.000177 -0.001006 2637.0
0.000177 -0.001006 2638.0
0.000177 -0.001006 2639.0
0.000177 -0.001006 2640.0
0.000177 -0.001006 2641.0
0.000177 -0.001006 2642.0
0.000177 -0.001007 2643.0
0.000177 -0.001007 2644.0
0.000177 -0.001007 2645.0
0.000177 -0.001007 2646.0
0.000177 -0.001007 2647.0
0.000177 -0.001007 2648.0
0.000177 -0.001007 2649.0
0.000177 -0.001008 2650.0
0.000177 -0.001008 2651.0
0.000176 -0.001008 2652.0
0.000176 -0.001008 2653.0
0.000176 -0.001008 2654.0
0.000176 -0.001008 2655.0
0.000176 -0.001008 2656.0
0.000176 -0.001009 2657.0
0.000176 -0.001009 2658.0
0.000177 -0.001009 2659.0
0.000177 -0.001009 2660.0
0.000177 -0.001009 2661.0
0.000177 -0.001010 2662.0
0.000177 -0.001010 2663.0
0.000177 -0.001010 2664.0
0.000177 -0.001010 2665.0
0.000177 -0.001010 2666.0
0.000177 -0.001011 2667.0
0.000177 -0.001011 2668.0
0.000177 -0.001011 2669.0
0.000177 -0.001011 2670.0
0.000177 -0.001011 2671.0
0.000177 -0.001012 2672.0
0.000177 -0.001012 2673.0
0.000177 -0.001012 2674.0
0.000177 -0.001012 2675.0
0.000177 -0.001012 2676.0
0.000177 -0.001013 2677.0
0.000177 -0.001013 2678.0
0.000177 -0.001013 2679.0
0.000177 -0.001013 2680.0
0.000177 -0.001013 2681.0
0.000177 -0.001013 2682.0
0.000177 -0.001014 2683.0
0.000177 -0.001014 2684.0
0.000177 -0.001014 2685.0
0.000177 -0.001014 2686.0
0.000177 -0.001014 2687.0
0.000177 -0.001015 2688.0
0.000177 -0.001015 2689.0
0.000177 -0.001015 2690.0
0.000177 -0.001015 2691.0
0.000177 -0.001015 2692.0
0.000177 -0.001016 2693.0
0.000177 -0.001016 2694.0
0.000177 -0.001016 2695.0
0.000177 -0.001016 2696.0
0.000177 -0.001016 2697.0
0.000177 -0.001017 2698.0
0.000177 -0.001017 2699.0
0.000177 -0.001017 2700.0
0.000177 -0.001017 2701.0
0.000177 -0.001017 2702.0
0.000177 -0.001018 2703.0
0.000177 -0.001018 2704.0
0.000177 -0.001018 2705.0
0.000177 -0.001018 2706.0
0.000177 -0.001018 2707.0
0.000177 -0.001019 2708.0
0.000177 -0.001019 2709.0
0.000177 -0.001019 2710.0
0.000177 -0.001019 2711.0
0.000177 -0.001019 2712.0
0.000177 -0.001019 2713.0
0.000177 -0.001019 2714.0
0.000177 -0.001019 2715.0
0.000177 -0.001020 2716.0
0.000177 -0.001020 2717.0
0.000177 -0.001020 2718.0
0.000177 -0.001020 2719.0
0.000177 -0.001020 2720.0
0.000177 -0.001020 2721.0
0.000177 -0.001020 2722.0
0.000177 -0.001020 2723.0
0.000177 -0.001020 2724.0
0.000177 -0.001020 2725.0
0.000177 -0.001020 2726.0
0.000177 -0.001020 2727.0
0.000177 -0.001020 2728.0
0.000177 -0.001020 2729.0
0.000177 -0.001020 2730.0
0.000177 -0.001020 2731.0
0.000177 -0.001020 2732.0
0.000177 -0.001020 2733.0
0.000177 -0.001020 2734.0
0.000177 -0.001020 2735.0
0.000177 -0.001020 2736.0
0.000177 -0.001020 2737.0
0.000177 -0.001020 2738.0
0.000177 -0.001020 2739.0
0.000177 -0.001020 2740.0
0.000177 -0.001020 2741.0
0.000177 -0.001020 2742.0
0.000177 -0.001020 2743.0
0.000177 -0.001020 2744.0
0.000177 -0.001020 2745.0
0.000177 -0.001020 2746.0
0.000177 -0.001020 2747.0
0.000177 -0.001020 2748.0
0.000177 -0.001020 2749.0
0.000177 -0.001020 2750.0
0.000177 -0.001020 2751.0
0.000177 -0.001020 2752.0
0.000177 -0.001021 2753.0
0.000177 -0.001021 2754.0
0.000177 -0.001021 2755.0
0.000177 -0.001021 2756.0
0.000177 -0.001021 2757.0
0.000177 -0.001021 2758.0
0.000177 -0.001021 2759.0
0.000177 -0.001021 2760.0
0.000177 -0.001021 2761.0
0.000177 -0.001021 2762.0
0.000177 -0.001021 2763.0
0.000177 -0.001021 2764.0
0.000177 -0.001021 2765.0
0.000177 -0.001021 2766.0
0.000177 -0.001021 2767.0
0.000177 -0.001021 2768.0
0.000177 -0.001021 2769.0
0.000177 -0.001021 2770.0
0.000177 -0.001021 2771.0
0.000177 -0.001021 2772.0
0.000177 -0.001021 2773.0
0.000177 -0.001021 2774.0
0.000177 -0.001021 2775.0
0.000177 -0.001021 2776.0
0.000177 -0.001021 2777.0
0.000177 -0.001021 2778.0
0.000177 -0.001021 2779.0
0.000177 -0.001021 2780.0
0.000177 -0.001021 2781.0
0.000177 -0.001021 2782.0
0.000177 -0.001021 2783.0
0.000178 -0.001021 2784.0
0.000178 -0.001021 2785.0
0.000179 -0.001021 2786.0
0.000180 -0.001021 2787.0
0.000181 -0.001021 2788.0
0.000182 -0.001021 2789.0
0.000183 -0.001021 2790.0
0.000184 -0.001021 2791.0
0.000185 -0.001021 2792.0
0.000186 -0.001021 2793.0
0.000186 -0.001021 2794.0
0.000187 -0.001021 2795.0
0.000188 -0.001021 2796.0
0.000189 -0.001021 2797.0
0.000190 -0.001021 2798.0
0.000191 -0.001021 2799.0
0.000192 -0.001021 2800.0
0.000193 -0.001021 2801.0
0.000194 -0.001021 2802.0
0.000195 -0.001021 2803.0
0.000195 -0.001021 2804.0
0.000196 -0.001021 2805.0
0.000197 -0.001021 2806.0
0.000198 -0.001021 2807.0
0.000199 -0.001021 2808.0
0.000200 -0.001021 2809.0
0.000201 -0.001020 2810.0
0.000202 -0.001020 2811.0
0.000203 -0.001020 2812.0
0.000203 -0.001020 2813.0
0.000204 -0.001020 2814.0
0.000205 -0.001020 2815.0
0.000206 -0.001020 2816.0
0.000207 -0.001020 2817.0
0.000208 -0.001020 2818.0
0.000209 -0.001020 2819.0
0.000210 -0.001020 2820.0
0.000211 -0.001020 2821.0
0.000212 -0.001020 2822.0
0.000212 -0.001020 2823.0
0.000213 -0.001020 2824.0
0.000214 -0.001020 2825.0
0.000215 -0.001020 2826.0
0.000216 -0.001020 2827.0
0.000217 -0.001020 2828.0
0.000218 -0.001020 2829.0
0.000219 -0.001020 2830.0
0.000220 -0.001020 2831.0
0.000220 -0.001020 2832.0
0.000221 -0.001020 2833.0
0.000222 -0.001020 2834.0
0.000223 -0.001020 2835.0
0.000224 -0.001020 2836.0
0.000225 -0.001020 2837.0
0.000226 -0.001020 2838.0
0.000227 -0.001020 2839.0
0.000228 -0.001020 2840.0
0.000229 -0.001020 2841.0
0.000229 -0.001020 2842.0
0.000230 -0.001019 2843.0
0.000230 -0.001020 2844.0
0.000230 -0.001020 2845.0
0.000230 -0.001020 2846.0
0.000230 -0.001020 2847.0
0.000230 -0.001020 2848.0
0.000230 -0.001020 2849.0
0.000230 -0.001020 2850.0
0.000230 -0.001020 2851.0
0.000231 -0.001020 2852.0
0.000231 -0.001020 2853.0
0.000231 -0.001020 2854.0
0.000231 -0.001020 2855.0
0.000231 -0.001020 2856.0
0.000231 -0.001020 2857.0
0.000231 -0.001020 2858.0
0.000231 -0.001020 2859.0
0.000231 -0.001020 2860.0
0.000231 -0.001021 2861.0
0.000231 -0.001021 2862.0
0.000231 -0.001021 2863.0
0.000231 -0.001021 2864.0
0.000231 -0.001021 2865.0
0.000231 -0.001021 2866.0
0.000231 -0.001021 2867.0
0.000231 -0.001021 2868.0
0.000231 -0.001021 2869.0
0.000231 -0.001021 2870.0
0.000231 -0.001021 2871.0
0.000231 -0.001021 2872.0
0.000231 -0.001021 2873.0
0.000231 -0.001021 2874.0
0.000231 -0.001021 2875.0
0.000231 -0.001021 2876.0
0.000231 -0.001021 2877.0
0.000231 -0.001021 2878.0
0.000231 -0.001021 2879.0
0.000231 -0.001021 2880.0
0.000231 -0.001021 2881.0
0.000231 -0.001021 2882.0
0.000231 -0.001021 2883.0
0.000231 -0.001021 2884.0
0.000231 -0.001022 2885.0
0.000231 -0.001022 2886.0
0.000231 -0.001022 2887.0
0.000231 -0.001022 2888.0
0.000231 -0.001022 2889.0
0.000231 -0.001022 2890.0
0.000231 -0.001022 2891.0
0.000231 -0.001022 2892.0
0.000231 -0.001022 2893.0
0.000231 -0.001022 2894.0
0.000231 -0.001022 2895.0
0.000231 -0.001022 2896.0
0.000232 -0.001022 2897.0
0.000232 -0.001022 2898.0
0.000232 -0.001022 2899.0
0.000232 -0.001022 2900.0
0.000233 -0.001022 2901.0
0.000233 -0.001022 2902.0
0.000234 -0.001021 2903.0
0.000234 -0.001021 2904.0
0.000235 -0.001021 2905.0
0.000235 -0.001021 2906.0
0.000235 -0.001021 2907.0
0.000236 -0.001021 2908.0
0.000236 -0.001021 2909.0
0.000237 -0.001021 2910.0
0.000237 -0.001021 2911.0
0.000238 -0.001021 2912.0
0.000238 -0.001021 2913.0
0.000239 -0.001021 2914.0
0.000239 -0.001020 2915.0
0.000240 -0.001020 2916.0
0.000240 -0.001020 2917.0
0.000241 -0.001020 2918.0
0.000241 -0.001020 2919.0
0.000242 -0.001020 2920.0
0.000242 -0.001020 2921.0
0.000242 -0.001020 2922.0
0.000243 -0.001020 2923.0
0.000243 -0.001020 2924.0
0.000244 -0.001020 2925.0
0.000244 -0.001019 2926.0
0.000245 -0.001019 2927.0
0.000245 -0.001019 2928.0
0.000246 -0.001019 2929.0
0.000246 -0.001019 2930.0
0.000247 -0.001019 2931.0
0.000247 -0.001019 2932.0
0.000248 -0.001019 2933.0
0.000248 -0.001019 2934.0
0.000249 -0.001019 2935.0
0.000249 -0.001019 2936.0
0.000249 -0.001018 2937.0
0.000250 -0.001018 2938.0
0.000250 -0.001018 2939.0
0.000251 -0.001018 2940.0
0.000251 -0.001018 2941.0
0.000252 -0.001018 2942.0
0.000252 -0.001018 2943.0
0.000253 -0.001018 2944.0
0.000253 -0.001018 2945.0
0.000254 -0.001018 2946.0
0.000254 -0.001018 2947.0
0.000255 -0.001017 2948.0
0.000255 -0.001017 2949.0
0.000255 -0.001017 2950.0
0.000256 -0.001017 2951.0
0.000256 -0.001017 2952.0
0.000257 -0.001017 2953.0
0.000257 -0.001017 2954.0
0.000258 -0.001017 2955.0
0.000258 -0.001017 2956.0
0.000259 -0.001017 2957.0
0.000259 -0.001017 2958.0
0.000260 -0.001017 2959.0
0.000260 -0.001016 2960.0
0.000261 -0.001016 2961.0
0.000261 -0.001016 2962.0
0.000262 -0.001016 2963.0
0.000262 -0.001017 2964.0
0.000263 -0.001017 2965.0
0.000263 -0.001016 2966.0
0.000264 -0.001016 2967.0
0.000265 -0.001016 2968.0
0.000266 -0.001015 2969.0
0.000267 -0.001015 2970.0
0.000268 -0.001014 2971.0
0.000269 -0.001014 2972.0
0.000270 -0.001014 2973.0
0.000271 -0.001013 2974.0
0.000271 -0.001013 2975.0
0.000272 -0.001012 2976.0
0.000273 -0.001012 2977.0
0.000274 -0.001011 2978.0
0.000275 -0.001011 2979.0
0.000276 -0.001011 2980.0
0.000277 -0.001010 2981.0
0.000278 -0.001010 2982.0
0.000279 -0.001009 2983.0
0.000279 -0.001009 2984.0
0.000280 -0.001008 2985.0
0.000281 -0.001008 2986.0
0.000282 -0.001008 2987.0
0.000283 -0.001007 2988.0
0.000284 -0.001007 2989.0
0.000285 -0.001006 2990.0
0.000286 -0.001006 2991.0
0.000287 -0.001006 2992.0
0.000287 -0.001005 2993.0
0.000288 -0.001005 2994.0
0.000289 -0.001004 2995.0
0.000290 -0.001004 2996.0
0.000291 -0.001003 2997.0
0.000292 -0.001003 2998.0
0.000293 -0.001003 2999.0
0.000294 -0.001002 3000.0
0.000295 -0.001002 3001.0
0.000295 -0.001001 3002.0
0.000296 -0.001001 3003.0
0.000297 -0.001000 3004.0
0.000298 -0.001000 3005.0
0.000299 -0.001000 3006.0
0.000300 -0.000999 3007.0
0.000301 -0.000999 3008.0
0.000302 -0.000998 3009.0
0.000303 -0.000998 3010.0
0.000303 -0.000998 3011.0
0.000304 -0.000997 3012.0
0.000305 -0.000997 3013.0
0.000306 -0.001001 3014.0
0.000307 -0.000999 3015.0
0.000307 -0.000998 3016.0
0.000308 -0.000997 3017.0
0.000308 -0.000996 3018.0
0.000308 -0.000995 3019.0
0.000309 -0.000993 3020.0
0.000309 -0.000992 3021.0
0.000310 -0.000991 3022.0
0.000310 -0.000990 3023.0
0.000311 -0.000988 3024.0
0.000311 -0.000987 3025.0
0.000311 -0.000986 3026.0
0.000312 -0.000985 3027.0
0.000312 -0.000984 3028.0
0.000313 -0.000982 3029.0
0.000313 -0.000981 3030.0
0.000314 -0.000980 3031.0
0.000314 -0.000979 3032.0
0.000314 -0.000978 3033.0
0.000315 -0.000976 3034.0
0.000315 -0.000975 3035.0
0.000316 -0.000974 3036.0
0.000316 -0.000973 3037.0
0.000317 -0.000972 3038.0
0.000317 -0.000970 3039.0
0.000317 -0.000969 3040.0
0.000318 -0.000968 3041.0
0.000318 -0.000967 3042.0
0.000319 -0.000966 3043.0
0.000319 -0.000964 3044.0
0.000320 -0.000963 3045.0
0.000320 -0.000962 3046.0
0.000320 -0.000961 3047.0
0.000321 -0.000960 3048.0
0.000321 -0.000958 3049.0
0.000322 -0.000957 3050.0
0.000322 -0.000956 3051.0
0.000323 -0.000955 3052.0
0.000323 -0.000954 3053.0
0.000323 -0.000952 3054.0
0.000324 -0.000951 3055.0
0.000324 -0.000950 3056.0
0.000325 -0.000949 3057.0
0.000325 -0.000948 3058.0
0.000326 -0.000946 3059.0
0.000326 -0.000945 3060.0
0.000326 -0.000944 3061.0
0.000327 -0.000943 3062.0
0.000327 -0.000942 3063.0
0.000328 -0.000940 3064.0
0.000328 -0.000939 3065.0
0.000329 -0.000938 3066.0
0.000329 -0.000937 3067.0
0.000329 -0.000936 3068.0
0.000330 -0.000934 3069.0
0.000330 -0.000933 3070.0
0.000331 -0.000932 3071.0
0.000331 -0.000931 3072.0
0.000332 -0.000930 3073.0
0.000337 -0.000933 3074.0
0.000337 -0.000931 3075.0
0.000338 -0.000930 3076.0
0.000338 -0.000929 3077.0
0.000339 -0.000928 3078.0
0.000340 -0.000926 3079.0
0.000340 -0.000925 3080.0
0.000341 -0.000924 3081.0
0.000341 -0.000922 3082.0
0.000342 -0.000921 3083.0
0.000343 -0.000920 3084.0
0.000343 -0.000918 3085.0
0.000344 -0.000917 3086.0
0.000344 -0.000916 3087.0
0.000345 -0.000915 3088.0
0.000346 -0.000913 3089.0
0.000346 -0.000912 3090.0
0.000347 -0.000911 3091.0
0.000347 -0.000909 3092.0
0.000348 -0.000908 3093.0
0.000349 -0.000907 3094.0
0.000349 -0.000905 3095.0
0.000350 -0.000904 3096.0
0.000350 -0.000903 3097.0
0.000351 -0.000901 3098.0
0.000352 -0.000900 3099.0
0.000352 -0.000899 3100.0
0.000353 -0.000898 3101.0
0.000353 -0.000896 3102.0
0.000354 -0.000895 3103.0
0.000354 -0.000894 3104.0
0.000355 -0.000892 3105.0
0.000356 -0.000891 3106.0
0.000356 -0.000890 3107.0
0.000357 -0.000888 3108.0
0.000357 -0.000887 3109.0
0.000358 -0.000886 3110.0
0.000359 -0.000885 3111.0
0.000359 -0.000883 3112.0
0.000360 -0.000882 3113.0
0.000360 -0.000881 3114.0
0.000361 -0.000879 3115.0
0.000362 -0.000878 3116.0
0.000362 -0.000877 3117.0
0.000363 -0.000875 3118.0
0.000363 -0.000874 3119.0
0.000364 -0.000873 3120.0
0.000365 -0.000872 3121.0
0.000365 -0.000870 3122.0
0.000366 -0.000869 3123.0
0.000366 -0.000868 3124.0
0.000367 -0.000866 3125.0
0.000368 -0.000865 3126.0
0.000368 -0.000864 3127.0
0.000369 -0.000862 3128.0
0.000369 -0.000861 3129.0
0.000370 -0.000860 3130.0
0.000371 -0.000858 3131.0
0.000377 -0.000863 3132.0
0.000377 -0.000863 3133.0
0.000377 -0.000862 3134.0
0.000377 -0.000861 3135.0
0.000377 -0.000861 3136.0
0.000377 -0.000860 3137.0
0.000377 -0.000860 3138.0
0.000377 -0.000859 3139.0
0.000377 -0.000858 3140.0
0.000377 -0.000858 3141.0
0.000377 -0.000857 3142.0
0.000377 -0.000857 3143.0
0.000377 -0.000856 3144.0
0.000377 -0.000855 3145.0
0.000377 -0.000855 3146.0
0.000377 -0.000854 3147.0
0.000377 -0.000853 3148.0
0.000377 -0.000853 3149.0
0.000377 -0.000852 3150.0
0.000378 -0.000852 3151.0
0.000378 -0.000851 3152.0
0.000378 -0.000850 3153.0
0.000378 -0.000850 3154.0
0.000378 -0.000849 3155.0
0.000378 -0.000849 3156.0
0.000378 -0.000848 3157.0
0.000378 -0.000847 3158.0
0.000378 -0.000847 3159.0
0.000378 -0.000846 3160.0
0.000378 -0.000845 3161.0
0.000378 -0.000845 3162.0
0.000378 -0.000844 3163.0
0.000378 -0.000844 3164.0
0.000378 -0.000843 3165.0
0.000378 -0.000842 3166.0
0.000378 -0.000842 3167.0
0.000378 -0.000841 3168.0
0.000378 -0.000841 3169.0
0.000379 -0.000840 3170.0
0.000379 -0.000839 3171.0
0.000379 -0.000839 3172.0
0.000379 -0.000838 3173.0
0.000379 -0.000838 3174.0
0.000379 -0.000837 3175.0
0.000379 -0.000836 3176.0
0.000379 -0.000836 3177.0
0.000379 -0.000835 3178.0
0.000379 -0.000834 3179.0
0.000379 -0.000834 3180.0
0.000379 -0.000833 3181.0
0.000379 -0.000833 3182.0
0.000379 -0.000832 3183.0
0.000379 -0.000831 3184.0
0.000379 -0.000831 3185.0
0.000379 -0.000830 3186.0
0.000379 -0.000830 3187.0
0.000379 -0.000829 3188.0
0.000380 -0.000828 3189.0
0.000380 -0.000828 3190.0
0.000380 -0.000827 3191.0
0.000380 -0.000826 3192.0
0.000380 -0.000826 3193.0
0.000380 -0.000825 3194.0
0.000380 -0.000825 3195.0
0.000380 -0.000824 3196.0
0.000380 -0.000823 3197.0
0.000380 -0.000823 3198.0
0.000380 -0.000822 3199.0
0.000380 -0.000822 3200.0
0.000380 -0.000821 3201.0
0.000380 -0.000820 3202.0
0.000380 -0.000820 3203.0
0.000380 -0.000819 3204.0
0.000380 -0.000819 3205.0
0.000380 -0.000818 3206.0
0.000380 -0.000817 3207.0
0.000380 -0.000817 3208.0
0.000381 -0.000816 3209.0
0.000381 -0.000815 3210.0
0.000381 -0.000815 3211.0
0.000381 -0.000814 3212.0
0.000381 -0.000814 3213.0
0.000381 -0.000813 3214.0
0.000381 -0.000812 3215.0
0.000381 -0.000812 3216.0
0.000381 -0.000811 3217.0
0.000381 -0.000811 3218.0
0.000381 -0.000810 3219.0
0.000381 -0.000809 3220.0
0.000381 -0.000809 3221.0
0.000381 -0.000808 3222.0
0.000381 -0.000807 3223.0
0.000381 -0.000807 3224.0
0.000381 -0.000806 3225.0
0.000381 -0.000806 3226.0
0.000381 -0.000805 3227.0
0.000382 -0.000804 3228.0
0.000382 -0.000804 3229.0
0.000382 -0.000803 3230.0
0.000382 -0.000803 3231.0
0.000382 -0.000802 3232.0
0.000382 -0.000801 3233.0
0.000382 -0.000801 3234.0
0.000382 -0.000800 3235.0
0.000382 -0.000799 3236.0
0.000382 -0.000799 3237.0
0.000382 -0.000798 3238.0
0.000382 -0.000798 3239.0
0.000382 -0.000797 3240.0
0.000382 -0.000796 3241.0
0.000382 -0.000796 3242.0
0.000382 -0.000795 3243.0
0.000382 -0.000795 3244.0
0.000382 -0.000794 3245.0
0.000382 -0.000793 3246.0
0.000383 -0.000793 3247.0
0.000383 -0.000792 3248.0
0.000383 -0.000792 3249.0
0.000383 -0.000791 3250.0
0.000383 -0.000790 3251.0
0.000383 -0.000790 3252.0
0.000383 -0.000789 3253.0
0.000383 -0.000788 3254.0
0.000383 -0.000788 3255.0
0.000383 -0.000787 3256.0
0.000383 -0.000787 3257.0
0.000383 -0.000786 3258.0
0.000383 -0.000785 3259.0
0.000383 -0.000785 3260.0
0.000383 -0.000784 3261.0
0.000383 -0.000784 3262.0
0.000385 -0.000784 3263.0
0.000385 -0.000784 3264.0
0.000385 -0.000784 3265.0
0.000385 -0.000784 3266.0
0.000385 -0.000784 3267.0
0.000385 -0.000784 3268.0
0.000385 -0.000785 3269.0
0.000385 -0.000785 3270.0
0.000385 -0.000785 3271.0
0.000385 -0.000785 3272.0
0.000385 -0.000785 3273.0
0.000385 -0.000785 3274.0
0.000385 -0.000785 3275.0
0.000385 -0.000785 3276.0
0.000385 -0.000786 3277.0
0.000385 -0.000786 3278.0
0.000385 -0.000786 3279.0
0.000385 -0.000786 3280.0
0.000385 -0.000786 3281.0
0.000385 -0.000786 3282.0
0.000385 -0.000786 3283.0
0.000385 -0.000786 3284.0
0.000385 -0.000787 3285.0
0.000385 -0.000787 3286.0
0.000385 -0.000787 3287.0
0.000385 -0.000787 3288.0
0.000385 -0.000787 3289.0
0.000385 -0.000787 3290.0
0.000385 -0.000787 3291.0
0.000385 -0.000787 3292.0
0.000385 -0.000788 3293.0
0.000385 -0.000788 3294.0
0.000385 -0.000788 3295.0
0.000385 -0.000788 3296.0
0.000385 -0.000788 3297.0
0.000385 -0.000788 3298.0
0.000385 -0.000788 3299.0
0.000385 -0.000788 3300.0
0.000385 -0.000788 3301.0
0.000385 -0.000788 3302.0
0.000385 -0.000788 3303.0
0.000385 -0.000788 3304.0
0.000385 -0.000788 3305.0
0.000385 -0.000788 3306.0
0.000385 -0.000788 3307.0
0.000385 -0.000788 3308.0
0.000385 -0.000788 3309.0
0.000385 -0.000788 3310.0
0.000385 -0.000788 3311.0
0.000385 -0.000788 3312.0
0.000385 -0.000788 3313.0
0.000385 -0.000788 3314.0
0.000385 -0.000788 3315.0
0.000385 -0.000788 3316.0
0.000385 -0.000788 3317.0
0.000385 -0.000788 3318.0
0.000385 -0.000788 3319.0
0.000385 -0.000788 3320.0
0.000385 -0.000788 3321.0
0.000385 -0.000788 3322.0
0.000385 -0.000788 3323.0
0.000385 -0.000788 3324.0
0.000385 -0.000788 3325.0
0.000385 -0.000788 3326.0
0.000385 -0.000788 3327.0
0.000385 -0.000788 3328.0
0.000385 -0.000788 3329.0
0.000385 -0.000788 3330.0
0.000385 -0.000788 3331.0
0.000385 -0.000788 3332.0
0.000385 -0.000788 3333.0
0.000385 -0.000788 3334.0
0.000385 -0.000788 3335.0
0.000385 -0.000788 3336.0
0.000385 -0.000788 3337.0
0.000385 -0.000788 3338.0
0.000385 -0.000788 3339.0
0.000385 -0.000788 3340.0
0.000385 -0.000788 3341.0
0.000385 -0.000788 3342.0
0.000385 -0.000788 3343.0
0.000385 -0.000788 3344.0
0.000385 -0.000788 3345.0
0.000385 -0.000788 3346.0
0.000385 -0.000788 3347.0
0.000385 -0.000787 3348.0
0.000385 -0.000787 3349.0
0.000385 -0.000787 3350.0
0.000385 -0.000787 3351.0
0.000385 -0.000787 3352.0
0.000385 -0.000787 3353.0
0.000385 -0.000788 3354.0
0.000384 -0.000788 3355.0
0.000384 -0.000788 3356.0
0.000384 -0.000788 3357.0
0.000384 -0.000788 3358.0
0.000384 -0.000788 3359.0
0.000384 -0.000788 3360.0
0.000384 -0.000788 3361.0
0.000384 -0.000788 3362.0
0.000384 -0.000788 3363.0
0.000384 -0.000789 3364.0
0.000384 -0.000789 3365.0
0.000384 -0.000789 3366.0
0.000384 -0.000789 3367.0
0.000384 -0.000789 3368.0
0.000384 -0.000789 3369.0
0.000383 -0.000789 3370.0
0.000383 -0.000789 3371.0
0.000383 -0.000789 3372.0
0.000383 -0.000790 3373.0
0.000383 -0.000790 3374.0
0.000383 -0.000790 3375.0
0.000383 -0.000790 3376.0
0.000383 -0.000790 3377.0
0.000383 -0.000790 3378.0
0.000383 -0.000790 3379.0
0.000383 -0.000790 3380.0
0.000383 -0.000790 3381.0
0.000383 -0.000790 3382.0
0.000383 -0.000791 3383.0
0.000382 -0.000791 3384.0
0.000382 -0.000791 3385.0
0.000382 -0.000791 3386.0
0.000382 -0.000791 3387.0
0.000382 -0.000791 3388.0
0.000382 -0.000791 3389.0
0.000382 -0.000790 3390.0
0.000382 -0.000790 3391.0
0.000382 -0.000790 3392.0
0.000382 -0.000790 3393.0
0.000382 -0.000789 3394.0
0.000382 -0.000789 3395.0
0.000382 -0.000789 3396.0
0.000382 -0.000788 3397.0
0.000382 -0.000788 3398.0
0.000382 -0.000788 3399.0
0.000383 -0.000788 3400.0
0.000383 -0.000787 3401.0
0.000383 -0.000787 3402.0
0.000383 -0.000787 3403.0
0.000383 -0.000787 3404.0
0.000383 -0.000786 3405.0
0.000383 -0.000786 3406.0
0.000383 -0.000786 3407.0
0.000383 -0.000785 3408.0
0.000383 -0.000785 3409.0
0.000383 -0.000785 3410.0
0.000383 -0.000785 3411.0
0.000383 -0.000784 3412.0
0.000383 -0.000784 3413.0
0.000383 -0.000784 3414.0
0.000383 -0.000783 3415.0
0.000383 -0.000783 3416.0
0.000383 -0.000783 3417.0
0.000383 -0.000783 3418.0
0.000384 -0.000782 3419.0
0.000384 -0.000782 3420.0
0.000384 -0.000782 3421.0
0.000384 -0.000781 3422.0
0.000384 -0.000781 3423.0
0.000384 -0.000781 3424.0
0.000384 -0.000781 3425.0
0.000384 -0.000780 3426.0
0.000384 -0.000780 3427.0
0.000384 -0.000780 3428.0
0.000384 -0.000780 3429.0
0.000384 -0.000779 3430.0
0.000384 -0.000779 3431.0
0.000384 -0.000779 3432.0
0.000384 -0.000778 3433.0
0.000384 -0.000778 3434.0
0.000384 -0.000778 3435.0
0.000384 -0.000778 3436.0
0.000385 -0.000777 3437.0
0.000385 -0.000777 3438.0
0.000385 -0.000777 3439.0
0.000385 -0.000776 3440.0
0.000385 -0.000776 3441.0
0.000385 -0.000776 3442.0
0.000385 -0.000776 3443.0
0.000385 -0.000775 3444.0
0.000385 -0.000775 3445.0
0.000385 -0.000775 3446.0
0.000385 -0.000774 3447.0
0.000385 -0.000774 3448.0
0.000386 -0.000774 3449.0
0.000385 -0.000774 3450.0
0.000385 -0.000773 3451.0
0.000384 -0.000772 3452.0
0.000384 -0.000772 3453.0
0.000383 -0.000771 3454.0
0.000382 -0.000770 3455.0
0.000382 -0.000770 3456.0
0.000381 -0.000769 3457.0
0.000381 -0.000768 3458.0
0.000380 -0.000768 3459.0
0.000379 -0.000767 3460.0
0.000379 -0.000766 3461.0
0.000378 -0.000766 3462.0
0.000377 -0.000765 3463.0
0.000377 -0.000764 3464.0
0.000376 -0.000763 3465.0
0.000376 -0.000763 3466.0
0.000375 -0.000762 3467.0
0.000374 -0.000761 3468.0
0.000374 -0.000761 3469.0
0.000373 -0.000760 3470.0
0.000373 -0.000759 3471.0
0.000372 -0.000759 3472.0
0.000371 -0.000758 3473.0
0.000371 -0.000757 3474.0
0.000370 -0.000757 3475.0
0.000370 -0.000756 3476.0
0.000369 -0.000755 3477.0
0.000368 -0.000755 3478.0
0.000368 -0.000754 3479.0
0.000367 -0.000753 3480.0
0.000367 -0.000752 3481.0
0.000366 -0.000752 3482.0
0.000365 -0.000751 3483.0
0.000365 -0.000750 3484.0
0.000364 -0.000750 3485.0
0.000364 -0.000749 3486.0
0.000363 -0.000748 3487.0
0.000362 -0.000748 3488.0
0.000362 -0.000747 3489.0
0.000361 -0.000746 3490.0
0.000361 -0.000746 3491.0
0.000360 -0.000745 3492.0
0.000359 -0.000744 3493.0
0.000359 -0.000744 3494.0
0.000358 -0.000743 3495.0
0.000358 -0.000742 3496.0
0.000357 -0.000741 3497.0
0.000356 -0.000741 3498.0
0.000356 -0.000740 3499.0
0.000355 -0.000739 3500.0
0.000355 -0.000739 3501.0
0.000354 -0.000738 3502.0
0.000353 -0.000737 3503.0
0.000353 -0.000737 3504.0
0.000352 -0.000736 3505.0
0.000352 -0.000735 3506.0
0.000351 -0.000735 3507.0
0.000350 -0.000734 3508.0
0.000347 -0.000739 3509.0
0.000347 -0.000739 3510.0
0.000346 -0.000739 3511.0
0.000346 -0.000739 3512.0
0.000346 -0.000739 3513.0
0.000346 -0.000739 3514.0
0.000345 -0.000739 3515.0
0.000345 -0.000739 3516.0
0.000345 -0.000739 3517.0
0.000344 -0.000739 3518.0
0.000344 -0.000739 3519.0
0.000344 -0.000739 3520.0
0.000344 -0.000739 3521.0
0.000343 -0.000739 3522.0
0.000343 -0.000739 3523.0
0.000343 -0.000739 3524.0
0.000343 -0.000739 3525.0
0.000342 -0.000739 3526.0
0.000342 -0.000739 3527.0
0.000342 -0.000739 3528.0
0.000341 -0.000739 3529.0
0.000341 -0.000739 3530.0
0.000341 -0.000739 3531.0
0.000341 -0.000739 3532.0
0.000340 -0.000739 3533.0
0.000340 -0.000739 3534.0
0.000340 -0.000739 3535.0
0.000339 -0.000739 3536.0
0.000339 -0.000739 3537.0
0.000339 -0.000739 3538.0
0.000339 -0.000739 3539.0
0.000338 -0.000739 3540.0
0.000338 -0.000739 3541.0
0.000338 -0.000739 3542.0
0.000338 -0.000739 3543.0
0.000337 -0.000739 3544.0
0.000337 -0.000739 3545.0
0.000337 -0.000739 3546.0
0.000336 -0.000739 3547.0
0.000336 -0.000739 3548.0
0.000336 -0.000739 3549.0
0.000336 -0.000739 3550.0
0.000335 -0.000739 3551.0
0.000335 -0.000739 3552.0
0.000335 -0.000739 3553.0
0.000335 -0.000739 3554.0
0.000334 -0.000739 3555.0
0.000334 -0.000739 3556.0
0.000334 -0.000739 3557.0
0.000333 -0.000739 3558.0
0.000333 -0.000739 3559.0
0.000333 -0.000739 3560.0
0.000333 -0.000739 3561.0
0.000332 -0.000739 3562.0
0.000332 -0.000739 3563.0
0.000332 -0.000739 3564.0
0.000331 -0.000739 3565.0
0.000331 -0.000739 3566.0
0.000331 -0.000739 3567.0
0.000331 -0.000739 3568.0
0.000330 -0.000739 3569.0
0.000330 -0.000739 3570.0
0.000330 -0.000739 3571.0
0.000330 -0.000739 3572.0
0.000329 -0.000739 3573.0
0.000329 -0.000739 3574.0
0.000329 -0.000739 3575.0
0.000328 -0.000739 3576.0
0.000328 -0.000739 3577.0
0.000328 -0.000739 3578.0
0.000328 -0.000739 3579.0
0.000327 -0.000739 3580.0
0.000327 -0.000739 3581.0
0.000327 -0.000739 3582.0
0.000326 -0.000739 3583.0
0.000326 -0.000739 3584.0
0.000326 -0.000739 3585.0
0.000326 -0.000739 3586.0
0.000325 -0.000739 3587.0
0.000325 -0.000739 3588.0
0.000325 -0.000739 3589.0
0.000325 -0.000739 3590.0
0.000325 -0.000739 3591.0
