0.000603 -0.000666 50.0
0.000603 -0.000665 51.0
0.000602 -0.000665 52.0
0.000602 -0.000665 53.0
0.000602 -0.000664 54.0
0.000601 -0.000664 55.0
0.000601 -0.000663 56.0
0.000601 -0.000663 57.0
0.000600 -0.000663 58.0
0.000600 -0.000662 59.0
0.000600 -0.000662 60.0
0.000600 -0.000661 61.0
0.000599 -0.000661 62.0
0.000599 -0.000661 63.0
0.000599 -0.000660 64.0
0.000598 -0.000660 65.0
0.000598 -0.000659 66.0
0.000598 -0.000659 67.0
0.000597 -0.000659 68.0
0.000597 -0.000658 69.0
0.000597 -0.000658 70.0
0.000596 -0.000657 71.0
0.000596 -0.000657 72.0
0.000596 -0.000657 73.0
0.000596 -0.000656 74.0
0.000595 -0.000656 75.0
0.000595 -0.000656 76.0
0.000595 -0.000655 77.0
0.000594 -0.000655 78.0
0.000594 -0.000654 79.0
0.000594 -0.000654 80.0
0.000593 -0.000654 81.0
0.000593 -0.000653 82.0
0.000593 -0.000653 83.0
0.000593 -0.000652 84.0
0.000592 -0.000652 85.0
0.000592 -0.000652 86.0
0.000592 -0.000651 87.0
0.000591 -0.000651 88.0
0.000591 -0.000650 89.0
0.000591 -0.000650 90.0
0.000590 -0.000650 91.0
0.000590 -0.000649 92.0
0.000590 -0.000649 93.0
0.000590 -0.000649 94.0
0.000589 -0.000648 95.0
0.000589 -0.000648 96.0
0.000589 -0.000647 97.0
0.000588 -0.000647 98.0
0.000588 -0.000647 99.0
0.000588 -0.000646 100.0
0.000587 -0.000646 101.0
0.000587 -0.000645 102.0
0.000587 -0.000645 103.0
0.000587 -0.000645 104.0
0.000586 -0.000644 105.0
0.000584 -0.000647 106.0
0.000584 -0.000646 107.0
0.000584 -0.000645 108.0
0.000583 -0.000644 109.0
0.000583 -0.000643 110.0
0.000583 -0.000642 111.0
0.000582 -0.000641 112.0
0.000582 -0.000640 113.0
0.000582 -0.000639 114.0
0.000581 -0.000638 115.0
0.000581 -0.000637 116.0
0.000581 -0.000636 117.0
0.000580 -0.000635 118.0
0.000580 -0.000634 119.0
0.000580 -0.000633 120.0
0.000579 -0.000632 121.0
0.000579 -0.000631 122.0
0.000579 -0.000630 123.0
0.000578 -0.000629 124.0
0.000578 -0.000628 125.0
0.000577 -0.000627 126.0
0.000577 -0.000626 127.0
0.000577 -0.000625 128.0
0.000576 -0.000624 129.0
0.000576 -0.000623 130.0
0.000576 -0.000622 131.0
0.000575 -0.000621 132.0
0.000575 -0.000620 133.0
0.000575 -0.000619 134.0
0.000574 -0.000618 135.0
0.000574 -0.000617 136.0
0.000574 -0.000616 137.0
0.000573 -0.000615 138.0
0.000573 -0.000614 139.0
0.000573 -0.000613 140.0
0.000572 -0.000612 141.0
0.000572 -0.000611 142.0
0.000572 -0.000610 143.0
0.000571 -0.000609 144.0
0.000571 -0.000608 145.0
0.000571 -0.000607 146.0
0.000570 -0.000606 147.0
0.000570 -0.000605 148.0
0.000570 -0.000604 149.0
0.000569 -0.000603 150.0
0.000569 -0.000602 151.0
0.000569 -0.000601 152.0
0.000565 -0.000603 153.0
0.000565 -0.000598 154.0
0.000565 -0.000594 155.0
0.000564 -0.000590 156.0
0.000564 -0.000585 157.0
0.000564 -0.000581 158.0
0.000563 -0.000577 159.0
0.000563 -0.000573 160.0
0.000563 -0.000568 161.0
0.000562 -0.000564 162.0
0.000562 -0.000560 163.0
0.000562 -0.000556 164.0
0.000561 -0.000551 165.0
0.000561 -0.000547 166.0
0.000561 -0.000543 167.0
0.000560 -0.000538 168.0
0.000560 -0.000534 169.0
0.000560 -0.000530 170.0
0.000559 -0.000526 171.0
0.000558 -0.000526 172.0
0.000557 -0.000525 173.0
0.000555 -0.000525 174.0
0.000554 -0.000524 175.0
0.000552 -0.000523 176.0
0.000551 -0.000523 177.0
0.000549 -0.000522 178.0
0.000548 -0.000521 179.0
0.000547 -0.000521 180.0
0.000545 -0.000520 181.0
0.000544 -0.000519 182.0
0.000542 -0.000519 183.0
0.000541 -0.000518 184.0
0.000540 -0.000518 185.0
0.000538 -0.000517 186.0
0.000537 -0.000516 187.0
0.000535 -0.000516 188.0
0.000534 -0.000515 189.0
0.000532 -0.000514 190.0
0.000531 -0.000514 191.0
0.000530 -0.000513 192.0
0.000528 -0.000512 193.0
0.000527 -0.000512 194.0
0.000525 -0.000511 195.0
0.000524 -0.000511 196.0
0.000523 -0.000510 197.0
0.000521 -0.000509 198.0
0.000520 -0.000509 199.0
0.000518 -0.000508 200.0
0.000517 -0.000507 201.0
0.000515 -0.000507 202.0
0.000514 -0.000506 203.0
0.000513 -0.000505 204.0
0.000511 -0.000505 205.0
0.000510 -0.000504 206.0
0.000508 -0.000504 207.0
0.000507 -0.000503 208.0
0.000506 -0.000502 209.0
0.000504 -0.000502 210.0
0.000503 -0.000501 211.0
0.000501 -0.000500 212.0
0.000500 -0.000500 213.0
0.000498 -0.000499 214.0
0.000497 -0.000498 215.0
0.000496 -0.000498 216.0
0.000494 -0.000497 217.0
0.000493 -0.000496 218.0
0.000491 -0.000496 219.0
0.000490 -0.000495 220.0
0.000488 -0.000495 221.0
0.000487 -0.000494 222.0
0.000486 -0.000493 223.0
0.000484 -0.000493 224.0
0.000483 -0.000492 225.0
0.000481 -0.000491 226.0
0.000480 -0.000491 227.0
0.000479 -0.000490 228.0
0.000477 -0.000489 229.0
0.000476 -0.000489 230.0
0.000474 -0.000488 231.0
0.000473 -0.000488 232.0
0.000471 -0.000487 233.0
0.000470 -0.000486 234.0
0.000469 -0.000486 235.0
0.000467 -0.000485 236.0
0.000465 -0.000493 237.0
0.000464 -0.000492 238.0
0.000463 -0.000492 239.0
0.000463 -0.000492 240.0
0.000462 -0.000492 241.0
0.000461 -0.000492 242.0
0.000460 -0.000491 243.0
0.000459 -0.000491 244.0
0.000458 -0.000491 245.0
0.000457 -0.000491 246.0
0.000456 -0.000490 247.0
0.000455 -0.000490 248.0
0.000455 -0.000490 249.0
0.000454 -0.000490 250.0
0.000453 -0.000490 251.0
0.000452 -0.000489 252.0
0.000451 -0.000489 253.0
0.000450 -0.000489 254.0
0.000449 -0.000489 255.0
0.000448 -0.000488 256.0
0.000447 -0.000488 257.0
0.000447 -0.000488 258.0
0.000446 -0.000488 259.0
0.000445 -0.000488 260.0
0.000444 -0.000487 261.0
0.000443 -0.000487 262.0
0.000442 -0.000487 263.0
0.000441 -0.000487 264.0
0.000440 -0.000486 265.0
0.000439 -0.000486 266.0
0.000439 -0.000486 267.0
0.000438 -0.000486 268.0
0.000437 -0.000486 269.0
0.000436 -0.000485 270.0
0.000435 -0.000485 271.0
0.000434 -0.000485 272.0
0.000433 -0.000485 273.0
0.000432 -0.000484 274.0
0.000432 -0.000484 275.0
0.000431 -0.000484 276.0
0.000430 -0.000484 277.0
0.000429 -0.000484 278.0
0.000428 -0.000483 279.0
0.000427 -0.000483 280.0
0.000426 -0.000483 281.0
0.000425 -0.000483 282.0
0.000424 -0.000482 283.0
0.000424 -0.000482 284.0
0.000423 -0.000482 285.0
0.000422 -0.000482 286.0
0.000421 -0.000482 287.0
0.000420 -0.000481 288.0
0.000419 -0.000481 289.0
0.000418 -0.000481 290.0
0.000417 -0.000481 291.0
0.000416 -0.000480 292.0
0.000416 -0.000480 293.0
0.000415 -0.000480 294.0
0.000414 -0.000480 295.0
0.000413 -0.000480 296.0
0.000412 -0.000479 297.0
0.000411 -0.000479 298.0
0.000410 -0.000479 299.0
0.000409 -0.000479 300.0
0.000408 -0.000478 301.0
0.000408 -0.000478 302.0
0.000407 -0.000481 303.0
0.000407 -0.000480 304.0
0.000408 -0.000478 305.0
0.000408 -0.000477 306.0
0.000408 -0.000475 307.0
0.000408 -0.000474 308.0
0.000408 -0.000473 309.0
0.000409 -0.000471 310.0
0.000409 -0.000470 311.0
0.000409 -0.000469 312.0
0.000409 -0.000467 313.0
0.000409 -0.000466 314.0
0.000410 -0.000464 315.0
0.000410 -0.000463 316.0
0.000410 -0.000462 317.0
0.000410 -0.000460 318.0
0.000410 -0.000459 319.0
0.000411 -0.000457 320.0
0.000411 -0.000456 321.0
0.000411 -0.000455 322.0
0.000411 -0.000453 323.0
0.000411 -0.000452 324.0
0.000412 -0.000450 325.0
0.000412 -0.000449 326.0
0.000412 -0.000448 327.0
0.000412 -0.000446 328.0
0.000412 -0.000445 329.0
0.000413 -0.000443 330.0
0.000413 -0.000442 331.0
0.000413 -0.000441 332.0
0.000413 -0.000439 333.0
0.000413 -0.000438 334.0
0.000414 -0.000436 335.0
0.000414 -0.000435 336.0
0.000414 -0.000434 337.0
0.000414 -0.000432 338.0
0.000414 -0.000431 339.0
0.000415 -0.000429 340.0
0.000415 -0.000428 341.0
0.000415 -0.000427 342.0
0.000415 -0.000425 343.0
0.000416 -0.000424 344.0
0.000416 -0.000422 345.0
0.000416 -0.000421 346.0
0.000416 -0.000420 347.0
0.000416 -0.000418 348.0
0.000417 -0.000417 349.0
0.000417 -0.000415 350.0
0.000417 -0.000414 351.0
0.000417 -0.000413 352.0
0.000420 -0.000413 353.0
0.000420 -0.000413 354.0
0.000420 -0.000414 355.0
0.000420 -0.000414 356.0
0.000420 -0.000414 357.0
0.000420 -0.000414 358.0
0.000420 -0.000414 359.0
0.000420 -0.000415 360.0
0.000420 -0.000415 361.0
0.000420 -0.000415 362.0
0.000420 -0.000415 363.0
0.000420 -0.000415 364.0
0.000420 -0.000416 365.0
0.000421 -0.000416 366.0
0.000421 -0.000416 367.0
0.000421 -0.000416 368.0
0.000421 -0.000416 369.0
0.000421 -0.000417 370.0
0.000421 -0.000417 371.0
0.000421 -0.000417 372.0
0.000421 -0.000417 373.0
0.000421 -0.000417 374.0
0.000421 -0.000418 375.0
0.000421 -0.000418 376.0
0.000421 -0.000418 377.0
0.000421 -0.000418 378.0
0.000421 -0.000418 379.0
0.000422 -0.000419 380.0
0.000422 -0.000419 381.0
0.000422 -0.000419 382.0
0.000422 -0.000419 383.0
0.000422 -0.000419 384.0
0.000422 -0.000420 385.0
0.000422 -0.000420 386.0
0.000422 -0.000420 387.0
0.000422 -0.000420 388.0
0.000422 -0.000420 389.0
0.000422 -0.000421 390.0
0.000422 -0.000421 391.0
0.000422 -0.000421 392.0
0.000422 -0.000421 393.0
0.000423 -0.000421 394.0
0.000423 -0.000421 395.0
0.000423 -0.000422 396.0
0.000423 -0.000422 397.0
0.000423 -0.000422 398.0
0.000423 -0.000422 399.0
0.000423 -0.000422 400.0
0.000423 -0.000423 401.0
0.000423 -0.000423 402.0
0.000423 -0.000423 403.0
0.000423 -0.000423 404.0
0.000423 -0.000423 405.0
0.000423 -0.000424 406.0
0.000423 -0.000424 407.0
0.000424 -0.000424 408.0
0.000424 -0.000424 409.0
0.000424 -0.000424 410.0
0.000424 -0.000425 411.0
0.000424 -0.000425 412.0
0.000424 -0.000425 413.0
0.000424 -0.000425 414.0
0.000424 -0.000425 415.0
0.000424 -0.000426 416.0
0.000424 -0.000426 417.0
0.000424 -0.000426 418.0
0.000424 -0.000426 419.0
0.000424 -0.000426 420.0
0.000424 -0.000427 421.0
0.000425 -0.000427 422.0
0.000425 -0.000427 423.0
0.000425 -0.000427 424.0
0.000425 -0.000427 425.0
0.000425 -0.000428 426.0
0.000425 -0.000428 427.0
0.000425 -0.000428 428.0
0.000425 -0.000428 429.0
0.000425 -0.000428 430.0
0.000426 -0.000428 431.0
0.000426 -0.000428 432.0
0.000426 -0.000428 433.0
0.000426 -0.000428 434.0
0.000426 -0.000428 435.0
0.000426 -0.000428 436.0
0.000426 -0.000428 437.0
0.000426 -0.000428 438.0
0.000426 -0.000428 439.0
0.000426 -0.000428 440.0
0.000426 -0.000428 441.0
0.000426 -0.000428 442.0
0.000426 -0.000428 443.0
0.000426 -0.000428 444.0
0.000426 -0.000428 445.0
0.000426 -0.000428 446.0
0.000426 -0.000428 447.0
0.000426 -0.000428 448.0
0.000426 -0.000428 449.0
0.000426 -0.000428 450.0
0.000426 -0.000428 451.0
0.000426 -0.000428 452.0
0.000426 -0.000428 453.0
0.000426 -0.000428 454.0
0.000426 -0.000428 455.0
0.000426 -0.000428 456.0
0.000426 -0.000428 457.0
0.000426 -0.000428 458.0
0.000426 -0.000428 459.0
0.000426 -0.000428 460.0
0.000426 -0.000428 461.0
0.000426 -0.000428 462.0
0.000426 -0.000428 463.0
0.000426 -0.000428 464.0
0.000426 -0.000428 465.0
0.000426 -0.000428 466.0
0.000426 -0.000428 467.0
0.000426 -0.000428 468.0
0.000426 -0.000428 469.0
0.000426 -0.000428 470.0
0.000426 -0.000428 471.0
0.000426 -0.000428 472.0
0.000426 -0.000428 473.0
0.000426 -0.000428 474.0
0.000426 -0.000428 475.0
0.000426 -0.000428 476.0
0.000426 -0.000428 477.0
0.000426 -0.000428 478.0
0.000426 -0.000428 479.0
0.000426 -0.000428 480.0
0.000426 -0.000428 481.0
0.000426 -0.000428 482.0
0.000426 -0.000428 483.0
0.000426 -0.000428 484.0
0.000426 -0.000428 485.0
0.000426 -0.000428 486.0
0.000426 -0.000428 487.0
0.000426 -0.000428 488.0
0.000426 -0.000428 489.0
0.000426 -0.000428 490.0
0.000426 -0.000428 491.0
0.000426 -0.000428 492.0
0.000426 -0.000428 493.0
0.000426 -0.000428 494.0
0.000426 -0.000428 495.0
0.000426 -0.000428 496.0
0.000426 -0.000428 497.0
0.000426 -0.000428 498.0
0.000426 -0.000428 499.0
0.000426 -0.000428 500.0
0.000426 -0.000428 501.0
0.000426 -0.000428 502.0
0.000426 -0.000428 503.0
0.000426 -0.000428 504.0
0.000426 -0.000428 505.0
0.000426 -0.000428 506.0
0.000426 -0.000428 507.0
0.000426 -0.000428 508.0
0.000426 -0.000428 509.0
0.000426 -0.000428 510.0
0.000426 -0.000428 511.0
0.000426 -0.000428 512.0
0.000426 -0.000428 513.0
0.000426 -0.000428 514.0
0.000426 -0.000428 515.0
0.000425 -0.000428 516.0
0.000425 -0.000428 517.0
0.000425 -0.000428 518.0
0.000425 -0.000428 519.0
0.000425 -0.000428 520.0
0.000425 -0.000428 521.0
0.000425 -0.000428 522.0
0.000425 -0.000428 523.0
0.000425 -0.000428 524.0
0.000425 -0.000428 525.0
0.000425 -0.000428 526.0
0.000425 -0.000428 527.0
0.000425 -0.000428 528.0
0.000425 -0.000428 529.0
0.000425 -0.000428 530.0
0.000425 -0.000428 531.0
0.000425 -0.000428 532.0
0.000425 -0.000428 533.0
0.000425 -0.000428 534.0
0.000425 -0.000428 535.0
0.000425 -0.000428 536.0
0.000425 -0.000428 537.0
0.000425 -0.000428 538.0
0.000425 -0.000428 539.0
0.000425 -0.000428 540.0
0.000425 -0.000428 541.0
0.000425 -0.000428 542.0
0.000425 -0.000428 543.0
0.000425 -0.000428 544.0
0.000425 -0.000428 545.0
0.000425 -0.000428 546.0
0.000425 -0.000428 547.0
0.000425 -0.000428 548.0
0.000425 -0.000428 549.0
0.000425 -0.000428 550.0
0.000425 -0.000428 551.0
0.000425 -0.000428 552.0
0.000425 -0.000428 553.0
0.000425 -0.000428 554.0
0.000425 -0.000428 555.0
0.000425 -0.000428 556.0
0.000425 -0.000428 557.0
0.000425 -0.000428 558.0
0.000425 -0.000428 559.0
0.000425 -0.000428 560.0
0.000425 -0.000428 561.0
0.000425 -0.000428 562.0
0.000425 -0.000428 563.0
0.000425 -0.000428 564.0
0.000425 -0.000428 565.0
0.000425 -0.000428 566.0
0.000425 -0.000428 567.0
0.000425 -0.000428 568.0
0.000425 -0.000428 569.0
0.000425 -0.000428 570.0
0.000425 -0.000428 571.0
0.000425 -0.000428 572.0
0.000425 -0.000428 573.0
0.000425 -0.000428 574.0
0.000425 -0.000428 575.0
0.000425 -0.000428 576.0
0.000425 -0.000428 577.0
0.000425 -0.000428 578.0
0.000425 -0.000428 579.0
0.000425 -0.000428 580.0
0.000425 -0.000428 581.0
0.000425 -0.000428 582.0
0.000425 -0.000428 583.0
0.000424 -0.000428 584.0
0.000424 -0.000428 585.0
0.000424 -0.000428 586.0
0.000424 -0.000428 587.0
0.000424 -0.000428 588.0
0.000424 -0.000428 589.0
0.000424 -0.000428 590.0
0.000424 -0.000428 591.0
0.000424 -0.000428 592.0
0.000424 -0.000428 593.0
0.000424 -0.000428 594.0
0.000424 -0.000428 595.0
0.000424 -0.000428 596.0
0.000424 -0.000428 597.0
0.000424 -0.000428 598.0
0.000424 -0.000428 599.0
0.000424 -0.000428 600.0
0.000424 -0.000428 601.0
0.000424 -0.000428 602.0
0.000424 -0.000428 603.0
0.000424 -0.000428 604.0
0.000424 -0.000428 605.0
0.000424 -0.000428 606.0
0.000424 -0.000428 607.0
0.000424 -0.000428 608.0
0.000424 -0.000428 609.0
0.000424 -0.000428 610.0
0.000424 -0.000428 611.0
0.000424 -0.000428 612.0
0.000424 -0.000428 613.0
0.000424 -0.000428 614.0
0.000424 -0.000428 615.0
0.000424 -0.000428 616.0
0.000424 -0.000428 617.0
0.000424 -0.000428 618.0
0.000424 -0.000428 619.0
0.000424 -0.000428 620.0
0.000424 -0.000428 621.0
0.000424 -0.000428 622.0
0.000424 -0.000428 623.0
0.000424 -0.000428 624.0
0.000424 -0.000428 625.0
0.000424 -0.000428 626.0
0.000424 -0.000428 627.0
0.000424 -0.000428 628.0
0.000424 -0.000428 629.0
0.000424 -0.000428 630.0
0.000424 -0.000428 631.0
0.000424 -0.000428 632.0
0.000424 -0.000428 633.0
0.000424 -0.000428 634.0
0.000424 -0.000428 635.0
0.000424 -0.000428 636.0
0.000424 -0.000428 637.0
0.000424 -0.000428 638.0
0.000424 -0.000428 639.0
0.000424 -0.000428 640.0
0.000424 -0.000428 641.0
0.000424 -0.000428 642.0
0.000424 -0.000428 643.0
0.000424 -0.000428 644.0
0.000424 -0.000428 645.0
0.000424 -0.000428 646.0
0.000424 -0.000428 647.0
0.000424 -0.000428 648.0
0.000424 -0.000428 649.0
0.000424 -0.000428 650.0
0.000424 -0.000428 651.0
0.000424 -0.000428 652.0
0.000424 -0.000428 653.0
0.000424 -0.000428 654.0
0.000424 -0.000428 655.0
0.000424 -0.000428 656.0
0.000424 -0.000428 657.0
0.000424 -0.000428 658.0
0.000424 -0.000428 659.0
0.000424 -0.000428 660.0
0.000424 -0.000428 661.0
0.000424 -0.000428 662.0
0.000424 -0.000428 663.0
0.000424 -0.000428 664.0
0.000424 -0.000428 665.0
0.000424 -0.000428 666.0
0.000424 -0.000428 667.0
0.000424 -0.000428 668.0
0.000424 -0.000428 669.0
0.000424 -0.000428 670.0
0.000424 -0.000428 671.0
0.000424 -0.000428 672.0
0.000424 -0.000428 673.0
0.000424 -0.000428 674.0
0.000424 -0.000428 675.0
0.000424 -0.000428 676.0
0.000424 -0.000428 677.0
0.000424 -0.000428 678.0
0.000424 -0.000428 679.0
0.000424 -0.000428 680.0
0.000424 -0.000428 681.0
0.000424 -0.000428 682.0
0.000424 -0.000428 683.0
0.000424 -0.000428 684.0
0.000424 -0.000428 685.0
0.000424 -0.000428 686.0
0.000424 -0.000428 687.0
0.000424 -0.000428 688.0
0.000424 -0.000428 689.0
0.000424 -0.000428 690.0
0.000424 -0.000428 691.0
0.000424 -0.000428 692.0
0.000424 -0.000428 693.0
0.000424 -0.000428 694.0
0.000424 -0.000428 695.0
0.000424 -0.000428 696.0
0.000424 -0.000428 697.0
0.000424 -0.000428 698.0
0.000424 -0.000428 699.0
0.000424 -0.000428 700.0
0.000424 -0.000428 701.0
0.000424 -0.000428 702.0
0.000424 -0.000428 703.0
0.000424 -0.000428 704.0
0.000424 -0.000428 705.0
0.000424 -0.000428 706.0
0.000424 -0.000428 707.0
0.000424 -0.000428 708.0
0.000424 -0.000428 709.0
0.000424 -0.000428 710.0
0.000424 -0.000428 711.0
0.000424 -0.000428 712.0
0.000424 -0.000428 713.0
0.000424 -0.000428 714.0
0.000424 -0.000428 715.0
0.000424 -0.000428 716.0
0.000424 -0.000428 717.0
0.000424 -0.000428 718.0
0.000424 -0.000428 719.0
