0.000424 -0.000428 28.0
0.000424 -0.000428 29.0
0.000424 -0.000428 30.0
0.000424 -0.000427 31.0
0.000424 -0.000427 32.0
0.000424 -0.000427 33.0
0.000424 -0.000427 34.0
0.000424 -0.000427 35.0
0.000424 -0.000427 36.0
0.000424 -0.000427 37.0
0.000424 -0.000427 38.0
0.000424 -0.000427 39.0
0.000424 -0.000426 40.0
0.000424 -0.000426 41.0
0.000424 -0.000426 42.0
0.000424 -0.000426 43.0
0.000424 -0.000426 44.0
0.000424 -0.000426 45.0
0.000424 -0.000426 46.0
0.000424 -0.000426 47.0
0.000424 -0.000426 48.0
0.000424 -0.000426 49.0
0.000424 -0.000425 50.0
0.000424 -0.000425 51.0
0.000424 -0.000425 52.0
0.000424 -0.000425 53.0
0.000424 -0.000425 54.0
0.000424 -0.000425 55.0
0.000423 -0.000425 56.0
0.000423 -0.000425 57.0
0.000423 -0.000425 58.0
0.000423 -0.000424 59.0
0.000423 -0.000424 60.0
0.000423 -0.000424 61.0
0.000423 -0.000424 62.0
0.000423 -0.000424 63.0
0.000423 -0.000424 64.0
0.000423 -0.000424 65.0
0.000423 -0.000424 66.0
0.000423 -0.000424 67.0
0.000423 -0.000423 68.0
0.000423 -0.000423 69.0
0.000423 -0.000423 70.0
0.000423 -0.000423 71.0
0.000423 -0.000423 72.0
0.000423 -0.000423 73.0
0.000423 -0.000423 74.0
0.000423 -0.000423 75.0
0.000423 -0.000423 76.0
0.000423 -0.000422 77.0
0.000423 -0.000422 78.0
0.000423 -0.000422 79.0
0.000423 -0.000422 80.0
0.000423 -0.000422 81.0
0.000423 -0.000422 82.0
0.000423 -0.000422 83.0
0.000423 -0.000422 84.0
0.000423 -0.000422 85.0
0.000423 -0.000421 86.0
0.000423 -0.000421 87.0
0.000423 -0.000421 88.0
0.000423 -0.000421 89.0
0.000423 -0.000421 90.0
0.000423 -0.000421 91.0
0.000423 -0.000421 92.0
0.000423 -0.000421 93.0
0.000423 -0.000421 94.0
0.000423 -0.000421 95.0
0.000423 -0.000421 96.0
0.000423 -0.000421 97.0
0.000423 -0.000421 98.0
0.000423 -0.000421 99.0
0.000423 -0.000421 100.0
0.000423 -0.000421 101.0
0.000423 -0.000421 102.0
0.000423 -0.000421 103.0
0.000423 -0.000421 104.0
0.000423 -0.000421 105.0
0.000423 -0.000421 106.0
0.000423 -0.000421 107.0
0.000423 -0.000421 108.0
0.000423 -0.000421 109.0
0.000423 -0.000421 110.0
0.000423 -0.000421 111.0
0.000423 -0.000421 112.0
0.000423 -0.000421 113.0
0.000423 -0.000421 114.0
0.000423 -0.000421 115.0
0.000423 -0.000421 116.0
0.000423 -0.000421 117.0
0.000423 -0.000421 118.0
0.000423 -0.000421 119.0
0.000423 -0.000421 120.0
0.000423 -0.000421 121.0
0.000423 -0.000421 122.0
0.000423 -0.000421 123.0
0.000423 -0.000421 124.0
0.000423 -0.000421 125.0
0.000423 -0.000421 126.0
0.000423 -0.000421 127.0
0.000423 -0.000421 128.0
0.000423 -0.000420 129.0
0.000423 -0.000420 130.0
0.000423 -0.000420 131.0
0.000423 -0.000420 132.0
0.000423 -0.000420 133.0
0.000423 -0.000420 134.0
0.000423 -0.000420 135.0
0.000423 -0.000420 136.0
0.000423 -0.000420 137.0
0.000423 -0.000420 138.0
0.000423 -0.000420 139.0
0.000423 -0.000420 140.0
0.000423 -0.000420 141.0
0.000423 -0.000420 142.0
0.000423 -0.000420 143.0
0.000423 -0.000420 144.0
0.000423 -0.000420 145.0
0.000423 -0.000420 146.0
0.000423 -0.000420 147.0
0.000423 -0.000420 148.0
