0.000727 -0.000639 38.0
0.000727 -0.000639 39.0
0.000726 -0.000638 40.0
0.000726 -0.000638 41.0
0.000726 -0.000638 42.0
0.000726 -0.000638 43.0
0.000726 -0.000637 44.0
0.000726 -0.000637 45.0
0.000726 -0.000637 46.0
0.000726 -0.000636 47.0
0.000726 -0.000636 48.0
0.000726 -0.000636 49.0
0.000726 -0.000636 50.0
0.000725 -0.000635 51.0
0.000725 -0.000635 52.0
0.000725 -0.000635 53.0
0.000725 -0.000635 54.0
0.000725 -0.000634 55.0
0.000725 -0.000634 56.0
0.000725 -0.000634 57.0
0.000725 -0.000633 58.0
0.000725 -0.000633 59.0
0.000725 -0.000633 60.0
0.000725 -0.000633 61.0
0.000724 -0.000632 62.0
0.000724 -0.000632 63.0
0.000724 -0.000632 64.0
0.000724 -0.000631 65.0
0.000724 -0.000631 66.0
0.000724 -0.000631 67.0
0.000724 -0.000631 68.0
0.000724 -0.000630 69.0
0.000724 -0.000630 70.0
0.000724 -0.000630 71.0
0.000723 -0.000629 72.0
0.000723 -0.000629 73.0
0.000723 -0.000629 74.0
0.000723 -0.000629 75.0
0.000723 -0.000628 76.0
0.000723 -0.000628 77.0
0.000723 -0.000628 78.0
0.000723 -0.000628 79.0
0.000723 -0.000627 80.0
0.000723 -0.000627 81.0
0.000723 -0.000627 82.0
0.000722 -0.000626 83.0
0.000722 -0.000626 84.0
0.000722 -0.000626 85.0
0.000722 -0.000626 86.0
0.000722 -0.000625 87.0
0.000722 -0.000625 88.0
0.000722 -0.000625 89.0
0.000722 -0.000624 90.0
0.000722 -0.000624 91.0
0.000722 -0.000624 92.0
0.000722 -0.000624 93.0
0.000721 -0.000623 94.0
0.000721 -0.000623 95.0
0.000721 -0.000623 96.0
0.000721 -0.000622 97.0
0.000720 -0.000623 98.0
0.000720 -0.000623 99.0
0.000720 -0.000623 100.0
0.000720 -0.000623 101.0
0.000720 -0.000623 102.0
0.000720 -0.000623 103.0
0.000720 -0.000623 104.0
0.000720 -0.000623 105.0
0.000719 -0.000623 106.0
0.000719 -0.000623 107.0
0.000719 -0.000623 108.0
0.000719 -0.000623 109.0
0.000719 -0.000623 110.0
0.000719 -0.000623 111.0
0.000719 -0.000623 112.0
0.000719 -0.000623 113.0
0.000719 -0.000623 114.0
0.000719 -0.000623 115.0
0.000719 -0.000623 116.0
0.000719 -0.000623 117.0
0.000719 -0.000623 118.0
0.000719 -0.000623 119.0
0.000718 -0.000623 120.0
0.000718 -0.000623 121.0
0.000718 -0.000623 122.0
0.000718 -0.000623 123.0
0.000718 -0.000623 124.0
0.000718 -0.000623 125.0
0.000718 -0.000623 126.0
0.000718 -0.000623 127.0
0.000718 -0.000623 128.0
0.000718 -0.000623 129.0
0.000718 -0.000622 130.0
0.000718 -0.000622 131.0
0.000718 -0.000622 132.0
0.000717 -0.000622 133.0
0.000717 -0.000622 134.0
0.000717 -0.000622 135.0
0.000717 -0.000622 136.0
0.000717 -0.000622 137.0
0.000717 -0.000622 138.0
0.000717 -0.000622 139.0
0.000717 -0.000622 140.0
0.000717 -0.000622 141.0
0.000717 -0.000622 142.0
0.000717 -0.000622 143.0
0.000717 -0.000622 144.0
0.000717 -0.000622 145.0
0.000716 -0.000622 146.0
0.000716 -0.000622 147.0
0.000716 -0.000622 148.0
0.000716 -0.000622 149.0
0.000716 -0.000622 150.0
0.000716 -0.000622 151.0
0.000716 -0.000622 152.0
0.000716 -0.000622 153.0
0.000716 -0.000622 154.0
0.000716 -0.000622 155.0
0.000716 -0.000622 156.0
0.000716 -0.000622 157.0
0.000716 -0.000622 158.0
0.000715 -0.000622 159.0
0.000715 -0.000622 160.0
0.000715 -0.000622 161.0
0.000715 -0.000622 162.0
0.000715 -0.000622 163.0
0.000715 -0.000622 164.0
0.000715 -0.000622 165.0
0.000715 -0.000622 166.0
0.000715 -0.000622 167.0
0.000715 -0.000622 168.0
0.000715 -0.000622 169.0
0.000715 -0.000622 170.0
0.000715 -0.000622 171.0
0.000714 -0.000622 172.0
0.000714 -0.000622 173.0
0.000714 -0.000621 174.0
0.000714 -0.000621 175.0
0.000714 -0.000621 176.0
0.000714 -0.000622 177.0
0.000714 -0.000622 178.0
0.000714 -0.000622 179.0
0.000714 -0.000623 180.0
0.000714 -0.000623 181.0
0.000714 -0.000624 182.0
0.000714 -0.000624 183.0
0.000714 -0.000624 184.0
0.000714 -0.000625 185.0
0.000714 -0.000625 186.0
0.000714 -0.000626 187.0
0.000714 -0.000626 188.0
0.000714 -0.000626 189.0
0.000714 -0.000627 190.0
0.000714 -0.000627 191.0
0.000714 -0.000628 192.0
0.000714 -0.000628 193.0
0.000714 -0.000628 194.0
0.000714 -0.000629 195.0
0.000714 -0.000629 196.0
0.000714 -0.000630 197.0
0.000714 -0.000630 198.0
0.000714 -0.000630 199.0
0.000714 -0.000631 200.0
0.000714 -0.000631 201.0
0.000714 -0.000632 202.0
0.000714 -0.000632 203.0
0.000714 -0.000632 204.0
0.000713 -0.000633 205.0
0.000713 -0.000633 206.0
0.000713 -0.000634 207.0
0.000713 -0.000634 208.0
0.000713 -0.000634 209.0
0.000713 -0.000635 210.0
0.000713 -0.000635 211.0
0.000713 -0.000635 212.0
0.000713 -0.000636 213.0
0.000713 -0.000636 214.0
0.000713 -0.000637 215.0
0.000713 -0.000637 216.0
0.000713 -0.000637 217.0
0.000713 -0.000638 218.0
0.000713 -0.000638 219.0
0.000713 -0.000639 220.0
0.000713 -0.000639 221.0
0.000713 -0.000639 222.0
0.000713 -0.000640 223.0
0.000713 -0.000640 224.0
0.000713 -0.000641 225.0
0.000713 -0.000641 226.0
0.000713 -0.000641 227.0
0.000713 -0.000642 228.0
0.000713 -0.000642 229.0
0.000713 -0.000643 230.0
0.000713 -0.000643 231.0
0.000713 -0.000643 232.0
0.000713 -0.000644 233.0
0.000713 -0.000644 234.0
0.000713 -0.000645 235.0
0.000713 -0.000645 236.0
0.000713 -0.000645 237.0
0.000713 -0.000646 238.0
0.000713 -0.000646 239.0
0.000713 -0.000647 240.0
0.000713 -0.000647 241.0
0.000712 -0.000647 242.0
0.000713 -0.000647 243.0
0.000714 -0.000647 244.0
0.000715 -0.000647 245.0
0.000715 -0.000648 246.0
0.000716 -0.000648 247.0
0.000717 -0.000648 248.0
0.000718 -0.000648 249.0
0.000718 -0.000648 250.0
0.000719 -0.000649 251.0
0.000720 -0.000649 252.0
0.000720 -0.000649 253.0
0.000721 -0.000649 254.0
0.000722 -0.000649 255.0
0.000723 -0.000650 256.0
0.000723 -0.000650 257.0
0.000724 -0.000650 258.0
0.000725 -0.000650 259.0
0.000726 -0.000650 260.0
0.000726 -0.000651 261.0
0.000727 -0.000651 262.0
0.000728 -0.000651 263.0
0.000729 -0.000651 264.0
0.000729 -0.000651 265.0
0.000730 -0.000652 266.0
0.000731 -0.000652 267.0
0.000732 -0.000652 268.0
0.000732 -0.000652 269.0
0.000733 -0.000652 270.0
0.000734 -0.000653 271.0
0.000735 -0.000653 272.0
0.000735 -0.000653 273.0
0.000736 -0.000653 274.0
0.000737 -0.000653 275.0
0.000738 -0.000654 276.0
0.000738 -0.000654 277.0
0.000739 -0.000654 278.0
0.000740 -0.000654 279.0
0.000740 -0.000654 280.0
0.000741 -0.000655 281.0
0.000742 -0.000655 282.0
0.000743 -0.000655 283.0
0.000743 -0.000655 284.0
0.000744 -0.000655 285.0
0.000745 -0.000656 286.0
0.000746 -0.000656 287.0
0.000746 -0.000656 288.0
0.000747 -0.000656 289.0
0.000748 -0.000656 290.0
0.000749 -0.000657 291.0
0.000749 -0.000657 292.0
0.000750 -0.000655 293.0
0.000750 -0.000655 294.0
0.000751 -0.000655 295.0
0.000751 -0.000655 296.0
0.000752 -0.000655 297.0
0.000752 -0.000655 298.0
0.000753 -0.000655 299.0
0.000753 -0.000656 300.0
0.000754 -0.000656 301.0
0.000754 -0.000656 302.0
0.000755 -0.000656 303.0
0.000755 -0.000656 304.0
0.000756 -0.000656 305.0
0.000756 -0.000656 306.0
0.000757 -0.000656 307.0
0.000757 -0.000656 308.0
0.000758 -0.000657 309.0
0.000758 -0.000657 310.0
0.000759 -0.000657 311.0
0.000759 -0.000657 312.0
0.000760 -0.000657 313.0
0.000760 -0.000657 314.0
0.000761 -0.000657 315.0
0.000761 -0.000657 316.0
0.000762 -0.000657 317.0
0.000762 -0.000657 318.0
0.000763 -0.000658 319.0
0.000763 -0.000658 320.0
0.000764 -0.000658 321.0
0.000764 -0.000658 322.0
0.000765 -0.000658 323.0
0.000765 -0.000658 324.0
0.000766 -0.000658 325.0
0.000766 -0.000658 326.0
0.000767 -0.000658 327.0
0.000767 -0.000659 328.0
0.000768 -0.000659 329.0
0.000768 -0.000659 330.0
0.000769 -0.000659 331.0
0.000769 -0.000659 332.0
0.000770 -0.000659 333.0
0.000770 -0.000659 334.0
0.000771 -0.000659 335.0
0.000771 -0.000659 336.0
0.000772 -0.000660 337.0
0.000772 -0.000660 338.0
0.000773 -0.000660 339.0
0.000773 -0.000660 340.0
0.000774 -0.000660 341.0
0.000774 -0.000660 342.0
0.000775 -0.000660 343.0
0.000775 -0.000660 344.0
0.000776 -0.000660 345.0
0.000776 -0.000661 346.0
0.000777 -0.000661 347.0
0.000777 -0.000661 348.0
0.000778 -0.000661 349.0
0.000778 -0.000661 350.0
0.000779 -0.000661 351.0
0.000779 -0.000661 352.0
0.000779 -0.000660 353.0
0.000780 -0.000660 354.0
0.000780 -0.000660 355.0
0.000781 -0.000660 356.0
0.000781 -0.000660 357.0
0.000782 -0.000661 358.0
0.000782 -0.000661 359.0
0.000783 -0.000661 360.0
0.000783 -0.000661 361.0
0.000784 -0.000661 362.0
0.000784 -0.000661 363.0
0.000784 -0.000661 364.0
0.000785 -0.000662 365.0
0.000785 -0.000662 366.0
0.000786 -0.000662 367.0
0.000786 -0.000662 368.0
0.000787 -0.000662 369.0
0.000787 -0.000662 370.0
0.000788 -0.000662 371.0
0.000788 -0.000662 372.0
0.000789 -0.000663 373.0
0.000789 -0.000663 374.0
0.000790 -0.000663 375.0
0.000790 -0.000663 376.0
0.000791 -0.000663 377.0
0.000791 -0.000663 378.0
0.000792 -0.000663 379.0
0.000792 -0.000664 380.0
0.000793 -0.000664 381.0
0.000793 -0.000664 382.0
0.000794 -0.000664 383.0
0.000794 -0.000664 384.0
0.000795 -0.000664 385.0
0.000795 -0.000664 386.0
0.000795 -0.000665 387.0
0.000796 -0.000665 388.0
0.000796 -0.000665 389.0
0.000797 -0.000665 390.0
0.000797 -0.000665 391.0
0.000798 -0.000665 392.0
0.000798 -0.000665 393.0
0.000799 -0.000665 394.0
0.000799 -0.000666 395.0
0.000800 -0.000666 396.0
0.000800 -0.000666 397.0
0.000801 -0.000666 398.0
0.000801 -0.000666 399.0
0.000802 -0.000666 400.0
0.000802 -0.000666 401.0
0.000803 -0.000667 402.0
0.000803 -0.000667 403.0
0.000804 -0.000667 404.0
0.000804 -0.000667 405.0
0.000805 -0.000667 406.0
0.000805 -0.000667 407.0
0.000806 -0.000667 408.0
0.000806 -0.000668 409.0
0.000806 -0.000668 410.0
0.000807 -0.000668 411.0
0.000807 -0.000668 412.0
0.000808 -0.000666 413.0
0.000808 -0.000666 414.0
0.000808 -0.000666 415.0
0.000808 -0.000666 416.0
0.000808 -0.000666 417.0
0.000808 -0.000666 418.0
0.000808 -0.000666 419.0
0.000808 -0.000666 420.0
0.000808 -0.000666 421.0
0.000808 -0.000666 422.0
0.000808 -0.000666 423.0
0.000808 -0.000666 424.0
0.000808 -0.000666 425.0
0.000808 -0.000666 426.0
0.000808 -0.000666 427.0
0.000808 -0.000666 428.0
0.000808 -0.000666 429.0
0.000808 -0.000666 430.0
0.000808 -0.000666 431.0
0.000808 -0.000666 432.0
0.000808 -0.000667 433.0
0.000808 -0.000667 434.0
0.000808 -0.000667 435.0
0.000808 -0.000667 436.0
0.000808 -0.000667 437.0
0.000808 -0.000667 438.0
0.000808 -0.000667 439.0
0.000808 -0.000667 440.0
0.000808 -0.000667 441.0
0.000808 -0.000667 442.0
0.000808 -0.000667 443.0
0.000808 -0.000667 444.0
0.000807 -0.000667 445.0
0.000807 -0.000667 446.0
0.000807 -0.000667 447.0
0.000807 -0.000667 448.0
0.000807 -0.000667 449.0
0.000807 -0.000667 450.0
0.000807 -0.000667 451.0
0.000807 -0.000667 452.0
0.000807 -0.000667 453.0
0.000807 -0.000667 454.0
0.000807 -0.000667 455.0
0.000807 -0.000667 456.0
0.000807 -0.000667 457.0
0.000807 -0.000667 458.0
0.000807 -0.000667 459.0
0.000807 -0.000667 460.0
0.000807 -0.000667 461.0
0.000807 -0.000667 462.0
0.000807 -0.000667 463.0
0.000807 -0.000667 464.0
0.000807 -0.000667 465.0
0.000807 -0.000667 466.0
0.000807 -0.000667 467.0
0.000807 -0.000667 468.0
0.000807 -0.000667 469.0
0.000807 -0.000667 470.0
0.000807 -0.000667 471.0
0.000807 -0.000667 472.0
0.000807 -0.000667 473.0
0.000807 -0.000667 474.0
0.000807 -0.000667 475.0
0.000807 -0.000667 476.0
0.000807 -0.000667 477.0
0.000807 -0.000667 478.0
0.000807 -0.000668 479.0
0.000807 -0.000669 480.0
0.000807 -0.000670 481.0
0.000807 -0.000671 482.0
0.000807 -0.000672 483.0
0.000807 -0.000673 484.0
0.000807 -0.000674 485.0
0.000807 -0.000675 486.0
0.000807 -0.000676 487.0
0.000806 -0.000677 488.0
0.000806 -0.000678 489.0
0.000806 -0.000679 490.0
0.000806 -0.000680 491.0
0.000806 -0.000681 492.0
0.000806 -0.000682 493.0
0.000806 -0.000683 494.0
0.000806 -0.000684 495.0
0.000806 -0.000685 496.0
0.000806 -0.000686 497.0
0.000806 -0.000687 498.0
0.000806 -0.000688 499.0
0.000805 -0.000689 500.0
0.000805 -0.000690 501.0
0.000805 -0.000691 502.0
0.000805 -0.000692 503.0
0.000805 -0.000693 504.0
0.000805 -0.000694 505.0
0.000805 -0.000695 506.0
0.000805 -0.000696 507.0
0.000805 -0.000697 508.0
0.000805 -0.000698 509.0
0.000805 -0.000699 510.0
0.000805 -0.000700 511.0
0.000804 -0.000701 512.0
0.000804 -0.000702 513.0
0.000804 -0.000703 514.0
0.000804 -0.000704 515.0
0.000804 -0.000705 516.0
0.000804 -0.000706 517.0
0.000804 -0.000707 518.0
0.000804 -0.000708 519.0
0.000804 -0.000709 520.0
0.000804 -0.000710 521.0
0.000804 -0.000711 522.0
0.000804 -0.000712 523.0
0.000803 -0.000713 524.0
0.000803 -0.000714 525.0
0.000803 -0.000715 526.0
0.000803 -0.000716 527.0
0.000803 -0.000717 528.0
0.000803 -0.000718 529.0
0.000803 -0.000719 530.0
0.000803 -0.000720 531.0
0.000803 -0.000721 532.0
0.000803 -0.000722 533.0
0.000803 -0.000723 534.0
0.000803 -0.000724 535.0
0.000802 -0.000725 536.0
0.000802 -0.000726 537.0
0.000802 -0.000727 538.0
0.000802 -0.000728 539.0
0.000802 -0.000729 540.0
0.000802 -0.000730 541.0
0.000802 -0.000731 542.0
0.000802 -0.000732 543.0
0.000802 -0.000733 544.0
0.000802 -0.000734 545.0
0.000802 -0.000735 546.0
0.000800 -0.000735 547.0
0.000800 -0.000735 548.0
0.000800 -0.000735 549.0
0.000800 -0.000736 550.0
0.000800 -0.000736 551.0
0.000801 -0.000736 552.0
0.000801 -0.000736 553.0
0.000801 -0.000737 554.0
0.000801 -0.000737 555.0
0.000801 -0.000737 556.0
0.000801 -0.000737 557.0
0.000801 -0.000737 558.0
0.000801 -0.000738 559.0
0.000801 -0.000738 560.0
0.000801 -0.000738 561.0
0.000801 -0.000738 562.0
0.000801 -0.000738 563.0
0.000801 -0.000739 564.0
0.000801 -0.000739 565.0
0.000801 -0.000739 566.0
0.000801 -0.000739 567.0
0.000801 -0.000739 568.0
0.000801 -0.000740 569.0
0.000801 -0.000740 570.0
0.000802 -0.000740 571.0
0.000802 -0.000740 572.0
0.000802 -0.000740 573.0
0.000802 -0.000741 574.0
0.000802 -0.000741 575.0
0.000802 -0.000741 576.0
0.000802 -0.000741 577.0
0.000802 -0.000741 578.0
0.000802 -0.000742 579.0
0.000802 -0.000742 580.0
0.000802 -0.000742 581.0
0.000802 -0.000742 582.0
0.000802 -0.000743 583.0
0.000802 -0.000743 584.0
0.000802 -0.000743 585.0
0.000802 -0.000743 586.0
0.000803 -0.000743 587.0
0.000803 -0.000743 588.0
0.000803 -0.000743 589.0
0.000803 -0.000743 590.0
0.000803 -0.000743 591.0
0.000803 -0.000743 592.0
0.000803 -0.000743 593.0
0.000802 -0.000743 594.0
0.000802 -0.000743 595.0
0.000802 -0.000743 596.0
0.000802 -0.000743 597.0
0.000802 -0.000743 598.0
0.000802 -0.000743 599.0
0.000802 -0.000743 600.0
0.000802 -0.000743 601.0
0.000802 -0.000743 602.0
0.000802 -0.000743 603.0
0.000802 -0.000743 604.0
0.000802 -0.000743 605.0
0.000802 -0.000743 606.0
0.000802 -0.000743 607.0
0.000802 -0.000743 608.0
0.000802 -0.000743 609.0
0.000801 -0.000743 610.0
0.000801 -0.000743 611.0
0.000801 -0.000743 612.0
0.000801 -0.000743 613.0
0.000801 -0.000743 614.0
0.000801 -0.000743 615.0
0.000801 -0.000743 616.0
0.000801 -0.000743 617.0
0.000801 -0.000743 618.0
0.000801 -0.000743 619.0
0.000801 -0.000743 620.0
0.000801 -0.000743 621.0
0.000801 -0.000743 622.0
0.000801 -0.000743 623.0
0.000801 -0.000743 624.0
0.000800 -0.000743 625.0
0.000800 -0.000743 626.0
0.000800 -0.000743 627.0
0.000800 -0.000743 628.0
0.000800 -0.000744 629.0
0.000800 -0.000744 630.0
0.000800 -0.000744 631.0
0.000800 -0.000744 632.0
0.000800 -0.000744 633.0
0.000800 -0.000744 634.0
0.000800 -0.000744 635.0
0.000800 -0.000744 636.0
0.000800 -0.000744 637.0
0.000800 -0.000744 638.0
0.000800 -0.000744 639.0
0.000800 -0.000744 640.0
0.000799 -0.000744 641.0
0.000799 -0.000744 642.0
0.000799 -0.000744 643.0
0.000799 -0.000744 644.0
0.000799 -0.000744 645.0
0.000799 -0.000744 646.0
0.000799 -0.000744 647.0
0.000799 -0.000744 648.0
0.000799 -0.000744 649.0
0.000799 -0.000743 650.0
0.000799 -0.000743 651.0
0.000798 -0.000743 652.0
0.000798 -0.000743 653.0
0.000798 -0.000743 654.0
0.000798 -0.000743 655.0
0.000798 -0.000743 656.0
0.000797 -0.000743 657.0
0.000797 -0.000743 658.0
0.000797 -0.000743 659.0
0.000797 -0.000743 660.0
0.000797 -0.000743 661.0
0.000797 -0.000743 662.0
0.000796 -0.000743 663.0
0.000796 -0.000743 664.0
0.000796 -0.000743 665.0
0.000796 -0.000743 666.0
0.000796 -0.000742 667.0
0.000795 -0.000742 668.0
0.000795 -0.000742 669.0
0.000795 -0.000742 670.0
0.000795 -0.000742 671.0
0.000795 -0.000742 672.0
0.000795 -0.000742 673.0
0.000794 -0.000742 674.0
0.000794 -0.000742 675.0
0.000794 -0.000742 676.0
0.000794 -0.000742 677.0
0.000794 -0.000742 678.0
0.000793 -0.000742 679.0
0.000793 -0.000742 680.0
0.000793 -0.000742 681.0
0.000793 -0.000742 682.0
0.000793 -0.000741 683.0
0.000793 -0.000741 684.0
0.000792 -0.000741 685.0
0.000792 -0.000741 686.0
0.000792 -0.000741 687.0
0.000792 -0.000741 688.0
0.000792 -0.000741 689.0
0.000792 -0.000741 690.0
0.000791 -0.000741 691.0
0.000791 -0.000741 692.0
0.000791 -0.000741 693.0
0.000791 -0.000741 694.0
0.000791 -0.000741 695.0
0.000790 -0.000741 696.0
0.000790 -0.000741 697.0
0.000790 -0.000741 698.0
0.000790 -0.000740 699.0
0.000790 -0.000740 700.0
0.000790 -0.000740 701.0
0.000789 -0.000740 702.0
0.000789 -0.000740 703.0
0.000789 -0.000740 704.0
0.000789 -0.000740 705.0
0.000789 -0.000740 706.0
0.000788 -0.000740 707.0
0.000788 -0.000741 708.0
0.000788 -0.000741 709.0
0.000788 -0.000740 710.0
0.000788 -0.000740 711.0
0.000788 -0.000740 712.0
0.000787 -0.000740 713.0
0.000787 -0.000740 714.0
0.000787 -0.000740 715.0
0.000787 -0.000740 716.0
0.000787 -0.000740 717.0
0.000787 -0.000739 718.0
0.000786 -0.000739 719.0
0.000786 -0.000739 720.0
0.000786 -0.000739 721.0
0.000786 -0.000739 722.0
0.000786 -0.000739 723.0
0.000786 -0.000739 724.0
0.000785 -0.000739 725.0
0.000785 -0.000738 726.0
0.000785 -0.000738 727.0
0.000785 -0.000738 728.0
0.000785 -0.000738 729.0
0.000785 -0.000738 730.0
0.000784 -0.000738 731.0
0.000784 -0.000738 732.0
0.000784 -0.000738 733.0
0.000784 -0.000737 734.0
0.000784 -0.000737 735.0
0.000784 -0.000737 736.0
0.000783 -0.000737 737.0
0.000783 -0.000737 738.0
0.000783 -0.000737 739.0
0.000783 -0.000737 740.0
0.000783 -0.000737 741.0
0.000783 -0.000736 742.0
0.000782 -0.000736 743.0
0.000782 -0.000736 744.0
0.000782 -0.000736 745.0
0.000782 -0.000736 746.0
0.000782 -0.000736 747.0
0.000782 -0.000736 748.0
0.000781 -0.000736 749.0
0.000781 -0.000736 750.0
0.000781 -0.000735 751.0
0.000781 -0.000735 752.0
0.000781 -0.000735 753.0
0.000781 -0.000735 754.0
0.000780 -0.000735 755.0
0.000780 -0.000735 756.0
0.000780 -0.000735 757.0
0.000780 -0.000735 758.0
0.000780 -0.000734 759.0
0.000780 -0.000734 760.0
0.000779 -0.000734 761.0
0.000779 -0.000734 762.0
0.000779 -0.000734 763.0
0.000779 -0.000734 764.0
0.000779 -0.000734 765.0
0.000778 -0.000734 766.0
0.000778 -0.000733 767.0
0.000778 -0.000735 768.0
0.000778 -0.000734 769.0
0.000778 -0.000734 770.0
0.000778 -0.000733 771.0
0.000778 -0.000733 772.0
0.000778 -0.000732 773.0
0.000778 -0.000732 774.0
0.000778 -0.000731 775.0
0.000778 -0.000731 776.0
0.000778 -0.000730 777.0
0.000778 -0.000730 778.0
0.000778 -0.000730 779.0
0.000778 -0.000729 780.0
0.000778 -0.000729 781.0
0.000779 -0.000728 782.0
0.000779 -0.000728 783.0
0.000779 -0.000727 784.0
0.000779 -0.000727 785.0
0.000779 -0.000726 786.0
0.000779 -0.000726 787.0
0.000779 -0.000725 788.0
0.000779 -0.000725 789.0
0.000779 -0.000724 790.0
0.000779 -0.000724 791.0
0.000779 -0.000724 792.0
0.000779 -0.000723 793.0
0.000779 -0.000723 794.0
0.000779 -0.000722 795.0
0.000779 -0.000722 796.0
0.000779 -0.000721 797.0
0.000779 -0.000721 798.0
0.000779 -0.000720 799.0
0.000779 -0.000720 800.0
0.000780 -0.000719 801.0
0.000780 -0.000719 802.0
0.000780 -0.000718 803.0
0.000780 -0.000718 804.0
0.000780 -0.000718 805.0
0.000780 -0.000717 806.0
0.000780 -0.000717 807.0
0.000780 -0.000716 808.0
0.000780 -0.000716 809.0
0.000780 -0.000715 810.0
0.000780 -0.000715 811.0
0.000780 -0.000714 812.0
0.000780 -0.000714 813.0
0.000780 -0.000713 814.0
0.000780 -0.000713 815.0
0.000780 -0.000713 816.0
0.000780 -0.000712 817.0
0.000780 -0.000712 818.0
0.000780 -0.000711 819.0
0.000780 -0.000711 820.0
0.000781 -0.000710 821.0
0.000781 -0.000710 822.0
0.000781 -0.000710 823.0
0.000781 -0.000709 824.0
0.000781 -0.000709 825.0
0.000781 -0.000708 826.0
0.000782 -0.000707 827.0
0.000782 -0.000707 828.0
0.000782 -0.000706 829.0
0.000782 -0.000706 830.0
0.000782 -0.000705 831.0
0.000782 -0.000704 832.0
0.000782 -0.000704 833.0
0.000782 -0.000703 834.0
0.000782 -0.000702 835.0
0.000782 -0.000702 836.0
0.000782 -0.000701 837.0
0.000782 -0.000701 838.0
0.000782 -0.000700 839.0
0.000782 -0.000699 840.0
0.000782 -0.000699 841.0
0.000782 -0.000698 842.0
0.000783 -0.000697 843.0
0.000783 -0.000697 844.0
0.000783 -0.000696 845.0
0.000783 -0.000696 846.0
0.000783 -0.000695 847.0
0.000783 -0.000694 848.0
0.000783 -0.000694 849.0
0.000783 -0.000693 850.0
0.000783 -0.000693 851.0
0.000783 -0.000692 852.0
0.000783 -0.000691 853.0
0.000783 -0.000691 854.0
0.000783 -0.000690 855.0
0.000783 -0.000689 856.0
0.000783 -0.000689 857.0
0.000783 -0.000688 858.0
0.000784 -0.000688 859.0
0.000784 -0.000687 860.0
0.000784 -0.000686 861.0
0.000784 -0.000686 862.0
0.000784 -0.000685 863.0
0.000784 -0.000684 864.0
0.000784 -0.000684 865.0
0.000784 -0.000683 866.0
0.000784 -0.000683 867.0
0.000784 -0.000682 868.0
0.000784 -0.000681 869.0
0.000784 -0.000681 870.0
0.000784 -0.000680 871.0
0.000784 -0.000680 872.0
0.000784 -0.000679 873.0
0.000785 -0.000678 874.0
0.000785 -0.000678 875.0
0.000785 -0.000677 876.0
0.000785 -0.000676 877.0
0.000785 -0.000676 878.0
0.000785 -0.000675 879.0
0.000785 -0.000675 880.0
0.000785 -0.000674 881.0
0.000785 -0.000673 882.0
0.000785 -0.000673 883.0
0.000786 -0.000673 884.0
0.000786 -0.000673 885.0
0.000787 -0.000673 886.0
0.000787 -0.000672 887.0
0.000787 -0.000672 888.0
0.000787 -0.000672 889.0
0.000787 -0.000672 890.0
0.000788 -0.000672 891.0
0.000788 -0.000672 892.0
0.000788 -0.000671 893.0
0.000788 -0.000671 894.0
0.000789 -0.000671 895.0
0.000789 -0.000671 896.0
0.000789 -0.000671 897.0
0.000789 -0.000671 898.0
0.000790 -0.000670 899.0
0.000790 -0.000670 900.0
0.000790 -0.000670 901.0
0.000790 -0.000670 902.0
0.000791 -0.000670 903.0
0.000791 -0.000670 904.0
0.000791 -0.000669 905.0
0.000791 -0.000669 906.0
0.000792 -0.000669 907.0
0.000792 -0.000669 908.0
0.000792 -0.000669 909.0
0.000792 -0.000669 910.0
0.000793 -0.000668 911.0
0.000793 -0.000668 912.0
0.000793 -0.000668 913.0
0.000793 -0.000668 914.0
0.000793 -0.000668 915.0
0.000794 -0.000668 916.0
0.000794 -0.000667 917.0
0.000794 -0.000667 918.0
0.000794 -0.000667 919.0
0.000795 -0.000667 920.0
0.000795 -0.000667 921.0
0.000795 -0.000667 922.0
0.000795 -0.000666 923.0
0.000796 -0.000666 924.0
0.000796 -0.000666 925.0
0.000796 -0.000666 926.0
0.000796 -0.000666 927.0
0.000797 -0.000666 928.0
0.000797 -0.000665 929.0
0.000797 -0.000665 930.0
0.000797 -0.000665 931.0
0.000798 -0.000665 932.0
0.000798 -0.000665 933.0
0.000798 -0.000665 934.0
0.000798 -0.000664 935.0
0.000798 -0.000664 936.0
0.000799 -0.000664 937.0
0.000799 -0.000664 938.0
0.000799 -0.000664 939.0
0.000799 -0.000664 940.0
0.000800 -0.000663 941.0
0.000800 -0.000663 942.0
0.000801 -0.000665 943.0
0.000801 -0.000665 944.0
0.000801 -0.000665 945.0
0.000801 -0.000665 946.0
0.000801 -0.000665 947.0
0.000801 -0.000665 948.0
0.000801 -0.000665 949.0
0.000801 -0.000665 950.0
0.000802 -0.000665 951.0
0.000802 -0.000665 952.0
0.000802 -0.000665 953.0
0.000802 -0.000665 954.0
0.000802 -0.000665 955.0
0.000802 -0.000665 956.0
0.000802 -0.000665 957.0
0.000802 -0.000665 958.0
0.000802 -0.000665 959.0
0.000803 -0.000665 960.0
0.000803 -0.000665 961.0
0.000803 -0.000665 962.0
0.000803 -0.000665 963.0
0.000803 -0.000665 964.0
0.000803 -0.000665 965.0
0.000803 -0.000665 966.0
0.000803 -0.000665 967.0
0.000804 -0.000665 968.0
0.000804 -0.000665 969.0
0.000804 -0.000666 970.0
0.000804 -0.000666 971.0
0.000804 -0.000666 972.0
0.000804 -0.000666 973.0
0.000804 -0.000666 974.0
0.000804 -0.000666 975.0
0.000804 -0.000666 976.0
0.000805 -0.000666 977.0
0.000805 -0.000666 978.0
0.000805 -0.000666 979.0
0.000805 -0.000666 980.0
0.000805 -0.000666 981.0
0.000805 -0.000666 982.0
0.000805 -0.000666 983.0
0.000805 -0.000666 984.0
0.000806 -0.000666 985.0
0.000806 -0.000666 986.0
0.000806 -0.000666 987.0
0.000806 -0.000666 988.0
0.000806 -0.000666 989.0
0.000806 -0.000666 990.0
0.000806 -0.000666 991.0
0.000806 -0.000666 992.0
0.000806 -0.000666 993.0
0.000807 -0.000666 994.0
0.000807 -0.000666 995.0
0.000807 -0.000666 996.0
0.000807 -0.000666 997.0
0.000807 -0.000666 998.0
0.000807 -0.000666 999.0
0.000807 -0.000666 1000.0
0.000807 -0.000666 1001.0
0.000808 -0.000666 1002.0
0.000808 -0.000666 1003.0
0.000808 -0.000666 1004.0
0.000808 -0.000666 1005.0
0.000808 -0.000666 1006.0
0.000808 -0.000666 1007.0
0.000808 -0.000666 1008.0
0.000808 -0.000666 1009.0
0.000808 -0.000666 1010.0
0.000808 -0.000666 1011.0
0.000808 -0.000666 1012.0
0.000808 -0.000666 1013.0
0.000808 -0.000666 1014.0
0.000808 -0.000666 1015.0
0.000808 -0.000666 1016.0
0.000808 -0.000666 1017.0
0.000808 -0.000666 1018.0
0.000809 -0.000666 1019.0
0.000809 -0.000666 1020.0
0.000809 -0.000666 1021.0
0.000809 -0.000666 1022.0
0.000809 -0.000666 1023.0
0.000809 -0.000666 1024.0
0.000809 -0.000666 1025.0
0.000809 -0.000666 1026.0
0.000809 -0.000666 1027.0
0.000809 -0.000666 1028.0
0.000809 -0.000666 1029.0
0.000809 -0.000666 1030.0
0.000809 -0.000667 1031.0
0.000809 -0.000667 1032.0
0.000809 -0.000667 1033.0
0.000809 -0.000667 1034.0
0.000809 -0.000667 1035.0
0.000810 -0.000667 1036.0
0.000810 -0.000667 1037.0
0.000810 -0.000667 1038.0
0.000810 -0.000667 1039.0
0.000810 -0.000667 1040.0
0.000810 -0.000667 1041.0
0.000810 -0.000667 1042.0
0.000810 -0.000667 1043.0
0.000810 -0.000667 1044.0
0.000810 -0.000667 1045.0
0.000810 -0.000667 1046.0
0.000810 -0.000667 1047.0
0.000810 -0.000667 1048.0
0.000810 -0.000667 1049.0
0.000810 -0.000667 1050.0
0.000810 -0.000667 1051.0
0.000811 -0.000667 1052.0
0.000811 -0.000667 1053.0
0.000811 -0.000667 1054.0
0.000811 -0.000667 1055.0
0.000811 -0.000667 1056.0
0.000811 -0.000667 1057.0
0.000811 -0.000667 1058.0
0.000811 -0.000667 1059.0
0.000811 -0.000667 1060.0
0.000811 -0.000667 1061.0
0.000811 -0.000667 1062.0
0.000811 -0.000667 1063.0
0.000811 -0.000667 1064.0
0.000811 -0.000667 1065.0
0.000811 -0.000667 1066.0
0.000811 -0.000668 1067.0
0.000811 -0.000668 1068.0
0.000811 -0.000668 1069.0
0.000811 -0.000668 1070.0
0.000811 -0.000668 1071.0
0.000811 -0.000669 1072.0
0.000812 -0.000669 1073.0
0.000812 -0.000669 1074.0
0.000812 -0.000669 1075.0
0.000812 -0.000670 1076.0
0.000812 -0.000670 1077.0
0.000812 -0.000670 1078.0
0.000812 -0.000670 1079.0
0.000812 -0.000671 1080.0
0.000812 -0.000671 1081.0
0.000812 -0.000671 1082.0
0.000812 -0.000671 1083.0
0.000812 -0.000672 1084.0
0.000812 -0.000672 1085.0
0.000812 -0.000672 1086.0
0.000812 -0.000672 1087.0
0.000812 -0.000673 1088.0
0.000812 -0.000673 1089.0
0.000812 -0.000673 1090.0
0.000812 -0.000673 1091.0
0.000812 -0.000673 1092.0
0.000812 -0.000674 1093.0
0.000812 -0.000674 1094.0
0.000812 -0.000674 1095.0
0.000812 -0.000674 1096.0
0.000812 -0.000675 1097.0
0.000812 -0.000675 1098.0
0.000813 -0.000675 1099.0
0.000813 -0.000675 1100.0
0.000813 -0.000676 1101.0
0.000813 -0.000676 1102.0
0.000813 -0.000676 1103.0
0.000813 -0.000676 1104.0
0.000813 -0.000677 1105.0
0.000813 -0.000677 1106.0
0.000813 -0.000677 1107.0
0.000813 -0.000677 1108.0
0.000813 -0.000678 1109.0
0.000813 -0.000678 1110.0
0.000813 -0.000678 1111.0
0.000813 -0.000678 1112.0
0.000813 -0.000678 1113.0
0.000813 -0.000679 1114.0
0.000813 -0.000679 1115.0
0.000813 -0.000679 1116.0
0.000813 -0.000679 1117.0
0.000813 -0.000680 1118.0
0.000813 -0.000680 1119.0
0.000813 -0.000680 1120.0
0.000813 -0.000680 1121.0
0.000813 -0.000681 1122.0
0.000813 -0.000681 1123.0
0.000814 -0.000681 1124.0
0.000814 -0.000681 1125.0
0.000814 -0.000681 1126.0
0.000814 -0.000681 1127.0
0.000814 -0.000681 1128.0
0.000813 -0.000681 1129.0
0.000813 -0.000681 1130.0
0.000813 -0.000681 1131.0
0.000813 -0.000680 1132.0
0.000813 -0.000680 1133.0
0.000813 -0.000680 1134.0
0.000813 -0.000680 1135.0
0.000813 -0.000680 1136.0
0.000813 -0.000680 1137.0
0.000813 -0.000680 1138.0
0.000813 -0.000680 1139.0
0.000812 -0.000680 1140.0
0.000812 -0.000680 1141.0
0.000812 -0.000680 1142.0
0.000812 -0.000680 1143.0
0.000812 -0.000680 1144.0
0.000812 -0.000680 1145.0
0.000812 -0.000680 1146.0
0.000812 -0.000680 1147.0
0.000812 -0.000680 1148.0
0.000812 -0.000680 1149.0
0.000811 -0.000680 1150.0
0.000811 -0.000680 1151.0
0.000811 -0.000680 1152.0
0.000811 -0.000680 1153.0
0.000811 -0.000680 1154.0
0.000811 -0.000680 1155.0
0.000811 -0.000680 1156.0
0.000811 -0.000680 1157.0
0.000811 -0.000680 1158.0
0.000811 -0.000680 1159.0
0.000811 -0.000680 1160.0
0.000810 -0.000680 1161.0
0.000810 -0.000680 1162.0
0.000810 -0.000680 1163.0
0.000810 -0.000680 1164.0
0.000810 -0.000680 1165.0
0.000810 -0.000680 1166.0
0.000810 -0.000680 1167.0
0.000810 -0.000680 1168.0
0.000810 -0.000680 1169.0
0.000810 -0.000680 1170.0
0.000810 -0.000679 1171.0
0.000809 -0.000679 1172.0
0.000809 -0.000679 1173.0
0.000809 -0.000679 1174.0
0.000809 -0.000679 1175.0
0.000809 -0.000679 1176.0
0.000809 -0.000679 1177.0
0.000809 -0.000679 1178.0
0.000809 -0.000679 1179.0
0.000809 -0.000679 1180.0
0.000809 -0.000679 1181.0
0.000808 -0.000679 1182.0
0.000808 -0.000679 1183.0
0.000808 -0.000679 1184.0
0.000808 -0.000679 1185.0
0.000808 -0.000679 1186.0
0.000807 -0.000679 1187.0
0.000806 -0.000679 1188.0
0.000806 -0.000679 1189.0
0.000805 -0.000679 1190.0
0.000805 -0.000679 1191.0
0.000804 -0.000678 1192.0
0.000803 -0.000678 1193.0
0.000803 -0.000678 1194.0
0.000802 -0.000678 1195.0
0.000801 -0.000678 1196.0
0.000801 -0.000678 1197.0
0.000800 -0.000677 1198.0
0.000800 -0.000677 1199.0
0.000799 -0.000677 1200.0
0.000798 -0.000677 1201.0
0.000798 -0.000677 1202.0
0.000797 -0.000677 1203.0
0.000796 -0.000677 1204.0
0.000796 -0.000676 1205.0
0.000795 -0.000676 1206.0
0.000795 -0.000676 1207.0
0.000794 -0.000676 1208.0
0.000793 -0.000676 1209.0
0.000793 -0.000676 1210.0
0.000792 -0.000675 1211.0
0.000791 -0.000675 1212.0
0.000791 -0.000675 1213.0
0.000790 -0.000675 1214.0
0.000790 -0.000675 1215.0
0.000789 -0.000675 1216.0
0.000788 -0.000674 1217.0
0.000788 -0.000674 1218.0
0.000787 -0.000674 1219.0
0.000786 -0.000674 1220.0
0.000786 -0.000674 1221.0
0.000785 -0.000674 1222.0
0.000785 -0.000674 1223.0
0.000784 -0.000673 1224.0
0.000783 -0.000673 1225.0
0.000783 -0.000673 1226.0
0.000782 -0.000673 1227.0
0.000781 -0.000673 1228.0
0.000781 -0.000673 1229.0
0.000780 -0.000672 1230.0
0.000780 -0.000672 1231.0
0.000779 -0.000672 1232.0
0.000778 -0.000672 1233.0
0.000778 -0.000672 1234.0
0.000777 -0.000672 1235.0
0.000776 -0.000672 1236.0
0.000776 -0.000671 1237.0
0.000775 -0.000671 1238.0
0.000775 -0.000671 1239.0
0.000774 -0.000671 1240.0
0.000773 -0.000671 1241.0
0.000773 -0.000671 1242.0
0.000772 -0.000670 1243.0
0.000772 -0.000672 1244.0
0.000771 -0.000672 1245.0
0.000771 -0.000672 1246.0
0.000771 -0.000672 1247.0
0.000770 -0.000672 1248.0
0.000770 -0.000672 1249.0
0.000769 -0.000671 1250.0
0.000769 -0.000671 1251.0
0.000769 -0.000671 1252.0
0.000768 -0.000671 1253.0
0.000768 -0.000671 1254.0
0.000767 -0.000671 1255.0
0.000767 -0.000671 1256.0
0.000766 -0.000671 1257.0
0.000766 -0.000671 1258.0
0.000766 -0.000670 1259.0
0.000765 -0.000670 1260.0
0.000765 -0.000670 1261.0
0.000764 -0.000670 1262.0
0.000764 -0.000670 1263.0
0.000764 -0.000670 1264.0
0.000763 -0.000670 1265.0
0.000763 -0.000670 1266.0
0.000762 -0.000669 1267.0
0.000762 -0.000669 1268.0
0.000762 -0.000669 1269.0
0.000761 -0.000669 1270.0
0.000761 -0.000669 1271.0
0.000760 -0.000669 1272.0
0.000760 -0.000669 1273.0
0.000759 -0.000669 1274.0
0.000759 -0.000668 1275.0
0.000759 -0.000668 1276.0
0.000758 -0.000668 1277.0
0.000758 -0.000668 1278.0
0.000757 -0.000668 1279.0
0.000757 -0.000668 1280.0
0.000757 -0.000668 1281.0
0.000756 -0.000668 1282.0
0.000756 -0.000667 1283.0
0.000755 -0.000667 1284.0
0.000755 -0.000667 1285.0
0.000755 -0.000667 1286.0
0.000754 -0.000667 1287.0
0.000754 -0.000667 1288.0
0.000753 -0.000667 1289.0
0.000753 -0.000667 1290.0
0.000753 -0.000667 1291.0
0.000752 -0.000666 1292.0
0.000752 -0.000666 1293.0
0.000751 -0.000666 1294.0
0.000751 -0.000666 1295.0
0.000750 -0.000666 1296.0
0.000750 -0.000666 1297.0
0.000750 -0.000666 1298.0
0.000749 -0.000666 1299.0
0.000749 -0.000665 1300.0
0.000748 -0.000665 1301.0
0.000748 -0.000665 1302.0
0.000748 -0.000665 1303.0
0.000747 -0.000665 1304.0
0.000747 -0.000665 1305.0
0.000746 -0.000665 1306.0
0.000746 -0.000665 1307.0
0.000746 -0.000664 1308.0
0.000745 -0.000666 1309.0
0.000745 -0.000666 1310.0
0.000744 -0.000666 1311.0
0.000744 -0.000667 1312.0
0.000743 -0.000667 1313.0
0.000742 -0.000667 1314.0
0.000742 -0.000667 1315.0
0.000741 -0.000668 1316.0
0.000741 -0.000668 1317.0
0.000740 -0.000668 1318.0
0.000739 -0.000668 1319.0
0.000739 -0.000668 1320.0
0.000738 -0.000669 1321.0
0.000738 -0.000669 1322.0
0.000737 -0.000669 1323.0
0.000736 -0.000669 1324.0
0.000736 -0.000670 1325.0
0.000735 -0.000670 1326.0
0.000735 -0.000670 1327.0
0.000734 -0.000670 1328.0
0.000733 -0.000670 1329.0
0.000733 -0.000671 1330.0
0.000732 -0.000671 1331.0
0.000732 -0.000671 1332.0
0.000731 -0.000671 1333.0
0.000731 -0.000672 1334.0
0.000730 -0.000672 1335.0
0.000729 -0.000672 1336.0
0.000729 -0.000672 1337.0
0.000728 -0.000672 1338.0
0.000728 -0.000673 1339.0
0.000727 -0.000673 1340.0
0.000726 -0.000673 1341.0
0.000726 -0.000673 1342.0
0.000725 -0.000674 1343.0
0.000725 -0.000674 1344.0
0.000724 -0.000674 1345.0
0.000723 -0.000674 1346.0
0.000723 -0.000674 1347.0
0.000722 -0.000675 1348.0
0.000722 -0.000675 1349.0
0.000721 -0.000675 1350.0
0.000720 -0.000675 1351.0
0.000720 -0.000676 1352.0
0.000719 -0.000676 1353.0
0.000719 -0.000676 1354.0
0.000718 -0.000676 1355.0
0.000718 -0.000676 1356.0
0.000717 -0.000677 1357.0
0.000716 -0.000677 1358.0
0.000716 -0.000677 1359.0
0.000715 -0.000677 1360.0
0.000715 -0.000678 1361.0
0.000714 -0.000678 1362.0
0.000713 -0.000678 1363.0
0.000713 -0.000676 1364.0
0.000713 -0.000677 1365.0
0.000713 -0.000678 1366.0
0.000713 -0.000679 1367.0
0.000712 -0.000680 1368.0
0.000712 -0.000681 1369.0
0.000712 -0.000682 1370.0
0.000712 -0.000683 1371.0
0.000712 -0.000684 1372.0
0.000712 -0.000686 1373.0
0.000712 -0.000687 1374.0
0.000712 -0.000688 1375.0
0.000712 -0.000689 1376.0
0.000711 -0.000690 1377.0
0.000711 -0.000691 1378.0
0.000711 -0.000692 1379.0
0.000711 -0.000693 1380.0
0.000711 -0.000694 1381.0
0.000711 -0.000695 1382.0
0.000711 -0.000696 1383.0
0.000711 -0.000698 1384.0
0.000711 -0.000699 1385.0
0.000710 -0.000700 1386.0
0.000710 -0.000701 1387.0
0.000710 -0.000702 1388.0
0.000710 -0.000703 1389.0
0.000710 -0.000704 1390.0
0.000710 -0.000705 1391.0
0.000710 -0.000706 1392.0
0.000710 -0.000707 1393.0
0.000710 -0.000708 1394.0
0.000709 -0.000709 1395.0
0.000709 -0.000711 1396.0
0.000709 -0.000712 1397.0
0.000709 -0.000713 1398.0
0.000709 -0.000714 1399.0
0.000709 -0.000715 1400.0
0.000709 -0.000716 1401.0
0.000709 -0.000717 1402.0
0.000709 -0.000718 1403.0
0.000708 -0.000719 1404.0
0.000708 -0.000720 1405.0
0.000708 -0.000721 1406.0
0.000708 -0.000723 1407.0
0.000708 -0.000724 1408.0
0.000708 -0.000725 1409.0
0.000708 -0.000726 1410.0
0.000708 -0.000727 1411.0
0.000708 -0.000728 1412.0
0.000707 -0.000729 1413.0
0.000707 -0.000730 1414.0
0.000707 -0.000731 1415.0
0.000707 -0.000732 1416.0
0.000707 -0.000733 1417.0
0.000707 -0.000734 1418.0
0.000707 -0.000736 1419.0
0.000707 -0.000737 1420.0
0.000707 -0.000738 1421.0
0.000706 -0.000739 1422.0
0.000706 -0.000740 1423.0
0.000705 -0.000740 1424.0
0.000705 -0.000741 1425.0
0.000705 -0.000742 1426.0
0.000704 -0.000742 1427.0
0.000704 -0.000743 1428.0
0.000704 -0.000744 1429.0
0.000704 -0.000745 1430.0
0.000704 -0.000746 1431.0
0.000704 -0.000747 1432.0
0.000704 -0.000748 1433.0
0.000704 -0.000749 1434.0
0.000704 -0.000750 1435.0
0.000704 -0.000751 1436.0
0.000703 -0.000752 1437.0
0.000703 -0.000753 1438.0
0.000703 -0.000754 1439.0
0.000703 -0.000755 1440.0
0.000703 -0.000756 1441.0
0.000703 -0.000757 1442.0
0.000703 -0.000758 1443.0
0.000703 -0.000759 1444.0
0.000703 -0.000760 1445.0
0.000703 -0.000761 1446.0
0.000702 -0.000762 1447.0
0.000702 -0.000763 1448.0
0.000702 -0.000764 1449.0
0.000702 -0.000765 1450.0
0.000702 -0.000765 1451.0
0.000702 -0.000766 1452.0
0.000702 -0.000767 1453.0
0.000702 -0.000768 1454.0
0.000702 -0.000769 1455.0
0.000702 -0.000770 1456.0
0.000701 -0.000771 1457.0
0.000701 -0.000772 1458.0
0.000701 -0.000773 1459.0
0.000701 -0.000774 1460.0
0.000701 -0.000775 1461.0
0.000701 -0.000776 1462.0
0.000701 -0.000777 1463.0
0.000701 -0.000778 1464.0
0.000701 -0.000779 1465.0
0.000701 -0.000780 1466.0
0.000701 -0.000781 1467.0
0.000700 -0.000782 1468.0
0.000700 -0.000783 1469.0
0.000700 -0.000784 1470.0
0.000700 -0.000785 1471.0
0.000700 -0.000786 1472.0
0.000700 -0.000787 1473.0
0.000700 -0.000787 1474.0
0.000700 -0.000788 1475.0
0.000700 -0.000789 1476.0
0.000700 -0.000790 1477.0
0.000699 -0.000791 1478.0
0.000699 -0.000792 1479.0
0.000699 -0.000793 1480.0
0.000699 -0.000794 1481.0
0.000699 -0.000795 1482.0
0.000698 -0.000795 1483.0
0.000697 -0.000796 1484.0
0.000697 -0.000796 1485.0
0.000697 -0.000797 1486.0
0.000697 -0.000797 1487.0
0.000697 -0.000798 1488.0
0.000697 -0.000799 1489.0
0.000697 -0.000799 1490.0
0.000696 -0.000800 1491.0
0.000696 -0.000800 1492.0
0.000696 -0.000801 1493.0
0.000696 -0.000802 1494.0
0.000696 -0.000802 1495.0
0.000696 -0.000803 1496.0
0.000696 -0.000804 1497.0
0.000695 -0.000804 1498.0
0.000695 -0.000805 1499.0
0.000695 -0.000805 1500.0
0.000695 -0.000806 1501.0
0.000695 -0.000807 1502.0
0.000695 -0.000807 1503.0
0.000695 -0.000808 1504.0
0.000694 -0.000809 1505.0
0.000694 -0.000809 1506.0
0.000694 -0.000810 1507.0
0.000694 -0.000810 1508.0
0.000694 -0.000811 1509.0
0.000694 -0.000812 1510.0
0.000694 -0.000812 1511.0
0.000693 -0.000813 1512.0
0.000693 -0.000813 1513.0
0.000693 -0.000814 1514.0
0.000693 -0.000815 1515.0
0.000693 -0.000815 1516.0
0.000693 -0.000816 1517.0
0.000693 -0.000817 1518.0
0.000693 -0.000817 1519.0
0.000692 -0.000818 1520.0
0.000692 -0.000818 1521.0
0.000692 -0.000819 1522.0
0.000692 -0.000820 1523.0
0.000692 -0.000820 1524.0
0.000692 -0.000821 1525.0
0.000692 -0.000822 1526.0
0.000691 -0.000822 1527.0
0.000691 -0.000823 1528.0
0.000691 -0.000823 1529.0
0.000691 -0.000824 1530.0
0.000691 -0.000825 1531.0
0.000691 -0.000825 1532.0
0.000691 -0.000826 1533.0
0.000690 -0.000826 1534.0
0.000690 -0.000827 1535.0
0.000690 -0.000828 1536.0
0.000690 -0.000828 1537.0
0.000690 -0.000829 1538.0
0.000690 -0.000830 1539.0
0.000690 -0.000830 1540.0
0.000689 -0.000831 1541.0
0.000689 -0.000831 1542.0
0.000687 -0.000831 1543.0
0.000686 -0.000830 1544.0
0.000685 -0.000830 1545.0
0.000683 -0.000830 1546.0
0.000682 -0.000830 1547.0
0.000681 -0.000830 1548.0
0.000680 -0.000830 1549.0
0.000678 -0.000830 1550.0
0.000677 -0.000829 1551.0
0.000676 -0.000829 1552.0
0.000674 -0.000829 1553.0
0.000673 -0.000829 1554.0
0.000672 -0.000829 1555.0
0.000670 -0.000829 1556.0
0.000669 -0.000828 1557.0
0.000668 -0.000828 1558.0
0.000667 -0.000828 1559.0
0.000665 -0.000828 1560.0
0.000664 -0.000828 1561.0
0.000663 -0.000828 1562.0
0.000661 -0.000828 1563.0
0.000660 -0.000827 1564.0
0.000659 -0.000827 1565.0
0.000658 -0.000827 1566.0
0.000656 -0.000827 1567.0
0.000655 -0.000827 1568.0
0.000654 -0.000827 1569.0
0.000652 -0.000826 1570.0
0.000651 -0.000826 1571.0
0.000650 -0.000826 1572.0
0.000648 -0.000826 1573.0
0.000647 -0.000826 1574.0
0.000646 -0.000826 1575.0
0.000645 -0.000826 1576.0
0.000643 -0.000825 1577.0
0.000642 -0.000825 1578.0
0.000641 -0.000825 1579.0
0.000639 -0.000825 1580.0
0.000638 -0.000825 1581.0
0.000637 -0.000825 1582.0
0.000635 -0.000824 1583.0
0.000634 -0.000824 1584.0
0.000633 -0.000824 1585.0
0.000632 -0.000824 1586.0
0.000630 -0.000824 1587.0
0.000629 -0.000824 1588.0
0.000628 -0.000824 1589.0
0.000626 -0.000823 1590.0
0.000625 -0.000823 1591.0
0.000624 -0.000823 1592.0
0.000622 -0.000823 1593.0
0.000621 -0.000823 1594.0
0.000620 -0.000823 1595.0
0.000619 -0.000822 1596.0
0.000617 -0.000822 1597.0
0.000617 -0.000824 1598.0
0.000617 -0.000824 1599.0
0.000616 -0.000824 1600.0
0.000615 -0.000824 1601.0
0.000615 -0.000823 1602.0
0.000614 -0.000823 1603.0
0.000614 -0.000823 1604.0
0.000613 -0.000823 1605.0
0.000612 -0.000823 1606.0
0.000612 -0.000823 1607.0
0.000611 -0.000823 1608.0
0.000611 -0.000822 1609.0
0.000610 -0.000822 1610.0
0.000609 -0.000822 1611.0
0.000609 -0.000822 1612.0
0.000608 -0.000822 1613.0
0.000608 -0.000822 1614.0
0.000607 -0.000821 1615.0
0.000606 -0.000821 1616.0
0.000606 -0.000821 1617.0
0.000605 -0.000821 1618.0
0.000605 -0.000821 1619.0
0.000604 -0.000821 1620.0
0.000604 -0.000821 1621.0
0.000603 -0.000820 1622.0
0.000602 -0.000820 1623.0
0.000602 -0.000820 1624.0
0.000601 -0.000820 1625.0
0.000601 -0.000820 1626.0
0.000600 -0.000820 1627.0
0.000599 -0.000820 1628.0
0.000599 -0.000819 1629.0
0.000598 -0.000819 1630.0
0.000598 -0.000819 1631.0
0.000597 -0.000819 1632.0
0.000596 -0.000819 1633.0
0.000596 -0.000819 1634.0
0.000595 -0.000818 1635.0
0.000595 -0.000818 1636.0
0.000594 -0.000818 1637.0
0.000593 -0.000818 1638.0
0.000593 -0.000818 1639.0
0.000592 -0.000818 1640.0
0.000592 -0.000818 1641.0
0.000591 -0.000817 1642.0
0.000590 -0.000817 1643.0
0.000590 -0.000817 1644.0
0.000589 -0.000817 1645.0
0.000589 -0.000817 1646.0
0.000588 -0.000817 1647.0
0.000587 -0.000817 1648.0
0.000587 -0.000816 1649.0
0.000586 -0.000816 1650.0
0.000586 -0.000816 1651.0
0.000585 -0.000816 1652.0
0.000584 -0.000816 1653.0
0.000584 -0.000816 1654.0
0.000583 -0.000815 1655.0
0.000583 -0.000815 1656.0
0.000582 -0.000815 1657.0
0.000582 -0.000815 1658.0
0.000581 -0.000815 1659.0
0.000580 -0.000815 1660.0
0.000580 -0.000815 1661.0
0.000579 -0.000814 1662.0
0.000579 -0.000816 1663.0
0.000579 -0.000817 1664.0
0.000578 -0.000817 1665.0
0.000578 -0.000818 1666.0
0.000578 -0.000818 1667.0
0.000577 -0.000819 1668.0
0.000577 -0.000819 1669.0
0.000577 -0.000820 1670.0
0.000576 -0.000820 1671.0
0.000576 -0.000821 1672.0
0.000576 -0.000821 1673.0
0.000575 -0.000821 1674.0
0.000575 -0.000822 1675.0
0.000575 -0.000822 1676.0
0.000574 -0.000823 1677.0
0.000574 -0.000823 1678.0
0.000573 -0.000824 1679.0
0.000573 -0.000824 1680.0
0.000573 -0.000825 1681.0
0.000572 -0.000825 1682.0
0.000572 -0.000826 1683.0
0.000572 -0.000826 1684.0
0.000571 -0.000827 1685.0
0.000571 -0.000827 1686.0
0.000571 -0.000828 1687.0
0.000570 -0.000828 1688.0
0.000570 -0.000828 1689.0
0.000570 -0.000829 1690.0
0.000569 -0.000829 1691.0
0.000569 -0.000830 1692.0
0.000569 -0.000830 1693.0
0.000568 -0.000831 1694.0
0.000568 -0.000831 1695.0
0.000568 -0.000832 1696.0
0.000567 -0.000832 1697.0
0.000567 -0.000833 1698.0
0.000567 -0.000833 1699.0
0.000566 -0.000834 1700.0
0.000566 -0.000834 1701.0
0.000566 -0.000835 1702.0
0.000565 -0.000835 1703.0
0.000565 -0.000836 1704.0
0.000565 -0.000836 1705.0
0.000564 -0.000836 1706.0
0.000564 -0.000837 1707.0
0.000564 -0.000837 1708.0
0.000563 -0.000838 1709.0
0.000563 -0.000838 1710.0
0.000563 -0.000839 1711.0
0.000562 -0.000839 1712.0
0.000562 -0.000840 1713.0
0.000562 -0.000840 1714.0
0.000561 -0.000841 1715.0
0.000561 -0.000841 1716.0
0.000561 -0.000842 1717.0
0.000559 -0.000839 1718.0
0.000558 -0.000839 1719.0
0.000558 -0.000839 1720.0
0.000558 -0.000840 1721.0
0.000558 -0.000840 1722.0
0.000558 -0.000840 1723.0
0.000558 -0.000841 1724.0
0.000558 -0.000841 1725.0
0.000557 -0.000841 1726.0
0.000557 -0.000841 1727.0
0.000557 -0.000842 1728.0
0.000557 -0.000842 1729.0
0.000557 -0.000842 1730.0
0.000557 -0.000843 1731.0
0.000557 -0.000843 1732.0
0.000557 -0.000843 1733.0
0.000556 -0.000843 1734.0
0.000556 -0.000844 1735.0
0.000556 -0.000844 1736.0
0.000556 -0.000844 1737.0
0.000556 -0.000845 1738.0
0.000556 -0.000845 1739.0
0.000556 -0.000845 1740.0
0.000555 -0.000845 1741.0
0.000555 -0.000846 1742.0
0.000555 -0.000846 1743.0
0.000555 -0.000846 1744.0
0.000555 -0.000846 1745.0
0.000555 -0.000847 1746.0
0.000555 -0.000847 1747.0
0.000554 -0.000847 1748.0
0.000554 -0.000848 1749.0
0.000554 -0.000848 1750.0
0.000554 -0.000848 1751.0
0.000554 -0.000848 1752.0
0.000554 -0.000849 1753.0
0.000554 -0.000849 1754.0
0.000553 -0.000849 1755.0
0.000553 -0.000850 1756.0
0.000553 -0.000850 1757.0
0.000553 -0.000850 1758.0
0.000553 -0.000850 1759.0
0.000553 -0.000851 1760.0
0.000553 -0.000851 1761.0
0.000553 -0.000851 1762.0
0.000552 -0.000852 1763.0
0.000552 -0.000852 1764.0
0.000552 -0.000852 1765.0
0.000552 -0.000852 1766.0
0.000552 -0.000853 1767.0
0.000552 -0.000853 1768.0
0.000552 -0.000853 1769.0
0.000551 -0.000854 1770.0
0.000551 -0.000854 1771.0
0.000551 -0.000854 1772.0
0.000551 -0.000854 1773.0
0.000551 -0.000855 1774.0
0.000551 -0.000855 1775.0
0.000551 -0.000855 1776.0
0.000550 -0.000856 1777.0
0.000549 -0.000854 1778.0
0.000549 -0.000854 1779.0
0.000549 -0.000854 1780.0
0.000549 -0.000854 1781.0
0.000549 -0.000854 1782.0
0.000549 -0.000854 1783.0
0.000549 -0.000854 1784.0
0.000549 -0.000854 1785.0
0.000549 -0.000854 1786.0
0.000549 -0.000854 1787.0
0.000549 -0.000854 1788.0
0.000549 -0.000854 1789.0
0.000549 -0.000854 1790.0
0.000549 -0.000854 1791.0
0.000549 -0.000854 1792.0
0.000549 -0.000854 1793.0
0.000549 -0.000854 1794.0
0.000549 -0.000854 1795.0
0.000549 -0.000854 1796.0
0.000549 -0.000854 1797.0
0.000549 -0.000854 1798.0
0.000549 -0.000854 1799.0
0.000549 -0.000854 1800.0
0.000549 -0.000854 1801.0
0.000549 -0.000854 1802.0
0.000549 -0.000854 1803.0
0.000549 -0.000854 1804.0
0.000549 -0.000854 1805.0
0.000549 -0.000854 1806.0
0.000549 -0.000854 1807.0
0.000549 -0.000854 1808.0
0.000549 -0.000854 1809.0
0.000549 -0.000854 1810.0
0.000549 -0.000854 1811.0
0.000549 -0.000854 1812.0
0.000549 -0.000854 1813.0
0.000549 -0.000854 1814.0
0.000549 -0.000854 1815.0
0.000549 -0.000854 1816.0
0.000549 -0.000854 1817.0
0.000549 -0.000854 1818.0
0.000549 -0.000854 1819.0
0.000549 -0.000854 1820.0
0.000549 -0.000854 1821.0
0.000549 -0.000854 1822.0
0.000549 -0.000854 1823.0
0.000549 -0.000854 1824.0
0.000549 -0.000854 1825.0
0.000549 -0.000854 1826.0
0.000549 -0.000854 1827.0
0.000549 -0.000854 1828.0
0.000549 -0.000854 1829.0
0.000549 -0.000855 1830.0
0.000549 -0.000855 1831.0
0.000548 -0.000855 1832.0
0.000548 -0.000856 1833.0
0.000548 -0.000856 1834.0
0.000548 -0.000856 1835.0
0.000547 -0.000857 1836.0
0.000547 -0.000857 1837.0
0.000547 -0.000857 1838.0
0.000547 -0.000858 1839.0
0.000546 -0.000858 1840.0
0.000546 -0.000859 1841.0
0.000546 -0.000859 1842.0
0.000545 -0.000859 1843.0
0.000545 -0.000860 1844.0
0.000545 -0.000860 1845.0
0.000545 -0.000860 1846.0
0.000544 -0.000861 1847.0
0.000544 -0.000861 1848.0
0.000544 -0.000861 1849.0
0.000544 -0.000862 1850.0
0.000543 -0.000861 1851.0
0.000543 -0.000861 1852.0
0.000543 -0.000860 1853.0
0.000543 -0.000860 1854.0
0.000543 -0.000860 1855.0
0.000543 -0.000860 1856.0
0.000543 -0.000860 1857.0
0.000543 -0.000860 1858.0
0.000543 -0.000859 1859.0
0.000544 -0.000859 1860.0
0.000544 -0.000859 1861.0
0.000544 -0.000859 1862.0
0.000544 -0.000859 1863.0
0.000544 -0.000858 1864.0
0.000544 -0.000858 1865.0
0.000544 -0.000858 1866.0
0.000544 -0.000858 1867.0
0.000544 -0.000858 1868.0
0.000544 -0.000857 1869.0
0.000544 -0.000857 1870.0
0.000544 -0.000857 1871.0
0.000544 -0.000857 1872.0
0.000544 -0.000857 1873.0
0.000544 -0.000857 1874.0
0.000544 -0.000856 1875.0
0.000544 -0.000856 1876.0
0.000545 -0.000856 1877.0
0.000545 -0.000856 1878.0
0.000545 -0.000856 1879.0
0.000545 -0.000855 1880.0
0.000545 -0.000855 1881.0
0.000545 -0.000855 1882.0
0.000545 -0.000855 1883.0
0.000545 -0.000855 1884.0
0.000545 -0.000854 1885.0
0.000545 -0.000854 1886.0
0.000545 -0.000854 1887.0
0.000545 -0.000854 1888.0
0.000545 -0.000854 1889.0
0.000545 -0.000854 1890.0
0.000545 -0.000853 1891.0
0.000545 -0.000853 1892.0
0.000545 -0.000853 1893.0
0.000546 -0.000853 1894.0
0.000546 -0.000853 1895.0
0.000546 -0.000852 1896.0
0.000546 -0.000852 1897.0
0.000546 -0.000852 1898.0
0.000546 -0.000852 1899.0
0.000546 -0.000852 1900.0
0.000546 -0.000852 1901.0
0.000547 -0.000852 1902.0
0.000547 -0.000852 1903.0
0.000548 -0.000851 1904.0
0.000548 -0.000851 1905.0
0.000548 -0.000851 1906.0
0.000549 -0.000851 1907.0
0.000549 -0.000851 1908.0
0.000549 -0.000850 1909.0
0.000550 -0.000850 1910.0
0.000550 -0.000850 1911.0
0.000550 -0.000850 1912.0
0.000551 -0.000850 1913.0
0.000551 -0.000849 1914.0
0.000551 -0.000849 1915.0
0.000552 -0.000849 1916.0
0.000552 -0.000849 1917.0
0.000552 -0.000849 1918.0
0.000553 -0.000848 1919.0
0.000553 -0.000848 1920.0
0.000553 -0.000848 1921.0
0.000554 -0.000848 1922.0
0.000554 -0.000848 1923.0
0.000554 -0.000848 1924.0
0.000555 -0.000847 1925.0
0.000555 -0.000847 1926.0
0.000556 -0.000847 1927.0
0.000556 -0.000847 1928.0
0.000556 -0.000847 1929.0
0.000557 -0.000846 1930.0
0.000557 -0.000846 1931.0
0.000557 -0.000846 1932.0
0.000558 -0.000846 1933.0
0.000558 -0.000846 1934.0
0.000558 -0.000845 1935.0
0.000559 -0.000845 1936.0
0.000559 -0.000845 1937.0
0.000559 -0.000845 1938.0
0.000560 -0.000845 1939.0
0.000560 -0.000844 1940.0
0.000560 -0.000844 1941.0
0.000561 -0.000844 1942.0
0.000561 -0.000844 1943.0
0.000561 -0.000844 1944.0
0.000562 -0.000843 1945.0
0.000562 -0.000843 1946.0
0.000562 -0.000843 1947.0
0.000563 -0.000843 1948.0
0.000563 -0.000843 1949.0
0.000564 -0.000843 1950.0
0.000564 -0.000842 1951.0
0.000564 -0.000842 1952.0
0.000565 -0.000842 1953.0
0.000565 -0.000842 1954.0
0.000565 -0.000842 1955.0
0.000566 -0.000841 1956.0
0.000566 -0.000841 1957.0
0.000566 -0.000841 1958.0
0.000567 -0.000841 1959.0
0.000567 -0.000841 1960.0
0.000567 -0.000840 1961.0
0.000568 -0.000840 1962.0
0.000568 -0.000840 1963.0
0.000568 -0.000840 1964.0
0.000569 -0.000840 1965.0
0.000569 -0.000839 1966.0
0.000569 -0.000839 1967.0
0.000570 -0.000839 1968.0
0.000570 -0.000839 1969.0
0.000570 -0.000839 1970.0
0.000571 -0.000838 1971.0
0.000571 -0.000838 1972.0
0.000571 -0.000838 1973.0
0.000572 -0.000838 1974.0
0.000572 -0.000838 1975.0
0.000573 -0.000838 1976.0
0.000573 -0.000837 1977.0
0.000573 -0.000837 1978.0
0.000574 -0.000837 1979.0
0.000574 -0.000837 1980.0
0.000574 -0.000837 1981.0
0.000575 -0.000836 1982.0
0.000575 -0.000836 1983.0
0.000575 -0.000836 1984.0
0.000576 -0.000836 1985.0
0.000576 -0.000836 1986.0
0.000576 -0.000835 1987.0
0.000577 -0.000835 1988.0
0.000577 -0.000835 1989.0
0.000577 -0.000835 1990.0
0.000578 -0.000835 1991.0
0.000578 -0.000834 1992.0
0.000578 -0.000834 1993.0
0.000579 -0.000834 1994.0
0.000579 -0.000834 1995.0
0.000579 -0.000834 1996.0
0.000580 -0.000833 1997.0
0.000581 -0.000837 1998.0
0.000582 -0.000837 1999.0
0.000583 -0.000836 2000.0
0.000583 -0.000836 2001.0
0.000584 -0.000836 2002.0
0.000585 -0.000836 2003.0
0.000586 -0.000836 2004.0
0.000587 -0.000835 2005.0
0.000588 -0.000835 2006.0
0.000589 -0.000835 2007.0
0.000590 -0.000835 2008.0
0.000591 -0.000834 2009.0
0.000591 -0.000834 2010.0
0.000592 -0.000834 2011.0
0.000593 -0.000834 2012.0
0.000594 -0.000834 2013.0
0.000595 -0.000833 2014.0
0.000596 -0.000833 2015.0
0.000597 -0.000833 2016.0
0.000598 -0.000833 2017.0
0.000598 -0.000833 2018.0
0.000599 -0.000832 2019.0
0.000600 -0.000832 2020.0
0.000601 -0.000832 2021.0
0.000602 -0.000832 2022.0
0.000603 -0.000832 2023.0
0.000604 -0.000831 2024.0
0.000605 -0.000831 2025.0
0.000605 -0.000831 2026.0
0.000606 -0.000831 2027.0
0.000607 -0.000831 2028.0
0.000608 -0.000830 2029.0
0.000609 -0.000830 2030.0
0.000610 -0.000830 2031.0
0.000611 -0.000830 2032.0
0.000612 -0.000829 2033.0
0.000612 -0.000829 2034.0
0.000613 -0.000829 2035.0
0.000614 -0.000829 2036.0
0.000615 -0.000829 2037.0
0.000616 -0.000828 2038.0
0.000617 -0.000828 2039.0
0.000618 -0.000828 2040.0
0.000619 -0.000828 2041.0
0.000619 -0.000828 2042.0
0.000620 -0.000827 2043.0
0.000621 -0.000827 2044.0
0.000622 -0.000827 2045.0
0.000623 -0.000827 2046.0
0.000624 -0.000827 2047.0
0.000625 -0.000826 2048.0
0.000626 -0.000826 2049.0
0.000626 -0.000826 2050.0
0.000627 -0.000826 2051.0
0.000628 -0.000826 2052.0
0.000629 -0.000825 2053.0
0.000630 -0.000825 2054.0
0.000631 -0.000825 2055.0
0.000632 -0.000825 2056.0
0.000633 -0.000824 2057.0
0.000633 -0.000827 2058.0
0.000634 -0.000827 2059.0
0.000635 -0.000827 2060.0
0.000635 -0.000827 2061.0
0.000636 -0.000827 2062.0
0.000637 -0.000827 2063.0
0.000638 -0.000827 2064.0
0.000639 -0.000827 2065.0
0.000639 -0.000828 2066.0
0.000640 -0.000828 2067.0
0.000641 -0.000828 2068.0
0.000642 -0.000828 2069.0
0.000643 -0.000828 2070.0
0.000644 -0.000828 2071.0
0.000644 -0.000828 2072.0
0.000645 -0.000828 2073.0
0.000646 -0.000828 2074.0
0.000647 -0.000828 2075.0
0.000648 -0.000828 2076.0
0.000649 -0.000828 2077.0
0.000649 -0.000829 2078.0
0.000650 -0.000829 2079.0
0.000651 -0.000829 2080.0
0.000652 -0.000829 2081.0
0.000653 -0.000829 2082.0
0.000654 -0.000829 2083.0
0.000654 -0.000829 2084.0
0.000655 -0.000829 2085.0
0.000656 -0.000829 2086.0
0.000657 -0.000829 2087.0
0.000658 -0.000829 2088.0
0.000659 -0.000829 2089.0
0.000659 -0.000830 2090.0
0.000660 -0.000830 2091.0
0.000661 -0.000830 2092.0
0.000662 -0.000830 2093.0
0.000663 -0.000830 2094.0
0.000664 -0.000830 2095.0
0.000664 -0.000830 2096.0
0.000665 -0.000830 2097.0
0.000666 -0.000830 2098.0
0.000667 -0.000830 2099.0
0.000668 -0.000830 2100.0
0.000668 -0.000830 2101.0
0.000669 -0.000830 2102.0
0.000670 -0.000831 2103.0
0.000671 -0.000831 2104.0
0.000672 -0.000831 2105.0
0.000673 -0.000831 2106.0
0.000673 -0.000831 2107.0
0.000674 -0.000831 2108.0
0.000675 -0.000831 2109.0
0.000676 -0.000831 2110.0
0.000677 -0.000831 2111.0
0.000678 -0.000831 2112.0
0.000678 -0.000831 2113.0
0.000679 -0.000831 2114.0
0.000680 -0.000832 2115.0
0.000681 -0.000832 2116.0
0.000682 -0.000832 2117.0
0.000683 -0.000832 2118.0
0.000683 -0.000831 2119.0
0.000683 -0.000830 2120.0
0.000683 -0.000830 2121.0
0.000683 -0.000829 2122.0
0.000683 -0.000829 2123.0
0.000683 -0.000828 2124.0
0.000683 -0.000828 2125.0
0.000683 -0.000827 2126.0
0.000683 -0.000827 2127.0
0.000683 -0.000826 2128.0
0.000684 -0.000826 2129.0
0.000684 -0.000825 2130.0
0.000684 -0.000825 2131.0
0.000684 -0.000824 2132.0
0.000684 -0.000824 2133.0
0.000684 -0.000823 2134.0
0.000684 -0.000823 2135.0
0.000684 -0.000822 2136.0
0.000684 -0.000822 2137.0
0.000684 -0.000821 2138.0
0.000685 -0.000821 2139.0
0.000685 -0.000820 2140.0
0.000685 -0.000820 2141.0
0.000685 -0.000819 2142.0
0.000685 -0.000819 2143.0
0.000685 -0.000818 2144.0
0.000685 -0.000818 2145.0
0.000685 -0.000817 2146.0
0.000685 -0.000817 2147.0
0.000685 -0.000816 2148.0
0.000686 -0.000816 2149.0
0.000686 -0.000815 2150.0
0.000686 -0.000814 2151.0
0.000686 -0.000814 2152.0
0.000686 -0.000813 2153.0
0.000686 -0.000813 2154.0
0.000686 -0.000812 2155.0
0.000686 -0.000812 2156.0
0.000686 -0.000811 2157.0
0.000686 -0.000811 2158.0
0.000686 -0.000810 2159.0
0.000687 -0.000810 2160.0
0.000687 -0.000809 2161.0
0.000687 -0.000809 2162.0
0.000687 -0.000808 2163.0
0.000687 -0.000808 2164.0
0.000687 -0.000807 2165.0
0.000687 -0.000807 2166.0
0.000687 -0.000806 2167.0
0.000687 -0.000806 2168.0
0.000687 -0.000805 2169.0
0.000688 -0.000805 2170.0
0.000688 -0.000804 2171.0
0.000688 -0.000804 2172.0
0.000688 -0.000803 2173.0
0.000688 -0.000803 2174.0
0.000688 -0.000802 2175.0
0.000688 -0.000802 2176.0
0.000688 -0.000801 2177.0
0.000688 -0.000801 2178.0
0.000690 -0.000801 2179.0
0.000690 -0.000800 2180.0
0.000690 -0.000799 2181.0
0.000690 -0.000798 2182.0
0.000690 -0.000797 2183.0
0.000690 -0.000796 2184.0
0.000690 -0.000795 2185.0
0.000690 -0.000794 2186.0
0.000690 -0.000793 2187.0
0.000691 -0.000793 2188.0
0.000691 -0.000792 2189.0
0.000691 -0.000791 2190.0
0.000691 -0.000790 2191.0
0.000691 -0.000789 2192.0
0.000691 -0.000788 2193.0
0.000691 -0.000787 2194.0
0.000691 -0.000786 2195.0
0.000691 -0.000785 2196.0
0.000691 -0.000784 2197.0
0.000692 -0.000783 2198.0
0.000692 -0.000782 2199.0
0.000692 -0.000781 2200.0
0.000692 -0.000780 2201.0
0.000692 -0.000779 2202.0
0.000692 -0.000778 2203.0
0.000692 -0.000777 2204.0
0.000692 -0.000776 2205.0
0.000692 -0.000775 2206.0
0.000692 -0.000774 2207.0
0.000693 -0.000773 2208.0
0.000693 -0.000772 2209.0
0.000693 -0.000771 2210.0
0.000693 -0.000770 2211.0
0.000693 -0.000769 2212.0
0.000693 -0.000768 2213.0
0.000693 -0.000767 2214.0
0.000693 -0.000766 2215.0
0.000693 -0.000765 2216.0
0.000693 -0.000765 2217.0
0.000693 -0.000764 2218.0
0.000694 -0.000763 2219.0
0.000694 -0.000762 2220.0
0.000694 -0.000761 2221.0
0.000694 -0.000760 2222.0
0.000694 -0.000759 2223.0
0.000694 -0.000758 2224.0
0.000694 -0.000757 2225.0
0.000694 -0.000756 2226.0
0.000694 -0.000755 2227.0
0.000694 -0.000754 2228.0
0.000695 -0.000753 2229.0
0.000695 -0.000752 2230.0
0.000695 -0.000751 2231.0
0.000695 -0.000750 2232.0
0.000695 -0.000749 2233.0
0.000695 -0.000748 2234.0
0.000695 -0.000747 2235.0
0.000695 -0.000746 2236.0
0.000695 -0.000745 2237.0
0.000695 -0.000744 2238.0
0.000696 -0.000743 2239.0
0.000697 -0.000744 2240.0
0.000697 -0.000743 2241.0
0.000697 -0.000743 2242.0
0.000698 -0.000742 2243.0
0.000698 -0.000742 2244.0
0.000698 -0.000742 2245.0
0.000698 -0.000741 2246.0
0.000699 -0.000741 2247.0
0.000699 -0.000741 2248.0
0.000699 -0.000740 2249.0
0.000699 -0.000740 2250.0
0.000700 -0.000740 2251.0
0.000700 -0.000739 2252.0
0.000700 -0.000739 2253.0
0.000700 -0.000739 2254.0
0.000701 -0.000738 2255.0
0.000701 -0.000738 2256.0
0.000701 -0.000738 2257.0
0.000701 -0.000737 2258.0
0.000702 -0.000737 2259.0
0.000702 -0.000737 2260.0
0.000702 -0.000736 2261.0
0.000702 -0.000736 2262.0
0.000702 -0.000736 2263.0
0.000703 -0.000735 2264.0
0.000703 -0.000735 2265.0
0.000703 -0.000735 2266.0
0.000703 -0.000734 2267.0
0.000704 -0.000734 2268.0
0.000704 -0.000734 2269.0
0.000704 -0.000733 2270.0
0.000704 -0.000733 2271.0
0.000705 -0.000732 2272.0
0.000705 -0.000732 2273.0
0.000705 -0.000732 2274.0
0.000705 -0.000731 2275.0
0.000706 -0.000731 2276.0
0.000706 -0.000731 2277.0
0.000706 -0.000730 2278.0
0.000706 -0.000730 2279.0
0.000707 -0.000730 2280.0
0.000707 -0.000729 2281.0
0.000707 -0.000729 2282.0
0.000707 -0.000729 2283.0
0.000708 -0.000728 2284.0
0.000708 -0.000728 2285.0
0.000708 -0.000728 2286.0
0.000708 -0.000727 2287.0
0.000708 -0.000727 2288.0
0.000709 -0.000727 2289.0
0.000709 -0.000726 2290.0
0.000709 -0.000726 2291.0
0.000709 -0.000726 2292.0
0.000710 -0.000725 2293.0
0.000710 -0.000725 2294.0
0.000710 -0.000725 2295.0
0.000710 -0.000724 2296.0
0.000711 -0.000724 2297.0
0.000711 -0.000723 2298.0
0.000711 -0.000723 2299.0
0.000713 -0.000725 2300.0
0.000713 -0.000725 2301.0
0.000714 -0.000726 2302.0
0.000714 -0.000726 2303.0
0.000715 -0.000726 2304.0
0.000716 -0.000726 2305.0
0.000716 -0.000726 2306.0
0.000717 -0.000726 2307.0
0.000717 -0.000726 2308.0
0.000718 -0.000727 2309.0
0.000718 -0.000727 2310.0
0.000719 -0.000727 2311.0
0.000719 -0.000727 2312.0
0.000720 -0.000727 2313.0
0.000720 -0.000727 2314.0
0.000721 -0.000727 2315.0
0.000722 -0.000727 2316.0
0.000722 -0.000728 2317.0
0.000723 -0.000728 2318.0
0.000723 -0.000728 2319.0
0.000724 -0.000728 2320.0
0.000724 -0.000728 2321.0
0.000725 -0.000728 2322.0
0.000725 -0.000728 2323.0
0.000726 -0.000729 2324.0
0.000726 -0.000729 2325.0
0.000727 -0.000729 2326.0
0.000727 -0.000729 2327.0
0.000728 -0.000729 2328.0
0.000729 -0.000729 2329.0
0.000729 -0.000729 2330.0
0.000730 -0.000730 2331.0
0.000730 -0.000730 2332.0
0.000731 -0.000730 2333.0
0.000731 -0.000730 2334.0
0.000732 -0.000730 2335.0
0.000732 -0.000730 2336.0
0.000733 -0.000730 2337.0
0.000733 -0.000730 2338.0
0.000734 -0.000731 2339.0
0.000734 -0.000731 2340.0
0.000735 -0.000731 2341.0
0.000736 -0.000731 2342.0
0.000736 -0.000731 2343.0
0.000737 -0.000731 2344.0
0.000737 -0.000731 2345.0
0.000738 -0.000732 2346.0
0.000738 -0.000732 2347.0
0.000739 -0.000732 2348.0
0.000739 -0.000732 2349.0
0.000740 -0.000732 2350.0
0.000740 -0.000732 2351.0
0.000741 -0.000732 2352.0
0.000742 -0.000733 2353.0
0.000742 -0.000733 2354.0
0.000743 -0.000733 2355.0
0.000743 -0.000733 2356.0
0.000744 -0.000733 2357.0
0.000744 -0.000733 2358.0
0.000745 -0.000733 2359.0
0.000745 -0.000733 2360.0
0.000746 -0.000734 2361.0
0.000746 -0.000734 2362.0
0.000747 -0.000734 2363.0
0.000747 -0.000732 2364.0
0.000748 -0.000732 2365.0
0.000748 -0.000732 2366.0
0.000749 -0.000733 2367.0
0.000749 -0.000733 2368.0
0.000750 -0.000733 2369.0
0.000750 -0.000733 2370.0
0.000751 -0.000733 2371.0
0.000751 -0.000733 2372.0
0.000752 -0.000733 2373.0
0.000752 -0.000733 2374.0
0.000752 -0.000733 2375.0
0.000753 -0.000733 2376.0
0.000753 -0.000734 2377.0
0.000754 -0.000734 2378.0
0.000754 -0.000734 2379.0
0.000755 -0.000734 2380.0
0.000755 -0.000734 2381.0
0.000756 -0.000734 2382.0
0.000756 -0.000734 2383.0
0.000757 -0.000734 2384.0
0.000757 -0.000734 2385.0
0.000758 -0.000734 2386.0
0.000758 -0.000735 2387.0
0.000759 -0.000735 2388.0
0.000759 -0.000735 2389.0
0.000760 -0.000735 2390.0
0.000760 -0.000735 2391.0
0.000761 -0.000735 2392.0
0.000761 -0.000735 2393.0
0.000762 -0.000735 2394.0
0.000762 -0.000735 2395.0
0.000763 -0.000736 2396.0
0.000763 -0.000736 2397.0
0.000764 -0.000736 2398.0
0.000764 -0.000736 2399.0
0.000765 -0.000736 2400.0
0.000765 -0.000736 2401.0
0.000765 -0.000736 2402.0
0.000766 -0.000736 2403.0
0.000766 -0.000736 2404.0
0.000767 -0.000736 2405.0
0.000767 -0.000737 2406.0
0.000768 -0.000737 2407.0
0.000768 -0.000737 2408.0
0.000769 -0.000737 2409.0
0.000769 -0.000737 2410.0
0.000770 -0.000737 2411.0
0.000770 -0.000737 2412.0
0.000771 -0.000737 2413.0
0.000771 -0.000737 2414.0
0.000772 -0.000738 2415.0
0.000772 -0.000738 2416.0
0.000773 -0.000738 2417.0
0.000773 -0.000738 2418.0
0.000774 -0.000738 2419.0
0.000774 -0.000738 2420.0
0.000775 -0.000738 2421.0
0.000775 -0.000738 2422.0
0.000776 -0.000738 2423.0
0.000776 -0.000738 2424.0
0.000777 -0.000739 2425.0
0.000777 -0.000739 2426.0
0.000777 -0.000737 2427.0
0.000777 -0.000737 2428.0
0.000777 -0.000736 2429.0
0.000778 -0.000736 2430.0
0.000778 -0.000736 2431.0
0.000778 -0.000735 2432.0
0.000778 -0.000735 2433.0
0.000778 -0.000734 2434.0
0.000778 -0.000734 2435.0
0.000778 -0.000733 2436.0
0.000778 -0.000733 2437.0
0.000778 -0.000732 2438.0
0.000779 -0.000732 2439.0
0.000779 -0.000731 2440.0
0.000779 -0.000731 2441.0
0.000779 -0.000731 2442.0
0.000779 -0.000730 2443.0
0.000779 -0.000730 2444.0
0.000779 -0.000729 2445.0
0.000779 -0.000729 2446.0
0.000779 -0.000728 2447.0
0.000779 -0.000728 2448.0
0.000780 -0.000727 2449.0
0.000780 -0.000727 2450.0
0.000780 -0.000726 2451.0
0.000780 -0.000726 2452.0
0.000780 -0.000725 2453.0
0.000780 -0.000725 2454.0
0.000780 -0.000725 2455.0
0.000780 -0.000724 2456.0
0.000780 -0.000724 2457.0
0.000781 -0.000723 2458.0
0.000781 -0.000723 2459.0
0.000781 -0.000722 2460.0
0.000781 -0.000722 2461.0
0.000781 -0.000721 2462.0
0.000781 -0.000721 2463.0
0.000781 -0.000720 2464.0
0.000781 -0.000720 2465.0
0.000781 -0.000720 2466.0
0.000782 -0.000719 2467.0
0.000782 -0.000719 2468.0
0.000782 -0.000718 2469.0
0.000782 -0.000718 2470.0
0.000782 -0.000717 2471.0
0.000782 -0.000717 2472.0
0.000782 -0.000716 2473.0
0.000782 -0.000716 2474.0
0.000782 -0.000715 2475.0
0.000783 -0.000715 2476.0
0.000783 -0.000714 2477.0
0.000783 -0.000714 2478.0
0.000783 -0.000714 2479.0
0.000783 -0.000713 2480.0
0.000784 -0.000714 2481.0
0.000784 -0.000714 2482.0
0.000784 -0.000714 2483.0
0.000784 -0.000714 2484.0
0.000784 -0.000714 2485.0
0.000784 -0.000714 2486.0
0.000784 -0.000714 2487.0
0.000784 -0.000714 2488.0
0.000784 -0.000714 2489.0
0.000784 -0.000714 2490.0
0.000784 -0.000714 2491.0
0.000784 -0.000714 2492.0
0.000784 -0.000714 2493.0
0.000784 -0.000714 2494.0
0.000784 -0.000714 2495.0
0.000784 -0.000714 2496.0
0.000784 -0.000714 2497.0
0.000784 -0.000714 2498.0
0.000784 -0.000714 2499.0
0.000784 -0.000714 2500.0
0.000784 -0.000714 2501.0
0.000785 -0.000714 2502.0
0.000785 -0.000714 2503.0
0.000785 -0.000714 2504.0
0.000785 -0.000714 2505.0
0.000785 -0.000714 2506.0
0.000785 -0.000714 2507.0
0.000785 -0.000714 2508.0
0.000785 -0.000714 2509.0
0.000785 -0.000714 2510.0
0.000785 -0.000714 2511.0
0.000785 -0.000714 2512.0
0.000785 -0.000714 2513.0
0.000785 -0.000714 2514.0
0.000785 -0.000714 2515.0
0.000785 -0.000714 2516.0
0.000785 -0.000714 2517.0
0.000785 -0.000714 2518.0
0.000785 -0.000714 2519.0
0.000785 -0.000714 2520.0
0.000785 -0.000714 2521.0
0.000785 -0.000714 2522.0
0.000785 -0.000714 2523.0
0.000785 -0.000714 2524.0
0.000785 -0.000714 2525.0
0.000785 -0.000713 2526.0
0.000785 -0.000713 2527.0
0.000784 -0.000713 2528.0
0.000784 -0.000713 2529.0
0.000784 -0.000712 2530.0
0.000784 -0.000712 2531.0
0.000784 -0.000712 2532.0
0.000784 -0.000712 2533.0
0.000784 -0.000711 2534.0
0.000784 -0.000711 2535.0
0.000784 -0.000711 2536.0
0.000784 -0.000711 2537.0
0.000784 -0.000710 2538.0
0.000784 -0.000710 2539.0
0.000784 -0.000710 2540.0
0.000784 -0.000710 2541.0
0.000784 -0.000710 2542.0
0.000784 -0.000709 2543.0
0.000784 -0.000709 2544.0
0.000784 -0.000709 2545.0
0.000784 -0.000709 2546.0
0.000783 -0.000708 2547.0
0.000783 -0.000708 2548.0
0.000783 -0.000708 2549.0
0.000783 -0.000708 2550.0
0.000783 -0.000707 2551.0
0.000783 -0.000707 2552.0
0.000783 -0.000707 2553.0
0.000783 -0.000707 2554.0
0.000783 -0.000706 2555.0
0.000783 -0.000706 2556.0
0.000783 -0.000706 2557.0
0.000783 -0.000706 2558.0
0.000783 -0.000705 2559.0
0.000783 -0.000705 2560.0
0.000783 -0.000705 2561.0
0.000783 -0.000705 2562.0
0.000783 -0.000704 2563.0
0.000783 -0.000704 2564.0
0.000782 -0.000704 2565.0
0.000782 -0.000704 2566.0
0.000782 -0.000704 2567.0
0.000782 -0.000703 2568.0
0.000782 -0.000703 2569.0
0.000782 -0.000703 2570.0
0.000782 -0.000703 2571.0
0.000782 -0.000702 2572.0
0.000782 -0.000702 2573.0
0.000782 -0.000702 2574.0
0.000782 -0.000702 2575.0
0.000782 -0.000701 2576.0
0.000782 -0.000701 2577.0
0.000782 -0.000701 2578.0
0.000782 -0.000701 2579.0
0.000782 -0.000700 2580.0
0.000782 -0.000700 2581.0
0.000782 -0.000700 2582.0
0.000781 -0.000700 2583.0
0.000781 -0.000699 2584.0
0.000781 -0.000698 2585.0
0.000781 -0.000698 2586.0
0.000781 -0.000697 2587.0
0.000781 -0.000696 2588.0
0.000781 -0.000695 2589.0
0.000781 -0.000694 2590.0
0.000781 -0.000693 2591.0
0.000781 -0.000692 2592.0
0.000781 -0.000691 2593.0
0.000781 -0.000691 2594.0
0.000781 -0.000690 2595.0
0.000781 -0.000689 2596.0
0.000781 -0.000688 2597.0
0.000781 -0.000687 2598.0
0.000781 -0.000686 2599.0
0.000781 -0.000685 2600.0
0.000781 -0.000684 2601.0
0.000781 -0.000684 2602.0
0.000781 -0.000683 2603.0
0.000781 -0.000682 2604.0
0.000781 -0.000681 2605.0
0.000781 -0.000680 2606.0
0.000781 -0.000679 2607.0
0.000781 -0.000678 2608.0
0.000781 -0.000677 2609.0
0.000781 -0.000677 2610.0
0.000781 -0.000676 2611.0
0.000781 -0.000675 2612.0
0.000781 -0.000674 2613.0
0.000781 -0.000673 2614.0
0.000781 -0.000672 2615.0
0.000781 -0.000671 2616.0
0.000781 -0.000670 2617.0
0.000781 -0.000670 2618.0
0.000781 -0.000669 2619.0
0.000781 -0.000668 2620.0
0.000781 -0.000667 2621.0
0.000780 -0.000666 2622.0
0.000780 -0.000665 2623.0
0.000780 -0.000664 2624.0
0.000780 -0.000663 2625.0
0.000780 -0.000662 2626.0
0.000780 -0.000662 2627.0
0.000780 -0.000661 2628.0
0.000780 -0.000660 2629.0
0.000780 -0.000659 2630.0
0.000780 -0.000658 2631.0
0.000780 -0.000657 2632.0
0.000780 -0.000656 2633.0
0.000780 -0.000655 2634.0
0.000780 -0.000655 2635.0
0.000780 -0.000654 2636.0
0.000780 -0.000653 2637.0
0.000780 -0.000652 2638.0
0.000780 -0.000651 2639.0
0.000780 -0.000650 2640.0
0.000780 -0.000649 2641.0
0.000780 -0.000648 2642.0
0.000780 -0.000648 2643.0
0.000780 -0.000648 2644.0
0.000779 -0.000648 2645.0
0.000779 -0.000647 2646.0
0.000779 -0.000647 2647.0
0.000778 -0.000647 2648.0
0.000778 -0.000646 2649.0
0.000777 -0.000646 2650.0
0.000777 -0.000645 2651.0
0.000777 -0.000645 2652.0
0.000776 -0.000645 2653.0
0.000776 -0.000644 2654.0
0.000775 -0.000644 2655.0
0.000775 -0.000644 2656.0
0.000775 -0.000643 2657.0
0.000774 -0.000643 2658.0
0.000774 -0.000643 2659.0
0.000773 -0.000642 2660.0
0.000773 -0.000642 2661.0
0.000773 -0.000641 2662.0
0.000772 -0.000641 2663.0
0.000772 -0.000641 2664.0
0.000772 -0.000640 2665.0
0.000771 -0.000640 2666.0
0.000771 -0.000640 2667.0
0.000770 -0.000639 2668.0
0.000770 -0.000639 2669.0
0.000770 -0.000639 2670.0
0.000769 -0.000638 2671.0
0.000769 -0.000638 2672.0
0.000768 -0.000637 2673.0
0.000768 -0.000637 2674.0
0.000768 -0.000637 2675.0
0.000767 -0.000636 2676.0
0.000767 -0.000636 2677.0
0.000766 -0.000636 2678.0
0.000766 -0.000635 2679.0
0.000766 -0.000635 2680.0
0.000765 -0.000635 2681.0
0.000765 -0.000634 2682.0
0.000764 -0.000634 2683.0
0.000764 -0.000633 2684.0
0.000764 -0.000633 2685.0
0.000763 -0.000633 2686.0
0.000763 -0.000632 2687.0
0.000762 -0.000632 2688.0
0.000762 -0.000632 2689.0
0.000762 -0.000631 2690.0
0.000761 -0.000631 2691.0
0.000761 -0.000631 2692.0
0.000761 -0.000630 2693.0
0.000760 -0.000630 2694.0
0.000760 -0.000629 2695.0
0.000759 -0.000629 2696.0
0.000759 -0.000629 2697.0
0.000759 -0.000628 2698.0
0.000758 -0.000628 2699.0
0.000758 -0.000628 2700.0
0.000757 -0.000627 2701.0
0.000757 -0.000627 2702.0
0.000755 -0.000630 2703.0
0.000755 -0.000630 2704.0
0.000754 -0.000630 2705.0
0.000753 -0.000629 2706.0
0.000752 -0.000629 2707.0
0.000752 -0.000629 2708.0
0.000751 -0.000629 2709.0
0.000750 -0.000629 2710.0
0.000750 -0.000629 2711.0
0.000749 -0.000628 2712.0
0.000748 -0.000628 2713.0
0.000747 -0.000628 2714.0
0.000747 -0.000628 2715.0
0.000746 -0.000628 2716.0
0.000745 -0.000627 2717.0
0.000745 -0.000627 2718.0
0.000744 -0.000627 2719.0
0.000743 -0.000627 2720.0
0.000742 -0.000627 2721.0
0.000742 -0.000627 2722.0
0.000741 -0.000626 2723.0
0.000740 -0.000626 2724.0
0.000740 -0.000626 2725.0
0.000739 -0.000626 2726.0
0.000738 -0.000626 2727.0
0.000737 -0.000625 2728.0
0.000737 -0.000625 2729.0
0.000736 -0.000625 2730.0
0.000735 -0.000625 2731.0
0.000735 -0.000625 2732.0
0.000734 -0.000625 2733.0
0.000733 -0.000624 2734.0
0.000732 -0.000624 2735.0
0.000732 -0.000624 2736.0
0.000732 -0.000625 2737.0
0.000731 -0.000625 2738.0
0.000731 -0.000625 2739.0
0.000731 -0.000625 2740.0
0.000731 -0.000625 2741.0
0.000731 -0.000625 2742.0
0.000730 -0.000625 2743.0
0.000730 -0.000625 2744.0
0.000730 -0.000625 2745.0
0.000730 -0.000625 2746.0
0.000730 -0.000625 2747.0
0.000729 -0.000625 2748.0
0.000729 -0.000625 2749.0
0.000729 -0.000625 2750.0
0.000729 -0.000625 2751.0
0.000729 -0.000624 2752.0
0.000728 -0.000624 2753.0
0.000728 -0.000624 2754.0
0.000728 -0.000624 2755.0
0.000728 -0.000624 2756.0
0.000728 -0.000624 2757.0
0.000727 -0.000624 2758.0
0.000727 -0.000624 2759.0
0.000727 -0.000624 2760.0
0.000727 -0.000624 2761.0
0.000727 -0.000624 2762.0
0.000727 -0.000624 2763.0
0.000726 -0.000624 2764.0
0.000726 -0.000624 2765.0
0.000726 -0.000624 2766.0
0.000726 -0.000624 2767.0
0.000726 -0.000624 2768.0
0.000725 -0.000624 2769.0
0.000725 -0.000624 2770.0
0.000725 -0.000624 2771.0
0.000725 -0.000624 2772.0
0.000725 -0.000623 2773.0
0.000724 -0.000623 2774.0
0.000724 -0.000623 2775.0
0.000724 -0.000623 2776.0
0.000724 -0.000623 2777.0
0.000724 -0.000623 2778.0
0.000723 -0.000623 2779.0
0.000723 -0.000623 2780.0
0.000723 -0.000623 2781.0
0.000723 -0.000623 2782.0
0.000723 -0.000623 2783.0
0.000722 -0.000623 2784.0
0.000722 -0.000623 2785.0
0.000722 -0.000623 2786.0
0.000722 -0.000623 2787.0
0.000722 -0.000623 2788.0
0.000721 -0.000623 2789.0
0.000721 -0.000623 2790.0
0.000721 -0.000623 2791.0
0.000721 -0.000623 2792.0
0.000721 -0.000623 2793.0
0.000720 -0.000622 2794.0
0.000720 -0.000623 2795.0
0.000720 -0.000623 2796.0
0.000719 -0.000623 2797.0
0.000719 -0.000623 2798.0
0.000719 -0.000623 2799.0
0.000718 -0.000622 2800.0
0.000718 -0.000622 2801.0
0.000717 -0.000622 2802.0
0.000717 -0.000622 2803.0
0.000716 -0.000622 2804.0
0.000716 -0.000622 2805.0
0.000715 -0.000622 2806.0
0.000715 -0.000622 2807.0
0.000714 -0.000622 2808.0
0.000714 -0.000621 2809.0
0.000714 -0.000621 2810.0
0.000713 -0.000621 2811.0
0.000713 -0.000621 2812.0
0.000712 -0.000621 2813.0
0.000712 -0.000621 2814.0
0.000711 -0.000621 2815.0
0.000711 -0.000621 2816.0
0.000710 -0.000621 2817.0
0.000710 -0.000620 2818.0
0.000709 -0.000620 2819.0
0.000709 -0.000620 2820.0
0.000709 -0.000620 2821.0
0.000708 -0.000620 2822.0
0.000708 -0.000620 2823.0
0.000707 -0.000620 2824.0
0.000707 -0.000620 2825.0
0.000706 -0.000620 2826.0
0.000706 -0.000620 2827.0
0.000705 -0.000619 2828.0
0.000705 -0.000619 2829.0
0.000704 -0.000619 2830.0
0.000704 -0.000619 2831.0
0.000703 -0.000619 2832.0
0.000703 -0.000619 2833.0
0.000703 -0.000619 2834.0
0.000702 -0.000619 2835.0
0.000702 -0.000619 2836.0
0.000701 -0.000618 2837.0
0.000701 -0.000618 2838.0
0.000700 -0.000618 2839.0
0.000700 -0.000618 2840.0
0.000699 -0.000618 2841.0
0.000699 -0.000618 2842.0
0.000698 -0.000618 2843.0
0.000698 -0.000618 2844.0
0.000698 -0.000618 2845.0
0.000697 -0.000617 2846.0
0.000697 -0.000617 2847.0
0.000696 -0.000617 2848.0
0.000696 -0.000617 2849.0
0.000695 -0.000617 2850.0
0.000695 -0.000617 2851.0
0.000694 -0.000617 2852.0
0.000694 -0.000617 2853.0
0.000693 -0.000617 2854.0
0.000693 -0.000618 2855.0
0.000693 -0.000617 2856.0
0.000693 -0.000617 2857.0
0.000693 -0.000616 2858.0
0.000693 -0.000616 2859.0
0.000693 -0.000616 2860.0
0.000693 -0.000615 2861.0
0.000693 -0.000615 2862.0
0.000692 -0.000614 2863.0
0.000692 -0.000614 2864.0
0.000692 -0.000613 2865.0
0.000692 -0.000613 2866.0
0.000692 -0.000612 2867.0
0.000692 -0.000612 2868.0
0.000692 -0.000611 2869.0
0.000692 -0.000611 2870.0
0.000692 -0.000611 2871.0
0.000692 -0.000610 2872.0
0.000692 -0.000610 2873.0
0.000691 -0.000609 2874.0
0.000691 -0.000609 2875.0
0.000691 -0.000608 2876.0
0.000691 -0.000608 2877.0
0.000691 -0.000607 2878.0
0.000691 -0.000607 2879.0
0.000691 -0.000606 2880.0
0.000691 -0.000606 2881.0
0.000691 -0.000606 2882.0
0.000691 -0.000605 2883.0
0.000691 -0.000605 2884.0
0.000690 -0.000604 2885.0
0.000690 -0.000604 2886.0
0.000690 -0.000603 2887.0
0.000690 -0.000603 2888.0
0.000690 -0.000602 2889.0
0.000690 -0.000602 2890.0
0.000690 -0.000601 2891.0
0.000690 -0.000601 2892.0
0.000690 -0.000601 2893.0
0.000690 -0.000600 2894.0
0.000690 -0.000600 2895.0
0.000689 -0.000599 2896.0
0.000689 -0.000599 2897.0
0.000689 -0.000598 2898.0
0.000689 -0.000598 2899.0
0.000689 -0.000597 2900.0
0.000689 -0.000597 2901.0
0.000689 -0.000596 2902.0
0.000689 -0.000596 2903.0
0.000689 -0.000596 2904.0
0.000689 -0.000595 2905.0
0.000688 -0.000595 2906.0
0.000688 -0.000594 2907.0
0.000688 -0.000594 2908.0
0.000688 -0.000593 2909.0
0.000688 -0.000593 2910.0
0.000688 -0.000592 2911.0
0.000688 -0.000592 2912.0
0.000688 -0.000591 2913.0
0.000688 -0.000591 2914.0
0.000688 -0.000590 2915.0
0.000686 -0.000591 2916.0
0.000685 -0.000591 2917.0
0.000685 -0.000591 2918.0
0.000684 -0.000590 2919.0
0.000683 -0.000590 2920.0
0.000682 -0.000590 2921.0
0.000681 -0.000590 2922.0
0.000680 -0.000589 2923.0
0.000680 -0.000589 2924.0
0.000679 -0.000589 2925.0
0.000678 -0.000589 2926.0
0.000677 -0.000588 2927.0
0.000676 -0.000588 2928.0
0.000675 -0.000588 2929.0
0.000675 -0.000588 2930.0
0.000674 -0.000588 2931.0
0.000673 -0.000587 2932.0
0.000672 -0.000587 2933.0
0.000671 -0.000587 2934.0
0.000670 -0.000587 2935.0
0.000669 -0.000586 2936.0
0.000669 -0.000586 2937.0
0.000668 -0.000586 2938.0
0.000667 -0.000586 2939.0
0.000666 -0.000586 2940.0
0.000665 -0.000585 2941.0
0.000664 -0.000585 2942.0
0.000664 -0.000585 2943.0
0.000663 -0.000585 2944.0
0.000662 -0.000584 2945.0
0.000661 -0.000584 2946.0
0.000660 -0.000584 2947.0
0.000659 -0.000584 2948.0
0.000658 -0.000583 2949.0
0.000658 -0.000583 2950.0
0.000657 -0.000583 2951.0
0.000656 -0.000583 2952.0
0.000655 -0.000583 2953.0
0.000654 -0.000582 2954.0
0.000653 -0.000582 2955.0
0.000653 -0.000582 2956.0
0.000652 -0.000582 2957.0
0.000651 -0.000581 2958.0
0.000650 -0.000581 2959.0
0.000649 -0.000581 2960.0
0.000648 -0.000581 2961.0
0.000648 -0.000580 2962.0
0.000647 -0.000580 2963.0
0.000646 -0.000580 2964.0
0.000645 -0.000580 2965.0
0.000644 -0.000580 2966.0
0.000643 -0.000579 2967.0
0.000642 -0.000579 2968.0
0.000642 -0.000579 2969.0
0.000641 -0.000579 2970.0
0.000640 -0.000578 2971.0
0.000639 -0.000578 2972.0
0.000638 -0.000578 2973.0
0.000637 -0.000578 2974.0
0.000637 -0.000578 2975.0
0.000636 -0.000580 2976.0
0.000636 -0.000580 2977.0
0.000635 -0.000580 2978.0
0.000635 -0.000580 2979.0
0.000635 -0.000580 2980.0
0.000634 -0.000580 2981.0
0.000634 -0.000580 2982.0
0.000633 -0.000581 2983.0
0.000633 -0.000581 2984.0
0.000633 -0.000581 2985.0
0.000632 -0.000581 2986.0
0.000632 -0.000581 2987.0
0.000631 -0.000581 2988.0
0.000631 -0.000581 2989.0
0.000631 -0.000581 2990.0
0.000630 -0.000581 2991.0
0.000630 -0.000581 2992.0
0.000629 -0.000581 2993.0
0.000629 -0.000581 2994.0
0.000629 -0.000581 2995.0
0.000628 -0.000581 2996.0
0.000628 -0.000581 2997.0
0.000627 -0.000581 2998.0
0.000627 -0.000581 2999.0
0.000627 -0.000581 3000.0
0.000626 -0.000581 3001.0
0.000626 -0.000581 3002.0
0.000625 -0.000581 3003.0
0.000625 -0.000582 3004.0
0.000625 -0.000582 3005.0
0.000624 -0.000582 3006.0
0.000624 -0.000582 3007.0
0.000623 -0.000582 3008.0
0.000623 -0.000582 3009.0
0.000623 -0.000582 3010.0
0.000622 -0.000582 3011.0
0.000622 -0.000582 3012.0
0.000621 -0.000582 3013.0
0.000621 -0.000582 3014.0
0.000621 -0.000582 3015.0
0.000620 -0.000582 3016.0
0.000620 -0.000582 3017.0
0.000619 -0.000582 3018.0
0.000619 -0.000582 3019.0
0.000619 -0.000582 3020.0
0.000618 -0.000582 3021.0
0.000618 -0.000582 3022.0
0.000617 -0.000582 3023.0
0.000617 -0.000582 3024.0
0.000617 -0.000583 3025.0
0.000616 -0.000583 3026.0
0.000616 -0.000583 3027.0
0.000615 -0.000583 3028.0
0.000615 -0.000583 3029.0
0.000615 -0.000583 3030.0
0.000614 -0.000583 3031.0
0.000614 -0.000583 3032.0
0.000613 -0.000583 3033.0
0.000613 -0.000583 3034.0
0.000613 -0.000583 3035.0
0.000613 -0.000582 3036.0
0.000612 -0.000583 3037.0
0.000612 -0.000583 3038.0
0.000612 -0.000584 3039.0
0.000611 -0.000584 3040.0
0.000611 -0.000585 3041.0
0.000611 -0.000585 3042.0
0.000611 -0.000586 3043.0
0.000610 -0.000586 3044.0
0.000610 -0.000587 3045.0
0.000610 -0.000587 3046.0
0.000609 -0.000588 3047.0
0.000609 -0.000588 3048.0
0.000609 -0.000588 3049.0
0.000608 -0.000589 3050.0
0.000608 -0.000589 3051.0
0.000608 -0.000590 3052.0
0.000608 -0.000590 3053.0
0.000607 -0.000591 3054.0
0.000607 -0.000591 3055.0
0.000607 -0.000592 3056.0
0.000606 -0.000592 3057.0
0.000606 -0.000593 3058.0
0.000606 -0.000593 3059.0
0.000606 -0.000594 3060.0
0.000605 -0.000594 3061.0
0.000605 -0.000594 3062.0
0.000605 -0.000595 3063.0
0.000604 -0.000595 3064.0
0.000604 -0.000596 3065.0
0.000604 -0.000596 3066.0
0.000603 -0.000597 3067.0
0.000603 -0.000597 3068.0
0.000603 -0.000598 3069.0
0.000603 -0.000598 3070.0
0.000602 -0.000599 3071.0
0.000602 -0.000599 3072.0
0.000602 -0.000600 3073.0
0.000601 -0.000600 3074.0
0.000601 -0.000600 3075.0
0.000601 -0.000601 3076.0
0.000601 -0.000601 3077.0
0.000600 -0.000602 3078.0
0.000600 -0.000602 3079.0
0.000600 -0.000603 3080.0
0.000599 -0.000603 3081.0
0.000599 -0.000604 3082.0
0.000599 -0.000604 3083.0
0.000598 -0.000605 3084.0
0.000598 -0.000605 3085.0
0.000598 -0.000606 3086.0
0.000598 -0.000606 3087.0
0.000597 -0.000606 3088.0
0.000597 -0.000607 3089.0
0.000597 -0.000607 3090.0
0.000596 -0.000608 3091.0
0.000596 -0.000608 3092.0
0.000596 -0.000609 3093.0
0.000596 -0.000609 3094.0
0.000595 -0.000610 3095.0
0.000593 -0.000607 3096.0
0.000593 -0.000607 3097.0
0.000593 -0.000608 3098.0
0.000592 -0.000608 3099.0
0.000592 -0.000608 3100.0
0.000592 -0.000608 3101.0
0.000592 -0.000609 3102.0
0.000592 -0.000609 3103.0
0.000592 -0.000609 3104.0
0.000591 -0.000609 3105.0
0.000591 -0.000609 3106.0
0.000591 -0.000610 3107.0
0.000591 -0.000610 3108.0
0.000591 -0.000610 3109.0
0.000591 -0.000610 3110.0
0.000591 -0.000611 3111.0
0.000590 -0.000611 3112.0
0.000590 -0.000611 3113.0
0.000590 -0.000611 3114.0
0.000590 -0.000612 3115.0
0.000590 -0.000612 3116.0
0.000590 -0.000612 3117.0
0.000589 -0.000612 3118.0
0.000589 -0.000613 3119.0
0.000589 -0.000613 3120.0
0.000589 -0.000613 3121.0
0.000589 -0.000613 3122.0
0.000589 -0.000614 3123.0
0.000588 -0.000614 3124.0
0.000588 -0.000614 3125.0
0.000588 -0.000614 3126.0
0.000588 -0.000615 3127.0
0.000588 -0.000615 3128.0
0.000588 -0.000615 3129.0
0.000588 -0.000615 3130.0
0.000587 -0.000616 3131.0
0.000587 -0.000616 3132.0
0.000587 -0.000616 3133.0
0.000587 -0.000616 3134.0
0.000587 -0.000616 3135.0
0.000587 -0.000617 3136.0
0.000586 -0.000617 3137.0
0.000586 -0.000617 3138.0
0.000586 -0.000617 3139.0
0.000586 -0.000618 3140.0
0.000586 -0.000618 3141.0
0.000586 -0.000618 3142.0
0.000585 -0.000618 3143.0
0.000585 -0.000619 3144.0
0.000585 -0.000619 3145.0
0.000585 -0.000619 3146.0
0.000585 -0.000619 3147.0
0.000585 -0.000620 3148.0
0.000585 -0.000620 3149.0
0.000584 -0.000620 3150.0
0.000584 -0.000620 3151.0
0.000584 -0.000621 3152.0
0.000584 -0.000621 3153.0
0.000584 -0.000621 3154.0
0.000584 -0.000621 3155.0
0.000582 -0.000620 3156.0
0.000582 -0.000620 3157.0
0.000582 -0.000620 3158.0
0.000582 -0.000620 3159.0
0.000581 -0.000621 3160.0
0.000581 -0.000621 3161.0
0.000581 -0.000621 3162.0
0.000581 -0.000621 3163.0
0.000581 -0.000621 3164.0
0.000580 -0.000621 3165.0
0.000580 -0.000622 3166.0
0.000580 -0.000622 3167.0
0.000580 -0.000622 3168.0
0.000579 -0.000622 3169.0
0.000579 -0.000622 3170.0
0.000579 -0.000622 3171.0
0.000579 -0.000622 3172.0
0.000578 -0.000623 3173.0
0.000578 -0.000623 3174.0
0.000578 -0.000623 3175.0
0.000578 -0.000623 3176.0
0.000578 -0.000623 3177.0
0.000577 -0.000623 3178.0
0.000577 -0.000624 3179.0
0.000577 -0.000624 3180.0
0.000577 -0.000624 3181.0
0.000576 -0.000624 3182.0
0.000576 -0.000624 3183.0
0.000576 -0.000624 3184.0
0.000576 -0.000625 3185.0
0.000575 -0.000625 3186.0
0.000575 -0.000625 3187.0
0.000575 -0.000625 3188.0
0.000575 -0.000625 3189.0
0.000575 -0.000625 3190.0
0.000574 -0.000626 3191.0
0.000574 -0.000626 3192.0
0.000574 -0.000626 3193.0
0.000574 -0.000626 3194.0
0.000573 -0.000626 3195.0
0.000573 -0.000626 3196.0
0.000573 -0.000626 3197.0
0.000573 -0.000627 3198.0
0.000572 -0.000627 3199.0
0.000572 -0.000627 3200.0
0.000572 -0.000627 3201.0
0.000572 -0.000627 3202.0
0.000572 -0.000627 3203.0
0.000571 -0.000628 3204.0
0.000571 -0.000628 3205.0
0.000571 -0.000628 3206.0
0.000571 -0.000628 3207.0
0.000570 -0.000628 3208.0
0.000570 -0.000628 3209.0
0.000570 -0.000629 3210.0
0.000570 -0.000629 3211.0
0.000569 -0.000629 3212.0
0.000569 -0.000629 3213.0
0.000569 -0.000629 3214.0
0.000569 -0.000629 3215.0
0.000569 -0.000630 3216.0
0.000568 -0.000630 3217.0
0.000568 -0.000630 3218.0
0.000568 -0.000630 3219.0
0.000568 -0.000630 3220.0
0.000567 -0.000630 3221.0
0.000567 -0.000630 3222.0
0.000567 -0.000631 3223.0
0.000567 -0.000631 3224.0
0.000567 -0.000631 3225.0
0.000566 -0.000631 3226.0
0.000566 -0.000631 3227.0
0.000566 -0.000631 3228.0
0.000566 -0.000632 3229.0
0.000565 -0.000632 3230.0
0.000565 -0.000632 3231.0
0.000565 -0.000632 3232.0
0.000565 -0.000632 3233.0
0.000564 -0.000632 3234.0
0.000564 -0.000633 3235.0
0.000564 -0.000633 3236.0
0.000564 -0.000633 3237.0
0.000564 -0.000633 3238.0
0.000563 -0.000633 3239.0
0.000563 -0.000633 3240.0
0.000562 -0.000631 3241.0
0.000562 -0.000631 3242.0
0.000562 -0.000631 3243.0
0.000562 -0.000631 3244.0
0.000562 -0.000631 3245.0
0.000562 -0.000631 3246.0
0.000562 -0.000631 3247.0
0.000562 -0.000631 3248.0
0.000562 -0.000631 3249.0
0.000562 -0.000631 3250.0
0.000562 -0.000631 3251.0
0.000562 -0.000631 3252.0
0.000562 -0.000631 3253.0
0.000562 -0.000631 3254.0
0.000562 -0.000631 3255.0
0.000562 -0.000631 3256.0
0.000562 -0.000631 3257.0
0.000562 -0.000631 3258.0
0.000562 -0.000631 3259.0
0.000562 -0.000631 3260.0
0.000562 -0.000631 3261.0
0.000562 -0.000631 3262.0
0.000562 -0.000631 3263.0
0.000562 -0.000631 3264.0
0.000562 -0.000631 3265.0
0.000562 -0.000631 3266.0
0.000562 -0.000631 3267.0
0.000562 -0.000631 3268.0
0.000562 -0.000631 3269.0
0.000562 -0.000631 3270.0
0.000562 -0.000631 3271.0
0.000562 -0.000632 3272.0
0.000562 -0.000632 3273.0
0.000562 -0.000632 3274.0
0.000562 -0.000632 3275.0
0.000562 -0.000632 3276.0
0.000562 -0.000632 3277.0
0.000562 -0.000632 3278.0
0.000562 -0.000632 3279.0
0.000562 -0.000632 3280.0
0.000562 -0.000632 3281.0
0.000562 -0.000632 3282.0
0.000562 -0.000632 3283.0
0.000562 -0.000632 3284.0
0.000562 -0.000632 3285.0
0.000562 -0.000632 3286.0
0.000562 -0.000632 3287.0
0.000562 -0.000632 3288.0
0.000562 -0.000632 3289.0
0.000562 -0.000632 3290.0
0.000562 -0.000632 3291.0
0.000562 -0.000632 3292.0
0.000562 -0.000632 3293.0
0.000562 -0.000632 3294.0
0.000562 -0.000632 3295.0
0.000562 -0.000632 3296.0
0.000562 -0.000632 3297.0
0.000562 -0.000632 3298.0
0.000562 -0.000632 3299.0
0.000562 -0.000632 3300.0
0.000562 -0.000632 3301.0
0.000562 -0.000632 3302.0
0.000562 -0.000632 3303.0
0.000562 -0.000632 3304.0
0.000562 -0.000632 3305.0
0.000562 -0.000632 3306.0
0.000562 -0.000632 3307.0
0.000562 -0.000632 3308.0
0.000562 -0.000632 3309.0
0.000562 -0.000632 3310.0
0.000562 -0.000632 3311.0
0.000562 -0.000632 3312.0
0.000562 -0.000632 3313.0
0.000562 -0.000632 3314.0
0.000562 -0.000632 3315.0
0.000562 -0.000632 3316.0
0.000562 -0.000632 3317.0
0.000562 -0.000632 3318.0
0.000562 -0.000632 3319.0
0.000562 -0.000632 3320.0
0.000562 -0.000632 3321.0
0.000562 -0.000632 3322.0
0.000562 -0.000632 3323.0
0.000562 -0.000632 3324.0
0.000562 -0.000632 3325.0
0.000562 -0.000632 3326.0
0.000562 -0.000632 3327.0
0.000562 -0.000632 3328.0
0.000562 -0.000632 3329.0
0.000562 -0.000632 3330.0
0.000562 -0.000632 3331.0
0.000562 -0.000632 3332.0
0.000562 -0.000632 3333.0
0.000562 -0.000632 3334.0
0.000562 -0.000632 3335.0
0.000562 -0.000632 3336.0
0.000562 -0.000632 3337.0
0.000562 -0.000632 3338.0
0.000562 -0.000632 3339.0
0.000562 -0.000632 3340.0
0.000562 -0.000632 3341.0
0.000562 -0.000632 3342.0
0.000562 -0.000632 3343.0
0.000562 -0.000632 3344.0
0.000562 -0.000632 3345.0
0.000562 -0.000632 3346.0
0.000562 -0.000632 3347.0
0.000562 -0.000632 3348.0
0.000562 -0.000632 3349.0
0.000562 -0.000632 3350.0
0.000562 -0.000632 3351.0
0.000562 -0.000632 3352.0
0.000562 -0.000632 3353.0
0.000562 -0.000632 3354.0
0.000562 -0.000632 3355.0
0.000562 -0.000632 3356.0
0.000562 -0.000632 3357.0
0.000562 -0.000632 3358.0
0.000562 -0.000632 3359.0
0.000562 -0.000632 3360.0
0.000562 -0.000632 3361.0
0.000562 -0.000632 3362.0
0.000562 -0.000632 3363.0
0.000562 -0.000632 3364.0
0.000562 -0.000632 3365.0
0.000562 -0.000632 3366.0
0.000562 -0.000632 3367.0
0.000562 -0.000632 3368.0
0.000562 -0.000632 3369.0
0.000562 -0.000632 3370.0
0.000562 -0.000632 3371.0
0.000562 -0.000632 3372.0
0.000562 -0.000632 3373.0
0.000561 -0.000632 3374.0
0.000561 -0.000633 3375.0
0.000561 -0.000633 3376.0
0.000561 -0.000633 3377.0
0.000561 -0.000633 3378.0
0.000561 -0.000633 3379.0
0.000560 -0.000633 3380.0
0.000560 -0.000633 3381.0
0.000560 -0.000633 3382.0
0.000560 -0.000633 3383.0
0.000560 -0.000633 3384.0
0.000560 -0.000634 3385.0
0.000560 -0.000634 3386.0
0.000559 -0.000634 3387.0
0.000559 -0.000634 3388.0
0.000559 -0.000634 3389.0
0.000559 -0.000634 3390.0
0.000559 -0.000634 3391.0
0.000559 -0.000634 3392.0
0.000558 -0.000634 3393.0
0.000558 -0.000634 3394.0
0.000558 -0.000635 3395.0
0.000558 -0.000635 3396.0
0.000558 -0.000635 3397.0
0.000558 -0.000635 3398.0
0.000558 -0.000635 3399.0
0.000557 -0.000635 3400.0
0.000557 -0.000635 3401.0
0.000557 -0.000635 3402.0
0.000557 -0.000635 3403.0
0.000557 -0.000635 3404.0
0.000557 -0.000636 3405.0
0.000557 -0.000636 3406.0
0.000556 -0.000636 3407.0
0.000556 -0.000636 3408.0
0.000556 -0.000636 3409.0
0.000556 -0.000636 3410.0
0.000556 -0.000636 3411.0
0.000556 -0.000636 3412.0
0.000555 -0.000636 3413.0
0.000555 -0.000636 3414.0
0.000555 -0.000636 3415.0
0.000555 -0.000637 3416.0
0.000555 -0.000637 3417.0
0.000555 -0.000637 3418.0
0.000555 -0.000637 3419.0
0.000554 -0.000637 3420.0
0.000554 -0.000637 3421.0
0.000554 -0.000637 3422.0
0.000554 -0.000637 3423.0
0.000554 -0.000636 3424.0
0.000553 -0.000637 3425.0
0.000553 -0.000637 3426.0
0.000553 -0.000638 3427.0
0.000553 -0.000638 3428.0
0.000552 -0.000638 3429.0
0.000552 -0.000639 3430.0
0.000552 -0.000639 3431.0
0.000552 -0.000640 3432.0
0.000551 -0.000640 3433.0
0.000551 -0.000640 3434.0
0.000551 -0.000641 3435.0
0.000551 -0.000641 3436.0
0.000550 -0.000642 3437.0
0.000550 -0.000642 3438.0
0.000550 -0.000643 3439.0
0.000550 -0.000643 3440.0
0.000549 -0.000643 3441.0
0.000549 -0.000644 3442.0
0.000549 -0.000644 3443.0
0.000549 -0.000645 3444.0
0.000548 -0.000645 3445.0
0.000548 -0.000645 3446.0
0.000548 -0.000646 3447.0
0.000548 -0.000646 3448.0
0.000547 -0.000647 3449.0
0.000547 -0.000647 3450.0
0.000547 -0.000648 3451.0
0.000547 -0.000648 3452.0
0.000546 -0.000648 3453.0
0.000546 -0.000649 3454.0
0.000546 -0.000649 3455.0
0.000546 -0.000650 3456.0
0.000545 -0.000650 3457.0
0.000545 -0.000650 3458.0
0.000545 -0.000651 3459.0
0.000545 -0.000651 3460.0
0.000544 -0.000652 3461.0
0.000544 -0.000652 3462.0
0.000544 -0.000653 3463.0
0.000544 -0.000653 3464.0
0.000543 -0.000653 3465.0
0.000543 -0.000654 3466.0
0.000543 -0.000654 3467.0
0.000543 -0.000655 3468.0
0.000542 -0.000655 3469.0
0.000542 -0.000655 3470.0
0.000542 -0.000656 3471.0
0.000542 -0.000656 3472.0
0.000541 -0.000657 3473.0
0.000541 -0.000657 3474.0
0.000541 -0.000657 3475.0
0.000539 -0.000656 3476.0
0.000539 -0.000656 3477.0
0.000539 -0.000656 3478.0
0.000539 -0.000657 3479.0
0.000539 -0.000657 3480.0
0.000539 -0.000657 3481.0
0.000539 -0.000658 3482.0
0.000539 -0.000658 3483.0
0.000539 -0.000658 3484.0
0.000539 -0.000659 3485.0
0.000539 -0.000659 3486.0
0.000539 -0.000659 3487.0
0.000539 -0.000659 3488.0
0.000539 -0.000660 3489.0
0.000539 -0.000660 3490.0
0.000539 -0.000660 3491.0
0.000539 -0.000661 3492.0
0.000539 -0.000661 3493.0
0.000539 -0.000661 3494.0
0.000539 -0.000662 3495.0
0.000539 -0.000662 3496.0
0.000539 -0.000662 3497.0
0.000539 -0.000663 3498.0
0.000539 -0.000663 3499.0
0.000539 -0.000663 3500.0
0.000539 -0.000664 3501.0
0.000539 -0.000664 3502.0
0.000539 -0.000664 3503.0
0.000539 -0.000665 3504.0
0.000539 -0.000665 3505.0
0.000539 -0.000665 3506.0
0.000539 -0.000666 3507.0
0.000539 -0.000666 3508.0
0.000539 -0.000666 3509.0
0.000539 -0.000667 3510.0
0.000539 -0.000667 3511.0
0.000539 -0.000667 3512.0
0.000539 -0.000668 3513.0
0.000539 -0.000668 3514.0
0.000539 -0.000668 3515.0
0.000539 -0.000669 3516.0
0.000539 -0.000669 3517.0
0.000539 -0.000669 3518.0
0.000538 -0.000670 3519.0
0.000538 -0.000670 3520.0
0.000538 -0.000670 3521.0
0.000538 -0.000671 3522.0
0.000538 -0.000671 3523.0
0.000538 -0.000671 3524.0
0.000538 -0.000672 3525.0
0.000538 -0.000672 3526.0
0.000538 -0.000672 3527.0
0.000538 -0.000673 3528.0
0.000538 -0.000673 3529.0
0.000538 -0.000673 3530.0
0.000538 -0.000674 3531.0
0.000538 -0.000674 3532.0
0.000538 -0.000674 3533.0
0.000538 -0.000675 3534.0
0.000538 -0.000675 3535.0
0.000538 -0.000675 3536.0
0.000538 -0.000675 3537.0
0.000538 -0.000676 3538.0
0.000538 -0.000676 3539.0
0.000538 -0.000676 3540.0
0.000538 -0.000676 3541.0
