0.000512 -0.000738 4.0
0.000512 -0.000738 5.0
0.000512 -0.000738 6.0
0.000512 -0.000738 7.0
0.000512 -0.000738 8.0
0.000512 -0.000738 9.0
0.000512 -0.000738 10.0
0.000512 -0.000738 11.0
0.000512 -0.000738 12.0
0.000512 -0.000738 13.0
0.000512 -0.000738 14.0
0.000512 -0.000738 15.0
0.000512 -0.000738 16.0
0.000512 -0.000738 17.0
0.000512 -0.000738 18.0
0.000512 -0.000738 19.0
0.000512 -0.000738 20.0
0.000512 -0.000738 21.0
0.000512 -0.000738 22.0
0.000512 -0.000738 23.0
0.000512 -0.000738 24.0
0.000512 -0.000738 25.0
0.000512 -0.000738 26.0
0.000512 -0.000738 27.0
0.000512 -0.000738 28.0
0.000512 -0.000738 29.0
0.000512 -0.000738 30.0
0.000512 -0.000738 31.0
0.000512 -0.000738 32.0
0.000512 -0.000738 33.0
0.000512 -0.000738 34.0
0.000512 -0.000738 35.0
0.000512 -0.000738 36.0
0.000512 -0.000738 37.0
0.000512 -0.000738 38.0
0.000512 -0.000738 39.0
0.000512 -0.000738 40.0
0.000512 -0.000738 41.0
0.000512 -0.000738 42.0
0.000512 -0.000738 43.0
0.000512 -0.000738 44.0
0.000512 -0.000738 45.0
0.000512 -0.000738 46.0
0.000512 -0.000738 47.0
0.000512 -0.000738 48.0
0.000512 -0.000738 49.0
0.000512 -0.000738 50.0
0.000512 -0.000738 51.0
0.000512 -0.000738 52.0
0.000512 -0.000738 53.0
0.000512 -0.000738 54.0
0.000512 -0.000738 55.0
0.000512 -0.000738 56.0
0.000512 -0.000738 57.0
0.000512 -0.000738 58.0
0.000512 -0.000738 59.0
0.000512 -0.000738 60.0
0.000512 -0.000738 61.0
0.000512 -0.000738 62.0
0.000512 -0.000738 63.0
0.000512 -0.000738 64.0
0.000512 -0.000738 65.0
0.000512 -0.000738 66.0
0.000512 -0.000738 67.0
0.000512 -0.000738 68.0
0.000512 -0.000738 69.0
0.000512 -0.000738 70.0
0.000512 -0.000738 71.0
0.000512 -0.000738 72.0
0.000512 -0.000738 73.0
0.000512 -0.000738 74.0
0.000512 -0.000738 75.0
0.000512 -0.000738 76.0
0.000512 -0.000738 77.0
0.000512 -0.000738 78.0
0.000512 -0.000738 79.0
0.000512 -0.000738 80.0
0.000512 -0.000738 81.0
0.000512 -0.000738 82.0
0.000512 -0.000738 83.0
0.000512 -0.000738 84.0
0.000512 -0.000738 85.0
0.000512 -0.000738 86.0
0.000512 -0.000738 87.0
0.000512 -0.000738 88.0
0.000512 -0.000738 89.0
0.000512 -0.000738 90.0
0.000512 -0.000738 91.0
0.000512 -0.000738 92.0
0.000512 -0.000738 93.0
0.000512 -0.000738 94.0
0.000512 -0.000738 95.0
0.000512 -0.000738 96.0
0.000512 -0.000738 97.0
0.000512 -0.000738 98.0
0.000512 -0.000738 99.0
0.000512 -0.000738 100.0
0.000512 -0.000738 101.0
0.000512 -0.000738 102.0
0.000512 -0.000738 103.0
0.000513 -0.000738 104.0
0.000513 -0.000738 105.0
0.000513 -0.000738 106.0
0.000513 -0.000738 107.0
0.000513 -0.000738 108.0
0.000513 -0.000738 109.0
0.000513 -0.000738 110.0
0.000513 -0.000738 111.0
0.000513 -0.000738 112.0
0.000513 -0.000738 113.0
0.000513 -0.000738 114.0
0.000513 -0.000738 115.0
0.000513 -0.000738 116.0
0.000513 -0.000738 117.0
0.000513 -0.000738 118.0
0.000513 -0.000738 119.0
0.000513 -0.000738 120.0
0.000513 -0.000738 121.0
0.000513 -0.000738 122.0
0.000513 -0.000738 123.0
0.000513 -0.000738 124.0
0.000513 -0.000738 125.0
0.000513 -0.000738 126.0
0.000513 -0.000738 127.0
0.000513 -0.000738 128.0
0.000513 -0.000738 129.0
0.000513 -0.000738 130.0
0.000513 -0.000738 131.0
0.000513 -0.000738 132.0
0.000513 -0.000738 133.0
0.000513 -0.000738 134.0
0.000513 -0.000738 135.0
0.000513 -0.000738 136.0
0.000513 -0.000738 137.0
0.000513 -0.000738 138.0
0.000513 -0.000738 139.0
0.000513 -0.000738 140.0
0.000513 -0.000738 141.0
0.000513 -0.000738 142.0
0.000513 -0.000738 143.0
0.000513 -0.000738 144.0
0.000513 -0.000738 145.0
0.000513 -0.000738 146.0
0.000513 -0.000738 147.0
0.000513 -0.000738 148.0
0.000513 -0.000738 149.0
0.000513 -0.000738 150.0
0.000513 -0.000738 151.0
0.000513 -0.000738 152.0
0.000513 -0.000738 153.0
0.000513 -0.000738 154.0
0.000513 -0.000738 155.0
0.000513 -0.000738 156.0
0.000513 -0.000738 157.0
0.000513 -0.000738 158.0
0.000513 -0.000738 159.0
0.000513 -0.000738 160.0
0.000513 -0.000738 161.0
0.000513 -0.000738 162.0
0.000513 -0.000738 163.0
0.000513 -0.000738 164.0
0.000513 -0.000738 165.0
0.000513 -0.000738 166.0
0.000513 -0.000738 167.0
0.000513 -0.000738 168.0
0.000513 -0.000738 169.0
0.000513 -0.000738 170.0
0.000513 -0.000738 171.0
0.000513 -0.000738 172.0
0.000513 -0.000738 173.0
0.000513 -0.000738 174.0
0.000513 -0.000738 175.0
0.000513 -0.000738 176.0
0.000513 -0.000738 177.0
0.000513 -0.000738 178.0
0.000513 -0.000738 179.0
0.000513 -0.000737 180.0
0.000513 -0.000737 181.0
0.000513 -0.000737 182.0
0.000513 -0.000737 183.0
0.000513 -0.000737 184.0
0.000513 -0.000737 185.0
0.000512 -0.000737 186.0
0.000512 -0.000737 187.0
0.000512 -0.000737 188.0
0.000512 -0.000737 189.0
0.000512 -0.000737 190.0
0.000512 -0.000737 191.0
0.000512 -0.000737 192.0
0.000512 -0.000737 193.0
0.000512 -0.000737 194.0
0.000512 -0.000737 195.0
0.000512 -0.000737 196.0
0.000512 -0.000737 197.0
0.000512 -0.000737 198.0
0.000512 -0.000737 199.0
0.000512 -0.000737 200.0
0.000512 -0.000737 201.0
0.000512 -0.000737 202.0
0.000512 -0.000737 203.0
0.000511 -0.000737 204.0
0.000511 -0.000737 205.0
0.000511 -0.000736 206.0
0.000511 -0.000736 207.0
0.000511 -0.000736 208.0
0.000511 -0.000736 209.0
0.000511 -0.000736 210.0
0.000511 -0.000736 211.0
0.000511 -0.000736 212.0
0.000511 -0.000736 213.0
0.000511 -0.000736 214.0
0.000511 -0.000736 215.0
0.000510 -0.000736 216.0
0.000510 -0.000736 217.0
0.000510 -0.000736 218.0
0.000510 -0.000736 219.0
0.000510 -0.000736 220.0
0.000510 -0.000736 221.0
0.000510 -0.000735 222.0
0.000510 -0.000735 223.0
0.000510 -0.000735 224.0
0.000510 -0.000735 225.0
0.000510 -0.000735 226.0
0.000510 -0.000735 227.0
0.000510 -0.000735 228.0
0.000509 -0.000735 229.0
0.000509 -0.000735 230.0
0.000509 -0.000735 231.0
0.000509 -0.000735 232.0
0.000509 -0.000735 233.0
0.000509 -0.000735 234.0
0.000509 -0.000735 235.0
0.000509 -0.000735 236.0
0.000509 -0.000735 237.0
0.000509 -0.000734 238.0
0.000509 -0.000734 239.0
0.000509 -0.000734 240.0
0.000508 -0.000734 241.0
0.000508 -0.000734 242.0
0.000508 -0.000734 243.0
0.000508 -0.000734 244.0
0.000508 -0.000734 245.0
0.000508 -0.000734 246.0
0.000508 -0.000735 247.0
0.000508 -0.000735 248.0
0.000508 -0.000735 249.0
0.000508 -0.000735 250.0
0.000508 -0.000735 251.0
0.000508 -0.000735 252.0
0.000508 -0.000735 253.0
0.000508 -0.000735 254.0
0.000508 -0.000735 255.0
0.000508 -0.000735 256.0
0.000508 -0.000735 257.0
0.000508 -0.000736 258.0
0.000508 -0.000736 259.0
0.000508 -0.000737 260.0
0.000508 -0.000737 261.0
0.000508 -0.000737 262.0
0.000508 -0.000738 263.0
0.000508 -0.000738 264.0
0.000508 -0.000739 265.0
0.000508 -0.000739 266.0
0.000508 -0.000739 267.0
0.000508 -0.000740 268.0
0.000508 -0.000740 269.0
0.000508 -0.000740 270.0
0.000508 -0.000741 271.0
0.000508 -0.000741 272.0
0.000508 -0.000742 273.0
0.000508 -0.000742 274.0
0.000508 -0.000742 275.0
0.000508 -0.000743 276.0
0.000508 -0.000743 277.0
0.000508 -0.000744 278.0
0.000508 -0.000744 279.0
0.000508 -0.000744 280.0
0.000508 -0.000745 281.0
0.000508 -0.000745 282.0
0.000508 -0.000746 283.0
0.000508 -0.000746 284.0
0.000508 -0.000746 285.0
0.000508 -0.000747 286.0
0.000508 -0.000747 287.0
0.000508 -0.000747 288.0
0.000508 -0.000748 289.0
0.000508 -0.000748 290.0
0.000508 -0.000749 291.0
0.000508 -0.000749 292.0
0.000508 -0.000749 293.0
0.000508 -0.000750 294.0
0.000508 -0.000750 295.0
0.000508 -0.000751 296.0
0.000508 -0.000751 297.0
0.000508 -0.000751 298.0
0.000508 -0.000752 299.0
0.000508 -0.000752 300.0
0.000508 -0.000752 301.0
0.000508 -0.000753 302.0
0.000508 -0.000753 303.0
0.000508 -0.000754 304.0
0.000508 -0.000754 305.0
0.000508 -0.000754 306.0
0.000508 -0.000755 307.0
0.000508 -0.000755 308.0
0.000508 -0.000756 309.0
0.000508 -0.000756 310.0
0.000508 -0.000756 311.0
0.000508 -0.000757 312.0
0.000508 -0.000757 313.0
0.000508 -0.000758 314.0
0.000508 -0.000758 315.0
0.000508 -0.000758 316.0
0.000508 -0.000759 317.0
0.000508 -0.000759 318.0
0.000508 -0.000759 319.0
0.000508 -0.000760 320.0
0.000508 -0.000760 321.0
0.000508 -0.000761 322.0
0.000508 -0.000761 323.0
0.000508 -0.000761 324.0
0.000508 -0.000762 325.0
0.000508 -0.000762 326.0
0.000508 -0.000762 327.0
0.000508 -0.000763 328.0
0.000508 -0.000764 329.0
0.000508 -0.000764 330.0
0.000508 -0.000765 331.0
0.000508 -0.000766 332.0
0.000508 -0.000766 333.0
0.000508 -0.000767 334.0
0.000508 -0.000768 335.0
0.000508 -0.000768 336.0
0.000508 -0.000769 337.0
0.000508 -0.000770 338.0
0.000508 -0.000770 339.0
0.000508 -0.000771 340.0
0.000508 -0.000772 341.0
0.000508 -0.000773 342.0
0.000508 -0.000773 343.0
0.000508 -0.000774 344.0
0.000508 -0.000775 345.0
0.000508 -0.000775 346.0
0.000508 -0.000776 347.0
0.000508 -0.000777 348.0
0.000508 -0.000777 349.0
0.000509 -0.000778 350.0
0.000509 -0.000779 351.0
0.000509 -0.000780 352.0
0.000509 -0.000780 353.0
0.000509 -0.000781 354.0
0.000509 -0.000782 355.0
0.000509 -0.000782 356.0
0.000509 -0.000783 357.0
0.000509 -0.000784 358.0
0.000509 -0.000784 359.0
0.000509 -0.000785 360.0
0.000509 -0.000786 361.0
0.000509 -0.000786 362.0
0.000509 -0.000787 363.0
0.000509 -0.000788 364.0
0.000509 -0.000789 365.0
0.000509 -0.000789 366.0
0.000509 -0.000790 367.0
0.000509 -0.000791 368.0
0.000509 -0.000791 369.0
0.000509 -0.000792 370.0
0.000509 -0.000793 371.0
0.000509 -0.000793 372.0
0.000509 -0.000794 373.0
0.000509 -0.000795 374.0
0.000509 -0.000795 375.0
0.000510 -0.000795 376.0
0.000510 -0.000795 377.0
0.000510 -0.000795 378.0
0.000510 -0.000795 379.0
0.000510 -0.000795 380.0
0.000510 -0.000795 381.0
0.000510 -0.000795 382.0
0.000510 -0.000795 383.0
0.000510 -0.000795 384.0
0.000510 -0.000795 385.0
0.000510 -0.000795 386.0
0.000510 -0.000795 387.0
0.000510 -0.000795 388.0
0.000510 -0.000795 389.0
0.000510 -0.000795 390.0
0.000510 -0.000794 391.0
0.000510 -0.000794 392.0
0.000510 -0.000794 393.0
0.000510 -0.000794 394.0
0.000510 -0.000794 395.0
0.000510 -0.000794 396.0
0.000510 -0.000794 397.0
0.000510 -0.000794 398.0
0.000510 -0.000794 399.0
0.000510 -0.000794 400.0
0.000510 -0.000794 401.0
0.000510 -0.000794 402.0
0.000510 -0.000794 403.0
0.000510 -0.000793 404.0
0.000510 -0.000793 405.0
0.000510 -0.000793 406.0
0.000510 -0.000792 407.0
0.000510 -0.000792 408.0
0.000510 -0.000792 409.0
0.000510 -0.000791 410.0
0.000510 -0.000791 411.0
0.000510 -0.000791 412.0
0.000510 -0.000790 413.0
0.000510 -0.000790 414.0
0.000509 -0.000790 415.0
0.000509 -0.000789 416.0
0.000509 -0.000789 417.0
0.000509 -0.000789 418.0
0.000509 -0.000789 419.0
0.000509 -0.000788 420.0
0.000509 -0.000788 421.0
0.000509 -0.000788 422.0
0.000509 -0.000787 423.0
0.000509 -0.000787 424.0
0.000509 -0.000787 425.0
0.000509 -0.000786 426.0
0.000509 -0.000786 427.0
0.000509 -0.000786 428.0
0.000509 -0.000785 429.0
0.000509 -0.000785 430.0
0.000509 -0.000785 431.0
0.000509 -0.000784 432.0
0.000509 -0.000784 433.0
0.000509 -0.000784 434.0
0.000509 -0.000784 435.0
0.000508 -0.000783 436.0
0.000508 -0.000783 437.0
0.000508 -0.000783 438.0
0.000508 -0.000782 439.0
0.000508 -0.000782 440.0
0.000508 -0.000782 441.0
0.000508 -0.000781 442.0
0.000508 -0.000781 443.0
0.000508 -0.000781 444.0
0.000508 -0.000780 445.0
0.000508 -0.000780 446.0
0.000508 -0.000780 447.0
0.000508 -0.000779 448.0
0.000508 -0.000779 449.0
0.000508 -0.000779 450.0
0.000508 -0.000779 451.0
0.000508 -0.000778 452.0
0.000508 -0.000778 453.0
0.000508 -0.000778 454.0
0.000508 -0.000777 455.0
0.000508 -0.000777 456.0
0.000507 -0.000777 457.0
0.000507 -0.000776 458.0
0.000507 -0.000776 459.0
0.000507 -0.000776 460.0
0.000507 -0.000775 461.0
0.000507 -0.000776 462.0
0.000507 -0.000775 463.0
0.000507 -0.000775 464.0
0.000507 -0.000775 465.0
0.000507 -0.000774 466.0
0.000507 -0.000774 467.0
0.000507 -0.000774 468.0
0.000506 -0.000773 469.0
0.000506 -0.000773 470.0
0.000506 -0.000772 471.0
0.000506 -0.000772 472.0
0.000506 -0.000772 473.0
0.000506 -0.000771 474.0
0.000506 -0.000771 475.0
0.000506 -0.000771 476.0
0.000506 -0.000770 477.0
0.000506 -0.000770 478.0
0.000506 -0.000770 479.0
0.000506 -0.000769 480.0
0.000506 -0.000769 481.0
0.000506 -0.000769 482.0
0.000506 -0.000768 483.0
0.000506 -0.000768 484.0
0.000506 -0.000768 485.0
0.000506 -0.000767 486.0
0.000506 -0.000767 487.0
0.000506 -0.000767 488.0
0.000506 -0.000766 489.0
0.000506 -0.000766 490.0
0.000506 -0.000766 491.0
0.000506 -0.000765 492.0
0.000506 -0.000765 493.0
0.000506 -0.000765 494.0
0.000506 -0.000764 495.0
0.000506 -0.000764 496.0
0.000506 -0.000764 497.0
0.000506 -0.000763 498.0
0.000506 -0.000763 499.0
0.000506 -0.000763 500.0
0.000506 -0.000762 501.0
0.000506 -0.000762 502.0
0.000506 -0.000762 503.0
0.000506 -0.000761 504.0
0.000506 -0.000761 505.0
0.000506 -0.000761 506.0
0.000506 -0.000760 507.0
0.000506 -0.000760 508.0
0.000506 -0.000760 509.0
0.000506 -0.000759 510.0
0.000506 -0.000759 511.0
0.000506 -0.000759 512.0
0.000506 -0.000758 513.0
0.000506 -0.000758 514.0
0.000506 -0.000758 515.0
0.000506 -0.000757 516.0
0.000506 -0.000757 517.0
0.000506 -0.000756 518.0
0.000506 -0.000756 519.0
0.000506 -0.000756 520.0
0.000506 -0.000755 521.0
0.000506 -0.000755 522.0
0.000506 -0.000755 523.0
0.000506 -0.000754 524.0
0.000506 -0.000754 525.0
0.000506 -0.000754 526.0
0.000506 -0.000753 527.0
0.000506 -0.000753 528.0
0.000506 -0.000753 529.0
0.000506 -0.000752 530.0
0.000506 -0.000752 531.0
0.000506 -0.000752 532.0
0.000506 -0.000751 533.0
0.000506 -0.000751 534.0
0.000506 -0.000751 535.0
0.000505 -0.000750 536.0
0.000505 -0.000750 537.0
0.000505 -0.000750 538.0
0.000505 -0.000749 539.0
0.000505 -0.000749 540.0
0.000505 -0.000749 541.0
0.000505 -0.000748 542.0
0.000505 -0.000748 543.0
0.000505 -0.000748 544.0
0.000505 -0.000747 545.0
0.000505 -0.000747 546.0
0.000505 -0.000747 547.0
0.000505 -0.000746 548.0
0.000505 -0.000746 549.0
0.000505 -0.000746 550.0
0.000505 -0.000745 551.0
0.000505 -0.000745 552.0
0.000505 -0.000745 553.0
0.000505 -0.000744 554.0
0.000505 -0.000744 555.0
0.000505 -0.000744 556.0
0.000505 -0.000743 557.0
0.000505 -0.000743 558.0
0.000505 -0.000743 559.0
0.000505 -0.000742 560.0
0.000505 -0.000742 561.0
0.000505 -0.000741 562.0
0.000505 -0.000741 563.0
0.000505 -0.000741 564.0
0.000505 -0.000740 565.0
0.000505 -0.000740 566.0
0.000505 -0.000740 567.0
0.000505 -0.000739 568.0
0.000505 -0.000739 569.0
0.000505 -0.000739 570.0
0.000505 -0.000738 571.0
0.000505 -0.000738 572.0
0.000505 -0.000738 573.0
0.000505 -0.000737 574.0
0.000505 -0.000737 575.0
0.000505 -0.000737 576.0
0.000505 -0.000736 577.0
0.000505 -0.000736 578.0
0.000505 -0.000736 579.0
0.000505 -0.000735 580.0
0.000505 -0.000735 581.0
0.000504 -0.000735 582.0
0.000505 -0.000735 583.0
0.000505 -0.000735 584.0
0.000505 -0.000734 585.0
0.000505 -0.000734 586.0
0.000505 -0.000734 587.0
0.000506 -0.000734 588.0
0.000506 -0.000734 589.0
0.000506 -0.000733 590.0
0.000506 -0.000733 591.0
0.000507 -0.000733 592.0
0.000507 -0.000733 593.0
0.000507 -0.000732 594.0
0.000507 -0.000732 595.0
0.000507 -0.000732 596.0
0.000508 -0.000732 597.0
0.000508 -0.000732 598.0
0.000508 -0.000731 599.0
0.000508 -0.000731 600.0
0.000509 -0.000731 601.0
0.000509 -0.000731 602.0
0.000509 -0.000730 603.0
0.000509 -0.000730 604.0
0.000509 -0.000730 605.0
0.000510 -0.000730 606.0
0.000510 -0.000730 607.0
0.000510 -0.000729 608.0
0.000510 -0.000729 609.0
0.000510 -0.000729 610.0
0.000511 -0.000729 611.0
0.000511 -0.000728 612.0
0.000511 -0.000728 613.0
0.000511 -0.000728 614.0
0.000512 -0.000728 615.0
0.000512 -0.000728 616.0
0.000512 -0.000727 617.0
0.000512 -0.000727 618.0
0.000512 -0.000727 619.0
0.000513 -0.000727 620.0
0.000513 -0.000726 621.0
0.000513 -0.000726 622.0
0.000513 -0.000726 623.0
0.000514 -0.000726 624.0
0.000514 -0.000726 625.0
0.000514 -0.000725 626.0
0.000514 -0.000725 627.0
0.000514 -0.000725 628.0
0.000515 -0.000725 629.0
0.000515 -0.000724 630.0
0.000515 -0.000724 631.0
0.000515 -0.000724 632.0
0.000516 -0.000724 633.0
0.000516 -0.000724 634.0
0.000516 -0.000723 635.0
0.000516 -0.000723 636.0
0.000516 -0.000723 637.0
0.000517 -0.000723 638.0
0.000517 -0.000722 639.0
0.000517 -0.000722 640.0
0.000517 -0.000722 641.0
0.000517 -0.000722 642.0
0.000518 -0.000722 643.0
0.000518 -0.000721 644.0
0.000518 -0.000721 645.0
0.000518 -0.000721 646.0
0.000519 -0.000721 647.0
0.000520 -0.000723 648.0
0.000520 -0.000722 649.0
0.000520 -0.000722 650.0
0.000521 -0.000721 651.0
0.000521 -0.000721 652.0
0.000521 -0.000721 653.0
0.000521 -0.000720 654.0
0.000522 -0.000720 655.0
0.000522 -0.000719 656.0
0.000522 -0.000719 657.0
0.000522 -0.000718 658.0
0.000523 -0.000718 659.0
0.000523 -0.000717 660.0
0.000523 -0.000717 661.0
0.000524 -0.000717 662.0
0.000524 -0.000716 663.0
0.000524 -0.000716 664.0
0.000524 -0.000715 665.0
0.000525 -0.000715 666.0
0.000525 -0.000714 667.0
0.000525 -0.000714 668.0
0.000525 -0.000714 669.0
0.000526 -0.000713 670.0
0.000526 -0.000713 671.0
0.000526 -0.000712 672.0
0.000527 -0.000712 673.0
0.000527 -0.000711 674.0
0.000527 -0.000711 675.0
0.000527 -0.000711 676.0
0.000528 -0.000710 677.0
0.000528 -0.000710 678.0
0.000528 -0.000709 679.0
0.000528 -0.000709 680.0
0.000529 -0.000708 681.0
0.000529 -0.000708 682.0
0.000529 -0.000707 683.0
0.000530 -0.000707 684.0
0.000530 -0.000707 685.0
0.000530 -0.000706 686.0
0.000530 -0.000706 687.0
0.000531 -0.000705 688.0
0.000531 -0.000705 689.0
0.000531 -0.000704 690.0
0.000532 -0.000704 691.0
0.000532 -0.000704 692.0
0.000532 -0.000703 693.0
0.000532 -0.000703 694.0
0.000533 -0.000702 695.0
0.000533 -0.000702 696.0
0.000533 -0.000701 697.0
0.000533 -0.000701 698.0
0.000534 -0.000700 699.0
0.000534 -0.000700 700.0
0.000534 -0.000700 701.0
0.000536 -0.000702 702.0
0.000537 -0.000701 703.0
0.000537 -0.000700 704.0
0.000538 -0.000699 705.0
0.000538 -0.000698 706.0
0.000538 -0.000698 707.0
0.000539 -0.000697 708.0
0.000539 -0.000696 709.0
0.000540 -0.000695 710.0
0.000540 -0.000694 711.0
0.000541 -0.000693 712.0
0.000541 -0.000693 713.0
0.000542 -0.000692 714.0
0.000542 -0.000691 715.0
0.000542 -0.000690 716.0
0.000543 -0.000689 717.0
0.000543 -0.000689 718.0
0.000544 -0.000688 719.0
0.000544 -0.000687 720.0
0.000545 -0.000686 721.0
0.000545 -0.000685 722.0
0.000545 -0.000684 723.0
0.000546 -0.000684 724.0
0.000546 -0.000683 725.0
0.000547 -0.000682 726.0
0.000547 -0.000681 727.0
0.000548 -0.000680 728.0
0.000548 -0.000679 729.0
0.000549 -0.000679 730.0
0.000549 -0.000678 731.0
0.000549 -0.000677 732.0
0.000550 -0.000676 733.0
0.000550 -0.000675 734.0
0.000551 -0.000674 735.0
0.000551 -0.000674 736.0
0.000552 -0.000673 737.0
0.000552 -0.000672 738.0
0.000552 -0.000671 739.0
0.000553 -0.000670 740.0
0.000553 -0.000669 741.0
0.000554 -0.000669 742.0
0.000554 -0.000668 743.0
0.000555 -0.000667 744.0
0.000555 -0.000666 745.0
0.000556 -0.000665 746.0
0.000556 -0.000664 747.0
0.000556 -0.000664 748.0
0.000557 -0.000663 749.0
0.000557 -0.000662 750.0
0.000558 -0.000661 751.0
0.000558 -0.000660 752.0
0.000559 -0.000660 753.0
0.000559 -0.000659 754.0
0.000559 -0.000658 755.0
0.000560 -0.000657 756.0
0.000560 -0.000656 757.0
0.000561 -0.000655 758.0
0.000565 -0.000659 759.0
0.000565 -0.000659 760.0
0.000565 -0.000658 761.0
0.000565 -0.000658 762.0
0.000565 -0.000658 763.0
0.000565 -0.000658 764.0
0.000565 -0.000658 765.0
0.000565 -0.000657 766.0
0.000565 -0.000657 767.0
0.000565 -0.000657 768.0
0.000565 -0.000657 769.0
0.000565 -0.000656 770.0
0.000565 -0.000656 771.0
0.000565 -0.000656 772.0
0.000565 -0.000656 773.0
0.000565 -0.000655 774.0
0.000565 -0.000655 775.0
0.000565 -0.000655 776.0
0.000565 -0.000655 777.0
0.000565 -0.000654 778.0
0.000565 -0.000654 779.0
0.000565 -0.000654 780.0
0.000565 -0.000654 781.0
0.000565 -0.000653 782.0
0.000565 -0.000653 783.0
0.000565 -0.000653 784.0
0.000565 -0.000653 785.0
0.000565 -0.000653 786.0
0.000565 -0.000652 787.0
0.000565 -0.000652 788.0
0.000565 -0.000652 789.0
0.000565 -0.000652 790.0
0.000565 -0.000651 791.0
0.000565 -0.000651 792.0
0.000565 -0.000651 793.0
0.000565 -0.000651 794.0
0.000565 -0.000650 795.0
0.000565 -0.000650 796.0
0.000565 -0.000650 797.0
0.000565 -0.000650 798.0
0.000565 -0.000649 799.0
0.000565 -0.000649 800.0
0.000565 -0.000649 801.0
0.000565 -0.000649 802.0
0.000565 -0.000648 803.0
0.000565 -0.000648 804.0
0.000565 -0.000648 805.0
0.000565 -0.000648 806.0
0.000565 -0.000647 807.0
0.000565 -0.000647 808.0
0.000565 -0.000647 809.0
0.000565 -0.000647 810.0
0.000565 -0.000647 811.0
0.000565 -0.000646 812.0
0.000565 -0.000646 813.0
0.000565 -0.000646 814.0
0.000565 -0.000646 815.0
0.000566 -0.000645 816.0
0.000566 -0.000645 817.0
0.000566 -0.000645 818.0
0.000566 -0.000645 819.0
0.000566 -0.000644 820.0
0.000566 -0.000644 821.0
0.000566 -0.000643 822.0
0.000566 -0.000643 823.0
0.000566 -0.000642 824.0
0.000566 -0.000642 825.0
0.000566 -0.000642 826.0
0.000566 -0.000641 827.0
0.000566 -0.000641 828.0
0.000566 -0.000640 829.0
0.000566 -0.000640 830.0
0.000566 -0.000639 831.0
0.000566 -0.000639 832.0
0.000566 -0.000639 833.0
0.000566 -0.000638 834.0
0.000566 -0.000638 835.0
0.000566 -0.000638 836.0
0.000565 -0.000638 837.0
0.000564 -0.000638 838.0
0.000564 -0.000637 839.0
0.000563 -0.000637 840.0
0.000562 -0.000637 841.0
0.000562 -0.000637 842.0
0.000561 -0.000637 843.0
0.000560 -0.000637 844.0
0.000560 -0.000637 845.0
0.000559 -0.000637 846.0
0.000559 -0.000637 847.0
0.000558 -0.000637 848.0
0.000557 -0.000637 849.0
0.000557 -0.000637 850.0
0.000556 -0.000637 851.0
0.000555 -0.000636 852.0
0.000555 -0.000636 853.0
0.000554 -0.000636 854.0
0.000553 -0.000636 855.0
0.000553 -0.000636 856.0
0.000552 -0.000636 857.0
0.000551 -0.000636 858.0
0.000551 -0.000636 859.0
0.000550 -0.000636 860.0
0.000549 -0.000636 861.0
0.000549 -0.000636 862.0
0.000548 -0.000636 863.0
0.000547 -0.000635 864.0
0.000547 -0.000635 865.0
0.000546 -0.000635 866.0
0.000545 -0.000635 867.0
0.000545 -0.000635 868.0
0.000544 -0.000635 869.0
0.000543 -0.000635 870.0
0.000543 -0.000635 871.0
0.000542 -0.000635 872.0
0.000541 -0.000635 873.0
0.000541 -0.000635 874.0
0.000540 -0.000635 875.0
0.000539 -0.000635 876.0
0.000539 -0.000634 877.0
0.000538 -0.000634 878.0
0.000537 -0.000634 879.0
0.000537 -0.000634 880.0
0.000536 -0.000634 881.0
0.000535 -0.000634 882.0
0.000535 -0.000634 883.0
0.000534 -0.000634 884.0
0.000534 -0.000634 885.0
0.000533 -0.000634 886.0
0.000532 -0.000634 887.0
0.000532 -0.000634 888.0
0.000531 -0.000633 889.0
0.000530 -0.000633 890.0
0.000530 -0.000633 891.0
0.000529 -0.000633 892.0
0.000528 -0.000633 893.0
0.000528 -0.000633 894.0
0.000527 -0.000633 895.0
0.000527 -0.000634 896.0
0.000526 -0.000634 897.0
0.000525 -0.000634 898.0
0.000525 -0.000634 899.0
0.000524 -0.000634 900.0
0.000523 -0.000634 901.0
0.000523 -0.000633 902.0
0.000522 -0.000633 903.0
0.000521 -0.000633 904.0
0.000521 -0.000633 905.0
0.000520 -0.000633 906.0
0.000519 -0.000633 907.0
0.000519 -0.000633 908.0
0.000518 -0.000633 909.0
0.000517 -0.000633 910.0
0.000516 -0.000633 911.0
0.000516 -0.000633 912.0
0.000515 -0.000633 913.0
0.000514 -0.000632 914.0
0.000514 -0.000632 915.0
0.000513 -0.000632 916.0
0.000512 -0.000632 917.0
0.000512 -0.000632 918.0
0.000511 -0.000632 919.0
0.000510 -0.000632 920.0
0.000509 -0.000632 921.0
0.000509 -0.000632 922.0
0.000508 -0.000632 923.0
0.000507 -0.000632 924.0
0.000507 -0.000632 925.0
0.000506 -0.000632 926.0
0.000505 -0.000631 927.0
0.000505 -0.000631 928.0
0.000504 -0.000631 929.0
0.000503 -0.000631 930.0
0.000503 -0.000631 931.0
0.000502 -0.000631 932.0
0.000501 -0.000631 933.0
0.000500 -0.000631 934.0
0.000500 -0.000631 935.0
0.000499 -0.000631 936.0
0.000498 -0.000631 937.0
0.000498 -0.000631 938.0
0.000497 -0.000630 939.0
0.000496 -0.000630 940.0
0.000496 -0.000630 941.0
0.000495 -0.000630 942.0
0.000494 -0.000630 943.0
0.000494 -0.000630 944.0
0.000493 -0.000630 945.0
0.000492 -0.000630 946.0
0.000491 -0.000630 947.0
0.000491 -0.000630 948.0
0.000490 -0.000630 949.0
0.000489 -0.000630 950.0
0.000489 -0.000630 951.0
0.000488 -0.000629 952.0
0.000487 -0.000629 953.0
0.000487 -0.000629 954.0
0.000486 -0.000629 955.0
0.000485 -0.000629 956.0
0.000484 -0.000629 957.0
0.000484 -0.000629 958.0
0.000483 -0.000629 959.0
0.000482 -0.000629 960.0
0.000482 -0.000630 961.0
0.000482 -0.000630 962.0
0.000481 -0.000630 963.0
0.000481 -0.000630 964.0
0.000480 -0.000630 965.0
0.000479 -0.000630 966.0
0.000479 -0.000629 967.0
0.000478 -0.000629 968.0
0.000478 -0.000629 969.0
0.000477 -0.000629 970.0
0.000477 -0.000629 971.0
0.000476 -0.000629 972.0
0.000475 -0.000629 973.0
0.000475 -0.000629 974.0
0.000474 -0.000629 975.0
0.000474 -0.000629 976.0
0.000473 -0.000629 977.0
0.000472 -0.000629 978.0
0.000472 -0.000629 979.0
0.000471 -0.000628 980.0
0.000471 -0.000628 981.0
0.000470 -0.000628 982.0
0.000470 -0.000628 983.0
0.000469 -0.000628 984.0
0.000468 -0.000628 985.0
0.000468 -0.000628 986.0
0.000467 -0.000628 987.0
0.000467 -0.000628 988.0
0.000466 -0.000628 989.0
0.000465 -0.000628 990.0
0.000465 -0.000628 991.0
0.000464 -0.000628 992.0
0.000464 -0.000628 993.0
0.000463 -0.000627 994.0
0.000463 -0.000627 995.0
0.000462 -0.000627 996.0
0.000461 -0.000627 997.0
0.000461 -0.000627 998.0
0.000460 -0.000627 999.0
0.000460 -0.000627 1000.0
0.000459 -0.000627 1001.0
0.000458 -0.000627 1002.0
0.000458 -0.000627 1003.0
0.000457 -0.000627 1004.0
0.000457 -0.000627 1005.0
0.000456 -0.000627 1006.0
0.000456 -0.000627 1007.0
0.000455 -0.000626 1008.0
0.000454 -0.000626 1009.0
0.000454 -0.000626 1010.0
0.000453 -0.000626 1011.0
0.000453 -0.000626 1012.0
0.000452 -0.000626 1013.0
0.000452 -0.000626 1014.0
0.000451 -0.000626 1015.0
0.000451 -0.000627 1016.0
0.000450 -0.000627 1017.0
0.000450 -0.000627 1018.0
0.000450 -0.000627 1019.0
0.000449 -0.000627 1020.0
0.000449 -0.000627 1021.0
0.000448 -0.000626 1022.0
0.000448 -0.000626 1023.0
0.000448 -0.000626 1024.0
0.000447 -0.000626 1025.0
0.000447 -0.000626 1026.0
0.000446 -0.000626 1027.0
0.000446 -0.000626 1028.0
0.000446 -0.000626 1029.0
0.000445 -0.000626 1030.0
0.000445 -0.000626 1031.0
0.000444 -0.000626 1032.0
0.000444 -0.000626 1033.0
0.000443 -0.000626 1034.0
0.000443 -0.000626 1035.0
0.000443 -0.000626 1036.0
0.000442 -0.000626 1037.0
0.000442 -0.000626 1038.0
0.000441 -0.000626 1039.0
0.000441 -0.000626 1040.0
0.000441 -0.000626 1041.0
0.000440 -0.000625 1042.0
0.000440 -0.000625 1043.0
0.000439 -0.000625 1044.0
0.000439 -0.000625 1045.0
0.000439 -0.000625 1046.0
0.000438 -0.000625 1047.0
0.000438 -0.000625 1048.0
0.000437 -0.000625 1049.0
0.000437 -0.000625 1050.0
0.000436 -0.000625 1051.0
0.000436 -0.000625 1052.0
0.000436 -0.000625 1053.0
0.000435 -0.000625 1054.0
0.000435 -0.000625 1055.0
0.000434 -0.000625 1056.0
0.000434 -0.000625 1057.0
0.000434 -0.000625 1058.0
0.000433 -0.000625 1059.0
0.000433 -0.000625 1060.0
0.000432 -0.000624 1061.0
0.000432 -0.000624 1062.0
0.000432 -0.000624 1063.0
0.000431 -0.000624 1064.0
0.000431 -0.000624 1065.0
0.000430 -0.000624 1066.0
0.000430 -0.000624 1067.0
0.000430 -0.000624 1068.0
0.000429 -0.000624 1069.0
0.000429 -0.000624 1070.0
0.000428 -0.000624 1071.0
0.000428 -0.000624 1072.0
0.000427 -0.000624 1073.0
0.000427 -0.000624 1074.0
0.000427 -0.000624 1075.0
0.000427 -0.000624 1076.0
0.000426 -0.000624 1077.0
0.000426 -0.000624 1078.0
0.000425 -0.000624 1079.0
0.000425 -0.000624 1080.0
0.000424 -0.000624 1081.0
0.000424 -0.000624 1082.0
0.000424 -0.000624 1083.0
0.000423 -0.000624 1084.0
0.000423 -0.000624 1085.0
0.000422 -0.000624 1086.0
0.000422 -0.000624 1087.0
0.000421 -0.000624 1088.0
0.000421 -0.000624 1089.0
0.000421 -0.000624 1090.0
0.000420 -0.000624 1091.0
0.000420 -0.000624 1092.0
0.000419 -0.000624 1093.0
0.000419 -0.000623 1094.0
0.000419 -0.000623 1095.0
0.000418 -0.000623 1096.0
0.000418 -0.000623 1097.0
0.000417 -0.000623 1098.0
0.000417 -0.000623 1099.0
0.000416 -0.000623 1100.0
0.000416 -0.000623 1101.0
0.000416 -0.000623 1102.0
0.000415 -0.000623 1103.0
0.000415 -0.000623 1104.0
0.000414 -0.000623 1105.0
0.000414 -0.000623 1106.0
0.000413 -0.000623 1107.0
0.000413 -0.000623 1108.0
0.000413 -0.000623 1109.0
0.000412 -0.000623 1110.0
0.000412 -0.000623 1111.0
0.000411 -0.000623 1112.0
0.000411 -0.000623 1113.0
0.000410 -0.000622 1114.0
0.000410 -0.000622 1115.0
0.000410 -0.000622 1116.0
0.000409 -0.000622 1117.0
0.000409 -0.000622 1118.0
0.000408 -0.000622 1119.0
0.000408 -0.000622 1120.0
0.000407 -0.000622 1121.0
0.000407 -0.000622 1122.0
0.000407 -0.000622 1123.0
0.000406 -0.000622 1124.0
0.000406 -0.000622 1125.0
0.000405 -0.000622 1126.0
0.000405 -0.000622 1127.0
0.000404 -0.000622 1128.0
0.000404 -0.000622 1129.0
0.000404 -0.000622 1130.0
0.000403 -0.000622 1131.0
0.000403 -0.000622 1132.0
0.000402 -0.000622 1133.0
0.000402 -0.000621 1134.0
0.000402 -0.000621 1135.0
0.000401 -0.000621 1136.0
0.000401 -0.000621 1137.0
0.000400 -0.000621 1138.0
0.000400 -0.000621 1139.0
0.000399 -0.000621 1140.0
0.000399 -0.000622 1141.0
0.000399 -0.000622 1142.0
0.000398 -0.000622 1143.0
0.000397 -0.000623 1144.0
0.000396 -0.000623 1145.0
0.000395 -0.000623 1146.0
0.000395 -0.000623 1147.0
0.000394 -0.000624 1148.0
0.000393 -0.000624 1149.0
0.000392 -0.000624 1150.0
0.000392 -0.000624 1151.0
0.000391 -0.000625 1152.0
0.000390 -0.000625 1153.0
0.000389 -0.000625 1154.0
0.000388 -0.000625 1155.0
0.000388 -0.000626 1156.0
0.000387 -0.000626 1157.0
0.000386 -0.000626 1158.0
0.000385 -0.000626 1159.0
0.000385 -0.000627 1160.0
0.000384 -0.000627 1161.0
0.000383 -0.000627 1162.0
0.000382 -0.000627 1163.0
0.000381 -0.000627 1164.0
0.000381 -0.000628 1165.0
0.000380 -0.000628 1166.0
0.000379 -0.000628 1167.0
0.000378 -0.000628 1168.0
0.000378 -0.000629 1169.0
0.000377 -0.000629 1170.0
0.000376 -0.000629 1171.0
0.000375 -0.000629 1172.0
0.000374 -0.000630 1173.0
0.000374 -0.000630 1174.0
0.000373 -0.000630 1175.0
0.000372 -0.000630 1176.0
0.000371 -0.000631 1177.0
0.000370 -0.000631 1178.0
0.000370 -0.000631 1179.0
0.000369 -0.000631 1180.0
0.000368 -0.000632 1181.0
0.000367 -0.000632 1182.0
0.000367 -0.000632 1183.0
0.000366 -0.000632 1184.0
0.000365 -0.000633 1185.0
0.000364 -0.000633 1186.0
0.000363 -0.000633 1187.0
0.000363 -0.000633 1188.0
0.000362 -0.000634 1189.0
0.000361 -0.000634 1190.0
0.000360 -0.000634 1191.0
0.000360 -0.000634 1192.0
0.000359 -0.000635 1193.0
0.000358 -0.000635 1194.0
0.000357 -0.000635 1195.0
0.000357 -0.000632 1196.0
0.000356 -0.000633 1197.0
0.000355 -0.000633 1198.0
0.000355 -0.000634 1199.0
0.000354 -0.000634 1200.0
0.000354 -0.000634 1201.0
0.000353 -0.000635 1202.0
0.000352 -0.000635 1203.0
0.000352 -0.000635 1204.0
0.000351 -0.000636 1205.0
0.000350 -0.000636 1206.0
0.000350 -0.000636 1207.0
0.000349 -0.000637 1208.0
0.000348 -0.000637 1209.0
0.000348 -0.000638 1210.0
0.000347 -0.000638 1211.0
0.000347 -0.000638 1212.0
0.000346 -0.000639 1213.0
0.000345 -0.000639 1214.0
0.000345 -0.000639 1215.0
0.000344 -0.000640 1216.0
0.000343 -0.000640 1217.0
0.000343 -0.000641 1218.0
0.000342 -0.000641 1219.0
0.000341 -0.000641 1220.0
0.000341 -0.000642 1221.0
0.000340 -0.000642 1222.0
0.000340 -0.000642 1223.0
0.000339 -0.000643 1224.0
0.000338 -0.000643 1225.0
0.000338 -0.000643 1226.0
0.000337 -0.000644 1227.0
0.000336 -0.000644 1228.0
0.000336 -0.000645 1229.0
0.000335 -0.000645 1230.0
0.000335 -0.000645 1231.0
0.000334 -0.000646 1232.0
0.000333 -0.000646 1233.0
0.000333 -0.000646 1234.0
0.000332 -0.000647 1235.0
0.000331 -0.000647 1236.0
0.000331 -0.000647 1237.0
0.000330 -0.000648 1238.0
0.000329 -0.000648 1239.0
0.000329 -0.000649 1240.0
0.000328 -0.000649 1241.0
0.000328 -0.000649 1242.0
0.000327 -0.000650 1243.0
0.000326 -0.000650 1244.0
0.000326 -0.000650 1245.0
0.000325 -0.000651 1246.0
0.000324 -0.000651 1247.0
0.000324 -0.000651 1248.0
0.000323 -0.000652 1249.0
0.000322 -0.000652 1250.0
0.000322 -0.000653 1251.0
0.000321 -0.000653 1252.0
0.000321 -0.000653 1253.0
0.000320 -0.000654 1254.0
0.000319 -0.000654 1255.0
0.000319 -0.000654 1256.0
0.000317 -0.000650 1257.0
0.000317 -0.000650 1258.0
0.000317 -0.000650 1259.0
0.000316 -0.000650 1260.0
0.000316 -0.000650 1261.0
0.000316 -0.000650 1262.0
0.000315 -0.000649 1263.0
0.000315 -0.000649 1264.0
0.000315 -0.000649 1265.0
0.000315 -0.000649 1266.0
0.000314 -0.000649 1267.0
0.000314 -0.000648 1268.0
0.000314 -0.000648 1269.0
0.000313 -0.000648 1270.0
0.000313 -0.000648 1271.0
0.000313 -0.000648 1272.0
0.000312 -0.000647 1273.0
0.000312 -0.000647 1274.0
0.000312 -0.000647 1275.0
0.000312 -0.000647 1276.0
0.000311 -0.000647 1277.0
0.000311 -0.000646 1278.0
0.000311 -0.000646 1279.0
0.000310 -0.000646 1280.0
0.000310 -0.000646 1281.0
0.000310 -0.000646 1282.0
0.000309 -0.000645 1283.0
0.000309 -0.000645 1284.0
0.000309 -0.000645 1285.0
0.000308 -0.000645 1286.0
0.000308 -0.000645 1287.0
0.000308 -0.000644 1288.0
0.000308 -0.000644 1289.0
0.000307 -0.000644 1290.0
0.000307 -0.000644 1291.0
0.000307 -0.000644 1292.0
0.000306 -0.000643 1293.0
0.000306 -0.000643 1294.0
0.000306 -0.000643 1295.0
0.000305 -0.000643 1296.0
0.000305 -0.000643 1297.0
0.000305 -0.000642 1298.0
0.000304 -0.000642 1299.0
0.000304 -0.000642 1300.0
0.000304 -0.000642 1301.0
0.000304 -0.000642 1302.0
0.000303 -0.000641 1303.0
0.000303 -0.000641 1304.0
0.000303 -0.000641 1305.0
0.000302 -0.000641 1306.0
0.000302 -0.000641 1307.0
0.000302 -0.000640 1308.0
0.000301 -0.000640 1309.0
0.000301 -0.000640 1310.0
0.000301 -0.000640 1311.0
0.000301 -0.000640 1312.0
0.000300 -0.000639 1313.0
0.000300 -0.000639 1314.0
0.000300 -0.000639 1315.0
0.000299 -0.000639 1316.0
0.000299 -0.000641 1317.0
0.000299 -0.000641 1318.0
0.000299 -0.000641 1319.0
0.000299 -0.000642 1320.0
0.000299 -0.000642 1321.0
0.000299 -0.000642 1322.0
0.000299 -0.000642 1323.0
0.000299 -0.000643 1324.0
0.000299 -0.000643 1325.0
0.000299 -0.000643 1326.0
0.000299 -0.000644 1327.0
0.000299 -0.000644 1328.0
0.000299 -0.000644 1329.0
0.000299 -0.000644 1330.0
0.000299 -0.000645 1331.0
0.000299 -0.000645 1332.0
0.000299 -0.000645 1333.0
0.000299 -0.000645 1334.0
0.000299 -0.000646 1335.0
0.000299 -0.000646 1336.0
0.000299 -0.000646 1337.0
0.000299 -0.000647 1338.0
0.000299 -0.000647 1339.0
0.000299 -0.000647 1340.0
0.000299 -0.000647 1341.0
0.000299 -0.000648 1342.0
0.000299 -0.000648 1343.0
0.000299 -0.000648 1344.0
0.000299 -0.000649 1345.0
0.000299 -0.000649 1346.0
0.000299 -0.000649 1347.0
0.000299 -0.000649 1348.0
0.000299 -0.000650 1349.0
0.000299 -0.000650 1350.0
0.000299 -0.000650 1351.0
0.000299 -0.000650 1352.0
0.000299 -0.000651 1353.0
0.000299 -0.000651 1354.0
0.000299 -0.000651 1355.0
0.000299 -0.000652 1356.0
0.000299 -0.000652 1357.0
0.000299 -0.000652 1358.0
0.000299 -0.000652 1359.0
0.000299 -0.000653 1360.0
0.000299 -0.000653 1361.0
0.000299 -0.000653 1362.0
0.000299 -0.000653 1363.0
0.000299 -0.000653 1364.0
0.000299 -0.000653 1365.0
0.000299 -0.000653 1366.0
0.000299 -0.000653 1367.0
0.000299 -0.000653 1368.0
0.000299 -0.000653 1369.0
0.000299 -0.000653 1370.0
0.000299 -0.000653 1371.0
0.000299 -0.000653 1372.0
0.000299 -0.000653 1373.0
0.000298 -0.000653 1374.0
0.000298 -0.000653 1375.0
0.000298 -0.000653 1376.0
0.000298 -0.000653 1377.0
0.000298 -0.000653 1378.0
0.000298 -0.000653 1379.0
0.000298 -0.000653 1380.0
0.000298 -0.000653 1381.0
0.000298 -0.000653 1382.0
0.000298 -0.000653 1383.0
0.000298 -0.000653 1384.0
0.000298 -0.000653 1385.0
0.000298 -0.000653 1386.0
0.000298 -0.000653 1387.0
0.000298 -0.000653 1388.0
0.000298 -0.000653 1389.0
0.000298 -0.000653 1390.0
0.000298 -0.000653 1391.0
0.000298 -0.000653 1392.0
0.000298 -0.000653 1393.0
0.000298 -0.000653 1394.0
0.000298 -0.000653 1395.0
0.000298 -0.000653 1396.0
0.000298 -0.000653 1397.0
0.000298 -0.000653 1398.0
0.000298 -0.000653 1399.0
0.000298 -0.000653 1400.0
0.000298 -0.000653 1401.0
0.000298 -0.000653 1402.0
0.000297 -0.000653 1403.0
0.000297 -0.000653 1404.0
0.000297 -0.000653 1405.0
0.000297 -0.000653 1406.0
0.000297 -0.000653 1407.0
0.000297 -0.000653 1408.0
0.000297 -0.000653 1409.0
0.000297 -0.000653 1410.0
0.000297 -0.000653 1411.0
0.000297 -0.000653 1412.0
0.000297 -0.000653 1413.0
0.000297 -0.000653 1414.0
0.000297 -0.000653 1415.0
0.000297 -0.000653 1416.0
0.000297 -0.000653 1417.0
0.000297 -0.000653 1418.0
0.000297 -0.000653 1419.0
0.000297 -0.000653 1420.0
0.000297 -0.000653 1421.0
0.000297 -0.000653 1422.0
0.000297 -0.000653 1423.0
0.000297 -0.000653 1424.0
0.000298 -0.000653 1425.0
0.000298 -0.000653 1426.0
0.000298 -0.000653 1427.0
0.000299 -0.000653 1428.0
0.000299 -0.000653 1429.0
0.000299 -0.000653 1430.0
0.000300 -0.000652 1431.0
0.000300 -0.000652 1432.0
0.000300 -0.000652 1433.0
0.000301 -0.000652 1434.0
0.000301 -0.000652 1435.0
0.000301 -0.000652 1436.0
0.000302 -0.000652 1437.0
0.000302 -0.000652 1438.0
0.000302 -0.000652 1439.0
0.000303 -0.000652 1440.0
0.000303 -0.000652 1441.0
0.000303 -0.000652 1442.0
0.000304 -0.000651 1443.0
0.000304 -0.000651 1444.0
0.000304 -0.000651 1445.0
0.000305 -0.000651 1446.0
0.000305 -0.000651 1447.0
0.000305 -0.000651 1448.0
0.000306 -0.000651 1449.0
0.000306 -0.000651 1450.0
0.000306 -0.000651 1451.0
0.000307 -0.000651 1452.0
0.000307 -0.000651 1453.0
0.000307 -0.000651 1454.0
0.000308 -0.000651 1455.0
0.000308 -0.000650 1456.0
0.000308 -0.000650 1457.0
0.000309 -0.000650 1458.0
0.000309 -0.000650 1459.0
0.000309 -0.000650 1460.0
0.000310 -0.000650 1461.0
0.000310 -0.000650 1462.0
0.000310 -0.000650 1463.0
0.000311 -0.000650 1464.0
0.000311 -0.000650 1465.0
0.000311 -0.000650 1466.0
0.000312 -0.000650 1467.0
0.000312 -0.000649 1468.0
0.000312 -0.000649 1469.0
0.000313 -0.000649 1470.0
0.000313 -0.000649 1471.0
0.000313 -0.000649 1472.0
0.000314 -0.000649 1473.0
0.000314 -0.000649 1474.0
0.000314 -0.000649 1475.0
0.000315 -0.000649 1476.0
0.000315 -0.000649 1477.0
0.000315 -0.000649 1478.0
0.000316 -0.000649 1479.0
0.000316 -0.000648 1480.0
0.000316 -0.000648 1481.0
0.000317 -0.000648 1482.0
0.000317 -0.000649 1483.0
0.000317 -0.000649 1484.0
0.000317 -0.000649 1485.0
0.000317 -0.000649 1486.0
0.000317 -0.000649 1487.0
0.000317 -0.000649 1488.0
0.000317 -0.000649 1489.0
0.000317 -0.000649 1490.0
0.000317 -0.000649 1491.0
0.000317 -0.000649 1492.0
0.000317 -0.000649 1493.0
0.000317 -0.000649 1494.0
0.000317 -0.000649 1495.0
0.000317 -0.000649 1496.0
0.000317 -0.000649 1497.0
0.000317 -0.000649 1498.0
0.000317 -0.000649 1499.0
0.000317 -0.000649 1500.0
0.000317 -0.000649 1501.0
0.000317 -0.000649 1502.0
0.000317 -0.000649 1503.0
0.000317 -0.000649 1504.0
0.000317 -0.000649 1505.0
0.000317 -0.000649 1506.0
0.000317 -0.000649 1507.0
0.000317 -0.000649 1508.0
0.000317 -0.000649 1509.0
0.000317 -0.000649 1510.0
0.000317 -0.000649 1511.0
0.000317 -0.000649 1512.0
0.000317 -0.000649 1513.0
0.000317 -0.000649 1514.0
0.000317 -0.000649 1515.0
0.000317 -0.000649 1516.0
0.000317 -0.000649 1517.0
0.000317 -0.000649 1518.0
0.000317 -0.000649 1519.0
0.000317 -0.000649 1520.0
0.000317 -0.000649 1521.0
0.000317 -0.000649 1522.0
0.000317 -0.000649 1523.0
0.000317 -0.000649 1524.0
0.000317 -0.000649 1525.0
0.000317 -0.000649 1526.0
0.000317 -0.000649 1527.0
0.000317 -0.000649 1528.0
0.000317 -0.000649 1529.0
0.000317 -0.000649 1530.0
0.000317 -0.000649 1531.0
0.000317 -0.000649 1532.0
0.000317 -0.000649 1533.0
0.000317 -0.000649 1534.0
0.000317 -0.000649 1535.0
0.000317 -0.000649 1536.0
0.000317 -0.000649 1537.0
0.000317 -0.000649 1538.0
0.000317 -0.000649 1539.0
0.000317 -0.000649 1540.0
0.000317 -0.000649 1541.0
0.000317 -0.000649 1542.0
0.000317 -0.000649 1543.0
0.000317 -0.000649 1544.0
0.000317 -0.000649 1545.0
0.000317 -0.000649 1546.0
0.000317 -0.000649 1547.0
0.000317 -0.000649 1548.0
0.000317 -0.000649 1549.0
0.000317 -0.000649 1550.0
0.000317 -0.000649 1551.0
0.000316 -0.000650 1552.0
0.000315 -0.000651 1553.0
0.000315 -0.000651 1554.0
0.000314 -0.000652 1555.0
0.000313 -0.000653 1556.0
0.000312 -0.000654 1557.0
0.000311 -0.000655 1558.0
0.000311 -0.000655 1559.0
0.000310 -0.000656 1560.0
0.000309 -0.000657 1561.0
0.000308 -0.000658 1562.0
0.000308 -0.000658 1563.0
0.000307 -0.000659 1564.0
0.000306 -0.000660 1565.0
0.000305 -0.000661 1566.0
0.000304 -0.000661 1567.0
0.000304 -0.000662 1568.0
0.000303 -0.000663 1569.0
0.000302 -0.000664 1570.0
0.000301 -0.000664 1571.0
0.000301 -0.000665 1572.0
0.000300 -0.000666 1573.0
0.000299 -0.000667 1574.0
0.000298 -0.000668 1575.0
0.000297 -0.000668 1576.0
0.000297 -0.000669 1577.0
0.000296 -0.000670 1578.0
0.000295 -0.000671 1579.0
0.000294 -0.000671 1580.0
0.000294 -0.000672 1581.0
0.000293 -0.000673 1582.0
0.000292 -0.000674 1583.0
0.000291 -0.000674 1584.0
0.000290 -0.000675 1585.0
0.000290 -0.000676 1586.0
0.000289 -0.000677 1587.0
0.000288 -0.000678 1588.0
0.000287 -0.000678 1589.0
0.000287 -0.000679 1590.0
0.000286 -0.000680 1591.0
0.000285 -0.000681 1592.0
0.000284 -0.000681 1593.0
0.000283 -0.000682 1594.0
0.000283 -0.000683 1595.0
0.000282 -0.000684 1596.0
0.000281 -0.000684 1597.0
0.000280 -0.000685 1598.0
0.000279 -0.000686 1599.0
0.000279 -0.000687 1600.0
0.000278 -0.000687 1601.0
0.000277 -0.000688 1602.0
0.000276 -0.000689 1603.0
0.000276 -0.000690 1604.0
0.000275 -0.000691 1605.0
0.000274 -0.000691 1606.0
0.000273 -0.000692 1607.0
0.000272 -0.000693 1608.0
0.000272 -0.000694 1609.0
0.000271 -0.000694 1610.0
0.000270 -0.000695 1611.0
0.000269 -0.000696 1612.0
0.000269 -0.000697 1613.0
0.000268 -0.000697 1614.0
0.000267 -0.000698 1615.0
0.000263 -0.000691 1616.0
0.000263 -0.000692 1617.0
0.000262 -0.000692 1618.0
0.000262 -0.000693 1619.0
0.000261 -0.000694 1620.0
0.000261 -0.000694 1621.0
0.000260 -0.000695 1622.0
0.000260 -0.000695 1623.0
0.000259 -0.000696 1624.0
0.000259 -0.000697 1625.0
0.000258 -0.000697 1626.0
0.000258 -0.000698 1627.0
0.000257 -0.000698 1628.0
0.000257 -0.000699 1629.0
0.000256 -0.000700 1630.0
0.000256 -0.000700 1631.0
0.000255 -0.000701 1632.0
0.000255 -0.000701 1633.0
0.000254 -0.000702 1634.0
0.000254 -0.000703 1635.0
0.000253 -0.000703 1636.0
0.000253 -0.000704 1637.0
0.000252 -0.000705 1638.0
0.000252 -0.000705 1639.0
0.000251 -0.000706 1640.0
0.000251 -0.000706 1641.0
0.000250 -0.000707 1642.0
0.000250 -0.000708 1643.0
0.000249 -0.000708 1644.0
0.000249 -0.000709 1645.0
0.000248 -0.000709 1646.0
0.000248 -0.000710 1647.0
0.000247 -0.000711 1648.0
0.000247 -0.000711 1649.0
0.000246 -0.000712 1650.0
0.000246 -0.000712 1651.0
0.000246 -0.000713 1652.0
0.000245 -0.000714 1653.0
0.000245 -0.000714 1654.0
0.000244 -0.000715 1655.0
0.000244 -0.000715 1656.0
0.000243 -0.000716 1657.0
0.000243 -0.000717 1658.0
0.000242 -0.000717 1659.0
0.000242 -0.000718 1660.0
0.000241 -0.000718 1661.0
0.000241 -0.000719 1662.0
0.000240 -0.000720 1663.0
0.000240 -0.000720 1664.0
0.000239 -0.000721 1665.0
0.000239 -0.000721 1666.0
0.000238 -0.000722 1667.0
0.000238 -0.000723 1668.0
0.000237 -0.000723 1669.0
0.000237 -0.000724 1670.0
0.000234 -0.000720 1671.0
0.000233 -0.000721 1672.0
0.000232 -0.000721 1673.0
0.000232 -0.000722 1674.0
0.000231 -0.000723 1675.0
0.000230 -0.000724 1676.0
0.000229 -0.000724 1677.0
0.000229 -0.000725 1678.0
0.000228 -0.000726 1679.0
0.000227 -0.000726 1680.0
0.000226 -0.000727 1681.0
0.000226 -0.000728 1682.0
0.000225 -0.000729 1683.0
0.000224 -0.000729 1684.0
0.000223 -0.000730 1685.0
0.000223 -0.000731 1686.0
0.000222 -0.000731 1687.0
0.000221 -0.000732 1688.0
0.000220 -0.000733 1689.0
0.000219 -0.000734 1690.0
0.000219 -0.000734 1691.0
0.000218 -0.000735 1692.0
0.000217 -0.000736 1693.0
0.000216 -0.000736 1694.0
0.000216 -0.000737 1695.0
0.000215 -0.000738 1696.0
0.000214 -0.000739 1697.0
0.000213 -0.000739 1698.0
0.000213 -0.000740 1699.0
0.000212 -0.000741 1700.0
0.000211 -0.000741 1701.0
0.000210 -0.000742 1702.0
0.000210 -0.000743 1703.0
0.000209 -0.000744 1704.0
0.000208 -0.000744 1705.0
0.000207 -0.000745 1706.0
0.000207 -0.000746 1707.0
0.000206 -0.000746 1708.0
0.000205 -0.000747 1709.0
0.000204 -0.000748 1710.0
0.000204 -0.000749 1711.0
0.000203 -0.000749 1712.0
0.000202 -0.000750 1713.0
0.000201 -0.000751 1714.0
0.000200 -0.000751 1715.0
0.000200 -0.000752 1716.0
0.000199 -0.000753 1717.0
0.000198 -0.000754 1718.0
0.000197 -0.000754 1719.0
0.000197 -0.000755 1720.0
0.000196 -0.000756 1721.0
0.000195 -0.000756 1722.0
0.000194 -0.000757 1723.0
0.000194 -0.000758 1724.0
0.000193 -0.000759 1725.0
0.000192 -0.000759 1726.0
0.000191 -0.000760 1727.0
0.000191 -0.000761 1728.0
0.000190 -0.000761 1729.0
0.000189 -0.000762 1730.0
0.000186 -0.000756 1731.0
0.000185 -0.000756 1732.0
0.000185 -0.000755 1733.0
0.000185 -0.000755 1734.0
0.000185 -0.000754 1735.0
0.000184 -0.000754 1736.0
0.000184 -0.000754 1737.0
0.000184 -0.000753 1738.0
0.000183 -0.000753 1739.0
0.000183 -0.000753 1740.0
0.000183 -0.000752 1741.0
0.000183 -0.000752 1742.0
0.000182 -0.000751 1743.0
0.000182 -0.000751 1744.0
0.000182 -0.000751 1745.0
0.000181 -0.000750 1746.0
0.000181 -0.000750 1747.0
0.000181 -0.000750 1748.0
0.000181 -0.000749 1749.0
0.000180 -0.000749 1750.0
0.000180 -0.000748 1751.0
0.000180 -0.000748 1752.0
0.000179 -0.000748 1753.0
0.000179 -0.000747 1754.0
0.000179 -0.000747 1755.0
0.000179 -0.000747 1756.0
0.000178 -0.000746 1757.0
0.000178 -0.000746 1758.0
0.000178 -0.000746 1759.0
0.000177 -0.000745 1760.0
0.000177 -0.000745 1761.0
0.000177 -0.000744 1762.0
0.000177 -0.000744 1763.0
0.000176 -0.000744 1764.0
0.000176 -0.000743 1765.0
0.000176 -0.000743 1766.0
0.000175 -0.000743 1767.0
0.000175 -0.000742 1768.0
0.000175 -0.000742 1769.0
0.000175 -0.000741 1770.0
0.000174 -0.000741 1771.0
0.000174 -0.000741 1772.0
0.000174 -0.000740 1773.0
0.000173 -0.000740 1774.0
0.000173 -0.000740 1775.0
0.000173 -0.000739 1776.0
0.000173 -0.000739 1777.0
0.000172 -0.000738 1778.0
0.000172 -0.000738 1779.0
0.000172 -0.000738 1780.0
0.000171 -0.000737 1781.0
0.000171 -0.000737 1782.0
0.000171 -0.000737 1783.0
0.000171 -0.000736 1784.0
0.000170 -0.000736 1785.0
0.000170 -0.000735 1786.0
0.000170 -0.000735 1787.0
0.000169 -0.000735 1788.0
0.000169 -0.000734 1789.0
0.000169 -0.000734 1790.0
0.000169 -0.000734 1791.0
0.000168 -0.000733 1792.0
0.000168 -0.000733 1793.0
0.000168 -0.000733 1794.0
0.000167 -0.000732 1795.0
0.000167 -0.000732 1796.0
0.000167 -0.000731 1797.0
0.000167 -0.000731 1798.0
0.000166 -0.000731 1799.0
0.000166 -0.000730 1800.0
0.000166 -0.000730 1801.0
0.000165 -0.000730 1802.0
0.000165 -0.000729 1803.0
0.000165 -0.000729 1804.0
0.000165 -0.000728 1805.0
0.000164 -0.000728 1806.0
0.000164 -0.000728 1807.0
0.000164 -0.000727 1808.0
0.000163 -0.000727 1809.0
0.000163 -0.000727 1810.0
0.000163 -0.000726 1811.0
0.000163 -0.000726 1812.0
0.000162 -0.000725 1813.0
0.000162 -0.000725 1814.0
0.000162 -0.000725 1815.0
0.000161 -0.000724 1816.0
0.000161 -0.000724 1817.0
0.000161 -0.000724 1818.0
0.000161 -0.000723 1819.0
0.000160 -0.000723 1820.0
0.000160 -0.000722 1821.0
0.000160 -0.000722 1822.0
0.000159 -0.000722 1823.0
0.000159 -0.000721 1824.0
0.000159 -0.000721 1825.0
0.000159 -0.000721 1826.0
0.000158 -0.000720 1827.0
0.000158 -0.000720 1828.0
0.000158 -0.000720 1829.0
0.000157 -0.000719 1830.0
0.000157 -0.000719 1831.0
0.000157 -0.000718 1832.0
0.000157 -0.000718 1833.0
0.000156 -0.000718 1834.0
0.000156 -0.000717 1835.0
0.000156 -0.000717 1836.0
0.000155 -0.000717 1837.0
0.000155 -0.000716 1838.0
0.000155 -0.000716 1839.0
0.000155 -0.000715 1840.0
0.000154 -0.000715 1841.0
0.000154 -0.000715 1842.0
0.000154 -0.000714 1843.0
0.000153 -0.000714 1844.0
0.000153 -0.000714 1845.0
0.000153 -0.000713 1846.0
0.000153 -0.000713 1847.0
0.000152 -0.000712 1848.0
0.000152 -0.000712 1849.0
0.000152 -0.000712 1850.0
0.000148 -0.000717 1851.0
0.000148 -0.000717 1852.0
0.000148 -0.000717 1853.0
0.000148 -0.000717 1854.0
0.000148 -0.000717 1855.0
0.000148 -0.000717 1856.0
0.000148 -0.000717 1857.0
0.000148 -0.000717 1858.0
0.000148 -0.000717 1859.0
0.000148 -0.000717 1860.0
0.000148 -0.000717 1861.0
0.000148 -0.000717 1862.0
0.000148 -0.000717 1863.0
0.000148 -0.000717 1864.0
0.000148 -0.000717 1865.0
0.000148 -0.000717 1866.0
0.000148 -0.000717 1867.0
0.000148 -0.000717 1868.0
0.000148 -0.000717 1869.0
0.000148 -0.000717 1870.0
0.000148 -0.000717 1871.0
0.000148 -0.000717 1872.0
0.000148 -0.000717 1873.0
0.000148 -0.000717 1874.0
0.000148 -0.000717 1875.0
0.000148 -0.000717 1876.0
0.000148 -0.000717 1877.0
0.000148 -0.000717 1878.0
0.000148 -0.000717 1879.0
0.000148 -0.000717 1880.0
0.000148 -0.000717 1881.0
0.000148 -0.000717 1882.0
0.000148 -0.000717 1883.0
0.000148 -0.000717 1884.0
0.000148 -0.000717 1885.0
0.000148 -0.000717 1886.0
0.000148 -0.000717 1887.0
0.000148 -0.000717 1888.0
0.000148 -0.000717 1889.0
0.000148 -0.000717 1890.0
0.000148 -0.000717 1891.0
0.000148 -0.000717 1892.0
0.000148 -0.000717 1893.0
0.000148 -0.000717 1894.0
0.000148 -0.000717 1895.0
0.000148 -0.000717 1896.0
0.000148 -0.000717 1897.0
0.000148 -0.000717 1898.0
0.000148 -0.000717 1899.0
0.000148 -0.000717 1900.0
0.000149 -0.000718 1901.0
0.000149 -0.000718 1902.0
0.000149 -0.000719 1903.0
0.000150 -0.000719 1904.0
0.000150 -0.000720 1905.0
0.000150 -0.000720 1906.0
0.000151 -0.000721 1907.0
0.000151 -0.000721 1908.0
0.000151 -0.000721 1909.0
0.000152 -0.000722 1910.0
0.000152 -0.000722 1911.0
0.000152 -0.000723 1912.0
0.000153 -0.000723 1913.0
0.000153 -0.000724 1914.0
0.000153 -0.000724 1915.0
0.000154 -0.000725 1916.0
0.000154 -0.000725 1917.0
0.000154 -0.000726 1918.0
0.000155 -0.000726 1919.0
0.000155 -0.000727 1920.0
0.000155 -0.000727 1921.0
0.000156 -0.000727 1922.0
0.000156 -0.000728 1923.0
0.000157 -0.000728 1924.0
0.000157 -0.000729 1925.0
0.000157 -0.000729 1926.0
0.000158 -0.000730 1927.0
0.000158 -0.000730 1928.0
0.000158 -0.000731 1929.0
0.000159 -0.000731 1930.0
0.000159 -0.000732 1931.0
0.000159 -0.000732 1932.0
0.000160 -0.000733 1933.0
0.000160 -0.000733 1934.0
0.000160 -0.000733 1935.0
0.000161 -0.000734 1936.0
0.000161 -0.000734 1937.0
0.000161 -0.000735 1938.0
0.000162 -0.000735 1939.0
0.000162 -0.000736 1940.0
0.000162 -0.000736 1941.0
0.000163 -0.000737 1942.0
0.000163 -0.000737 1943.0
0.000163 -0.000738 1944.0
0.000164 -0.000738 1945.0
0.000164 -0.000739 1946.0
0.000164 -0.000739 1947.0
0.000165 -0.000740 1948.0
0.000165 -0.000740 1949.0
0.000165 -0.000740 1950.0
0.000166 -0.000741 1951.0
0.000166 -0.000741 1952.0
0.000166 -0.000742 1953.0
0.000167 -0.000742 1954.0
0.000167 -0.000743 1955.0
0.000168 -0.000743 1956.0
0.000168 -0.000744 1957.0
0.000168 -0.000744 1958.0
0.000171 -0.000741 1959.0
0.000171 -0.000741 1960.0
0.000172 -0.000740 1961.0
0.000173 -0.000740 1962.0
0.000174 -0.000740 1963.0
0.000174 -0.000739 1964.0
0.000175 -0.000739 1965.0
0.000176 -0.000739 1966.0
0.000177 -0.000739 1967.0
0.000178 -0.000738 1968.0
0.000178 -0.000738 1969.0
0.000179 -0.000738 1970.0
0.000180 -0.000737 1971.0
0.000181 -0.000737 1972.0
0.000182 -0.000737 1973.0
0.000182 -0.000736 1974.0
0.000183 -0.000736 1975.0
0.000184 -0.000736 1976.0
0.000185 -0.000735 1977.0
0.000185 -0.000735 1978.0
0.000186 -0.000735 1979.0
0.000187 -0.000734 1980.0
0.000188 -0.000734 1981.0
0.000189 -0.000734 1982.0
0.000189 -0.000734 1983.0
0.000190 -0.000733 1984.0
0.000191 -0.000733 1985.0
0.000192 -0.000733 1986.0
0.000192 -0.000732 1987.0
0.000193 -0.000732 1988.0
0.000194 -0.000732 1989.0
0.000195 -0.000731 1990.0
0.000196 -0.000731 1991.0
0.000196 -0.000731 1992.0
0.000197 -0.000730 1993.0
0.000198 -0.000730 1994.0
0.000199 -0.000730 1995.0
0.000200 -0.000729 1996.0
0.000200 -0.000729 1997.0
0.000201 -0.000729 1998.0
0.000202 -0.000728 1999.0
0.000203 -0.000728 2000.0
0.000203 -0.000728 2001.0
0.000204 -0.000728 2002.0
0.000205 -0.000727 2003.0
0.000206 -0.000727 2004.0
0.000207 -0.000727 2005.0
0.000207 -0.000726 2006.0
0.000208 -0.000726 2007.0
0.000209 -0.000726 2008.0
0.000210 -0.000725 2009.0
0.000210 -0.000725 2010.0
0.000211 -0.000725 2011.0
0.000212 -0.000724 2012.0
0.000213 -0.000724 2013.0
0.000214 -0.000724 2014.0
0.000214 -0.000723 2015.0
0.000215 -0.000723 2016.0
0.000216 -0.000723 2017.0
0.000217 -0.000722 2018.0
0.000217 -0.000722 2019.0
0.000218 -0.000722 2020.0
0.000219 -0.000722 2021.0
0.000220 -0.000721 2022.0
0.000221 -0.000721 2023.0
0.000221 -0.000721 2024.0
0.000222 -0.000720 2025.0
0.000223 -0.000720 2026.0
0.000224 -0.000720 2027.0
0.000225 -0.000719 2028.0
0.000225 -0.000719 2029.0
0.000226 -0.000719 2030.0
0.000227 -0.000718 2031.0
0.000228 -0.000718 2032.0
0.000228 -0.000718 2033.0
0.000229 -0.000717 2034.0
0.000230 -0.000722 2035.0
0.000231 -0.000721 2036.0
0.000231 -0.000720 2037.0
0.000232 -0.000719 2038.0
0.000232 -0.000718 2039.0
0.000233 -0.000717 2040.0
0.000233 -0.000716 2041.0
0.000234 -0.000715 2042.0
0.000234 -0.000714 2043.0
0.000234 -0.000713 2044.0
0.000235 -0.000712 2045.0
0.000235 -0.000711 2046.0
0.000236 -0.000710 2047.0
0.000236 -0.000709 2048.0
0.000237 -0.000708 2049.0
0.000237 -0.000707 2050.0
0.000238 -0.000706 2051.0
0.000238 -0.000705 2052.0
0.000239 -0.000704 2053.0
0.000239 -0.000703 2054.0
0.000240 -0.000702 2055.0
0.000240 -0.000702 2056.0
0.000241 -0.000701 2057.0
0.000241 -0.000700 2058.0
0.000241 -0.000699 2059.0
0.000242 -0.000698 2060.0
0.000242 -0.000697 2061.0
0.000243 -0.000696 2062.0
0.000243 -0.000695 2063.0
0.000244 -0.000694 2064.0
0.000244 -0.000693 2065.0
0.000245 -0.000692 2066.0
0.000245 -0.000691 2067.0
0.000246 -0.000690 2068.0
0.000246 -0.000689 2069.0
0.000247 -0.000688 2070.0
0.000247 -0.000687 2071.0
0.000248 -0.000686 2072.0
0.000248 -0.000685 2073.0
0.000249 -0.000684 2074.0
0.000249 -0.000683 2075.0
0.000249 -0.000682 2076.0
0.000250 -0.000681 2077.0
0.000250 -0.000680 2078.0
0.000251 -0.000679 2079.0
0.000251 -0.000678 2080.0
0.000252 -0.000677 2081.0
0.000252 -0.000676 2082.0
0.000253 -0.000675 2083.0
0.000253 -0.000674 2084.0
0.000254 -0.000673 2085.0
0.000254 -0.000672 2086.0
0.000255 -0.000671 2087.0
0.000255 -0.000670 2088.0
0.000256 -0.000669 2089.0
0.000256 -0.000668 2090.0
0.000256 -0.000667 2091.0
0.000257 -0.000666 2092.0
0.000257 -0.000665 2093.0
0.000258 -0.000665 2094.0
0.000258 -0.000664 2095.0
0.000259 -0.000663 2096.0
0.000259 -0.000662 2097.0
0.000260 -0.000661 2098.0
0.000260 -0.000660 2099.0
0.000265 -0.000664 2100.0
0.000266 -0.000661 2101.0
0.000266 -0.000658 2102.0
0.000267 -0.000656 2103.0
0.000267 -0.000653 2104.0
0.000267 -0.000650 2105.0
0.000268 -0.000647 2106.0
0.000268 -0.000645 2107.0
0.000269 -0.000642 2108.0
0.000269 -0.000639 2109.0
0.000269 -0.000636 2110.0
0.000270 -0.000634 2111.0
0.000270 -0.000631 2112.0
0.000271 -0.000628 2113.0
0.000271 -0.000625 2114.0
0.000271 -0.000623 2115.0
0.000272 -0.000620 2116.0
0.000272 -0.000617 2117.0
0.000273 -0.000614 2118.0
0.000273 -0.000612 2119.0
0.000273 -0.000609 2120.0
0.000274 -0.000606 2121.0
0.000274 -0.000603 2122.0
0.000275 -0.000601 2123.0
0.000275 -0.000598 2124.0
0.000276 -0.000595 2125.0
0.000276 -0.000592 2126.0
0.000276 -0.000590 2127.0
0.000277 -0.000587 2128.0
0.000277 -0.000584 2129.0
0.000278 -0.000581 2130.0
0.000278 -0.000579 2131.0
0.000278 -0.000576 2132.0
0.000279 -0.000573 2133.0
0.000279 -0.000570 2134.0
0.000280 -0.000568 2135.0
0.000280 -0.000565 2136.0
0.000280 -0.000562 2137.0
0.000281 -0.000559 2138.0
0.000281 -0.000557 2139.0
0.000282 -0.000554 2140.0
0.000282 -0.000551 2141.0
0.000282 -0.000548 2142.0
0.000283 -0.000546 2143.0
0.000283 -0.000543 2144.0
0.000284 -0.000540 2145.0
0.000288 -0.000541 2146.0
0.000289 -0.000539 2147.0
0.000290 -0.000537 2148.0
0.000292 -0.000535 2149.0
0.000293 -0.000533 2150.0
0.000294 -0.000531 2151.0
0.000295 -0.000529 2152.0
0.000296 -0.000527 2153.0
0.000297 -0.000525 2154.0
0.000298 -0.000523 2155.0
0.000299 -0.000521 2156.0
0.000301 -0.000518 2157.0
0.000302 -0.000516 2158.0
0.000303 -0.000514 2159.0
0.000304 -0.000512 2160.0
0.000305 -0.000510 2161.0
0.000306 -0.000508 2162.0
0.000307 -0.000506 2163.0
0.000308 -0.000504 2164.0
0.000310 -0.000502 2165.0
0.000311 -0.000500 2166.0
0.000312 -0.000498 2167.0
0.000313 -0.000496 2168.0
0.000314 -0.000493 2169.0
0.000315 -0.000491 2170.0
0.000316 -0.000489 2171.0
0.000318 -0.000487 2172.0
0.000319 -0.000485 2173.0
0.000320 -0.000483 2174.0
0.000321 -0.000481 2175.0
0.000322 -0.000479 2176.0
0.000323 -0.000477 2177.0
0.000324 -0.000475 2178.0
0.000325 -0.000473 2179.0
0.000327 -0.000471 2180.0
0.000328 -0.000468 2181.0
0.000329 -0.000466 2182.0
0.000330 -0.000464 2183.0
0.000331 -0.000462 2184.0
0.000332 -0.000460 2185.0
0.000333 -0.000458 2186.0
0.000334 -0.000456 2187.0
0.000336 -0.000454 2188.0
0.000337 -0.000452 2189.0
0.000338 -0.000450 2190.0
0.000339 -0.000448 2191.0
0.000340 -0.000446 2192.0
0.000341 -0.000443 2193.0
0.000342 -0.000441 2194.0
0.000344 -0.000439 2195.0
0.000345 -0.000437 2196.0
0.000346 -0.000435 2197.0
0.000347 -0.000433 2198.0
0.000348 -0.000431 2199.0
0.000349 -0.000429 2200.0
0.000359 -0.000438 2201.0
0.000360 -0.000437 2202.0
0.000361 -0.000436 2203.0
0.000362 -0.000435 2204.0
0.000364 -0.000434 2205.0
0.000365 -0.000433 2206.0
0.000366 -0.000432 2207.0
0.000367 -0.000431 2208.0
0.000369 -0.000430 2209.0
0.000370 -0.000429 2210.0
0.000371 -0.000429 2211.0
0.000372 -0.000428 2212.0
0.000373 -0.000427 2213.0
0.000375 -0.000426 2214.0
0.000376 -0.000425 2215.0
0.000377 -0.000424 2216.0
0.000378 -0.000423 2217.0
0.000380 -0.000422 2218.0
0.000381 -0.000421 2219.0
0.000382 -0.000420 2220.0
0.000383 -0.000419 2221.0
0.000385 -0.000418 2222.0
0.000386 -0.000417 2223.0
0.000387 -0.000416 2224.0
0.000388 -0.000415 2225.0
0.000389 -0.000414 2226.0
0.000391 -0.000413 2227.0
0.000392 -0.000413 2228.0
0.000393 -0.000412 2229.0
0.000394 -0.000411 2230.0
0.000396 -0.000410 2231.0
0.000397 -0.000409 2232.0
0.000398 -0.000408 2233.0
0.000399 -0.000407 2234.0
0.000401 -0.000406 2235.0
0.000402 -0.000405 2236.0
0.000403 -0.000404 2237.0
0.000404 -0.000403 2238.0
0.000405 -0.000402 2239.0
0.000407 -0.000401 2240.0
0.000408 -0.000400 2241.0
0.000411 -0.000406 2242.0
0.000411 -0.000407 2243.0
0.000411 -0.000407 2244.0
0.000411 -0.000407 2245.0
0.000412 -0.000408 2246.0
0.000412 -0.000408 2247.0
0.000412 -0.000408 2248.0
0.000412 -0.000409 2249.0
0.000413 -0.000409 2250.0
0.000413 -0.000409 2251.0
0.000413 -0.000410 2252.0
0.000413 -0.000410 2253.0
0.000414 -0.000411 2254.0
0.000414 -0.000411 2255.0
0.000414 -0.000411 2256.0
0.000414 -0.000412 2257.0
0.000415 -0.000412 2258.0
0.000415 -0.000412 2259.0
0.000415 -0.000413 2260.0
0.000415 -0.000413 2261.0
0.000416 -0.000413 2262.0
0.000416 -0.000414 2263.0
0.000416 -0.000414 2264.0
0.000416 -0.000414 2265.0
0.000417 -0.000415 2266.0
0.000417 -0.000415 2267.0
0.000417 -0.000415 2268.0
0.000417 -0.000416 2269.0
0.000418 -0.000416 2270.0
0.000418 -0.000416 2271.0
0.000418 -0.000417 2272.0
0.000418 -0.000417 2273.0
0.000419 -0.000417 2274.0
0.000419 -0.000418 2275.0
0.000419 -0.000418 2276.0
0.000419 -0.000418 2277.0
0.000420 -0.000419 2278.0
0.000420 -0.000419 2279.0
0.000420 -0.000419 2280.0
0.000420 -0.000420 2281.0
0.000421 -0.000420 2282.0
0.000421 -0.000420 2283.0
0.000421 -0.000421 2284.0
0.000421 -0.000421 2285.0
0.000422 -0.000422 2286.0
0.000422 -0.000422 2287.0
0.000422 -0.000422 2288.0
0.000422 -0.000423 2289.0
0.000423 -0.000423 2290.0
0.000423 -0.000423 2291.0
0.000423 -0.000424 2292.0
0.000423 -0.000424 2293.0
0.000424 -0.000424 2294.0
0.000424 -0.000425 2295.0
0.000424 -0.000425 2296.0
0.000424 -0.000425 2297.0
0.000425 -0.000426 2298.0
0.000425 -0.000426 2299.0
0.000425 -0.000426 2300.0
0.000425 -0.000427 2301.0
0.000426 -0.000427 2302.0
0.000427 -0.000425 2303.0
0.000427 -0.000425 2304.0
0.000427 -0.000425 2305.0
0.000427 -0.000425 2306.0
0.000427 -0.000425 2307.0
0.000427 -0.000425 2308.0
0.000427 -0.000425 2309.0
0.000427 -0.000425 2310.0
0.000427 -0.000425 2311.0
0.000427 -0.000425 2312.0
0.000427 -0.000425 2313.0
0.000427 -0.000426 2314.0
0.000427 -0.000426 2315.0
0.000427 -0.000426 2316.0
0.000427 -0.000426 2317.0
0.000427 -0.000426 2318.0
0.000427 -0.000426 2319.0
0.000427 -0.000426 2320.0
0.000427 -0.000426 2321.0
0.000427 -0.000426 2322.0
0.000427 -0.000426 2323.0
0.000427 -0.000426 2324.0
0.000426 -0.000426 2325.0
0.000426 -0.000426 2326.0
0.000426 -0.000426 2327.0
0.000426 -0.000427 2328.0
0.000426 -0.000427 2329.0
0.000426 -0.000427 2330.0
0.000426 -0.000427 2331.0
0.000426 -0.000427 2332.0
0.000426 -0.000427 2333.0
0.000426 -0.000427 2334.0
0.000426 -0.000427 2335.0
0.000426 -0.000427 2336.0
0.000426 -0.000427 2337.0
0.000426 -0.000427 2338.0
0.000426 -0.000427 2339.0
0.000426 -0.000427 2340.0
0.000426 -0.000427 2341.0
0.000426 -0.000427 2342.0
0.000426 -0.000428 2343.0
0.000426 -0.000428 2344.0
0.000426 -0.000428 2345.0
0.000426 -0.000428 2346.0
0.000426 -0.000428 2347.0
0.000426 -0.000428 2348.0
0.000426 -0.000428 2349.0
0.000426 -0.000428 2350.0
0.000425 -0.000428 2351.0
0.000425 -0.000428 2352.0
0.000425 -0.000428 2353.0
0.000425 -0.000428 2354.0
0.000425 -0.000428 2355.0
0.000425 -0.000428 2356.0
0.000425 -0.000429 2357.0
0.000425 -0.000429 2358.0
0.000425 -0.000429 2359.0
0.000425 -0.000429 2360.0
0.000425 -0.000429 2361.0
0.000425 -0.000429 2362.0
0.000425 -0.000429 2363.0
0.000425 -0.000429 2364.0
0.000425 -0.000429 2365.0
0.000425 -0.000429 2366.0
0.000425 -0.000429 2367.0
0.000425 -0.000429 2368.0
0.000425 -0.000429 2369.0
0.000425 -0.000429 2370.0
0.000425 -0.000429 2371.0
0.000425 -0.000429 2372.0
0.000425 -0.000429 2373.0
0.000425 -0.000429 2374.0
0.000425 -0.000429 2375.0
0.000425 -0.000429 2376.0
0.000425 -0.000429 2377.0
0.000425 -0.000429 2378.0
0.000425 -0.000429 2379.0
0.000425 -0.000429 2380.0
0.000425 -0.000429 2381.0
0.000425 -0.000429 2382.0
0.000425 -0.000429 2383.0
0.000425 -0.000429 2384.0
0.000425 -0.000429 2385.0
0.000425 -0.000429 2386.0
0.000425 -0.000429 2387.0
0.000425 -0.000429 2388.0
0.000425 -0.000429 2389.0
0.000425 -0.000429 2390.0
0.000425 -0.000429 2391.0
0.000425 -0.000429 2392.0
0.000425 -0.000429 2393.0
0.000425 -0.000429 2394.0
0.000425 -0.000429 2395.0
0.000425 -0.000429 2396.0
0.000425 -0.000429 2397.0
0.000425 -0.000429 2398.0
0.000425 -0.000429 2399.0
0.000425 -0.000429 2400.0
0.000425 -0.000429 2401.0
0.000425 -0.000429 2402.0
0.000425 -0.000429 2403.0
0.000425 -0.000429 2404.0
0.000425 -0.000429 2405.0
0.000425 -0.000429 2406.0
0.000425 -0.000429 2407.0
0.000425 -0.000429 2408.0
0.000425 -0.000429 2409.0
0.000425 -0.000429 2410.0
0.000425 -0.000429 2411.0
0.000425 -0.000429 2412.0
0.000425 -0.000429 2413.0
0.000425 -0.000429 2414.0
0.000425 -0.000429 2415.0
0.000425 -0.000429 2416.0
0.000425 -0.000429 2417.0
0.000425 -0.000429 2418.0
0.000425 -0.000429 2419.0
0.000425 -0.000429 2420.0
0.000425 -0.000429 2421.0
0.000425 -0.000429 2422.0
0.000425 -0.000429 2423.0
0.000425 -0.000429 2424.0
0.000425 -0.000429 2425.0
0.000425 -0.000429 2426.0
0.000425 -0.000429 2427.0
0.000425 -0.000429 2428.0
0.000425 -0.000429 2429.0
0.000425 -0.000429 2430.0
0.000425 -0.000429 2431.0
0.000425 -0.000429 2432.0
0.000425 -0.000429 2433.0
0.000425 -0.000429 2434.0
0.000425 -0.000429 2435.0
0.000425 -0.000429 2436.0
0.000425 -0.000429 2437.0
0.000425 -0.000429 2438.0
0.000425 -0.000429 2439.0
0.000425 -0.000429 2440.0
0.000425 -0.000429 2441.0
0.000425 -0.000429 2442.0
0.000425 -0.000429 2443.0
0.000425 -0.000429 2444.0
0.000425 -0.000429 2445.0
0.000425 -0.000429 2446.0
0.000425 -0.000429 2447.0
0.000424 -0.000429 2448.0
0.000424 -0.000429 2449.0
0.000424 -0.000429 2450.0
0.000424 -0.000429 2451.0
0.000424 -0.000429 2452.0
0.000424 -0.000429 2453.0
0.000424 -0.000429 2454.0
0.000424 -0.000429 2455.0
0.000424 -0.000429 2456.0
0.000424 -0.000429 2457.0
0.000424 -0.000429 2458.0
0.000424 -0.000429 2459.0
0.000424 -0.000429 2460.0
0.000424 -0.000429 2461.0
0.000424 -0.000429 2462.0
0.000424 -0.000429 2463.0
0.000424 -0.000429 2464.0
0.000424 -0.000429 2465.0
0.000424 -0.000429 2466.0
0.000424 -0.000429 2467.0
0.000424 -0.000429 2468.0
0.000424 -0.000429 2469.0
0.000424 -0.000429 2470.0
0.000424 -0.000429 2471.0
0.000424 -0.000429 2472.0
0.000424 -0.000429 2473.0
0.000424 -0.000429 2474.0
0.000424 -0.000429 2475.0
0.000424 -0.000429 2476.0
0.000424 -0.000429 2477.0
0.000424 -0.000429 2478.0
0.000424 -0.000429 2479.0
0.000424 -0.000429 2480.0
0.000424 -0.000429 2481.0
0.000424 -0.000429 2482.0
0.000424 -0.000429 2483.0
0.000424 -0.000429 2484.0
0.000424 -0.000429 2485.0
0.000424 -0.000429 2486.0
0.000424 -0.000429 2487.0
0.000424 -0.000429 2488.0
0.000424 -0.000429 2489.0
0.000424 -0.000429 2490.0
0.000424 -0.000429 2491.0
0.000424 -0.000429 2492.0
0.000424 -0.000429 2493.0
0.000424 -0.000429 2494.0
0.000424 -0.000429 2495.0
0.000424 -0.000429 2496.0
0.000424 -0.000429 2497.0
0.000424 -0.000429 2498.0
0.000424 -0.000429 2499.0
0.000424 -0.000429 2500.0
0.000424 -0.000429 2501.0
0.000424 -0.000429 2502.0
0.000424 -0.000429 2503.0
0.000424 -0.000429 2504.0
0.000424 -0.000429 2505.0
0.000424 -0.000429 2506.0
0.000424 -0.000429 2507.0
0.000424 -0.000429 2508.0
0.000424 -0.000429 2509.0
0.000424 -0.000429 2510.0
0.000424 -0.000429 2511.0
0.000424 -0.000429 2512.0
0.000424 -0.000429 2513.0
0.000424 -0.000429 2514.0
0.000424 -0.000429 2515.0
0.000424 -0.000429 2516.0
0.000424 -0.000429 2517.0
0.000424 -0.000429 2518.0
0.000424 -0.000429 2519.0
0.000424 -0.000429 2520.0
0.000424 -0.000429 2521.0
0.000424 -0.000429 2522.0
0.000424 -0.000429 2523.0
0.000424 -0.000429 2524.0
0.000424 -0.000429 2525.0
0.000423 -0.000429 2526.0
0.000423 -0.000429 2527.0
0.000423 -0.000429 2528.0
0.000423 -0.000429 2529.0
0.000423 -0.000429 2530.0
0.000423 -0.000429 2531.0
0.000423 -0.000429 2532.0
0.000423 -0.000429 2533.0
0.000423 -0.000429 2534.0
0.000423 -0.000430 2535.0
0.000423 -0.000430 2536.0
0.000423 -0.000430 2537.0
0.000423 -0.000430 2538.0
0.000423 -0.000430 2539.0
0.000423 -0.000430 2540.0
0.000423 -0.000430 2541.0
0.000423 -0.000430 2542.0
0.000423 -0.000430 2543.0
0.000423 -0.000430 2544.0
0.000423 -0.000430 2545.0
0.000423 -0.000430 2546.0
0.000423 -0.000430 2547.0
0.000423 -0.000430 2548.0
0.000423 -0.000430 2549.0
0.000423 -0.000430 2550.0
0.000423 -0.000430 2551.0
0.000423 -0.000430 2552.0
0.000423 -0.000430 2553.0
0.000423 -0.000430 2554.0
0.000423 -0.000430 2555.0
0.000423 -0.000430 2556.0
0.000423 -0.000430 2557.0
0.000423 -0.000430 2558.0
0.000423 -0.000430 2559.0
0.000423 -0.000430 2560.0
0.000423 -0.000430 2561.0
0.000423 -0.000430 2562.0
0.000423 -0.000430 2563.0
0.000423 -0.000430 2564.0
0.000423 -0.000430 2565.0
0.000423 -0.000430 2566.0
0.000423 -0.000430 2567.0
0.000423 -0.000430 2568.0
0.000423 -0.000430 2569.0
0.000423 -0.000430 2570.0
0.000423 -0.000430 2571.0
0.000423 -0.000430 2572.0
0.000423 -0.000430 2573.0
0.000423 -0.000430 2574.0
0.000423 -0.000430 2575.0
0.000423 -0.000430 2576.0
0.000422 -0.000430 2577.0
0.000422 -0.000430 2578.0
0.000422 -0.000430 2579.0
0.000422 -0.000430 2580.0
0.000422 -0.000430 2581.0
0.000422 -0.000430 2582.0
0.000422 -0.000430 2583.0
0.000422 -0.000430 2584.0
0.000422 -0.000430 2585.0
0.000422 -0.000431 2586.0
0.000422 -0.000431 2587.0
0.000422 -0.000431 2588.0
0.000422 -0.000431 2589.0
0.000422 -0.000431 2590.0
0.000422 -0.000431 2591.0
0.000422 -0.000431 2592.0
0.000422 -0.000431 2593.0
0.000422 -0.000431 2594.0
0.000422 -0.000431 2595.0
0.000422 -0.000431 2596.0
0.000422 -0.000431 2597.0
0.000422 -0.000431 2598.0
0.000422 -0.000431 2599.0
0.000422 -0.000431 2600.0
0.000422 -0.000431 2601.0
0.000422 -0.000431 2602.0
0.000422 -0.000431 2603.0
0.000422 -0.000431 2604.0
0.000422 -0.000431 2605.0
0.000422 -0.000431 2606.0
0.000422 -0.000431 2607.0
0.000422 -0.000431 2608.0
0.000422 -0.000431 2609.0
0.000422 -0.000431 2610.0
0.000422 -0.000431 2611.0
0.000422 -0.000431 2612.0
0.000422 -0.000431 2613.0
0.000422 -0.000431 2614.0
0.000422 -0.000431 2615.0
0.000422 -0.000430 2616.0
0.000422 -0.000430 2617.0
0.000422 -0.000430 2618.0
0.000422 -0.000430 2619.0
0.000422 -0.000430 2620.0
0.000422 -0.000430 2621.0
0.000422 -0.000430 2622.0
0.000422 -0.000430 2623.0
0.000422 -0.000430 2624.0
0.000422 -0.000430 2625.0
0.000422 -0.000430 2626.0
0.000422 -0.000430 2627.0
0.000422 -0.000430 2628.0
0.000423 -0.000430 2629.0
0.000423 -0.000429 2630.0
0.000423 -0.000429 2631.0
0.000423 -0.000429 2632.0
0.000423 -0.000429 2633.0
0.000423 -0.000429 2634.0
0.000423 -0.000429 2635.0
0.000423 -0.000429 2636.0
0.000423 -0.000429 2637.0
0.000423 -0.000429 2638.0
0.000423 -0.000429 2639.0
0.000423 -0.000429 2640.0
0.000423 -0.000429 2641.0
0.000423 -0.000429 2642.0
0.000423 -0.000428 2643.0
0.000423 -0.000428 2644.0
0.000423 -0.000428 2645.0
0.000423 -0.000428 2646.0
0.000424 -0.000428 2647.0
0.000424 -0.000428 2648.0
0.000424 -0.000428 2649.0
0.000424 -0.000428 2650.0
0.000424 -0.000428 2651.0
0.000424 -0.000428 2652.0
0.000424 -0.000428 2653.0
0.000424 -0.000428 2654.0
0.000424 -0.000428 2655.0
0.000424 -0.000428 2656.0
0.000424 -0.000427 2657.0
0.000424 -0.000427 2658.0
0.000424 -0.000427 2659.0
0.000424 -0.000427 2660.0
0.000424 -0.000427 2661.0
0.000424 -0.000427 2662.0
0.000424 -0.000427 2663.0
0.000424 -0.000427 2664.0
0.000425 -0.000427 2665.0
0.000425 -0.000427 2666.0
0.000425 -0.000427 2667.0
0.000425 -0.000427 2668.0
0.000425 -0.000427 2669.0
0.000425 -0.000426 2670.0
0.000425 -0.000426 2671.0
0.000425 -0.000426 2672.0
0.000425 -0.000426 2673.0
0.000425 -0.000427 2674.0
0.000425 -0.000427 2675.0
0.000425 -0.000427 2676.0
0.000425 -0.000427 2677.0
0.000425 -0.000427 2678.0
0.000425 -0.000427 2679.0
0.000425 -0.000427 2680.0
0.000425 -0.000427 2681.0
0.000425 -0.000427 2682.0
0.000425 -0.000427 2683.0
0.000425 -0.000427 2684.0
0.000425 -0.000427 2685.0
0.000425 -0.000427 2686.0
0.000425 -0.000427 2687.0
0.000425 -0.000427 2688.0
0.000425 -0.000427 2689.0
0.000425 -0.000427 2690.0
0.000425 -0.000427 2691.0
0.000425 -0.000427 2692.0
0.000425 -0.000427 2693.0
0.000425 -0.000427 2694.0
0.000425 -0.000427 2695.0
0.000424 -0.000427 2696.0
0.000424 -0.000427 2697.0
0.000424 -0.000427 2698.0
0.000424 -0.000427 2699.0
0.000424 -0.000427 2700.0
0.000424 -0.000427 2701.0
0.000424 -0.000427 2702.0
0.000424 -0.000427 2703.0
0.000424 -0.000427 2704.0
0.000424 -0.000427 2705.0
0.000424 -0.000427 2706.0
0.000424 -0.000427 2707.0
0.000424 -0.000427 2708.0
0.000424 -0.000427 2709.0
0.000424 -0.000427 2710.0
0.000424 -0.000427 2711.0
0.000424 -0.000427 2712.0
0.000424 -0.000427 2713.0
0.000424 -0.000427 2714.0
0.000424 -0.000427 2715.0
0.000424 -0.000427 2716.0
0.000424 -0.000427 2717.0
0.000424 -0.000427 2718.0
0.000424 -0.000427 2719.0
0.000424 -0.000427 2720.0
0.000424 -0.000427 2721.0
0.000424 -0.000427 2722.0
0.000424 -0.000427 2723.0
0.000424 -0.000427 2724.0
0.000424 -0.000427 2725.0
0.000424 -0.000427 2726.0
0.000424 -0.000426 2727.0
0.000424 -0.000426 2728.0
0.000424 -0.000426 2729.0
0.000424 -0.000426 2730.0
0.000424 -0.000426 2731.0
0.000424 -0.000426 2732.0
0.000424 -0.000426 2733.0
0.000424 -0.000426 2734.0
0.000424 -0.000426 2735.0
0.000424 -0.000426 2736.0
0.000424 -0.000426 2737.0
0.000424 -0.000426 2738.0
0.000424 -0.000426 2739.0
0.000424 -0.000426 2740.0
0.000424 -0.000426 2741.0
0.000424 -0.000426 2742.0
0.000424 -0.000426 2743.0
0.000424 -0.000426 2744.0
0.000424 -0.000426 2745.0
0.000424 -0.000426 2746.0
0.000424 -0.000425 2747.0
0.000424 -0.000425 2748.0
0.000424 -0.000425 2749.0
0.000424 -0.000425 2750.0
0.000424 -0.000425 2751.0
0.000424 -0.000425 2752.0
0.000424 -0.000425 2753.0
0.000424 -0.000425 2754.0
0.000424 -0.000425 2755.0
0.000424 -0.000425 2756.0
0.000424 -0.000425 2757.0
0.000424 -0.000425 2758.0
0.000424 -0.000425 2759.0
0.000424 -0.000425 2760.0
0.000424 -0.000425 2761.0
0.000424 -0.000425 2762.0
0.000424 -0.000425 2763.0
0.000424 -0.000425 2764.0
0.000424 -0.000425 2765.0
0.000424 -0.000424 2766.0
0.000424 -0.000424 2767.0
0.000424 -0.000424 2768.0
0.000424 -0.000424 2769.0
0.000424 -0.000424 2770.0
0.000425 -0.000424 2771.0
0.000425 -0.000424 2772.0
0.000425 -0.000424 2773.0
0.000425 -0.000424 2774.0
0.000425 -0.000424 2775.0
0.000425 -0.000424 2776.0
0.000425 -0.000424 2777.0
0.000425 -0.000424 2778.0
0.000425 -0.000424 2779.0
0.000425 -0.000424 2780.0
0.000425 -0.000424 2781.0
0.000425 -0.000424 2782.0
0.000425 -0.000424 2783.0
0.000425 -0.000424 2784.0
0.000425 -0.000424 2785.0
0.000425 -0.000423 2786.0
0.000425 -0.000423 2787.0
0.000425 -0.000423 2788.0
0.000425 -0.000423 2789.0
0.000425 -0.000423 2790.0
0.000425 -0.000423 2791.0
0.000425 -0.000423 2792.0
0.000425 -0.000423 2793.0
0.000425 -0.000423 2794.0
0.000425 -0.000423 2795.0
0.000425 -0.000423 2796.0
0.000425 -0.000423 2797.0
0.000425 -0.000423 2798.0
0.000425 -0.000423 2799.0
0.000425 -0.000423 2800.0
0.000425 -0.000423 2801.0
0.000425 -0.000423 2802.0
0.000425 -0.000423 2803.0
0.000425 -0.000423 2804.0
0.000425 -0.000423 2805.0
0.000425 -0.000423 2806.0
0.000425 -0.000423 2807.0
0.000425 -0.000423 2808.0
0.000425 -0.000423 2809.0
0.000425 -0.000423 2810.0
0.000425 -0.000423 2811.0
0.000425 -0.000423 2812.0
0.000425 -0.000423 2813.0
0.000425 -0.000423 2814.0
0.000425 -0.000423 2815.0
0.000425 -0.000423 2816.0
0.000425 -0.000423 2817.0
0.000425 -0.000422 2818.0
0.000425 -0.000422 2819.0
0.000425 -0.000422 2820.0
0.000425 -0.000422 2821.0
0.000425 -0.000422 2822.0
0.000425 -0.000422 2823.0
0.000426 -0.000422 2824.0
0.000426 -0.000422 2825.0
0.000426 -0.000422 2826.0
0.000426 -0.000422 2827.0
0.000426 -0.000422 2828.0
0.000426 -0.000422 2829.0
0.000426 -0.000422 2830.0
0.000426 -0.000422 2831.0
0.000426 -0.000422 2832.0
0.000426 -0.000422 2833.0
0.000426 -0.000422 2834.0
0.000426 -0.000422 2835.0
0.000426 -0.000422 2836.0
0.000426 -0.000422 2837.0
0.000426 -0.000422 2838.0
0.000426 -0.000422 2839.0
0.000426 -0.000422 2840.0
0.000426 -0.000422 2841.0
0.000426 -0.000422 2842.0
0.000426 -0.000422 2843.0
0.000426 -0.000422 2844.0
0.000426 -0.000422 2845.0
0.000426 -0.000422 2846.0
0.000426 -0.000422 2847.0
0.000426 -0.000422 2848.0
0.000426 -0.000422 2849.0
0.000426 -0.000422 2850.0
0.000426 -0.000422 2851.0
0.000426 -0.000422 2852.0
0.000426 -0.000422 2853.0
0.000426 -0.000422 2854.0
0.000426 -0.000422 2855.0
0.000426 -0.000422 2856.0
0.000426 -0.000422 2857.0
0.000426 -0.000422 2858.0
0.000426 -0.000422 2859.0
0.000426 -0.000422 2860.0
0.000426 -0.000422 2861.0
0.000426 -0.000422 2862.0
0.000426 -0.000422 2863.0
0.000426 -0.000422 2864.0
0.000426 -0.000422 2865.0
0.000426 -0.000422 2866.0
0.000426 -0.000422 2867.0
0.000426 -0.000422 2868.0
0.000426 -0.000422 2869.0
0.000426 -0.000422 2870.0
0.000426 -0.000422 2871.0
0.000426 -0.000422 2872.0
0.000426 -0.000422 2873.0
0.000426 -0.000422 2874.0
0.000426 -0.000422 2875.0
0.000426 -0.000422 2876.0
0.000426 -0.000422 2877.0
0.000426 -0.000422 2878.0
0.000426 -0.000422 2879.0
0.000426 -0.000422 2880.0
0.000426 -0.000422 2881.0
0.000426 -0.000422 2882.0
0.000426 -0.000422 2883.0
0.000426 -0.000422 2884.0
0.000426 -0.000422 2885.0
0.000426 -0.000422 2886.0
0.000426 -0.000422 2887.0
0.000426 -0.000422 2888.0
0.000426 -0.000422 2889.0
0.000426 -0.000422 2890.0
0.000426 -0.000422 2891.0
0.000426 -0.000422 2892.0
0.000426 -0.000422 2893.0
0.000426 -0.000422 2894.0
0.000426 -0.000422 2895.0
0.000426 -0.000422 2896.0
0.000426 -0.000422 2897.0
0.000426 -0.000422 2898.0
0.000426 -0.000422 2899.0
0.000426 -0.000422 2900.0
0.000426 -0.000422 2901.0
0.000426 -0.000422 2902.0
0.000426 -0.000422 2903.0
0.000426 -0.000422 2904.0
0.000426 -0.000422 2905.0
0.000426 -0.000422 2906.0
0.000426 -0.000422 2907.0
0.000426 -0.000422 2908.0
0.000426 -0.000422 2909.0
0.000426 -0.000422 2910.0
0.000426 -0.000422 2911.0
0.000426 -0.000422 2912.0
0.000426 -0.000422 2913.0
0.000426 -0.000422 2914.0
0.000426 -0.000422 2915.0
0.000426 -0.000422 2916.0
0.000426 -0.000422 2917.0
0.000426 -0.000422 2918.0
0.000426 -0.000422 2919.0
0.000426 -0.000422 2920.0
0.000426 -0.000422 2921.0
0.000426 -0.000422 2922.0
0.000426 -0.000422 2923.0
0.000426 -0.000422 2924.0
0.000426 -0.000422 2925.0
0.000426 -0.000422 2926.0
0.000426 -0.000422 2927.0
0.000426 -0.000422 2928.0
0.000426 -0.000422 2929.0
0.000426 -0.000422 2930.0
0.000426 -0.000422 2931.0
0.000426 -0.000422 2932.0
0.000426 -0.000422 2933.0
0.000426 -0.000422 2934.0
0.000426 -0.000422 2935.0
0.000426 -0.000422 2936.0
0.000426 -0.000422 2937.0
0.000426 -0.000422 2938.0
0.000426 -0.000422 2939.0
0.000426 -0.000422 2940.0
0.000426 -0.000422 2941.0
0.000426 -0.000422 2942.0
0.000426 -0.000422 2943.0
0.000426 -0.000422 2944.0
0.000426 -0.000422 2945.0
0.000426 -0.000422 2946.0
0.000426 -0.000422 2947.0
0.000426 -0.000422 2948.0
0.000426 -0.000422 2949.0
0.000426 -0.000422 2950.0
0.000426 -0.000422 2951.0
0.000426 -0.000422 2952.0
0.000426 -0.000422 2953.0
0.000426 -0.000422 2954.0
0.000426 -0.000422 2955.0
0.000426 -0.000422 2956.0
0.000426 -0.000422 2957.0
0.000426 -0.000422 2958.0
0.000426 -0.000422 2959.0
0.000426 -0.000422 2960.0
0.000426 -0.000422 2961.0
0.000426 -0.000422 2962.0
0.000426 -0.000422 2963.0
0.000426 -0.000422 2964.0
0.000426 -0.000422 2965.0
0.000426 -0.000422 2966.0
0.000426 -0.000422 2967.0
0.000426 -0.000422 2968.0
0.000426 -0.000422 2969.0
0.000426 -0.000422 2970.0
0.000426 -0.000422 2971.0
0.000426 -0.000422 2972.0
0.000426 -0.000422 2973.0
0.000426 -0.000422 2974.0
0.000426 -0.000422 2975.0
0.000426 -0.000422 2976.0
0.000426 -0.000422 2977.0
0.000426 -0.000422 2978.0
0.000426 -0.000422 2979.0
0.000426 -0.000422 2980.0
0.000426 -0.000422 2981.0
0.000426 -0.000422 2982.0
0.000426 -0.000422 2983.0
0.000426 -0.000422 2984.0
0.000426 -0.000422 2985.0
0.000426 -0.000422 2986.0
0.000426 -0.000422 2987.0
0.000426 -0.000422 2988.0
0.000426 -0.000422 2989.0
0.000426 -0.000422 2990.0
0.000426 -0.000422 2991.0
0.000426 -0.000422 2992.0
0.000426 -0.000422 2993.0
0.000426 -0.000422 2994.0
0.000426 -0.000422 2995.0
0.000426 -0.000422 2996.0
0.000426 -0.000422 2997.0
0.000426 -0.000422 2998.0
0.000426 -0.000422 2999.0
0.000426 -0.000422 3000.0
0.000426 -0.000422 3001.0
0.000426 -0.000422 3002.0
0.000426 -0.000422 3003.0
0.000426 -0.000422 3004.0
0.000426 -0.000422 3005.0
0.000426 -0.000422 3006.0
0.000426 -0.000422 3007.0
0.000426 -0.000422 3008.0
0.000426 -0.000422 3009.0
0.000426 -0.000422 3010.0
0.000426 -0.000422 3011.0
0.000426 -0.000422 3012.0
0.000426 -0.000422 3013.0
0.000426 -0.000422 3014.0
0.000426 -0.000422 3015.0
0.000426 -0.000422 3016.0
0.000426 -0.000422 3017.0
0.000426 -0.000422 3018.0
0.000426 -0.000422 3019.0
0.000426 -0.000422 3020.0
0.000426 -0.000422 3021.0
0.000426 -0.000422 3022.0
0.000426 -0.000422 3023.0
0.000426 -0.000422 3024.0
0.000426 -0.000422 3025.0
0.000426 -0.000422 3026.0
0.000426 -0.000422 3027.0
0.000426 -0.000422 3028.0
0.000426 -0.000422 3029.0
0.000426 -0.000422 3030.0
0.000426 -0.000422 3031.0
0.000426 -0.000422 3032.0
0.000426 -0.000422 3033.0
0.000426 -0.000422 3034.0
0.000426 -0.000422 3035.0
0.000426 -0.000422 3036.0
0.000426 -0.000422 3037.0
0.000426 -0.000422 3038.0
0.000426 -0.000422 3039.0
0.000426 -0.000422 3040.0
0.000426 -0.000422 3041.0
0.000426 -0.000422 3042.0
0.000426 -0.000422 3043.0
0.000426 -0.000422 3044.0
0.000426 -0.000422 3045.0
0.000426 -0.000422 3046.0
0.000426 -0.000422 3047.0
0.000426 -0.000422 3048.0
0.000426 -0.000422 3049.0
0.000426 -0.000422 3050.0
0.000426 -0.000422 3051.0
0.000426 -0.000422 3052.0
0.000426 -0.000422 3053.0
0.000426 -0.000422 3054.0
0.000426 -0.000422 3055.0
0.000426 -0.000422 3056.0
0.000426 -0.000422 3057.0
0.000426 -0.000422 3058.0
0.000426 -0.000422 3059.0
0.000426 -0.000422 3060.0
0.000426 -0.000422 3061.0
0.000426 -0.000422 3062.0
0.000426 -0.000422 3063.0
0.000426 -0.000422 3064.0
0.000426 -0.000422 3065.0
0.000426 -0.000422 3066.0
0.000426 -0.000422 3067.0
0.000426 -0.000422 3068.0
0.000426 -0.000422 3069.0
0.000426 -0.000422 3070.0
0.000426 -0.000422 3071.0
0.000426 -0.000422 3072.0
0.000426 -0.000422 3073.0
0.000426 -0.000422 3074.0
0.000426 -0.000422 3075.0
0.000426 -0.000422 3076.0
0.000426 -0.000422 3077.0
0.000426 -0.000422 3078.0
0.000426 -0.000422 3079.0
0.000426 -0.000422 3080.0
0.000426 -0.000422 3081.0
0.000426 -0.000422 3082.0
0.000426 -0.000422 3083.0
0.000426 -0.000422 3084.0
0.000426 -0.000422 3085.0
0.000426 -0.000422 3086.0
0.000426 -0.000422 3087.0
0.000426 -0.000422 3088.0
0.000426 -0.000422 3089.0
0.000426 -0.000422 3090.0
0.000426 -0.000422 3091.0
0.000426 -0.000422 3092.0
0.000426 -0.000422 3093.0
0.000426 -0.000422 3094.0
0.000426 -0.000422 3095.0
0.000426 -0.000422 3096.0
0.000426 -0.000422 3097.0
0.000426 -0.000422 3098.0
0.000426 -0.000422 3099.0
0.000426 -0.000422 3100.0
0.000426 -0.000422 3101.0
0.000426 -0.000422 3102.0
0.000426 -0.000422 3103.0
0.000426 -0.000422 3104.0
0.000426 -0.000422 3105.0
0.000426 -0.000422 3106.0
0.000426 -0.000422 3107.0
0.000426 -0.000422 3108.0
0.000426 -0.000422 3109.0
0.000426 -0.000422 3110.0
0.000426 -0.000422 3111.0
0.000426 -0.000422 3112.0
0.000426 -0.000422 3113.0
0.000426 -0.000422 3114.0
0.000426 -0.000422 3115.0
0.000426 -0.000422 3116.0
0.000426 -0.000422 3117.0
0.000426 -0.000422 3118.0
0.000426 -0.000422 3119.0
0.000426 -0.000422 3120.0
0.000426 -0.000422 3121.0
0.000426 -0.000422 3122.0
0.000426 -0.000422 3123.0
0.000426 -0.000422 3124.0
0.000426 -0.000422 3125.0
0.000426 -0.000422 3126.0
0.000426 -0.000422 3127.0
0.000426 -0.000422 3128.0
0.000426 -0.000422 3129.0
0.000426 -0.000422 3130.0
0.000426 -0.000422 3131.0
0.000426 -0.000422 3132.0
0.000426 -0.000422 3133.0
0.000426 -0.000422 3134.0
0.000426 -0.000422 3135.0
0.000426 -0.000422 3136.0
0.000426 -0.000422 3137.0
0.000426 -0.000422 3138.0
0.000426 -0.000422 3139.0
0.000426 -0.000422 3140.0
0.000426 -0.000422 3141.0
0.000426 -0.000422 3142.0
0.000426 -0.000422 3143.0
0.000426 -0.000422 3144.0
0.000426 -0.000422 3145.0
0.000426 -0.000422 3146.0
0.000426 -0.000422 3147.0
0.000426 -0.000422 3148.0
0.000426 -0.000422 3149.0
0.000426 -0.000422 3150.0
0.000426 -0.000422 3151.0
0.000426 -0.000422 3152.0
0.000426 -0.000422 3153.0
0.000426 -0.000422 3154.0
0.000426 -0.000422 3155.0
0.000426 -0.000422 3156.0
0.000426 -0.000422 3157.0
0.000426 -0.000422 3158.0
0.000426 -0.000422 3159.0
0.000426 -0.000422 3160.0
0.000426 -0.000422 3161.0
0.000426 -0.000422 3162.0
0.000426 -0.000422 3163.0
0.000426 -0.000422 3164.0
0.000426 -0.000422 3165.0
0.000426 -0.000422 3166.0
0.000426 -0.000422 3167.0
0.000426 -0.000422 3168.0
0.000426 -0.000422 3169.0
0.000426 -0.000422 3170.0
0.000426 -0.000422 3171.0
0.000426 -0.000422 3172.0
0.000426 -0.000422 3173.0
0.000426 -0.000422 3174.0
0.000426 -0.000422 3175.0
0.000426 -0.000422 3176.0
0.000426 -0.000422 3177.0
0.000426 -0.000422 3178.0
0.000426 -0.000422 3179.0
0.000426 -0.000422 3180.0
0.000426 -0.000422 3181.0
0.000426 -0.000422 3182.0
0.000426 -0.000422 3183.0
0.000426 -0.000422 3184.0
0.000426 -0.000422 3185.0
0.000426 -0.000422 3186.0
0.000426 -0.000422 3187.0
0.000426 -0.000422 3188.0
0.000426 -0.000422 3189.0
0.000426 -0.000422 3190.0
0.000426 -0.000422 3191.0
0.000426 -0.000422 3192.0
0.000426 -0.000422 3193.0
0.000426 -0.000422 3194.0
0.000426 -0.000422 3195.0
0.000426 -0.000422 3196.0
0.000426 -0.000422 3197.0
0.000426 -0.000422 3198.0
0.000426 -0.000422 3199.0
0.000426 -0.000422 3200.0
0.000426 -0.000422 3201.0
0.000426 -0.000422 3202.0
0.000426 -0.000422 3203.0
0.000426 -0.000422 3204.0
0.000426 -0.000422 3205.0
0.000426 -0.000422 3206.0
0.000426 -0.000422 3207.0
0.000426 -0.000422 3208.0
0.000426 -0.000422 3209.0
0.000426 -0.000422 3210.0
0.000426 -0.000422 3211.0
0.000426 -0.000422 3212.0
0.000426 -0.000422 3213.0
0.000426 -0.000422 3214.0
0.000426 -0.000422 3215.0
0.000426 -0.000422 3216.0
0.000426 -0.000422 3217.0
0.000426 -0.000422 3218.0
0.000426 -0.000422 3219.0
0.000426 -0.000422 3220.0
0.000426 -0.000422 3221.0
0.000426 -0.000422 3222.0
0.000426 -0.000422 3223.0
0.000426 -0.000422 3224.0
0.000426 -0.000422 3225.0
0.000426 -0.000422 3226.0
0.000426 -0.000422 3227.0
0.000426 -0.000422 3228.0
0.000426 -0.000422 3229.0
0.000426 -0.000422 3230.0
0.000426 -0.000422 3231.0
0.000426 -0.000422 3232.0
0.000426 -0.000422 3233.0
0.000426 -0.000422 3234.0
0.000426 -0.000422 3235.0
0.000426 -0.000422 3236.0
0.000426 -0.000422 3237.0
0.000426 -0.000422 3238.0
0.000426 -0.000422 3239.0
0.000426 -0.000422 3240.0
0.000426 -0.000422 3241.0
0.000426 -0.000422 3242.0
0.000426 -0.000422 3243.0
0.000426 -0.000422 3244.0
0.000426 -0.000422 3245.0
0.000426 -0.000422 3246.0
0.000426 -0.000422 3247.0
0.000426 -0.000422 3248.0
0.000426 -0.000422 3249.0
0.000426 -0.000422 3250.0
0.000426 -0.000422 3251.0
0.000426 -0.000422 3252.0
0.000426 -0.000422 3253.0
0.000426 -0.000422 3254.0
0.000426 -0.000422 3255.0
0.000426 -0.000422 3256.0
0.000426 -0.000422 3257.0
0.000426 -0.000422 3258.0
0.000426 -0.000422 3259.0
0.000426 -0.000422 3260.0
0.000426 -0.000422 3261.0
0.000426 -0.000422 3262.0
0.000426 -0.000422 3263.0
0.000426 -0.000422 3264.0
0.000426 -0.000422 3265.0
0.000426 -0.000422 3266.0
0.000426 -0.000422 3267.0
0.000426 -0.000422 3268.0
0.000426 -0.000422 3269.0
0.000426 -0.000422 3270.0
0.000426 -0.000422 3271.0
0.000426 -0.000422 3272.0
0.000426 -0.000422 3273.0
0.000426 -0.000422 3274.0
0.000426 -0.000422 3275.0
0.000426 -0.000422 3276.0
0.000426 -0.000422 3277.0
0.000426 -0.000422 3278.0
0.000426 -0.000422 3279.0
0.000426 -0.000422 3280.0
0.000426 -0.000422 3281.0
0.000426 -0.000422 3282.0
0.000426 -0.000422 3283.0
0.000426 -0.000422 3284.0
0.000426 -0.000422 3285.0
0.000426 -0.000422 3286.0
0.000426 -0.000422 3287.0
0.000426 -0.000422 3288.0
0.000426 -0.000422 3289.0
0.000426 -0.000422 3290.0
0.000426 -0.000422 3291.0
0.000426 -0.000422 3292.0
0.000426 -0.000422 3293.0
0.000426 -0.000422 3294.0
0.000426 -0.000422 3295.0
0.000426 -0.000422 3296.0
0.000426 -0.000422 3297.0
0.000426 -0.000422 3298.0
0.000426 -0.000422 3299.0
0.000426 -0.000422 3300.0
0.000426 -0.000422 3301.0
0.000426 -0.000422 3302.0
0.000426 -0.000422 3303.0
0.000426 -0.000422 3304.0
0.000426 -0.000422 3305.0
0.000426 -0.000422 3306.0
0.000426 -0.000422 3307.0
0.000426 -0.000422 3308.0
0.000426 -0.000422 3309.0
0.000426 -0.000422 3310.0
0.000426 -0.000422 3311.0
0.000426 -0.000422 3312.0
0.000426 -0.000422 3313.0
0.000426 -0.000422 3314.0
0.000426 -0.000422 3315.0
0.000426 -0.000422 3316.0
0.000426 -0.000422 3317.0
0.000426 -0.000422 3318.0
0.000426 -0.000422 3319.0
0.000426 -0.000422 3320.0
0.000426 -0.000422 3321.0
0.000426 -0.000422 3322.0
0.000426 -0.000422 3323.0
0.000426 -0.000422 3324.0
0.000426 -0.000422 3325.0
0.000426 -0.000422 3326.0
0.000426 -0.000422 3327.0
0.000426 -0.000422 3328.0
0.000426 -0.000422 3329.0
0.000426 -0.000422 3330.0
0.000426 -0.000422 3331.0
0.000426 -0.000422 3332.0
0.000426 -0.000422 3333.0
0.000426 -0.000422 3334.0
0.000426 -0.000422 3335.0
0.000426 -0.000422 3336.0
0.000426 -0.000422 3337.0
0.000426 -0.000422 3338.0
0.000426 -0.000422 3339.0
0.000426 -0.000422 3340.0
0.000426 -0.000422 3341.0
0.000426 -0.000422 3342.0
0.000426 -0.000422 3343.0
0.000426 -0.000422 3344.0
0.000426 -0.000422 3345.0
0.000426 -0.000422 3346.0
0.000426 -0.000422 3347.0
0.000426 -0.000422 3348.0
0.000426 -0.000422 3349.0
0.000426 -0.000422 3350.0
0.000426 -0.000422 3351.0
0.000426 -0.000422 3352.0
0.000426 -0.000422 3353.0
0.000426 -0.000422 3354.0
0.000426 -0.000422 3355.0
0.000426 -0.000422 3356.0
0.000426 -0.000422 3357.0
0.000426 -0.000422 3358.0
0.000426 -0.000422 3359.0
0.000426 -0.000422 3360.0
0.000426 -0.000422 3361.0
0.000426 -0.000422 3362.0
0.000426 -0.000422 3363.0
0.000426 -0.000422 3364.0
0.000426 -0.000422 3365.0
0.000426 -0.000422 3366.0
0.000426 -0.000422 3367.0
0.000426 -0.000422 3368.0
0.000426 -0.000422 3369.0
0.000426 -0.000422 3370.0
0.000426 -0.000422 3371.0
0.000426 -0.000422 3372.0
0.000426 -0.000422 3373.0
0.000426 -0.000422 3374.0
0.000426 -0.000422 3375.0
0.000426 -0.000422 3376.0
0.000426 -0.000422 3377.0
0.000426 -0.000422 3378.0
0.000426 -0.000422 3379.0
0.000426 -0.000422 3380.0
0.000426 -0.000422 3381.0
0.000426 -0.000422 3382.0
0.000426 -0.000422 3383.0
0.000426 -0.000422 3384.0
0.000426 -0.000422 3385.0
0.000426 -0.000422 3386.0
0.000426 -0.000422 3387.0
0.000426 -0.000422 3388.0
0.000426 -0.000422 3389.0
0.000426 -0.000422 3390.0
0.000426 -0.000422 3391.0
0.000426 -0.000422 3392.0
0.000426 -0.000422 3393.0
0.000426 -0.000422 3394.0
0.000426 -0.000422 3395.0
0.000426 -0.000422 3396.0
0.000426 -0.000422 3397.0
0.000426 -0.000422 3398.0
0.000426 -0.000422 3399.0
0.000426 -0.000422 3400.0
0.000426 -0.000422 3401.0
0.000426 -0.000422 3402.0
0.000426 -0.000422 3403.0
0.000426 -0.000422 3404.0
0.000426 -0.000422 3405.0
0.000426 -0.000422 3406.0
0.000426 -0.000422 3407.0
0.000426 -0.000422 3408.0
0.000426 -0.000422 3409.0
0.000426 -0.000422 3410.0
0.000426 -0.000422 3411.0
0.000426 -0.000422 3412.0
0.000426 -0.000422 3413.0
0.000426 -0.000422 3414.0
0.000426 -0.000422 3415.0
0.000426 -0.000422 3416.0
0.000426 -0.000422 3417.0
0.000426 -0.000422 3418.0
0.000426 -0.000422 3419.0
0.000426 -0.000422 3420.0
0.000426 -0.000422 3421.0
0.000426 -0.000422 3422.0
0.000426 -0.000422 3423.0
0.000426 -0.000422 3424.0
0.000426 -0.000422 3425.0
0.000426 -0.000422 3426.0
0.000426 -0.000422 3427.0
0.000426 -0.000422 3428.0
0.000426 -0.000422 3429.0
0.000426 -0.000422 3430.0
0.000426 -0.000422 3431.0
0.000426 -0.000422 3432.0
0.000426 -0.000422 3433.0
0.000426 -0.000422 3434.0
0.000426 -0.000422 3435.0
0.000426 -0.000422 3436.0
0.000426 -0.000422 3437.0
0.000426 -0.000422 3438.0
0.000426 -0.000422 3439.0
0.000426 -0.000422 3440.0
0.000426 -0.000422 3441.0
0.000426 -0.000422 3442.0
0.000426 -0.000422 3443.0
0.000426 -0.000422 3444.0
0.000426 -0.000422 3445.0
0.000426 -0.000422 3446.0
0.000426 -0.000422 3447.0
0.000426 -0.000422 3448.0
0.000426 -0.000422 3449.0
0.000426 -0.000422 3450.0
0.000426 -0.000422 3451.0
0.000426 -0.000422 3452.0
0.000426 -0.000422 3453.0
0.000426 -0.000422 3454.0
0.000426 -0.000422 3455.0
0.000426 -0.000422 3456.0
0.000426 -0.000422 3457.0
0.000426 -0.000422 3458.0
0.000426 -0.000422 3459.0
0.000426 -0.000422 3460.0
0.000426 -0.000422 3461.0
0.000426 -0.000422 3462.0
0.000426 -0.000422 3463.0
0.000426 -0.000422 3464.0
0.000426 -0.000422 3465.0
0.000426 -0.000422 3466.0
0.000426 -0.000422 3467.0
0.000426 -0.000422 3468.0
0.000426 -0.000422 3469.0
0.000426 -0.000422 3470.0
0.000426 -0.000422 3471.0
0.000426 -0.000422 3472.0
0.000426 -0.000422 3473.0
0.000426 -0.000422 3474.0
0.000426 -0.000422 3475.0
0.000426 -0.000422 3476.0
0.000426 -0.000422 3477.0
0.000426 -0.000422 3478.0
0.000426 -0.000422 3479.0
0.000426 -0.000422 3480.0
0.000426 -0.000422 3481.0
0.000426 -0.000422 3482.0
0.000426 -0.000422 3483.0
0.000426 -0.000422 3484.0
0.000426 -0.000422 3485.0
0.000426 -0.000422 3486.0
0.000426 -0.000422 3487.0
0.000426 -0.000422 3488.0
0.000426 -0.000422 3489.0
0.000426 -0.000422 3490.0
0.000426 -0.000422 3491.0
0.000426 -0.000422 3492.0
0.000426 -0.000422 3493.0
0.000426 -0.000422 3494.0
0.000426 -0.000422 3495.0
0.000426 -0.000422 3496.0
0.000426 -0.000422 3497.0
0.000426 -0.000422 3498.0
0.000426 -0.000422 3499.0
0.000426 -0.000422 3500.0
0.000426 -0.000422 3501.0
0.000426 -0.000422 3502.0
0.000426 -0.000422 3503.0
0.000426 -0.000422 3504.0
0.000426 -0.000422 3505.0
0.000426 -0.000422 3506.0
0.000426 -0.000422 3507.0
0.000426 -0.000422 3508.0
0.000426 -0.000422 3509.0
0.000426 -0.000422 3510.0
0.000426 -0.000422 3511.0
0.000426 -0.000422 3512.0
0.000426 -0.000422 3513.0
0.000426 -0.000422 3514.0
0.000426 -0.000422 3515.0
0.000426 -0.000422 3516.0
0.000426 -0.000422 3517.0
0.000426 -0.000422 3518.0
0.000426 -0.000422 3519.0
0.000426 -0.000422 3520.0
0.000426 -0.000422 3521.0
0.000426 -0.000422 3522.0
0.000426 -0.000422 3523.0
0.000426 -0.000422 3524.0
0.000426 -0.000422 3525.0
0.000426 -0.000422 3526.0
0.000426 -0.000422 3527.0
0.000426 -0.000422 3528.0
0.000426 -0.000422 3529.0
0.000426 -0.000422 3530.0
0.000426 -0.000422 3531.0
0.000426 -0.000422 3532.0
0.000426 -0.000422 3533.0
0.000426 -0.000422 3534.0
0.000426 -0.000422 3535.0
0.000426 -0.000422 3536.0
0.000426 -0.000422 3537.0
0.000426 -0.000422 3538.0
0.000426 -0.000422 3539.0
0.000426 -0.000422 3540.0
0.000426 -0.000422 3541.0
0.000426 -0.000422 3542.0
0.000426 -0.000422 3543.0
0.000426 -0.000422 3544.0
0.000426 -0.000422 3545.0
0.000426 -0.000422 3546.0
0.000426 -0.000422 3547.0
0.000426 -0.000422 3548.0
0.000426 -0.000422 3549.0
0.000426 -0.000422 3550.0
0.000426 -0.000422 3551.0
0.000426 -0.000422 3552.0
0.000426 -0.000422 3553.0
0.000426 -0.000422 3554.0
0.000426 -0.000422 3555.0
0.000426 -0.000422 3556.0
0.000426 -0.000422 3557.0
0.000426 -0.000422 3558.0
0.000426 -0.000422 3559.0
0.000426 -0.000422 3560.0
0.000426 -0.000422 3561.0
0.000426 -0.000422 3562.0
0.000426 -0.000422 3563.0
0.000426 -0.000422 3564.0
0.000426 -0.000422 3565.0
