0.000971 0.000109 38.0
0.000971 0.000107 39.0
0.000971 0.000104 40.0
0.000970 0.000101 41.0
0.000970 0.000099 42.0
0.000969 0.000096 43.0
0.000969 0.000093 44.0
0.000969 0.000091 45.0
0.000968 0.000088 46.0
0.000968 0.000085 47.0
0.000968 0.000083 48.0
0.000967 0.000080 49.0
0.000967 0.000077 50.0
0.000967 0.000075 51.0
0.000966 0.000072 52.0
0.000966 0.000069 53.0
0.000966 0.000067 54.0
0.000965 0.000064 55.0
0.000965 0.000061 56.0
0.000964 0.000059 57.0
0.000964 0.000056 58.0
0.000964 0.000053 59.0
0.000963 0.000051 60.0
0.000963 0.000048 61.0
0.000963 0.000045 62.0
0.000962 0.000043 63.0
0.000962 0.000040 64.0
0.000962 0.000037 65.0
0.000961 0.000035 66.0
0.000961 0.000032 67.0
0.000961 0.000029 68.0
0.000960 0.000027 69.0
0.000960 0.000024 70.0
0.000959 0.000021 71.0
0.000959 0.000019 72.0
0.000959 0.000016 73.0
0.000958 0.000013 74.0
0.000958 0.000011 75.0
0.000958 0.000008 76.0
0.000957 0.000005 77.0
0.000957 0.000003 78.0
0.000957 -0.000000 79.0
0.000956 -0.000003 80.0
0.000956 -0.000006 81.0
0.000956 -0.000008 82.0
0.000955 -0.000011 83.0
0.000955 -0.000014 84.0
0.000955 -0.000016 85.0
0.000950 -0.000015 86.0
0.000950 -0.000017 87.0
0.000949 -0.000019 88.0
0.000949 -0.000021 89.0
0.000949 -0.000023 90.0
0.000948 -0.000025 91.0
0.000948 -0.000027 92.0
0.000947 -0.000029 93.0
0.000947 -0.000031 94.0
0.000946 -0.000032 95.0
0.000946 -0.000034 96.0
0.000945 -0.000036 97.0
0.000945 -0.000038 98.0
0.000944 -0.000040 99.0
0.000944 -0.000042 100.0
0.000943 -0.000044 101.0
0.000943 -0.000046 102.0
0.000943 -0.000048 103.0
0.000942 -0.000050 104.0
0.000942 -0.000052 105.0
0.000941 -0.000053 106.0
0.000941 -0.000055 107.0
0.000940 -0.000057 108.0
0.000940 -0.000059 109.0
0.000939 -0.000061 110.0
0.000939 -0.000063 111.0
0.000938 -0.000065 112.0
0.000938 -0.000067 113.0
0.000938 -0.000069 114.0
0.000935 -0.000068 115.0
0.000934 -0.000070 116.0
0.000933 -0.000073 117.0
0.000932 -0.000076 118.0
0.000931 -0.000078 119.0
0.000930 -0.000081 120.0
0.000930 -0.000084 121.0
0.000929 -0.000087 122.0
0.000928 -0.000089 123.0
0.000927 -0.000092 124.0
0.000926 -0.000095 125.0
0.000925 -0.000098 126.0
0.000924 -0.000100 127.0
0.000924 -0.000103 128.0
0.000923 -0.000106 129.0
0.000922 -0.000109 130.0
0.000921 -0.000111 131.0
0.000920 -0.000114 132.0
0.000919 -0.000117 133.0
0.000918 -0.000120 134.0
0.000918 -0.000122 135.0
0.000917 -0.000125 136.0
0.000916 -0.000128 137.0
0.000915 -0.000131 138.0
0.000914 -0.000133 139.0
0.000913 -0.000136 140.0
0.000912 -0.000139 141.0
0.000912 -0.000142 142.0
0.000911 -0.000144 143.0
0.000910 -0.000147 144.0
0.000909 -0.000150 145.0
0.000908 -0.000153 146.0
0.000907 -0.000155 147.0
0.000906 -0.000158 148.0
0.000906 -0.000161 149.0
0.000905 -0.000164 150.0
0.000904 -0.000166 151.0
0.000903 -0.000169 152.0
0.000902 -0.000172 153.0
0.000901 -0.000175 154.0
0.000900 -0.000177 155.0
0.000900 -0.000180 156.0
0.000899 -0.000183 157.0
0.000898 -0.000186 158.0
0.000897 -0.000188 159.0
0.000889 -0.000184 160.0
0.000888 -0.000186 161.0
0.000886 -0.000188 162.0
0.000885 -0.000190 163.0
0.000883 -0.000192 164.0
0.000882 -0.000194 165.0
0.000880 -0.000196 166.0
0.000879 -0.000198 167.0
0.000877 -0.000200 168.0
0.000876 -0.000202 169.0
0.000874 -0.000204 170.0
0.000873 -0.000205 171.0
0.000872 -0.000207 172.0
0.000870 -0.000209 173.0
0.000869 -0.000211 174.0
0.000867 -0.000213 175.0
0.000866 -0.000215 176.0
0.000864 -0.000217 177.0
0.000863 -0.000219 178.0
0.000861 -0.000221 179.0
0.000860 -0.000223 180.0
0.000858 -0.000225 181.0
0.000857 -0.000227 182.0
0.000855 -0.000229 183.0
0.000854 -0.000231 184.0
0.000853 -0.000233 185.0
0.000851 -0.000235 186.0
0.000850 -0.000237 187.0
0.000848 -0.000239 188.0
0.000847 -0.000241 189.0
0.000845 -0.000243 190.0
0.000844 -0.000245 191.0
0.000842 -0.000247 192.0
0.000841 -0.000249 193.0
0.000839 -0.000251 194.0
0.000838 -0.000252 195.0
0.000836 -0.000254 196.0
0.000835 -0.000256 197.0
0.000834 -0.000258 198.0
0.000832 -0.000260 199.0
0.000831 -0.000262 200.0
0.000829 -0.000264 201.0
0.000828 -0.000266 202.0
0.000826 -0.000268 203.0
0.000825 -0.000270 204.0
0.000823 -0.000272 205.0
0.000822 -0.000274 206.0
0.000820 -0.000276 207.0
0.000819 -0.000278 208.0
0.000811 -0.000267 209.0
0.000809 -0.000269 210.0
0.000808 -0.000271 211.0
0.000807 -0.000273 212.0
0.000805 -0.000275 213.0
0.000804 -0.000277 214.0
0.000802 -0.000279 215.0
0.000801 -0.000281 216.0
0.000799 -0.000283 217.0
0.000798 -0.000285 218.0
0.000796 -0.000287 219.0
0.000795 -0.000289 220.0
0.000793 -0.000291 221.0
0.000792 -0.000293 222.0
0.000790 -0.000295 223.0
0.000789 -0.000297 224.0
0.000787 -0.000299 225.0
0.000786 -0.000300 226.0
0.000785 -0.000302 227.0
0.000783 -0.000304 228.0
0.000782 -0.000306 229.0
0.000780 -0.000308 230.0
0.000779 -0.000310 231.0
0.000777 -0.000312 232.0
0.000776 -0.000314 233.0
0.000774 -0.000316 234.0
0.000773 -0.000318 235.0
0.000771 -0.000320 236.0
0.000770 -0.000322 237.0
0.000768 -0.000324 238.0
0.000767 -0.000326 239.0
0.000766 -0.000328 240.0
0.000764 -0.000330 241.0
0.000763 -0.000332 242.0
0.000761 -0.000333 243.0
0.000760 -0.000335 244.0
0.000758 -0.000337 245.0
0.000757 -0.000339 246.0
0.000755 -0.000341 247.0
0.000754 -0.000343 248.0
0.000752 -0.000345 249.0
0.000751 -0.000347 250.0
0.000749 -0.000349 251.0
0.000748 -0.000351 252.0
0.000747 -0.000353 253.0
0.000745 -0.000355 254.0
0.000744 -0.000357 255.0
0.000742 -0.000359 256.0
0.000741 -0.000361 257.0
0.000733 -0.000350 258.0
0.000732 -0.000352 259.0
0.000730 -0.000354 260.0
0.000729 -0.000355 261.0
0.000728 -0.000357 262.0
0.000727 -0.000359 263.0
0.000726 -0.000361 264.0
0.000725 -0.000362 265.0
0.000724 -0.000364 266.0
0.000723 -0.000366 267.0
0.000721 -0.000368 268.0
0.000720 -0.000370 269.0
0.000719 -0.000371 270.0
0.000718 -0.000373 271.0
0.000717 -0.000375 272.0
0.000716 -0.000377 273.0
0.000715 -0.000378 274.0
0.000714 -0.000380 275.0
0.000712 -0.000382 276.0
0.000711 -0.000384 277.0
0.000710 -0.000385 278.0
0.000709 -0.000387 279.0
0.000708 -0.000389 280.0
0.000707 -0.000391 281.0
0.000706 -0.000392 282.0
0.000705 -0.000394 283.0
0.000703 -0.000396 284.0
0.000702 -0.000398 285.0
0.000701 -0.000399 286.0
0.000700 -0.000401 287.0
0.000699 -0.000403 288.0
0.000698 -0.000405 289.0
0.000697 -0.000406 290.0
0.000696 -0.000408 291.0
0.000695 -0.000410 292.0
0.000693 -0.000412 293.0
0.000692 -0.000414 294.0
0.000691 -0.000415 295.0
0.000690 -0.000417 296.0
0.000689 -0.000419 297.0
0.000688 -0.000421 298.0
0.000687 -0.000422 299.0
0.000686 -0.000424 300.0
0.000684 -0.000426 301.0
0.000683 -0.000428 302.0
0.000682 -0.000429 303.0
0.000681 -0.000431 304.0
0.000680 -0.000433 305.0
0.000679 -0.000435 306.0
0.000678 -0.000436 307.0
0.000677 -0.000438 308.0
0.000675 -0.000440 309.0
0.000674 -0.000442 310.0
0.000673 -0.000443 311.0
0.000672 -0.000445 312.0
0.000671 -0.000447 313.0
0.000670 -0.000449 314.0
0.000669 -0.000450 315.0
0.000660 -0.000441 316.0
0.000659 -0.000442 317.0
0.000659 -0.000443 318.0
0.000658 -0.000444 319.0
0.000658 -0.000445 320.0
0.000657 -0.000446 321.0
0.000657 -0.000447 322.0
0.000656 -0.000448 323.0
0.000655 -0.000449 324.0
0.000655 -0.000451 325.0
0.000654 -0.000452 326.0
0.000654 -0.000453 327.0
0.000653 -0.000454 328.0
0.000653 -0.000455 329.0
0.000652 -0.000456 330.0
0.000651 -0.000457 331.0
0.000651 -0.000458 332.0
0.000650 -0.000459 333.0
0.000650 -0.000460 334.0
0.000649 -0.000461 335.0
0.000648 -0.000463 336.0
0.000648 -0.000464 337.0
0.000647 -0.000465 338.0
0.000647 -0.000466 339.0
0.000646 -0.000467 340.0
0.000646 -0.000468 341.0
0.000645 -0.000469 342.0
0.000644 -0.000470 343.0
0.000644 -0.000471 344.0
0.000643 -0.000472 345.0
0.000643 -0.000473 346.0
0.000642 -0.000475 347.0
0.000642 -0.000476 348.0
0.000641 -0.000477 349.0
0.000640 -0.000478 350.0
0.000640 -0.000479 351.0
0.000639 -0.000480 352.0
0.000639 -0.000481 353.0
0.000638 -0.000482 354.0
0.000637 -0.000483 355.0
0.000637 -0.000484 356.0
0.000636 -0.000485 357.0
0.000636 -0.000486 358.0
0.000635 -0.000488 359.0
0.000635 -0.000489 360.0
0.000634 -0.000490 361.0
0.000633 -0.000491 362.0
0.000633 -0.000492 363.0
0.000632 -0.000493 364.0
0.000632 -0.000494 365.0
0.000631 -0.000495 366.0
0.000631 -0.000496 367.0
0.000630 -0.000497 368.0
0.000629 -0.000498 369.0
0.000629 -0.000500 370.0
0.000628 -0.000501 371.0
0.000628 -0.000502 372.0
0.000627 -0.000503 373.0
0.000626 -0.000504 374.0
0.000626 -0.000505 375.0
0.000621 -0.000500 376.0
0.000620 -0.000501 377.0
0.000620 -0.000501 378.0
0.000619 -0.000502 379.0
0.000619 -0.000502 380.0
0.000619 -0.000503 381.0
0.000618 -0.000503 382.0
0.000618 -0.000504 383.0
0.000618 -0.000505 384.0
0.000617 -0.000505 385.0
0.000617 -0.000506 386.0
0.000617 -0.000506 387.0
0.000616 -0.000507 388.0
0.000616 -0.000507 389.0
0.000615 -0.000508 390.0
0.000615 -0.000509 391.0
0.000615 -0.000509 392.0
0.000614 -0.000510 393.0
0.000614 -0.000510 394.0
0.000614 -0.000511 395.0
0.000613 -0.000512 396.0
0.000613 -0.000512 397.0
0.000613 -0.000513 398.0
0.000612 -0.000513 399.0
0.000612 -0.000514 400.0
0.000611 -0.000514 401.0
0.000611 -0.000515 402.0
0.000611 -0.000516 403.0
0.000610 -0.000516 404.0
0.000610 -0.000517 405.0
0.000610 -0.000517 406.0
0.000609 -0.000518 407.0
0.000609 -0.000518 408.0
0.000609 -0.000519 409.0
0.000608 -0.000520 410.0
0.000608 -0.000520 411.0
0.000607 -0.000521 412.0
0.000607 -0.000521 413.0
0.000607 -0.000522 414.0
0.000606 -0.000523 415.0
0.000606 -0.000523 416.0
0.000606 -0.000524 417.0
0.000605 -0.000524 418.0
0.000605 -0.000525 419.0
0.000604 -0.000525 420.0
0.000604 -0.000526 421.0
0.000604 -0.000527 422.0
0.000603 -0.000527 423.0
0.000603 -0.000528 424.0
0.000603 -0.000528 425.0
0.000602 -0.000529 426.0
0.000602 -0.000530 427.0
0.000602 -0.000530 428.0
0.000601 -0.000531 429.0
0.000601 -0.000531 430.0
0.000600 -0.000532 431.0
0.000600 -0.000532 432.0
0.000600 -0.000533 433.0
0.000599 -0.000534 434.0
0.000599 -0.000534 435.0
0.000596 -0.000531 436.0
0.000596 -0.000531 437.0
0.000596 -0.000532 438.0
0.000595 -0.000532 439.0
0.000595 -0.000532 440.0
0.000595 -0.000533 441.0
0.000595 -0.000533 442.0
0.000594 -0.000534 443.0
0.000594 -0.000534 444.0
0.000594 -0.000534 445.0
0.000594 -0.000535 446.0
0.000594 -0.000535 447.0
0.000593 -0.000535 448.0
0.000593 -0.000536 449.0
0.000593 -0.000536 450.0
0.000593 -0.000537 451.0
0.000592 -0.000537 452.0
0.000592 -0.000537 453.0
0.000592 -0.000538 454.0
0.000592 -0.000538 455.0
0.000591 -0.000538 456.0
0.000591 -0.000539 457.0
0.000591 -0.000539 458.0
0.000591 -0.000540 459.0
0.000591 -0.000540 460.0
0.000590 -0.000540 461.0
0.000590 -0.000541 462.0
0.000590 -0.000541 463.0
0.000590 -0.000541 464.0
0.000589 -0.000542 465.0
0.000589 -0.000542 466.0
0.000589 -0.000543 467.0
0.000589 -0.000543 468.0
0.000589 -0.000543 469.0
0.000588 -0.000544 470.0
0.000588 -0.000544 471.0
0.000588 -0.000544 472.0
0.000588 -0.000545 473.0
0.000587 -0.000545 474.0
0.000587 -0.000546 475.0
0.000587 -0.000546 476.0
0.000587 -0.000546 477.0
0.000586 -0.000547 478.0
0.000586 -0.000547 479.0
0.000586 -0.000547 480.0
0.000586 -0.000548 481.0
0.000586 -0.000548 482.0
0.000585 -0.000549 483.0
0.000585 -0.000549 484.0
0.000585 -0.000549 485.0
0.000585 -0.000550 486.0
0.000584 -0.000550 487.0
0.000584 -0.000550 488.0
0.000584 -0.000551 489.0
0.000584 -0.000551 490.0
0.000583 -0.000552 491.0
0.000583 -0.000552 492.0
0.000583 -0.000552 493.0
0.000583 -0.000553 494.0
0.000583 -0.000553 495.0
0.000581 -0.000551 496.0
0.000581 -0.000551 497.0
0.000581 -0.000552 498.0
0.000581 -0.000552 499.0
0.000581 -0.000552 500.0
0.000581 -0.000553 501.0
0.000581 -0.000553 502.0
0.000581 -0.000554 503.0
0.000581 -0.000554 504.0
0.000581 -0.000554 505.0
0.000581 -0.000555 506.0
0.000581 -0.000555 507.0
0.000581 -0.000555 508.0
0.000581 -0.000556 509.0
0.000581 -0.000556 510.0
0.000581 -0.000556 511.0
0.000581 -0.000557 512.0
0.000581 -0.000557 513.0
0.000581 -0.000557 514.0
0.000581 -0.000558 515.0
0.000581 -0.000558 516.0
0.000581 -0.000559 517.0
0.000581 -0.000559 518.0
0.000581 -0.000559 519.0
0.000581 -0.000560 520.0
0.000581 -0.000560 521.0
0.000581 -0.000560 522.0
0.000581 -0.000561 523.0
0.000581 -0.000561 524.0
0.000581 -0.000561 525.0
0.000581 -0.000562 526.0
0.000581 -0.000562 527.0
0.000581 -0.000562 528.0
0.000581 -0.000563 529.0
0.000581 -0.000563 530.0
0.000581 -0.000564 531.0
0.000581 -0.000564 532.0
0.000581 -0.000564 533.0
0.000581 -0.000565 534.0
0.000581 -0.000565 535.0
0.000581 -0.000565 536.0
0.000581 -0.000566 537.0
0.000581 -0.000566 538.0
0.000581 -0.000566 539.0
0.000581 -0.000567 540.0
0.000581 -0.000567 541.0
0.000581 -0.000567 542.0
0.000581 -0.000568 543.0
0.000581 -0.000568 544.0
0.000581 -0.000569 545.0
0.000581 -0.000569 546.0
0.000581 -0.000569 547.0
0.000581 -0.000570 548.0
0.000581 -0.000570 549.0
0.000581 -0.000570 550.0
0.000581 -0.000571 551.0
0.000581 -0.000571 552.0
0.000581 -0.000571 553.0
0.000581 -0.000572 554.0
0.000581 -0.000572 555.0
0.000581 -0.000572 556.0
0.000581 -0.000573 557.0
0.000582 -0.000573 558.0
0.000582 -0.000574 559.0
0.000582 -0.000574 560.0
0.000583 -0.000575 561.0
0.000583 -0.000575 562.0
0.000583 -0.000576 563.0
0.000584 -0.000576 564.0
0.000584 -0.000577 565.0
0.000584 -0.000577 566.0
0.000585 -0.000578 567.0
0.000585 -0.000578 568.0
0.000585 -0.000579 569.0
0.000586 -0.000579 570.0
0.000586 -0.000580 571.0
0.000586 -0.000580 572.0
0.000586 -0.000581 573.0
0.000587 -0.000581 574.0
0.000587 -0.000582 575.0
0.000587 -0.000582 576.0
0.000588 -0.000583 577.0
0.000588 -0.000583 578.0
0.000588 -0.000584 579.0
0.000589 -0.000584 580.0
0.000589 -0.000585 581.0
0.000589 -0.000585 582.0
0.000590 -0.000586 583.0
0.000590 -0.000586 584.0
0.000590 -0.000587 585.0
0.000591 -0.000587 586.0
0.000591 -0.000588 587.0
0.000591 -0.000588 588.0
0.000592 -0.000589 589.0
0.000592 -0.000589 590.0
0.000592 -0.000590 591.0
0.000593 -0.000590 592.0
0.000593 -0.000591 593.0
0.000593 -0.000591 594.0
0.000594 -0.000592 595.0
0.000594 -0.000592 596.0
0.000594 -0.000593 597.0
0.000595 -0.000593 598.0
0.000595 -0.000594 599.0
0.000595 -0.000594 600.0
0.000596 -0.000595 601.0
0.000596 -0.000595 602.0
0.000596 -0.000596 603.0
0.000597 -0.000596 604.0
0.000597 -0.000597 605.0
0.000597 -0.000597 606.0
0.000599 -0.000595 607.0
0.000599 -0.000595 608.0
0.000599 -0.000596 609.0
0.000599 -0.000596 610.0
0.000598 -0.000597 611.0
0.000598 -0.000597 612.0
0.000598 -0.000597 613.0
0.000598 -0.000598 614.0
0.000597 -0.000598 615.0
0.000597 -0.000599 616.0
0.000597 -0.000599 617.0
0.000597 -0.000600 618.0
0.000596 -0.000600 619.0
0.000596 -0.000601 620.0
0.000596 -0.000601 621.0
0.000596 -0.000602 622.0
0.000596 -0.000602 623.0
0.000595 -0.000603 624.0
0.000595 -0.000603 625.0
0.000595 -0.000604 626.0
0.000595 -0.000604 627.0
0.000594 -0.000604 628.0
0.000594 -0.000605 629.0
0.000594 -0.000605 630.0
0.000594 -0.000606 631.0
0.000593 -0.000606 632.0
0.000593 -0.000607 633.0
0.000593 -0.000607 634.0
0.000593 -0.000608 635.0
0.000592 -0.000608 636.0
0.000592 -0.000609 637.0
0.000592 -0.000609 638.0
0.000592 -0.000610 639.0
0.000591 -0.000610 640.0
0.000591 -0.000611 641.0
0.000591 -0.000611 642.0
0.000591 -0.000611 643.0
0.000590 -0.000612 644.0
0.000590 -0.000612 645.0
0.000590 -0.000613 646.0
0.000590 -0.000613 647.0
0.000589 -0.000614 648.0
0.000589 -0.000614 649.0
0.000589 -0.000615 650.0
0.000589 -0.000615 651.0
0.000588 -0.000616 652.0
0.000588 -0.000616 653.0
0.000588 -0.000617 654.0
0.000588 -0.000617 655.0
0.000587 -0.000618 656.0
0.000587 -0.000618 657.0
0.000587 -0.000618 658.0
0.000587 -0.000619 659.0
0.000587 -0.000619 660.0
0.000584 -0.000618 661.0
0.000585 -0.000618 662.0
0.000585 -0.000618 663.0
0.000585 -0.000618 664.0
0.000586 -0.000618 665.0
0.000586 -0.000618 666.0
0.000586 -0.000619 667.0
0.000586 -0.000619 668.0
0.000587 -0.000619 669.0
0.000587 -0.000619 670.0
0.000587 -0.000619 671.0
0.000588 -0.000619 672.0
0.000588 -0.000620 673.0
0.000588 -0.000620 674.0
0.000589 -0.000620 675.0
0.000589 -0.000620 676.0
0.000589 -0.000620 677.0
0.000589 -0.000620 678.0
0.000590 -0.000621 679.0
0.000590 -0.000621 680.0
0.000590 -0.000621 681.0
0.000591 -0.000621 682.0
0.000591 -0.000621 683.0
0.000591 -0.000621 684.0
0.000591 -0.000622 685.0
0.000592 -0.000622 686.0
0.000592 -0.000622 687.0
0.000592 -0.000622 688.0
0.000593 -0.000622 689.0
0.000593 -0.000622 690.0
0.000593 -0.000623 691.0
0.000594 -0.000623 692.0
0.000594 -0.000623 693.0
0.000594 -0.000623 694.0
0.000594 -0.000623 695.0
0.000595 -0.000623 696.0
0.000595 -0.000624 697.0
0.000595 -0.000624 698.0
0.000596 -0.000624 699.0
0.000596 -0.000624 700.0
0.000596 -0.000624 701.0
0.000596 -0.000624 702.0
0.000597 -0.000625 703.0
0.000597 -0.000625 704.0
0.000597 -0.000625 705.0
0.000598 -0.000625 706.0
0.000598 -0.000625 707.0
0.000598 -0.000625 708.0
0.000599 -0.000626 709.0
0.000599 -0.000626 710.0
0.000599 -0.000626 711.0
0.000599 -0.000626 712.0
0.000600 -0.000626 713.0
0.000600 -0.000626 714.0
0.000600 -0.000627 715.0
0.000601 -0.000625 716.0
0.000602 -0.000625 717.0
0.000602 -0.000625 718.0
0.000603 -0.000626 719.0
0.000604 -0.000626 720.0
0.000604 -0.000626 721.0
0.000605 -0.000626 722.0
0.000606 -0.000626 723.0
0.000607 -0.000627 724.0
0.000607 -0.000627 725.0
0.000608 -0.000627 726.0
0.000609 -0.000627 727.0
0.000609 -0.000627 728.0
0.000610 -0.000628 729.0
0.000611 -0.000628 730.0
0.000612 -0.000628 731.0
0.000612 -0.000628 732.0
0.000613 -0.000629 733.0
0.000614 -0.000629 734.0
0.000614 -0.000629 735.0
0.000615 -0.000629 736.0
0.000616 -0.000629 737.0
0.000617 -0.000630 738.0
0.000617 -0.000630 739.0
0.000618 -0.000630 740.0
0.000619 -0.000630 741.0
0.000619 -0.000630 742.0
0.000620 -0.000631 743.0
0.000621 -0.000631 744.0
0.000622 -0.000631 745.0
0.000622 -0.000631 746.0
0.000623 -0.000631 747.0
0.000624 -0.000632 748.0
0.000624 -0.000632 749.0
0.000625 -0.000632 750.0
0.000626 -0.000632 751.0
0.000627 -0.000632 752.0
0.000627 -0.000633 753.0
0.000628 -0.000633 754.0
0.000629 -0.000633 755.0
0.000629 -0.000633 756.0
0.000630 -0.000633 757.0
0.000631 -0.000634 758.0
0.000632 -0.000634 759.0
0.000632 -0.000634 760.0
0.000633 -0.000634 761.0
0.000634 -0.000634 762.0
0.000634 -0.000635 763.0
0.000635 -0.000635 764.0
0.000636 -0.000635 765.0
0.000637 -0.000635 766.0
0.000637 -0.000635 767.0
0.000638 -0.000636 768.0
0.000639 -0.000636 769.0
0.000639 -0.000636 770.0
0.000640 -0.000636 771.0
0.000641 -0.000637 772.0
0.000642 -0.000637 773.0
0.000642 -0.000637 774.0
0.000643 -0.000637 775.0
0.000644 -0.000637 776.0
0.000644 -0.000638 777.0
0.000645 -0.000638 778.0
0.000646 -0.000638 779.0
0.000647 -0.000638 780.0
0.000647 -0.000638 781.0
0.000648 -0.000639 782.0
0.000649 -0.000639 783.0
0.000649 -0.000639 784.0
0.000650 -0.000636 785.0
0.000650 -0.000636 786.0
0.000651 -0.000636 787.0
0.000652 -0.000636 788.0
0.000652 -0.000635 789.0
0.000653 -0.000635 790.0
0.000654 -0.000635 791.0
0.000654 -0.000635 792.0
0.000655 -0.000634 793.0
0.000656 -0.000634 794.0
0.000656 -0.000634 795.0
0.000657 -0.000634 796.0
0.000657 -0.000633 797.0
0.000658 -0.000633 798.0
0.000659 -0.000633 799.0
0.000659 -0.000633 800.0
0.000660 -0.000632 801.0
0.000661 -0.000632 802.0
0.000661 -0.000632 803.0
0.000662 -0.000632 804.0
0.000663 -0.000631 805.0
0.000663 -0.000631 806.0
0.000664 -0.000631 807.0
0.000664 -0.000631 808.0
0.000665 -0.000630 809.0
0.000666 -0.000630 810.0
0.000666 -0.000630 811.0
0.000667 -0.000630 812.0
0.000668 -0.000629 813.0
0.000668 -0.000629 814.0
0.000669 -0.000629 815.0
0.000670 -0.000629 816.0
0.000670 -0.000628 817.0
0.000671 -0.000628 818.0
0.000671 -0.000628 819.0
0.000672 -0.000628 820.0
0.000673 -0.000627 821.0
0.000673 -0.000627 822.0
0.000674 -0.000627 823.0
0.000675 -0.000627 824.0
0.000675 -0.000626 825.0
0.000676 -0.000626 826.0
0.000676 -0.000626 827.0
0.000677 -0.000626 828.0
0.000678 -0.000625 829.0
0.000678 -0.000625 830.0
0.000679 -0.000625 831.0
0.000680 -0.000625 832.0
0.000680 -0.000624 833.0
0.000681 -0.000624 834.0
0.000682 -0.000624 835.0
0.000682 -0.000626 836.0
0.000682 -0.000626 837.0
0.000682 -0.000625 838.0
0.000682 -0.000625 839.0
0.000682 -0.000624 840.0
0.000682 -0.000624 841.0
0.000682 -0.000623 842.0
0.000682 -0.000622 843.0
0.000683 -0.000622 844.0
0.000683 -0.000621 845.0
0.000683 -0.000621 846.0
0.000683 -0.000620 847.0
0.000683 -0.000620 848.0
0.000683 -0.000619 849.0
0.000683 -0.000618 850.0
0.000683 -0.000618 851.0
0.000683 -0.000617 852.0
0.000683 -0.000617 853.0
0.000683 -0.000616 854.0
0.000683 -0.000616 855.0
0.000683 -0.000615 856.0
0.000683 -0.000615 857.0
0.000683 -0.000614 858.0
0.000683 -0.000613 859.0
0.000683 -0.000613 860.0
0.000683 -0.000612 861.0
0.000684 -0.000612 862.0
0.000684 -0.000611 863.0
0.000684 -0.000611 864.0
0.000684 -0.000610 865.0
0.000684 -0.000609 866.0
0.000684 -0.000609 867.0
0.000684 -0.000608 868.0
0.000684 -0.000608 869.0
0.000684 -0.000607 870.0
0.000684 -0.000607 871.0
0.000684 -0.000606 872.0
0.000684 -0.000606 873.0
0.000684 -0.000605 874.0
0.000684 -0.000604 875.0
0.000684 -0.000604 876.0
0.000684 -0.000603 877.0
0.000684 -0.000603 878.0
0.000684 -0.000602 879.0
0.000685 -0.000602 880.0
0.000685 -0.000601 881.0
0.000685 -0.000601 882.0
0.000685 -0.000600 883.0
0.000685 -0.000599 884.0
0.000685 -0.000599 885.0
0.000685 -0.000598 886.0
0.000685 -0.000598 887.0
0.000685 -0.000597 888.0
0.000685 -0.000597 889.0
0.000685 -0.000596 890.0
0.000685 -0.000595 891.0
0.000685 -0.000595 892.0
0.000685 -0.000594 893.0
0.000685 -0.000594 894.0
0.000685 -0.000593 895.0
0.000686 -0.000593 896.0
0.000686 -0.000593 897.0
0.000686 -0.000592 898.0
0.000686 -0.000591 899.0
0.000687 -0.000590 900.0
0.000687 -0.000590 901.0
0.000687 -0.000589 902.0
0.000687 -0.000588 903.0
0.000687 -0.000587 904.0
0.000687 -0.000587 905.0
0.000687 -0.000586 906.0
0.000687 -0.000585 907.0
0.000687 -0.000584 908.0
0.000687 -0.000583 909.0
0.000688 -0.000583 910.0
0.000688 -0.000582 911.0
0.000688 -0.000581 912.0
0.000688 -0.000580 913.0
0.000688 -0.000580 914.0
0.000688 -0.000579 915.0
0.000688 -0.000578 916.0
0.000688 -0.000577 917.0
0.000688 -0.000577 918.0
0.000688 -0.000576 919.0
0.000689 -0.000575 920.0
0.000689 -0.000574 921.0
0.000689 -0.000574 922.0
0.000689 -0.000573 923.0
0.000689 -0.000572 924.0
0.000689 -0.000571 925.0
0.000689 -0.000571 926.0
0.000689 -0.000570 927.0
0.000689 -0.000569 928.0
0.000689 -0.000568 929.0
0.000690 -0.000568 930.0
0.000690 -0.000567 931.0
0.000690 -0.000566 932.0
0.000690 -0.000565 933.0
0.000690 -0.000564 934.0
0.000690 -0.000564 935.0
0.000690 -0.000563 936.0
0.000690 -0.000562 937.0
0.000690 -0.000561 938.0
0.000690 -0.000561 939.0
0.000691 -0.000560 940.0
0.000691 -0.000559 941.0
0.000691 -0.000558 942.0
0.000691 -0.000558 943.0
0.000691 -0.000557 944.0
0.000691 -0.000556 945.0
0.000691 -0.000555 946.0
0.000691 -0.000555 947.0
0.000691 -0.000554 948.0
0.000691 -0.000553 949.0
0.000692 -0.000552 950.0
0.000693 -0.000553 951.0
0.000693 -0.000553 952.0
0.000694 -0.000553 953.0
0.000694 -0.000553 954.0
0.000695 -0.000553 955.0
0.000695 -0.000553 956.0
0.000695 -0.000553 957.0
0.000696 -0.000553 958.0
0.000696 -0.000553 959.0
0.000697 -0.000553 960.0
0.000697 -0.000553 961.0
0.000697 -0.000553 962.0
0.000698 -0.000553 963.0
0.000698 -0.000553 964.0
0.000698 -0.000553 965.0
0.000698 -0.000553 966.0
0.000698 -0.000553 967.0
0.000698 -0.000553 968.0
0.000698 -0.000553 969.0
0.000698 -0.000553 970.0
0.000698 -0.000553 971.0
0.000698 -0.000553 972.0
0.000698 -0.000553 973.0
0.000698 -0.000553 974.0
0.000698 -0.000553 975.0
0.000698 -0.000553 976.0
0.000698 -0.000553 977.0
0.000698 -0.000553 978.0
0.000698 -0.000553 979.0
0.000698 -0.000553 980.0
0.000698 -0.000553 981.0
0.000698 -0.000553 982.0
0.000698 -0.000553 983.0
0.000698 -0.000553 984.0
0.000698 -0.000553 985.0
0.000698 -0.000553 986.0
0.000698 -0.000553 987.0
0.000698 -0.000553 988.0
0.000698 -0.000553 989.0
0.000698 -0.000553 990.0
0.000698 -0.000553 991.0
0.000698 -0.000554 992.0
0.000698 -0.000554 993.0
0.000698 -0.000555 994.0
0.000698 -0.000555 995.0
0.000698 -0.000555 996.0
0.000698 -0.000556 997.0
0.000698 -0.000556 998.0
0.000698 -0.000557 999.0
0.000698 -0.000557 1000.0
0.000698 -0.000557 1001.0
0.000698 -0.000558 1002.0
0.000698 -0.000558 1003.0
0.000698 -0.000559 1004.0
0.000698 -0.000559 1005.0
0.000698 -0.000560 1006.0
0.000698 -0.000560 1007.0
0.000698 -0.000560 1008.0
0.000698 -0.000561 1009.0
0.000698 -0.000561 1010.0
0.000698 -0.000562 1011.0
0.000698 -0.000562 1012.0
0.000698 -0.000562 1013.0
0.000698 -0.000563 1014.0
0.000698 -0.000563 1015.0
0.000697 -0.000564 1016.0
0.000697 -0.000564 1017.0
0.000697 -0.000564 1018.0
0.000697 -0.000565 1019.0
0.000697 -0.000565 1020.0
0.000697 -0.000566 1021.0
0.000697 -0.000566 1022.0
0.000697 -0.000567 1023.0
0.000697 -0.000567 1024.0
0.000697 -0.000567 1025.0
0.000697 -0.000568 1026.0
0.000697 -0.000568 1027.0
0.000697 -0.000569 1028.0
0.000697 -0.000569 1029.0
0.000697 -0.000569 1030.0
0.000697 -0.000570 1031.0
0.000697 -0.000570 1032.0
0.000697 -0.000571 1033.0
0.000697 -0.000571 1034.0
0.000697 -0.000571 1035.0
0.000697 -0.000572 1036.0
0.000697 -0.000572 1037.0
0.000697 -0.000573 1038.0
0.000697 -0.000573 1039.0
0.000697 -0.000574 1040.0
0.000697 -0.000574 1041.0
0.000697 -0.000574 1042.0
0.000696 -0.000575 1043.0
0.000696 -0.000575 1044.0
0.000696 -0.000576 1045.0
0.000696 -0.000576 1046.0
0.000696 -0.000576 1047.0
0.000696 -0.000577 1048.0
0.000696 -0.000577 1049.0
0.000696 -0.000578 1050.0
0.000696 -0.000578 1051.0
0.000696 -0.000579 1052.0
0.000696 -0.000579 1053.0
0.000696 -0.000579 1054.0
0.000696 -0.000580 1055.0
0.000695 -0.000580 1056.0
0.000695 -0.000581 1057.0
0.000695 -0.000581 1058.0
0.000695 -0.000582 1059.0
0.000695 -0.000583 1060.0
0.000695 -0.000584 1061.0
0.000695 -0.000585 1062.0
0.000695 -0.000586 1063.0
0.000695 -0.000587 1064.0
0.000695 -0.000588 1065.0
0.000695 -0.000589 1066.0
0.000695 -0.000590 1067.0
0.000695 -0.000591 1068.0
0.000695 -0.000591 1069.0
0.000694 -0.000592 1070.0
0.000694 -0.000593 1071.0
0.000694 -0.000594 1072.0
0.000694 -0.000595 1073.0
0.000694 -0.000596 1074.0
0.000694 -0.000597 1075.0
0.000694 -0.000598 1076.0
0.000694 -0.000599 1077.0
0.000694 -0.000600 1078.0
0.000694 -0.000600 1079.0
0.000694 -0.000601 1080.0
0.000694 -0.000602 1081.0
0.000694 -0.000603 1082.0
0.000694 -0.000604 1083.0
0.000694 -0.000605 1084.0
0.000693 -0.000606 1085.0
0.000693 -0.000607 1086.0
0.000693 -0.000608 1087.0
0.000693 -0.000609 1088.0
0.000693 -0.000610 1089.0
0.000693 -0.000610 1090.0
0.000693 -0.000611 1091.0
0.000693 -0.000612 1092.0
0.000693 -0.000613 1093.0
0.000693 -0.000614 1094.0
0.000693 -0.000615 1095.0
0.000693 -0.000616 1096.0
0.000693 -0.000617 1097.0
0.000693 -0.000618 1098.0
0.000693 -0.000619 1099.0
0.000692 -0.000620 1100.0
0.000692 -0.000620 1101.0
0.000692 -0.000621 1102.0
0.000692 -0.000622 1103.0
0.000692 -0.000623 1104.0
0.000692 -0.000624 1105.0
0.000692 -0.000625 1106.0
0.000692 -0.000626 1107.0
0.000692 -0.000627 1108.0
0.000692 -0.000628 1109.0
0.000692 -0.000629 1110.0
0.000691 -0.000628 1111.0
0.000691 -0.000629 1112.0
0.000691 -0.000629 1113.0
0.000691 -0.000630 1114.0
0.000691 -0.000630 1115.0
0.000691 -0.000631 1116.0
0.000691 -0.000631 1117.0
0.000691 -0.000632 1118.0
0.000690 -0.000632 1119.0
0.000690 -0.000632 1120.0
0.000690 -0.000633 1121.0
0.000690 -0.000633 1122.0
0.000690 -0.000634 1123.0
0.000690 -0.000634 1124.0
0.000690 -0.000635 1125.0
0.000690 -0.000635 1126.0
0.000690 -0.000636 1127.0
0.000690 -0.000636 1128.0
0.000690 -0.000636 1129.0
0.000690 -0.000637 1130.0
0.000690 -0.000637 1131.0
0.000690 -0.000638 1132.0
0.000690 -0.000638 1133.0
0.000690 -0.000639 1134.0
0.000690 -0.000639 1135.0
0.000690 -0.000639 1136.0
0.000690 -0.000640 1137.0
0.000690 -0.000640 1138.0
0.000690 -0.000641 1139.0
0.000690 -0.000641 1140.0
0.000690 -0.000642 1141.0
0.000689 -0.000642 1142.0
0.000689 -0.000643 1143.0
0.000689 -0.000643 1144.0
0.000689 -0.000643 1145.0
0.000689 -0.000644 1146.0
0.000689 -0.000644 1147.0
0.000689 -0.000645 1148.0
0.000689 -0.000645 1149.0
0.000689 -0.000646 1150.0
0.000689 -0.000646 1151.0
0.000689 -0.000647 1152.0
0.000689 -0.000647 1153.0
0.000689 -0.000647 1154.0
0.000689 -0.000648 1155.0
0.000689 -0.000648 1156.0
0.000689 -0.000649 1157.0
0.000689 -0.000649 1158.0
0.000689 -0.000650 1159.0
0.000689 -0.000650 1160.0
0.000689 -0.000650 1161.0
0.000689 -0.000651 1162.0
0.000689 -0.000651 1163.0
0.000688 -0.000652 1164.0
0.000688 -0.000652 1165.0
0.000688 -0.000653 1166.0
0.000688 -0.000653 1167.0
0.000688 -0.000654 1168.0
0.000688 -0.000654 1169.0
0.000688 -0.000654 1170.0
0.000688 -0.000654 1171.0
0.000687 -0.000656 1172.0
0.000687 -0.000657 1173.0
0.000687 -0.000658 1174.0
0.000687 -0.000660 1175.0
0.000687 -0.000661 1176.0
0.000687 -0.000662 1177.0
0.000687 -0.000664 1178.0
0.000687 -0.000665 1179.0
0.000686 -0.000666 1180.0
0.000686 -0.000668 1181.0
0.000686 -0.000669 1182.0
0.000686 -0.000670 1183.0
0.000686 -0.000672 1184.0
0.000686 -0.000673 1185.0
0.000686 -0.000674 1186.0
0.000685 -0.000676 1187.0
0.000685 -0.000677 1188.0
0.000685 -0.000678 1189.0
0.000685 -0.000680 1190.0
0.000685 -0.000681 1191.0
0.000685 -0.000682 1192.0
0.000685 -0.000684 1193.0
0.000685 -0.000685 1194.0
0.000684 -0.000686 1195.0
0.000684 -0.000687 1196.0
0.000684 -0.000689 1197.0
0.000684 -0.000690 1198.0
0.000684 -0.000691 1199.0
0.000684 -0.000693 1200.0
0.000684 -0.000694 1201.0
0.000683 -0.000695 1202.0
0.000683 -0.000697 1203.0
0.000683 -0.000698 1204.0
0.000683 -0.000699 1205.0
0.000683 -0.000701 1206.0
0.000683 -0.000702 1207.0
0.000683 -0.000703 1208.0
0.000683 -0.000705 1209.0
0.000682 -0.000706 1210.0
0.000682 -0.000707 1211.0
0.000682 -0.000709 1212.0
0.000682 -0.000710 1213.0
0.000682 -0.000711 1214.0
0.000682 -0.000713 1215.0
0.000682 -0.000714 1216.0
0.000682 -0.000715 1217.0
0.000681 -0.000717 1218.0
0.000681 -0.000718 1219.0
0.000681 -0.000719 1220.0
0.000681 -0.000721 1221.0
0.000681 -0.000722 1222.0
0.000681 -0.000723 1223.0
0.000681 -0.000725 1224.0
0.000680 -0.000726 1225.0
0.000680 -0.000727 1226.0
0.000680 -0.000729 1227.0
0.000680 -0.000730 1228.0
0.000680 -0.000731 1229.0
0.000680 -0.000733 1230.0
0.000680 -0.000734 1231.0
0.000678 -0.000734 1232.0
0.000677 -0.000735 1233.0
0.000677 -0.000737 1234.0
0.000677 -0.000739 1235.0
0.000677 -0.000741 1236.0
0.000677 -0.000743 1237.0
0.000676 -0.000744 1238.0
0.000676 -0.000746 1239.0
0.000676 -0.000748 1240.0
0.000676 -0.000750 1241.0
0.000676 -0.000752 1242.0
0.000675 -0.000753 1243.0
0.000675 -0.000755 1244.0
0.000675 -0.000757 1245.0
0.000675 -0.000759 1246.0
0.000675 -0.000761 1247.0
0.000674 -0.000763 1248.0
0.000674 -0.000764 1249.0
0.000674 -0.000766 1250.0
0.000674 -0.000768 1251.0
0.000674 -0.000770 1252.0
0.000673 -0.000772 1253.0
0.000673 -0.000773 1254.0
0.000673 -0.000775 1255.0
0.000673 -0.000777 1256.0
0.000673 -0.000779 1257.0
0.000672 -0.000781 1258.0
0.000672 -0.000782 1259.0
0.000672 -0.000784 1260.0
0.000672 -0.000786 1261.0
0.000672 -0.000788 1262.0
0.000671 -0.000790 1263.0
0.000671 -0.000792 1264.0
0.000671 -0.000793 1265.0
0.000671 -0.000795 1266.0
0.000671 -0.000797 1267.0
0.000671 -0.000799 1268.0
0.000670 -0.000801 1269.0
0.000670 -0.000802 1270.0
0.000670 -0.000804 1271.0
0.000670 -0.000806 1272.0
0.000670 -0.000808 1273.0
0.000669 -0.000810 1274.0
0.000669 -0.000812 1275.0
0.000669 -0.000813 1276.0
0.000669 -0.000815 1277.0
0.000669 -0.000817 1278.0
0.000668 -0.000819 1279.0
0.000668 -0.000821 1280.0
0.000668 -0.000822 1281.0
0.000668 -0.000824 1282.0
0.000668 -0.000826 1283.0
0.000667 -0.000828 1284.0
0.000667 -0.000830 1285.0
0.000667 -0.000831 1286.0
0.000667 -0.000833 1287.0
0.000667 -0.000835 1288.0
0.000666 -0.000837 1289.0
0.000666 -0.000839 1290.0
0.000666 -0.000841 1291.0
0.000663 -0.000840 1292.0
0.000663 -0.000841 1293.0
0.000663 -0.000842 1294.0
0.000663 -0.000842 1295.0
0.000663 -0.000843 1296.0
0.000663 -0.000844 1297.0
0.000662 -0.000845 1298.0
0.000662 -0.000846 1299.0
0.000662 -0.000847 1300.0
0.000662 -0.000848 1301.0
0.000662 -0.000848 1302.0
0.000662 -0.000849 1303.0
0.000662 -0.000850 1304.0
0.000662 -0.000851 1305.0
0.000662 -0.000852 1306.0
0.000662 -0.000853 1307.0
0.000662 -0.000853 1308.0
0.000661 -0.000854 1309.0
0.000661 -0.000855 1310.0
0.000661 -0.000856 1311.0
0.000661 -0.000857 1312.0
0.000661 -0.000858 1313.0
0.000661 -0.000859 1314.0
0.000661 -0.000859 1315.0
0.000661 -0.000860 1316.0
0.000661 -0.000861 1317.0
0.000661 -0.000862 1318.0
0.000661 -0.000863 1319.0
0.000661 -0.000864 1320.0
0.000660 -0.000864 1321.0
0.000660 -0.000865 1322.0
0.000660 -0.000866 1323.0
0.000660 -0.000867 1324.0
0.000660 -0.000868 1325.0
0.000660 -0.000869 1326.0
0.000660 -0.000870 1327.0
0.000660 -0.000870 1328.0
0.000660 -0.000871 1329.0
0.000660 -0.000872 1330.0
0.000660 -0.000873 1331.0
0.000659 -0.000874 1332.0
0.000659 -0.000875 1333.0
0.000659 -0.000875 1334.0
0.000659 -0.000876 1335.0
0.000659 -0.000877 1336.0
0.000659 -0.000878 1337.0
0.000659 -0.000879 1338.0
0.000659 -0.000880 1339.0
0.000659 -0.000880 1340.0
0.000659 -0.000881 1341.0
0.000659 -0.000882 1342.0
0.000658 -0.000883 1343.0
0.000658 -0.000884 1344.0
0.000658 -0.000885 1345.0
0.000658 -0.000886 1346.0
0.000658 -0.000886 1347.0
0.000658 -0.000887 1348.0
0.000658 -0.000888 1349.0
0.000658 -0.000889 1350.0
0.000658 -0.000890 1351.0
0.000656 -0.000890 1352.0
0.000656 -0.000890 1353.0
0.000655 -0.000890 1354.0
0.000654 -0.000890 1355.0
0.000653 -0.000890 1356.0
0.000653 -0.000890 1357.0
0.000652 -0.000889 1358.0
0.000651 -0.000889 1359.0
0.000650 -0.000889 1360.0
0.000650 -0.000889 1361.0
0.000649 -0.000889 1362.0
0.000648 -0.000889 1363.0
0.000647 -0.000889 1364.0
0.000647 -0.000889 1365.0
0.000646 -0.000889 1366.0
0.000645 -0.000889 1367.0
0.000644 -0.000889 1368.0
0.000644 -0.000889 1369.0
0.000643 -0.000889 1370.0
0.000642 -0.000889 1371.0
0.000641 -0.000889 1372.0
0.000641 -0.000889 1373.0
0.000640 -0.000889 1374.0
0.000639 -0.000889 1375.0
0.000638 -0.000889 1376.0
0.000638 -0.000889 1377.0
0.000637 -0.000889 1378.0
0.000636 -0.000889 1379.0
0.000635 -0.000889 1380.0
0.000635 -0.000889 1381.0
0.000634 -0.000889 1382.0
0.000633 -0.000889 1383.0
0.000632 -0.000889 1384.0
0.000632 -0.000889 1385.0
0.000631 -0.000889 1386.0
0.000630 -0.000889 1387.0
0.000629 -0.000889 1388.0
0.000629 -0.000889 1389.0
0.000628 -0.000889 1390.0
0.000627 -0.000889 1391.0
0.000626 -0.000889 1392.0
0.000626 -0.000889 1393.0
0.000625 -0.000889 1394.0
0.000624 -0.000889 1395.0
0.000623 -0.000889 1396.0
0.000623 -0.000889 1397.0
0.000622 -0.000889 1398.0
0.000621 -0.000889 1399.0
0.000620 -0.000889 1400.0
0.000620 -0.000889 1401.0
0.000619 -0.000889 1402.0
0.000618 -0.000889 1403.0
0.000617 -0.000889 1404.0
0.000617 -0.000889 1405.0
0.000616 -0.000889 1406.0
0.000615 -0.000889 1407.0
0.000614 -0.000889 1408.0
0.000614 -0.000889 1409.0
0.000613 -0.000889 1410.0
0.000612 -0.000889 1411.0
0.000611 -0.000889 1412.0
0.000611 -0.000889 1413.0
0.000611 -0.000890 1414.0
0.000611 -0.000890 1415.0
0.000611 -0.000891 1416.0
0.000611 -0.000891 1417.0
0.000611 -0.000892 1418.0
0.000611 -0.000892 1419.0
0.000611 -0.000893 1420.0
0.000611 -0.000893 1421.0
0.000611 -0.000894 1422.0
0.000611 -0.000894 1423.0
0.000611 -0.000895 1424.0
0.000611 -0.000895 1425.0
0.000611 -0.000896 1426.0
0.000611 -0.000896 1427.0
0.000611 -0.000897 1428.0
0.000611 -0.000897 1429.0
0.000611 -0.000898 1430.0
0.000610 -0.000898 1431.0
0.000610 -0.000899 1432.0
0.000610 -0.000899 1433.0
0.000610 -0.000900 1434.0
0.000610 -0.000900 1435.0
0.000610 -0.000901 1436.0
0.000610 -0.000901 1437.0
0.000610 -0.000901 1438.0
0.000610 -0.000902 1439.0
0.000610 -0.000902 1440.0
0.000610 -0.000903 1441.0
0.000610 -0.000903 1442.0
0.000610 -0.000904 1443.0
0.000610 -0.000904 1444.0
0.000610 -0.000905 1445.0
0.000610 -0.000905 1446.0
0.000610 -0.000906 1447.0
0.000609 -0.000906 1448.0
0.000609 -0.000906 1449.0
0.000609 -0.000906 1450.0
0.000610 -0.000906 1451.0
0.000611 -0.000907 1452.0
0.000612 -0.000907 1453.0
0.000612 -0.000907 1454.0
0.000613 -0.000907 1455.0
0.000614 -0.000908 1456.0
0.000614 -0.000908 1457.0
0.000615 -0.000908 1458.0
0.000616 -0.000908 1459.0
0.000616 -0.000909 1460.0
0.000617 -0.000909 1461.0
0.000618 -0.000909 1462.0
0.000618 -0.000909 1463.0
0.000619 -0.000910 1464.0
0.000620 -0.000910 1465.0
0.000620 -0.000910 1466.0
0.000621 -0.000910 1467.0
0.000622 -0.000911 1468.0
0.000623 -0.000911 1469.0
0.000623 -0.000911 1470.0
0.000624 -0.000911 1471.0
0.000625 -0.000912 1472.0
0.000625 -0.000912 1473.0
0.000626 -0.000912 1474.0
0.000627 -0.000912 1475.0
0.000627 -0.000913 1476.0
0.000628 -0.000913 1477.0
0.000629 -0.000913 1478.0
0.000629 -0.000913 1479.0
0.000630 -0.000914 1480.0
0.000631 -0.000914 1481.0
0.000632 -0.000914 1482.0
0.000632 -0.000914 1483.0
0.000633 -0.000915 1484.0
0.000634 -0.000915 1485.0
0.000634 -0.000915 1486.0
0.000635 -0.000915 1487.0
0.000636 -0.000916 1488.0
0.000636 -0.000916 1489.0
0.000637 -0.000916 1490.0
0.000638 -0.000916 1491.0
0.000638 -0.000917 1492.0
0.000639 -0.000917 1493.0
0.000640 -0.000917 1494.0
0.000641 -0.000917 1495.0
0.000641 -0.000918 1496.0
0.000642 -0.000918 1497.0
0.000643 -0.000918 1498.0
0.000643 -0.000918 1499.0
0.000644 -0.000919 1500.0
0.000645 -0.000919 1501.0
0.000645 -0.000919 1502.0
0.000646 -0.000919 1503.0
0.000647 -0.000920 1504.0
0.000647 -0.000920 1505.0
0.000648 -0.000920 1506.0
0.000649 -0.000920 1507.0
0.000650 -0.000921 1508.0
0.000650 -0.000921 1509.0
0.000651 -0.000918 1510.0
0.000651 -0.000917 1511.0
0.000651 -0.000915 1512.0
0.000651 -0.000914 1513.0
0.000651 -0.000912 1514.0
0.000652 -0.000911 1515.0
0.000652 -0.000909 1516.0
0.000652 -0.000908 1517.0
0.000652 -0.000907 1518.0
0.000652 -0.000905 1519.0
0.000652 -0.000904 1520.0
0.000653 -0.000902 1521.0
0.000653 -0.000901 1522.0
0.000653 -0.000900 1523.0
0.000653 -0.000898 1524.0
0.000653 -0.000897 1525.0
0.000653 -0.000895 1526.0
0.000654 -0.000894 1527.0
0.000654 -0.000892 1528.0
0.000654 -0.000891 1529.0
0.000654 -0.000890 1530.0
0.000654 -0.000888 1531.0
0.000654 -0.000887 1532.0
0.000655 -0.000885 1533.0
0.000655 -0.000884 1534.0
0.000655 -0.000883 1535.0
0.000655 -0.000881 1536.0
0.000655 -0.000880 1537.0
0.000655 -0.000878 1538.0
0.000656 -0.000877 1539.0
0.000656 -0.000875 1540.0
0.000656 -0.000874 1541.0
0.000656 -0.000873 1542.0
0.000656 -0.000871 1543.0
0.000656 -0.000870 1544.0
0.000657 -0.000868 1545.0
0.000657 -0.000867 1546.0
0.000657 -0.000865 1547.0
0.000657 -0.000864 1548.0
0.000657 -0.000863 1549.0
0.000657 -0.000861 1550.0
0.000658 -0.000860 1551.0
0.000658 -0.000858 1552.0
0.000658 -0.000857 1553.0
0.000658 -0.000856 1554.0
0.000658 -0.000854 1555.0
0.000658 -0.000853 1556.0
0.000659 -0.000851 1557.0
0.000659 -0.000850 1558.0
0.000659 -0.000848 1559.0
0.000659 -0.000847 1560.0
0.000659 -0.000846 1561.0
0.000659 -0.000844 1562.0
0.000660 -0.000843 1563.0
0.000660 -0.000841 1564.0
0.000660 -0.000840 1565.0
0.000660 -0.000839 1566.0
0.000660 -0.000837 1567.0
0.000660 -0.000836 1568.0
0.000661 -0.000834 1569.0
0.000663 -0.000835 1570.0
0.000663 -0.000833 1571.0
0.000663 -0.000832 1572.0
0.000663 -0.000830 1573.0
0.000663 -0.000829 1574.0
0.000664 -0.000828 1575.0
0.000664 -0.000826 1576.0
0.000664 -0.000825 1577.0
0.000664 -0.000823 1578.0
0.000664 -0.000822 1579.0
0.000664 -0.000820 1580.0
0.000664 -0.000819 1581.0
0.000664 -0.000817 1582.0
0.000664 -0.000816 1583.0
0.000665 -0.000815 1584.0
0.000665 -0.000813 1585.0
0.000665 -0.000812 1586.0
0.000665 -0.000810 1587.0
0.000665 -0.000809 1588.0
0.000665 -0.000807 1589.0
0.000665 -0.000806 1590.0
0.000665 -0.000804 1591.0
0.000665 -0.000803 1592.0
0.000666 -0.000802 1593.0
0.000666 -0.000800 1594.0
0.000666 -0.000799 1595.0
0.000666 -0.000797 1596.0
0.000666 -0.000796 1597.0
0.000667 -0.000796 1598.0
0.000667 -0.000795 1599.0
0.000667 -0.000793 1600.0
0.000667 -0.000792 1601.0
0.000667 -0.000790 1602.0
0.000668 -0.000789 1603.0
0.000668 -0.000788 1604.0
0.000668 -0.000786 1605.0
0.000668 -0.000785 1606.0
0.000668 -0.000783 1607.0
0.000668 -0.000782 1608.0
0.000669 -0.000781 1609.0
0.000669 -0.000779 1610.0
0.000669 -0.000778 1611.0
0.000669 -0.000776 1612.0
0.000669 -0.000775 1613.0
0.000669 -0.000774 1614.0
0.000670 -0.000772 1615.0
0.000670 -0.000771 1616.0
0.000670 -0.000769 1617.0
0.000670 -0.000768 1618.0
0.000670 -0.000767 1619.0
0.000670 -0.000765 1620.0
0.000670 -0.000764 1621.0
0.000671 -0.000762 1622.0
0.000671 -0.000761 1623.0
0.000671 -0.000760 1624.0
0.000671 -0.000758 1625.0
0.000671 -0.000757 1626.0
0.000671 -0.000755 1627.0
0.000672 -0.000754 1628.0
0.000672 -0.000753 1629.0
0.000672 -0.000751 1630.0
0.000672 -0.000750 1631.0
0.000672 -0.000748 1632.0
0.000672 -0.000747 1633.0
0.000673 -0.000746 1634.0
0.000673 -0.000744 1635.0
0.000673 -0.000743 1636.0
0.000673 -0.000742 1637.0
0.000673 -0.000740 1638.0
0.000673 -0.000739 1639.0
0.000674 -0.000737 1640.0
0.000674 -0.000736 1641.0
0.000674 -0.000735 1642.0
0.000674 -0.000733 1643.0
0.000674 -0.000732 1644.0
0.000674 -0.000730 1645.0
0.000675 -0.000729 1646.0
0.000675 -0.000728 1647.0
0.000675 -0.000726 1648.0
0.000675 -0.000725 1649.0
0.000675 -0.000723 1650.0
0.000675 -0.000722 1651.0
0.000676 -0.000721 1652.0
0.000676 -0.000719 1653.0
0.000676 -0.000718 1654.0
0.000676 -0.000716 1655.0
0.000676 -0.000715 1656.0
0.000676 -0.000714 1657.0
0.000679 -0.000714 1658.0
0.000679 -0.000713 1659.0
0.000679 -0.000712 1660.0
0.000679 -0.000711 1661.0
0.000679 -0.000710 1662.0
0.000678 -0.000709 1663.0
0.000678 -0.000708 1664.0
0.000678 -0.000707 1665.0
0.000678 -0.000706 1666.0
0.000678 -0.000705 1667.0
0.000678 -0.000704 1668.0
0.000678 -0.000703 1669.0
0.000678 -0.000702 1670.0
0.000678 -0.000701 1671.0
0.000678 -0.000700 1672.0
0.000678 -0.000698 1673.0
0.000678 -0.000697 1674.0
0.000678 -0.000696 1675.0
0.000678 -0.000695 1676.0
0.000678 -0.000694 1677.0
0.000678 -0.000693 1678.0
0.000677 -0.000692 1679.0
0.000677 -0.000691 1680.0
0.000677 -0.000690 1681.0
0.000677 -0.000689 1682.0
0.000677 -0.000688 1683.0
0.000677 -0.000687 1684.0
0.000677 -0.000686 1685.0
0.000677 -0.000685 1686.0
0.000677 -0.000684 1687.0
0.000677 -0.000683 1688.0
0.000677 -0.000682 1689.0
0.000677 -0.000681 1690.0
0.000677 -0.000680 1691.0
0.000677 -0.000679 1692.0
0.000677 -0.000678 1693.0
0.000677 -0.000677 1694.0
0.000676 -0.000676 1695.0
0.000676 -0.000674 1696.0
0.000676 -0.000673 1697.0
0.000676 -0.000672 1698.0
0.000676 -0.000671 1699.0
0.000676 -0.000670 1700.0
0.000676 -0.000669 1701.0
0.000676 -0.000668 1702.0
0.000676 -0.000667 1703.0
0.000676 -0.000666 1704.0
0.000676 -0.000665 1705.0
0.000676 -0.000664 1706.0
0.000676 -0.000663 1707.0
0.000676 -0.000662 1708.0
0.000676 -0.000661 1709.0
0.000676 -0.000660 1710.0
0.000675 -0.000659 1711.0
0.000675 -0.000658 1712.0
0.000675 -0.000657 1713.0
0.000675 -0.000656 1714.0
0.000675 -0.000655 1715.0
0.000675 -0.000654 1716.0
0.000675 -0.000653 1717.0
0.000674 -0.000653 1718.0
0.000674 -0.000653 1719.0
0.000673 -0.000652 1720.0
0.000673 -0.000652 1721.0
0.000672 -0.000652 1722.0
0.000671 -0.000652 1723.0
0.000671 -0.000652 1724.0
0.000670 -0.000652 1725.0
0.000670 -0.000652 1726.0
0.000669 -0.000651 1727.0
0.000669 -0.000651 1728.0
0.000668 -0.000651 1729.0
0.000668 -0.000651 1730.0
0.000667 -0.000651 1731.0
0.000667 -0.000651 1732.0
0.000666 -0.000651 1733.0
0.000666 -0.000651 1734.0
0.000665 -0.000650 1735.0
0.000665 -0.000650 1736.0
0.000664 -0.000650 1737.0
0.000664 -0.000650 1738.0
0.000663 -0.000650 1739.0
0.000662 -0.000650 1740.0
0.000662 -0.000650 1741.0
0.000661 -0.000649 1742.0
0.000661 -0.000649 1743.0
0.000660 -0.000649 1744.0
0.000660 -0.000649 1745.0
0.000659 -0.000649 1746.0
0.000659 -0.000649 1747.0
0.000658 -0.000649 1748.0
0.000658 -0.000648 1749.0
0.000657 -0.000648 1750.0
0.000657 -0.000648 1751.0
0.000656 -0.000648 1752.0
0.000656 -0.000648 1753.0
0.000655 -0.000648 1754.0
0.000654 -0.000648 1755.0
0.000654 -0.000648 1756.0
0.000653 -0.000647 1757.0
0.000653 -0.000647 1758.0
0.000652 -0.000647 1759.0
0.000652 -0.000647 1760.0
0.000651 -0.000647 1761.0
0.000651 -0.000647 1762.0
0.000650 -0.000647 1763.0
0.000650 -0.000646 1764.0
0.000649 -0.000646 1765.0
0.000649 -0.000646 1766.0
0.000648 -0.000646 1767.0
0.000648 -0.000646 1768.0
0.000647 -0.000646 1769.0
0.000647 -0.000646 1770.0
0.000646 -0.000646 1771.0
0.000645 -0.000645 1772.0
0.000645 -0.000645 1773.0
0.000644 -0.000645 1774.0
0.000644 -0.000645 1775.0
0.000643 -0.000645 1776.0
0.000643 -0.000645 1777.0
0.000642 -0.000645 1778.0
0.000642 -0.000646 1779.0
0.000642 -0.000646 1780.0
0.000641 -0.000646 1781.0
0.000641 -0.000646 1782.0
0.000640 -0.000645 1783.0
0.000640 -0.000645 1784.0
0.000639 -0.000645 1785.0
0.000639 -0.000645 1786.0
0.000638 -0.000645 1787.0
0.000638 -0.000644 1788.0
0.000637 -0.000644 1789.0
0.000637 -0.000644 1790.0
0.000636 -0.000644 1791.0
0.000636 -0.000644 1792.0
0.000635 -0.000644 1793.0
0.000635 -0.000643 1794.0
0.000634 -0.000643 1795.0
0.000634 -0.000643 1796.0
0.000633 -0.000643 1797.0
0.000633 -0.000643 1798.0
0.000632 -0.000642 1799.0
0.000632 -0.000642 1800.0
0.000631 -0.000642 1801.0
0.000631 -0.000642 1802.0
0.000630 -0.000642 1803.0
0.000630 -0.000641 1804.0
0.000629 -0.000641 1805.0
0.000629 -0.000641 1806.0
0.000628 -0.000641 1807.0
0.000628 -0.000641 1808.0
0.000627 -0.000640 1809.0
0.000627 -0.000640 1810.0
0.000626 -0.000640 1811.0
0.000626 -0.000640 1812.0
0.000625 -0.000640 1813.0
0.000625 -0.000640 1814.0
0.000624 -0.000639 1815.0
0.000624 -0.000639 1816.0
0.000623 -0.000639 1817.0
0.000623 -0.000639 1818.0
0.000623 -0.000639 1819.0
0.000622 -0.000638 1820.0
0.000622 -0.000638 1821.0
0.000621 -0.000638 1822.0
0.000621 -0.000638 1823.0
0.000620 -0.000638 1824.0
0.000620 -0.000637 1825.0
0.000619 -0.000637 1826.0
0.000619 -0.000637 1827.0
0.000618 -0.000637 1828.0
0.000618 -0.000637 1829.0
0.000617 -0.000636 1830.0
0.000617 -0.000636 1831.0
0.000616 -0.000636 1832.0
0.000616 -0.000636 1833.0
0.000615 -0.000636 1834.0
0.000615 -0.000636 1835.0
0.000614 -0.000638 1836.0
0.000614 -0.000638 1837.0
0.000614 -0.000638 1838.0
0.000614 -0.000638 1839.0
0.000614 -0.000638 1840.0
0.000614 -0.000638 1841.0
0.000614 -0.000638 1842.0
0.000614 -0.000638 1843.0
0.000614 -0.000638 1844.0
0.000614 -0.000638 1845.0
0.000614 -0.000638 1846.0
0.000614 -0.000638 1847.0
0.000614 -0.000637 1848.0
0.000614 -0.000637 1849.0
0.000614 -0.000637 1850.0
0.000614 -0.000637 1851.0
0.000614 -0.000637 1852.0
0.000614 -0.000637 1853.0
0.000614 -0.000637 1854.0
0.000614 -0.000636 1855.0
0.000614 -0.000636 1856.0
0.000614 -0.000636 1857.0
0.000614 -0.000636 1858.0
0.000614 -0.000636 1859.0
0.000614 -0.000636 1860.0
0.000614 -0.000636 1861.0
0.000614 -0.000636 1862.0
0.000614 -0.000635 1863.0
0.000614 -0.000635 1864.0
0.000614 -0.000635 1865.0
0.000614 -0.000635 1866.0
0.000614 -0.000635 1867.0
0.000614 -0.000635 1868.0
0.000614 -0.000635 1869.0
0.000615 -0.000634 1870.0
0.000615 -0.000634 1871.0
0.000615 -0.000634 1872.0
0.000615 -0.000634 1873.0
0.000615 -0.000634 1874.0
0.000615 -0.000634 1875.0
0.000615 -0.000634 1876.0
0.000615 -0.000633 1877.0
0.000615 -0.000633 1878.0
0.000615 -0.000633 1879.0
0.000615 -0.000633 1880.0
0.000615 -0.000633 1881.0
0.000615 -0.000633 1882.0
0.000615 -0.000633 1883.0
0.000615 -0.000633 1884.0
0.000615 -0.000632 1885.0
0.000615 -0.000632 1886.0
0.000615 -0.000632 1887.0
0.000615 -0.000632 1888.0
0.000615 -0.000632 1889.0
0.000615 -0.000632 1890.0
0.000615 -0.000632 1891.0
0.000615 -0.000631 1892.0
0.000615 -0.000631 1893.0
0.000615 -0.000631 1894.0
0.000615 -0.000631 1895.0
0.000615 -0.000631 1896.0
0.000615 -0.000631 1897.0
0.000615 -0.000631 1898.0
0.000615 -0.000630 1899.0
0.000615 -0.000630 1900.0
0.000615 -0.000630 1901.0
0.000615 -0.000630 1902.0
0.000615 -0.000630 1903.0
0.000615 -0.000630 1904.0
0.000615 -0.000630 1905.0
0.000615 -0.000630 1906.0
0.000615 -0.000629 1907.0
0.000615 -0.000629 1908.0
0.000615 -0.000629 1909.0
0.000614 -0.000629 1910.0
0.000614 -0.000628 1911.0
0.000614 -0.000628 1912.0
0.000613 -0.000628 1913.0
0.000613 -0.000627 1914.0
0.000613 -0.000627 1915.0
0.000613 -0.000627 1916.0
0.000612 -0.000626 1917.0
0.000612 -0.000626 1918.0
0.000612 -0.000626 1919.0
0.000611 -0.000625 1920.0
0.000611 -0.000625 1921.0
0.000611 -0.000625 1922.0
0.000610 -0.000624 1923.0
0.000610 -0.000624 1924.0
0.000610 -0.000624 1925.0
0.000609 -0.000623 1926.0
0.000609 -0.000623 1927.0
0.000609 -0.000623 1928.0
0.000608 -0.000622 1929.0
0.000608 -0.000622 1930.0
0.000608 -0.000621 1931.0
0.000607 -0.000621 1932.0
0.000607 -0.000621 1933.0
0.000607 -0.000620 1934.0
0.000606 -0.000620 1935.0
0.000606 -0.000620 1936.0
0.000606 -0.000619 1937.0
0.000605 -0.000619 1938.0
0.000605 -0.000619 1939.0
0.000605 -0.000618 1940.0
0.000605 -0.000618 1941.0
0.000604 -0.000618 1942.0
0.000604 -0.000617 1943.0
0.000604 -0.000617 1944.0
0.000603 -0.000617 1945.0
0.000603 -0.000616 1946.0
0.000603 -0.000616 1947.0
0.000602 -0.000616 1948.0
0.000602 -0.000615 1949.0
0.000602 -0.000615 1950.0
0.000601 -0.000615 1951.0
0.000601 -0.000614 1952.0
0.000601 -0.000614 1953.0
0.000600 -0.000614 1954.0
0.000600 -0.000613 1955.0
0.000600 -0.000613 1956.0
0.000599 -0.000613 1957.0
0.000599 -0.000612 1958.0
0.000599 -0.000612 1959.0
0.000598 -0.000611 1960.0
0.000598 -0.000611 1961.0
0.000598 -0.000611 1962.0
0.000597 -0.000610 1963.0
0.000597 -0.000610 1964.0
0.000597 -0.000610 1965.0
0.000597 -0.000609 1966.0
0.000596 -0.000609 1967.0
0.000596 -0.000609 1968.0
0.000596 -0.000608 1969.0
0.000595 -0.000608 1970.0
0.000595 -0.000608 1971.0
0.000595 -0.000607 1972.0
0.000594 -0.000607 1973.0
0.000592 -0.000610 1974.0
0.000592 -0.000610 1975.0
0.000591 -0.000610 1976.0
0.000590 -0.000611 1977.0
0.000590 -0.000611 1978.0
0.000589 -0.000611 1979.0
0.000588 -0.000611 1980.0
0.000588 -0.000612 1981.0
0.000587 -0.000612 1982.0
0.000586 -0.000612 1983.0
0.000586 -0.000612 1984.0
0.000585 -0.000613 1985.0
0.000584 -0.000613 1986.0
0.000584 -0.000613 1987.0
0.000583 -0.000613 1988.0
0.000582 -0.000613 1989.0
0.000582 -0.000614 1990.0
0.000581 -0.000614 1991.0
0.000580 -0.000614 1992.0
0.000580 -0.000614 1993.0
0.000579 -0.000615 1994.0
0.000578 -0.000615 1995.0
0.000578 -0.000615 1996.0
0.000577 -0.000615 1997.0
0.000576 -0.000615 1998.0
0.000576 -0.000616 1999.0
0.000575 -0.000616 2000.0
0.000574 -0.000616 2001.0
0.000574 -0.000616 2002.0
0.000573 -0.000617 2003.0
0.000572 -0.000617 2004.0
0.000572 -0.000617 2005.0
0.000571 -0.000617 2006.0
0.000570 -0.000618 2007.0
0.000570 -0.000618 2008.0
0.000569 -0.000618 2009.0
0.000568 -0.000618 2010.0
0.000568 -0.000618 2011.0
0.000567 -0.000619 2012.0
0.000566 -0.000619 2013.0
0.000566 -0.000619 2014.0
0.000565 -0.000619 2015.0
0.000564 -0.000620 2016.0
0.000564 -0.000620 2017.0
0.000563 -0.000620 2018.0
0.000562 -0.000620 2019.0
0.000562 -0.000621 2020.0
0.000561 -0.000621 2021.0
0.000560 -0.000621 2022.0
0.000560 -0.000621 2023.0
0.000559 -0.000621 2024.0
0.000558 -0.000622 2025.0
0.000558 -0.000622 2026.0
0.000557 -0.000622 2027.0
0.000557 -0.000620 2028.0
0.000557 -0.000620 2029.0
0.000557 -0.000620 2030.0
0.000557 -0.000620 2031.0
0.000557 -0.000620 2032.0
0.000557 -0.000620 2033.0
0.000557 -0.000620 2034.0
0.000556 -0.000620 2035.0
0.000556 -0.000620 2036.0
0.000556 -0.000620 2037.0
0.000556 -0.000620 2038.0
0.000556 -0.000620 2039.0
0.000556 -0.000620 2040.0
0.000556 -0.000620 2041.0
0.000556 -0.000620 2042.0
0.000556 -0.000620 2043.0
0.000556 -0.000620 2044.0
0.000556 -0.000620 2045.0
0.000556 -0.000620 2046.0
0.000556 -0.000620 2047.0
0.000556 -0.000620 2048.0
0.000556 -0.000620 2049.0
0.000556 -0.000621 2050.0
0.000556 -0.000621 2051.0
0.000556 -0.000621 2052.0
0.000556 -0.000621 2053.0
0.000556 -0.000621 2054.0
0.000556 -0.000621 2055.0
0.000556 -0.000621 2056.0
0.000556 -0.000621 2057.0
0.000556 -0.000621 2058.0
0.000556 -0.000621 2059.0
0.000556 -0.000621 2060.0
0.000556 -0.000621 2061.0
0.000556 -0.000621 2062.0
0.000556 -0.000621 2063.0
0.000556 -0.000621 2064.0
0.000556 -0.000621 2065.0
0.000556 -0.000621 2066.0
0.000556 -0.000621 2067.0
0.000556 -0.000621 2068.0
0.000556 -0.000621 2069.0
0.000556 -0.000621 2070.0
0.000556 -0.000621 2071.0
0.000556 -0.000621 2072.0
0.000556 -0.000621 2073.0
0.000556 -0.000621 2074.0
0.000556 -0.000621 2075.0
0.000556 -0.000621 2076.0
0.000556 -0.000621 2077.0
0.000556 -0.000621 2078.0
0.000556 -0.000622 2079.0
0.000556 -0.000622 2080.0
0.000556 -0.000622 2081.0
0.000556 -0.000622 2082.0
0.000556 -0.000622 2083.0
0.000556 -0.000622 2084.0
0.000556 -0.000622 2085.0
0.000556 -0.000622 2086.0
0.000556 -0.000622 2087.0
0.000556 -0.000622 2088.0
0.000556 -0.000622 2089.0
0.000556 -0.000622 2090.0
0.000556 -0.000622 2091.0
0.000556 -0.000622 2092.0
0.000556 -0.000622 2093.0
0.000556 -0.000622 2094.0
0.000556 -0.000622 2095.0
0.000556 -0.000622 2096.0
0.000556 -0.000622 2097.0
0.000556 -0.000622 2098.0
0.000556 -0.000622 2099.0
0.000556 -0.000622 2100.0
0.000556 -0.000622 2101.0
0.000556 -0.000622 2102.0
0.000556 -0.000622 2103.0
0.000556 -0.000622 2104.0
0.000556 -0.000622 2105.0
0.000555 -0.000622 2106.0
0.000555 -0.000622 2107.0
0.000555 -0.000622 2108.0
0.000555 -0.000622 2109.0
0.000555 -0.000622 2110.0
0.000555 -0.000622 2111.0
0.000555 -0.000622 2112.0
0.000555 -0.000622 2113.0
0.000555 -0.000622 2114.0
0.000555 -0.000622 2115.0
0.000555 -0.000622 2116.0
0.000555 -0.000622 2117.0
0.000555 -0.000622 2118.0
0.000555 -0.000622 2119.0
0.000555 -0.000622 2120.0
0.000555 -0.000622 2121.0
0.000555 -0.000622 2122.0
0.000555 -0.000622 2123.0
0.000555 -0.000622 2124.0
0.000555 -0.000622 2125.0
0.000555 -0.000622 2126.0
0.000555 -0.000622 2127.0
0.000555 -0.000622 2128.0
0.000555 -0.000622 2129.0
0.000555 -0.000622 2130.0
0.000555 -0.000622 2131.0
0.000555 -0.000622 2132.0
0.000555 -0.000622 2133.0
0.000555 -0.000622 2134.0
0.000555 -0.000622 2135.0
0.000555 -0.000622 2136.0
0.000555 -0.000622 2137.0
0.000555 -0.000622 2138.0
0.000555 -0.000622 2139.0
0.000555 -0.000622 2140.0
0.000555 -0.000622 2141.0
0.000555 -0.000622 2142.0
0.000555 -0.000622 2143.0
0.000555 -0.000622 2144.0
0.000555 -0.000622 2145.0
0.000555 -0.000622 2146.0
0.000555 -0.000622 2147.0
0.000555 -0.000622 2148.0
0.000555 -0.000622 2149.0
0.000555 -0.000622 2150.0
0.000555 -0.000622 2151.0
0.000555 -0.000622 2152.0
0.000554 -0.000622 2153.0
0.000554 -0.000621 2154.0
0.000554 -0.000621 2155.0
0.000554 -0.000621 2156.0
0.000554 -0.000621 2157.0
0.000554 -0.000621 2158.0
0.000553 -0.000621 2159.0
0.000553 -0.000621 2160.0
0.000553 -0.000621 2161.0
0.000553 -0.000621 2162.0
0.000553 -0.000621 2163.0
0.000552 -0.000621 2164.0
0.000552 -0.000621 2165.0
0.000552 -0.000621 2166.0
0.000552 -0.000620 2167.0
0.000552 -0.000620 2168.0
0.000552 -0.000620 2169.0
0.000551 -0.000620 2170.0
0.000551 -0.000620 2171.0
0.000551 -0.000620 2172.0
0.000551 -0.000620 2173.0
0.000551 -0.000620 2174.0
0.000551 -0.000620 2175.0
0.000550 -0.000620 2176.0
0.000550 -0.000620 2177.0
0.000550 -0.000620 2178.0
0.000550 -0.000620 2179.0
0.000550 -0.000620 2180.0
0.000550 -0.000619 2181.0
0.000549 -0.000619 2182.0
0.000549 -0.000619 2183.0
0.000549 -0.000619 2184.0
0.000549 -0.000619 2185.0
0.000549 -0.000619 2186.0
0.000548 -0.000619 2187.0
0.000548 -0.000619 2188.0
0.000548 -0.000619 2189.0
0.000548 -0.000619 2190.0
0.000548 -0.000619 2191.0
0.000548 -0.000619 2192.0
0.000547 -0.000619 2193.0
0.000547 -0.000618 2194.0
0.000547 -0.000618 2195.0
0.000547 -0.000618 2196.0
0.000547 -0.000618 2197.0
0.000547 -0.000618 2198.0
0.000546 -0.000618 2199.0
0.000546 -0.000618 2200.0
0.000546 -0.000618 2201.0
0.000546 -0.000618 2202.0
0.000546 -0.000618 2203.0
0.000545 -0.000618 2204.0
0.000545 -0.000618 2205.0
0.000545 -0.000618 2206.0
0.000545 -0.000617 2207.0
0.000545 -0.000617 2208.0
0.000545 -0.000617 2209.0
0.000544 -0.000618 2210.0
0.000544 -0.000618 2211.0
0.000543 -0.000618 2212.0
0.000543 -0.000617 2213.0
0.000543 -0.000617 2214.0
0.000542 -0.000617 2215.0
0.000542 -0.000617 2216.0
0.000541 -0.000617 2217.0
0.000541 -0.000616 2218.0
0.000540 -0.000616 2219.0
0.000540 -0.000616 2220.0
0.000539 -0.000616 2221.0
0.000539 -0.000615 2222.0
0.000538 -0.000615 2223.0
0.000538 -0.000615 2224.0
0.000538 -0.000615 2225.0
0.000537 -0.000615 2226.0
0.000537 -0.000614 2227.0
0.000536 -0.000614 2228.0
0.000536 -0.000614 2229.0
0.000535 -0.000614 2230.0
0.000535 -0.000613 2231.0
0.000534 -0.000613 2232.0
0.000534 -0.000613 2233.0
0.000533 -0.000613 2234.0
0.000533 -0.000612 2235.0
0.000533 -0.000612 2236.0
0.000532 -0.000612 2237.0
0.000532 -0.000612 2238.0
0.000531 -0.000612 2239.0
0.000531 -0.000611 2240.0
0.000530 -0.000611 2241.0
0.000530 -0.000611 2242.0
0.000529 -0.000611 2243.0
0.000529 -0.000610 2244.0
0.000528 -0.000610 2245.0
0.000528 -0.000610 2246.0
0.000528 -0.000610 2247.0
0.000527 -0.000610 2248.0
0.000527 -0.000609 2249.0
0.000526 -0.000609 2250.0
0.000526 -0.000609 2251.0
0.000525 -0.000609 2252.0
0.000525 -0.000608 2253.0
0.000524 -0.000608 2254.0
0.000524 -0.000608 2255.0
0.000523 -0.000608 2256.0
0.000523 -0.000607 2257.0
0.000522 -0.000607 2258.0
0.000522 -0.000607 2259.0
0.000522 -0.000607 2260.0
0.000521 -0.000607 2261.0
0.000521 -0.000606 2262.0
0.000520 -0.000606 2263.0
0.000520 -0.000606 2264.0
0.000519 -0.000606 2265.0
0.000519 -0.000605 2266.0
0.000518 -0.000605 2267.0
0.000518 -0.000605 2268.0
0.000517 -0.000605 2269.0
0.000517 -0.000607 2270.0
0.000517 -0.000607 2271.0
0.000517 -0.000607 2272.0
0.000517 -0.000607 2273.0
0.000517 -0.000606 2274.0
0.000517 -0.000606 2275.0
0.000517 -0.000606 2276.0
0.000517 -0.000606 2277.0
0.000517 -0.000606 2278.0
0.000517 -0.000605 2279.0
0.000517 -0.000605 2280.0
0.000517 -0.000605 2281.0
0.000517 -0.000605 2282.0
0.000517 -0.000605 2283.0
0.000517 -0.000604 2284.0
0.000517 -0.000604 2285.0
0.000517 -0.000604 2286.0
0.000517 -0.000604 2287.0
0.000517 -0.000604 2288.0
0.000517 -0.000603 2289.0
0.000517 -0.000603 2290.0
0.000517 -0.000603 2291.0
0.000517 -0.000603 2292.0
0.000517 -0.000603 2293.0
0.000517 -0.000602 2294.0
0.000517 -0.000602 2295.0
0.000517 -0.000602 2296.0
0.000517 -0.000602 2297.0
0.000517 -0.000602 2298.0
0.000517 -0.000601 2299.0
0.000517 -0.000601 2300.0
0.000518 -0.000601 2301.0
0.000518 -0.000601 2302.0
0.000518 -0.000601 2303.0
0.000518 -0.000600 2304.0
0.000518 -0.000600 2305.0
0.000518 -0.000600 2306.0
0.000518 -0.000600 2307.0
0.000518 -0.000600 2308.0
0.000518 -0.000599 2309.0
0.000518 -0.000599 2310.0
0.000518 -0.000599 2311.0
0.000518 -0.000599 2312.0
0.000518 -0.000599 2313.0
0.000518 -0.000598 2314.0
0.000518 -0.000598 2315.0
0.000518 -0.000598 2316.0
0.000518 -0.000598 2317.0
0.000518 -0.000598 2318.0
0.000518 -0.000597 2319.0
0.000518 -0.000597 2320.0
0.000518 -0.000597 2321.0
0.000518 -0.000597 2322.0
0.000518 -0.000597 2323.0
0.000518 -0.000596 2324.0
0.000518 -0.000596 2325.0
0.000518 -0.000596 2326.0
0.000518 -0.000596 2327.0
0.000518 -0.000596 2328.0
0.000518 -0.000595 2329.0
0.000518 -0.000595 2330.0
0.000519 -0.000595 2331.0
0.000519 -0.000595 2332.0
0.000519 -0.000595 2333.0
0.000519 -0.000595 2334.0
0.000519 -0.000595 2335.0
0.000519 -0.000595 2336.0
0.000519 -0.000595 2337.0
0.000519 -0.000595 2338.0
0.000519 -0.000595 2339.0
0.000519 -0.000595 2340.0
0.000519 -0.000595 2341.0
0.000519 -0.000595 2342.0
0.000519 -0.000595 2343.0
0.000519 -0.000595 2344.0
0.000519 -0.000595 2345.0
0.000519 -0.000595 2346.0
0.000519 -0.000595 2347.0
0.000519 -0.000595 2348.0
0.000519 -0.000595 2349.0
0.000519 -0.000595 2350.0
0.000519 -0.000595 2351.0
0.000519 -0.000595 2352.0
0.000519 -0.000595 2353.0
0.000519 -0.000595 2354.0
0.000519 -0.000595 2355.0
0.000519 -0.000595 2356.0
0.000519 -0.000595 2357.0
0.000519 -0.000595 2358.0
0.000519 -0.000595 2359.0
0.000519 -0.000595 2360.0
0.000519 -0.000595 2361.0
0.000519 -0.000595 2362.0
0.000519 -0.000595 2363.0
0.000519 -0.000595 2364.0
0.000519 -0.000595 2365.0
0.000519 -0.000595 2366.0
0.000519 -0.000595 2367.0
0.000519 -0.000595 2368.0
0.000519 -0.000595 2369.0
0.000519 -0.000595 2370.0
0.000519 -0.000595 2371.0
0.000519 -0.000595 2372.0
0.000519 -0.000595 2373.0
0.000519 -0.000595 2374.0
0.000519 -0.000595 2375.0
0.000519 -0.000595 2376.0
0.000519 -0.000595 2377.0
0.000519 -0.000595 2378.0
0.000519 -0.000595 2379.0
0.000519 -0.000595 2380.0
0.000519 -0.000595 2381.0
0.000518 -0.000595 2382.0
0.000518 -0.000595 2383.0
0.000518 -0.000595 2384.0
0.000518 -0.000595 2385.0
0.000518 -0.000596 2386.0
0.000518 -0.000596 2387.0
0.000518 -0.000596 2388.0
0.000518 -0.000596 2389.0
0.000518 -0.000596 2390.0
0.000518 -0.000596 2391.0
0.000518 -0.000596 2392.0
0.000518 -0.000596 2393.0
0.000518 -0.000596 2394.0
0.000518 -0.000596 2395.0
0.000518 -0.000596 2396.0
0.000518 -0.000596 2397.0
0.000518 -0.000596 2398.0
0.000518 -0.000596 2399.0
0.000518 -0.000596 2400.0
0.000518 -0.000596 2401.0
0.000518 -0.000596 2402.0
0.000518 -0.000596 2403.0
0.000518 -0.000596 2404.0
0.000518 -0.000596 2405.0
0.000518 -0.000596 2406.0
0.000518 -0.000596 2407.0
0.000518 -0.000596 2408.0
0.000518 -0.000596 2409.0
0.000518 -0.000596 2410.0
0.000519 -0.000596 2411.0
0.000519 -0.000596 2412.0
0.000519 -0.000596 2413.0
0.000519 -0.000596 2414.0
0.000519 -0.000596 2415.0
0.000519 -0.000596 2416.0
0.000519 -0.000596 2417.0
0.000519 -0.000596 2418.0
0.000519 -0.000596 2419.0
0.000519 -0.000596 2420.0
0.000519 -0.000596 2421.0
0.000519 -0.000596 2422.0
0.000519 -0.000596 2423.0
0.000519 -0.000596 2424.0
0.000519 -0.000596 2425.0
0.000519 -0.000596 2426.0
0.000519 -0.000596 2427.0
0.000519 -0.000596 2428.0
0.000519 -0.000596 2429.0
0.000519 -0.000596 2430.0
0.000519 -0.000596 2431.0
0.000519 -0.000596 2432.0
0.000519 -0.000596 2433.0
0.000519 -0.000596 2434.0
0.000519 -0.000596 2435.0
0.000519 -0.000596 2436.0
0.000519 -0.000596 2437.0
0.000519 -0.000596 2438.0
0.000519 -0.000596 2439.0
0.000519 -0.000596 2440.0
0.000519 -0.000596 2441.0
0.000519 -0.000596 2442.0
0.000519 -0.000596 2443.0
0.000519 -0.000596 2444.0
0.000519 -0.000596 2445.0
0.000519 -0.000596 2446.0
0.000519 -0.000596 2447.0
0.000519 -0.000596 2448.0
0.000519 -0.000596 2449.0
0.000519 -0.000596 2450.0
0.000519 -0.000596 2451.0
0.000518 -0.000596 2452.0
0.000518 -0.000596 2453.0
0.000518 -0.000596 2454.0
0.000518 -0.000596 2455.0
0.000518 -0.000596 2456.0
0.000517 -0.000596 2457.0
0.000517 -0.000596 2458.0
0.000517 -0.000596 2459.0
0.000517 -0.000596 2460.0
0.000517 -0.000596 2461.0
0.000516 -0.000596 2462.0
0.000516 -0.000596 2463.0
0.000516 -0.000596 2464.0
0.000516 -0.000596 2465.0
0.000516 -0.000596 2466.0
0.000515 -0.000596 2467.0
0.000515 -0.000596 2468.0
0.000515 -0.000596 2469.0
0.000515 -0.000596 2470.0
0.000515 -0.000596 2471.0
0.000514 -0.000596 2472.0
0.000514 -0.000596 2473.0
0.000514 -0.000597 2474.0
0.000514 -0.000597 2475.0
0.000514 -0.000597 2476.0
0.000513 -0.000597 2477.0
0.000513 -0.000597 2478.0
0.000513 -0.000597 2479.0
0.000513 -0.000597 2480.0
0.000513 -0.000597 2481.0
0.000512 -0.000597 2482.0
0.000512 -0.000597 2483.0
0.000512 -0.000597 2484.0
0.000512 -0.000597 2485.0
0.000512 -0.000597 2486.0
0.000511 -0.000597 2487.0
0.000511 -0.000597 2488.0
0.000511 -0.000597 2489.0
0.000511 -0.000597 2490.0
0.000511 -0.000597 2491.0
0.000510 -0.000597 2492.0
0.000510 -0.000597 2493.0
0.000510 -0.000597 2494.0
0.000510 -0.000597 2495.0
0.000510 -0.000597 2496.0
0.000509 -0.000598 2497.0
0.000509 -0.000598 2498.0
0.000509 -0.000598 2499.0
0.000509 -0.000598 2500.0
0.000509 -0.000598 2501.0
0.000508 -0.000598 2502.0
0.000508 -0.000598 2503.0
0.000508 -0.000598 2504.0
0.000508 -0.000598 2505.0
0.000508 -0.000598 2506.0
0.000507 -0.000598 2507.0
0.000507 -0.000598 2508.0
0.000507 -0.000598 2509.0
0.000507 -0.000598 2510.0
0.000507 -0.000598 2511.0
0.000506 -0.000598 2512.0
0.000506 -0.000598 2513.0
0.000505 -0.000597 2514.0
0.000505 -0.000597 2515.0
0.000505 -0.000597 2516.0
0.000504 -0.000597 2517.0
0.000504 -0.000597 2518.0
0.000503 -0.000597 2519.0
0.000503 -0.000597 2520.0
0.000503 -0.000597 2521.0
0.000502 -0.000597 2522.0
0.000502 -0.000597 2523.0
0.000501 -0.000597 2524.0
0.000501 -0.000597 2525.0
0.000500 -0.000597 2526.0
0.000500 -0.000597 2527.0
0.000500 -0.000597 2528.0
0.000499 -0.000597 2529.0
0.000499 -0.000597 2530.0
0.000498 -0.000597 2531.0
0.000498 -0.000597 2532.0
0.000497 -0.000597 2533.0
0.000497 -0.000597 2534.0
0.000497 -0.000597 2535.0
0.000496 -0.000597 2536.0
0.000496 -0.000596 2537.0
0.000495 -0.000596 2538.0
0.000495 -0.000596 2539.0
0.000495 -0.000596 2540.0
0.000494 -0.000596 2541.0
0.000494 -0.000596 2542.0
0.000493 -0.000596 2543.0
0.000493 -0.000596 2544.0
0.000492 -0.000596 2545.0
0.000492 -0.000596 2546.0
0.000492 -0.000596 2547.0
0.000491 -0.000596 2548.0
0.000491 -0.000596 2549.0
0.000490 -0.000596 2550.0
0.000490 -0.000596 2551.0
0.000489 -0.000596 2552.0
0.000489 -0.000596 2553.0
0.000489 -0.000596 2554.0
0.000488 -0.000596 2555.0
0.000488 -0.000596 2556.0
0.000487 -0.000596 2557.0
0.000487 -0.000596 2558.0
0.000487 -0.000596 2559.0
0.000486 -0.000596 2560.0
0.000486 -0.000595 2561.0
0.000485 -0.000595 2562.0
0.000485 -0.000595 2563.0
0.000484 -0.000595 2564.0
0.000484 -0.000595 2565.0
0.000484 -0.000595 2566.0
0.000483 -0.000595 2567.0
0.000483 -0.000595 2568.0
0.000482 -0.000595 2569.0
0.000482 -0.000595 2570.0
0.000482 -0.000596 2571.0
0.000482 -0.000596 2572.0
0.000482 -0.000596 2573.0
0.000482 -0.000596 2574.0
0.000482 -0.000597 2575.0
0.000482 -0.000597 2576.0
0.000482 -0.000597 2577.0
0.000483 -0.000597 2578.0
0.000483 -0.000598 2579.0
0.000483 -0.000598 2580.0
0.000483 -0.000598 2581.0
0.000483 -0.000599 2582.0
0.000483 -0.000599 2583.0
0.000483 -0.000599 2584.0
0.000483 -0.000600 2585.0
0.000484 -0.000600 2586.0
0.000484 -0.000600 2587.0
0.000484 -0.000600 2588.0
0.000484 -0.000601 2589.0
0.000484 -0.000601 2590.0
0.000484 -0.000601 2591.0
0.000484 -0.000602 2592.0
0.000484 -0.000602 2593.0
0.000485 -0.000602 2594.0
0.000485 -0.000603 2595.0
0.000485 -0.000603 2596.0
0.000485 -0.000603 2597.0
0.000485 -0.000604 2598.0
0.000485 -0.000604 2599.0
0.000485 -0.000604 2600.0
0.000485 -0.000604 2601.0
0.000486 -0.000605 2602.0
0.000486 -0.000605 2603.0
0.000486 -0.000605 2604.0
0.000486 -0.000606 2605.0
0.000486 -0.000606 2606.0
0.000486 -0.000606 2607.0
0.000486 -0.000607 2608.0
0.000486 -0.000607 2609.0
0.000487 -0.000607 2610.0
0.000487 -0.000607 2611.0
0.000487 -0.000608 2612.0
0.000487 -0.000608 2613.0
0.000487 -0.000608 2614.0
0.000487 -0.000609 2615.0
0.000487 -0.000609 2616.0
0.000487 -0.000609 2617.0
0.000488 -0.000610 2618.0
0.000488 -0.000610 2619.0
0.000488 -0.000610 2620.0
0.000488 -0.000611 2621.0
0.000488 -0.000611 2622.0
0.000488 -0.000611 2623.0
0.000488 -0.000611 2624.0
0.000488 -0.000612 2625.0
0.000489 -0.000612 2626.0
0.000489 -0.000612 2627.0
0.000489 -0.000613 2628.0
0.000489 -0.000613 2629.0
0.000489 -0.000613 2630.0
0.000489 -0.000614 2631.0
0.000491 -0.000613 2632.0
0.000491 -0.000613 2633.0
0.000491 -0.000613 2634.0
0.000492 -0.000613 2635.0
0.000492 -0.000613 2636.0
0.000492 -0.000613 2637.0
0.000493 -0.000613 2638.0
0.000493 -0.000613 2639.0
0.000493 -0.000613 2640.0
0.000494 -0.000613 2641.0
0.000494 -0.000613 2642.0
0.000494 -0.000613 2643.0
0.000495 -0.000613 2644.0
0.000495 -0.000613 2645.0
0.000495 -0.000613 2646.0
0.000496 -0.000613 2647.0
0.000496 -0.000613 2648.0
0.000496 -0.000613 2649.0
0.000497 -0.000613 2650.0
0.000497 -0.000613 2651.0
0.000497 -0.000613 2652.0
0.000498 -0.000613 2653.0
0.000498 -0.000613 2654.0
0.000498 -0.000614 2655.0
0.000499 -0.000614 2656.0
0.000499 -0.000614 2657.0
0.000499 -0.000614 2658.0
0.000500 -0.000614 2659.0
0.000500 -0.000614 2660.0
0.000500 -0.000614 2661.0
0.000501 -0.000614 2662.0
0.000501 -0.000614 2663.0
0.000501 -0.000614 2664.0
0.000502 -0.000614 2665.0
0.000502 -0.000614 2666.0
0.000503 -0.000614 2667.0
0.000503 -0.000614 2668.0
0.000503 -0.000614 2669.0
0.000504 -0.000614 2670.0
0.000504 -0.000614 2671.0
0.000504 -0.000614 2672.0
0.000505 -0.000614 2673.0
0.000505 -0.000614 2674.0
0.000505 -0.000614 2675.0
0.000506 -0.000614 2676.0
0.000506 -0.000614 2677.0
0.000506 -0.000614 2678.0
0.000507 -0.000615 2679.0
0.000507 -0.000615 2680.0
0.000507 -0.000615 2681.0
0.000508 -0.000615 2682.0
0.000508 -0.000615 2683.0
0.000508 -0.000615 2684.0
0.000509 -0.000615 2685.0
0.000509 -0.000615 2686.0
0.000509 -0.000615 2687.0
0.000510 -0.000615 2688.0
0.000510 -0.000615 2689.0
0.000510 -0.000615 2690.0
0.000511 -0.000615 2691.0
0.000511 -0.000615 2692.0
0.000511 -0.000615 2693.0
0.000512 -0.000615 2694.0
0.000512 -0.000615 2695.0
0.000513 -0.000615 2696.0
0.000513 -0.000615 2697.0
0.000514 -0.000615 2698.0
0.000514 -0.000615 2699.0
0.000515 -0.000615 2700.0
0.000515 -0.000615 2701.0
0.000516 -0.000615 2702.0
0.000516 -0.000615 2703.0
0.000517 -0.000615 2704.0
0.000517 -0.000615 2705.0
0.000518 -0.000615 2706.0
0.000518 -0.000615 2707.0
0.000519 -0.000615 2708.0
0.000519 -0.000615 2709.0
0.000520 -0.000616 2710.0
0.000520 -0.000616 2711.0
0.000521 -0.000616 2712.0
0.000521 -0.000616 2713.0
0.000522 -0.000616 2714.0
0.000522 -0.000616 2715.0
0.000523 -0.000616 2716.0
0.000523 -0.000616 2717.0
0.000524 -0.000616 2718.0
0.000524 -0.000616 2719.0
0.000525 -0.000616 2720.0
0.000525 -0.000616 2721.0
0.000526 -0.000616 2722.0
0.000526 -0.000616 2723.0
0.000527 -0.000616 2724.0
0.000527 -0.000616 2725.0
0.000528 -0.000616 2726.0
0.000528 -0.000617 2727.0
0.000529 -0.000617 2728.0
0.000529 -0.000617 2729.0
0.000530 -0.000617 2730.0
0.000530 -0.000617 2731.0
0.000531 -0.000617 2732.0
0.000531 -0.000617 2733.0
0.000532 -0.000617 2734.0
0.000532 -0.000617 2735.0
0.000533 -0.000617 2736.0
0.000533 -0.000617 2737.0
0.000534 -0.000617 2738.0
0.000534 -0.000617 2739.0
0.000535 -0.000617 2740.0
0.000535 -0.000617 2741.0
0.000536 -0.000617 2742.0
0.000536 -0.000617 2743.0
0.000537 -0.000618 2744.0
0.000537 -0.000618 2745.0
0.000538 -0.000618 2746.0
0.000538 -0.000618 2747.0
0.000539 -0.000618 2748.0
0.000539 -0.000618 2749.0
0.000540 -0.000618 2750.0
0.000540 -0.000618 2751.0
0.000541 -0.000618 2752.0
0.000541 -0.000617 2753.0
0.000541 -0.000617 2754.0
0.000541 -0.000617 2755.0
0.000542 -0.000617 2756.0
0.000542 -0.000617 2757.0
0.000542 -0.000617 2758.0
0.000543 -0.000617 2759.0
0.000543 -0.000617 2760.0
0.000543 -0.000618 2761.0
0.000544 -0.000618 2762.0
0.000544 -0.000618 2763.0
0.000544 -0.000618 2764.0
0.000545 -0.000618 2765.0
0.000545 -0.000618 2766.0
0.000545 -0.000618 2767.0
0.000546 -0.000618 2768.0
0.000546 -0.000618 2769.0
0.000546 -0.000618 2770.0
0.000547 -0.000618 2771.0
0.000547 -0.000618 2772.0
0.000547 -0.000618 2773.0
0.000548 -0.000618 2774.0
0.000548 -0.000618 2775.0
0.000548 -0.000618 2776.0
0.000549 -0.000618 2777.0
0.000549 -0.000618 2778.0
0.000549 -0.000618 2779.0
0.000550 -0.000618 2780.0
0.000550 -0.000618 2781.0
0.000550 -0.000618 2782.0
0.000551 -0.000618 2783.0
0.000551 -0.000618 2784.0
0.000551 -0.000618 2785.0
0.000552 -0.000618 2786.0
0.000552 -0.000618 2787.0
0.000553 -0.000618 2788.0
0.000553 -0.000618 2789.0
0.000553 -0.000618 2790.0
0.000554 -0.000618 2791.0
0.000554 -0.000618 2792.0
0.000554 -0.000618 2793.0
0.000555 -0.000618 2794.0
0.000555 -0.000618 2795.0
0.000555 -0.000618 2796.0
0.000556 -0.000619 2797.0
0.000556 -0.000619 2798.0
0.000556 -0.000619 2799.0
0.000557 -0.000619 2800.0
0.000557 -0.000619 2801.0
0.000557 -0.000619 2802.0
0.000558 -0.000619 2803.0
0.000558 -0.000619 2804.0
0.000558 -0.000619 2805.0
0.000559 -0.000619 2806.0
0.000559 -0.000618 2807.0
0.000559 -0.000618 2808.0
0.000559 -0.000618 2809.0
0.000558 -0.000618 2810.0
0.000558 -0.000618 2811.0
0.000557 -0.000618 2812.0
0.000556 -0.000618 2813.0
0.000556 -0.000618 2814.0
0.000555 -0.000618 2815.0
0.000554 -0.000618 2816.0
0.000554 -0.000618 2817.0
0.000553 -0.000618 2818.0
0.000552 -0.000618 2819.0
0.000552 -0.000618 2820.0
0.000551 -0.000618 2821.0
0.000551 -0.000618 2822.0
0.000550 -0.000618 2823.0
0.000549 -0.000618 2824.0
0.000549 -0.000618 2825.0
0.000548 -0.000618 2826.0
0.000547 -0.000618 2827.0
0.000547 -0.000618 2828.0
0.000546 -0.000617 2829.0
0.000545 -0.000617 2830.0
0.000545 -0.000617 2831.0
0.000544 -0.000617 2832.0
0.000544 -0.000617 2833.0
0.000543 -0.000617 2834.0
0.000542 -0.000617 2835.0
0.000542 -0.000617 2836.0
0.000541 -0.000617 2837.0
0.000540 -0.000617 2838.0
0.000540 -0.000617 2839.0
0.000539 -0.000617 2840.0
0.000538 -0.000617 2841.0
0.000538 -0.000617 2842.0
0.000537 -0.000617 2843.0
0.000536 -0.000617 2844.0
0.000536 -0.000617 2845.0
0.000535 -0.000617 2846.0
0.000535 -0.000617 2847.0
0.000534 -0.000617 2848.0
0.000533 -0.000616 2849.0
0.000533 -0.000616 2850.0
0.000532 -0.000616 2851.0
0.000531 -0.000616 2852.0
0.000531 -0.000616 2853.0
0.000530 -0.000616 2854.0
0.000529 -0.000616 2855.0
0.000529 -0.000616 2856.0
0.000528 -0.000616 2857.0
0.000527 -0.000616 2858.0
0.000527 -0.000616 2859.0
0.000526 -0.000616 2860.0
0.000526 -0.000616 2861.0
0.000525 -0.000616 2862.0
0.000524 -0.000616 2863.0
0.000524 -0.000616 2864.0
0.000523 -0.000616 2865.0
0.000522 -0.000616 2866.0
0.000522 -0.000616 2867.0
0.000521 -0.000616 2868.0
0.000520 -0.000615 2869.0
0.000520 -0.000616 2870.0
0.000520 -0.000616 2871.0
0.000520 -0.000616 2872.0
0.000520 -0.000616 2873.0
0.000520 -0.000616 2874.0
0.000520 -0.000616 2875.0
0.000520 -0.000616 2876.0
0.000519 -0.000616 2877.0
0.000519 -0.000616 2878.0
0.000519 -0.000616 2879.0
0.000518 -0.000616 2880.0
0.000518 -0.000616 2881.0
0.000518 -0.000616 2882.0
0.000517 -0.000616 2883.0
0.000517 -0.000616 2884.0
0.000517 -0.000616 2885.0
0.000516 -0.000616 2886.0
0.000516 -0.000616 2887.0
0.000516 -0.000615 2888.0
0.000515 -0.000615 2889.0
0.000515 -0.000615 2890.0
0.000515 -0.000615 2891.0
0.000514 -0.000615 2892.0
0.000514 -0.000615 2893.0
0.000514 -0.000615 2894.0
0.000514 -0.000615 2895.0
0.000513 -0.000615 2896.0
0.000513 -0.000615 2897.0
0.000513 -0.000615 2898.0
0.000512 -0.000615 2899.0
0.000512 -0.000615 2900.0
0.000512 -0.000615 2901.0
0.000511 -0.000615 2902.0
0.000511 -0.000615 2903.0
0.000511 -0.000615 2904.0
0.000510 -0.000615 2905.0
0.000510 -0.000615 2906.0
0.000510 -0.000615 2907.0
0.000509 -0.000615 2908.0
0.000509 -0.000615 2909.0
0.000509 -0.000614 2910.0
0.000508 -0.000614 2911.0
0.000508 -0.000614 2912.0
0.000508 -0.000614 2913.0
0.000508 -0.000614 2914.0
0.000507 -0.000614 2915.0
0.000507 -0.000614 2916.0
0.000507 -0.000614 2917.0
0.000506 -0.000614 2918.0
0.000506 -0.000614 2919.0
0.000506 -0.000614 2920.0
0.000505 -0.000614 2921.0
0.000505 -0.000614 2922.0
0.000505 -0.000614 2923.0
0.000505 -0.000614 2924.0
0.000504 -0.000614 2925.0
0.000504 -0.000614 2926.0
0.000503 -0.000614 2927.0
0.000503 -0.000614 2928.0
0.000502 -0.000614 2929.0
0.000502 -0.000614 2930.0
0.000501 -0.000614 2931.0
0.000501 -0.000614 2932.0
0.000500 -0.000614 2933.0
0.000500 -0.000614 2934.0
0.000500 -0.000614 2935.0
0.000499 -0.000614 2936.0
0.000499 -0.000614 2937.0
0.000498 -0.000614 2938.0
0.000498 -0.000614 2939.0
0.000497 -0.000614 2940.0
0.000497 -0.000613 2941.0
0.000496 -0.000613 2942.0
0.000496 -0.000613 2943.0
0.000496 -0.000613 2944.0
0.000495 -0.000613 2945.0
0.000495 -0.000613 2946.0
0.000494 -0.000613 2947.0
0.000494 -0.000613 2948.0
0.000493 -0.000613 2949.0
0.000493 -0.000613 2950.0
0.000492 -0.000613 2951.0
0.000492 -0.000613 2952.0
0.000491 -0.000613 2953.0
0.000491 -0.000613 2954.0
0.000491 -0.000613 2955.0
0.000490 -0.000613 2956.0
0.000490 -0.000613 2957.0
0.000489 -0.000613 2958.0
0.000489 -0.000613 2959.0
0.000488 -0.000612 2960.0
0.000488 -0.000612 2961.0
0.000487 -0.000612 2962.0
0.000487 -0.000612 2963.0
0.000487 -0.000612 2964.0
0.000486 -0.000612 2965.0
0.000486 -0.000612 2966.0
0.000485 -0.000612 2967.0
0.000485 -0.000612 2968.0
0.000484 -0.000612 2969.0
0.000484 -0.000612 2970.0
0.000483 -0.000612 2971.0
0.000483 -0.000612 2972.0
0.000482 -0.000612 2973.0
0.000482 -0.000612 2974.0
0.000482 -0.000612 2975.0
0.000481 -0.000612 2976.0
0.000481 -0.000612 2977.0
0.000480 -0.000612 2978.0
0.000480 -0.000612 2979.0
0.000479 -0.000611 2980.0
0.000479 -0.000611 2981.0
0.000478 -0.000611 2982.0
0.000478 -0.000612 2983.0
0.000478 -0.000612 2984.0
0.000477 -0.000612 2985.0
0.000476 -0.000612 2986.0
0.000475 -0.000612 2987.0
0.000475 -0.000612 2988.0
0.000474 -0.000611 2989.0
0.000473 -0.000611 2990.0
0.000472 -0.000611 2991.0
0.000471 -0.000611 2992.0
0.000471 -0.000611 2993.0
0.000470 -0.000611 2994.0
0.000469 -0.000611 2995.0
0.000468 -0.000611 2996.0
0.000468 -0.000611 2997.0
0.000467 -0.000611 2998.0
0.000466 -0.000610 2999.0
0.000465 -0.000610 3000.0
0.000465 -0.000610 3001.0
0.000464 -0.000610 3002.0
0.000463 -0.000610 3003.0
0.000462 -0.000610 3004.0
0.000461 -0.000610 3005.0
0.000461 -0.000610 3006.0
0.000460 -0.000610 3007.0
0.000459 -0.000610 3008.0
0.000458 -0.000609 3009.0
0.000458 -0.000609 3010.0
0.000457 -0.000609 3011.0
0.000456 -0.000609 3012.0
0.000455 -0.000609 3013.0
0.000455 -0.000609 3014.0
0.000454 -0.000609 3015.0
0.000453 -0.000609 3016.0
0.000452 -0.000609 3017.0
0.000451 -0.000609 3018.0
0.000451 -0.000609 3019.0
0.000450 -0.000608 3020.0
0.000449 -0.000608 3021.0
0.000448 -0.000608 3022.0
0.000448 -0.000608 3023.0
0.000447 -0.000608 3024.0
0.000446 -0.000608 3025.0
0.000445 -0.000608 3026.0
0.000445 -0.000608 3027.0
0.000444 -0.000608 3028.0
0.000443 -0.000608 3029.0
0.000442 -0.000607 3030.0
0.000441 -0.000607 3031.0
0.000441 -0.000607 3032.0
0.000440 -0.000607 3033.0
0.000439 -0.000607 3034.0
0.000438 -0.000607 3035.0
0.000438 -0.000607 3036.0
0.000437 -0.000607 3037.0
0.000436 -0.000607 3038.0
0.000435 -0.000607 3039.0
0.000435 -0.000606 3040.0
0.000434 -0.000606 3041.0
0.000433 -0.000606 3042.0
0.000432 -0.000606 3043.0
0.000431 -0.000606 3044.0
0.000431 -0.000607 3045.0
0.000431 -0.000607 3046.0
0.000430 -0.000607 3047.0
0.000430 -0.000606 3048.0
0.000429 -0.000606 3049.0
0.000429 -0.000605 3050.0
0.000428 -0.000605 3051.0
0.000427 -0.000605 3052.0
0.000427 -0.000604 3053.0
0.000426 -0.000604 3054.0
0.000426 -0.000604 3055.0
0.000425 -0.000603 3056.0
0.000425 -0.000603 3057.0
0.000424 -0.000603 3058.0
0.000423 -0.000602 3059.0
0.000423 -0.000602 3060.0
0.000422 -0.000601 3061.0
0.000422 -0.000601 3062.0
0.000421 -0.000601 3063.0
0.000421 -0.000600 3064.0
0.000420 -0.000600 3065.0
0.000420 -0.000600 3066.0
0.000419 -0.000599 3067.0
0.000418 -0.000599 3068.0
0.000418 -0.000599 3069.0
0.000417 -0.000598 3070.0
0.000417 -0.000598 3071.0
0.000416 -0.000598 3072.0
0.000416 -0.000597 3073.0
0.000415 -0.000597 3074.0
0.000414 -0.000596 3075.0
0.000414 -0.000596 3076.0
0.000413 -0.000596 3077.0
0.000413 -0.000595 3078.0
0.000412 -0.000595 3079.0
0.000412 -0.000595 3080.0
0.000411 -0.000594 3081.0
0.000410 -0.000594 3082.0
0.000410 -0.000594 3083.0
0.000409 -0.000593 3084.0
0.000409 -0.000593 3085.0
0.000408 -0.000592 3086.0
0.000408 -0.000592 3087.0
0.000407 -0.000592 3088.0
0.000407 -0.000591 3089.0
0.000406 -0.000591 3090.0
0.000405 -0.000591 3091.0
0.000405 -0.000590 3092.0
0.000404 -0.000590 3093.0
0.000404 -0.000590 3094.0
0.000403 -0.000589 3095.0
0.000403 -0.000589 3096.0
0.000402 -0.000588 3097.0
0.000401 -0.000588 3098.0
0.000401 -0.000588 3099.0
0.000400 -0.000587 3100.0
0.000400 -0.000587 3101.0
0.000399 -0.000587 3102.0
0.000398 -0.000590 3103.0
0.000398 -0.000590 3104.0
0.000398 -0.000589 3105.0
0.000398 -0.000588 3106.0
0.000398 -0.000588 3107.0
0.000398 -0.000587 3108.0
0.000398 -0.000587 3109.0
0.000398 -0.000586 3110.0
0.000398 -0.000586 3111.0
0.000398 -0.000585 3112.0
0.000398 -0.000584 3113.0
0.000398 -0.000584 3114.0
0.000398 -0.000583 3115.0
0.000398 -0.000583 3116.0
0.000398 -0.000582 3117.0
0.000398 -0.000582 3118.0
0.000398 -0.000581 3119.0
0.000398 -0.000580 3120.0
0.000398 -0.000580 3121.0
0.000398 -0.000579 3122.0
0.000398 -0.000579 3123.0
0.000398 -0.000578 3124.0
0.000398 -0.000578 3125.0
0.000398 -0.000577 3126.0
0.000398 -0.000576 3127.0
0.000398 -0.000576 3128.0
0.000398 -0.000575 3129.0
0.000398 -0.000575 3130.0
0.000398 -0.000574 3131.0
0.000398 -0.000574 3132.0
0.000398 -0.000573 3133.0
0.000398 -0.000572 3134.0
0.000398 -0.000572 3135.0
0.000398 -0.000571 3136.0
0.000398 -0.000571 3137.0
0.000398 -0.000570 3138.0
0.000398 -0.000570 3139.0
0.000398 -0.000569 3140.0
0.000398 -0.000568 3141.0
0.000398 -0.000568 3142.0
0.000398 -0.000567 3143.0
0.000398 -0.000567 3144.0
0.000398 -0.000566 3145.0
0.000398 -0.000566 3146.0
0.000398 -0.000565 3147.0
0.000398 -0.000564 3148.0
0.000398 -0.000564 3149.0
0.000398 -0.000563 3150.0
0.000398 -0.000563 3151.0
0.000398 -0.000562 3152.0
0.000398 -0.000562 3153.0
0.000398 -0.000561 3154.0
0.000398 -0.000560 3155.0
0.000398 -0.000560 3156.0
0.000398 -0.000559 3157.0
0.000398 -0.000559 3158.0
0.000398 -0.000558 3159.0
0.000398 -0.000558 3160.0
0.000398 -0.000557 3161.0
0.000398 -0.000556 3162.0
0.000398 -0.000556 3163.0
0.000398 -0.000555 3164.0
0.000399 -0.000555 3165.0
0.000399 -0.000554 3166.0
0.000399 -0.000554 3167.0
0.000399 -0.000553 3168.0
0.000399 -0.000552 3169.0
0.000399 -0.000551 3170.0
0.000399 -0.000550 3171.0
0.000399 -0.000549 3172.0
0.000399 -0.000549 3173.0
0.000399 -0.000548 3174.0
0.000399 -0.000547 3175.0
0.000399 -0.000546 3176.0
0.000399 -0.000545 3177.0
0.000399 -0.000545 3178.0
0.000399 -0.000544 3179.0
0.000399 -0.000543 3180.0
0.000400 -0.000542 3181.0
0.000400 -0.000541 3182.0
0.000400 -0.000540 3183.0
0.000400 -0.000540 3184.0
0.000400 -0.000539 3185.0
0.000400 -0.000538 3186.0
0.000400 -0.000537 3187.0
0.000400 -0.000536 3188.0
0.000400 -0.000536 3189.0
0.000400 -0.000535 3190.0
0.000400 -0.000534 3191.0
0.000400 -0.000533 3192.0
0.000400 -0.000532 3193.0
0.000400 -0.000531 3194.0
0.000400 -0.000531 3195.0
0.000400 -0.000530 3196.0
0.000401 -0.000529 3197.0
0.000401 -0.000528 3198.0
0.000401 -0.000527 3199.0
0.000401 -0.000527 3200.0
0.000401 -0.000526 3201.0
0.000401 -0.000525 3202.0
0.000401 -0.000524 3203.0
0.000401 -0.000523 3204.0
0.000401 -0.000522 3205.0
0.000401 -0.000522 3206.0
0.000401 -0.000521 3207.0
0.000401 -0.000520 3208.0
0.000401 -0.000519 3209.0
0.000401 -0.000518 3210.0
0.000401 -0.000518 3211.0
0.000401 -0.000517 3212.0
0.000402 -0.000516 3213.0
0.000402 -0.000515 3214.0
0.000402 -0.000514 3215.0
0.000402 -0.000513 3216.0
0.000402 -0.000513 3217.0
0.000402 -0.000512 3218.0
0.000402 -0.000511 3219.0
0.000402 -0.000510 3220.0
0.000402 -0.000509 3221.0
0.000402 -0.000509 3222.0
0.000403 -0.000509 3223.0
0.000401 -0.000509 3224.0
0.000400 -0.000509 3225.0
0.000398 -0.000510 3226.0
0.000397 -0.000510 3227.0
0.000395 -0.000510 3228.0
0.000394 -0.000511 3229.0
0.000392 -0.000511 3230.0
0.000390 -0.000511 3231.0
0.000389 -0.000512 3232.0
0.000387 -0.000512 3233.0
0.000386 -0.000512 3234.0
0.000384 -0.000513 3235.0
0.000383 -0.000513 3236.0
0.000381 -0.000513 3237.0
0.000379 -0.000514 3238.0
0.000378 -0.000514 3239.0
0.000376 -0.000514 3240.0
0.000375 -0.000515 3241.0
0.000373 -0.000515 3242.0
0.000371 -0.000515 3243.0
0.000370 -0.000516 3244.0
0.000368 -0.000516 3245.0
0.000367 -0.000516 3246.0
0.000365 -0.000517 3247.0
0.000364 -0.000517 3248.0
0.000362 -0.000517 3249.0
0.000360 -0.000518 3250.0
0.000359 -0.000518 3251.0
0.000357 -0.000518 3252.0
0.000356 -0.000519 3253.0
0.000354 -0.000519 3254.0
0.000353 -0.000519 3255.0
0.000351 -0.000520 3256.0
0.000349 -0.000520 3257.0
0.000348 -0.000520 3258.0
0.000346 -0.000521 3259.0
0.000345 -0.000521 3260.0
0.000343 -0.000521 3261.0
0.000342 -0.000522 3262.0
0.000340 -0.000522 3263.0
0.000338 -0.000523 3264.0
0.000337 -0.000523 3265.0
0.000335 -0.000523 3266.0
0.000334 -0.000524 3267.0
0.000332 -0.000524 3268.0
0.000331 -0.000524 3269.0
0.000329 -0.000525 3270.0
0.000327 -0.000525 3271.0
0.000326 -0.000525 3272.0
0.000324 -0.000526 3273.0
0.000323 -0.000526 3274.0
0.000321 -0.000526 3275.0
0.000320 -0.000527 3276.0
0.000318 -0.000527 3277.0
0.000316 -0.000527 3278.0
0.000315 -0.000528 3279.0
0.000313 -0.000528 3280.0
0.000312 -0.000528 3281.0
0.000310 -0.000529 3282.0
0.000310 -0.000525 3283.0
0.000309 -0.000524 3284.0
0.000308 -0.000524 3285.0
0.000307 -0.000523 3286.0
0.000306 -0.000523 3287.0
0.000306 -0.000522 3288.0
0.000305 -0.000522 3289.0
0.000304 -0.000521 3290.0
0.000303 -0.000521 3291.0
0.000303 -0.000521 3292.0
0.000302 -0.000520 3293.0
0.000301 -0.000520 3294.0
0.000300 -0.000519 3295.0
0.000299 -0.000519 3296.0
0.000299 -0.000518 3297.0
0.000298 -0.000518 3298.0
0.000297 -0.000517 3299.0
0.000296 -0.000517 3300.0
0.000295 -0.000516 3301.0
0.000295 -0.000516 3302.0
0.000294 -0.000516 3303.0
0.000293 -0.000515 3304.0
0.000292 -0.000515 3305.0
0.000292 -0.000514 3306.0
0.000291 -0.000514 3307.0
0.000290 -0.000513 3308.0
0.000289 -0.000513 3309.0
0.000288 -0.000512 3310.0
0.000288 -0.000512 3311.0
0.000287 -0.000512 3312.0
0.000286 -0.000511 3313.0
0.000285 -0.000511 3314.0
0.000284 -0.000510 3315.0
0.000284 -0.000510 3316.0
0.000283 -0.000509 3317.0
0.000282 -0.000509 3318.0
0.000281 -0.000508 3319.0
0.000281 -0.000508 3320.0
0.000280 -0.000507 3321.0
0.000279 -0.000507 3322.0
0.000278 -0.000507 3323.0
0.000277 -0.000506 3324.0
0.000277 -0.000506 3325.0
0.000276 -0.000505 3326.0
0.000275 -0.000505 3327.0
0.000274 -0.000504 3328.0
0.000274 -0.000504 3329.0
0.000273 -0.000503 3330.0
0.000272 -0.000503 3331.0
0.000271 -0.000503 3332.0
0.000270 -0.000502 3333.0
0.000270 -0.000502 3334.0
0.000269 -0.000501 3335.0
0.000268 -0.000501 3336.0
0.000267 -0.000500 3337.0
0.000266 -0.000500 3338.0
0.000266 -0.000499 3339.0
0.000265 -0.000499 3340.0
0.000264 -0.000498 3341.0
0.000263 -0.000498 3342.0
0.000262 -0.000503 3343.0
0.000261 -0.000502 3344.0
0.000261 -0.000502 3345.0
0.000260 -0.000502 3346.0
0.000260 -0.000502 3347.0
0.000259 -0.000501 3348.0
0.000258 -0.000501 3349.0
0.000258 -0.000501 3350.0
0.000257 -0.000500 3351.0
0.000257 -0.000500 3352.0
0.000256 -0.000500 3353.0
0.000256 -0.000500 3354.0
0.000255 -0.000499 3355.0
0.000255 -0.000499 3356.0
0.000254 -0.000499 3357.0
0.000253 -0.000498 3358.0
0.000253 -0.000498 3359.0
0.000252 -0.000498 3360.0
0.000252 -0.000498 3361.0
0.000251 -0.000497 3362.0
0.000251 -0.000497 3363.0
0.000250 -0.000497 3364.0
0.000249 -0.000496 3365.0
0.000249 -0.000496 3366.0
0.000248 -0.000496 3367.0
0.000248 -0.000495 3368.0
0.000247 -0.000495 3369.0
0.000247 -0.000495 3370.0
0.000246 -0.000495 3371.0
0.000246 -0.000494 3372.0
0.000245 -0.000494 3373.0
0.000244 -0.000494 3374.0
0.000244 -0.000493 3375.0
0.000243 -0.000493 3376.0
0.000243 -0.000493 3377.0
0.000242 -0.000493 3378.0
0.000242 -0.000492 3379.0
0.000241 -0.000492 3380.0
0.000241 -0.000492 3381.0
0.000240 -0.000491 3382.0
0.000239 -0.000491 3383.0
0.000239 -0.000491 3384.0
0.000238 -0.000491 3385.0
0.000238 -0.000490 3386.0
0.000237 -0.000490 3387.0
0.000237 -0.000490 3388.0
0.000236 -0.000489 3389.0
0.000236 -0.000489 3390.0
0.000235 -0.000489 3391.0
0.000234 -0.000488 3392.0
0.000234 -0.000488 3393.0
0.000233 -0.000488 3394.0
0.000233 -0.000488 3395.0
0.000232 -0.000487 3396.0
0.000232 -0.000487 3397.0
0.000231 -0.000487 3398.0
0.000231 -0.000486 3399.0
0.000230 -0.000486 3400.0
0.000229 -0.000486 3401.0
0.000229 -0.000486 3402.0
0.000228 -0.000489 3403.0
0.000227 -0.000489 3404.0
0.000227 -0.000489 3405.0
0.000227 -0.000489 3406.0
0.000226 -0.000489 3407.0
0.000226 -0.000489 3408.0
0.000225 -0.000489 3409.0
0.000225 -0.000490 3410.0
0.000225 -0.000490 3411.0
0.000224 -0.000490 3412.0
0.000224 -0.000490 3413.0
0.000223 -0.000490 3414.0
0.000223 -0.000490 3415.0
0.000222 -0.000490 3416.0
0.000222 -0.000491 3417.0
0.000222 -0.000491 3418.0
0.000221 -0.000491 3419.0
0.000221 -0.000491 3420.0
0.000220 -0.000491 3421.0
0.000220 -0.000491 3422.0
0.000219 -0.000491 3423.0
0.000219 -0.000491 3424.0
0.000219 -0.000492 3425.0
0.000218 -0.000492 3426.0
0.000218 -0.000492 3427.0
0.000217 -0.000492 3428.0
0.000217 -0.000492 3429.0
0.000216 -0.000492 3430.0
0.000216 -0.000492 3431.0
0.000216 -0.000493 3432.0
0.000215 -0.000493 3433.0
0.000215 -0.000493 3434.0
0.000214 -0.000493 3435.0
0.000214 -0.000493 3436.0
0.000213 -0.000493 3437.0
0.000213 -0.000493 3438.0
0.000213 -0.000493 3439.0
0.000212 -0.000494 3440.0
0.000212 -0.000494 3441.0
0.000211 -0.000494 3442.0
0.000211 -0.000494 3443.0
0.000210 -0.000494 3444.0
0.000210 -0.000494 3445.0
0.000210 -0.000494 3446.0
0.000209 -0.000495 3447.0
0.000209 -0.000495 3448.0
0.000208 -0.000495 3449.0
0.000208 -0.000495 3450.0
0.000207 -0.000495 3451.0
0.000207 -0.000495 3452.0
0.000207 -0.000495 3453.0
0.000206 -0.000495 3454.0
0.000206 -0.000496 3455.0
0.000205 -0.000496 3456.0
0.000205 -0.000496 3457.0
0.000204 -0.000496 3458.0
0.000204 -0.000496 3459.0
0.000204 -0.000496 3460.0
0.000203 -0.000496 3461.0
0.000203 -0.000497 3462.0
0.000202 -0.000497 3463.0
0.000202 -0.000495 3464.0
0.000202 -0.000495 3465.0
0.000202 -0.000495 3466.0
0.000201 -0.000495 3467.0
0.000201 -0.000495 3468.0
0.000201 -0.000494 3469.0
0.000201 -0.000494 3470.0
0.000200 -0.000494 3471.0
0.000200 -0.000494 3472.0
0.000200 -0.000494 3473.0
0.000200 -0.000494 3474.0
0.000200 -0.000494 3475.0
0.000199 -0.000494 3476.0
0.000199 -0.000494 3477.0
0.000199 -0.000493 3478.0
0.000199 -0.000493 3479.0
0.000198 -0.000493 3480.0
0.000198 -0.000493 3481.0
0.000198 -0.000493 3482.0
0.000198 -0.000493 3483.0
0.000197 -0.000493 3484.0
0.000197 -0.000493 3485.0
0.000197 -0.000492 3486.0
0.000197 -0.000492 3487.0
0.000196 -0.000492 3488.0
0.000196 -0.000492 3489.0
0.000196 -0.000492 3490.0
0.000196 -0.000492 3491.0
0.000196 -0.000492 3492.0
0.000195 -0.000492 3493.0
0.000195 -0.000492 3494.0
0.000195 -0.000491 3495.0
0.000195 -0.000491 3496.0
0.000194 -0.000491 3497.0
0.000194 -0.000491 3498.0
0.000194 -0.000491 3499.0
0.000194 -0.000491 3500.0
0.000193 -0.000491 3501.0
0.000193 -0.000491 3502.0
0.000193 -0.000490 3503.0
0.000193 -0.000490 3504.0
0.000193 -0.000490 3505.0
0.000192 -0.000490 3506.0
0.000192 -0.000490 3507.0
0.000192 -0.000490 3508.0
0.000192 -0.000490 3509.0
0.000191 -0.000490 3510.0
0.000191 -0.000490 3511.0
0.000191 -0.000489 3512.0
0.000191 -0.000490 3513.0
0.000191 -0.000490 3514.0
0.000191 -0.000490 3515.0
0.000191 -0.000490 3516.0
0.000190 -0.000490 3517.0
0.000190 -0.000490 3518.0
0.000190 -0.000490 3519.0
0.000190 -0.000490 3520.0
0.000190 -0.000490 3521.0
0.000190 -0.000490 3522.0
0.000190 -0.000490 3523.0
0.000190 -0.000490 3524.0
0.000190 -0.000490 3525.0
0.000190 -0.000490 3526.0
0.000190 -0.000490 3527.0
0.000190 -0.000490 3528.0
0.000190 -0.000490 3529.0
0.000190 -0.000490 3530.0
0.000190 -0.000490 3531.0
0.000190 -0.000490 3532.0
0.000190 -0.000490 3533.0
0.000190 -0.000490 3534.0
0.000190 -0.000490 3535.0
0.000190 -0.000490 3536.0
0.000189 -0.000490 3537.0
0.000189 -0.000490 3538.0
0.000189 -0.000490 3539.0
0.000189 -0.000490 3540.0
0.000189 -0.000490 3541.0
0.000189 -0.000490 3542.0
0.000189 -0.000490 3543.0
0.000189 -0.000490 3544.0
0.000189 -0.000490 3545.0
0.000189 -0.000490 3546.0
0.000189 -0.000490 3547.0
0.000189 -0.000490 3548.0
0.000189 -0.000490 3549.0
0.000189 -0.000490 3550.0
0.000189 -0.000490 3551.0
0.000189 -0.000490 3552.0
0.000189 -0.000490 3553.0
0.000189 -0.000490 3554.0
0.000189 -0.000490 3555.0
0.000189 -0.000490 3556.0
0.000189 -0.000490 3557.0
0.000188 -0.000490 3558.0
0.000188 -0.000489 3559.0
0.000188 -0.000489 3560.0
0.000188 -0.000489 3561.0
0.000188 -0.000489 3562.0
0.000188 -0.000489 3563.0
0.000188 -0.000489 3564.0
0.000188 -0.000489 3565.0
0.000188 -0.000489 3566.0
0.000188 -0.000489 3567.0
0.000188 -0.000489 3568.0
0.000188 -0.000489 3569.0
0.000188 -0.000489 3570.0
0.000188 -0.000489 3571.0
0.000188 -0.000489 3572.0
0.000188 -0.000489 3573.0
0.000188 -0.000489 3574.0
0.000188 -0.000489 3575.0
0.000188 -0.000489 3576.0
0.000188 -0.000489 3577.0
0.000187 -0.000489 3578.0
0.000187 -0.000489 3579.0
0.000187 -0.000489 3580.0
0.000187 -0.000489 3581.0
0.000187 -0.000489 3582.0
0.000187 -0.000489 3583.0
0.000187 -0.000489 3584.0
0.000187 -0.000489 3585.0
0.000187 -0.000489 3586.0
0.000187 -0.000489 3587.0
0.000187 -0.000489 3588.0
0.000187 -0.000489 3589.0
0.000187 -0.000489 3590.0
