0.000745 -0.000667 13.0
0.000745 -0.000667 14.0
0.000744 -0.000667 15.0
0.000744 -0.000667 16.0
0.000743 -0.000667 17.0
0.000743 -0.000667 18.0
0.000743 -0.000666 19.0
0.000742 -0.000666 20.0
0.000742 -0.000666 21.0
0.000741 -0.000666 22.0
0.000741 -0.000666 23.0
0.000740 -0.000666 24.0
0.000740 -0.000666 25.0
0.000740 -0.000666 26.0
0.000739 -0.000666 27.0
0.000739 -0.000666 28.0
0.000738 -0.000666 29.0
0.000738 -0.000666 30.0
0.000737 -0.000665 31.0
0.000737 -0.000665 32.0
0.000737 -0.000665 33.0
0.000736 -0.000665 34.0
0.000736 -0.000665 35.0
0.000735 -0.000665 36.0
0.000735 -0.000665 37.0
0.000734 -0.000665 38.0
0.000734 -0.000665 39.0
0.000734 -0.000665 40.0
0.000733 -0.000665 41.0
0.000733 -0.000664 42.0
0.000732 -0.000664 43.0
0.000732 -0.000664 44.0
0.000731 -0.000664 45.0
0.000731 -0.000664 46.0
0.000731 -0.000664 47.0
0.000730 -0.000664 48.0
0.000730 -0.000664 49.0
0.000729 -0.000664 50.0
0.000729 -0.000664 51.0
0.000728 -0.000664 52.0
0.000728 -0.000664 53.0
0.000728 -0.000663 54.0
0.000727 -0.000663 55.0
0.000727 -0.000663 56.0
0.000726 -0.000663 57.0
0.000726 -0.000663 58.0
0.000725 -0.000663 59.0
0.000725 -0.000663 60.0
0.000725 -0.000663 61.0
0.000724 -0.000663 62.0
0.000724 -0.000663 63.0
0.000723 -0.000663 64.0
0.000723 -0.000663 65.0
0.000723 -0.000663 66.0
0.000723 -0.000663 67.0
0.000723 -0.000663 68.0
0.000723 -0.000663 69.0
0.000723 -0.000663 70.0
0.000723 -0.000663 71.0
0.000723 -0.000663 72.0
0.000723 -0.000663 73.0
0.000723 -0.000663 74.0
0.000723 -0.000663 75.0
0.000723 -0.000663 76.0
0.000723 -0.000663 77.0
0.000723 -0.000663 78.0
0.000723 -0.000663 79.0
0.000723 -0.000663 80.0
0.000723 -0.000663 81.0
0.000723 -0.000663 82.0
0.000723 -0.000663 83.0
0.000723 -0.000663 84.0
0.000723 -0.000663 85.0
0.000723 -0.000663 86.0
0.000723 -0.000663 87.0
0.000723 -0.000663 88.0
0.000723 -0.000663 89.0
0.000723 -0.000663 90.0
0.000723 -0.000663 91.0
0.000723 -0.000663 92.0
0.000723 -0.000663 93.0
0.000723 -0.000663 94.0
0.000723 -0.000663 95.0
0.000723 -0.000663 96.0
0.000723 -0.000663 97.0
0.000723 -0.000663 98.0
0.000722 -0.000663 99.0
0.000722 -0.000663 100.0
0.000722 -0.000663 101.0
0.000722 -0.000663 102.0
0.000722 -0.000663 103.0
0.000722 -0.000663 104.0
0.000722 -0.000663 105.0
0.000722 -0.000663 106.0
0.000722 -0.000663 107.0
0.000722 -0.000663 108.0
0.000722 -0.000663 109.0
0.000722 -0.000663 110.0
0.000722 -0.000663 111.0
0.000722 -0.000663 112.0
0.000722 -0.000663 113.0
0.000722 -0.000663 114.0
0.000722 -0.000662 115.0
0.000722 -0.000662 116.0
0.000722 -0.000662 117.0
0.000722 -0.000662 118.0
0.000722 -0.000662 119.0
0.000722 -0.000662 120.0
0.000722 -0.000662 121.0
0.000722 -0.000662 122.0
0.000722 -0.000662 123.0
0.000722 -0.000662 124.0
0.000722 -0.000662 125.0
0.000722 -0.000662 126.0
0.000722 -0.000662 127.0
0.000722 -0.000662 128.0
0.000722 -0.000662 129.0
0.000722 -0.000662 130.0
0.000722 -0.000662 131.0
0.000722 -0.000661 132.0
0.000722 -0.000661 133.0
0.000722 -0.000661 134.0
0.000722 -0.000661 135.0
0.000722 -0.000661 136.0
0.000722 -0.000661 137.0
0.000722 -0.000661 138.0
0.000722 -0.000661 139.0
0.000722 -0.000661 140.0
0.000722 -0.000661 141.0
0.000722 -0.000661 142.0
0.000723 -0.000661 143.0
0.000723 -0.000661 144.0
0.000723 -0.000661 145.0
0.000723 -0.000661 146.0
0.000723 -0.000661 147.0
0.000723 -0.000661 148.0
0.000723 -0.000661 149.0
0.000723 -0.000660 150.0
0.000723 -0.000660 151.0
0.000723 -0.000660 152.0
0.000723 -0.000660 153.0
0.000723 -0.000660 154.0
0.000723 -0.000660 155.0
0.000723 -0.000660 156.0
0.000723 -0.000660 157.0
0.000723 -0.000660 158.0
0.000723 -0.000660 159.0
0.000723 -0.000660 160.0
0.000723 -0.000660 161.0
0.000723 -0.000660 162.0
0.000723 -0.000660 163.0
0.000723 -0.000660 164.0
0.000723 -0.000660 165.0
0.000723 -0.000660 166.0
0.000723 -0.000659 167.0
0.000723 -0.000659 168.0
0.000723 -0.000659 169.0
0.000723 -0.000659 170.0
0.000723 -0.000659 171.0
0.000723 -0.000659 172.0
0.000723 -0.000658 173.0
0.000723 -0.000658 174.0
0.000723 -0.000658 175.0
0.000723 -0.000658 176.0
0.000723 -0.000658 177.0
0.000723 -0.000657 178.0
0.000723 -0.000657 179.0
0.000723 -0.000657 180.0
0.000723 -0.000657 181.0
0.000723 -0.000657 182.0
0.000723 -0.000657 183.0
0.000723 -0.000656 184.0
0.000723 -0.000656 185.0
0.000723 -0.000656 186.0
0.000723 -0.000656 187.0
0.000723 -0.000656 188.0
0.000723 -0.000655 189.0
0.000723 -0.000655 190.0
0.000723 -0.000655 191.0
0.000723 -0.000655 192.0
0.000723 -0.000655 193.0
0.000723 -0.000655 194.0
0.000723 -0.000654 195.0
0.000723 -0.000654 196.0
0.000723 -0.000654 197.0
0.000724 -0.000654 198.0
0.000724 -0.000654 199.0
0.000724 -0.000653 200.0
0.000724 -0.000653 201.0
0.000724 -0.000653 202.0
0.000724 -0.000653 203.0
0.000724 -0.000653 204.0
0.000724 -0.000653 205.0
0.000724 -0.000652 206.0
0.000724 -0.000652 207.0
0.000724 -0.000652 208.0
0.000724 -0.000652 209.0
0.000724 -0.000652 210.0
0.000724 -0.000651 211.0
0.000724 -0.000651 212.0
0.000724 -0.000651 213.0
0.000724 -0.000651 214.0
0.000724 -0.000651 215.0
0.000724 -0.000651 216.0
0.000724 -0.000650 217.0
0.000724 -0.000650 218.0
0.000724 -0.000650 219.0
0.000724 -0.000650 220.0
0.000724 -0.000650 221.0
0.000724 -0.000649 222.0
0.000724 -0.000649 223.0
0.000724 -0.000649 224.0
0.000724 -0.000649 225.0
0.000724 -0.000649 226.0
0.000724 -0.000649 227.0
0.000724 -0.000648 228.0
0.000724 -0.000648 229.0
0.000724 -0.000648 230.0
0.000724 -0.000647 231.0
0.000724 -0.000647 232.0
0.000724 -0.000647 233.0
0.000725 -0.000646 234.0
0.000725 -0.000646 235.0
0.000725 -0.000646 236.0
0.000725 -0.000645 237.0
0.000725 -0.000645 238.0
0.000725 -0.000644 239.0
0.000725 -0.000644 240.0
0.000725 -0.000644 241.0
0.000725 -0.000643 242.0
0.000725 -0.000643 243.0
0.000725 -0.000643 244.0
0.000725 -0.000642 245.0
0.000725 -0.000642 246.0
0.000725 -0.000642 247.0
0.000725 -0.000641 248.0
0.000725 -0.000641 249.0
0.000725 -0.000641 250.0
0.000725 -0.000640 251.0
0.000725 -0.000640 252.0
0.000725 -0.000640 253.0
0.000725 -0.000639 254.0
0.000725 -0.000639 255.0
0.000725 -0.000639 256.0
0.000725 -0.000638 257.0
0.000725 -0.000638 258.0
0.000725 -0.000638 259.0
0.000726 -0.000637 260.0
0.000726 -0.000637 261.0
0.000726 -0.000637 262.0
0.000726 -0.000636 263.0
0.000726 -0.000636 264.0
0.000726 -0.000636 265.0
0.000726 -0.000635 266.0
0.000726 -0.000635 267.0
0.000726 -0.000635 268.0
0.000726 -0.000634 269.0
0.000726 -0.000634 270.0
0.000726 -0.000634 271.0
0.000726 -0.000633 272.0
0.000726 -0.000633 273.0
0.000726 -0.000632 274.0
0.000726 -0.000632 275.0
0.000726 -0.000632 276.0
0.000726 -0.000631 277.0
0.000726 -0.000631 278.0
0.000726 -0.000631 279.0
0.000726 -0.000630 280.0
0.000726 -0.000630 281.0
0.000726 -0.000630 282.0
0.000726 -0.000629 283.0
0.000726 -0.000629 284.0
0.000726 -0.000629 285.0
0.000727 -0.000628 286.0
0.000727 -0.000628 287.0
0.000727 -0.000628 288.0
0.000727 -0.000628 289.0
0.000727 -0.000628 290.0
0.000727 -0.000628 291.0
0.000727 -0.000628 292.0
0.000726 -0.000628 293.0
0.000726 -0.000628 294.0
0.000726 -0.000628 295.0
0.000726 -0.000628 296.0
0.000726 -0.000628 297.0
0.000726 -0.000627 298.0
0.000726 -0.000627 299.0
0.000726 -0.000627 300.0
0.000726 -0.000627 301.0
0.000726 -0.000627 302.0
0.000725 -0.000627 303.0
0.000725 -0.000627 304.0
0.000725 -0.000627 305.0
0.000725 -0.000627 306.0
0.000725 -0.000627 307.0
0.000725 -0.000627 308.0
0.000725 -0.000626 309.0
0.000725 -0.000626 310.0
0.000725 -0.000626 311.0
0.000724 -0.000626 312.0
0.000724 -0.000626 313.0
0.000724 -0.000626 314.0
0.000724 -0.000626 315.0
0.000724 -0.000626 316.0
0.000724 -0.000626 317.0
0.000724 -0.000626 318.0
0.000724 -0.000626 319.0
0.000724 -0.000625 320.0
0.000724 -0.000625 321.0
0.000723 -0.000625 322.0
0.000723 -0.000625 323.0
0.000723 -0.000625 324.0
0.000723 -0.000625 325.0
0.000723 -0.000625 326.0
0.000723 -0.000625 327.0
0.000723 -0.000625 328.0
0.000723 -0.000625 329.0
0.000723 -0.000625 330.0
0.000722 -0.000624 331.0
0.000722 -0.000624 332.0
0.000722 -0.000624 333.0
0.000722 -0.000624 334.0
0.000722 -0.000624 335.0
0.000722 -0.000624 336.0
0.000722 -0.000624 337.0
0.000722 -0.000624 338.0
0.000722 -0.000624 339.0
0.000722 -0.000624 340.0
0.000721 -0.000624 341.0
0.000721 -0.000623 342.0
0.000721 -0.000623 343.0
0.000721 -0.000623 344.0
0.000721 -0.000623 345.0
0.000721 -0.000623 346.0
0.000721 -0.000623 347.0
0.000721 -0.000623 348.0
0.000721 -0.000623 349.0
0.000720 -0.000623 350.0
0.000720 -0.000623 351.0
0.000720 -0.000623 352.0
0.000719 -0.000624 353.0
0.000719 -0.000624 354.0
0.000718 -0.000624 355.0
0.000718 -0.000624 356.0
0.000717 -0.000624 357.0
0.000717 -0.000624 358.0
0.000716 -0.000624 359.0
0.000716 -0.000625 360.0
0.000715 -0.000625 361.0
0.000715 -0.000625 362.0
0.000714 -0.000625 363.0
0.000714 -0.000625 364.0
0.000713 -0.000625 365.0
0.000713 -0.000625 366.0
0.000712 -0.000625 367.0
0.000712 -0.000626 368.0
0.000711 -0.000626 369.0
0.000711 -0.000626 370.0
0.000710 -0.000626 371.0
0.000710 -0.000626 372.0
0.000709 -0.000626 373.0
0.000709 -0.000626 374.0
0.000708 -0.000627 375.0
0.000708 -0.000627 376.0
0.000707 -0.000627 377.0
0.000707 -0.000627 378.0
0.000706 -0.000627 379.0
0.000706 -0.000627 380.0
0.000705 -0.000627 381.0
0.000705 -0.000628 382.0
0.000704 -0.000628 383.0
0.000704 -0.000628 384.0
0.000703 -0.000628 385.0
0.000702 -0.000628 386.0
0.000702 -0.000628 387.0
0.000701 -0.000628 388.0
0.000701 -0.000628 389.0
0.000700 -0.000629 390.0
0.000700 -0.000629 391.0
0.000699 -0.000629 392.0
0.000699 -0.000629 393.0
0.000698 -0.000629 394.0
0.000698 -0.000629 395.0
0.000697 -0.000629 396.0
0.000697 -0.000630 397.0
0.000696 -0.000630 398.0
0.000696 -0.000630 399.0
0.000695 -0.000630 400.0
0.000695 -0.000630 401.0
0.000694 -0.000630 402.0
0.000694 -0.000630 403.0
0.000693 -0.000630 404.0
0.000693 -0.000631 405.0
0.000692 -0.000631 406.0
0.000692 -0.000631 407.0
0.000691 -0.000631 408.0
0.000691 -0.000631 409.0
0.000690 -0.000631 410.0
0.000690 -0.000631 411.0
0.000689 -0.000632 412.0
0.000689 -0.000632 413.0
0.000688 -0.000632 414.0
0.000688 -0.000630 415.0
0.000688 -0.000630 416.0
0.000688 -0.000629 417.0
0.000688 -0.000628 418.0
0.000688 -0.000628 419.0
0.000688 -0.000627 420.0
0.000688 -0.000627 421.0
0.000688 -0.000626 422.0
0.000688 -0.000626 423.0
0.000688 -0.000625 424.0
0.000688 -0.000624 425.0
0.000688 -0.000624 426.0
0.000688 -0.000623 427.0
0.000688 -0.000623 428.0
0.000688 -0.000622 429.0
0.000688 -0.000622 430.0
0.000688 -0.000621 431.0
0.000688 -0.000621 432.0
0.000687 -0.000620 433.0
0.000687 -0.000619 434.0
0.000687 -0.000619 435.0
0.000687 -0.000618 436.0
0.000687 -0.000618 437.0
0.000687 -0.000617 438.0
0.000687 -0.000617 439.0
0.000687 -0.000616 440.0
0.000687 -0.000615 441.0
0.000687 -0.000615 442.0
0.000687 -0.000614 443.0
0.000687 -0.000614 444.0
0.000687 -0.000613 445.0
0.000687 -0.000613 446.0
0.000687 -0.000612 447.0
0.000687 -0.000611 448.0
0.000687 -0.000611 449.0
0.000687 -0.000610 450.0
0.000687 -0.000610 451.0
0.000687 -0.000609 452.0
0.000687 -0.000609 453.0
0.000687 -0.000608 454.0
0.000687 -0.000607 455.0
0.000687 -0.000607 456.0
0.000687 -0.000606 457.0
0.000687 -0.000606 458.0
0.000687 -0.000605 459.0
0.000687 -0.000605 460.0
0.000687 -0.000604 461.0
0.000687 -0.000604 462.0
0.000687 -0.000603 463.0
0.000687 -0.000602 464.0
0.000687 -0.000602 465.0
0.000687 -0.000601 466.0
0.000687 -0.000601 467.0
0.000687 -0.000600 468.0
0.000687 -0.000600 469.0
0.000687 -0.000599 470.0
0.000687 -0.000598 471.0
0.000687 -0.000598 472.0
0.000687 -0.000597 473.0
0.000687 -0.000597 474.0
0.000686 -0.000597 475.0
0.000686 -0.000596 476.0
0.000686 -0.000595 477.0
0.000686 -0.000594 478.0
0.000687 -0.000594 479.0
0.000687 -0.000593 480.0
0.000687 -0.000592 481.0
0.000687 -0.000591 482.0
0.000687 -0.000591 483.0
0.000687 -0.000590 484.0
0.000687 -0.000589 485.0
0.000687 -0.000588 486.0
0.000687 -0.000588 487.0
0.000687 -0.000587 488.0
0.000687 -0.000586 489.0
0.000687 -0.000585 490.0
0.000687 -0.000585 491.0
0.000688 -0.000584 492.0
0.000688 -0.000583 493.0
0.000688 -0.000582 494.0
0.000688 -0.000582 495.0
0.000688 -0.000581 496.0
0.000688 -0.000580 497.0
0.000688 -0.000579 498.0
0.000688 -0.000579 499.0
0.000688 -0.000578 500.0
0.000688 -0.000577 501.0
0.000688 -0.000576 502.0
0.000688 -0.000576 503.0
0.000688 -0.000575 504.0
0.000689 -0.000574 505.0
0.000689 -0.000573 506.0
0.000689 -0.000573 507.0
0.000689 -0.000572 508.0
0.000689 -0.000571 509.0
0.000689 -0.000570 510.0
0.000689 -0.000570 511.0
0.000689 -0.000569 512.0
0.000689 -0.000568 513.0
0.000689 -0.000567 514.0
0.000689 -0.000567 515.0
0.000689 -0.000566 516.0
0.000689 -0.000565 517.0
0.000690 -0.000564 518.0
0.000690 -0.000564 519.0
0.000690 -0.000563 520.0
0.000690 -0.000562 521.0
0.000690 -0.000561 522.0
0.000690 -0.000561 523.0
0.000690 -0.000560 524.0
0.000690 -0.000559 525.0
0.000690 -0.000558 526.0
0.000690 -0.000558 527.0
0.000690 -0.000557 528.0
0.000690 -0.000556 529.0
0.000690 -0.000555 530.0
0.000691 -0.000555 531.0
0.000691 -0.000554 532.0
0.000691 -0.000553 533.0
0.000691 -0.000552 534.0
0.000692 -0.000552 535.0
0.000692 -0.000552 536.0
0.000692 -0.000552 537.0
0.000692 -0.000552 538.0
0.000692 -0.000552 539.0
0.000692 -0.000552 540.0
0.000692 -0.000552 541.0
0.000692 -0.000552 542.0
0.000692 -0.000552 543.0
0.000692 -0.000552 544.0
0.000692 -0.000552 545.0
0.000692 -0.000552 546.0
0.000692 -0.000552 547.0
0.000692 -0.000552 548.0
0.000692 -0.000552 549.0
0.000692 -0.000552 550.0
0.000692 -0.000552 551.0
0.000692 -0.000552 552.0
0.000692 -0.000552 553.0
0.000692 -0.000552 554.0
0.000692 -0.000552 555.0
0.000692 -0.000552 556.0
0.000692 -0.000552 557.0
0.000692 -0.000551 558.0
0.000692 -0.000551 559.0
0.000692 -0.000551 560.0
0.000692 -0.000551 561.0
0.000692 -0.000551 562.0
0.000692 -0.000551 563.0
0.000692 -0.000551 564.0
0.000692 -0.000551 565.0
0.000692 -0.000551 566.0
0.000692 -0.000551 567.0
0.000692 -0.000551 568.0
0.000692 -0.000551 569.0
0.000692 -0.000551 570.0
0.000692 -0.000551 571.0
0.000692 -0.000551 572.0
0.000692 -0.000551 573.0
0.000692 -0.000551 574.0
0.000692 -0.000551 575.0
0.000692 -0.000551 576.0
0.000692 -0.000551 577.0
0.000692 -0.000551 578.0
0.000692 -0.000551 579.0
0.000692 -0.000551 580.0
0.000692 -0.000551 581.0
0.000692 -0.000550 582.0
0.000692 -0.000550 583.0
0.000692 -0.000550 584.0
0.000692 -0.000550 585.0
0.000692 -0.000550 586.0
0.000692 -0.000550 587.0
0.000692 -0.000550 588.0
0.000692 -0.000550 589.0
0.000692 -0.000550 590.0
0.000692 -0.000550 591.0
0.000692 -0.000550 592.0
0.000692 -0.000550 593.0
0.000692 -0.000550 594.0
0.000692 -0.000550 595.0
0.000691 -0.000550 596.0
0.000691 -0.000550 597.0
0.000691 -0.000550 598.0
0.000691 -0.000550 599.0
0.000691 -0.000550 600.0
0.000691 -0.000550 601.0
0.000691 -0.000550 602.0
0.000691 -0.000550 603.0
0.000691 -0.000550 604.0
0.000691 -0.000550 605.0
0.000692 -0.000550 606.0
0.000692 -0.000550 607.0
0.000692 -0.000550 608.0
0.000692 -0.000550 609.0
0.000692 -0.000550 610.0
0.000692 -0.000550 611.0
0.000692 -0.000550 612.0
0.000692 -0.000550 613.0
0.000692 -0.000550 614.0
0.000692 -0.000550 615.0
0.000692 -0.000550 616.0
0.000692 -0.000550 617.0
0.000692 -0.000550 618.0
0.000692 -0.000550 619.0
0.000692 -0.000550 620.0
0.000692 -0.000550 621.0
0.000692 -0.000550 622.0
0.000692 -0.000550 623.0
0.000692 -0.000550 624.0
0.000692 -0.000550 625.0
0.000692 -0.000550 626.0
0.000692 -0.000550 627.0
0.000692 -0.000550 628.0
0.000692 -0.000550 629.0
0.000692 -0.000550 630.0
0.000692 -0.000550 631.0
0.000692 -0.000550 632.0
0.000692 -0.000550 633.0
0.000692 -0.000550 634.0
0.000692 -0.000550 635.0
0.000692 -0.000550 636.0
0.000692 -0.000550 637.0
0.000692 -0.000550 638.0
0.000692 -0.000550 639.0
0.000692 -0.000550 640.0
0.000692 -0.000550 641.0
0.000692 -0.000550 642.0
0.000692 -0.000550 643.0
0.000692 -0.000550 644.0
0.000692 -0.000550 645.0
0.000692 -0.000550 646.0
0.000692 -0.000550 647.0
0.000692 -0.000550 648.0
0.000692 -0.000550 649.0
0.000692 -0.000550 650.0
0.000692 -0.000550 651.0
0.000692 -0.000550 652.0
0.000692 -0.000550 653.0
0.000692 -0.000550 654.0
0.000692 -0.000550 655.0
0.000692 -0.000550 656.0
0.000692 -0.000550 657.0
0.000692 -0.000550 658.0
0.000692 -0.000550 659.0
0.000692 -0.000550 660.0
0.000693 -0.000550 661.0
0.000693 -0.000550 662.0
0.000693 -0.000550 663.0
0.000693 -0.000550 664.0
0.000693 -0.000550 665.0
0.000693 -0.000550 666.0
0.000693 -0.000550 667.0
0.000693 -0.000550 668.0
0.000693 -0.000550 669.0
0.000693 -0.000550 670.0
0.000693 -0.000550 671.0
0.000693 -0.000550 672.0
0.000693 -0.000550 673.0
0.000693 -0.000550 674.0
0.000693 -0.000550 675.0
0.000693 -0.000550 676.0
0.000693 -0.000550 677.0
0.000693 -0.000550 678.0
0.000693 -0.000550 679.0
0.000693 -0.000550 680.0
0.000693 -0.000550 681.0
0.000693 -0.000550 682.0
0.000693 -0.000550 683.0
0.000693 -0.000550 684.0
0.000693 -0.000550 685.0
0.000693 -0.000550 686.0
0.000693 -0.000550 687.0
0.000693 -0.000550 688.0
0.000693 -0.000550 689.0
0.000693 -0.000550 690.0
0.000693 -0.000550 691.0
0.000693 -0.000550 692.0
0.000693 -0.000550 693.0
0.000693 -0.000550 694.0
0.000693 -0.000550 695.0
0.000693 -0.000550 696.0
0.000693 -0.000550 697.0
0.000693 -0.000550 698.0
0.000693 -0.000550 699.0
0.000693 -0.000550 700.0
0.000693 -0.000550 701.0
0.000693 -0.000550 702.0
0.000693 -0.000550 703.0
0.000693 -0.000550 704.0
0.000693 -0.000550 705.0
0.000693 -0.000550 706.0
0.000693 -0.000550 707.0
0.000693 -0.000550 708.0
0.000693 -0.000550 709.0
0.000693 -0.000550 710.0
0.000693 -0.000550 711.0
0.000693 -0.000550 712.0
0.000693 -0.000550 713.0
0.000693 -0.000550 714.0
0.000693 -0.000550 715.0
0.000693 -0.000550 716.0
0.000693 -0.000550 717.0
0.000693 -0.000550 718.0
0.000693 -0.000550 719.0
0.000693 -0.000550 720.0
0.000693 -0.000550 721.0
0.000693 -0.000550 722.0
0.000693 -0.000550 723.0
0.000693 -0.000550 724.0
0.000693 -0.000550 725.0
0.000693 -0.000550 726.0
0.000693 -0.000550 727.0
0.000693 -0.000550 728.0
0.000693 -0.000550 729.0
0.000693 -0.000550 730.0
0.000693 -0.000550 731.0
0.000693 -0.000550 732.0
0.000693 -0.000550 733.0
0.000693 -0.000550 734.0
0.000693 -0.000550 735.0
0.000693 -0.000550 736.0
0.000693 -0.000550 737.0
0.000693 -0.000550 738.0
0.000693 -0.000550 739.0
0.000693 -0.000550 740.0
0.000693 -0.000550 741.0
0.000693 -0.000550 742.0
0.000693 -0.000550 743.0
0.000694 -0.000550 744.0
0.000694 -0.000550 745.0
0.000694 -0.000550 746.0
0.000694 -0.000550 747.0
0.000694 -0.000550 748.0
0.000694 -0.000550 749.0
0.000694 -0.000550 750.0
0.000694 -0.000550 751.0
0.000694 -0.000550 752.0
0.000694 -0.000550 753.0
0.000694 -0.000550 754.0
0.000694 -0.000550 755.0
0.000694 -0.000550 756.0
0.000694 -0.000550 757.0
0.000694 -0.000550 758.0
0.000694 -0.000550 759.0
0.000694 -0.000550 760.0
0.000694 -0.000550 761.0
0.000694 -0.000550 762.0
0.000694 -0.000550 763.0
0.000694 -0.000550 764.0
0.000694 -0.000550 765.0
0.000694 -0.000550 766.0
0.000694 -0.000550 767.0
0.000694 -0.000550 768.0
0.000694 -0.000550 769.0
0.000694 -0.000550 770.0
0.000694 -0.000550 771.0
0.000694 -0.000550 772.0
0.000694 -0.000550 773.0
0.000694 -0.000550 774.0
0.000694 -0.000550 775.0
0.000694 -0.000550 776.0
0.000694 -0.000550 777.0
0.000694 -0.000550 778.0
0.000694 -0.000550 779.0
0.000694 -0.000550 780.0
0.000694 -0.000550 781.0
0.000694 -0.000550 782.0
0.000694 -0.000550 783.0
0.000694 -0.000550 784.0
0.000694 -0.000550 785.0
0.000694 -0.000550 786.0
0.000694 -0.000550 787.0
0.000693 -0.000550 788.0
0.000693 -0.000550 789.0
0.000693 -0.000550 790.0
0.000693 -0.000550 791.0
0.000693 -0.000550 792.0
0.000693 -0.000550 793.0
0.000693 -0.000550 794.0
0.000693 -0.000550 795.0
0.000693 -0.000550 796.0
0.000693 -0.000550 797.0
0.000693 -0.000550 798.0
0.000693 -0.000550 799.0
0.000693 -0.000550 800.0
0.000693 -0.000550 801.0
0.000693 -0.000550 802.0
0.000693 -0.000550 803.0
0.000693 -0.000550 804.0
0.000693 -0.000550 805.0
0.000693 -0.000550 806.0
0.000693 -0.000550 807.0
0.000693 -0.000550 808.0
0.000693 -0.000550 809.0
0.000693 -0.000550 810.0
0.000693 -0.000550 811.0
0.000693 -0.000550 812.0
0.000693 -0.000550 813.0
0.000693 -0.000550 814.0
0.000693 -0.000550 815.0
0.000693 -0.000550 816.0
0.000693 -0.000550 817.0
0.000693 -0.000550 818.0
0.000693 -0.000550 819.0
0.000693 -0.000550 820.0
0.000693 -0.000550 821.0
0.000693 -0.000550 822.0
0.000693 -0.000550 823.0
0.000693 -0.000550 824.0
0.000693 -0.000550 825.0
0.000693 -0.000550 826.0
0.000693 -0.000550 827.0
0.000693 -0.000550 828.0
0.000693 -0.000550 829.0
0.000693 -0.000550 830.0
0.000693 -0.000550 831.0
0.000693 -0.000550 832.0
0.000693 -0.000550 833.0
0.000693 -0.000550 834.0
0.000693 -0.000550 835.0
0.000693 -0.000550 836.0
0.000693 -0.000550 837.0
0.000693 -0.000550 838.0
0.000693 -0.000550 839.0
0.000693 -0.000550 840.0
0.000693 -0.000550 841.0
0.000693 -0.000550 842.0
0.000693 -0.000550 843.0
0.000693 -0.000550 844.0
0.000693 -0.000550 845.0
0.000693 -0.000550 846.0
0.000693 -0.000550 847.0
0.000693 -0.000550 848.0
0.000693 -0.000550 849.0
0.000693 -0.000550 850.0
0.000693 -0.000550 851.0
0.000693 -0.000550 852.0
0.000693 -0.000550 853.0
0.000693 -0.000550 854.0
0.000693 -0.000550 855.0
0.000693 -0.000550 856.0
0.000693 -0.000550 857.0
0.000693 -0.000550 858.0
0.000693 -0.000550 859.0
0.000693 -0.000550 860.0
0.000693 -0.000550 861.0
0.000693 -0.000550 862.0
0.000693 -0.000550 863.0
0.000693 -0.000550 864.0
0.000693 -0.000550 865.0
0.000693 -0.000550 866.0
0.000693 -0.000550 867.0
0.000693 -0.000550 868.0
0.000693 -0.000550 869.0
0.000693 -0.000550 870.0
0.000693 -0.000550 871.0
0.000693 -0.000550 872.0
0.000693 -0.000550 873.0
0.000693 -0.000550 874.0
0.000693 -0.000550 875.0
0.000693 -0.000550 876.0
0.000693 -0.000550 877.0
0.000693 -0.000550 878.0
0.000693 -0.000550 879.0
0.000693 -0.000550 880.0
0.000693 -0.000550 881.0
0.000693 -0.000550 882.0
0.000693 -0.000550 883.0
0.000693 -0.000550 884.0
0.000693 -0.000550 885.0
0.000693 -0.000550 886.0
0.000693 -0.000550 887.0
0.000693 -0.000550 888.0
0.000693 -0.000550 889.0
0.000693 -0.000550 890.0
0.000693 -0.000550 891.0
0.000693 -0.000550 892.0
0.000693 -0.000550 893.0
0.000693 -0.000550 894.0
0.000693 -0.000550 895.0
0.000693 -0.000550 896.0
0.000693 -0.000550 897.0
0.000693 -0.000550 898.0
0.000693 -0.000550 899.0
0.000693 -0.000550 900.0
0.000693 -0.000550 901.0
0.000693 -0.000550 902.0
0.000693 -0.000550 903.0
0.000693 -0.000550 904.0
0.000693 -0.000550 905.0
0.000693 -0.000550 906.0
0.000693 -0.000550 907.0
0.000693 -0.000550 908.0
0.000693 -0.000550 909.0
0.000693 -0.000550 910.0
0.000693 -0.000550 911.0
0.000693 -0.000550 912.0
0.000693 -0.000550 913.0
0.000693 -0.000550 914.0
0.000693 -0.000550 915.0
0.000693 -0.000550 916.0
0.000693 -0.000550 917.0
0.000693 -0.000550 918.0
0.000693 -0.000550 919.0
0.000693 -0.000550 920.0
0.000693 -0.000550 921.0
0.000693 -0.000550 922.0
0.000693 -0.000550 923.0
0.000693 -0.000550 924.0
0.000693 -0.000550 925.0
0.000693 -0.000550 926.0
0.000693 -0.000550 927.0
0.000693 -0.000550 928.0
0.000693 -0.000550 929.0
0.000693 -0.000550 930.0
0.000693 -0.000550 931.0
0.000693 -0.000550 932.0
0.000693 -0.000550 933.0
0.000693 -0.000550 934.0
0.000693 -0.000550 935.0
0.000693 -0.000550 936.0
0.000693 -0.000550 937.0
0.000693 -0.000550 938.0
0.000693 -0.000550 939.0
0.000693 -0.000550 940.0
0.000693 -0.000550 941.0
0.000693 -0.000550 942.0
0.000693 -0.000550 943.0
0.000693 -0.000550 944.0
0.000693 -0.000550 945.0
0.000693 -0.000550 946.0
0.000693 -0.000550 947.0
0.000693 -0.000550 948.0
0.000693 -0.000550 949.0
0.000693 -0.000550 950.0
0.000693 -0.000550 951.0
0.000693 -0.000550 952.0
0.000693 -0.000550 953.0
0.000693 -0.000549 954.0
0.000693 -0.000549 955.0
0.000692 -0.000549 956.0
0.000692 -0.000549 957.0
0.000692 -0.000549 958.0
0.000692 -0.000549 959.0
0.000692 -0.000548 960.0
0.000692 -0.000548 961.0
0.000692 -0.000548 962.0
0.000692 -0.000548 963.0
0.000692 -0.000548 964.0
0.000692 -0.000547 965.0
0.000692 -0.000547 966.0
0.000692 -0.000547 967.0
0.000692 -0.000547 968.0
0.000692 -0.000547 969.0
0.000692 -0.000547 970.0
0.000692 -0.000546 971.0
0.000692 -0.000546 972.0
0.000692 -0.000546 973.0
0.000692 -0.000546 974.0
0.000692 -0.000546 975.0
0.000692 -0.000545 976.0
0.000691 -0.000545 977.0
0.000691 -0.000545 978.0
0.000691 -0.000545 979.0
0.000691 -0.000545 980.0
0.000691 -0.000544 981.0
0.000691 -0.000544 982.0
0.000691 -0.000544 983.0
0.000691 -0.000544 984.0
0.000691 -0.000544 985.0
0.000691 -0.000544 986.0
0.000691 -0.000543 987.0
0.000691 -0.000543 988.0
0.000691 -0.000543 989.0
0.000691 -0.000543 990.0
0.000691 -0.000543 991.0
0.000691 -0.000542 992.0
0.000691 -0.000542 993.0
0.000691 -0.000542 994.0
0.000691 -0.000542 995.0
0.000691 -0.000542 996.0
0.000690 -0.000542 997.0
0.000690 -0.000541 998.0
0.000690 -0.000541 999.0
0.000690 -0.000541 1000.0
0.000690 -0.000541 1001.0
0.000690 -0.000541 1002.0
0.000690 -0.000540 1003.0
0.000690 -0.000540 1004.0
0.000690 -0.000540 1005.0
0.000690 -0.000540 1006.0
0.000690 -0.000540 1007.0
0.000690 -0.000540 1008.0
0.000690 -0.000539 1009.0
0.000689 -0.000540 1010.0
0.000689 -0.000540 1011.0
0.000689 -0.000539 1012.0
0.000689 -0.000539 1013.0
0.000689 -0.000539 1014.0
0.000689 -0.000539 1015.0
0.000689 -0.000539 1016.0
0.000688 -0.000539 1017.0
0.000688 -0.000539 1018.0
0.000688 -0.000539 1019.0
0.000688 -0.000539 1020.0
0.000688 -0.000539 1021.0
0.000688 -0.000539 1022.0
0.000688 -0.000539 1023.0
0.000688 -0.000538 1024.0
0.000687 -0.000538 1025.0
0.000687 -0.000538 1026.0
0.000687 -0.000538 1027.0
0.000687 -0.000538 1028.0
0.000687 -0.000538 1029.0
0.000687 -0.000538 1030.0
0.000687 -0.000538 1031.0
0.000687 -0.000538 1032.0
0.000686 -0.000538 1033.0
0.000686 -0.000538 1034.0
0.000686 -0.000537 1035.0
0.000686 -0.000537 1036.0
0.000686 -0.000537 1037.0
0.000686 -0.000537 1038.0
0.000686 -0.000537 1039.0
0.000686 -0.000537 1040.0
0.000686 -0.000537 1041.0
0.000685 -0.000537 1042.0
0.000685 -0.000537 1043.0
0.000685 -0.000537 1044.0
0.000685 -0.000537 1045.0
0.000685 -0.000536 1046.0
0.000685 -0.000536 1047.0
0.000685 -0.000536 1048.0
0.000685 -0.000536 1049.0
0.000684 -0.000536 1050.0
0.000684 -0.000536 1051.0
0.000684 -0.000536 1052.0
0.000684 -0.000536 1053.0
0.000684 -0.000536 1054.0
0.000684 -0.000536 1055.0
0.000684 -0.000536 1056.0
0.000684 -0.000535 1057.0
0.000683 -0.000535 1058.0
0.000683 -0.000535 1059.0
0.000683 -0.000535 1060.0
0.000683 -0.000535 1061.0
0.000683 -0.000535 1062.0
0.000683 -0.000535 1063.0
0.000683 -0.000535 1064.0
0.000683 -0.000535 1065.0
0.000682 -0.000535 1066.0
0.000682 -0.000535 1067.0
0.000682 -0.000534 1068.0
0.000682 -0.000534 1069.0
0.000682 -0.000534 1070.0
0.000682 -0.000535 1071.0
0.000682 -0.000535 1072.0
0.000682 -0.000535 1073.0
0.000682 -0.000535 1074.0
0.000681 -0.000535 1075.0
0.000681 -0.000535 1076.0
0.000681 -0.000535 1077.0
0.000681 -0.000535 1078.0
0.000681 -0.000535 1079.0
0.000681 -0.000535 1080.0
0.000681 -0.000534 1081.0
0.000681 -0.000534 1082.0
0.000681 -0.000534 1083.0
0.000681 -0.000534 1084.0
0.000681 -0.000534 1085.0
0.000681 -0.000534 1086.0
0.000681 -0.000534 1087.0
0.000681 -0.000534 1088.0
0.000681 -0.000534 1089.0
0.000681 -0.000534 1090.0
0.000681 -0.000534 1091.0
0.000681 -0.000534 1092.0
0.000681 -0.000534 1093.0
0.000681 -0.000534 1094.0
0.000681 -0.000533 1095.0
0.000681 -0.000533 1096.0
0.000681 -0.000533 1097.0
0.000681 -0.000533 1098.0
0.000681 -0.000533 1099.0
0.000681 -0.000533 1100.0
0.000681 -0.000533 1101.0
0.000681 -0.000533 1102.0
0.000681 -0.000533 1103.0
0.000681 -0.000533 1104.0
0.000681 -0.000533 1105.0
0.000681 -0.000533 1106.0
0.000681 -0.000533 1107.0
0.000681 -0.000533 1108.0
0.000681 -0.000532 1109.0
0.000681 -0.000532 1110.0
0.000681 -0.000532 1111.0
0.000681 -0.000532 1112.0
0.000681 -0.000532 1113.0
0.000680 -0.000532 1114.0
0.000680 -0.000532 1115.0
0.000680 -0.000532 1116.0
0.000680 -0.000532 1117.0
0.000680 -0.000532 1118.0
0.000680 -0.000532 1119.0
0.000680 -0.000532 1120.0
0.000680 -0.000532 1121.0
0.000680 -0.000532 1122.0
0.000680 -0.000532 1123.0
0.000680 -0.000531 1124.0
0.000680 -0.000531 1125.0
0.000680 -0.000531 1126.0
0.000680 -0.000531 1127.0
0.000680 -0.000531 1128.0
0.000680 -0.000531 1129.0
0.000680 -0.000531 1130.0
0.000680 -0.000531 1131.0
0.000680 -0.000531 1132.0
0.000680 -0.000531 1133.0
0.000680 -0.000531 1134.0
0.000680 -0.000531 1135.0
0.000680 -0.000531 1136.0
0.000680 -0.000531 1137.0
0.000680 -0.000531 1138.0
0.000680 -0.000531 1139.0
0.000680 -0.000531 1140.0
0.000680 -0.000531 1141.0
0.000679 -0.000531 1142.0
0.000679 -0.000531 1143.0
0.000679 -0.000530 1144.0
0.000679 -0.000530 1145.0
0.000679 -0.000530 1146.0
0.000679 -0.000530 1147.0
0.000679 -0.000530 1148.0
0.000679 -0.000530 1149.0
0.000679 -0.000530 1150.0
0.000679 -0.000530 1151.0
0.000679 -0.000530 1152.0
0.000679 -0.000530 1153.0
0.000679 -0.000530 1154.0
0.000679 -0.000530 1155.0
0.000679 -0.000530 1156.0
0.000679 -0.000530 1157.0
0.000679 -0.000530 1158.0
0.000679 -0.000530 1159.0
0.000679 -0.000530 1160.0
0.000679 -0.000530 1161.0
0.000679 -0.000530 1162.0
0.000679 -0.000530 1163.0
0.000679 -0.000530 1164.0
0.000679 -0.000529 1165.0
0.000679 -0.000529 1166.0
0.000679 -0.000529 1167.0
0.000679 -0.000529 1168.0
0.000679 -0.000529 1169.0
0.000679 -0.000529 1170.0
0.000679 -0.000529 1171.0
0.000679 -0.000529 1172.0
0.000679 -0.000529 1173.0
0.000679 -0.000529 1174.0
0.000679 -0.000529 1175.0
0.000679 -0.000529 1176.0
0.000679 -0.000529 1177.0
0.000679 -0.000529 1178.0
0.000679 -0.000529 1179.0
0.000679 -0.000529 1180.0
0.000679 -0.000529 1181.0
0.000679 -0.000529 1182.0
0.000679 -0.000529 1183.0
0.000679 -0.000529 1184.0
0.000679 -0.000528 1185.0
0.000679 -0.000528 1186.0
0.000679 -0.000528 1187.0
0.000679 -0.000528 1188.0
0.000679 -0.000528 1189.0
0.000679 -0.000528 1190.0
0.000678 -0.000528 1191.0
0.000678 -0.000528 1192.0
0.000678 -0.000528 1193.0
0.000678 -0.000528 1194.0
0.000678 -0.000528 1195.0
0.000678 -0.000528 1196.0
0.000678 -0.000528 1197.0
0.000678 -0.000528 1198.0
0.000678 -0.000528 1199.0
0.000678 -0.000528 1200.0
0.000678 -0.000528 1201.0
0.000678 -0.000528 1202.0
0.000678 -0.000528 1203.0
0.000678 -0.000528 1204.0
0.000678 -0.000528 1205.0
0.000678 -0.000528 1206.0
0.000678 -0.000528 1207.0
0.000678 -0.000528 1208.0
0.000678 -0.000528 1209.0
0.000678 -0.000528 1210.0
0.000678 -0.000528 1211.0
0.000678 -0.000528 1212.0
0.000678 -0.000528 1213.0
0.000678 -0.000528 1214.0
0.000678 -0.000528 1215.0
0.000678 -0.000528 1216.0
0.000678 -0.000528 1217.0
0.000678 -0.000528 1218.0
0.000678 -0.000528 1219.0
0.000678 -0.000528 1220.0
0.000678 -0.000528 1221.0
0.000678 -0.000528 1222.0
0.000678 -0.000528 1223.0
0.000678 -0.000528 1224.0
0.000678 -0.000528 1225.0
0.000678 -0.000528 1226.0
0.000678 -0.000528 1227.0
0.000678 -0.000528 1228.0
0.000678 -0.000528 1229.0
0.000678 -0.000528 1230.0
0.000678 -0.000528 1231.0
0.000678 -0.000528 1232.0
0.000678 -0.000528 1233.0
0.000678 -0.000528 1234.0
0.000678 -0.000528 1235.0
0.000678 -0.000528 1236.0
0.000678 -0.000528 1237.0
0.000678 -0.000528 1238.0
0.000678 -0.000528 1239.0
0.000678 -0.000528 1240.0
0.000678 -0.000528 1241.0
0.000678 -0.000528 1242.0
0.000678 -0.000528 1243.0
0.000678 -0.000528 1244.0
0.000678 -0.000528 1245.0
0.000678 -0.000528 1246.0
0.000678 -0.000528 1247.0
0.000678 -0.000528 1248.0
0.000678 -0.000528 1249.0
0.000678 -0.000528 1250.0
0.000678 -0.000528 1251.0
0.000678 -0.000528 1252.0
0.000678 -0.000528 1253.0
0.000678 -0.000528 1254.0
0.000678 -0.000528 1255.0
0.000678 -0.000528 1256.0
0.000678 -0.000528 1257.0
0.000678 -0.000528 1258.0
0.000678 -0.000528 1259.0
0.000678 -0.000528 1260.0
0.000678 -0.000529 1261.0
0.000678 -0.000529 1262.0
0.000678 -0.000529 1263.0
0.000678 -0.000529 1264.0
0.000678 -0.000529 1265.0
0.000678 -0.000529 1266.0
0.000678 -0.000529 1267.0
0.000678 -0.000529 1268.0
0.000678 -0.000529 1269.0
0.000678 -0.000529 1270.0
0.000678 -0.000529 1271.0
0.000678 -0.000529 1272.0
0.000678 -0.000529 1273.0
0.000678 -0.000529 1274.0
0.000678 -0.000529 1275.0
0.000678 -0.000529 1276.0
0.000679 -0.000529 1277.0
0.000679 -0.000529 1278.0
0.000679 -0.000529 1279.0
0.000679 -0.000529 1280.0
0.000679 -0.000529 1281.0
0.000679 -0.000529 1282.0
0.000679 -0.000529 1283.0
0.000679 -0.000529 1284.0
0.000679 -0.000529 1285.0
0.000679 -0.000529 1286.0
0.000679 -0.000529 1287.0
0.000679 -0.000529 1288.0
0.000679 -0.000529 1289.0
0.000679 -0.000529 1290.0
0.000679 -0.000529 1291.0
0.000679 -0.000529 1292.0
0.000679 -0.000529 1293.0
0.000679 -0.000529 1294.0
0.000679 -0.000529 1295.0
0.000679 -0.000529 1296.0
0.000679 -0.000529 1297.0
0.000679 -0.000529 1298.0
0.000679 -0.000529 1299.0
0.000679 -0.000529 1300.0
0.000679 -0.000529 1301.0
0.000679 -0.000529 1302.0
0.000679 -0.000529 1303.0
0.000679 -0.000529 1304.0
0.000679 -0.000529 1305.0
0.000679 -0.000529 1306.0
0.000679 -0.000529 1307.0
0.000679 -0.000529 1308.0
0.000679 -0.000529 1309.0
0.000679 -0.000529 1310.0
0.000679 -0.000529 1311.0
0.000679 -0.000530 1312.0
0.000679 -0.000530 1313.0
0.000679 -0.000530 1314.0
0.000679 -0.000530 1315.0
0.000679 -0.000530 1316.0
0.000679 -0.000530 1317.0
0.000679 -0.000530 1318.0
0.000679 -0.000530 1319.0
0.000679 -0.000530 1320.0
0.000679 -0.000530 1321.0
0.000679 -0.000530 1322.0
0.000679 -0.000530 1323.0
0.000679 -0.000530 1324.0
0.000679 -0.000530 1325.0
0.000679 -0.000530 1326.0
0.000679 -0.000530 1327.0
0.000679 -0.000530 1328.0
0.000679 -0.000530 1329.0
0.000679 -0.000530 1330.0
0.000679 -0.000530 1331.0
0.000679 -0.000530 1332.0
0.000679 -0.000530 1333.0
0.000679 -0.000530 1334.0
0.000679 -0.000530 1335.0
0.000679 -0.000530 1336.0
0.000679 -0.000530 1337.0
0.000679 -0.000530 1338.0
0.000679 -0.000530 1339.0
0.000679 -0.000530 1340.0
0.000679 -0.000530 1341.0
0.000678 -0.000530 1342.0
0.000678 -0.000530 1343.0
0.000678 -0.000530 1344.0
0.000678 -0.000530 1345.0
0.000678 -0.000530 1346.0
0.000678 -0.000530 1347.0
0.000678 -0.000530 1348.0
0.000678 -0.000530 1349.0
0.000678 -0.000530 1350.0
0.000678 -0.000530 1351.0
0.000678 -0.000530 1352.0
0.000678 -0.000530 1353.0
0.000678 -0.000530 1354.0
0.000678 -0.000530 1355.0
0.000678 -0.000530 1356.0
0.000678 -0.000530 1357.0
0.000678 -0.000530 1358.0
0.000678 -0.000530 1359.0
0.000678 -0.000530 1360.0
0.000678 -0.000530 1361.0
0.000678 -0.000530 1362.0
0.000678 -0.000530 1363.0
0.000678 -0.000530 1364.0
0.000678 -0.000530 1365.0
0.000678 -0.000530 1366.0
0.000678 -0.000530 1367.0
0.000678 -0.000530 1368.0
0.000677 -0.000530 1369.0
0.000677 -0.000530 1370.0
0.000677 -0.000530 1371.0
0.000677 -0.000530 1372.0
0.000677 -0.000530 1373.0
0.000677 -0.000530 1374.0
0.000677 -0.000530 1375.0
0.000677 -0.000530 1376.0
0.000677 -0.000530 1377.0
0.000677 -0.000530 1378.0
0.000677 -0.000530 1379.0
0.000677 -0.000530 1380.0
0.000677 -0.000530 1381.0
0.000677 -0.000530 1382.0
0.000677 -0.000530 1383.0
0.000677 -0.000530 1384.0
0.000677 -0.000530 1385.0
0.000677 -0.000530 1386.0
0.000677 -0.000530 1387.0
0.000677 -0.000530 1388.0
0.000677 -0.000530 1389.0
0.000677 -0.000530 1390.0
0.000678 -0.000530 1391.0
0.000678 -0.000530 1392.0
0.000678 -0.000530 1393.0
0.000678 -0.000529 1394.0
0.000678 -0.000529 1395.0
0.000679 -0.000529 1396.0
0.000679 -0.000529 1397.0
0.000679 -0.000529 1398.0
0.000679 -0.000529 1399.0
0.000679 -0.000529 1400.0
0.000679 -0.000529 1401.0
0.000680 -0.000529 1402.0
0.000680 -0.000529 1403.0
0.000680 -0.000529 1404.0
0.000680 -0.000529 1405.0
0.000680 -0.000529 1406.0
0.000681 -0.000528 1407.0
0.000681 -0.000528 1408.0
0.000681 -0.000528 1409.0
0.000681 -0.000528 1410.0
0.000681 -0.000528 1411.0
0.000681 -0.000528 1412.0
0.000682 -0.000528 1413.0
0.000682 -0.000528 1414.0
0.000682 -0.000528 1415.0
0.000682 -0.000528 1416.0
0.000682 -0.000528 1417.0
0.000683 -0.000528 1418.0
0.000683 -0.000528 1419.0
0.000683 -0.000527 1420.0
0.000683 -0.000527 1421.0
0.000683 -0.000527 1422.0
0.000683 -0.000527 1423.0
0.000684 -0.000527 1424.0
0.000684 -0.000527 1425.0
0.000684 -0.000527 1426.0
0.000684 -0.000527 1427.0
0.000684 -0.000527 1428.0
0.000685 -0.000527 1429.0
0.000685 -0.000527 1430.0
0.000685 -0.000527 1431.0
0.000685 -0.000527 1432.0
0.000685 -0.000526 1433.0
0.000685 -0.000526 1434.0
0.000686 -0.000526 1435.0
0.000686 -0.000526 1436.0
0.000686 -0.000526 1437.0
0.000686 -0.000526 1438.0
0.000686 -0.000526 1439.0
0.000687 -0.000526 1440.0
0.000687 -0.000526 1441.0
0.000687 -0.000526 1442.0
0.000687 -0.000526 1443.0
0.000687 -0.000526 1444.0
0.000687 -0.000525 1445.0
0.000688 -0.000525 1446.0
0.000688 -0.000526 1447.0
0.000688 -0.000526 1448.0
0.000688 -0.000525 1449.0
0.000688 -0.000525 1450.0
0.000688 -0.000525 1451.0
0.000688 -0.000524 1452.0
0.000687 -0.000524 1453.0
0.000687 -0.000523 1454.0
0.000687 -0.000523 1455.0
0.000687 -0.000523 1456.0
0.000687 -0.000522 1457.0
0.000687 -0.000522 1458.0
0.000687 -0.000521 1459.0
0.000687 -0.000521 1460.0
0.000687 -0.000520 1461.0
0.000687 -0.000520 1462.0
0.000687 -0.000520 1463.0
0.000687 -0.000519 1464.0
0.000687 -0.000519 1465.0
0.000687 -0.000518 1466.0
0.000687 -0.000518 1467.0
0.000686 -0.000518 1468.0
0.000686 -0.000517 1469.0
0.000686 -0.000517 1470.0
0.000686 -0.000516 1471.0
0.000686 -0.000516 1472.0
0.000686 -0.000516 1473.0
0.000686 -0.000515 1474.0
0.000686 -0.000515 1475.0
0.000686 -0.000514 1476.0
0.000686 -0.000514 1477.0
0.000686 -0.000513 1478.0
0.000686 -0.000513 1479.0
0.000686 -0.000513 1480.0
0.000686 -0.000512 1481.0
0.000686 -0.000512 1482.0
0.000685 -0.000511 1483.0
0.000685 -0.000511 1484.0
0.000685 -0.000511 1485.0
0.000685 -0.000510 1486.0
0.000685 -0.000510 1487.0
0.000685 -0.000509 1488.0
0.000685 -0.000509 1489.0
0.000685 -0.000509 1490.0
0.000685 -0.000508 1491.0
0.000685 -0.000508 1492.0
0.000685 -0.000507 1493.0
0.000685 -0.000507 1494.0
0.000685 -0.000506 1495.0
0.000685 -0.000506 1496.0
0.000685 -0.000506 1497.0
0.000684 -0.000505 1498.0
0.000684 -0.000505 1499.0
0.000684 -0.000504 1500.0
0.000684 -0.000504 1501.0
0.000684 -0.000504 1502.0
0.000684 -0.000503 1503.0
0.000684 -0.000503 1504.0
0.000684 -0.000502 1505.0
0.000684 -0.000502 1506.0
0.000683 -0.000502 1507.0
0.000683 -0.000503 1508.0
0.000683 -0.000503 1509.0
0.000683 -0.000503 1510.0
0.000683 -0.000504 1511.0
0.000683 -0.000504 1512.0
0.000682 -0.000505 1513.0
0.000682 -0.000505 1514.0
0.000682 -0.000506 1515.0
0.000682 -0.000506 1516.0
0.000682 -0.000507 1517.0
0.000682 -0.000507 1518.0
0.000682 -0.000507 1519.0
0.000682 -0.000508 1520.0
0.000682 -0.000508 1521.0
0.000682 -0.000509 1522.0
0.000682 -0.000509 1523.0
0.000682 -0.000510 1524.0
0.000681 -0.000510 1525.0
0.000681 -0.000510 1526.0
0.000681 -0.000511 1527.0
0.000681 -0.000511 1528.0
0.000681 -0.000512 1529.0
0.000681 -0.000512 1530.0
0.000681 -0.000513 1531.0
0.000681 -0.000513 1532.0
0.000681 -0.000513 1533.0
0.000681 -0.000514 1534.0
0.000681 -0.000514 1535.0
0.000681 -0.000515 1536.0
0.000680 -0.000515 1537.0
0.000680 -0.000516 1538.0
0.000680 -0.000516 1539.0
0.000680 -0.000517 1540.0
0.000680 -0.000517 1541.0
0.000680 -0.000517 1542.0
0.000680 -0.000518 1543.0
0.000680 -0.000518 1544.0
0.000680 -0.000519 1545.0
0.000680 -0.000519 1546.0
0.000680 -0.000520 1547.0
0.000680 -0.000520 1548.0
0.000679 -0.000520 1549.0
0.000679 -0.000521 1550.0
0.000679 -0.000521 1551.0
0.000679 -0.000522 1552.0
0.000679 -0.000522 1553.0
0.000679 -0.000523 1554.0
0.000679 -0.000523 1555.0
0.000679 -0.000524 1556.0
0.000679 -0.000524 1557.0
0.000679 -0.000524 1558.0
0.000679 -0.000525 1559.0
0.000679 -0.000525 1560.0
0.000678 -0.000526 1561.0
0.000678 -0.000526 1562.0
0.000678 -0.000527 1563.0
0.000678 -0.000527 1564.0
0.000678 -0.000527 1565.0
0.000678 -0.000528 1566.0
0.000678 -0.000528 1567.0
0.000677 -0.000528 1568.0
0.000677 -0.000528 1569.0
0.000677 -0.000528 1570.0
0.000677 -0.000528 1571.0
0.000677 -0.000528 1572.0
0.000677 -0.000528 1573.0
0.000677 -0.000528 1574.0
0.000677 -0.000528 1575.0
0.000678 -0.000529 1576.0
0.000678 -0.000529 1577.0
0.000678 -0.000529 1578.0
0.000678 -0.000529 1579.0
0.000678 -0.000529 1580.0
0.000678 -0.000529 1581.0
0.000678 -0.000529 1582.0
0.000678 -0.000529 1583.0
0.000678 -0.000529 1584.0
0.000678 -0.000529 1585.0
0.000678 -0.000529 1586.0
0.000679 -0.000529 1587.0
0.000679 -0.000530 1588.0
0.000679 -0.000530 1589.0
0.000679 -0.000530 1590.0
0.000679 -0.000530 1591.0
0.000679 -0.000530 1592.0
0.000679 -0.000530 1593.0
0.000679 -0.000530 1594.0
0.000679 -0.000530 1595.0
0.000679 -0.000530 1596.0
0.000679 -0.000530 1597.0
0.000680 -0.000530 1598.0
0.000680 -0.000530 1599.0
0.000680 -0.000531 1600.0
0.000680 -0.000531 1601.0
0.000680 -0.000531 1602.0
0.000680 -0.000531 1603.0
0.000680 -0.000531 1604.0
0.000680 -0.000531 1605.0
0.000680 -0.000531 1606.0
0.000680 -0.000531 1607.0
0.000681 -0.000531 1608.0
0.000681 -0.000531 1609.0
0.000681 -0.000531 1610.0
0.000681 -0.000531 1611.0
0.000681 -0.000532 1612.0
0.000681 -0.000532 1613.0
0.000681 -0.000532 1614.0
0.000681 -0.000532 1615.0
0.000681 -0.000532 1616.0
0.000681 -0.000532 1617.0
0.000681 -0.000532 1618.0
0.000682 -0.000532 1619.0
0.000682 -0.000532 1620.0
0.000682 -0.000532 1621.0
0.000682 -0.000532 1622.0
0.000682 -0.000532 1623.0
0.000682 -0.000533 1624.0
0.000682 -0.000533 1625.0
0.000682 -0.000533 1626.0
0.000682 -0.000533 1627.0
0.000682 -0.000533 1628.0
0.000682 -0.000533 1629.0
0.000683 -0.000533 1630.0
0.000683 -0.000533 1631.0
0.000683 -0.000533 1632.0
0.000683 -0.000533 1633.0
0.000683 -0.000533 1634.0
0.000683 -0.000533 1635.0
0.000683 -0.000533 1636.0
0.000683 -0.000534 1637.0
0.000683 -0.000534 1638.0
0.000683 -0.000534 1639.0
0.000684 -0.000534 1640.0
0.000684 -0.000534 1641.0
0.000684 -0.000534 1642.0
0.000684 -0.000534 1643.0
0.000684 -0.000534 1644.0
0.000684 -0.000534 1645.0
0.000684 -0.000534 1646.0
0.000684 -0.000534 1647.0
0.000684 -0.000534 1648.0
0.000684 -0.000535 1649.0
0.000684 -0.000535 1650.0
0.000685 -0.000535 1651.0
0.000685 -0.000535 1652.0
0.000685 -0.000535 1653.0
0.000685 -0.000535 1654.0
0.000685 -0.000535 1655.0
0.000685 -0.000535 1656.0
0.000685 -0.000535 1657.0
0.000685 -0.000535 1658.0
0.000685 -0.000535 1659.0
0.000685 -0.000535 1660.0
0.000685 -0.000536 1661.0
0.000686 -0.000536 1662.0
0.000686 -0.000536 1663.0
0.000686 -0.000536 1664.0
0.000686 -0.000536 1665.0
0.000686 -0.000536 1666.0
0.000686 -0.000536 1667.0
0.000686 -0.000536 1668.0
0.000686 -0.000536 1669.0
0.000686 -0.000536 1670.0
0.000686 -0.000536 1671.0
0.000686 -0.000536 1672.0
0.000687 -0.000537 1673.0
0.000687 -0.000537 1674.0
0.000687 -0.000537 1675.0
0.000687 -0.000537 1676.0
0.000687 -0.000537 1677.0
0.000687 -0.000537 1678.0
0.000687 -0.000537 1679.0
0.000687 -0.000537 1680.0
0.000687 -0.000537 1681.0
0.000687 -0.000537 1682.0
0.000688 -0.000537 1683.0
0.000688 -0.000537 1684.0
0.000688 -0.000538 1685.0
0.000688 -0.000538 1686.0
0.000688 -0.000538 1687.0
0.000688 -0.000538 1688.0
0.000688 -0.000538 1689.0
0.000688 -0.000538 1690.0
0.000688 -0.000538 1691.0
0.000688 -0.000538 1692.0
0.000688 -0.000538 1693.0
0.000689 -0.000538 1694.0
0.000689 -0.000538 1695.0
0.000689 -0.000538 1696.0
0.000689 -0.000539 1697.0
0.000689 -0.000539 1698.0
0.000689 -0.000539 1699.0
0.000689 -0.000539 1700.0
0.000689 -0.000539 1701.0
0.000689 -0.000539 1702.0
0.000689 -0.000539 1703.0
0.000689 -0.000539 1704.0
0.000690 -0.000539 1705.0
0.000690 -0.000539 1706.0
0.000690 -0.000539 1707.0
0.000690 -0.000539 1708.0
0.000690 -0.000540 1709.0
0.000690 -0.000540 1710.0
0.000690 -0.000540 1711.0
0.000690 -0.000540 1712.0
0.000690 -0.000540 1713.0
0.000690 -0.000540 1714.0
0.000691 -0.000540 1715.0
0.000691 -0.000540 1716.0
0.000691 -0.000540 1717.0
0.000691 -0.000540 1718.0
0.000691 -0.000540 1719.0
0.000691 -0.000540 1720.0
0.000691 -0.000540 1721.0
0.000691 -0.000541 1722.0
0.000691 -0.000541 1723.0
0.000691 -0.000541 1724.0
0.000691 -0.000541 1725.0
0.000692 -0.000541 1726.0
0.000692 -0.000541 1727.0
0.000692 -0.000541 1728.0
0.000692 -0.000541 1729.0
0.000692 -0.000541 1730.0
0.000692 -0.000541 1731.0
0.000692 -0.000541 1732.0
0.000692 -0.000541 1733.0
0.000692 -0.000542 1734.0
0.000692 -0.000542 1735.0
0.000692 -0.000542 1736.0
0.000693 -0.000542 1737.0
0.000693 -0.000542 1738.0
0.000693 -0.000542 1739.0
0.000693 -0.000542 1740.0
0.000693 -0.000542 1741.0
0.000693 -0.000542 1742.0
0.000693 -0.000542 1743.0
0.000693 -0.000542 1744.0
0.000693 -0.000542 1745.0
0.000693 -0.000543 1746.0
0.000693 -0.000543 1747.0
0.000694 -0.000543 1748.0
0.000694 -0.000543 1749.0
0.000694 -0.000543 1750.0
0.000694 -0.000543 1751.0
0.000694 -0.000543 1752.0
0.000694 -0.000543 1753.0
0.000694 -0.000543 1754.0
0.000694 -0.000543 1755.0
0.000694 -0.000543 1756.0
0.000694 -0.000543 1757.0
0.000695 -0.000544 1758.0
0.000695 -0.000544 1759.0
0.000695 -0.000544 1760.0
0.000695 -0.000544 1761.0
0.000695 -0.000544 1762.0
0.000695 -0.000544 1763.0
0.000695 -0.000544 1764.0
0.000695 -0.000544 1765.0
0.000695 -0.000544 1766.0
0.000695 -0.000544 1767.0
0.000695 -0.000544 1768.0
0.000696 -0.000544 1769.0
0.000696 -0.000545 1770.0
0.000696 -0.000545 1771.0
0.000696 -0.000545 1772.0
0.000696 -0.000545 1773.0
0.000696 -0.000545 1774.0
0.000696 -0.000545 1775.0
0.000696 -0.000545 1776.0
0.000696 -0.000545 1777.0
0.000696 -0.000545 1778.0
0.000696 -0.000545 1779.0
0.000697 -0.000545 1780.0
0.000697 -0.000545 1781.0
0.000697 -0.000546 1782.0
0.000697 -0.000546 1783.0
0.000697 -0.000546 1784.0
0.000697 -0.000546 1785.0
0.000697 -0.000546 1786.0
0.000697 -0.000546 1787.0
0.000697 -0.000546 1788.0
0.000697 -0.000546 1789.0
0.000698 -0.000546 1790.0
0.000698 -0.000546 1791.0
0.000698 -0.000546 1792.0
0.000698 -0.000546 1793.0
0.000698 -0.000547 1794.0
0.000698 -0.000547 1795.0
0.000698 -0.000547 1796.0
0.000698 -0.000547 1797.0
0.000698 -0.000547 1798.0
0.000698 -0.000547 1799.0
0.000698 -0.000547 1800.0
0.000699 -0.000547 1801.0
0.000699 -0.000547 1802.0
0.000699 -0.000547 1803.0
0.000699 -0.000547 1804.0
0.000699 -0.000547 1805.0
0.000699 -0.000548 1806.0
0.000699 -0.000548 1807.0
0.000699 -0.000548 1808.0
0.000699 -0.000548 1809.0
0.000699 -0.000548 1810.0
0.000699 -0.000548 1811.0
0.000700 -0.000548 1812.0
0.000700 -0.000548 1813.0
0.000700 -0.000548 1814.0
0.000700 -0.000548 1815.0
0.000700 -0.000548 1816.0
0.000700 -0.000548 1817.0
0.000700 -0.000548 1818.0
0.000700 -0.000549 1819.0
0.000700 -0.000549 1820.0
0.000700 -0.000549 1821.0
0.000700 -0.000549 1822.0
0.000701 -0.000549 1823.0
0.000701 -0.000549 1824.0
0.000701 -0.000549 1825.0
0.000701 -0.000549 1826.0
0.000701 -0.000549 1827.0
0.000701 -0.000549 1828.0
0.000701 -0.000549 1829.0
0.000701 -0.000549 1830.0
0.000701 -0.000550 1831.0
0.000701 -0.000550 1832.0
0.000702 -0.000550 1833.0
0.000702 -0.000550 1834.0
0.000702 -0.000550 1835.0
0.000702 -0.000550 1836.0
0.000702 -0.000550 1837.0
0.000702 -0.000550 1838.0
0.000702 -0.000550 1839.0
0.000702 -0.000550 1840.0
0.000702 -0.000550 1841.0
0.000702 -0.000550 1842.0
0.000702 -0.000551 1843.0
0.000703 -0.000551 1844.0
0.000703 -0.000551 1845.0
0.000703 -0.000551 1846.0
0.000703 -0.000551 1847.0
0.000703 -0.000551 1848.0
0.000703 -0.000551 1849.0
0.000703 -0.000551 1850.0
0.000703 -0.000551 1851.0
0.000703 -0.000551 1852.0
0.000703 -0.000551 1853.0
0.000703 -0.000551 1854.0
0.000704 -0.000552 1855.0
0.000704 -0.000552 1856.0
0.000704 -0.000552 1857.0
0.000704 -0.000552 1858.0
0.000704 -0.000552 1859.0
0.000704 -0.000552 1860.0
0.000704 -0.000552 1861.0
0.000704 -0.000552 1862.0
0.000704 -0.000552 1863.0
0.000704 -0.000552 1864.0
0.000705 -0.000552 1865.0
0.000705 -0.000552 1866.0
0.000705 -0.000553 1867.0
0.000705 -0.000553 1868.0
0.000705 -0.000553 1869.0
0.000705 -0.000553 1870.0
0.000705 -0.000553 1871.0
0.000705 -0.000553 1872.0
0.000705 -0.000553 1873.0
0.000705 -0.000553 1874.0
0.000705 -0.000553 1875.0
0.000706 -0.000553 1876.0
0.000706 -0.000553 1877.0
0.000706 -0.000553 1878.0
0.000706 -0.000554 1879.0
0.000706 -0.000554 1880.0
0.000706 -0.000554 1881.0
0.000706 -0.000554 1882.0
0.000706 -0.000554 1883.0
0.000706 -0.000554 1884.0
0.000706 -0.000554 1885.0
0.000706 -0.000554 1886.0
0.000707 -0.000554 1887.0
0.000707 -0.000554 1888.0
0.000707 -0.000554 1889.0
0.000707 -0.000554 1890.0
0.000707 -0.000555 1891.0
0.000707 -0.000555 1892.0
0.000707 -0.000555 1893.0
0.000707 -0.000555 1894.0
0.000707 -0.000555 1895.0
0.000707 -0.000555 1896.0
0.000707 -0.000555 1897.0
0.000708 -0.000555 1898.0
0.000708 -0.000555 1899.0
0.000708 -0.000555 1900.0
0.000708 -0.000555 1901.0
0.000708 -0.000555 1902.0
0.000708 -0.000555 1903.0
0.000708 -0.000556 1904.0
0.000708 -0.000556 1905.0
0.000708 -0.000556 1906.0
0.000708 -0.000556 1907.0
0.000709 -0.000556 1908.0
0.000709 -0.000556 1909.0
0.000709 -0.000556 1910.0
0.000709 -0.000556 1911.0
0.000709 -0.000556 1912.0
0.000709 -0.000556 1913.0
0.000709 -0.000556 1914.0
0.000709 -0.000556 1915.0
0.000709 -0.000557 1916.0
0.000709 -0.000557 1917.0
0.000709 -0.000557 1918.0
0.000710 -0.000557 1919.0
0.000710 -0.000557 1920.0
0.000710 -0.000557 1921.0
0.000710 -0.000557 1922.0
0.000710 -0.000557 1923.0
0.000710 -0.000557 1924.0
0.000710 -0.000557 1925.0
0.000710 -0.000557 1926.0
0.000710 -0.000557 1927.0
0.000710 -0.000558 1928.0
0.000710 -0.000558 1929.0
0.000711 -0.000558 1930.0
0.000711 -0.000558 1931.0
0.000711 -0.000558 1932.0
0.000711 -0.000558 1933.0
0.000711 -0.000558 1934.0
0.000711 -0.000558 1935.0
0.000711 -0.000558 1936.0
0.000711 -0.000558 1937.0
0.000711 -0.000558 1938.0
0.000711 -0.000558 1939.0
0.000712 -0.000559 1940.0
0.000712 -0.000559 1941.0
0.000712 -0.000559 1942.0
0.000712 -0.000559 1943.0
0.000712 -0.000559 1944.0
0.000712 -0.000559 1945.0
0.000712 -0.000559 1946.0
0.000712 -0.000559 1947.0
0.000712 -0.000559 1948.0
0.000712 -0.000559 1949.0
0.000712 -0.000559 1950.0
0.000713 -0.000559 1951.0
0.000713 -0.000560 1952.0
0.000713 -0.000560 1953.0
0.000713 -0.000560 1954.0
0.000713 -0.000560 1955.0
0.000713 -0.000560 1956.0
0.000713 -0.000560 1957.0
0.000713 -0.000560 1958.0
0.000713 -0.000560 1959.0
0.000713 -0.000560 1960.0
0.000713 -0.000560 1961.0
0.000714 -0.000560 1962.0
0.000714 -0.000560 1963.0
0.000714 -0.000561 1964.0
0.000714 -0.000561 1965.0
0.000714 -0.000561 1966.0
0.000714 -0.000561 1967.0
0.000714 -0.000561 1968.0
0.000714 -0.000561 1969.0
0.000714 -0.000561 1970.0
0.000714 -0.000561 1971.0
0.000714 -0.000561 1972.0
0.000715 -0.000561 1973.0
0.000715 -0.000561 1974.0
0.000715 -0.000561 1975.0
0.000715 -0.000562 1976.0
0.000715 -0.000562 1977.0
0.000715 -0.000562 1978.0
0.000715 -0.000562 1979.0
0.000715 -0.000562 1980.0
0.000715 -0.000562 1981.0
0.000715 -0.000562 1982.0
0.000716 -0.000562 1983.0
0.000716 -0.000562 1984.0
0.000716 -0.000562 1985.0
0.000716 -0.000562 1986.0
0.000716 -0.000562 1987.0
0.000716 -0.000562 1988.0
0.000716 -0.000563 1989.0
0.000716 -0.000563 1990.0
0.000716 -0.000563 1991.0
0.000716 -0.000563 1992.0
0.000716 -0.000563 1993.0
0.000717 -0.000563 1994.0
0.000717 -0.000563 1995.0
0.000717 -0.000563 1996.0
0.000717 -0.000563 1997.0
0.000717 -0.000563 1998.0
0.000717 -0.000563 1999.0
0.000720 -0.000558 2000.0
0.000720 -0.000559 2001.0
0.000720 -0.000559 2002.0
0.000720 -0.000559 2003.0
0.000720 -0.000560 2004.0
0.000720 -0.000560 2005.0
0.000720 -0.000561 2006.0
0.000720 -0.000561 2007.0
0.000720 -0.000562 2008.0
0.000720 -0.000562 2009.0
0.000720 -0.000563 2010.0
0.000720 -0.000563 2011.0
0.000721 -0.000563 2012.0
0.000721 -0.000564 2013.0
0.000721 -0.000564 2014.0
0.000721 -0.000565 2015.0
0.000721 -0.000565 2016.0
0.000721 -0.000566 2017.0
0.000721 -0.000566 2018.0
0.000721 -0.000567 2019.0
0.000721 -0.000567 2020.0
0.000721 -0.000568 2021.0
0.000721 -0.000568 2022.0
0.000721 -0.000568 2023.0
0.000721 -0.000569 2024.0
0.000721 -0.000569 2025.0
0.000721 -0.000570 2026.0
0.000722 -0.000570 2027.0
0.000722 -0.000571 2028.0
0.000722 -0.000571 2029.0
0.000722 -0.000572 2030.0
0.000722 -0.000572 2031.0
0.000722 -0.000572 2032.0
0.000722 -0.000573 2033.0
0.000722 -0.000573 2034.0
0.000722 -0.000574 2035.0
0.000722 -0.000574 2036.0
0.000722 -0.000575 2037.0
0.000722 -0.000575 2038.0
0.000722 -0.000576 2039.0
0.000722 -0.000576 2040.0
0.000722 -0.000577 2041.0
0.000723 -0.000577 2042.0
0.000723 -0.000577 2043.0
0.000723 -0.000578 2044.0
0.000723 -0.000578 2045.0
0.000723 -0.000579 2046.0
0.000723 -0.000579 2047.0
0.000723 -0.000580 2048.0
0.000723 -0.000580 2049.0
0.000723 -0.000581 2050.0
0.000723 -0.000581 2051.0
0.000723 -0.000581 2052.0
0.000723 -0.000582 2053.0
0.000723 -0.000582 2054.0
0.000723 -0.000583 2055.0
0.000724 -0.000583 2056.0
0.000724 -0.000584 2057.0
0.000724 -0.000584 2058.0
0.000724 -0.000585 2059.0
0.000725 -0.000584 2060.0
0.000725 -0.000585 2061.0
0.000725 -0.000586 2062.0
0.000725 -0.000587 2063.0
0.000724 -0.000588 2064.0
0.000724 -0.000588 2065.0
0.000724 -0.000589 2066.0
0.000724 -0.000590 2067.0
0.000724 -0.000591 2068.0
0.000724 -0.000592 2069.0
0.000724 -0.000593 2070.0
0.000724 -0.000593 2071.0
0.000724 -0.000594 2072.0
0.000724 -0.000595 2073.0
0.000724 -0.000596 2074.0
0.000724 -0.000597 2075.0
0.000724 -0.000598 2076.0
0.000724 -0.000598 2077.0
0.000724 -0.000599 2078.0
0.000724 -0.000600 2079.0
0.000724 -0.000601 2080.0
0.000724 -0.000602 2081.0
0.000724 -0.000603 2082.0
0.000723 -0.000603 2083.0
0.000723 -0.000604 2084.0
0.000723 -0.000605 2085.0
0.000723 -0.000606 2086.0
0.000723 -0.000607 2087.0
0.000723 -0.000608 2088.0
0.000723 -0.000608 2089.0
0.000723 -0.000609 2090.0
0.000723 -0.000610 2091.0
0.000723 -0.000611 2092.0
0.000723 -0.000612 2093.0
0.000723 -0.000613 2094.0
0.000723 -0.000613 2095.0
0.000723 -0.000614 2096.0
0.000723 -0.000615 2097.0
0.000723 -0.000616 2098.0
0.000723 -0.000617 2099.0
0.000723 -0.000618 2100.0
0.000723 -0.000618 2101.0
0.000722 -0.000619 2102.0
0.000722 -0.000620 2103.0
0.000722 -0.000621 2104.0
0.000722 -0.000622 2105.0
0.000722 -0.000622 2106.0
0.000722 -0.000623 2107.0
0.000722 -0.000624 2108.0
0.000722 -0.000625 2109.0
0.000722 -0.000626 2110.0
0.000722 -0.000627 2111.0
0.000722 -0.000627 2112.0
0.000722 -0.000628 2113.0
0.000722 -0.000629 2114.0
0.000722 -0.000630 2115.0
0.000722 -0.000631 2116.0
0.000722 -0.000632 2117.0
0.000722 -0.000632 2118.0
0.000722 -0.000633 2119.0
0.000721 -0.000634 2120.0
0.000721 -0.000635 2121.0
0.000721 -0.000636 2122.0
0.000721 -0.000637 2123.0
0.000720 -0.000636 2124.0
0.000721 -0.000637 2125.0
0.000721 -0.000637 2126.0
0.000721 -0.000637 2127.0
0.000721 -0.000638 2128.0
0.000722 -0.000638 2129.0
0.000722 -0.000638 2130.0
0.000722 -0.000639 2131.0
0.000722 -0.000639 2132.0
0.000723 -0.000639 2133.0
0.000723 -0.000639 2134.0
0.000723 -0.000640 2135.0
0.000723 -0.000640 2136.0
0.000724 -0.000640 2137.0
0.000724 -0.000641 2138.0
0.000724 -0.000641 2139.0
0.000724 -0.000641 2140.0
0.000725 -0.000642 2141.0
0.000725 -0.000642 2142.0
0.000725 -0.000642 2143.0
0.000725 -0.000642 2144.0
0.000725 -0.000643 2145.0
0.000726 -0.000643 2146.0
0.000726 -0.000643 2147.0
0.000726 -0.000644 2148.0
0.000726 -0.000644 2149.0
0.000727 -0.000644 2150.0
0.000727 -0.000645 2151.0
0.000727 -0.000645 2152.0
0.000727 -0.000645 2153.0
0.000728 -0.000645 2154.0
0.000728 -0.000646 2155.0
0.000728 -0.000646 2156.0
0.000728 -0.000646 2157.0
0.000729 -0.000647 2158.0
0.000729 -0.000647 2159.0
0.000729 -0.000647 2160.0
0.000729 -0.000648 2161.0
0.000729 -0.000648 2162.0
0.000730 -0.000648 2163.0
0.000730 -0.000648 2164.0
0.000730 -0.000649 2165.0
0.000730 -0.000649 2166.0
0.000731 -0.000649 2167.0
0.000731 -0.000650 2168.0
0.000731 -0.000650 2169.0
0.000731 -0.000650 2170.0
0.000732 -0.000651 2171.0
0.000732 -0.000651 2172.0
0.000732 -0.000651 2173.0
0.000732 -0.000651 2174.0
0.000733 -0.000652 2175.0
0.000733 -0.000652 2176.0
0.000733 -0.000652 2177.0
0.000733 -0.000653 2178.0
0.000734 -0.000653 2179.0
0.000734 -0.000653 2180.0
0.000734 -0.000653 2181.0
0.000734 -0.000654 2182.0
0.000734 -0.000654 2183.0
0.000735 -0.000654 2184.0
0.000736 -0.000652 2185.0
0.000737 -0.000652 2186.0
0.000737 -0.000653 2187.0
0.000738 -0.000653 2188.0
0.000738 -0.000653 2189.0
0.000739 -0.000653 2190.0
0.000739 -0.000653 2191.0
0.000739 -0.000653 2192.0
0.000740 -0.000653 2193.0
0.000740 -0.000653 2194.0
0.000741 -0.000653 2195.0
0.000741 -0.000654 2196.0
0.000742 -0.000654 2197.0
0.000742 -0.000654 2198.0
0.000743 -0.000654 2199.0
0.000743 -0.000654 2200.0
0.000744 -0.000654 2201.0
0.000744 -0.000654 2202.0
0.000745 -0.000654 2203.0
0.000745 -0.000655 2204.0
0.000745 -0.000655 2205.0
0.000746 -0.000655 2206.0
0.000746 -0.000655 2207.0
0.000747 -0.000655 2208.0
0.000747 -0.000655 2209.0
0.000748 -0.000655 2210.0
0.000748 -0.000655 2211.0
0.000749 -0.000656 2212.0
0.000749 -0.000656 2213.0
0.000750 -0.000656 2214.0
0.000750 -0.000656 2215.0
0.000751 -0.000656 2216.0
0.000751 -0.000656 2217.0
0.000751 -0.000656 2218.0
0.000752 -0.000656 2219.0
0.000752 -0.000656 2220.0
0.000753 -0.000657 2221.0
0.000753 -0.000657 2222.0
0.000754 -0.000657 2223.0
0.000754 -0.000657 2224.0
0.000755 -0.000657 2225.0
0.000755 -0.000657 2226.0
0.000756 -0.000657 2227.0
0.000756 -0.000657 2228.0
0.000757 -0.000658 2229.0
0.000757 -0.000658 2230.0
0.000757 -0.000658 2231.0
0.000758 -0.000658 2232.0
0.000758 -0.000658 2233.0
0.000759 -0.000658 2234.0
0.000759 -0.000658 2235.0
0.000760 -0.000658 2236.0
0.000760 -0.000659 2237.0
0.000761 -0.000659 2238.0
0.000761 -0.000659 2239.0
0.000762 -0.000659 2240.0
0.000762 -0.000659 2241.0
0.000763 -0.000659 2242.0
0.000763 -0.000659 2243.0
0.000763 -0.000659 2244.0
0.000764 -0.000659 2245.0
0.000764 -0.000658 2246.0
0.000764 -0.000658 2247.0
0.000764 -0.000659 2248.0
0.000765 -0.000659 2249.0
0.000765 -0.000660 2250.0
0.000765 -0.000660 2251.0
0.000765 -0.000660 2252.0
0.000765 -0.000661 2253.0
0.000766 -0.000661 2254.0
0.000766 -0.000662 2255.0
0.000766 -0.000662 2256.0
0.000766 -0.000662 2257.0
0.000766 -0.000663 2258.0
0.000767 -0.000663 2259.0
0.000767 -0.000664 2260.0
0.000767 -0.000664 2261.0
0.000767 -0.000664 2262.0
0.000767 -0.000665 2263.0
0.000768 -0.000665 2264.0
0.000768 -0.000666 2265.0
0.000768 -0.000666 2266.0
0.000768 -0.000666 2267.0
0.000768 -0.000667 2268.0
0.000769 -0.000667 2269.0
0.000769 -0.000668 2270.0
0.000769 -0.000668 2271.0
0.000769 -0.000669 2272.0
0.000769 -0.000669 2273.0
0.000770 -0.000669 2274.0
0.000770 -0.000670 2275.0
0.000770 -0.000670 2276.0
0.000770 -0.000671 2277.0
0.000770 -0.000671 2278.0
0.000770 -0.000671 2279.0
0.000771 -0.000672 2280.0
0.000771 -0.000672 2281.0
0.000771 -0.000673 2282.0
0.000771 -0.000673 2283.0
0.000771 -0.000673 2284.0
0.000772 -0.000674 2285.0
0.000772 -0.000674 2286.0
0.000772 -0.000675 2287.0
0.000772 -0.000675 2288.0
0.000772 -0.000675 2289.0
0.000773 -0.000676 2290.0
0.000773 -0.000676 2291.0
0.000773 -0.000677 2292.0
0.000773 -0.000677 2293.0
0.000773 -0.000677 2294.0
0.000774 -0.000678 2295.0
0.000774 -0.000678 2296.0
0.000774 -0.000679 2297.0
0.000774 -0.000679 2298.0
0.000774 -0.000679 2299.0
0.000775 -0.000680 2300.0
0.000775 -0.000680 2301.0
0.000775 -0.000681 2302.0
0.000775 -0.000681 2303.0
0.000775 -0.000681 2304.0
0.000776 -0.000682 2305.0
0.000777 -0.000680 2306.0
0.000777 -0.000681 2307.0
0.000777 -0.000682 2308.0
0.000777 -0.000682 2309.0
0.000777 -0.000683 2310.0
0.000777 -0.000684 2311.0
0.000777 -0.000685 2312.0
0.000777 -0.000685 2313.0
0.000777 -0.000686 2314.0
0.000777 -0.000687 2315.0
0.000777 -0.000688 2316.0
0.000777 -0.000688 2317.0
0.000777 -0.000689 2318.0
0.000776 -0.000690 2319.0
0.000776 -0.000690 2320.0
0.000776 -0.000691 2321.0
0.000776 -0.000692 2322.0
0.000776 -0.000693 2323.0
0.000776 -0.000693 2324.0
0.000776 -0.000694 2325.0
0.000776 -0.000695 2326.0
0.000776 -0.000696 2327.0
0.000776 -0.000696 2328.0
0.000776 -0.000697 2329.0
0.000776 -0.000698 2330.0
0.000776 -0.000699 2331.0
0.000776 -0.000699 2332.0
0.000775 -0.000700 2333.0
0.000775 -0.000701 2334.0
0.000775 -0.000701 2335.0
0.000775 -0.000702 2336.0
0.000775 -0.000703 2337.0
0.000775 -0.000704 2338.0
0.000775 -0.000704 2339.0
0.000775 -0.000705 2340.0
0.000775 -0.000706 2341.0
0.000775 -0.000707 2342.0
0.000775 -0.000707 2343.0
0.000775 -0.000708 2344.0
0.000775 -0.000709 2345.0
0.000774 -0.000710 2346.0
0.000774 -0.000710 2347.0
0.000774 -0.000711 2348.0
0.000774 -0.000712 2349.0
0.000774 -0.000713 2350.0
0.000774 -0.000713 2351.0
0.000774 -0.000714 2352.0
0.000774 -0.000715 2353.0
0.000774 -0.000715 2354.0
0.000774 -0.000716 2355.0
0.000774 -0.000717 2356.0
0.000774 -0.000718 2357.0
0.000774 -0.000718 2358.0
0.000773 -0.000719 2359.0
0.000773 -0.000720 2360.0
0.000773 -0.000721 2361.0
0.000773 -0.000721 2362.0
0.000773 -0.000722 2363.0
0.000773 -0.000723 2364.0
0.000773 -0.000724 2365.0
0.000772 -0.000723 2366.0
0.000772 -0.000724 2367.0
0.000772 -0.000724 2368.0
0.000772 -0.000724 2369.0
0.000772 -0.000725 2370.0
0.000772 -0.000725 2371.0
0.000772 -0.000725 2372.0
0.000772 -0.000726 2373.0
0.000772 -0.000726 2374.0
0.000772 -0.000726 2375.0
0.000772 -0.000727 2376.0
0.000772 -0.000727 2377.0
0.000772 -0.000727 2378.0
0.000772 -0.000727 2379.0
0.000771 -0.000728 2380.0
0.000771 -0.000728 2381.0
0.000771 -0.000728 2382.0
0.000771 -0.000729 2383.0
0.000771 -0.000729 2384.0
0.000771 -0.000729 2385.0
0.000771 -0.000730 2386.0
0.000771 -0.000730 2387.0
0.000771 -0.000730 2388.0
0.000771 -0.000731 2389.0
0.000771 -0.000731 2390.0
0.000771 -0.000731 2391.0
0.000771 -0.000732 2392.0
0.000771 -0.000732 2393.0
0.000771 -0.000732 2394.0
0.000771 -0.000732 2395.0
0.000771 -0.000733 2396.0
0.000771 -0.000733 2397.0
0.000771 -0.000733 2398.0
0.000771 -0.000734 2399.0
0.000771 -0.000734 2400.0
0.000771 -0.000734 2401.0
0.000771 -0.000735 2402.0
0.000771 -0.000735 2403.0
0.000771 -0.000735 2404.0
0.000771 -0.000736 2405.0
0.000771 -0.000736 2406.0
0.000771 -0.000736 2407.0
0.000770 -0.000736 2408.0
0.000771 -0.000736 2409.0
0.000771 -0.000736 2410.0
0.000771 -0.000736 2411.0
0.000771 -0.000737 2412.0
0.000771 -0.000737 2413.0
0.000772 -0.000737 2414.0
0.000772 -0.000737 2415.0
0.000772 -0.000737 2416.0
0.000772 -0.000737 2417.0
0.000772 -0.000737 2418.0
0.000772 -0.000737 2419.0
0.000773 -0.000737 2420.0
0.000773 -0.000737 2421.0
0.000773 -0.000738 2422.0
0.000773 -0.000738 2423.0
0.000773 -0.000738 2424.0
0.000774 -0.000738 2425.0
0.000774 -0.000738 2426.0
0.000774 -0.000738 2427.0
0.000774 -0.000738 2428.0
0.000774 -0.000738 2429.0
0.000775 -0.000738 2430.0
0.000775 -0.000738 2431.0
0.000775 -0.000738 2432.0
0.000775 -0.000739 2433.0
0.000775 -0.000739 2434.0
0.000776 -0.000739 2435.0
0.000776 -0.000739 2436.0
0.000776 -0.000739 2437.0
0.000776 -0.000739 2438.0
0.000776 -0.000739 2439.0
0.000777 -0.000738 2440.0
0.000777 -0.000737 2441.0
0.000777 -0.000737 2442.0
0.000777 -0.000736 2443.0
0.000777 -0.000735 2444.0
0.000777 -0.000735 2445.0
0.000777 -0.000734 2446.0
0.000777 -0.000733 2447.0
0.000777 -0.000733 2448.0
0.000777 -0.000732 2449.0
0.000777 -0.000731 2450.0
0.000777 -0.000731 2451.0
0.000777 -0.000730 2452.0
0.000778 -0.000730 2453.0
0.000778 -0.000729 2454.0
0.000778 -0.000728 2455.0
0.000778 -0.000728 2456.0
0.000778 -0.000727 2457.0
0.000778 -0.000726 2458.0
0.000778 -0.000726 2459.0
0.000778 -0.000725 2460.0
0.000778 -0.000724 2461.0
0.000778 -0.000724 2462.0
0.000778 -0.000723 2463.0
0.000778 -0.000723 2464.0
0.000778 -0.000722 2465.0
0.000779 -0.000721 2466.0
0.000779 -0.000721 2467.0
0.000779 -0.000720 2468.0
0.000779 -0.000719 2469.0
0.000779 -0.000719 2470.0
0.000779 -0.000718 2471.0
0.000779 -0.000717 2472.0
0.000779 -0.000717 2473.0
0.000779 -0.000716 2474.0
0.000779 -0.000716 2475.0
0.000779 -0.000715 2476.0
0.000779 -0.000714 2477.0
0.000779 -0.000714 2478.0
0.000780 -0.000713 2479.0
0.000780 -0.000712 2480.0
0.000780 -0.000712 2481.0
0.000780 -0.000711 2482.0
0.000780 -0.000710 2483.0
0.000780 -0.000710 2484.0
0.000780 -0.000709 2485.0
0.000780 -0.000709 2486.0
0.000780 -0.000708 2487.0
0.000780 -0.000707 2488.0
0.000780 -0.000707 2489.0
0.000780 -0.000706 2490.0
0.000780 -0.000705 2491.0
0.000781 -0.000705 2492.0
0.000781 -0.000704 2493.0
0.000782 -0.000704 2494.0
0.000782 -0.000704 2495.0
0.000782 -0.000703 2496.0
0.000782 -0.000703 2497.0
0.000782 -0.000703 2498.0
0.000782 -0.000702 2499.0
0.000782 -0.000702 2500.0
0.000782 -0.000701 2501.0
0.000782 -0.000701 2502.0
0.000782 -0.000701 2503.0
0.000782 -0.000700 2504.0
0.000782 -0.000700 2505.0
0.000782 -0.000699 2506.0
0.000782 -0.000699 2507.0
0.000782 -0.000699 2508.0
0.000782 -0.000698 2509.0
0.000782 -0.000698 2510.0
0.000782 -0.000698 2511.0
0.000782 -0.000697 2512.0
0.000782 -0.000697 2513.0
0.000782 -0.000696 2514.0
0.000782 -0.000696 2515.0
0.000783 -0.000696 2516.0
0.000783 -0.000695 2517.0
0.000783 -0.000695 2518.0
0.000783 -0.000694 2519.0
0.000783 -0.000694 2520.0
0.000783 -0.000694 2521.0
0.000783 -0.000693 2522.0
0.000783 -0.000693 2523.0
0.000783 -0.000692 2524.0
0.000783 -0.000692 2525.0
0.000783 -0.000692 2526.0
0.000783 -0.000691 2527.0
0.000783 -0.000691 2528.0
0.000783 -0.000690 2529.0
0.000783 -0.000690 2530.0
0.000783 -0.000690 2531.0
0.000783 -0.000689 2532.0
0.000783 -0.000689 2533.0
0.000783 -0.000688 2534.0
0.000783 -0.000688 2535.0
0.000783 -0.000688 2536.0
0.000783 -0.000687 2537.0
0.000783 -0.000687 2538.0
0.000783 -0.000686 2539.0
0.000784 -0.000686 2540.0
0.000784 -0.000686 2541.0
0.000784 -0.000685 2542.0
0.000784 -0.000685 2543.0
0.000784 -0.000684 2544.0
0.000784 -0.000684 2545.0
0.000784 -0.000684 2546.0
0.000784 -0.000683 2547.0
0.000784 -0.000683 2548.0
0.000784 -0.000683 2549.0
0.000784 -0.000684 2550.0
0.000784 -0.000684 2551.0
0.000784 -0.000684 2552.0
0.000784 -0.000684 2553.0
0.000784 -0.000684 2554.0
0.000784 -0.000685 2555.0
0.000783 -0.000685 2556.0
0.000783 -0.000685 2557.0
0.000783 -0.000685 2558.0
0.000783 -0.000685 2559.0
0.000783 -0.000686 2560.0
0.000783 -0.000686 2561.0
0.000783 -0.000686 2562.0
0.000783 -0.000686 2563.0
0.000782 -0.000686 2564.0
0.000782 -0.000687 2565.0
0.000782 -0.000687 2566.0
0.000782 -0.000687 2567.0
0.000782 -0.000687 2568.0
0.000782 -0.000687 2569.0
0.000782 -0.000687 2570.0
0.000782 -0.000688 2571.0
0.000782 -0.000688 2572.0
0.000781 -0.000688 2573.0
0.000781 -0.000688 2574.0
0.000781 -0.000688 2575.0
0.000781 -0.000689 2576.0
0.000781 -0.000689 2577.0
0.000781 -0.000689 2578.0
0.000781 -0.000689 2579.0
0.000781 -0.000689 2580.0
0.000780 -0.000690 2581.0
0.000780 -0.000690 2582.0
0.000780 -0.000690 2583.0
0.000780 -0.000690 2584.0
0.000780 -0.000690 2585.0
0.000780 -0.000690 2586.0
0.000780 -0.000691 2587.0
0.000780 -0.000691 2588.0
0.000779 -0.000691 2589.0
0.000779 -0.000691 2590.0
0.000779 -0.000691 2591.0
0.000779 -0.000692 2592.0
0.000779 -0.000692 2593.0
0.000779 -0.000692 2594.0
0.000779 -0.000692 2595.0
0.000779 -0.000692 2596.0
0.000779 -0.000693 2597.0
0.000778 -0.000693 2598.0
0.000778 -0.000693 2599.0
0.000778 -0.000693 2600.0
0.000778 -0.000693 2601.0
0.000778 -0.000693 2602.0
0.000778 -0.000694 2603.0
0.000778 -0.000694 2604.0
0.000778 -0.000694 2605.0
0.000777 -0.000694 2606.0
0.000777 -0.000694 2607.0
0.000777 -0.000695 2608.0
0.000777 -0.000695 2609.0
0.000777 -0.000695 2610.0
0.000777 -0.000695 2611.0
0.000777 -0.000695 2612.0
0.000776 -0.000694 2613.0
0.000776 -0.000695 2614.0
0.000776 -0.000696 2615.0
0.000776 -0.000696 2616.0
0.000775 -0.000697 2617.0
0.000775 -0.000698 2618.0
0.000775 -0.000698 2619.0
0.000775 -0.000699 2620.0
0.000775 -0.000700 2621.0
0.000775 -0.000701 2622.0
0.000775 -0.000701 2623.0
0.000775 -0.000702 2624.0
0.000775 -0.000703 2625.0
0.000775 -0.000703 2626.0
0.000775 -0.000704 2627.0
0.000775 -0.000705 2628.0
0.000775 -0.000705 2629.0
0.000775 -0.000706 2630.0
0.000774 -0.000707 2631.0
0.000774 -0.000707 2632.0
0.000774 -0.000708 2633.0
0.000774 -0.000709 2634.0
0.000774 -0.000710 2635.0
0.000774 -0.000710 2636.0
0.000774 -0.000711 2637.0
0.000774 -0.000712 2638.0
0.000774 -0.000712 2639.0
0.000774 -0.000713 2640.0
0.000774 -0.000714 2641.0
0.000774 -0.000714 2642.0
0.000774 -0.000715 2643.0
0.000773 -0.000716 2644.0
0.000773 -0.000717 2645.0
0.000773 -0.000717 2646.0
0.000773 -0.000718 2647.0
0.000773 -0.000719 2648.0
0.000773 -0.000719 2649.0
0.000773 -0.000720 2650.0
0.000773 -0.000721 2651.0
0.000773 -0.000721 2652.0
0.000773 -0.000722 2653.0
0.000773 -0.000723 2654.0
0.000773 -0.000724 2655.0
0.000773 -0.000724 2656.0
0.000773 -0.000725 2657.0
0.000772 -0.000726 2658.0
0.000772 -0.000726 2659.0
0.000772 -0.000727 2660.0
0.000772 -0.000728 2661.0
0.000772 -0.000728 2662.0
0.000772 -0.000729 2663.0
0.000772 -0.000730 2664.0
0.000772 -0.000731 2665.0
0.000772 -0.000731 2666.0
0.000772 -0.000732 2667.0
0.000772 -0.000733 2668.0
0.000772 -0.000733 2669.0
0.000772 -0.000734 2670.0
0.000772 -0.000735 2671.0
0.000771 -0.000735 2672.0
0.000771 -0.000736 2673.0
0.000770 -0.000736 2674.0
0.000770 -0.000737 2675.0
0.000770 -0.000737 2676.0
0.000770 -0.000738 2677.0
0.000770 -0.000738 2678.0
0.000770 -0.000739 2679.0
0.000770 -0.000740 2680.0
0.000770 -0.000740 2681.0
0.000770 -0.000741 2682.0
0.000770 -0.000742 2683.0
0.000770 -0.000742 2684.0
0.000770 -0.000743 2685.0
0.000770 -0.000744 2686.0
0.000769 -0.000744 2687.0
0.000769 -0.000745 2688.0
0.000769 -0.000745 2689.0
0.000769 -0.000746 2690.0
0.000769 -0.000747 2691.0
0.000769 -0.000747 2692.0
0.000769 -0.000748 2693.0
0.000769 -0.000749 2694.0
0.000769 -0.000749 2695.0
0.000769 -0.000750 2696.0
0.000769 -0.000751 2697.0
0.000769 -0.000751 2698.0
0.000769 -0.000752 2699.0
0.000769 -0.000753 2700.0
0.000769 -0.000753 2701.0
0.000769 -0.000754 2702.0
0.000768 -0.000754 2703.0
0.000768 -0.000755 2704.0
0.000768 -0.000756 2705.0
0.000768 -0.000756 2706.0
0.000768 -0.000757 2707.0
0.000768 -0.000758 2708.0
0.000768 -0.000758 2709.0
0.000768 -0.000759 2710.0
0.000768 -0.000760 2711.0
0.000768 -0.000760 2712.0
0.000768 -0.000761 2713.0
0.000768 -0.000761 2714.0
0.000768 -0.000762 2715.0
0.000768 -0.000763 2716.0
0.000768 -0.000763 2717.0
0.000768 -0.000764 2718.0
0.000767 -0.000765 2719.0
0.000767 -0.000765 2720.0
0.000767 -0.000766 2721.0
0.000767 -0.000767 2722.0
0.000767 -0.000767 2723.0
0.000767 -0.000768 2724.0
0.000767 -0.000769 2725.0
0.000767 -0.000769 2726.0
0.000767 -0.000770 2727.0
0.000767 -0.000770 2728.0
0.000767 -0.000771 2729.0
0.000767 -0.000772 2730.0
0.000767 -0.000772 2731.0
0.000767 -0.000773 2732.0
0.000767 -0.000774 2733.0
0.000767 -0.000774 2734.0
0.000766 -0.000774 2735.0
0.000766 -0.000774 2736.0
0.000766 -0.000775 2737.0
0.000765 -0.000775 2738.0
0.000765 -0.000775 2739.0
0.000765 -0.000775 2740.0
0.000765 -0.000775 2741.0
0.000765 -0.000776 2742.0
0.000765 -0.000776 2743.0
0.000765 -0.000776 2744.0
0.000765 -0.000776 2745.0
0.000765 -0.000777 2746.0
0.000765 -0.000777 2747.0
0.000765 -0.000777 2748.0
0.000765 -0.000777 2749.0
0.000765 -0.000777 2750.0
0.000765 -0.000778 2751.0
0.000765 -0.000778 2752.0
0.000765 -0.000778 2753.0
0.000765 -0.000778 2754.0
0.000765 -0.000779 2755.0
0.000765 -0.000779 2756.0
0.000765 -0.000779 2757.0
0.000765 -0.000779 2758.0
0.000765 -0.000780 2759.0
0.000765 -0.000780 2760.0
0.000765 -0.000780 2761.0
0.000765 -0.000780 2762.0
0.000765 -0.000780 2763.0
0.000765 -0.000781 2764.0
0.000765 -0.000781 2765.0
0.000765 -0.000781 2766.0
0.000765 -0.000781 2767.0
0.000765 -0.000782 2768.0
0.000765 -0.000782 2769.0
0.000765 -0.000782 2770.0
0.000765 -0.000782 2771.0
0.000765 -0.000782 2772.0
0.000765 -0.000783 2773.0
0.000765 -0.000783 2774.0
0.000765 -0.000783 2775.0
0.000765 -0.000783 2776.0
0.000764 -0.000784 2777.0
0.000764 -0.000784 2778.0
0.000764 -0.000784 2779.0
0.000764 -0.000784 2780.0
0.000764 -0.000784 2781.0
0.000764 -0.000785 2782.0
0.000764 -0.000785 2783.0
0.000764 -0.000785 2784.0
0.000764 -0.000785 2785.0
0.000764 -0.000785 2786.0
0.000764 -0.000785 2787.0
0.000764 -0.000785 2788.0
0.000764 -0.000785 2789.0
0.000764 -0.000785 2790.0
0.000764 -0.000785 2791.0
0.000763 -0.000785 2792.0
0.000763 -0.000785 2793.0
0.000763 -0.000785 2794.0
0.000763 -0.000785 2795.0
0.000763 -0.000785 2796.0
0.000763 -0.000785 2797.0
0.000763 -0.000785 2798.0
0.000763 -0.000785 2799.0
0.000763 -0.000785 2800.0
0.000763 -0.000785 2801.0
0.000762 -0.000785 2802.0
0.000762 -0.000785 2803.0
0.000762 -0.000785 2804.0
0.000762 -0.000785 2805.0
0.000762 -0.000786 2806.0
0.000762 -0.000786 2807.0
0.000762 -0.000786 2808.0
0.000762 -0.000786 2809.0
0.000762 -0.000786 2810.0
0.000762 -0.000786 2811.0
0.000761 -0.000786 2812.0
0.000761 -0.000786 2813.0
0.000761 -0.000786 2814.0
0.000761 -0.000786 2815.0
0.000761 -0.000786 2816.0
0.000761 -0.000786 2817.0
0.000761 -0.000786 2818.0
0.000761 -0.000786 2819.0
0.000761 -0.000786 2820.0
0.000761 -0.000786 2821.0
0.000760 -0.000786 2822.0
0.000760 -0.000786 2823.0
0.000760 -0.000786 2824.0
0.000760 -0.000786 2825.0
0.000760 -0.000786 2826.0
0.000760 -0.000786 2827.0
0.000760 -0.000786 2828.0
0.000760 -0.000786 2829.0
0.000760 -0.000786 2830.0
0.000760 -0.000786 2831.0
0.000759 -0.000786 2832.0
0.000759 -0.000786 2833.0
0.000759 -0.000786 2834.0
0.000759 -0.000786 2835.0
0.000759 -0.000787 2836.0
0.000759 -0.000787 2837.0
0.000759 -0.000787 2838.0
0.000759 -0.000787 2839.0
0.000759 -0.000787 2840.0
0.000759 -0.000787 2841.0
0.000758 -0.000787 2842.0
0.000758 -0.000787 2843.0
0.000758 -0.000787 2844.0
0.000758 -0.000787 2845.0
0.000758 -0.000786 2846.0
0.000758 -0.000786 2847.0
0.000758 -0.000786 2848.0
0.000758 -0.000786 2849.0
0.000758 -0.000786 2850.0
0.000758 -0.000786 2851.0
0.000758 -0.000786 2852.0
0.000758 -0.000786 2853.0
0.000758 -0.000786 2854.0
0.000758 -0.000786 2855.0
0.000758 -0.000786 2856.0
0.000758 -0.000786 2857.0
0.000758 -0.000786 2858.0
0.000758 -0.000786 2859.0
0.000757 -0.000786 2860.0
0.000757 -0.000786 2861.0
0.000757 -0.000786 2862.0
0.000757 -0.000786 2863.0
0.000757 -0.000786 2864.0
0.000757 -0.000786 2865.0
0.000757 -0.000786 2866.0
0.000757 -0.000786 2867.0
0.000757 -0.000786 2868.0
0.000757 -0.000786 2869.0
0.000757 -0.000786 2870.0
0.000757 -0.000786 2871.0
0.000757 -0.000786 2872.0
0.000757 -0.000786 2873.0
0.000757 -0.000786 2874.0
0.000757 -0.000786 2875.0
0.000757 -0.000786 2876.0
0.000757 -0.000786 2877.0
0.000757 -0.000786 2878.0
0.000757 -0.000786 2879.0
0.000757 -0.000786 2880.0
0.000757 -0.000786 2881.0
0.000757 -0.000786 2882.0
0.000757 -0.000786 2883.0
0.000756 -0.000786 2884.0
0.000756 -0.000786 2885.0
0.000756 -0.000786 2886.0
0.000756 -0.000786 2887.0
0.000756 -0.000786 2888.0
0.000756 -0.000786 2889.0
0.000756 -0.000786 2890.0
0.000756 -0.000786 2891.0
0.000756 -0.000786 2892.0
0.000756 -0.000786 2893.0
0.000756 -0.000786 2894.0
0.000756 -0.000786 2895.0
0.000756 -0.000786 2896.0
0.000756 -0.000786 2897.0
0.000756 -0.000786 2898.0
0.000756 -0.000786 2899.0
0.000756 -0.000786 2900.0
0.000756 -0.000786 2901.0
0.000756 -0.000786 2902.0
0.000756 -0.000786 2903.0
0.000756 -0.000786 2904.0
0.000756 -0.000786 2905.0
0.000756 -0.000786 2906.0
0.000756 -0.000786 2907.0
0.000755 -0.000786 2908.0
0.000755 -0.000786 2909.0
0.000755 -0.000786 2910.0
0.000755 -0.000786 2911.0
0.000755 -0.000786 2912.0
0.000755 -0.000786 2913.0
0.000755 -0.000786 2914.0
0.000754 -0.000786 2915.0
0.000754 -0.000786 2916.0
0.000754 -0.000786 2917.0
0.000753 -0.000786 2918.0
0.000753 -0.000786 2919.0
0.000753 -0.000786 2920.0
0.000752 -0.000785 2921.0
0.000752 -0.000785 2922.0
0.000752 -0.000785 2923.0
0.000752 -0.000785 2924.0
0.000751 -0.000785 2925.0
0.000751 -0.000785 2926.0
0.000751 -0.000785 2927.0
0.000750 -0.000785 2928.0
0.000750 -0.000785 2929.0
0.000750 -0.000785 2930.0
0.000750 -0.000785 2931.0
0.000749 -0.000785 2932.0
0.000749 -0.000785 2933.0
0.000749 -0.000785 2934.0
0.000748 -0.000785 2935.0
0.000748 -0.000784 2936.0
0.000748 -0.000784 2937.0
0.000748 -0.000784 2938.0
0.000747 -0.000784 2939.0
0.000747 -0.000784 2940.0
0.000747 -0.000784 2941.0
0.000746 -0.000784 2942.0
0.000746 -0.000784 2943.0
0.000746 -0.000784 2944.0
0.000746 -0.000784 2945.0
0.000745 -0.000784 2946.0
0.000745 -0.000784 2947.0
0.000745 -0.000784 2948.0
0.000744 -0.000784 2949.0
0.000744 -0.000784 2950.0
0.000744 -0.000783 2951.0
0.000743 -0.000783 2952.0
0.000743 -0.000783 2953.0
0.000743 -0.000783 2954.0
0.000743 -0.000783 2955.0
0.000743 -0.000784 2956.0
0.000742 -0.000784 2957.0
0.000742 -0.000784 2958.0
0.000742 -0.000784 2959.0
0.000742 -0.000784 2960.0
0.000742 -0.000784 2961.0
0.000742 -0.000784 2962.0
0.000741 -0.000784 2963.0
0.000741 -0.000783 2964.0
0.000741 -0.000783 2965.0
0.000741 -0.000783 2966.0
0.000741 -0.000783 2967.0
0.000741 -0.000783 2968.0
0.000740 -0.000783 2969.0
0.000740 -0.000783 2970.0
0.000740 -0.000783 2971.0
0.000740 -0.000783 2972.0
0.000740 -0.000783 2973.0
0.000740 -0.000783 2974.0
0.000739 -0.000783 2975.0
0.000739 -0.000783 2976.0
0.000739 -0.000783 2977.0
0.000739 -0.000783 2978.0
0.000739 -0.000783 2979.0
0.000739 -0.000783 2980.0
0.000739 -0.000783 2981.0
0.000738 -0.000784 2982.0
0.000738 -0.000784 2983.0
0.000738 -0.000784 2984.0
0.000738 -0.000784 2985.0
0.000738 -0.000784 2986.0
0.000737 -0.000784 2987.0
0.000737 -0.000785 2988.0
0.000737 -0.000785 2989.0
0.000737 -0.000785 2990.0
0.000737 -0.000785 2991.0
0.000736 -0.000785 2992.0
0.000736 -0.000785 2993.0
0.000736 -0.000786 2994.0
0.000736 -0.000786 2995.0
0.000736 -0.000786 2996.0
0.000736 -0.000786 2997.0
0.000735 -0.000786 2998.0
0.000735 -0.000786 2999.0
0.000735 -0.000787 3000.0
0.000735 -0.000787 3001.0
0.000735 -0.000787 3002.0
0.000734 -0.000787 3003.0
0.000734 -0.000787 3004.0
0.000734 -0.000787 3005.0
0.000734 -0.000788 3006.0
0.000734 -0.000788 3007.0
0.000733 -0.000788 3008.0
0.000733 -0.000788 3009.0
0.000733 -0.000788 3010.0
0.000733 -0.000789 3011.0
0.000733 -0.000789 3012.0
0.000733 -0.000789 3013.0
0.000732 -0.000789 3014.0
0.000732 -0.000789 3015.0
0.000732 -0.000789 3016.0
0.000732 -0.000790 3017.0
0.000732 -0.000790 3018.0
0.000731 -0.000790 3019.0
0.000731 -0.000790 3020.0
0.000731 -0.000790 3021.0
0.000731 -0.000790 3022.0
0.000731 -0.000791 3023.0
0.000730 -0.000791 3024.0
0.000730 -0.000791 3025.0
0.000730 -0.000791 3026.0
0.000730 -0.000791 3027.0
0.000730 -0.000791 3028.0
0.000729 -0.000792 3029.0
0.000729 -0.000792 3030.0
0.000729 -0.000792 3031.0
0.000729 -0.000792 3032.0
0.000729 -0.000792 3033.0
0.000729 -0.000792 3034.0
0.000728 -0.000793 3035.0
0.000728 -0.000793 3036.0
0.000728 -0.000793 3037.0
0.000728 -0.000793 3038.0
0.000727 -0.000792 3039.0
0.000727 -0.000792 3040.0
0.000727 -0.000792 3041.0
0.000727 -0.000792 3042.0
0.000727 -0.000792 3043.0
0.000727 -0.000792 3044.0
0.000727 -0.000792 3045.0
0.000727 -0.000792 3046.0
0.000727 -0.000792 3047.0
0.000727 -0.000792 3048.0
0.000726 -0.000792 3049.0
0.000726 -0.000792 3050.0
0.000726 -0.000792 3051.0
0.000726 -0.000792 3052.0
0.000726 -0.000792 3053.0
0.000726 -0.000792 3054.0
0.000726 -0.000792 3055.0
0.000726 -0.000792 3056.0
0.000726 -0.000792 3057.0
0.000726 -0.000792 3058.0
0.000726 -0.000792 3059.0
0.000726 -0.000792 3060.0
0.000726 -0.000792 3061.0
0.000726 -0.000792 3062.0
0.000726 -0.000792 3063.0
0.000726 -0.000792 3064.0
0.000726 -0.000792 3065.0
0.000726 -0.000792 3066.0
0.000725 -0.000792 3067.0
0.000725 -0.000792 3068.0
0.000725 -0.000793 3069.0
0.000725 -0.000793 3070.0
0.000725 -0.000793 3071.0
0.000725 -0.000793 3072.0
0.000725 -0.000793 3073.0
0.000725 -0.000793 3074.0
0.000725 -0.000793 3075.0
0.000725 -0.000793 3076.0
0.000725 -0.000793 3077.0
0.000725 -0.000793 3078.0
0.000725 -0.000793 3079.0
0.000725 -0.000793 3080.0
0.000725 -0.000793 3081.0
0.000725 -0.000793 3082.0
0.000725 -0.000793 3083.0
0.000725 -0.000793 3084.0
0.000725 -0.000793 3085.0
0.000724 -0.000793 3086.0
0.000724 -0.000793 3087.0
0.000724 -0.000793 3088.0
0.000724 -0.000793 3089.0
0.000724 -0.000793 3090.0
0.000724 -0.000793 3091.0
0.000724 -0.000793 3092.0
0.000724 -0.000793 3093.0
0.000724 -0.000793 3094.0
0.000724 -0.000793 3095.0
0.000724 -0.000793 3096.0
0.000724 -0.000793 3097.0
0.000724 -0.000793 3098.0
0.000724 -0.000793 3099.0
0.000724 -0.000793 3100.0
0.000724 -0.000793 3101.0
0.000724 -0.000793 3102.0
0.000724 -0.000793 3103.0
0.000724 -0.000793 3104.0
0.000724 -0.000793 3105.0
0.000724 -0.000793 3106.0
0.000724 -0.000793 3107.0
0.000724 -0.000793 3108.0
0.000724 -0.000793 3109.0
0.000724 -0.000793 3110.0
0.000724 -0.000793 3111.0
0.000724 -0.000793 3112.0
0.000724 -0.000793 3113.0
0.000724 -0.000793 3114.0
0.000724 -0.000793 3115.0
0.000724 -0.000793 3116.0
0.000724 -0.000793 3117.0
0.000724 -0.000793 3118.0
0.000724 -0.000793 3119.0
0.000724 -0.000793 3120.0
0.000724 -0.000793 3121.0
0.000724 -0.000793 3122.0
0.000724 -0.000793 3123.0
0.000724 -0.000793 3124.0
0.000724 -0.000793 3125.0
0.000724 -0.000793 3126.0
0.000724 -0.000793 3127.0
0.000724 -0.000793 3128.0
0.000724 -0.000793 3129.0
0.000724 -0.000793 3130.0
0.000724 -0.000793 3131.0
0.000724 -0.000793 3132.0
0.000724 -0.000793 3133.0
0.000724 -0.000793 3134.0
0.000724 -0.000793 3135.0
0.000724 -0.000793 3136.0
0.000724 -0.000793 3137.0
0.000724 -0.000793 3138.0
0.000724 -0.000793 3139.0
0.000724 -0.000793 3140.0
0.000724 -0.000793 3141.0
0.000724 -0.000793 3142.0
0.000724 -0.000793 3143.0
0.000724 -0.000793 3144.0
0.000724 -0.000793 3145.0
0.000724 -0.000793 3146.0
0.000724 -0.000793 3147.0
0.000724 -0.000793 3148.0
0.000724 -0.000793 3149.0
0.000724 -0.000793 3150.0
0.000724 -0.000793 3151.0
0.000724 -0.000793 3152.0
0.000723 -0.000793 3153.0
0.000723 -0.000793 3154.0
0.000723 -0.000793 3155.0
0.000723 -0.000792 3156.0
0.000722 -0.000792 3157.0
0.000722 -0.000792 3158.0
0.000722 -0.000792 3159.0
0.000721 -0.000792 3160.0
0.000721 -0.000792 3161.0
0.000721 -0.000791 3162.0
0.000720 -0.000791 3163.0
0.000720 -0.000791 3164.0
0.000720 -0.000791 3165.0
0.000720 -0.000791 3166.0
0.000719 -0.000791 3167.0
0.000719 -0.000790 3168.0
0.000719 -0.000790 3169.0
0.000718 -0.000790 3170.0
0.000718 -0.000790 3171.0
0.000718 -0.000790 3172.0
0.000718 -0.000790 3173.0
0.000717 -0.000789 3174.0
0.000717 -0.000789 3175.0
0.000717 -0.000789 3176.0
0.000716 -0.000789 3177.0
0.000716 -0.000789 3178.0
0.000716 -0.000789 3179.0
0.000716 -0.000788 3180.0
0.000715 -0.000788 3181.0
0.000715 -0.000788 3182.0
0.000715 -0.000788 3183.0
0.000714 -0.000788 3184.0
0.000714 -0.000787 3185.0
0.000714 -0.000787 3186.0
0.000714 -0.000787 3187.0
0.000713 -0.000787 3188.0
0.000713 -0.000787 3189.0
0.000713 -0.000787 3190.0
0.000712 -0.000786 3191.0
0.000712 -0.000786 3192.0
0.000712 -0.000786 3193.0
0.000711 -0.000786 3194.0
0.000711 -0.000786 3195.0
0.000711 -0.000786 3196.0
0.000711 -0.000785 3197.0
0.000710 -0.000785 3198.0
0.000710 -0.000785 3199.0
0.000710 -0.000785 3200.0
0.000709 -0.000785 3201.0
0.000709 -0.000785 3202.0
0.000709 -0.000784 3203.0
0.000709 -0.000784 3204.0
0.000708 -0.000784 3205.0
0.000708 -0.000784 3206.0
0.000708 -0.000784 3207.0
0.000707 -0.000784 3208.0
0.000707 -0.000783 3209.0
0.000707 -0.000783 3210.0
0.000707 -0.000783 3211.0
0.000706 -0.000785 3212.0
0.000706 -0.000785 3213.0
0.000705 -0.000784 3214.0
0.000705 -0.000784 3215.0
0.000705 -0.000784 3216.0
0.000704 -0.000784 3217.0
0.000704 -0.000783 3218.0
0.000704 -0.000783 3219.0
0.000704 -0.000783 3220.0
0.000703 -0.000783 3221.0
0.000703 -0.000782 3222.0
0.000703 -0.000782 3223.0
0.000702 -0.000782 3224.0
0.000702 -0.000782 3225.0
0.000702 -0.000781 3226.0
0.000702 -0.000781 3227.0
0.000701 -0.000781 3228.0
0.000701 -0.000781 3229.0
0.000701 -0.000781 3230.0
0.000700 -0.000780 3231.0
0.000700 -0.000780 3232.0
0.000700 -0.000780 3233.0
0.000699 -0.000780 3234.0
0.000699 -0.000779 3235.0
0.000699 -0.000779 3236.0
0.000699 -0.000779 3237.0
0.000698 -0.000779 3238.0
0.000698 -0.000778 3239.0
0.000698 -0.000778 3240.0
0.000697 -0.000778 3241.0
0.000697 -0.000778 3242.0
0.000697 -0.000777 3243.0
0.000696 -0.000777 3244.0
0.000696 -0.000777 3245.0
0.000696 -0.000777 3246.0
0.000696 -0.000777 3247.0
0.000695 -0.000776 3248.0
0.000695 -0.000776 3249.0
0.000695 -0.000776 3250.0
0.000694 -0.000776 3251.0
0.000694 -0.000775 3252.0
0.000694 -0.000775 3253.0
0.000693 -0.000775 3254.0
0.000693 -0.000775 3255.0
0.000693 -0.000774 3256.0
0.000693 -0.000774 3257.0
0.000692 -0.000774 3258.0
0.000692 -0.000774 3259.0
0.000692 -0.000773 3260.0
0.000691 -0.000773 3261.0
0.000691 -0.000773 3262.0
0.000691 -0.000773 3263.0
0.000691 -0.000772 3264.0
0.000690 -0.000772 3265.0
0.000690 -0.000772 3266.0
0.000690 -0.000772 3267.0
0.000689 -0.000772 3268.0
0.000689 -0.000771 3269.0
0.000689 -0.000771 3270.0
0.000688 -0.000771 3271.0
0.000687 -0.000773 3272.0
0.000687 -0.000773 3273.0
0.000686 -0.000773 3274.0
0.000685 -0.000772 3275.0
0.000684 -0.000772 3276.0
0.000684 -0.000772 3277.0
0.000683 -0.000772 3278.0
0.000682 -0.000772 3279.0
0.000681 -0.000771 3280.0
0.000681 -0.000771 3281.0
0.000680 -0.000771 3282.0
0.000679 -0.000771 3283.0
0.000678 -0.000771 3284.0
0.000678 -0.000771 3285.0
0.000677 -0.000770 3286.0
0.000676 -0.000770 3287.0
0.000675 -0.000770 3288.0
0.000674 -0.000770 3289.0
0.000674 -0.000770 3290.0
0.000673 -0.000769 3291.0
0.000672 -0.000769 3292.0
0.000671 -0.000769 3293.0
0.000671 -0.000769 3294.0
0.000670 -0.000769 3295.0
0.000669 -0.000768 3296.0
0.000668 -0.000768 3297.0
0.000668 -0.000768 3298.0
0.000667 -0.000768 3299.0
0.000666 -0.000768 3300.0
0.000665 -0.000767 3301.0
0.000665 -0.000767 3302.0
0.000664 -0.000767 3303.0
0.000663 -0.000767 3304.0
0.000662 -0.000767 3305.0
0.000662 -0.000766 3306.0
0.000661 -0.000766 3307.0
0.000660 -0.000766 3308.0
0.000659 -0.000766 3309.0
0.000659 -0.000766 3310.0
0.000658 -0.000766 3311.0
0.000657 -0.000765 3312.0
0.000656 -0.000765 3313.0
0.000655 -0.000765 3314.0
0.000655 -0.000765 3315.0
0.000654 -0.000765 3316.0
0.000653 -0.000764 3317.0
0.000652 -0.000764 3318.0
0.000652 -0.000764 3319.0
0.000651 -0.000764 3320.0
0.000650 -0.000764 3321.0
0.000649 -0.000763 3322.0
0.000649 -0.000763 3323.0
0.000648 -0.000763 3324.0
0.000647 -0.000763 3325.0
0.000646 -0.000763 3326.0
0.000646 -0.000762 3327.0
0.000645 -0.000762 3328.0
0.000644 -0.000762 3329.0
0.000643 -0.000762 3330.0
0.000643 -0.000762 3331.0
0.000642 -0.000762 3332.0
0.000641 -0.000764 3333.0
0.000641 -0.000764 3334.0
0.000640 -0.000763 3335.0
0.000639 -0.000763 3336.0
0.000639 -0.000763 3337.0
0.000638 -0.000763 3338.0
0.000637 -0.000763 3339.0
0.000637 -0.000763 3340.0
0.000636 -0.000762 3341.0
0.000635 -0.000762 3342.0
0.000635 -0.000762 3343.0
0.000634 -0.000762 3344.0
0.000633 -0.000762 3345.0
0.000633 -0.000762 3346.0
0.000632 -0.000761 3347.0
0.000631 -0.000761 3348.0
0.000631 -0.000761 3349.0
0.000630 -0.000761 3350.0
0.000629 -0.000761 3351.0
0.000628 -0.000761 3352.0
0.000628 -0.000760 3353.0
0.000627 -0.000760 3354.0
0.000626 -0.000760 3355.0
0.000626 -0.000760 3356.0
0.000625 -0.000760 3357.0
0.000624 -0.000760 3358.0
0.000624 -0.000759 3359.0
0.000623 -0.000759 3360.0
0.000622 -0.000759 3361.0
0.000622 -0.000759 3362.0
0.000621 -0.000759 3363.0
0.000620 -0.000758 3364.0
0.000620 -0.000758 3365.0
0.000619 -0.000758 3366.0
0.000618 -0.000758 3367.0
0.000617 -0.000758 3368.0
0.000617 -0.000758 3369.0
0.000616 -0.000757 3370.0
0.000615 -0.000757 3371.0
0.000615 -0.000757 3372.0
0.000614 -0.000757 3373.0
0.000613 -0.000757 3374.0
0.000613 -0.000757 3375.0
0.000612 -0.000756 3376.0
0.000611 -0.000756 3377.0
0.000611 -0.000756 3378.0
0.000610 -0.000756 3379.0
0.000609 -0.000756 3380.0
0.000609 -0.000756 3381.0
0.000608 -0.000755 3382.0
0.000607 -0.000755 3383.0
0.000607 -0.000755 3384.0
0.000606 -0.000755 3385.0
0.000605 -0.000755 3386.0
0.000604 -0.000755 3387.0
0.000604 -0.000754 3388.0
0.000603 -0.000754 3389.0
0.000602 -0.000754 3390.0
0.000602 -0.000754 3391.0
0.000601 -0.000756 3392.0
0.000601 -0.000756 3393.0
0.000601 -0.000756 3394.0
0.000601 -0.000756 3395.0
0.000600 -0.000756 3396.0
0.000600 -0.000756 3397.0
0.000600 -0.000755 3398.0
0.000600 -0.000755 3399.0
0.000599 -0.000755 3400.0
0.000599 -0.000755 3401.0
0.000599 -0.000755 3402.0
0.000599 -0.000755 3403.0
0.000598 -0.000755 3404.0
0.000598 -0.000755 3405.0
0.000598 -0.000755 3406.0
0.000598 -0.000755 3407.0
0.000597 -0.000755 3408.0
0.000597 -0.000755 3409.0
0.000597 -0.000755 3410.0
0.000597 -0.000755 3411.0
0.000596 -0.000755 3412.0
0.000596 -0.000755 3413.0
0.000596 -0.000755 3414.0
0.000596 -0.000754 3415.0
0.000596 -0.000754 3416.0
0.000595 -0.000754 3417.0
0.000595 -0.000754 3418.0
0.000595 -0.000754 3419.0
0.000595 -0.000754 3420.0
0.000594 -0.000754 3421.0
0.000594 -0.000754 3422.0
0.000594 -0.000754 3423.0
0.000594 -0.000754 3424.0
0.000593 -0.000754 3425.0
0.000593 -0.000754 3426.0
0.000593 -0.000754 3427.0
0.000593 -0.000754 3428.0
0.000592 -0.000754 3429.0
0.000592 -0.000754 3430.0
0.000592 -0.000754 3431.0
0.000592 -0.000753 3432.0
0.000591 -0.000753 3433.0
0.000591 -0.000753 3434.0
0.000591 -0.000753 3435.0
0.000591 -0.000753 3436.0
0.000590 -0.000753 3437.0
0.000590 -0.000753 3438.0
0.000590 -0.000753 3439.0
0.000590 -0.000753 3440.0
0.000589 -0.000753 3441.0
0.000589 -0.000753 3442.0
0.000589 -0.000753 3443.0
0.000589 -0.000753 3444.0
0.000588 -0.000753 3445.0
0.000588 -0.000753 3446.0
0.000588 -0.000753 3447.0
0.000588 -0.000752 3448.0
0.000587 -0.000752 3449.0
0.000587 -0.000752 3450.0
0.000587 -0.000752 3451.0
0.000587 -0.000753 3452.0
0.000586 -0.000753 3453.0
0.000586 -0.000753 3454.0
0.000585 -0.000752 3455.0
0.000585 -0.000752 3456.0
0.000585 -0.000752 3457.0
0.000584 -0.000752 3458.0
0.000584 -0.000751 3459.0
0.000583 -0.000751 3460.0
0.000583 -0.000751 3461.0
0.000583 -0.000751 3462.0
0.000582 -0.000750 3463.0
0.000582 -0.000750 3464.0
0.000581 -0.000750 3465.0
0.000581 -0.000750 3466.0
0.000580 -0.000749 3467.0
0.000580 -0.000749 3468.0
0.000580 -0.000749 3469.0
0.000579 -0.000749 3470.0
0.000579 -0.000748 3471.0
0.000578 -0.000748 3472.0
0.000578 -0.000748 3473.0
0.000577 -0.000748 3474.0
0.000577 -0.000747 3475.0
0.000577 -0.000747 3476.0
0.000576 -0.000747 3477.0
0.000576 -0.000747 3478.0
0.000575 -0.000747 3479.0
0.000575 -0.000746 3480.0
0.000574 -0.000746 3481.0
0.000574 -0.000746 3482.0
0.000574 -0.000746 3483.0
0.000573 -0.000745 3484.0
0.000573 -0.000745 3485.0
0.000572 -0.000745 3486.0
0.000572 -0.000745 3487.0
0.000571 -0.000744 3488.0
0.000571 -0.000744 3489.0
0.000571 -0.000744 3490.0
0.000570 -0.000744 3491.0
0.000570 -0.000743 3492.0
0.000569 -0.000743 3493.0
0.000569 -0.000743 3494.0
0.000568 -0.000743 3495.0
0.000568 -0.000742 3496.0
0.000568 -0.000742 3497.0
0.000567 -0.000742 3498.0
0.000567 -0.000742 3499.0
0.000566 -0.000741 3500.0
0.000566 -0.000741 3501.0
0.000565 -0.000741 3502.0
0.000565 -0.000741 3503.0
0.000565 -0.000741 3504.0
0.000564 -0.000740 3505.0
0.000564 -0.000740 3506.0
0.000563 -0.000740 3507.0
0.000563 -0.000740 3508.0
0.000562 -0.000739 3509.0
0.000562 -0.000739 3510.0
0.000562 -0.000739 3511.0
0.000561 -0.000741 3512.0
0.000560 -0.000741 3513.0
0.000560 -0.000741 3514.0
0.000560 -0.000740 3515.0
0.000559 -0.000740 3516.0
0.000559 -0.000739 3517.0
0.000558 -0.000739 3518.0
0.000558 -0.000739 3519.0
0.000558 -0.000738 3520.0
0.000557 -0.000738 3521.0
0.000557 -0.000737 3522.0
0.000556 -0.000737 3523.0
0.000556 -0.000737 3524.0
0.000556 -0.000736 3525.0
0.000555 -0.000736 3526.0
0.000555 -0.000736 3527.0
0.000555 -0.000735 3528.0
0.000554 -0.000735 3529.0
0.000554 -0.000734 3530.0
0.000553 -0.000734 3531.0
0.000553 -0.000734 3532.0
0.000553 -0.000733 3533.0
0.000552 -0.000733 3534.0
0.000552 -0.000732 3535.0
0.000551 -0.000732 3536.0
0.000551 -0.000732 3537.0
0.000551 -0.000731 3538.0
0.000550 -0.000731 3539.0
0.000550 -0.000730 3540.0
0.000550 -0.000730 3541.0
0.000549 -0.000730 3542.0
0.000549 -0.000729 3543.0
0.000548 -0.000729 3544.0
0.000548 -0.000728 3545.0
0.000548 -0.000728 3546.0
0.000547 -0.000728 3547.0
0.000547 -0.000727 3548.0
0.000546 -0.000727 3549.0
0.000546 -0.000727 3550.0
0.000546 -0.000726 3551.0
0.000545 -0.000726 3552.0
0.000545 -0.000725 3553.0
0.000544 -0.000725 3554.0
0.000544 -0.000725 3555.0
0.000544 -0.000724 3556.0
0.000543 -0.000724 3557.0
0.000543 -0.000723 3558.0
0.000543 -0.000723 3559.0
0.000542 -0.000723 3560.0
0.000542 -0.000722 3561.0
0.000541 -0.000722 3562.0
0.000541 -0.000721 3563.0
0.000541 -0.000721 3564.0
0.000540 -0.000721 3565.0
0.000540 -0.000720 3566.0
0.000539 -0.000720 3567.0
0.000539 -0.000720 3568.0
0.000539 -0.000719 3569.0
0.000538 -0.000719 3570.0
0.000538 -0.000718 3571.0
0.000537 -0.000718 3572.0
0.000537 -0.000718 3573.0
0.000535 -0.000721 3574.0
