0.000297 -0.000502 25.0
0.000295 -0.000501 26.0
0.000292 -0.000500 27.0
0.000290 -0.000499 28.0
0.000288 -0.000499 29.0
0.000286 -0.000498 30.0
0.000284 -0.000497 31.0
0.000281 -0.000496 32.0
0.000279 -0.000495 33.0
0.000277 -0.000494 34.0
0.000275 -0.000493 35.0
0.000273 -0.000492 36.0
0.000270 -0.000492 37.0
0.000268 -0.000491 38.0
0.000266 -0.000490 39.0
0.000264 -0.000489 40.0
0.000262 -0.000488 41.0
0.000259 -0.000487 42.0
0.000257 -0.000486 43.0
0.000255 -0.000486 44.0
0.000253 -0.000485 45.0
0.000251 -0.000484 46.0
0.000248 -0.000483 47.0
0.000246 -0.000482 48.0
0.000244 -0.000481 49.0
0.000242 -0.000480 50.0
0.000240 -0.000479 51.0
0.000237 -0.000479 52.0
0.000235 -0.000478 53.0
0.000233 -0.000477 54.0
0.000231 -0.000476 55.0
0.000229 -0.000475 56.0
0.000226 -0.000474 57.0
0.000224 -0.000473 58.0
0.000222 -0.000472 59.0
0.000220 -0.000472 60.0
0.000218 -0.000471 61.0
0.000215 -0.000470 62.0
0.000213 -0.000469 63.0
0.000211 -0.000468 64.0
0.000209 -0.000467 65.0
0.000207 -0.000466 66.0
0.000204 -0.000465 67.0
0.000202 -0.000465 68.0
0.000200 -0.000464 69.0
0.000198 -0.000471 70.0
0.000196 -0.000470 71.0
0.000194 -0.000469 72.0
0.000191 -0.000467 73.0
0.000189 -0.000466 74.0
0.000187 -0.000465 75.0
0.000184 -0.000464 76.0
0.000182 -0.000462 77.0
0.000180 -0.000461 78.0
0.000177 -0.000460 79.0
0.000175 -0.000459 80.0
0.000173 -0.000457 81.0
0.000170 -0.000456 82.0
0.000168 -0.000455 83.0
0.000166 -0.000454 84.0
0.000163 -0.000452 85.0
0.000161 -0.000451 86.0
0.000159 -0.000450 87.0
0.000156 -0.000449 88.0
0.000154 -0.000447 89.0
0.000152 -0.000446 90.0
0.000149 -0.000445 91.0
0.000147 -0.000444 92.0
0.000144 -0.000443 93.0
0.000142 -0.000441 94.0
0.000140 -0.000440 95.0
0.000137 -0.000439 96.0
0.000135 -0.000438 97.0
0.000133 -0.000436 98.0
0.000130 -0.000435 99.0
0.000128 -0.000434 100.0
0.000126 -0.000433 101.0
0.000123 -0.000431 102.0
0.000121 -0.000430 103.0
0.000119 -0.000429 104.0
0.000116 -0.000428 105.0
0.000114 -0.000426 106.0
0.000112 -0.000425 107.0
0.000109 -0.000424 108.0
0.000107 -0.000423 109.0
0.000105 -0.000421 110.0
0.000102 -0.000420 111.0
0.000100 -0.000429 112.0
0.000097 -0.000429 113.0
0.000094 -0.000428 114.0
0.000091 -0.000427 115.0
0.000088 -0.000426 116.0
0.000086 -0.000426 117.0
0.000083 -0.000425 118.0
0.000080 -0.000424 119.0
0.000077 -0.000423 120.0
0.000074 -0.000422 121.0
0.000072 -0.000422 122.0
0.000069 -0.000421 123.0
0.000066 -0.000420 124.0
0.000063 -0.000419 125.0
0.000060 -0.000419 126.0
0.000057 -0.000418 127.0
0.000055 -0.000417 128.0
0.000052 -0.000416 129.0
0.000049 -0.000415 130.0
0.000046 -0.000415 131.0
0.000043 -0.000414 132.0
0.000041 -0.000413 133.0
0.000038 -0.000412 134.0
0.000035 -0.000412 135.0
0.000032 -0.000411 136.0
0.000029 -0.000410 137.0
0.000027 -0.000409 138.0
0.000024 -0.000408 139.0
0.000021 -0.000408 140.0
0.000018 -0.000407 141.0
0.000015 -0.000406 142.0
0.000013 -0.000405 143.0
0.000010 -0.000405 144.0
0.000007 -0.000404 145.0
0.000004 -0.000403 146.0
0.000001 -0.000402 147.0
-0.000001 -0.000401 148.0
-0.000002 -0.000407 149.0
-0.000005 -0.000406 150.0
-0.000008 -0.000405 151.0
-0.000011 -0.000405 152.0
-0.000013 -0.000404 153.0
-0.000016 -0.000403 154.0
-0.000019 -0.000402 155.0
-0.000022 -0.000401 156.0
-0.000025 -0.000401 157.0
-0.000027 -0.000400 158.0
-0.000030 -0.000399 159.0
-0.000033 -0.000398 160.0
-0.000036 -0.000397 161.0
-0.000039 -0.000397 162.0
-0.000041 -0.000396 163.0
-0.000044 -0.000395 164.0
-0.000047 -0.000394 165.0
-0.000050 -0.000393 166.0
-0.000053 -0.000393 167.0
-0.000055 -0.000392 168.0
-0.000058 -0.000391 169.0
-0.000061 -0.000390 170.0
-0.000064 -0.000389 171.0
-0.000066 -0.000389 172.0
-0.000069 -0.000388 173.0
-0.000072 -0.000387 174.0
-0.000075 -0.000386 175.0
-0.000078 -0.000385 176.0
-0.000080 -0.000385 177.0
-0.000083 -0.000384 178.0
-0.000086 -0.000383 179.0
-0.000089 -0.000382 180.0
-0.000092 -0.000381 181.0
-0.000094 -0.000381 182.0
-0.000097 -0.000380 183.0
-0.000100 -0.000379 184.0
-0.000103 -0.000378 185.0
-0.000106 -0.000378 186.0
-0.000106 -0.000383 187.0
-0.000109 -0.000384 188.0
-0.000112 -0.000385 189.0
-0.000114 -0.000386 190.0
-0.000117 -0.000387 191.0
-0.000119 -0.000388 192.0
-0.000122 -0.000389 193.0
-0.000124 -0.000389 194.0
-0.000127 -0.000390 195.0
-0.000129 -0.000391 196.0
-0.000132 -0.000392 197.0
-0.000134 -0.000393 198.0
-0.000137 -0.000394 199.0
-0.000139 -0.000395 200.0
-0.000142 -0.000396 201.0
-0.000145 -0.000396 202.0
-0.000147 -0.000397 203.0
-0.000150 -0.000398 204.0
-0.000152 -0.000399 205.0
-0.000155 -0.000400 206.0
-0.000157 -0.000401 207.0
-0.000160 -0.000402 208.0
-0.000162 -0.000403 209.0
-0.000165 -0.000404 210.0
-0.000167 -0.000404 211.0
-0.000170 -0.000405 212.0
-0.000172 -0.000406 213.0
-0.000175 -0.000407 214.0
-0.000177 -0.000408 215.0
-0.000180 -0.000409 216.0
-0.000183 -0.000410 217.0
-0.000185 -0.000411 218.0
-0.000188 -0.000411 219.0
-0.000190 -0.000412 220.0
-0.000193 -0.000413 221.0
-0.000195 -0.000414 222.0
-0.000198 -0.000415 223.0
-0.000200 -0.000416 224.0
-0.000203 -0.000417 225.0
-0.000205 -0.000418 226.0
-0.000208 -0.000418 227.0
-0.000210 -0.000419 228.0
-0.000212 -0.000412 229.0
-0.000213 -0.000414 230.0
-0.000215 -0.000416 231.0
-0.000216 -0.000418 232.0
-0.000217 -0.000420 233.0
-0.000218 -0.000422 234.0
-0.000220 -0.000423 235.0
-0.000221 -0.000425 236.0
-0.000222 -0.000427 237.0
-0.000224 -0.000429 238.0
-0.000225 -0.000427 239.0
-0.000226 -0.000429 240.0
-0.000226 -0.000429 241.0
-0.000226 -0.000429 242.0
-0.000226 -0.000429 243.0
-0.000226 -0.000429 244.0
-0.000226 -0.000429 245.0
-0.000227 -0.000430 246.0
-0.000227 -0.000430 247.0
-0.000227 -0.000430 248.0
-0.000227 -0.000431 249.0
-0.000227 -0.000432 250.0
-0.000227 -0.000433 251.0
-0.000228 -0.000433 252.0
-0.000228 -0.000434 253.0
-0.000228 -0.000435 254.0
-0.000228 -0.000436 255.0
-0.000229 -0.000437 256.0
-0.000229 -0.000438 257.0
-0.000229 -0.000439 258.0
-0.000230 -0.000440 259.0
-0.000230 -0.000440 260.0
-0.000230 -0.000441 261.0
-0.000230 -0.000442 262.0
-0.000231 -0.000443 263.0
-0.000231 -0.000444 264.0
-0.000231 -0.000445 265.0
-0.000231 -0.000446 266.0
-0.000232 -0.000447 267.0
-0.000232 -0.000447 268.0
-0.000232 -0.000448 269.0
-0.000232 -0.000449 270.0
-0.000233 -0.000450 271.0
-0.000233 -0.000451 272.0
-0.000233 -0.000452 273.0
-0.000233 -0.000453 274.0
-0.000234 -0.000454 275.0
-0.000234 -0.000455 276.0
-0.000234 -0.000455 277.0
-0.000235 -0.000456 278.0
-0.000235 -0.000457 279.0
-0.000235 -0.000458 280.0
-0.000235 -0.000459 281.0
-0.000236 -0.000460 282.0
-0.000236 -0.000461 283.0
-0.000236 -0.000462 284.0
-0.000236 -0.000462 285.0
-0.000237 -0.000463 286.0
-0.000237 -0.000464 287.0
-0.000237 -0.000465 288.0
-0.000237 -0.000466 289.0
-0.000238 -0.000467 290.0
-0.000238 -0.000468 291.0
-0.000238 -0.000469 292.0
-0.000238 -0.000469 293.0
-0.000239 -0.000470 294.0
-0.000239 -0.000471 295.0
-0.000239 -0.000472 296.0
-0.000240 -0.000473 297.0
-0.000240 -0.000474 298.0
-0.000240 -0.000475 299.0
-0.000240 -0.000476 300.0
-0.000241 -0.000477 301.0
-0.000241 -0.000477 302.0
-0.000241 -0.000478 303.0
-0.000241 -0.000479 304.0
-0.000242 -0.000480 305.0
-0.000242 -0.000481 306.0
-0.000242 -0.000482 307.0
-0.000246 -0.000480 308.0
-0.000245 -0.000482 309.0
-0.000245 -0.000485 310.0
-0.000244 -0.000487 311.0
-0.000244 -0.000490 312.0
-0.000243 -0.000492 313.0
-0.000243 -0.000494 314.0
-0.000242 -0.000497 315.0
-0.000242 -0.000499 316.0
-0.000241 -0.000502 317.0
-0.000241 -0.000504 318.0
-0.000240 -0.000506 319.0
-0.000240 -0.000509 320.0
-0.000239 -0.000511 321.0
-0.000239 -0.000513 322.0
-0.000238 -0.000516 323.0
-0.000238 -0.000518 324.0
-0.000237 -0.000521 325.0
-0.000237 -0.000523 326.0
-0.000236 -0.000525 327.0
-0.000236 -0.000528 328.0
-0.000235 -0.000530 329.0
-0.000235 -0.000533 330.0
-0.000234 -0.000535 331.0
-0.000234 -0.000537 332.0
-0.000233 -0.000540 333.0
-0.000233 -0.000542 334.0
-0.000232 -0.000545 335.0
-0.000232 -0.000547 336.0
-0.000231 -0.000549 337.0
-0.000231 -0.000552 338.0
-0.000230 -0.000554 339.0
-0.000230 -0.000556 340.0
-0.000229 -0.000559 341.0
-0.000229 -0.000561 342.0
-0.000228 -0.000564 343.0
-0.000228 -0.000566 344.0
-0.000227 -0.000568 345.0
-0.000227 -0.000571 346.0
-0.000226 -0.000573 347.0
-0.000226 -0.000576 348.0
-0.000225 -0.000578 349.0
-0.000225 -0.000580 350.0
-0.000224 -0.000583 351.0
-0.000224 -0.000585 352.0
-0.000223 -0.000587 353.0
-0.000223 -0.000590 354.0
-0.000222 -0.000592 355.0
-0.000222 -0.000595 356.0
-0.000221 -0.000597 357.0
-0.000221 -0.000599 358.0
-0.000220 -0.000602 359.0
-0.000220 -0.000604 360.0
-0.000214 -0.000602 361.0
-0.000214 -0.000603 362.0
-0.000214 -0.000604 363.0
-0.000214 -0.000606 364.0
-0.000215 -0.000607 365.0
-0.000215 -0.000608 366.0
-0.000215 -0.000609 367.0
-0.000215 -0.000610 368.0
-0.000215 -0.000611 369.0
-0.000216 -0.000613 370.0
-0.000216 -0.000614 371.0
-0.000216 -0.000615 372.0
-0.000216 -0.000616 373.0
-0.000217 -0.000617 374.0
-0.000217 -0.000618 375.0
-0.000217 -0.000620 376.0
-0.000217 -0.000621 377.0
-0.000217 -0.000622 378.0
-0.000218 -0.000623 379.0
-0.000218 -0.000624 380.0
-0.000218 -0.000626 381.0
-0.000218 -0.000627 382.0
-0.000219 -0.000628 383.0
-0.000219 -0.000629 384.0
-0.000219 -0.000630 385.0
-0.000219 -0.000631 386.0
-0.000219 -0.000633 387.0
-0.000220 -0.000634 388.0
-0.000220 -0.000635 389.0
-0.000220 -0.000636 390.0
-0.000220 -0.000637 391.0
-0.000220 -0.000639 392.0
-0.000221 -0.000640 393.0
-0.000221 -0.000641 394.0
-0.000221 -0.000642 395.0
-0.000221 -0.000643 396.0
-0.000222 -0.000644 397.0
-0.000222 -0.000646 398.0
-0.000222 -0.000647 399.0
-0.000222 -0.000648 400.0
-0.000222 -0.000649 401.0
-0.000223 -0.000650 402.0
-0.000223 -0.000651 403.0
-0.000223 -0.000653 404.0
-0.000223 -0.000654 405.0
-0.000224 -0.000655 406.0
-0.000224 -0.000656 407.0
-0.000224 -0.000657 408.0
-0.000224 -0.000659 409.0
-0.000224 -0.000660 410.0
-0.000225 -0.000661 411.0
-0.000225 -0.000662 412.0
-0.000225 -0.000663 413.0
-0.000225 -0.000664 414.0
-0.000226 -0.000666 415.0
-0.000226 -0.000667 416.0
-0.000226 -0.000668 417.0
-0.000226 -0.000669 418.0
-0.000226 -0.000670 419.0
-0.000227 -0.000672 420.0
-0.000227 -0.000673 421.0
-0.000227 -0.000674 422.0
-0.000227 -0.000675 423.0
-0.000228 -0.000676 424.0
-0.000231 -0.000675 425.0
-0.000231 -0.000675 426.0
-0.000231 -0.000676 427.0
-0.000231 -0.000676 428.0
-0.000231 -0.000676 429.0
-0.000231 -0.000676 430.0
-0.000231 -0.000676 431.0
-0.000232 -0.000677 432.0
-0.000232 -0.000677 433.0
-0.000232 -0.000677 434.0
-0.000232 -0.000677 435.0
-0.000232 -0.000677 436.0
-0.000232 -0.000678 437.0
-0.000232 -0.000678 438.0
-0.000232 -0.000678 439.0
-0.000232 -0.000678 440.0
-0.000232 -0.000678 441.0
-0.000233 -0.000679 442.0
-0.000233 -0.000679 443.0
-0.000233 -0.000679 444.0
-0.000233 -0.000679 445.0
-0.000233 -0.000679 446.0
-0.000233 -0.000680 447.0
-0.000233 -0.000680 448.0
-0.000233 -0.000680 449.0
-0.000233 -0.000680 450.0
-0.000233 -0.000680 451.0
-0.000234 -0.000681 452.0
-0.000234 -0.000681 453.0
-0.000234 -0.000681 454.0
-0.000234 -0.000681 455.0
-0.000234 -0.000681 456.0
-0.000234 -0.000682 457.0
-0.000234 -0.000682 458.0
-0.000234 -0.000682 459.0
-0.000234 -0.000682 460.0
-0.000234 -0.000682 461.0
-0.000235 -0.000683 462.0
-0.000235 -0.000683 463.0
-0.000235 -0.000683 464.0
-0.000235 -0.000683 465.0
-0.000235 -0.000683 466.0
-0.000235 -0.000684 467.0
-0.000235 -0.000684 468.0
-0.000235 -0.000684 469.0
-0.000235 -0.000684 470.0
-0.000235 -0.000685 471.0
-0.000236 -0.000685 472.0
-0.000236 -0.000685 473.0
-0.000236 -0.000685 474.0
-0.000236 -0.000685 475.0
-0.000236 -0.000686 476.0
-0.000236 -0.000686 477.0
-0.000236 -0.000686 478.0
-0.000236 -0.000686 479.0
-0.000236 -0.000686 480.0
-0.000237 -0.000686 481.0
