0.000661 -0.000676 1.0
0.000661 -0.000676 2.0
0.000661 -0.000676 3.0
0.000661 -0.000675 4.0
0.000661 -0.000675 5.0
0.000661 -0.000674 6.0
0.000661 -0.000674 7.0
0.000661 -0.000673 8.0
0.000661 -0.000673 9.0
0.000661 -0.000673 10.0
0.000661 -0.000672 11.0
0.000661 -0.000672 12.0
0.000661 -0.000671 13.0
0.000661 -0.000671 14.0
0.000661 -0.000671 15.0
0.000661 -0.000670 16.0
0.000661 -0.000670 17.0
0.000661 -0.000669 18.0
0.000661 -0.000669 19.0
0.000661 -0.000668 20.0
0.000661 -0.000668 21.0
0.000661 -0.000668 22.0
0.000661 -0.000667 23.0
0.000661 -0.000667 24.0
0.000662 -0.000666 25.0
0.000662 -0.000666 26.0
0.000662 -0.000665 27.0
0.000662 -0.000665 28.0
0.000662 -0.000665 29.0
0.000662 -0.000664 30.0
0.000662 -0.000664 31.0
0.000662 -0.000663 32.0
0.000662 -0.000663 33.0
0.000662 -0.000663 34.0
0.000662 -0.000662 35.0
0.000662 -0.000662 36.0
0.000662 -0.000661 37.0
0.000662 -0.000661 38.0
0.000662 -0.000660 39.0
0.000662 -0.000660 40.0
0.000662 -0.000660 41.0
0.000662 -0.000659 42.0
0.000662 -0.000659 43.0
0.000662 -0.000658 44.0
0.000662 -0.000658 45.0
0.000662 -0.000658 46.0
0.000662 -0.000657 47.0
0.000662 -0.000657 48.0
0.000662 -0.000656 49.0
0.000662 -0.000656 50.0
0.000662 -0.000655 51.0
0.000662 -0.000655 52.0
0.000663 -0.000655 53.0
0.000663 -0.000654 54.0
0.000663 -0.000654 55.0
0.000663 -0.000653 56.0
0.000663 -0.000653 57.0
0.000663 -0.000652 58.0
0.000663 -0.000652 59.0
0.000663 -0.000652 60.0
0.000663 -0.000652 61.0
0.000663 -0.000651 62.0
0.000663 -0.000650 63.0
0.000664 -0.000650 64.0
0.000664 -0.000649 65.0
0.000664 -0.000649 66.0
0.000664 -0.000648 67.0
0.000664 -0.000647 68.0
0.000664 -0.000647 69.0
0.000664 -0.000646 70.0
0.000664 -0.000645 71.0
0.000664 -0.000645 72.0
0.000664 -0.000644 73.0
0.000664 -0.000643 74.0
0.000664 -0.000643 75.0
0.000664 -0.000642 76.0
0.000664 -0.000642 77.0
0.000665 -0.000641 78.0
0.000665 -0.000640 79.0
0.000665 -0.000640 80.0
0.000665 -0.000639 81.0
0.000665 -0.000638 82.0
0.000665 -0.000638 83.0
0.000665 -0.000637 84.0
0.000665 -0.000636 85.0
0.000665 -0.000636 86.0
0.000665 -0.000635 87.0
0.000665 -0.000635 88.0
0.000665 -0.000634 89.0
0.000665 -0.000633 90.0
0.000666 -0.000633 91.0
0.000666 -0.000632 92.0
0.000666 -0.000631 93.0
0.000666 -0.000631 94.0
0.000666 -0.000630 95.0
0.000666 -0.000629 96.0
0.000666 -0.000629 97.0
0.000666 -0.000628 98.0
0.000666 -0.000627 99.0
0.000666 -0.000627 100.0
0.000666 -0.000626 101.0
0.000666 -0.000626 102.0
0.000666 -0.000625 103.0
0.000666 -0.000624 104.0
0.000667 -0.000624 105.0
0.000667 -0.000623 106.0
0.000667 -0.000622 107.0
0.000667 -0.000622 108.0
0.000667 -0.000621 109.0
0.000667 -0.000620 110.0
0.000667 -0.000620 111.0
0.000667 -0.000619 112.0
0.000667 -0.000619 113.0
0.000667 -0.000618 114.0
0.000667 -0.000617 115.0
0.000667 -0.000617 116.0
0.000667 -0.000616 117.0
0.000667 -0.000615 118.0
0.000668 -0.000615 119.0
0.000668 -0.000614 120.0
0.000669 -0.000614 121.0
0.000669 -0.000614 122.0
0.000669 -0.000613 123.0
0.000669 -0.000613 124.0
0.000669 -0.000613 125.0
0.000669 -0.000612 126.0
0.000669 -0.000612 127.0
0.000669 -0.000611 128.0
0.000669 -0.000611 129.0
0.000669 -0.000610 130.0
0.000669 -0.000610 131.0
0.000669 -0.000609 132.0
0.000669 -0.000609 133.0
0.000669 -0.000609 134.0
0.000669 -0.000608 135.0
0.000669 -0.000608 136.0
0.000670 -0.000607 137.0
0.000670 -0.000607 138.0
0.000670 -0.000606 139.0
0.000670 -0.000606 140.0
0.000670 -0.000606 141.0
0.000670 -0.000605 142.0
0.000670 -0.000605 143.0
0.000670 -0.000604 144.0
0.000670 -0.000604 145.0
0.000670 -0.000603 146.0
0.000670 -0.000603 147.0
0.000670 -0.000602 148.0
0.000670 -0.000602 149.0
0.000670 -0.000602 150.0
0.000670 -0.000601 151.0
0.000670 -0.000601 152.0
0.000670 -0.000600 153.0
0.000670 -0.000600 154.0
0.000670 -0.000599 155.0
0.000671 -0.000599 156.0
0.000671 -0.000599 157.0
0.000671 -0.000598 158.0
0.000671 -0.000598 159.0
0.000671 -0.000597 160.0
0.000671 -0.000597 161.0
0.000671 -0.000596 162.0
0.000671 -0.000596 163.0
0.000671 -0.000595 164.0
0.000671 -0.000595 165.0
0.000671 -0.000595 166.0
0.000671 -0.000594 167.0
0.000671 -0.000594 168.0
0.000671 -0.000593 169.0
0.000671 -0.000593 170.0
0.000671 -0.000592 171.0
0.000671 -0.000592 172.0
0.000671 -0.000592 173.0
0.000671 -0.000591 174.0
0.000672 -0.000591 175.0
0.000672 -0.000590 176.0
0.000672 -0.000590 177.0
0.000672 -0.000589 178.0
0.000672 -0.000589 179.0
0.000672 -0.000588 180.0
0.000672 -0.000588 181.0
0.000673 -0.000588 182.0
0.000673 -0.000588 183.0
0.000673 -0.000588 184.0
0.000673 -0.000588 185.0
0.000673 -0.000588 186.0
0.000673 -0.000588 187.0
0.000673 -0.000588 188.0
0.000673 -0.000588 189.0
0.000673 -0.000588 190.0
0.000673 -0.000588 191.0
0.000673 -0.000588 192.0
0.000673 -0.000588 193.0
0.000673 -0.000588 194.0
0.000673 -0.000588 195.0
0.000673 -0.000588 196.0
0.000673 -0.000588 197.0
0.000673 -0.000588 198.0
0.000673 -0.000587 199.0
0.000673 -0.000587 200.0
0.000673 -0.000587 201.0
0.000673 -0.000587 202.0
0.000673 -0.000587 203.0
0.000673 -0.000587 204.0
0.000673 -0.000587 205.0
0.000673 -0.000587 206.0
0.000673 -0.000587 207.0
0.000673 -0.000587 208.0
0.000673 -0.000587 209.0
0.000673 -0.000587 210.0
0.000673 -0.000587 211.0
0.000673 -0.000587 212.0
0.000673 -0.000587 213.0
0.000673 -0.000587 214.0
0.000673 -0.000587 215.0
0.000673 -0.000587 216.0
0.000673 -0.000587 217.0
0.000673 -0.000587 218.0
0.000673 -0.000587 219.0
0.000673 -0.000587 220.0
0.000673 -0.000587 221.0
0.000673 -0.000586 222.0
0.000673 -0.000586 223.0
0.000673 -0.000586 224.0
0.000673 -0.000586 225.0
0.000673 -0.000586 226.0
0.000673 -0.000586 227.0
0.000673 -0.000586 228.0
0.000673 -0.000586 229.0
0.000673 -0.000586 230.0
0.000673 -0.000586 231.0
0.000673 -0.000586 232.0
0.000673 -0.000586 233.0
0.000673 -0.000586 234.0
0.000673 -0.000586 235.0
0.000673 -0.000586 236.0
0.000673 -0.000586 237.0
0.000673 -0.000586 238.0
0.000673 -0.000586 239.0
0.000673 -0.000586 240.0
0.000673 -0.000586 241.0
0.000673 -0.000586 242.0
0.000673 -0.000586 243.0
0.000673 -0.000586 244.0
0.000673 -0.000585 245.0
0.000673 -0.000585 246.0
0.000673 -0.000585 247.0
0.000673 -0.000585 248.0
0.000673 -0.000585 249.0
0.000673 -0.000585 250.0
0.000673 -0.000585 251.0
0.000673 -0.000585 252.0
0.000673 -0.000585 253.0
0.000673 -0.000585 254.0
0.000673 -0.000585 255.0
0.000673 -0.000585 256.0
0.000673 -0.000585 257.0
0.000673 -0.000585 258.0
0.000673 -0.000585 259.0
0.000673 -0.000584 260.0
0.000673 -0.000584 261.0
0.000673 -0.000584 262.0
0.000673 -0.000584 263.0
0.000673 -0.000584 264.0
0.000673 -0.000584 265.0
0.000673 -0.000584 266.0
0.000673 -0.000584 267.0
0.000673 -0.000584 268.0
0.000673 -0.000584 269.0
0.000673 -0.000584 270.0
0.000673 -0.000584 271.0
0.000673 -0.000584 272.0
0.000673 -0.000583 273.0
0.000673 -0.000583 274.0
0.000673 -0.000583 275.0
0.000673 -0.000583 276.0
0.000673 -0.000583 277.0
0.000673 -0.000583 278.0
0.000673 -0.000583 279.0
0.000673 -0.000583 280.0
0.000673 -0.000583 281.0
0.000673 -0.000583 282.0
0.000673 -0.000583 283.0
0.000673 -0.000583 284.0
0.000673 -0.000582 285.0
0.000673 -0.000582 286.0
0.000673 -0.000582 287.0
0.000673 -0.000582 288.0
0.000673 -0.000582 289.0
0.000673 -0.000582 290.0
0.000673 -0.000582 291.0
0.000673 -0.000582 292.0
0.000673 -0.000582 293.0
0.000673 -0.000582 294.0
0.000673 -0.000582 295.0
0.000673 -0.000582 296.0
0.000673 -0.000582 297.0
0.000673 -0.000581 298.0
0.000673 -0.000581 299.0
0.000673 -0.000581 300.0
0.000673 -0.000581 301.0
0.000673 -0.000581 302.0
0.000673 -0.000581 303.0
0.000673 -0.000581 304.0
0.000673 -0.000581 305.0
0.000673 -0.000581 306.0
0.000673 -0.000582 307.0
0.000673 -0.000582 308.0
0.000673 -0.000582 309.0
0.000673 -0.000582 310.0
0.000673 -0.000582 311.0
0.000673 -0.000582 312.0
0.000673 -0.000582 313.0
0.000673 -0.000582 314.0
0.000673 -0.000582 315.0
0.000673 -0.000582 316.0
0.000673 -0.000583 317.0
0.000673 -0.000583 318.0
0.000673 -0.000583 319.0
0.000673 -0.000583 320.0
0.000673 -0.000583 321.0
0.000673 -0.000583 322.0
0.000673 -0.000583 323.0
0.000673 -0.000583 324.0
0.000673 -0.000583 325.0
0.000673 -0.000583 326.0
0.000673 -0.000584 327.0
0.000673 -0.000584 328.0
0.000673 -0.000584 329.0
0.000673 -0.000584 330.0
0.000673 -0.000584 331.0
0.000673 -0.000584 332.0
0.000673 -0.000584 333.0
0.000673 -0.000584 334.0
0.000672 -0.000584 335.0
0.000672 -0.000584 336.0
0.000672 -0.000585 337.0
0.000672 -0.000585 338.0
0.000672 -0.000585 339.0
0.000672 -0.000585 340.0
0.000672 -0.000585 341.0
0.000672 -0.000585 342.0
0.000672 -0.000585 343.0
0.000672 -0.000585 344.0
0.000672 -0.000585 345.0
0.000672 -0.000585 346.0
0.000672 -0.000586 347.0
0.000672 -0.000586 348.0
0.000672 -0.000586 349.0
0.000672 -0.000586 350.0
0.000672 -0.000586 351.0
0.000672 -0.000586 352.0
0.000672 -0.000586 353.0
0.000672 -0.000586 354.0
0.000672 -0.000586 355.0
0.000672 -0.000586 356.0
0.000672 -0.000587 357.0
0.000672 -0.000587 358.0
0.000672 -0.000587 359.0
0.000672 -0.000587 360.0
0.000672 -0.000587 361.0
0.000672 -0.000587 362.0
0.000672 -0.000587 363.0
0.000672 -0.000587 364.0
0.000671 -0.000587 365.0
0.000671 -0.000587 366.0
0.000671 -0.000587 367.0
0.000671 -0.000587 368.0
0.000670 -0.000586 369.0
0.000670 -0.000586 370.0
0.000670 -0.000586 371.0
0.000670 -0.000586 372.0
0.000669 -0.000586 373.0
0.000669 -0.000586 374.0
0.000669 -0.000586 375.0
0.000668 -0.000585 376.0
0.000668 -0.000585 377.0
0.000668 -0.000585 378.0
0.000668 -0.000585 379.0
0.000667 -0.000585 380.0
0.000667 -0.000585 381.0
0.000667 -0.000585 382.0
0.000666 -0.000584 383.0
0.000666 -0.000584 384.0
0.000666 -0.000584 385.0
0.000666 -0.000584 386.0
0.000665 -0.000584 387.0
0.000665 -0.000584 388.0
0.000665 -0.000584 389.0
0.000665 -0.000583 390.0
0.000664 -0.000583 391.0
0.000664 -0.000583 392.0
0.000664 -0.000583 393.0
0.000663 -0.000583 394.0
0.000663 -0.000583 395.0
0.000663 -0.000583 396.0
0.000663 -0.000582 397.0
0.000662 -0.000582 398.0
0.000662 -0.000582 399.0
0.000662 -0.000582 400.0
0.000661 -0.000582 401.0
0.000661 -0.000582 402.0
0.000661 -0.000582 403.0
0.000661 -0.000581 404.0
0.000660 -0.000581 405.0
0.000660 -0.000581 406.0
0.000660 -0.000581 407.0
0.000660 -0.000581 408.0
0.000659 -0.000581 409.0
0.000659 -0.000581 410.0
0.000659 -0.000581 411.0
0.000658 -0.000580 412.0
0.000658 -0.000580 413.0
0.000658 -0.000580 414.0
0.000658 -0.000580 415.0
0.000657 -0.000580 416.0
0.000657 -0.000580 417.0
0.000657 -0.000580 418.0
0.000656 -0.000579 419.0
0.000656 -0.000579 420.0
0.000656 -0.000579 421.0
0.000656 -0.000579 422.0
0.000655 -0.000579 423.0
0.000655 -0.000580 424.0
0.000654 -0.000580 425.0
0.000654 -0.000580 426.0
0.000654 -0.000580 427.0
0.000653 -0.000580 428.0
0.000653 -0.000579 429.0
0.000652 -0.000579 430.0
0.000652 -0.000579 431.0
0.000651 -0.000579 432.0
0.000651 -0.000578 433.0
0.000651 -0.000578 434.0
0.000650 -0.000578 435.0
0.000650 -0.000578 436.0
0.000649 -0.000578 437.0
0.000649 -0.000577 438.0
0.000648 -0.000577 439.0
0.000648 -0.000577 440.0
0.000648 -0.000577 441.0
0.000647 -0.000577 442.0
0.000647 -0.000576 443.0
0.000646 -0.000576 444.0
0.000646 -0.000576 445.0
0.000645 -0.000576 446.0
0.000645 -0.000576 447.0
0.000645 -0.000575 448.0
0.000644 -0.000575 449.0
0.000644 -0.000575 450.0
0.000643 -0.000575 451.0
0.000643 -0.000575 452.0
0.000642 -0.000574 453.0
0.000642 -0.000574 454.0
0.000641 -0.000574 455.0
0.000641 -0.000574 456.0
0.000641 -0.000574 457.0
0.000640 -0.000573 458.0
0.000640 -0.000573 459.0
0.000639 -0.000573 460.0
0.000639 -0.000573 461.0
0.000638 -0.000573 462.0
0.000638 -0.000572 463.0
0.000638 -0.000572 464.0
0.000637 -0.000572 465.0
0.000637 -0.000572 466.0
0.000636 -0.000572 467.0
0.000636 -0.000571 468.0
0.000635 -0.000571 469.0
0.000635 -0.000571 470.0
0.000635 -0.000571 471.0
0.000634 -0.000571 472.0
0.000634 -0.000570 473.0
0.000633 -0.000570 474.0
0.000633 -0.000570 475.0
0.000632 -0.000570 476.0
0.000632 -0.000569 477.0
0.000632 -0.000569 478.0
0.000631 -0.000569 479.0
0.000631 -0.000569 480.0
0.000630 -0.000569 481.0
0.000630 -0.000568 482.0
0.000629 -0.000568 483.0
0.000629 -0.000568 484.0
0.000628 -0.000570 485.0
0.000628 -0.000570 486.0
0.000627 -0.000569 487.0
0.000627 -0.000568 488.0
0.000626 -0.000567 489.0
0.000626 -0.000566 490.0
0.000625 -0.000565 491.0
0.000625 -0.000565 492.0
0.000624 -0.000564 493.0
0.000624 -0.000563 494.0
0.000623 -0.000562 495.0
0.000623 -0.000561 496.0
0.000622 -0.000560 497.0
0.000622 -0.000560 498.0
0.000621 -0.000559 499.0
0.000620 -0.000558 500.0
0.000620 -0.000557 501.0
0.000619 -0.000556 502.0
0.000619 -0.000555 503.0
0.000618 -0.000555 504.0
0.000618 -0.000554 505.0
0.000617 -0.000553 506.0
0.000617 -0.000552 507.0
0.000616 -0.000551 508.0
0.000616 -0.000550 509.0
0.000615 -0.000550 510.0
0.000615 -0.000549 511.0
0.000614 -0.000548 512.0
0.000614 -0.000547 513.0
0.000613 -0.000546 514.0
0.000613 -0.000546 515.0
0.000612 -0.000545 516.0
0.000612 -0.000544 517.0
0.000611 -0.000543 518.0
0.000611 -0.000542 519.0
0.000610 -0.000541 520.0
0.000610 -0.000541 521.0
0.000609 -0.000540 522.0
0.000609 -0.000539 523.0
0.000608 -0.000538 524.0
0.000608 -0.000537 525.0
0.000607 -0.000536 526.0
0.000606 -0.000536 527.0
0.000606 -0.000535 528.0
0.000605 -0.000534 529.0
0.000605 -0.000533 530.0
0.000604 -0.000532 531.0
0.000604 -0.000531 532.0
0.000603 -0.000531 533.0
0.000603 -0.000530 534.0
0.000602 -0.000529 535.0
0.000602 -0.000528 536.0
0.000601 -0.000527 537.0
0.000601 -0.000527 538.0
0.000600 -0.000526 539.0
0.000600 -0.000525 540.0
0.000599 -0.000524 541.0
0.000599 -0.000523 542.0
0.000598 -0.000522 543.0
0.000598 -0.000522 544.0
0.000593 -0.000526 545.0
0.000593 -0.000526 546.0
0.000593 -0.000525 547.0
0.000593 -0.000525 548.0
0.000593 -0.000524 549.0
0.000593 -0.000524 550.0
0.000593 -0.000523 551.0
0.000593 -0.000523 552.0
0.000592 -0.000522 553.0
0.000592 -0.000522 554.0
0.000592 -0.000521 555.0
0.000592 -0.000521 556.0
0.000592 -0.000521 557.0
0.000592 -0.000520 558.0
0.000592 -0.000520 559.0
0.000592 -0.000519 560.0
0.000591 -0.000519 561.0
0.000591 -0.000518 562.0
0.000591 -0.000518 563.0
0.000591 -0.000517 564.0
0.000591 -0.000517 565.0
0.000590 -0.000517 566.0
0.000591 -0.000516 567.0
0.000592 -0.000515 568.0
0.000593 -0.000514 569.0
0.000593 -0.000512 570.0
0.000594 -0.000511 571.0
0.000595 -0.000510 572.0
0.000596 -0.000509 573.0
0.000596 -0.000508 574.0
0.000597 -0.000507 575.0
0.000598 -0.000506 576.0
0.000599 -0.000504 577.0
0.000599 -0.000503 578.0
0.000600 -0.000502 579.0
0.000601 -0.000501 580.0
0.000602 -0.000500 581.0
0.000602 -0.000499 582.0
0.000603 -0.000498 583.0
0.000604 -0.000496 584.0
0.000605 -0.000495 585.0
0.000605 -0.000494 586.0
0.000606 -0.000493 587.0
0.000607 -0.000492 588.0
0.000608 -0.000491 589.0
0.000609 -0.000490 590.0
0.000609 -0.000488 591.0
0.000610 -0.000487 592.0
0.000611 -0.000486 593.0
0.000612 -0.000485 594.0
0.000612 -0.000484 595.0
0.000613 -0.000483 596.0
0.000614 -0.000482 597.0
0.000615 -0.000480 598.0
0.000615 -0.000479 599.0
0.000616 -0.000478 600.0
0.000617 -0.000477 601.0
0.000618 -0.000476 602.0
0.000618 -0.000475 603.0
0.000619 -0.000474 604.0
0.000620 -0.000472 605.0
0.000621 -0.000471 606.0
0.000621 -0.000470 607.0
0.000622 -0.000469 608.0
0.000623 -0.000468 609.0
0.000624 -0.000467 610.0
0.000624 -0.000466 611.0
0.000625 -0.000464 612.0
0.000626 -0.000463 613.0
0.000627 -0.000462 614.0
0.000627 -0.000461 615.0
0.000628 -0.000460 616.0
0.000629 -0.000459 617.0
0.000630 -0.000458 618.0
0.000630 -0.000456 619.0
0.000631 -0.000455 620.0
0.000632 -0.000454 621.0
0.000633 -0.000453 622.0
0.000633 -0.000452 623.0
0.000634 -0.000451 624.0
0.000635 -0.000450 625.0
0.000636 -0.000448 626.0
0.000636 -0.000447 627.0
0.000637 -0.000446 628.0
0.000638 -0.000445 629.0
0.000639 -0.000444 630.0
0.000639 -0.000443 631.0
0.000640 -0.000442 632.0
0.000641 -0.000440 633.0
0.000642 -0.000439 634.0
0.000642 -0.000438 635.0
0.000643 -0.000437 636.0
0.000644 -0.000436 637.0
0.000645 -0.000435 638.0
0.000645 -0.000434 639.0
0.000646 -0.000432 640.0
0.000647 -0.000431 641.0
0.000648 -0.000430 642.0
0.000648 -0.000429 643.0
0.000649 -0.000428 644.0
0.000650 -0.000427 645.0
0.000651 -0.000426 646.0
0.000651 -0.000424 647.0
0.000652 -0.000423 648.0
0.000653 -0.000422 649.0
0.000654 -0.000421 650.0
0.000654 -0.000420 651.0
0.000655 -0.000419 652.0
0.000656 -0.000418 653.0
0.000657 -0.000416 654.0
0.000657 -0.000415 655.0
0.000658 -0.000414 656.0
0.000659 -0.000413 657.0
0.000660 -0.000412 658.0
0.000661 -0.000411 659.0
0.000661 -0.000410 660.0
0.000662 -0.000409 661.0
0.000663 -0.000407 662.0
0.000664 -0.000406 663.0
0.000664 -0.000405 664.0
0.000665 -0.000404 665.0
0.000666 -0.000403 666.0
0.000667 -0.000402 667.0
0.000667 -0.000401 668.0
0.000668 -0.000399 669.0
0.000669 -0.000398 670.0
0.000670 -0.000397 671.0
0.000670 -0.000396 672.0
0.000671 -0.000395 673.0
0.000672 -0.000394 674.0
0.000673 -0.000393 675.0
0.000673 -0.000391 676.0
0.000674 -0.000390 677.0
0.000675 -0.000389 678.0
0.000676 -0.000388 679.0
0.000676 -0.000387 680.0
0.000677 -0.000386 681.0
0.000688 -0.000399 682.0
0.000691 -0.000396 683.0
0.000693 -0.000393 684.0
0.000695 -0.000390 685.0
0.000697 -0.000387 686.0
0.000700 -0.000384 687.0
0.000702 -0.000381 688.0
0.000704 -0.000378 689.0
0.000707 -0.000375 690.0
0.000709 -0.000372 691.0
0.000711 -0.000369 692.0
0.000713 -0.000366 693.0
0.000716 -0.000363 694.0
0.000718 -0.000360 695.0
0.000720 -0.000357 696.0
0.000723 -0.000354 697.0
0.000725 -0.000351 698.0
0.000727 -0.000348 699.0
0.000729 -0.000345 700.0
0.000732 -0.000342 701.0
0.000734 -0.000339 702.0
0.000736 -0.000336 703.0
0.000739 -0.000333 704.0
0.000741 -0.000330 705.0
0.000743 -0.000327 706.0
0.000745 -0.000324 707.0
0.000748 -0.000321 708.0
0.000750 -0.000318 709.0
0.000752 -0.000315 710.0
0.000754 -0.000312 711.0
0.000757 -0.000309 712.0
0.000759 -0.000306 713.0
0.000761 -0.000303 714.0
0.000764 -0.000300 715.0
0.000766 -0.000297 716.0
0.000768 -0.000294 717.0
0.000770 -0.000291 718.0
0.000773 -0.000288 719.0
0.000782 -0.000300 720.0
0.000783 -0.000299 721.0
0.000784 -0.000298 722.0
0.000785 -0.000296 723.0
0.000786 -0.000295 724.0
0.000787 -0.000293 725.0
0.000788 -0.000292 726.0
0.000790 -0.000290 727.0
0.000791 -0.000289 728.0
0.000792 -0.000288 729.0
0.000793 -0.000286 730.0
0.000794 -0.000285 731.0
0.000795 -0.000283 732.0
0.000796 -0.000282 733.0
0.000797 -0.000280 734.0
0.000798 -0.000279 735.0
0.000799 -0.000278 736.0
0.000800 -0.000276 737.0
0.000801 -0.000275 738.0
0.000802 -0.000273 739.0
0.000803 -0.000272 740.0
0.000804 -0.000270 741.0
0.000805 -0.000269 742.0
0.000806 -0.000268 743.0
0.000807 -0.000266 744.0
0.000809 -0.000265 745.0
0.000810 -0.000263 746.0
0.000811 -0.000262 747.0
0.000812 -0.000260 748.0
0.000813 -0.000259 749.0
0.000814 -0.000258 750.0
0.000815 -0.000256 751.0
0.000816 -0.000255 752.0
0.000817 -0.000253 753.0
0.000818 -0.000252 754.0
0.000819 -0.000250 755.0
0.000820 -0.000249 756.0
0.000821 -0.000248 757.0
0.000822 -0.000246 758.0
0.000823 -0.000245 759.0
0.000824 -0.000243 760.0
0.000825 -0.000242 761.0
0.000827 -0.000240 762.0
0.000828 -0.000239 763.0
0.000829 -0.000238 764.0
0.000830 -0.000236 765.0
0.000831 -0.000235 766.0
0.000832 -0.000233 767.0
0.000833 -0.000232 768.0
0.000834 -0.000230 769.0
0.000835 -0.000229 770.0
0.000836 -0.000228 771.0
0.000837 -0.000226 772.0
0.000838 -0.000225 773.0
0.000839 -0.000223 774.0
0.000840 -0.000222 775.0
0.000841 -0.000220 776.0
0.000842 -0.000219 777.0
0.000843 -0.000218 778.0
0.000845 -0.000216 779.0
0.000846 -0.000215 780.0
0.000847 -0.000213 781.0
0.000848 -0.000212 782.0
0.000849 -0.000210 783.0
0.000850 -0.000209 784.0
0.000851 -0.000208 785.0
0.000852 -0.000206 786.0
0.000860 -0.000216 787.0
0.000861 -0.000215 788.0
0.000862 -0.000214 789.0
0.000863 -0.000213 790.0
0.000863 -0.000211 791.0
0.000864 -0.000210 792.0
0.000865 -0.000209 793.0
0.000866 -0.000207 794.0
0.000867 -0.000206 795.0
0.000868 -0.000205 796.0
0.000868 -0.000203 797.0
0.000869 -0.000202 798.0
0.000870 -0.000201 799.0
0.000871 -0.000199 800.0
0.000872 -0.000198 801.0
0.000873 -0.000197 802.0
0.000874 -0.000195 803.0
0.000874 -0.000194 804.0
0.000875 -0.000193 805.0
0.000876 -0.000192 806.0
0.000877 -0.000190 807.0
0.000878 -0.000189 808.0
0.000879 -0.000188 809.0
0.000880 -0.000186 810.0
0.000880 -0.000185 811.0
0.000881 -0.000184 812.0
0.000882 -0.000182 813.0
0.000883 -0.000181 814.0
0.000884 -0.000180 815.0
0.000885 -0.000178 816.0
0.000886 -0.000177 817.0
0.000886 -0.000176 818.0
0.000887 -0.000174 819.0
0.000888 -0.000173 820.0
0.000889 -0.000172 821.0
0.000890 -0.000171 822.0
0.000891 -0.000169 823.0
0.000892 -0.000168 824.0
0.000892 -0.000167 825.0
0.000893 -0.000165 826.0
0.000894 -0.000164 827.0
0.000895 -0.000163 828.0
0.000896 -0.000161 829.0
0.000897 -0.000160 830.0
0.000898 -0.000159 831.0
0.000898 -0.000157 832.0
0.000899 -0.000156 833.0
0.000900 -0.000155 834.0
0.000901 -0.000153 835.0
0.000902 -0.000152 836.0
0.000907 -0.000158 837.0
0.000908 -0.000156 838.0
0.000909 -0.000153 839.0
0.000909 -0.000150 840.0
0.000910 -0.000147 841.0
0.000911 -0.000144 842.0
0.000912 -0.000141 843.0
0.000912 -0.000138 844.0
0.000913 -0.000135 845.0
0.000914 -0.000132 846.0
0.000914 -0.000130 847.0
0.000915 -0.000127 848.0
0.000916 -0.000124 849.0
0.000916 -0.000121 850.0
0.000917 -0.000118 851.0
0.000918 -0.000115 852.0
0.000919 -0.000112 853.0
0.000919 -0.000109 854.0
0.000920 -0.000106 855.0
0.000921 -0.000104 856.0
0.000921 -0.000101 857.0
0.000922 -0.000098 858.0
0.000923 -0.000095 859.0
0.000923 -0.000092 860.0
0.000924 -0.000089 861.0
0.000925 -0.000086 862.0
0.000926 -0.000083 863.0
0.000926 -0.000081 864.0
0.000927 -0.000078 865.0
0.000928 -0.000075 866.0
0.000928 -0.000072 867.0
0.000929 -0.000069 868.0
0.000930 -0.000066 869.0
0.000931 -0.000063 870.0
0.000931 -0.000060 871.0
0.000932 -0.000057 872.0
0.000933 -0.000055 873.0
0.000933 -0.000052 874.0
0.000934 -0.000049 875.0
0.000935 -0.000046 876.0
0.000935 -0.000043 877.0
0.000936 -0.000040 878.0
0.000937 -0.000037 879.0
0.000938 -0.000034 880.0
0.000938 -0.000032 881.0
0.000939 -0.000029 882.0
0.000940 -0.000026 883.0
0.000940 -0.000023 884.0
0.000941 -0.000020 885.0
0.000942 -0.000017 886.0
0.000942 -0.000014 887.0
0.000950 -0.000018 888.0
0.000950 -0.000015 889.0
0.000951 -0.000013 890.0
0.000951 -0.000010 891.0
0.000951 -0.000008 892.0
0.000952 -0.000005 893.0
0.000952 -0.000003 894.0
0.000952 -0.000000 895.0
0.000953 0.000002 896.0
0.000953 0.000005 897.0
0.000953 0.000007 898.0
0.000953 0.000010 899.0
0.000954 0.000012 900.0
0.000954 0.000015 901.0
0.000954 0.000017 902.0
0.000955 0.000020 903.0
0.000955 0.000022 904.0
0.000955 0.000025 905.0
0.000956 0.000027 906.0
0.000956 0.000030 907.0
0.000956 0.000032 908.0
0.000956 0.000035 909.0
0.000957 0.000037 910.0
0.000957 0.000039 911.0
0.000957 0.000042 912.0
0.000958 0.000044 913.0
0.000958 0.000047 914.0
0.000958 0.000049 915.0
0.000959 0.000052 916.0
0.000959 0.000054 917.0
0.000959 0.000057 918.0
0.000959 0.000059 919.0
0.000960 0.000062 920.0
0.000960 0.000064 921.0
0.000960 0.000067 922.0
0.000961 0.000069 923.0
0.000961 0.000072 924.0
0.000961 0.000074 925.0
0.000962 0.000077 926.0
0.000962 0.000079 927.0
0.000962 0.000082 928.0
0.000962 0.000084 929.0
0.000963 0.000087 930.0
0.000963 0.000089 931.0
0.000963 0.000092 932.0
0.000964 0.000094 933.0
0.000964 0.000097 934.0
0.000964 0.000099 935.0
0.000964 0.000101 936.0
0.000965 0.000104 937.0
0.000965 0.000106 938.0
0.000965 0.000109 939.0
0.000969 0.000108 940.0
0.000969 0.000110 941.0
0.000970 0.000113 942.0
0.000970 0.000115 943.0
0.000970 0.000117 944.0
0.000970 0.000119 945.0
0.000971 0.000121 946.0
0.000971 0.000124 947.0
0.000971 0.000126 948.0
0.000972 0.000128 949.0
0.000972 0.000130 950.0
0.000972 0.000132 951.0
0.000973 0.000135 952.0
0.000973 0.000137 953.0
0.000973 0.000139 954.0
0.000973 0.000141 955.0
0.000974 0.000143 956.0
0.000974 0.000146 957.0
0.000974 0.000148 958.0
0.000975 0.000150 959.0
0.000975 0.000152 960.0
0.000975 0.000155 961.0
0.000975 0.000157 962.0
0.000976 0.000159 963.0
0.000976 0.000161 964.0
0.000976 0.000163 965.0
0.000977 0.000166 966.0
0.000977 0.000168 967.0
0.000977 0.000170 968.0
0.000978 0.000172 969.0
0.000978 0.000174 970.0
0.000978 0.000177 971.0
0.000978 0.000179 972.0
0.000979 0.000181 973.0
0.000979 0.000183 974.0
0.000979 0.000185 975.0
0.000980 0.000188 976.0
0.000980 0.000190 977.0
0.000980 0.000192 978.0
0.000980 0.000194 979.0
0.000981 0.000196 980.0
0.000981 0.000199 981.0
0.000981 0.000201 982.0
0.000982 0.000203 983.0
0.000982 0.000205 984.0
0.000982 0.000207 985.0
0.000983 0.000210 986.0
0.000983 0.000212 987.0
0.000983 0.000214 988.0
0.000983 0.000216 989.0
0.000984 0.000219 990.0
0.000984 0.000221 991.0
0.000984 0.000223 992.0
0.000985 0.000225 993.0
0.000985 0.000227 994.0
0.000985 0.000230 995.0
0.000985 0.000232 996.0
0.000986 0.000234 997.0
0.000990 0.000233 998.0
0.000990 0.000235 999.0
0.000990 0.000237 1000.0
0.000991 0.000240 1001.0
0.000991 0.000242 1002.0
0.000991 0.000244 1003.0
0.000992 0.000246 1004.0
0.000992 0.000249 1005.0
0.000992 0.000251 1006.0
0.000993 0.000253 1007.0
0.000993 0.000255 1008.0
0.000994 0.000257 1009.0
0.000994 0.000260 1010.0
0.000994 0.000262 1011.0
0.000995 0.000264 1012.0
0.000995 0.000266 1013.0
0.000995 0.000269 1014.0
0.000996 0.000271 1015.0
0.000996 0.000273 1016.0
0.000996 0.000275 1017.0
0.000997 0.000277 1018.0
0.000997 0.000280 1019.0
0.000997 0.000282 1020.0
0.000998 0.000284 1021.0
0.000998 0.000286 1022.0
0.000998 0.000288 1023.0
0.000999 0.000291 1024.0
0.000999 0.000293 1025.0
0.000999 0.000295 1026.0
0.001000 0.000297 1027.0
0.001000 0.000300 1028.0
0.001000 0.000302 1029.0
0.001001 0.000304 1030.0
0.001001 0.000306 1031.0
0.001001 0.000308 1032.0
0.001002 0.000311 1033.0
0.001002 0.000313 1034.0
0.001003 0.000315 1035.0
0.001003 0.000317 1036.0
0.001003 0.000319 1037.0
0.001004 0.000322 1038.0
0.001004 0.000324 1039.0
0.001004 0.000326 1040.0
0.001005 0.000328 1041.0
0.001005 0.000331 1042.0
0.001005 0.000333 1043.0
0.001006 0.000335 1044.0
0.001006 0.000337 1045.0
0.001006 0.000339 1046.0
0.001007 0.000342 1047.0
0.001007 0.000344 1048.0
0.001007 0.000346 1049.0
0.001008 0.000348 1050.0
0.001008 0.000350 1051.0
0.001008 0.000353 1052.0
0.001009 0.000355 1053.0
0.001009 0.000357 1054.0
0.001014 0.000356 1055.0
0.001013 0.000358 1056.0
0.001013 0.000360 1057.0
0.001013 0.000362 1058.0
0.001013 0.000364 1059.0
0.001013 0.000367 1060.0
0.001013 0.000369 1061.0
0.001013 0.000371 1062.0
0.001013 0.000373 1063.0
0.001012 0.000375 1064.0
0.001012 0.000377 1065.0
0.001012 0.000380 1066.0
0.001012 0.000382 1067.0
0.001012 0.000384 1068.0
0.001012 0.000386 1069.0
0.001012 0.000388 1070.0
0.001012 0.000390 1071.0
0.001011 0.000392 1072.0
0.001011 0.000395 1073.0
0.001011 0.000397 1074.0
0.001011 0.000399 1075.0
0.001011 0.000401 1076.0
0.001011 0.000403 1077.0
0.001011 0.000405 1078.0
0.001011 0.000407 1079.0
0.001010 0.000410 1080.0
0.001010 0.000412 1081.0
0.001010 0.000414 1082.0
0.001010 0.000416 1083.0
0.001010 0.000418 1084.0
0.001010 0.000420 1085.0
0.001010 0.000422 1086.0
0.001010 0.000425 1087.0
0.001009 0.000427 1088.0
0.001009 0.000429 1089.0
0.001009 0.000431 1090.0
0.001009 0.000433 1091.0
0.001009 0.000435 1092.0
0.001009 0.000438 1093.0
0.001009 0.000440 1094.0
0.001009 0.000442 1095.0
0.001008 0.000444 1096.0
0.001008 0.000446 1097.0
0.001008 0.000448 1098.0
0.001008 0.000450 1099.0
0.001008 0.000453 1100.0
0.001008 0.000455 1101.0
0.001008 0.000457 1102.0
0.001008 0.000459 1103.0
0.001007 0.000461 1104.0
0.001007 0.000463 1105.0
0.001007 0.000465 1106.0
0.001007 0.000468 1107.0
0.001007 0.000470 1108.0
0.001007 0.000472 1109.0
0.001007 0.000474 1110.0
0.001007 0.000476 1111.0
0.001006 0.000478 1112.0
0.001005 0.000478 1113.0
0.001004 0.000479 1114.0
0.001003 0.000480 1115.0
0.001002 0.000481 1116.0
0.001001 0.000482 1117.0
0.001000 0.000483 1118.0
0.000999 0.000485 1119.0
0.000998 0.000486 1120.0
0.000998 0.000487 1121.0
0.000997 0.000488 1122.0
0.000996 0.000489 1123.0
0.000995 0.000490 1124.0
0.000994 0.000491 1125.0
0.000993 0.000492 1126.0
0.000992 0.000493 1127.0
0.000991 0.000494 1128.0
0.000990 0.000495 1129.0
0.000990 0.000496 1130.0
0.000989 0.000497 1131.0
0.000988 0.000498 1132.0
0.000987 0.000500 1133.0
0.000986 0.000501 1134.0
0.000985 0.000502 1135.0
0.000984 0.000503 1136.0
0.000983 0.000504 1137.0
0.000983 0.000505 1138.0
0.000982 0.000506 1139.0
0.000981 0.000507 1140.0
0.000980 0.000508 1141.0
0.000979 0.000509 1142.0
0.000978 0.000510 1143.0
0.000977 0.000511 1144.0
0.000976 0.000512 1145.0
0.000975 0.000513 1146.0
0.000975 0.000514 1147.0
0.000974 0.000516 1148.0
0.000973 0.000517 1149.0
0.000972 0.000518 1150.0
0.000971 0.000519 1151.0
0.000970 0.000520 1152.0
0.000969 0.000521 1153.0
0.000968 0.000522 1154.0
0.000968 0.000523 1155.0
0.000967 0.000524 1156.0
0.000966 0.000525 1157.0
0.000965 0.000526 1158.0
0.000964 0.000527 1159.0
0.000963 0.000528 1160.0
0.000962 0.000529 1161.0
0.000961 0.000531 1162.0
0.000960 0.000532 1163.0
0.000960 0.000533 1164.0
0.000959 0.000534 1165.0
0.000958 0.000535 1166.0
0.000957 0.000536 1167.0
0.000956 0.000537 1168.0
0.000955 0.000538 1169.0
0.000954 0.000539 1170.0
0.000953 0.000540 1171.0
0.000953 0.000541 1172.0
0.000947 0.000534 1173.0
0.000947 0.000533 1174.0
0.000947 0.000533 1175.0
0.000947 0.000532 1176.0
0.000947 0.000532 1177.0
0.000946 0.000531 1178.0
0.000946 0.000530 1179.0
0.000946 0.000530 1180.0
0.000946 0.000529 1181.0
0.000946 0.000529 1182.0
0.000946 0.000528 1183.0
0.000945 0.000528 1184.0
0.000945 0.000527 1185.0
0.000945 0.000527 1186.0
0.000945 0.000526 1187.0
0.000945 0.000526 1188.0
0.000945 0.000525 1189.0
0.000944 0.000525 1190.0
0.000944 0.000524 1191.0
0.000944 0.000524 1192.0
0.000944 0.000523 1193.0
0.000944 0.000523 1194.0
0.000944 0.000522 1195.0
0.000943 0.000521 1196.0
0.000943 0.000521 1197.0
0.000943 0.000520 1198.0
0.000943 0.000520 1199.0
0.000943 0.000519 1200.0
0.000943 0.000519 1201.0
0.000942 0.000518 1202.0
0.000942 0.000518 1203.0
0.000942 0.000517 1204.0
0.000942 0.000517 1205.0
0.000942 0.000516 1206.0
0.000942 0.000516 1207.0
0.000941 0.000515 1208.0
0.000941 0.000515 1209.0
0.000941 0.000514 1210.0
0.000941 0.000514 1211.0
0.000941 0.000513 1212.0
0.000941 0.000512 1213.0
0.000940 0.000512 1214.0
0.000940 0.000511 1215.0
0.000940 0.000511 1216.0
0.000940 0.000510 1217.0
0.000940 0.000510 1218.0
0.000939 0.000509 1219.0
0.000939 0.000509 1220.0
0.000939 0.000508 1221.0
0.000939 0.000508 1222.0
0.000939 0.000507 1223.0
0.000939 0.000507 1224.0
0.000938 0.000506 1225.0
0.000938 0.000506 1226.0
0.000938 0.000505 1227.0
0.000938 0.000505 1228.0
0.000938 0.000504 1229.0
0.000938 0.000503 1230.0
0.000937 0.000503 1231.0
0.000937 0.000502 1232.0
0.000937 0.000502 1233.0
0.000935 0.000503 1234.0
0.000935 0.000503 1235.0
0.000935 0.000503 1236.0
0.000935 0.000503 1237.0
0.000935 0.000503 1238.0
0.000935 0.000503 1239.0
0.000935 0.000503 1240.0
0.000935 0.000503 1241.0
0.000935 0.000502 1242.0
0.000935 0.000502 1243.0
0.000934 0.000502 1244.0
0.000934 0.000502 1245.0
0.000934 0.000502 1246.0
0.000934 0.000502 1247.0
0.000934 0.000502 1248.0
0.000934 0.000502 1249.0
0.000934 0.000502 1250.0
0.000934 0.000502 1251.0
0.000934 0.000502 1252.0
0.000934 0.000502 1253.0
0.000934 0.000502 1254.0
0.000934 0.000501 1255.0
0.000934 0.000501 1256.0
0.000934 0.000501 1257.0
0.000934 0.000501 1258.0
0.000934 0.000501 1259.0
0.000934 0.000501 1260.0
0.000933 0.000501 1261.0
0.000933 0.000501 1262.0
0.000933 0.000501 1263.0
0.000933 0.000501 1264.0
0.000933 0.000501 1265.0
0.000933 0.000501 1266.0
0.000933 0.000501 1267.0
0.000933 0.000500 1268.0
0.000933 0.000500 1269.0
0.000933 0.000500 1270.0
0.000933 0.000500 1271.0
0.000933 0.000500 1272.0
0.000933 0.000500 1273.0
0.000933 0.000500 1274.0
0.000933 0.000500 1275.0
0.000933 0.000500 1276.0
0.000933 0.000500 1277.0
0.000932 0.000500 1278.0
0.000932 0.000500 1279.0
0.000932 0.000499 1280.0
0.000932 0.000499 1281.0
0.000932 0.000499 1282.0
0.000932 0.000499 1283.0
0.000932 0.000499 1284.0
0.000932 0.000499 1285.0
0.000932 0.000499 1286.0
0.000932 0.000499 1287.0
0.000932 0.000499 1288.0
0.000932 0.000499 1289.0
0.000932 0.000499 1290.0
0.000932 0.000499 1291.0
0.000932 0.000499 1292.0
0.000931 0.000499 1293.0
0.000931 0.000499 1294.0
0.000931 0.000499 1295.0
0.000931 0.000499 1296.0
0.000931 0.000499 1297.0
0.000931 0.000499 1298.0
0.000931 0.000499 1299.0
0.000931 0.000499 1300.0
0.000931 0.000499 1301.0
0.000931 0.000499 1302.0
0.000931 0.000499 1303.0
0.000931 0.000499 1304.0
0.000931 0.000499 1305.0
0.000931 0.000499 1306.0
0.000931 0.000499 1307.0
0.000931 0.000499 1308.0
0.000931 0.000499 1309.0
0.000931 0.000499 1310.0
0.000931 0.000499 1311.0
0.000931 0.000499 1312.0
0.000931 0.000498 1313.0
0.000931 0.000498 1314.0
0.000931 0.000498 1315.0
0.000931 0.000498 1316.0
0.000931 0.000498 1317.0
0.000931 0.000498 1318.0
0.000931 0.000498 1319.0
0.000931 0.000498 1320.0
0.000931 0.000498 1321.0
0.000931 0.000498 1322.0
0.000931 0.000498 1323.0
0.000931 0.000498 1324.0
0.000931 0.000498 1325.0
0.000931 0.000498 1326.0
0.000931 0.000498 1327.0
0.000931 0.000498 1328.0
0.000931 0.000498 1329.0
0.000931 0.000498 1330.0
0.000931 0.000498 1331.0
0.000931 0.000498 1332.0
0.000931 0.000498 1333.0
0.000931 0.000498 1334.0
0.000931 0.000498 1335.0
0.000931 0.000498 1336.0
0.000931 0.000498 1337.0
0.000931 0.000498 1338.0
0.000931 0.000498 1339.0
0.000931 0.000498 1340.0
0.000931 0.000498 1341.0
0.000931 0.000498 1342.0
0.000931 0.000498 1343.0
0.000931 0.000498 1344.0
0.000931 0.000498 1345.0
0.000931 0.000498 1346.0
0.000931 0.000498 1347.0
0.000931 0.000498 1348.0
0.000931 0.000497 1349.0
0.000931 0.000497 1350.0
0.000931 0.000497 1351.0
0.000931 0.000497 1352.0
0.000931 0.000497 1353.0
0.000931 0.000497 1354.0
0.000932 0.000497 1355.0
0.000932 0.000497 1356.0
0.000932 0.000497 1357.0
0.000932 0.000497 1358.0
0.000932 0.000496 1359.0
0.000932 0.000496 1360.0
0.000932 0.000496 1361.0
0.000932 0.000496 1362.0
0.000932 0.000495 1363.0
0.000932 0.000496 1364.0
0.000933 0.000495 1365.0
0.000933 0.000495 1366.0
0.000934 0.000495 1367.0
0.000935 0.000495 1368.0
0.000935 0.000495 1369.0
0.000936 0.000495 1370.0
0.000937 0.000495 1371.0
0.000937 0.000495 1372.0
0.000938 0.000494 1373.0
0.000939 0.000494 1374.0
0.000939 0.000494 1375.0
0.000940 0.000494 1376.0
0.000941 0.000494 1377.0
0.000941 0.000494 1378.0
0.000942 0.000494 1379.0
0.000943 0.000493 1380.0
0.000943 0.000493 1381.0
0.000944 0.000493 1382.0
0.000945 0.000493 1383.0
0.000945 0.000493 1384.0
0.000946 0.000493 1385.0
0.000947 0.000493 1386.0
0.000947 0.000493 1387.0
0.000948 0.000492 1388.0
0.000948 0.000492 1389.0
0.000949 0.000492 1390.0
0.000950 0.000492 1391.0
0.000950 0.000492 1392.0
0.000951 0.000492 1393.0
0.000952 0.000492 1394.0
0.000952 0.000492 1395.0
0.000953 0.000491 1396.0
0.000954 0.000491 1397.0
0.000954 0.000491 1398.0
0.000955 0.000491 1399.0
0.000956 0.000491 1400.0
0.000956 0.000491 1401.0
0.000957 0.000491 1402.0
0.000958 0.000491 1403.0
0.000958 0.000490 1404.0
0.000959 0.000490 1405.0
0.000960 0.000490 1406.0
0.000960 0.000490 1407.0
0.000961 0.000490 1408.0
0.000961 0.000490 1409.0
0.000962 0.000490 1410.0
0.000963 0.000490 1411.0
0.000963 0.000489 1412.0
0.000964 0.000489 1413.0
0.000965 0.000489 1414.0
0.000965 0.000489 1415.0
0.000966 0.000489 1416.0
0.000967 0.000489 1417.0
0.000967 0.000489 1418.0
0.000968 0.000489 1419.0
0.000969 0.000488 1420.0
0.000969 0.000488 1421.0
0.000970 0.000488 1422.0
0.000971 0.000488 1423.0
0.000971 0.000490 1424.0
0.000971 0.000490 1425.0
0.000972 0.000490 1426.0
0.000973 0.000490 1427.0
0.000973 0.000490 1428.0
0.000974 0.000491 1429.0
0.000975 0.000491 1430.0
0.000976 0.000491 1431.0
0.000976 0.000491 1432.0
0.000977 0.000491 1433.0
0.000978 0.000492 1434.0
0.000978 0.000492 1435.0
0.000979 0.000492 1436.0
0.000980 0.000492 1437.0
0.000980 0.000493 1438.0
0.000981 0.000493 1439.0
0.000982 0.000493 1440.0
0.000982 0.000493 1441.0
0.000983 0.000493 1442.0
0.000984 0.000494 1443.0
0.000984 0.000494 1444.0
0.000985 0.000494 1445.0
0.000986 0.000494 1446.0
0.000987 0.000494 1447.0
0.000987 0.000495 1448.0
0.000988 0.000495 1449.0
0.000989 0.000495 1450.0
0.000989 0.000495 1451.0
0.000990 0.000496 1452.0
0.000991 0.000496 1453.0
0.000991 0.000496 1454.0
0.000992 0.000496 1455.0
0.000993 0.000496 1456.0
0.000993 0.000497 1457.0
0.000994 0.000497 1458.0
0.000995 0.000497 1459.0
0.000995 0.000497 1460.0
0.000996 0.000497 1461.0
0.000997 0.000498 1462.0
0.000998 0.000498 1463.0
0.000998 0.000498 1464.0
0.000999 0.000498 1465.0
0.001000 0.000499 1466.0
0.001000 0.000499 1467.0
0.001001 0.000499 1468.0
0.001002 0.000499 1469.0
0.001002 0.000499 1470.0
0.001003 0.000500 1471.0
0.001004 0.000500 1472.0
0.001004 0.000500 1473.0
0.001005 0.000500 1474.0
0.001006 0.000500 1475.0
0.001006 0.000501 1476.0
0.001007 0.000501 1477.0
0.001008 0.000501 1478.0
0.001008 0.000501 1479.0
0.001009 0.000502 1480.0
0.001010 0.000502 1481.0
0.001011 0.000502 1482.0
0.001011 0.000502 1483.0
0.001012 0.000500 1484.0
0.001012 0.000500 1485.0
0.001013 0.000500 1486.0
0.001014 0.000500 1487.0
0.001014 0.000501 1488.0
0.001015 0.000501 1489.0
0.001015 0.000501 1490.0
0.001016 0.000501 1491.0
0.001017 0.000501 1492.0
0.001017 0.000502 1493.0
0.001018 0.000502 1494.0
0.001019 0.000502 1495.0
0.001019 0.000502 1496.0
0.001020 0.000502 1497.0
0.001020 0.000503 1498.0
0.001021 0.000503 1499.0
0.001022 0.000503 1500.0
0.001022 0.000503 1501.0
0.001023 0.000503 1502.0
0.001024 0.000503 1503.0
0.001024 0.000504 1504.0
0.001025 0.000504 1505.0
0.001025 0.000504 1506.0
0.001026 0.000504 1507.0
0.001027 0.000504 1508.0
0.001027 0.000505 1509.0
0.001028 0.000505 1510.0
0.001029 0.000505 1511.0
0.001029 0.000505 1512.0
0.001030 0.000505 1513.0
0.001030 0.000506 1514.0
0.001031 0.000506 1515.0
0.001032 0.000506 1516.0
0.001032 0.000506 1517.0
0.001033 0.000506 1518.0
0.001034 0.000507 1519.0
0.001034 0.000507 1520.0
0.001035 0.000507 1521.0
0.001035 0.000507 1522.0
0.001036 0.000507 1523.0
0.001037 0.000508 1524.0
0.001037 0.000508 1525.0
0.001038 0.000508 1526.0
0.001039 0.000508 1527.0
0.001039 0.000508 1528.0
0.001040 0.000509 1529.0
0.001040 0.000509 1530.0
0.001041 0.000509 1531.0
0.001042 0.000509 1532.0
0.001042 0.000509 1533.0
0.001043 0.000510 1534.0
0.001044 0.000510 1535.0
0.001044 0.000510 1536.0
0.001045 0.000510 1537.0
0.001045 0.000510 1538.0
0.001046 0.000511 1539.0
0.001047 0.000511 1540.0
0.001047 0.000511 1541.0
0.001048 0.000511 1542.0
0.001049 0.000511 1543.0
0.001049 0.000509 1544.0
0.001049 0.000509 1545.0
0.001050 0.000509 1546.0
0.001050 0.000509 1547.0
0.001051 0.000509 1548.0
0.001051 0.000510 1549.0
0.001052 0.000510 1550.0
0.001052 0.000510 1551.0
0.001053 0.000510 1552.0
0.001053 0.000510 1553.0
0.001054 0.000510 1554.0
0.001054 0.000510 1555.0
0.001055 0.000510 1556.0
0.001055 0.000510 1557.0
0.001056 0.000510 1558.0
0.001056 0.000510 1559.0
0.001057 0.000510 1560.0
0.001057 0.000510 1561.0
0.001058 0.000511 1562.0
0.001058 0.000511 1563.0
0.001059 0.000511 1564.0
0.001059 0.000511 1565.0
0.001060 0.000511 1566.0
0.001060 0.000511 1567.0
0.001061 0.000511 1568.0
0.001061 0.000511 1569.0
0.001062 0.000511 1570.0
0.001062 0.000511 1571.0
0.001063 0.000511 1572.0
0.001063 0.000511 1573.0
0.001064 0.000511 1574.0
0.001064 0.000512 1575.0
0.001065 0.000512 1576.0
0.001065 0.000512 1577.0
0.001066 0.000512 1578.0
0.001066 0.000512 1579.0
0.001067 0.000512 1580.0
0.001067 0.000512 1581.0
0.001068 0.000512 1582.0
0.001068 0.000512 1583.0
0.001069 0.000512 1584.0
0.001069 0.000512 1585.0
0.001070 0.000512 1586.0
0.001070 0.000512 1587.0
0.001071 0.000513 1588.0
0.001071 0.000513 1589.0
0.001072 0.000513 1590.0
0.001072 0.000513 1591.0
0.001073 0.000513 1592.0
0.001073 0.000513 1593.0
0.001074 0.000513 1594.0
0.001074 0.000513 1595.0
0.001075 0.000513 1596.0
0.001075 0.000513 1597.0
0.001075 0.000512 1598.0
0.001076 0.000512 1599.0
0.001077 0.000512 1600.0
0.001077 0.000512 1601.0
0.001078 0.000512 1602.0
0.001079 0.000512 1603.0
0.001079 0.000511 1604.0
0.001080 0.000511 1605.0
0.001081 0.000511 1606.0
0.001081 0.000511 1607.0
0.001082 0.000511 1608.0
0.001083 0.000511 1609.0
0.001083 0.000510 1610.0
0.001084 0.000510 1611.0
0.001085 0.000510 1612.0
0.001085 0.000510 1613.0
0.001086 0.000510 1614.0
0.001087 0.000510 1615.0
0.001087 0.000509 1616.0
0.001088 0.000509 1617.0
0.001089 0.000509 1618.0
0.001089 0.000509 1619.0
0.001090 0.000509 1620.0
0.001091 0.000508 1621.0
0.001091 0.000508 1622.0
0.001092 0.000508 1623.0
0.001093 0.000508 1624.0
0.001094 0.000508 1625.0
0.001094 0.000508 1626.0
0.001095 0.000507 1627.0
0.001096 0.000507 1628.0
0.001096 0.000507 1629.0
0.001097 0.000507 1630.0
0.001098 0.000507 1631.0
0.001098 0.000507 1632.0
0.001099 0.000506 1633.0
0.001100 0.000506 1634.0
0.001100 0.000506 1635.0
0.001101 0.000506 1636.0
0.001102 0.000506 1637.0
0.001102 0.000506 1638.0
0.001103 0.000505 1639.0
0.001104 0.000505 1640.0
0.001104 0.000505 1641.0
0.001105 0.000505 1642.0
0.001106 0.000505 1643.0
0.001106 0.000504 1644.0
0.001107 0.000504 1645.0
0.001108 0.000504 1646.0
0.001108 0.000504 1647.0
0.001109 0.000504 1648.0
0.001110 0.000504 1649.0
0.001110 0.000503 1650.0
0.001111 0.000503 1651.0
0.001112 0.000503 1652.0
0.001113 0.000503 1653.0
0.001113 0.000503 1654.0
0.001114 0.000503 1655.0
0.001115 0.000502 1656.0
0.001115 0.000502 1657.0
0.001116 0.000502 1658.0
0.001116 0.000504 1659.0
0.001117 0.000504 1660.0
0.001117 0.000504 1661.0
0.001118 0.000503 1662.0
0.001118 0.000503 1663.0
0.001119 0.000503 1664.0
0.001120 0.000503 1665.0
0.001120 0.000502 1666.0
0.001121 0.000502 1667.0
0.001121 0.000502 1668.0
0.001122 0.000502 1669.0
0.001122 0.000501 1670.0
0.001123 0.000501 1671.0
0.001123 0.000501 1672.0
0.001124 0.000501 1673.0
0.001125 0.000501 1674.0
0.001125 0.000500 1675.0
0.001126 0.000500 1676.0
0.001126 0.000500 1677.0
0.001127 0.000500 1678.0
0.001127 0.000499 1679.0
0.001128 0.000499 1680.0
0.001128 0.000499 1681.0
0.001129 0.000499 1682.0
0.001130 0.000498 1683.0
0.001130 0.000498 1684.0
0.001131 0.000498 1685.0
0.001131 0.000498 1686.0
0.001132 0.000497 1687.0
0.001132 0.000497 1688.0
0.001133 0.000497 1689.0
0.001133 0.000497 1690.0
0.001134 0.000497 1691.0
0.001135 0.000496 1692.0
0.001135 0.000496 1693.0
0.001136 0.000496 1694.0
0.001136 0.000496 1695.0
0.001137 0.000495 1696.0
0.001137 0.000495 1697.0
0.001138 0.000495 1698.0
0.001138 0.000495 1699.0
0.001139 0.000494 1700.0
0.001140 0.000494 1701.0
0.001140 0.000494 1702.0
0.001141 0.000494 1703.0
0.001141 0.000493 1704.0
0.001142 0.000493 1705.0
0.001142 0.000493 1706.0
0.001143 0.000493 1707.0
0.001143 0.000492 1708.0
0.001144 0.000492 1709.0
0.001145 0.000492 1710.0
0.001145 0.000492 1711.0
0.001146 0.000492 1712.0
0.001146 0.000491 1713.0
0.001147 0.000491 1714.0
0.001147 0.000491 1715.0
0.001148 0.000491 1716.0
0.001148 0.000490 1717.0
0.001149 0.000490 1718.0
0.001150 0.000493 1719.0
0.001150 0.000492 1720.0
0.001151 0.000492 1721.0
0.001152 0.000491 1722.0
0.001152 0.000491 1723.0
0.001153 0.000491 1724.0
0.001154 0.000490 1725.0
0.001154 0.000490 1726.0
0.001155 0.000489 1727.0
0.001156 0.000489 1728.0
0.001156 0.000489 1729.0
0.001157 0.000488 1730.0
0.001158 0.000488 1731.0
0.001158 0.000487 1732.0
0.001159 0.000487 1733.0
0.001160 0.000487 1734.0
0.001160 0.000486 1735.0
0.001161 0.000486 1736.0
0.001162 0.000485 1737.0
0.001162 0.000485 1738.0
0.001163 0.000485 1739.0
0.001164 0.000484 1740.0
0.001164 0.000484 1741.0
0.001165 0.000483 1742.0
0.001166 0.000483 1743.0
0.001166 0.000483 1744.0
0.001167 0.000482 1745.0
0.001168 0.000482 1746.0
0.001168 0.000481 1747.0
0.001169 0.000481 1748.0
0.001170 0.000481 1749.0
0.001171 0.000480 1750.0
0.001171 0.000480 1751.0
0.001172 0.000479 1752.0
0.001173 0.000479 1753.0
0.001173 0.000479 1754.0
0.001174 0.000478 1755.0
0.001175 0.000478 1756.0
0.001175 0.000477 1757.0
0.001176 0.000477 1758.0
0.001177 0.000477 1759.0
0.001177 0.000476 1760.0
0.001178 0.000476 1761.0
0.001179 0.000475 1762.0
0.001179 0.000475 1763.0
0.001180 0.000474 1764.0
0.001181 0.000474 1765.0
0.001181 0.000474 1766.0
0.001182 0.000473 1767.0
0.001183 0.000473 1768.0
0.001183 0.000472 1769.0
0.001184 0.000472 1770.0
0.001185 0.000472 1771.0
0.001185 0.000471 1772.0
0.001186 0.000471 1773.0
0.001187 0.000470 1774.0
0.001187 0.000470 1775.0
0.001188 0.000470 1776.0
0.001189 0.000469 1777.0
0.001189 0.000469 1778.0
0.001191 0.000473 1779.0
0.001191 0.000473 1780.0
0.001192 0.000472 1781.0
0.001193 0.000472 1782.0
0.001194 0.000472 1783.0
0.001194 0.000472 1784.0
0.001195 0.000472 1785.0
0.001196 0.000472 1786.0
0.001196 0.000471 1787.0
0.001197 0.000471 1788.0
0.001198 0.000471 1789.0
0.001199 0.000471 1790.0
0.001199 0.000471 1791.0
0.001200 0.000470 1792.0
0.001201 0.000470 1793.0
0.001201 0.000470 1794.0
0.001202 0.000470 1795.0
0.001203 0.000470 1796.0
0.001203 0.000469 1797.0
0.001204 0.000469 1798.0
0.001205 0.000469 1799.0
0.001206 0.000469 1800.0
0.001206 0.000469 1801.0
0.001207 0.000468 1802.0
0.001208 0.000468 1803.0
0.001208 0.000468 1804.0
0.001209 0.000468 1805.0
0.001210 0.000468 1806.0
0.001210 0.000467 1807.0
0.001211 0.000467 1808.0
0.001212 0.000467 1809.0
0.001213 0.000467 1810.0
0.001213 0.000467 1811.0
0.001214 0.000467 1812.0
0.001215 0.000466 1813.0
0.001215 0.000466 1814.0
0.001216 0.000466 1815.0
0.001217 0.000466 1816.0
0.001218 0.000466 1817.0
0.001218 0.000465 1818.0
0.001219 0.000465 1819.0
0.001220 0.000465 1820.0
0.001220 0.000465 1821.0
0.001221 0.000465 1822.0
0.001222 0.000464 1823.0
0.001222 0.000464 1824.0
0.001223 0.000464 1825.0
0.001224 0.000464 1826.0
0.001225 0.000464 1827.0
0.001225 0.000463 1828.0
0.001226 0.000463 1829.0
0.001227 0.000463 1830.0
0.001227 0.000463 1831.0
0.001228 0.000463 1832.0
0.001229 0.000462 1833.0
0.001229 0.000462 1834.0
0.001230 0.000462 1835.0
0.001231 0.000462 1836.0
0.001232 0.000462 1837.0
0.001232 0.000461 1838.0
0.001233 0.000461 1839.0
0.001234 0.000461 1840.0
0.001234 0.000461 1841.0
0.001235 0.000461 1842.0
0.001236 0.000461 1843.0
0.001237 0.000460 1844.0
0.001237 0.000460 1845.0
0.001238 0.000460 1846.0
0.001239 0.000460 1847.0
0.001239 0.000460 1848.0
0.001240 0.000459 1849.0
0.001240 0.000462 1850.0
0.001241 0.000462 1851.0
0.001242 0.000461 1852.0
0.001243 0.000461 1853.0
0.001244 0.000461 1854.0
0.001245 0.000461 1855.0
0.001245 0.000460 1856.0
0.001246 0.000460 1857.0
0.001247 0.000460 1858.0
0.001248 0.000460 1859.0
0.001249 0.000459 1860.0
0.001249 0.000459 1861.0
0.001250 0.000459 1862.0
0.001251 0.000459 1863.0
0.001252 0.000458 1864.0
0.001253 0.000458 1865.0
0.001254 0.000458 1866.0
0.001254 0.000458 1867.0
0.001255 0.000457 1868.0
0.001256 0.000457 1869.0
0.001257 0.000457 1870.0
0.001258 0.000457 1871.0
0.001259 0.000456 1872.0
0.001259 0.000456 1873.0
0.001260 0.000456 1874.0
0.001261 0.000456 1875.0
0.001262 0.000455 1876.0
0.001263 0.000455 1877.0
0.001263 0.000455 1878.0
0.001264 0.000455 1879.0
0.001265 0.000454 1880.0
0.001266 0.000454 1881.0
0.001267 0.000454 1882.0
0.001268 0.000454 1883.0
0.001268 0.000453 1884.0
0.001269 0.000453 1885.0
0.001270 0.000453 1886.0
0.001271 0.000453 1887.0
0.001272 0.000452 1888.0
0.001272 0.000452 1889.0
0.001273 0.000452 1890.0
0.001274 0.000452 1891.0
0.001275 0.000451 1892.0
0.001276 0.000451 1893.0
0.001277 0.000451 1894.0
0.001277 0.000451 1895.0
0.001278 0.000450 1896.0
0.001279 0.000450 1897.0
0.001280 0.000450 1898.0
0.001281 0.000450 1899.0
0.001282 0.000449 1900.0
0.001282 0.000452 1901.0
0.001282 0.000452 1902.0
0.001283 0.000452 1903.0
0.001283 0.000452 1904.0
0.001284 0.000452 1905.0
0.001284 0.000451 1906.0
0.001284 0.000451 1907.0
0.001285 0.000451 1908.0
0.001285 0.000451 1909.0
0.001286 0.000451 1910.0
0.001286 0.000451 1911.0
0.001287 0.000451 1912.0
0.001287 0.000451 1913.0
0.001287 0.000451 1914.0
0.001288 0.000451 1915.0
0.001288 0.000451 1916.0
0.001289 0.000451 1917.0
0.001289 0.000451 1918.0
0.001290 0.000451 1919.0
0.001290 0.000451 1920.0
0.001290 0.000451 1921.0
0.001291 0.000451 1922.0
0.001291 0.000450 1923.0
0.001292 0.000450 1924.0
0.001292 0.000450 1925.0
0.001293 0.000450 1926.0
0.001293 0.000450 1927.0
0.001293 0.000450 1928.0
0.001294 0.000450 1929.0
0.001294 0.000450 1930.0
0.001295 0.000450 1931.0
0.001295 0.000450 1932.0
0.001295 0.000450 1933.0
0.001296 0.000450 1934.0
0.001296 0.000450 1935.0
0.001297 0.000450 1936.0
0.001297 0.000450 1937.0
0.001298 0.000450 1938.0
0.001298 0.000449 1939.0
0.001298 0.000449 1940.0
0.001299 0.000449 1941.0
0.001299 0.000449 1942.0
0.001300 0.000449 1943.0
0.001300 0.000449 1944.0
0.001301 0.000449 1945.0
0.001301 0.000449 1946.0
0.001301 0.000449 1947.0
0.001302 0.000449 1948.0
0.001302 0.000449 1949.0
0.001303 0.000449 1950.0
0.001303 0.000449 1951.0
0.001304 0.000449 1952.0
0.001304 0.000449 1953.0
0.001304 0.000449 1954.0
0.001305 0.000449 1955.0
0.001305 0.000448 1956.0
0.001306 0.000448 1957.0
0.001306 0.000448 1958.0
0.001306 0.000448 1959.0
0.001307 0.000448 1960.0
0.001307 0.000448 1961.0
0.001308 0.000448 1962.0
0.001308 0.000448 1963.0
0.001309 0.000448 1964.0
0.001309 0.000449 1965.0
0.001309 0.000448 1966.0
0.001310 0.000448 1967.0
0.001311 0.000448 1968.0
0.001311 0.000448 1969.0
0.001312 0.000448 1970.0
0.001313 0.000448 1971.0
0.001314 0.000447 1972.0
0.001314 0.000447 1973.0
0.001315 0.000447 1974.0
0.001316 0.000447 1975.0
0.001316 0.000447 1976.0
0.001317 0.000446 1977.0
0.001318 0.000446 1978.0
0.001318 0.000446 1979.0
0.001319 0.000446 1980.0
0.001320 0.000446 1981.0
0.001320 0.000445 1982.0
0.001321 0.000445 1983.0
0.001322 0.000445 1984.0
0.001323 0.000445 1985.0
0.001323 0.000445 1986.0
0.001324 0.000444 1987.0
0.001325 0.000444 1988.0
0.001325 0.000444 1989.0
0.001326 0.000444 1990.0
0.001327 0.000444 1991.0
0.001327 0.000443 1992.0
0.001328 0.000443 1993.0
0.001329 0.000443 1994.0
0.001330 0.000443 1995.0
0.001330 0.000443 1996.0
0.001331 0.000442 1997.0
0.001332 0.000442 1998.0
0.001332 0.000442 1999.0
0.001333 0.000442 2000.0
0.001334 0.000442 2001.0
0.001334 0.000441 2002.0
0.001335 0.000441 2003.0
0.001336 0.000441 2004.0
0.001336 0.000441 2005.0
0.001337 0.000441 2006.0
0.001338 0.000440 2007.0
0.001339 0.000440 2008.0
0.001339 0.000440 2009.0
0.001340 0.000440 2010.0
0.001341 0.000440 2011.0
0.001341 0.000439 2012.0
0.001342 0.000439 2013.0
0.001343 0.000439 2014.0
0.001343 0.000439 2015.0
0.001344 0.000439 2016.0
0.001345 0.000438 2017.0
0.001345 0.000438 2018.0
0.001346 0.000438 2019.0
0.001347 0.000440 2020.0
0.001346 0.000439 2021.0
0.001346 0.000438 2022.0
0.001346 0.000437 2023.0
0.001346 0.000436 2024.0
0.001346 0.000435 2025.0
0.001346 0.000434 2026.0
0.001346 0.000433 2027.0
0.001346 0.000432 2028.0
0.001346 0.000431 2029.0
0.001346 0.000430 2030.0
0.001345 0.000429 2031.0
0.001345 0.000428 2032.0
0.001345 0.000427 2033.0
0.001345 0.000426 2034.0
0.001345 0.000425 2035.0
0.001345 0.000424 2036.0
0.001345 0.000424 2037.0
0.001345 0.000423 2038.0
0.001345 0.000422 2039.0
0.001345 0.000421 2040.0
0.001344 0.000420 2041.0
0.001344 0.000419 2042.0
0.001344 0.000418 2043.0
0.001344 0.000417 2044.0
0.001344 0.000416 2045.0
0.001344 0.000415 2046.0
0.001344 0.000414 2047.0
0.001344 0.000413 2048.0
0.001344 0.000412 2049.0
0.001344 0.000411 2050.0
0.001343 0.000410 2051.0
0.001343 0.000409 2052.0
0.001343 0.000408 2053.0
0.001343 0.000407 2054.0
0.001343 0.000406 2055.0
0.001343 0.000405 2056.0
0.001343 0.000404 2057.0
0.001343 0.000403 2058.0
0.001343 0.000402 2059.0
0.001343 0.000401 2060.0
0.001342 0.000400 2061.0
0.001342 0.000399 2062.0
0.001342 0.000398 2063.0
0.001342 0.000397 2064.0
0.001342 0.000396 2065.0
0.001342 0.000395 2066.0
0.001342 0.000394 2067.0
0.001342 0.000393 2068.0
0.001342 0.000392 2069.0
0.001342 0.000391 2070.0
0.001342 0.000391 2071.0
0.001341 0.000390 2072.0
0.001341 0.000389 2073.0
0.001341 0.000388 2074.0
0.001341 0.000387 2075.0
0.001341 0.000386 2076.0
0.001341 0.000385 2077.0
0.001341 0.000384 2078.0
0.001341 0.000383 2079.0
0.001339 0.000383 2080.0
0.001339 0.000382 2081.0
0.001339 0.000382 2082.0
0.001339 0.000381 2083.0
0.001339 0.000380 2084.0
0.001339 0.000380 2085.0
0.001339 0.000379 2086.0
0.001339 0.000378 2087.0
0.001339 0.000378 2088.0
0.001339 0.000377 2089.0
0.001338 0.000376 2090.0
0.001338 0.000376 2091.0
0.001338 0.000375 2092.0
0.001338 0.000375 2093.0
0.001338 0.000374 2094.0
0.001338 0.000373 2095.0
0.001338 0.000373 2096.0
0.001338 0.000372 2097.0
0.001338 0.000371 2098.0
0.001338 0.000371 2099.0
0.001338 0.000370 2100.0
0.001337 0.000369 2101.0
0.001337 0.000369 2102.0
0.001337 0.000368 2103.0
0.001337 0.000367 2104.0
0.001337 0.000367 2105.0
0.001337 0.000366 2106.0
0.001337 0.000365 2107.0
0.001337 0.000365 2108.0
0.001337 0.000364 2109.0
0.001337 0.000363 2110.0
0.001337 0.000363 2111.0
0.001337 0.000362 2112.0
0.001336 0.000361 2113.0
0.001336 0.000361 2114.0
0.001336 0.000360 2115.0
0.001336 0.000359 2116.0
0.001336 0.000359 2117.0
0.001336 0.000358 2118.0
0.001336 0.000358 2119.0
0.001336 0.000357 2120.0
0.001336 0.000356 2121.0
0.001336 0.000356 2122.0
0.001336 0.000355 2123.0
0.001335 0.000354 2124.0
0.001335 0.000354 2125.0
0.001335 0.000353 2126.0
0.001335 0.000352 2127.0
0.001335 0.000352 2128.0
0.001335 0.000351 2129.0
0.001335 0.000350 2130.0
0.001335 0.000350 2131.0
0.001335 0.000349 2132.0
0.001335 0.000348 2133.0
0.001335 0.000348 2134.0
0.001335 0.000347 2135.0
0.001334 0.000346 2136.0
0.001334 0.000346 2137.0
0.001334 0.000345 2138.0
0.001334 0.000344 2139.0
0.001334 0.000344 2140.0
0.001333 0.000344 2141.0
0.001333 0.000344 2142.0
0.001333 0.000344 2143.0
0.001333 0.000343 2144.0
0.001333 0.000343 2145.0
0.001333 0.000343 2146.0
0.001333 0.000342 2147.0
0.001333 0.000342 2148.0
0.001333 0.000342 2149.0
0.001333 0.000342 2150.0
0.001333 0.000341 2151.0
0.001333 0.000341 2152.0
0.001333 0.000341 2153.0
0.001333 0.000341 2154.0
0.001332 0.000340 2155.0
0.001332 0.000340 2156.0
0.001332 0.000340 2157.0
0.001332 0.000339 2158.0
0.001332 0.000339 2159.0
0.001332 0.000339 2160.0
0.001332 0.000339 2161.0
0.001332 0.000338 2162.0
0.001332 0.000338 2163.0
0.001332 0.000338 2164.0
0.001332 0.000337 2165.0
0.001332 0.000337 2166.0
0.001332 0.000337 2167.0
0.001332 0.000337 2168.0
0.001332 0.000336 2169.0
0.001332 0.000336 2170.0
0.001332 0.000336 2171.0
0.001332 0.000336 2172.0
0.001332 0.000335 2173.0
0.001332 0.000335 2174.0
0.001332 0.000335 2175.0
0.001332 0.000334 2176.0
0.001332 0.000334 2177.0
0.001332 0.000334 2178.0
0.001332 0.000334 2179.0
0.001332 0.000333 2180.0
0.001332 0.000333 2181.0
0.001332 0.000333 2182.0
0.001332 0.000332 2183.0
0.001332 0.000332 2184.0
0.001332 0.000332 2185.0
0.001332 0.000332 2186.0
0.001332 0.000331 2187.0
0.001332 0.000331 2188.0
0.001332 0.000331 2189.0
0.001332 0.000331 2190.0
0.001332 0.000330 2191.0
0.001332 0.000330 2192.0
0.001332 0.000330 2193.0
0.001331 0.000329 2194.0
0.001331 0.000329 2195.0
0.001331 0.000329 2196.0
0.001331 0.000329 2197.0
0.001331 0.000328 2198.0
0.001331 0.000328 2199.0
0.001331 0.000328 2200.0
0.001331 0.000327 2201.0
0.001331 0.000327 2202.0
0.001331 0.000327 2203.0
0.001331 0.000327 2204.0
0.001331 0.000326 2205.0
0.001331 0.000326 2206.0
0.001331 0.000326 2207.0
0.001331 0.000326 2208.0
0.001331 0.000326 2209.0
0.001331 0.000326 2210.0
0.001331 0.000326 2211.0
0.001331 0.000326 2212.0
0.001331 0.000326 2213.0
0.001331 0.000326 2214.0
0.001331 0.000326 2215.0
0.001331 0.000326 2216.0
0.001331 0.000326 2217.0
0.001331 0.000326 2218.0
0.001331 0.000326 2219.0
0.001331 0.000326 2220.0
0.001331 0.000326 2221.0
0.001331 0.000326 2222.0
0.001331 0.000326 2223.0
0.001331 0.000326 2224.0
0.001331 0.000326 2225.0
0.001331 0.000326 2226.0
0.001331 0.000326 2227.0
0.001331 0.000326 2228.0
0.001331 0.000326 2229.0
0.001331 0.000326 2230.0
0.001331 0.000326 2231.0
0.001331 0.000326 2232.0
0.001331 0.000326 2233.0
0.001331 0.000326 2234.0
0.001331 0.000326 2235.0
0.001331 0.000326 2236.0
0.001331 0.000326 2237.0
0.001331 0.000326 2238.0
0.001331 0.000326 2239.0
0.001331 0.000326 2240.0
0.001331 0.000325 2241.0
0.001331 0.000325 2242.0
0.001331 0.000325 2243.0
0.001331 0.000325 2244.0
0.001331 0.000325 2245.0
0.001331 0.000325 2246.0
0.001331 0.000325 2247.0
0.001331 0.000325 2248.0
0.001331 0.000325 2249.0
0.001331 0.000325 2250.0
0.001331 0.000325 2251.0
0.001331 0.000325 2252.0
0.001331 0.000325 2253.0
0.001331 0.000325 2254.0
0.001331 0.000325 2255.0
0.001331 0.000325 2256.0
0.001331 0.000325 2257.0
0.001331 0.000325 2258.0
0.001331 0.000325 2259.0
0.001331 0.000325 2260.0
0.001331 0.000325 2261.0
0.001331 0.000325 2262.0
0.001331 0.000325 2263.0
0.001331 0.000325 2264.0
0.001331 0.000325 2265.0
0.001331 0.000325 2266.0
0.001331 0.000325 2267.0
0.001331 0.000325 2268.0
0.001331 0.000325 2269.0
0.001331 0.000325 2270.0
0.001331 0.000325 2271.0
0.001331 0.000325 2272.0
0.001331 0.000325 2273.0
0.001331 0.000325 2274.0
0.001331 0.000325 2275.0
0.001331 0.000325 2276.0
0.001331 0.000325 2277.0
0.001331 0.000325 2278.0
0.001331 0.000325 2279.0
0.001331 0.000325 2280.0
0.001331 0.000325 2281.0
0.001331 0.000325 2282.0
0.001331 0.000325 2283.0
0.001331 0.000325 2284.0
0.001331 0.000325 2285.0
0.001331 0.000325 2286.0
0.001331 0.000325 2287.0
0.001331 0.000325 2288.0
0.001331 0.000325 2289.0
0.001331 0.000325 2290.0
0.001331 0.000325 2291.0
0.001331 0.000325 2292.0
0.001331 0.000325 2293.0
0.001331 0.000325 2294.0
0.001331 0.000325 2295.0
0.001331 0.000325 2296.0
0.001331 0.000326 2297.0
0.001331 0.000326 2298.0
0.001331 0.000326 2299.0
0.001331 0.000326 2300.0
0.001331 0.000326 2301.0
0.001331 0.000326 2302.0
0.001331 0.000326 2303.0
0.001331 0.000326 2304.0
0.001331 0.000326 2305.0
0.001331 0.000326 2306.0
0.001331 0.000326 2307.0
0.001331 0.000326 2308.0
0.001331 0.000326 2309.0
0.001331 0.000326 2310.0
0.001331 0.000326 2311.0
0.001331 0.000326 2312.0
0.001331 0.000326 2313.0
0.001331 0.000326 2314.0
0.001331 0.000326 2315.0
0.001331 0.000326 2316.0
0.001331 0.000326 2317.0
0.001331 0.000326 2318.0
0.001331 0.000326 2319.0
0.001331 0.000326 2320.0
0.001331 0.000326 2321.0
0.001331 0.000326 2322.0
0.001331 0.000326 2323.0
0.001331 0.000326 2324.0
0.001331 0.000326 2325.0
0.001331 0.000326 2326.0
0.001331 0.000326 2327.0
0.001331 0.000326 2328.0
0.001331 0.000326 2329.0
0.001331 0.000326 2330.0
0.001331 0.000326 2331.0
0.001331 0.000326 2332.0
0.001331 0.000326 2333.0
0.001331 0.000326 2334.0
0.001331 0.000326 2335.0
0.001331 0.000326 2336.0
0.001331 0.000326 2337.0
0.001331 0.000326 2338.0
0.001331 0.000326 2339.0
0.001331 0.000326 2340.0
0.001331 0.000326 2341.0
0.001331 0.000326 2342.0
0.001331 0.000326 2343.0
0.001331 0.000326 2344.0
0.001331 0.000326 2345.0
0.001331 0.000326 2346.0
0.001331 0.000326 2347.0
0.001331 0.000326 2348.0
0.001331 0.000326 2349.0
0.001331 0.000326 2350.0
0.001331 0.000326 2351.0
0.001331 0.000326 2352.0
0.001331 0.000326 2353.0
0.001331 0.000326 2354.0
0.001331 0.000326 2355.0
0.001331 0.000326 2356.0
0.001330 0.000326 2357.0
0.001330 0.000326 2358.0
0.001330 0.000326 2359.0
0.001330 0.000326 2360.0
0.001330 0.000326 2361.0
0.001330 0.000326 2362.0
0.001330 0.000326 2363.0
0.001330 0.000326 2364.0
0.001330 0.000326 2365.0
0.001330 0.000326 2366.0
0.001330 0.000326 2367.0
0.001330 0.000326 2368.0
0.001330 0.000327 2369.0
0.001330 0.000327 2370.0
0.001330 0.000327 2371.0
0.001330 0.000327 2372.0
0.001330 0.000327 2373.0
0.001330 0.000327 2374.0
0.001330 0.000327 2375.0
0.001330 0.000327 2376.0
0.001330 0.000327 2377.0
0.001330 0.000327 2378.0
0.001330 0.000327 2379.0
0.001330 0.000327 2380.0
0.001330 0.000327 2381.0
0.001330 0.000327 2382.0
0.001330 0.000327 2383.0
0.001330 0.000327 2384.0
0.001330 0.000327 2385.0
0.001330 0.000326 2386.0
0.001330 0.000326 2387.0
0.001330 0.000326 2388.0
0.001330 0.000326 2389.0
0.001330 0.000326 2390.0
0.001330 0.000326 2391.0
0.001330 0.000326 2392.0
0.001330 0.000326 2393.0
0.001330 0.000326 2394.0
0.001330 0.000326 2395.0
0.001330 0.000326 2396.0
0.001330 0.000326 2397.0
0.001330 0.000326 2398.0
0.001330 0.000326 2399.0
0.001330 0.000326 2400.0
0.001330 0.000326 2401.0
0.001330 0.000326 2402.0
0.001330 0.000326 2403.0
0.001330 0.000326 2404.0
0.001330 0.000326 2405.0
0.001330 0.000326 2406.0
0.001330 0.000326 2407.0
0.001330 0.000326 2408.0
0.001330 0.000326 2409.0
0.001330 0.000326 2410.0
0.001330 0.000326 2411.0
0.001330 0.000326 2412.0
0.001330 0.000326 2413.0
0.001330 0.000326 2414.0
0.001330 0.000326 2415.0
0.001330 0.000326 2416.0
0.001330 0.000325 2417.0
0.001330 0.000325 2418.0
0.001330 0.000325 2419.0
0.001330 0.000325 2420.0
0.001330 0.000325 2421.0
0.001330 0.000325 2422.0
0.001330 0.000325 2423.0
0.001330 0.000325 2424.0
0.001330 0.000325 2425.0
0.001330 0.000325 2426.0
0.001330 0.000325 2427.0
0.001330 0.000325 2428.0
0.001330 0.000325 2429.0
0.001330 0.000325 2430.0
0.001330 0.000325 2431.0
0.001330 0.000325 2432.0
0.001330 0.000325 2433.0
0.001330 0.000325 2434.0
0.001330 0.000325 2435.0
0.001330 0.000325 2436.0
0.001330 0.000325 2437.0
0.001330 0.000325 2438.0
0.001331 0.000325 2439.0
0.001331 0.000325 2440.0
0.001331 0.000325 2441.0
0.001331 0.000325 2442.0
0.001331 0.000325 2443.0
0.001331 0.000325 2444.0
0.001331 0.000325 2445.0
0.001331 0.000325 2446.0
0.001331 0.000325 2447.0
0.001331 0.000324 2448.0
0.001331 0.000324 2449.0
0.001331 0.000324 2450.0
0.001331 0.000324 2451.0
0.001331 0.000324 2452.0
0.001331 0.000324 2453.0
0.001331 0.000324 2454.0
0.001331 0.000324 2455.0
0.001331 0.000324 2456.0
0.001331 0.000324 2457.0
0.001331 0.000324 2458.0
0.001331 0.000324 2459.0
0.001331 0.000324 2460.0
0.001331 0.000324 2461.0
0.001331 0.000324 2462.0
0.001331 0.000324 2463.0
0.001331 0.000324 2464.0
0.001331 0.000324 2465.0
0.001331 0.000324 2466.0
0.001331 0.000323 2467.0
0.001331 0.000323 2468.0
0.001331 0.000323 2469.0
0.001331 0.000323 2470.0
0.001331 0.000323 2471.0
0.001331 0.000323 2472.0
0.001331 0.000323 2473.0
0.001331 0.000323 2474.0
0.001331 0.000323 2475.0
0.001331 0.000323 2476.0
0.001332 0.000323 2477.0
0.001332 0.000323 2478.0
0.001332 0.000323 2479.0
0.001332 0.000323 2480.0
0.001332 0.000323 2481.0
0.001332 0.000323 2482.0
0.001332 0.000323 2483.0
0.001332 0.000323 2484.0
0.001332 0.000323 2485.0
0.001332 0.000323 2486.0
0.001332 0.000322 2487.0
0.001332 0.000322 2488.0
0.001332 0.000322 2489.0
0.001332 0.000322 2490.0
0.001332 0.000322 2491.0
0.001332 0.000322 2492.0
0.001332 0.000322 2493.0
0.001332 0.000322 2494.0
0.001332 0.000322 2495.0
0.001332 0.000322 2496.0
0.001332 0.000322 2497.0
0.001332 0.000322 2498.0
0.001332 0.000322 2499.0
0.001332 0.000322 2500.0
0.001332 0.000322 2501.0
0.001332 0.000322 2502.0
0.001332 0.000322 2503.0
0.001333 0.000322 2504.0
0.001333 0.000322 2505.0
0.001333 0.000322 2506.0
0.001334 0.000321 2507.0
0.001334 0.000321 2508.0
0.001334 0.000321 2509.0
0.001335 0.000321 2510.0
0.001335 0.000321 2511.0
0.001335 0.000321 2512.0
0.001336 0.000321 2513.0
0.001336 0.000320 2514.0
0.001336 0.000320 2515.0
0.001337 0.000320 2516.0
0.001337 0.000320 2517.0
0.001337 0.000320 2518.0
0.001338 0.000320 2519.0
0.001338 0.000320 2520.0
0.001339 0.000319 2521.0
0.001339 0.000319 2522.0
0.001339 0.000319 2523.0
0.001340 0.000319 2524.0
0.001340 0.000319 2525.0
0.001340 0.000319 2526.0
0.001341 0.000319 2527.0
0.001341 0.000318 2528.0
0.001341 0.000318 2529.0
0.001342 0.000318 2530.0
0.001342 0.000318 2531.0
0.001342 0.000318 2532.0
0.001343 0.000318 2533.0
0.001343 0.000318 2534.0
0.001343 0.000317 2535.0
0.001344 0.000317 2536.0
0.001344 0.000317 2537.0
0.001344 0.000317 2538.0
0.001345 0.000317 2539.0
0.001345 0.000317 2540.0
0.001345 0.000317 2541.0
0.001346 0.000316 2542.0
0.001346 0.000316 2543.0
0.001346 0.000316 2544.0
0.001347 0.000316 2545.0
0.001347 0.000316 2546.0
0.001347 0.000316 2547.0
0.001348 0.000316 2548.0
0.001348 0.000316 2549.0
0.001348 0.000315 2550.0
0.001349 0.000315 2551.0
0.001349 0.000315 2552.0
0.001349 0.000315 2553.0
0.001350 0.000315 2554.0
0.001350 0.000315 2555.0
0.001350 0.000315 2556.0
0.001351 0.000314 2557.0
0.001351 0.000314 2558.0
0.001351 0.000314 2559.0
0.001352 0.000314 2560.0
0.001352 0.000314 2561.0
0.001352 0.000314 2562.0
0.001353 0.000314 2563.0
0.001353 0.000313 2564.0
0.001353 0.000313 2565.0
0.001354 0.000313 2566.0
0.001354 0.000313 2567.0
0.001355 0.000315 2568.0
0.001355 0.000314 2569.0
0.001356 0.000314 2570.0
0.001357 0.000314 2571.0
0.001357 0.000314 2572.0
0.001358 0.000313 2573.0
0.001359 0.000313 2574.0
0.001359 0.000313 2575.0
0.001360 0.000312 2576.0
0.001361 0.000312 2577.0
0.001361 0.000312 2578.0
0.001362 0.000312 2579.0
0.001363 0.000311 2580.0
0.001363 0.000311 2581.0
0.001364 0.000311 2582.0
0.001365 0.000311 2583.0
0.001365 0.000310 2584.0
0.001366 0.000310 2585.0
0.001367 0.000310 2586.0
0.001367 0.000309 2587.0
0.001368 0.000309 2588.0
0.001369 0.000309 2589.0
0.001370 0.000309 2590.0
0.001370 0.000308 2591.0
0.001371 0.000308 2592.0
0.001372 0.000308 2593.0
0.001372 0.000308 2594.0
0.001373 0.000307 2595.0
0.001374 0.000307 2596.0
0.001374 0.000307 2597.0
0.001375 0.000307 2598.0
0.001376 0.000306 2599.0
0.001376 0.000306 2600.0
0.001377 0.000306 2601.0
0.001378 0.000305 2602.0
0.001378 0.000305 2603.0
0.001379 0.000305 2604.0
0.001380 0.000305 2605.0
0.001380 0.000304 2606.0
0.001381 0.000304 2607.0
0.001382 0.000304 2608.0
0.001382 0.000304 2609.0
0.001383 0.000303 2610.0
0.001384 0.000303 2611.0
0.001384 0.000303 2612.0
0.001385 0.000302 2613.0
0.001386 0.000302 2614.0
0.001387 0.000302 2615.0
0.001387 0.000302 2616.0
0.001388 0.000301 2617.0
0.001389 0.000301 2618.0
0.001389 0.000301 2619.0
0.001390 0.000301 2620.0
0.001391 0.000303 2621.0
0.001391 0.000303 2622.0
0.001391 0.000303 2623.0
0.001392 0.000303 2624.0
0.001392 0.000303 2625.0
0.001393 0.000302 2626.0
0.001393 0.000302 2627.0
0.001393 0.000302 2628.0
0.001394 0.000302 2629.0
0.001394 0.000302 2630.0
0.001395 0.000302 2631.0
0.001395 0.000301 2632.0
0.001395 0.000301 2633.0
0.001396 0.000301 2634.0
0.001396 0.000301 2635.0
0.001397 0.000301 2636.0
0.001397 0.000301 2637.0
0.001397 0.000301 2638.0
0.001398 0.000300 2639.0
0.001398 0.000300 2640.0
0.001399 0.000300 2641.0
0.001399 0.000300 2642.0
0.001399 0.000300 2643.0
0.001400 0.000300 2644.0
0.001400 0.000299 2645.0
0.001401 0.000299 2646.0
0.001401 0.000299 2647.0
0.001401 0.000299 2648.0
0.001402 0.000299 2649.0
0.001402 0.000299 2650.0
0.001403 0.000299 2651.0
0.001403 0.000298 2652.0
0.001404 0.000298 2653.0
0.001404 0.000298 2654.0
0.001404 0.000298 2655.0
0.001405 0.000298 2656.0
0.001405 0.000298 2657.0
0.001406 0.000298 2658.0
0.001406 0.000297 2659.0
0.001406 0.000297 2660.0
0.001407 0.000297 2661.0
0.001407 0.000297 2662.0
0.001408 0.000297 2663.0
0.001408 0.000297 2664.0
0.001408 0.000296 2665.0
0.001409 0.000296 2666.0
0.001409 0.000296 2667.0
0.001410 0.000296 2668.0
0.001410 0.000296 2669.0
0.001410 0.000296 2670.0
0.001411 0.000296 2671.0
0.001411 0.000295 2672.0
0.001412 0.000295 2673.0
0.001412 0.000295 2674.0
0.001412 0.000295 2675.0
0.001413 0.000295 2676.0
0.001413 0.000295 2677.0
0.001414 0.000294 2678.0
0.001414 0.000294 2679.0
0.001415 0.000294 2680.0
0.001415 0.000294 2681.0
0.001415 0.000296 2682.0
