0.000400 -0.000532 11.0
0.000400 -0.000531 12.0
0.000400 -0.000530 13.0
0.000400 -0.000529 14.0
0.000400 -0.000528 15.0
0.000400 -0.000527 16.0
0.000401 -0.000526 17.0
0.000401 -0.000525 18.0
0.000401 -0.000524 19.0
0.000401 -0.000523 20.0
0.000401 -0.000522 21.0
0.000401 -0.000521 22.0
0.000401 -0.000520 23.0
0.000402 -0.000518 24.0
0.000402 -0.000517 25.0
0.000402 -0.000516 26.0
0.000402 -0.000515 27.0
0.000402 -0.000514 28.0
0.000402 -0.000513 29.0
0.000402 -0.000512 30.0
0.000402 -0.000511 31.0
0.000403 -0.000510 32.0
0.000403 -0.000509 33.0
0.000403 -0.000508 34.0
0.000403 -0.000507 35.0
0.000403 -0.000506 36.0
0.000403 -0.000505 37.0
0.000403 -0.000504 38.0
0.000404 -0.000503 39.0
0.000404 -0.000502 40.0
0.000404 -0.000501 41.0
0.000404 -0.000500 42.0
0.000404 -0.000499 43.0
0.000404 -0.000498 44.0
0.000404 -0.000497 45.0
0.000405 -0.000496 46.0
0.000405 -0.000494 47.0
0.000405 -0.000493 48.0
0.000405 -0.000492 49.0
0.000405 -0.000491 50.0
0.000405 -0.000490 51.0
0.000405 -0.000489 52.0
0.000406 -0.000488 53.0
0.000406 -0.000487 54.0
0.000406 -0.000486 55.0
0.000406 -0.000485 56.0
0.000406 -0.000484 57.0
0.000406 -0.000483 58.0
0.000406 -0.000482 59.0
0.000406 -0.000481 60.0
0.000407 -0.000480 61.0
0.000407 -0.000479 62.0
0.000407 -0.000478 63.0
0.000407 -0.000477 64.0
0.000407 -0.000476 65.0
0.000407 -0.000475 66.0
0.000407 -0.000474 67.0
0.000408 -0.000473 68.0
0.000408 -0.000472 69.0
0.000408 -0.000470 70.0
0.000408 -0.000469 71.0
0.000408 -0.000468 72.0
0.000408 -0.000467 73.0
0.000408 -0.000466 74.0
0.000409 -0.000465 75.0
0.000409 -0.000464 76.0
0.000409 -0.000463 77.0
0.000409 -0.000462 78.0
0.000409 -0.000461 79.0
0.000409 -0.000460 80.0
0.000409 -0.000459 81.0
0.000409 -0.000458 82.0
0.000410 -0.000457 83.0
0.000410 -0.000456 84.0
0.000410 -0.000455 85.0
0.000410 -0.000454 86.0
0.000410 -0.000453 87.0
0.000410 -0.000452 88.0
0.000410 -0.000451 89.0
0.000411 -0.000450 90.0
0.000411 -0.000449 91.0
0.000411 -0.000448 92.0
0.000411 -0.000446 93.0
0.000411 -0.000445 94.0
0.000411 -0.000444 95.0
0.000411 -0.000443 96.0
0.000412 -0.000442 97.0
0.000412 -0.000441 98.0
0.000412 -0.000440 99.0
0.000412 -0.000439 100.0
0.000412 -0.000438 101.0
0.000412 -0.000437 102.0
0.000412 -0.000436 103.0
0.000413 -0.000435 104.0
0.000413 -0.000434 105.0
0.000413 -0.000433 106.0
0.000413 -0.000432 107.0
0.000413 -0.000431 108.0
0.000413 -0.000430 109.0
0.000413 -0.000429 110.0
0.000413 -0.000428 111.0
0.000414 -0.000427 112.0
0.000414 -0.000426 113.0
0.000414 -0.000425 114.0
0.000414 -0.000424 115.0
0.000414 -0.000422 116.0
0.000414 -0.000421 117.0
0.000414 -0.000420 118.0
0.000415 -0.000419 119.0
0.000415 -0.000418 120.0
0.000415 -0.000417 121.0
0.000415 -0.000416 122.0
0.000415 -0.000415 123.0
0.000415 -0.000414 124.0
0.000415 -0.000413 125.0
0.000419 -0.000414 126.0
0.000419 -0.000414 127.0
0.000419 -0.000414 128.0
0.000420 -0.000415 129.0
0.000420 -0.000415 130.0
0.000420 -0.000415 131.0
0.000420 -0.000415 132.0
0.000420 -0.000416 133.0
0.000420 -0.000416 134.0
0.000420 -0.000416 135.0
0.000420 -0.000416 136.0
0.000420 -0.000417 137.0
0.000420 -0.000417 138.0
0.000421 -0.000417 139.0
0.000421 -0.000417 140.0
0.000421 -0.000418 141.0
0.000421 -0.000418 142.0
0.000421 -0.000418 143.0
0.000421 -0.000418 144.0
0.000421 -0.000419 145.0
0.000421 -0.000419 146.0
0.000421 -0.000419 147.0
0.000421 -0.000419 148.0
0.000422 -0.000420 149.0
0.000422 -0.000420 150.0
0.000422 -0.000420 151.0
0.000422 -0.000420 152.0
0.000422 -0.000421 153.0
0.000422 -0.000421 154.0
0.000422 -0.000421 155.0
0.000422 -0.000421 156.0
0.000422 -0.000422 157.0
0.000422 -0.000422 158.0
0.000423 -0.000422 159.0
0.000423 -0.000422 160.0
0.000423 -0.000423 161.0
0.000423 -0.000423 162.0
0.000423 -0.000423 163.0
0.000423 -0.000423 164.0
0.000423 -0.000423 165.0
0.000423 -0.000424 166.0
0.000423 -0.000424 167.0
0.000423 -0.000424 168.0
0.000424 -0.000424 169.0
0.000424 -0.000425 170.0
0.000424 -0.000425 171.0
0.000424 -0.000425 172.0
0.000424 -0.000425 173.0
0.000424 -0.000426 174.0
0.000424 -0.000426 175.0
0.000424 -0.000426 176.0
0.000424 -0.000426 177.0
0.000424 -0.000427 178.0
0.000425 -0.000427 179.0
0.000425 -0.000427 180.0
0.000425 -0.000427 181.0
0.000425 -0.000428 182.0
0.000425 -0.000428 183.0
0.000425 -0.000428 184.0
0.000425 -0.000428 185.0
0.000426 -0.000428 186.0
0.000426 -0.000428 187.0
0.000426 -0.000428 188.0
0.000426 -0.000428 189.0
0.000426 -0.000428 190.0
0.000426 -0.000428 191.0
0.000426 -0.000428 192.0
0.000426 -0.000428 193.0
0.000426 -0.000428 194.0
0.000426 -0.000428 195.0
0.000426 -0.000428 196.0
0.000426 -0.000428 197.0
0.000426 -0.000428 198.0
0.000426 -0.000428 199.0
0.000426 -0.000428 200.0
0.000426 -0.000428 201.0
0.000426 -0.000428 202.0
0.000426 -0.000428 203.0
0.000426 -0.000428 204.0
0.000426 -0.000428 205.0
0.000426 -0.000428 206.0
0.000426 -0.000428 207.0
0.000426 -0.000428 208.0
0.000426 -0.000428 209.0
0.000426 -0.000428 210.0
0.000426 -0.000428 211.0
0.000426 -0.000428 212.0
0.000426 -0.000428 213.0
0.000426 -0.000428 214.0
0.000426 -0.000428 215.0
0.000426 -0.000428 216.0
0.000426 -0.000428 217.0
0.000426 -0.000428 218.0
0.000426 -0.000428 219.0
0.000426 -0.000428 220.0
0.000426 -0.000428 221.0
0.000426 -0.000428 222.0
0.000426 -0.000428 223.0
0.000426 -0.000428 224.0
0.000426 -0.000428 225.0
0.000426 -0.000428 226.0
0.000426 -0.000428 227.0
0.000426 -0.000428 228.0
0.000426 -0.000428 229.0
0.000426 -0.000428 230.0
0.000426 -0.000428 231.0
0.000426 -0.000428 232.0
0.000426 -0.000428 233.0
0.000426 -0.000428 234.0
0.000426 -0.000428 235.0
0.000426 -0.000428 236.0
0.000426 -0.000428 237.0
0.000426 -0.000428 238.0
0.000426 -0.000428 239.0
0.000426 -0.000428 240.0
0.000426 -0.000428 241.0
0.000426 -0.000428 242.0
0.000426 -0.000428 243.0
0.000426 -0.000428 244.0
0.000426 -0.000428 245.0
0.000426 -0.000428 246.0
0.000426 -0.000428 247.0
0.000426 -0.000428 248.0
0.000426 -0.000428 249.0
0.000426 -0.000428 250.0
0.000426 -0.000428 251.0
0.000426 -0.000428 252.0
0.000426 -0.000428 253.0
0.000426 -0.000428 254.0
0.000426 -0.000428 255.0
0.000426 -0.000428 256.0
0.000426 -0.000428 257.0
0.000426 -0.000428 258.0
0.000426 -0.000428 259.0
0.000426 -0.000428 260.0
0.000426 -0.000428 261.0
0.000426 -0.000428 262.0
0.000426 -0.000428 263.0
0.000426 -0.000428 264.0
0.000426 -0.000428 265.0
0.000426 -0.000428 266.0
0.000426 -0.000428 267.0
0.000426 -0.000428 268.0
0.000426 -0.000428 269.0
0.000426 -0.000428 270.0
0.000426 -0.000428 271.0
0.000426 -0.000428 272.0
0.000426 -0.000428 273.0
0.000426 -0.000428 274.0
0.000426 -0.000428 275.0
0.000426 -0.000428 276.0
0.000426 -0.000428 277.0
0.000426 -0.000428 278.0
0.000426 -0.000428 279.0
0.000426 -0.000428 280.0
0.000426 -0.000428 281.0
0.000426 -0.000428 282.0
0.000426 -0.000428 283.0
0.000426 -0.000428 284.0
0.000426 -0.000428 285.0
0.000426 -0.000428 286.0
0.000426 -0.000428 287.0
0.000426 -0.000428 288.0
0.000426 -0.000428 289.0
0.000426 -0.000428 290.0
0.000426 -0.000428 291.0
0.000426 -0.000428 292.0
0.000426 -0.000428 293.0
0.000426 -0.000428 294.0
0.000426 -0.000428 295.0
0.000426 -0.000428 296.0
0.000426 -0.000428 297.0
0.000426 -0.000428 298.0
0.000426 -0.000428 299.0
0.000426 -0.000428 300.0
0.000426 -0.000428 301.0
0.000426 -0.000428 302.0
0.000426 -0.000428 303.0
0.000426 -0.000428 304.0
0.000426 -0.000428 305.0
0.000426 -0.000428 306.0
0.000426 -0.000428 307.0
0.000426 -0.000428 308.0
0.000426 -0.000428 309.0
0.000426 -0.000428 310.0
0.000426 -0.000428 311.0
0.000426 -0.000428 312.0
0.000426 -0.000428 313.0
0.000426 -0.000428 314.0
0.000426 -0.000428 315.0
0.000426 -0.000428 316.0
0.000426 -0.000428 317.0
0.000426 -0.000428 318.0
0.000426 -0.000428 319.0
0.000426 -0.000428 320.0
0.000426 -0.000428 321.0
0.000426 -0.000428 322.0
0.000426 -0.000428 323.0
0.000426 -0.000428 324.0
0.000426 -0.000428 325.0
0.000426 -0.000428 326.0
0.000426 -0.000428 327.0
0.000426 -0.000428 328.0
0.000426 -0.000428 329.0
0.000426 -0.000428 330.0
0.000426 -0.000428 331.0
0.000426 -0.000428 332.0
0.000426 -0.000428 333.0
0.000426 -0.000428 334.0
0.000426 -0.000428 335.0
0.000426 -0.000428 336.0
0.000426 -0.000428 337.0
0.000426 -0.000428 338.0
0.000426 -0.000428 339.0
0.000426 -0.000428 340.0
0.000426 -0.000428 341.0
0.000426 -0.000428 342.0
0.000426 -0.000428 343.0
0.000426 -0.000428 344.0
0.000426 -0.000428 345.0
0.000426 -0.000428 346.0
0.000426 -0.000428 347.0
0.000426 -0.000428 348.0
0.000426 -0.000428 349.0
0.000426 -0.000428 350.0
0.000426 -0.000428 351.0
0.000426 -0.000428 352.0
0.000426 -0.000428 353.0
0.000426 -0.000428 354.0
0.000426 -0.000428 355.0
0.000426 -0.000428 356.0
0.000426 -0.000428 357.0
0.000426 -0.000428 358.0
0.000426 -0.000428 359.0
0.000426 -0.000428 360.0
0.000426 -0.000428 361.0
0.000426 -0.000428 362.0
0.000426 -0.000428 363.0
0.000426 -0.000428 364.0
0.000426 -0.000428 365.0
0.000426 -0.000428 366.0
0.000426 -0.000428 367.0
0.000426 -0.000428 368.0
0.000426 -0.000428 369.0
0.000426 -0.000428 370.0
0.000426 -0.000428 371.0
0.000426 -0.000428 372.0
0.000426 -0.000428 373.0
0.000426 -0.000428 374.0
0.000426 -0.000428 375.0
0.000426 -0.000428 376.0
0.000426 -0.000428 377.0
0.000426 -0.000428 378.0
0.000426 -0.000428 379.0
0.000426 -0.000428 380.0
0.000426 -0.000428 381.0
0.000426 -0.000428 382.0
0.000426 -0.000428 383.0
0.000426 -0.000428 384.0
0.000426 -0.000428 385.0
0.000426 -0.000428 386.0
0.000426 -0.000428 387.0
0.000426 -0.000428 388.0
0.000426 -0.000428 389.0
0.000426 -0.000428 390.0
0.000426 -0.000428 391.0
0.000426 -0.000428 392.0
0.000426 -0.000428 393.0
0.000426 -0.000428 394.0
0.000426 -0.000428 395.0
0.000426 -0.000428 396.0
0.000426 -0.000428 397.0
0.000426 -0.000428 398.0
0.000426 -0.000428 399.0
0.000426 -0.000428 400.0
0.000426 -0.000428 401.0
0.000426 -0.000428 402.0
0.000426 -0.000428 403.0
0.000426 -0.000428 404.0
0.000426 -0.000428 405.0
0.000426 -0.000428 406.0
0.000426 -0.000428 407.0
0.000426 -0.000428 408.0
0.000426 -0.000428 409.0
0.000426 -0.000428 410.0
0.000426 -0.000428 411.0
0.000426 -0.000428 412.0
0.000426 -0.000428 413.0
0.000426 -0.000428 414.0
0.000426 -0.000428 415.0
0.000426 -0.000428 416.0
0.000426 -0.000428 417.0
0.000426 -0.000428 418.0
0.000426 -0.000428 419.0
0.000426 -0.000428 420.0
0.000426 -0.000428 421.0
0.000426 -0.000428 422.0
0.000426 -0.000428 423.0
0.000426 -0.000428 424.0
0.000426 -0.000428 425.0
0.000426 -0.000428 426.0
0.000426 -0.000428 427.0
0.000426 -0.000428 428.0
0.000426 -0.000428 429.0
0.000426 -0.000428 430.0
0.000426 -0.000428 431.0
0.000426 -0.000428 432.0
0.000426 -0.000428 433.0
0.000426 -0.000428 434.0
0.000426 -0.000428 435.0
0.000426 -0.000428 436.0
0.000426 -0.000428 437.0
0.000426 -0.000428 438.0
0.000426 -0.000428 439.0
0.000426 -0.000428 440.0
0.000426 -0.000428 441.0
0.000426 -0.000428 442.0
0.000426 -0.000428 443.0
0.000426 -0.000428 444.0
0.000426 -0.000428 445.0
0.000426 -0.000428 446.0
0.000426 -0.000428 447.0
0.000426 -0.000428 448.0
0.000426 -0.000428 449.0
0.000426 -0.000428 450.0
0.000426 -0.000428 451.0
0.000426 -0.000428 452.0
0.000426 -0.000428 453.0
0.000426 -0.000428 454.0
0.000426 -0.000428 455.0
0.000426 -0.000428 456.0
0.000426 -0.000428 457.0
0.000426 -0.000428 458.0
0.000426 -0.000428 459.0
0.000426 -0.000428 460.0
0.000426 -0.000428 461.0
0.000426 -0.000428 462.0
0.000426 -0.000428 463.0
0.000426 -0.000428 464.0
0.000426 -0.000428 465.0
0.000426 -0.000428 466.0
0.000426 -0.000428 467.0
0.000426 -0.000428 468.0
0.000426 -0.000428 469.0
0.000426 -0.000428 470.0
0.000426 -0.000428 471.0
0.000426 -0.000428 472.0
0.000426 -0.000428 473.0
0.000426 -0.000428 474.0
0.000426 -0.000428 475.0
0.000426 -0.000428 476.0
0.000426 -0.000428 477.0
0.000425 -0.000428 478.0
0.000425 -0.000428 479.0
0.000425 -0.000428 480.0
0.000425 -0.000428 481.0
0.000425 -0.000428 482.0
0.000425 -0.000428 483.0
0.000425 -0.000428 484.0
0.000425 -0.000428 485.0
0.000425 -0.000428 486.0
0.000425 -0.000428 487.0
0.000425 -0.000428 488.0
0.000425 -0.000428 489.0
0.000425 -0.000428 490.0
0.000425 -0.000428 491.0
0.000425 -0.000428 492.0
0.000425 -0.000428 493.0
0.000425 -0.000428 494.0
0.000425 -0.000428 495.0
0.000425 -0.000428 496.0
0.000425 -0.000428 497.0
0.000425 -0.000428 498.0
0.000425 -0.000428 499.0
0.000425 -0.000428 500.0
0.000425 -0.000428 501.0
0.000425 -0.000428 502.0
0.000425 -0.000428 503.0
0.000425 -0.000428 504.0
0.000425 -0.000428 505.0
0.000425 -0.000428 506.0
0.000425 -0.000428 507.0
0.000425 -0.000428 508.0
0.000425 -0.000428 509.0
0.000425 -0.000428 510.0
0.000425 -0.000428 511.0
0.000425 -0.000428 512.0
0.000425 -0.000428 513.0
0.000425 -0.000428 514.0
0.000425 -0.000428 515.0
0.000425 -0.000428 516.0
0.000425 -0.000428 517.0
0.000425 -0.000428 518.0
0.000425 -0.000428 519.0
0.000425 -0.000428 520.0
0.000425 -0.000428 521.0
0.000425 -0.000428 522.0
0.000425 -0.000428 523.0
0.000425 -0.000428 524.0
0.000425 -0.000428 525.0
0.000425 -0.000428 526.0
0.000425 -0.000428 527.0
0.000425 -0.000428 528.0
0.000425 -0.000428 529.0
0.000425 -0.000428 530.0
0.000425 -0.000428 531.0
0.000425 -0.000428 532.0
0.000425 -0.000428 533.0
0.000425 -0.000428 534.0
0.000425 -0.000428 535.0
0.000425 -0.000428 536.0
0.000425 -0.000428 537.0
0.000425 -0.000428 538.0
0.000425 -0.000428 539.0
0.000425 -0.000428 540.0
0.000425 -0.000428 541.0
0.000425 -0.000428 542.0
0.000425 -0.000428 543.0
0.000425 -0.000428 544.0
0.000425 -0.000428 545.0
0.000425 -0.000428 546.0
0.000425 -0.000428 547.0
0.000425 -0.000428 548.0
0.000425 -0.000428 549.0
0.000425 -0.000428 550.0
0.000425 -0.000428 551.0
0.000425 -0.000428 552.0
0.000425 -0.000428 553.0
0.000425 -0.000428 554.0
0.000425 -0.000428 555.0
0.000425 -0.000428 556.0
0.000425 -0.000428 557.0
0.000425 -0.000428 558.0
0.000425 -0.000428 559.0
0.000425 -0.000428 560.0
0.000425 -0.000428 561.0
0.000425 -0.000428 562.0
0.000425 -0.000428 563.0
0.000425 -0.000428 564.0
0.000425 -0.000428 565.0
0.000425 -0.000428 566.0
0.000425 -0.000428 567.0
0.000425 -0.000428 568.0
0.000425 -0.000428 569.0
0.000425 -0.000428 570.0
0.000425 -0.000428 571.0
0.000425 -0.000428 572.0
0.000425 -0.000428 573.0
0.000425 -0.000428 574.0
0.000425 -0.000428 575.0
0.000425 -0.000428 576.0
0.000425 -0.000428 577.0
0.000425 -0.000428 578.0
0.000425 -0.000428 579.0
0.000425 -0.000428 580.0
0.000425 -0.000428 581.0
0.000425 -0.000428 582.0
0.000425 -0.000428 583.0
0.000425 -0.000428 584.0
0.000425 -0.000428 585.0
0.000425 -0.000428 586.0
0.000425 -0.000428 587.0
0.000425 -0.000428 588.0
0.000425 -0.000428 589.0
0.000425 -0.000428 590.0
0.000425 -0.000428 591.0
0.000425 -0.000428 592.0
0.000425 -0.000428 593.0
0.000425 -0.000428 594.0
0.000425 -0.000428 595.0
0.000425 -0.000428 596.0
0.000425 -0.000428 597.0
0.000425 -0.000428 598.0
0.000425 -0.000428 599.0
0.000425 -0.000428 600.0
0.000425 -0.000428 601.0
0.000425 -0.000428 602.0
0.000425 -0.000428 603.0
0.000425 -0.000428 604.0
0.000425 -0.000428 605.0
0.000425 -0.000428 606.0
0.000425 -0.000428 607.0
0.000425 -0.000428 608.0
0.000425 -0.000428 609.0
0.000425 -0.000428 610.0
0.000425 -0.000429 611.0
0.000425 -0.000429 612.0
0.000425 -0.000429 613.0
0.000425 -0.000429 614.0
0.000425 -0.000429 615.0
0.000425 -0.000429 616.0
0.000425 -0.000429 617.0
0.000425 -0.000429 618.0
0.000425 -0.000429 619.0
0.000425 -0.000429 620.0
0.000425 -0.000429 621.0
0.000425 -0.000429 622.0
0.000425 -0.000429 623.0
0.000425 -0.000429 624.0
0.000425 -0.000429 625.0
0.000425 -0.000429 626.0
0.000425 -0.000429 627.0
0.000425 -0.000429 628.0
0.000425 -0.000429 629.0
0.000425 -0.000429 630.0
0.000425 -0.000429 631.0
0.000425 -0.000429 632.0
0.000425 -0.000429 633.0
0.000425 -0.000429 634.0
0.000425 -0.000429 635.0
0.000425 -0.000429 636.0
0.000425 -0.000429 637.0
0.000425 -0.000429 638.0
0.000425 -0.000429 639.0
0.000425 -0.000429 640.0
0.000425 -0.000429 641.0
0.000425 -0.000429 642.0
0.000425 -0.000429 643.0
0.000425 -0.000429 644.0
0.000425 -0.000429 645.0
0.000425 -0.000429 646.0
0.000425 -0.000429 647.0
0.000425 -0.000429 648.0
0.000425 -0.000429 649.0
0.000425 -0.000429 650.0
0.000425 -0.000429 651.0
0.000425 -0.000429 652.0
0.000425 -0.000429 653.0
0.000425 -0.000429 654.0
0.000425 -0.000429 655.0
0.000425 -0.000429 656.0
0.000425 -0.000429 657.0
0.000425 -0.000429 658.0
0.000425 -0.000429 659.0
0.000425 -0.000429 660.0
0.000425 -0.000429 661.0
0.000425 -0.000429 662.0
0.000425 -0.000429 663.0
0.000425 -0.000429 664.0
0.000425 -0.000429 665.0
0.000425 -0.000429 666.0
0.000425 -0.000429 667.0
0.000425 -0.000429 668.0
0.000425 -0.000429 669.0
0.000425 -0.000429 670.0
0.000425 -0.000429 671.0
0.000425 -0.000429 672.0
0.000425 -0.000429 673.0
0.000425 -0.000429 674.0
0.000425 -0.000429 675.0
0.000425 -0.000429 676.0
0.000425 -0.000429 677.0
0.000425 -0.000429 678.0
0.000425 -0.000429 679.0
0.000425 -0.000429 680.0
0.000425 -0.000429 681.0
0.000425 -0.000429 682.0
0.000425 -0.000429 683.0
0.000425 -0.000429 684.0
0.000425 -0.000429 685.0
0.000425 -0.000429 686.0
0.000425 -0.000429 687.0
0.000425 -0.000429 688.0
0.000425 -0.000429 689.0
0.000425 -0.000429 690.0
0.000425 -0.000429 691.0
0.000425 -0.000429 692.0
0.000425 -0.000429 693.0
0.000425 -0.000429 694.0
0.000425 -0.000429 695.0
0.000425 -0.000429 696.0
0.000425 -0.000429 697.0
0.000425 -0.000429 698.0
0.000425 -0.000429 699.0
0.000425 -0.000429 700.0
0.000425 -0.000429 701.0
0.000425 -0.000429 702.0
0.000425 -0.000429 703.0
0.000425 -0.000429 704.0
0.000425 -0.000429 705.0
0.000425 -0.000429 706.0
0.000425 -0.000429 707.0
0.000425 -0.000429 708.0
0.000425 -0.000429 709.0
0.000425 -0.000429 710.0
0.000425 -0.000429 711.0
0.000425 -0.000429 712.0
0.000425 -0.000429 713.0
0.000425 -0.000429 714.0
0.000425 -0.000429 715.0
0.000425 -0.000429 716.0
0.000425 -0.000429 717.0
0.000425 -0.000429 718.0
0.000425 -0.000429 719.0
0.000425 -0.000429 720.0
0.000425 -0.000429 721.0
0.000425 -0.000429 722.0
0.000425 -0.000429 723.0
0.000425 -0.000429 724.0
0.000425 -0.000429 725.0
0.000425 -0.000429 726.0
0.000425 -0.000429 727.0
0.000425 -0.000429 728.0
0.000425 -0.000429 729.0
0.000425 -0.000429 730.0
0.000425 -0.000429 731.0
0.000425 -0.000429 732.0
0.000425 -0.000429 733.0
0.000425 -0.000429 734.0
0.000425 -0.000429 735.0
0.000425 -0.000429 736.0
0.000425 -0.000429 737.0
0.000425 -0.000429 738.0
0.000425 -0.000429 739.0
0.000425 -0.000429 740.0
0.000425 -0.000429 741.0
0.000425 -0.000429 742.0
0.000425 -0.000429 743.0
0.000425 -0.000429 744.0
0.000425 -0.000429 745.0
0.000425 -0.000429 746.0
0.000425 -0.000429 747.0
0.000425 -0.000429 748.0
0.000425 -0.000429 749.0
0.000424 -0.000429 750.0
0.000424 -0.000429 751.0
0.000424 -0.000429 752.0
0.000424 -0.000429 753.0
0.000424 -0.000429 754.0
0.000424 -0.000429 755.0
0.000424 -0.000429 756.0
0.000424 -0.000429 757.0
0.000424 -0.000429 758.0
0.000424 -0.000429 759.0
0.000424 -0.000429 760.0
0.000424 -0.000429 761.0
0.000424 -0.000429 762.0
0.000424 -0.000429 763.0
0.000424 -0.000429 764.0
0.000424 -0.000429 765.0
0.000424 -0.000429 766.0
0.000424 -0.000429 767.0
0.000424 -0.000429 768.0
0.000424 -0.000429 769.0
0.000424 -0.000429 770.0
0.000424 -0.000429 771.0
0.000424 -0.000429 772.0
0.000424 -0.000429 773.0
0.000424 -0.000429 774.0
0.000424 -0.000429 775.0
0.000424 -0.000429 776.0
0.000424 -0.000429 777.0
0.000424 -0.000429 778.0
0.000424 -0.000429 779.0
0.000424 -0.000429 780.0
0.000424 -0.000429 781.0
0.000424 -0.000429 782.0
0.000424 -0.000429 783.0
0.000424 -0.000429 784.0
0.000424 -0.000429 785.0
0.000424 -0.000429 786.0
0.000424 -0.000429 787.0
0.000424 -0.000429 788.0
0.000424 -0.000429 789.0
0.000424 -0.000429 790.0
0.000424 -0.000429 791.0
0.000424 -0.000429 792.0
0.000424 -0.000429 793.0
0.000424 -0.000429 794.0
0.000424 -0.000429 795.0
0.000424 -0.000429 796.0
0.000424 -0.000429 797.0
0.000424 -0.000429 798.0
0.000424 -0.000429 799.0
0.000424 -0.000429 800.0
0.000424 -0.000429 801.0
0.000424 -0.000429 802.0
0.000424 -0.000429 803.0
0.000424 -0.000429 804.0
0.000424 -0.000429 805.0
0.000424 -0.000429 806.0
0.000424 -0.000429 807.0
0.000424 -0.000429 808.0
0.000424 -0.000429 809.0
0.000424 -0.000429 810.0
0.000424 -0.000429 811.0
0.000424 -0.000429 812.0
0.000424 -0.000429 813.0
0.000424 -0.000429 814.0
0.000424 -0.000429 815.0
0.000424 -0.000429 816.0
0.000424 -0.000429 817.0
0.000424 -0.000429 818.0
0.000424 -0.000429 819.0
0.000424 -0.000429 820.0
0.000424 -0.000429 821.0
0.000424 -0.000429 822.0
0.000424 -0.000429 823.0
0.000424 -0.000429 824.0
0.000424 -0.000429 825.0
0.000424 -0.000429 826.0
0.000424 -0.000429 827.0
0.000424 -0.000429 828.0
0.000424 -0.000429 829.0
0.000424 -0.000429 830.0
0.000424 -0.000429 831.0
0.000424 -0.000429 832.0
0.000424 -0.000429 833.0
0.000424 -0.000429 834.0
0.000424 -0.000429 835.0
0.000424 -0.000429 836.0
0.000424 -0.000429 837.0
0.000424 -0.000429 838.0
0.000424 -0.000429 839.0
0.000424 -0.000429 840.0
0.000424 -0.000429 841.0
0.000424 -0.000429 842.0
0.000424 -0.000429 843.0
0.000424 -0.000429 844.0
0.000424 -0.000429 845.0
0.000424 -0.000429 846.0
0.000424 -0.000429 847.0
0.000424 -0.000429 848.0
0.000424 -0.000429 849.0
0.000424 -0.000429 850.0
0.000424 -0.000429 851.0
0.000424 -0.000429 852.0
0.000424 -0.000429 853.0
0.000424 -0.000429 854.0
0.000424 -0.000429 855.0
0.000424 -0.000429 856.0
0.000424 -0.000429 857.0
0.000424 -0.000429 858.0
0.000424 -0.000429 859.0
0.000424 -0.000429 860.0
0.000424 -0.000429 861.0
0.000424 -0.000429 862.0
0.000424 -0.000429 863.0
0.000424 -0.000429 864.0
0.000424 -0.000429 865.0
0.000424 -0.000429 866.0
0.000424 -0.000429 867.0
0.000424 -0.000429 868.0
0.000424 -0.000429 869.0
0.000424 -0.000429 870.0
0.000424 -0.000429 871.0
0.000424 -0.000429 872.0
0.000424 -0.000429 873.0
0.000424 -0.000429 874.0
0.000424 -0.000429 875.0
0.000424 -0.000429 876.0
0.000424 -0.000429 877.0
0.000424 -0.000429 878.0
0.000424 -0.000429 879.0
0.000424 -0.000429 880.0
0.000424 -0.000429 881.0
0.000424 -0.000429 882.0
0.000424 -0.000429 883.0
0.000424 -0.000429 884.0
0.000424 -0.000429 885.0
0.000424 -0.000429 886.0
0.000424 -0.000429 887.0
0.000424 -0.000429 888.0
0.000424 -0.000429 889.0
0.000424 -0.000429 890.0
0.000424 -0.000429 891.0
0.000424 -0.000429 892.0
0.000424 -0.000429 893.0
0.000424 -0.000429 894.0
0.000424 -0.000429 895.0
0.000424 -0.000429 896.0
0.000424 -0.000429 897.0
0.000424 -0.000429 898.0
0.000424 -0.000429 899.0
0.000424 -0.000429 900.0
0.000424 -0.000429 901.0
0.000424 -0.000429 902.0
0.000424 -0.000429 903.0
0.000424 -0.000429 904.0
0.000424 -0.000429 905.0
0.000424 -0.000429 906.0
0.000424 -0.000429 907.0
0.000424 -0.000429 908.0
0.000424 -0.000429 909.0
0.000424 -0.000429 910.0
0.000424 -0.000429 911.0
0.000424 -0.000429 912.0
0.000424 -0.000429 913.0
0.000424 -0.000429 914.0
0.000424 -0.000429 915.0
0.000424 -0.000429 916.0
0.000424 -0.000429 917.0
0.000424 -0.000429 918.0
0.000424 -0.000429 919.0
0.000424 -0.000429 920.0
0.000424 -0.000429 921.0
0.000424 -0.000429 922.0
0.000424 -0.000429 923.0
0.000424 -0.000429 924.0
0.000424 -0.000429 925.0
0.000424 -0.000429 926.0
0.000424 -0.000429 927.0
0.000424 -0.000429 928.0
0.000424 -0.000429 929.0
0.000424 -0.000429 930.0
0.000424 -0.000429 931.0
0.000424 -0.000429 932.0
0.000424 -0.000429 933.0
0.000424 -0.000429 934.0
0.000424 -0.000429 935.0
0.000424 -0.000429 936.0
0.000424 -0.000429 937.0
0.000424 -0.000429 938.0
0.000424 -0.000429 939.0
0.000424 -0.000429 940.0
0.000424 -0.000429 941.0
0.000424 -0.000429 942.0
0.000424 -0.000429 943.0
0.000424 -0.000429 944.0
0.000424 -0.000429 945.0
0.000424 -0.000429 946.0
0.000424 -0.000429 947.0
0.000424 -0.000429 948.0
0.000424 -0.000429 949.0
0.000424 -0.000429 950.0
0.000424 -0.000429 951.0
0.000424 -0.000429 952.0
0.000424 -0.000429 953.0
0.000424 -0.000429 954.0
0.000424 -0.000429 955.0
0.000424 -0.000429 956.0
0.000424 -0.000429 957.0
0.000424 -0.000429 958.0
0.000424 -0.000429 959.0
0.000424 -0.000429 960.0
0.000424 -0.000429 961.0
0.000424 -0.000429 962.0
0.000424 -0.000429 963.0
0.000424 -0.000429 964.0
0.000424 -0.000429 965.0
0.000424 -0.000429 966.0
0.000424 -0.000429 967.0
0.000424 -0.000429 968.0
0.000424 -0.000429 969.0
0.000424 -0.000429 970.0
0.000424 -0.000429 971.0
0.000424 -0.000429 972.0
0.000424 -0.000429 973.0
0.000424 -0.000429 974.0
0.000424 -0.000429 975.0
0.000424 -0.000429 976.0
0.000424 -0.000429 977.0
0.000424 -0.000429 978.0
0.000424 -0.000429 979.0
0.000424 -0.000429 980.0
0.000424 -0.000429 981.0
0.000424 -0.000429 982.0
0.000424 -0.000429 983.0
0.000424 -0.000429 984.0
0.000424 -0.000429 985.0
0.000424 -0.000429 986.0
0.000424 -0.000429 987.0
0.000424 -0.000429 988.0
0.000424 -0.000429 989.0
0.000424 -0.000429 990.0
0.000424 -0.000429 991.0
0.000424 -0.000429 992.0
0.000424 -0.000429 993.0
0.000424 -0.000429 994.0
0.000424 -0.000429 995.0
0.000424 -0.000429 996.0
0.000424 -0.000429 997.0
0.000424 -0.000429 998.0
0.000424 -0.000429 999.0
0.000424 -0.000429 1000.0
0.000424 -0.000429 1001.0
0.000424 -0.000429 1002.0
0.000424 -0.000429 1003.0
0.000424 -0.000429 1004.0
0.000424 -0.000429 1005.0
0.000424 -0.000429 1006.0
0.000424 -0.000429 1007.0
0.000424 -0.000429 1008.0
0.000424 -0.000429 1009.0
0.000424 -0.000429 1010.0
0.000424 -0.000429 1011.0
0.000424 -0.000429 1012.0
0.000424 -0.000429 1013.0
0.000424 -0.000429 1014.0
0.000424 -0.000429 1015.0
0.000424 -0.000429 1016.0
0.000424 -0.000429 1017.0
0.000424 -0.000429 1018.0
0.000424 -0.000429 1019.0
0.000424 -0.000429 1020.0
0.000424 -0.000429 1021.0
0.000424 -0.000429 1022.0
0.000424 -0.000429 1023.0
0.000424 -0.000429 1024.0
0.000424 -0.000429 1025.0
0.000424 -0.000429 1026.0
0.000424 -0.000429 1027.0
0.000424 -0.000429 1028.0
0.000424 -0.000429 1029.0
0.000424 -0.000429 1030.0
0.000424 -0.000429 1031.0
0.000424 -0.000429 1032.0
0.000424 -0.000429 1033.0
0.000424 -0.000429 1034.0
0.000424 -0.000429 1035.0
0.000424 -0.000429 1036.0
0.000424 -0.000429 1037.0
0.000424 -0.000429 1038.0
0.000424 -0.000429 1039.0
0.000424 -0.000429 1040.0
0.000424 -0.000429 1041.0
0.000424 -0.000429 1042.0
0.000424 -0.000429 1043.0
0.000424 -0.000429 1044.0
0.000424 -0.000429 1045.0
0.000424 -0.000429 1046.0
0.000424 -0.000429 1047.0
0.000424 -0.000429 1048.0
0.000424 -0.000429 1049.0
0.000424 -0.000429 1050.0
0.000424 -0.000429 1051.0
0.000424 -0.000429 1052.0
0.000424 -0.000429 1053.0
0.000424 -0.000429 1054.0
0.000424 -0.000429 1055.0
0.000424 -0.000429 1056.0
0.000424 -0.000429 1057.0
0.000424 -0.000429 1058.0
0.000424 -0.000429 1059.0
0.000424 -0.000429 1060.0
0.000424 -0.000429 1061.0
0.000424 -0.000429 1062.0
0.000424 -0.000429 1063.0
0.000424 -0.000429 1064.0
0.000424 -0.000429 1065.0
0.000424 -0.000429 1066.0
0.000424 -0.000429 1067.0
0.000424 -0.000429 1068.0
0.000424 -0.000429 1069.0
0.000424 -0.000429 1070.0
0.000424 -0.000429 1071.0
0.000424 -0.000429 1072.0
0.000424 -0.000429 1073.0
0.000424 -0.000429 1074.0
0.000424 -0.000429 1075.0
0.000424 -0.000429 1076.0
0.000424 -0.000429 1077.0
0.000424 -0.000429 1078.0
0.000424 -0.000429 1079.0
0.000424 -0.000429 1080.0
0.000424 -0.000429 1081.0
0.000424 -0.000429 1082.0
0.000424 -0.000429 1083.0
0.000424 -0.000429 1084.0
0.000424 -0.000429 1085.0
0.000424 -0.000429 1086.0
0.000424 -0.000429 1087.0
0.000424 -0.000429 1088.0
0.000424 -0.000429 1089.0
0.000424 -0.000429 1090.0
0.000424 -0.000429 1091.0
0.000424 -0.000429 1092.0
0.000424 -0.000429 1093.0
0.000424 -0.000429 1094.0
0.000424 -0.000429 1095.0
0.000424 -0.000429 1096.0
0.000424 -0.000429 1097.0
0.000424 -0.000429 1098.0
0.000424 -0.000429 1099.0
0.000424 -0.000429 1100.0
0.000424 -0.000429 1101.0
0.000424 -0.000429 1102.0
0.000424 -0.000429 1103.0
0.000424 -0.000429 1104.0
0.000424 -0.000429 1105.0
0.000424 -0.000429 1106.0
0.000424 -0.000429 1107.0
0.000424 -0.000429 1108.0
0.000424 -0.000429 1109.0
0.000424 -0.000429 1110.0
0.000424 -0.000429 1111.0
0.000424 -0.000429 1112.0
0.000424 -0.000429 1113.0
0.000424 -0.000429 1114.0
0.000424 -0.000429 1115.0
0.000424 -0.000429 1116.0
0.000424 -0.000429 1117.0
0.000424 -0.000429 1118.0
0.000424 -0.000429 1119.0
0.000424 -0.000429 1120.0
0.000424 -0.000429 1121.0
0.000424 -0.000429 1122.0
0.000424 -0.000429 1123.0
0.000424 -0.000429 1124.0
0.000424 -0.000429 1125.0
0.000424 -0.000429 1126.0
0.000424 -0.000429 1127.0
0.000424 -0.000429 1128.0
0.000424 -0.000429 1129.0
0.000424 -0.000429 1130.0
0.000424 -0.000429 1131.0
0.000424 -0.000429 1132.0
0.000424 -0.000429 1133.0
0.000424 -0.000429 1134.0
0.000424 -0.000429 1135.0
0.000424 -0.000429 1136.0
0.000424 -0.000429 1137.0
0.000424 -0.000429 1138.0
0.000424 -0.000429 1139.0
0.000424 -0.000429 1140.0
0.000424 -0.000429 1141.0
0.000424 -0.000429 1142.0
0.000424 -0.000429 1143.0
0.000424 -0.000429 1144.0
0.000424 -0.000429 1145.0
0.000424 -0.000429 1146.0
0.000424 -0.000429 1147.0
0.000424 -0.000429 1148.0
0.000424 -0.000429 1149.0
0.000424 -0.000429 1150.0
0.000424 -0.000429 1151.0
0.000424 -0.000429 1152.0
0.000424 -0.000429 1153.0
0.000424 -0.000429 1154.0
0.000424 -0.000429 1155.0
0.000424 -0.000429 1156.0
0.000424 -0.000429 1157.0
0.000424 -0.000429 1158.0
0.000424 -0.000429 1159.0
0.000424 -0.000429 1160.0
0.000424 -0.000429 1161.0
0.000424 -0.000429 1162.0
0.000424 -0.000429 1163.0
0.000424 -0.000429 1164.0
0.000424 -0.000429 1165.0
0.000424 -0.000429 1166.0
0.000424 -0.000429 1167.0
0.000424 -0.000429 1168.0
0.000424 -0.000429 1169.0
0.000424 -0.000429 1170.0
0.000424 -0.000429 1171.0
0.000424 -0.000429 1172.0
0.000424 -0.000429 1173.0
0.000424 -0.000429 1174.0
0.000424 -0.000429 1175.0
0.000424 -0.000429 1176.0
0.000424 -0.000429 1177.0
0.000424 -0.000429 1178.0
0.000424 -0.000429 1179.0
0.000424 -0.000429 1180.0
0.000424 -0.000429 1181.0
0.000424 -0.000429 1182.0
0.000424 -0.000429 1183.0
0.000424 -0.000429 1184.0
0.000424 -0.000429 1185.0
0.000424 -0.000429 1186.0
0.000424 -0.000429 1187.0
0.000424 -0.000429 1188.0
0.000424 -0.000429 1189.0
0.000424 -0.000429 1190.0
0.000424 -0.000429 1191.0
0.000424 -0.000429 1192.0
0.000424 -0.000429 1193.0
0.000424 -0.000429 1194.0
0.000424 -0.000429 1195.0
0.000424 -0.000429 1196.0
0.000424 -0.000429 1197.0
0.000424 -0.000429 1198.0
0.000424 -0.000429 1199.0
0.000424 -0.000429 1200.0
0.000424 -0.000429 1201.0
0.000424 -0.000429 1202.0
0.000424 -0.000429 1203.0
0.000424 -0.000429 1204.0
0.000424 -0.000429 1205.0
0.000424 -0.000429 1206.0
0.000424 -0.000429 1207.0
0.000424 -0.000429 1208.0
0.000424 -0.000429 1209.0
0.000424 -0.000429 1210.0
0.000424 -0.000429 1211.0
0.000424 -0.000429 1212.0
0.000424 -0.000429 1213.0
0.000424 -0.000429 1214.0
0.000424 -0.000429 1215.0
0.000424 -0.000429 1216.0
0.000424 -0.000429 1217.0
0.000424 -0.000429 1218.0
0.000423 -0.000429 1219.0
0.000423 -0.000429 1220.0
0.000423 -0.000429 1221.0
0.000423 -0.000429 1222.0
0.000423 -0.000429 1223.0
0.000423 -0.000429 1224.0
0.000423 -0.000429 1225.0
0.000423 -0.000429 1226.0
0.000423 -0.000429 1227.0
0.000423 -0.000429 1228.0
0.000423 -0.000429 1229.0
0.000423 -0.000429 1230.0
0.000423 -0.000429 1231.0
0.000423 -0.000429 1232.0
0.000423 -0.000429 1233.0
0.000423 -0.000429 1234.0
0.000423 -0.000429 1235.0
0.000423 -0.000429 1236.0
0.000423 -0.000429 1237.0
0.000423 -0.000429 1238.0
0.000423 -0.000429 1239.0
0.000423 -0.000429 1240.0
0.000423 -0.000429 1241.0
0.000423 -0.000429 1242.0
0.000423 -0.000429 1243.0
0.000423 -0.000429 1244.0
0.000423 -0.000429 1245.0
0.000423 -0.000429 1246.0
0.000423 -0.000429 1247.0
0.000423 -0.000429 1248.0
0.000423 -0.000429 1249.0
0.000423 -0.000429 1250.0
0.000423 -0.000429 1251.0
0.000423 -0.000429 1252.0
0.000423 -0.000429 1253.0
0.000423 -0.000429 1254.0
0.000423 -0.000429 1255.0
0.000423 -0.000429 1256.0
0.000423 -0.000429 1257.0
0.000423 -0.000429 1258.0
0.000423 -0.000429 1259.0
0.000423 -0.000429 1260.0
0.000423 -0.000429 1261.0
0.000423 -0.000429 1262.0
0.000423 -0.000429 1263.0
0.000423 -0.000429 1264.0
0.000423 -0.000429 1265.0
0.000423 -0.000429 1266.0
0.000423 -0.000429 1267.0
0.000423 -0.000429 1268.0
0.000423 -0.000429 1269.0
0.000423 -0.000429 1270.0
0.000423 -0.000429 1271.0
0.000423 -0.000429 1272.0
0.000423 -0.000429 1273.0
0.000423 -0.000429 1274.0
0.000423 -0.000429 1275.0
0.000423 -0.000429 1276.0
0.000423 -0.000429 1277.0
0.000423 -0.000429 1278.0
0.000423 -0.000429 1279.0
0.000423 -0.000429 1280.0
0.000423 -0.000429 1281.0
0.000423 -0.000429 1282.0
0.000423 -0.000429 1283.0
0.000423 -0.000429 1284.0
0.000423 -0.000429 1285.0
0.000423 -0.000429 1286.0
0.000423 -0.000429 1287.0
0.000423 -0.000429 1288.0
0.000423 -0.000429 1289.0
0.000423 -0.000429 1290.0
0.000423 -0.000429 1291.0
0.000423 -0.000429 1292.0
0.000423 -0.000429 1293.0
0.000423 -0.000429 1294.0
0.000423 -0.000429 1295.0
0.000423 -0.000429 1296.0
0.000423 -0.000429 1297.0
0.000423 -0.000429 1298.0
0.000423 -0.000429 1299.0
0.000423 -0.000429 1300.0
0.000423 -0.000429 1301.0
0.000423 -0.000429 1302.0
0.000423 -0.000429 1303.0
0.000423 -0.000429 1304.0
0.000423 -0.000429 1305.0
0.000423 -0.000429 1306.0
0.000423 -0.000429 1307.0
0.000423 -0.000429 1308.0
0.000423 -0.000429 1309.0
0.000423 -0.000429 1310.0
0.000423 -0.000429 1311.0
0.000423 -0.000429 1312.0
0.000423 -0.000429 1313.0
0.000423 -0.000429 1314.0
0.000423 -0.000429 1315.0
0.000423 -0.000429 1316.0
0.000423 -0.000429 1317.0
0.000423 -0.000429 1318.0
0.000423 -0.000429 1319.0
0.000423 -0.000429 1320.0
0.000423 -0.000429 1321.0
0.000423 -0.000429 1322.0
0.000423 -0.000429 1323.0
0.000423 -0.000429 1324.0
0.000423 -0.000429 1325.0
0.000423 -0.000429 1326.0
0.000423 -0.000429 1327.0
0.000423 -0.000429 1328.0
0.000423 -0.000429 1329.0
0.000423 -0.000429 1330.0
0.000423 -0.000429 1331.0
0.000423 -0.000429 1332.0
0.000423 -0.000429 1333.0
0.000423 -0.000429 1334.0
0.000423 -0.000429 1335.0
0.000423 -0.000429 1336.0
0.000423 -0.000429 1337.0
0.000423 -0.000429 1338.0
0.000423 -0.000429 1339.0
0.000423 -0.000429 1340.0
0.000423 -0.000429 1341.0
0.000423 -0.000429 1342.0
0.000423 -0.000429 1343.0
0.000423 -0.000429 1344.0
0.000423 -0.000429 1345.0
0.000423 -0.000429 1346.0
0.000423 -0.000429 1347.0
0.000423 -0.000429 1348.0
0.000423 -0.000429 1349.0
0.000423 -0.000429 1350.0
0.000423 -0.000429 1351.0
0.000423 -0.000429 1352.0
0.000422 -0.000429 1353.0
0.000422 -0.000429 1354.0
0.000422 -0.000429 1355.0
0.000422 -0.000429 1356.0
0.000422 -0.000429 1357.0
0.000422 -0.000429 1358.0
0.000422 -0.000429 1359.0
0.000422 -0.000429 1360.0
0.000422 -0.000429 1361.0
0.000422 -0.000429 1362.0
0.000422 -0.000429 1363.0
0.000422 -0.000429 1364.0
0.000422 -0.000429 1365.0
0.000422 -0.000429 1366.0
0.000422 -0.000429 1367.0
0.000422 -0.000429 1368.0
0.000422 -0.000429 1369.0
0.000422 -0.000429 1370.0
0.000422 -0.000429 1371.0
0.000422 -0.000429 1372.0
0.000422 -0.000429 1373.0
0.000422 -0.000429 1374.0
0.000422 -0.000429 1375.0
0.000422 -0.000429 1376.0
0.000422 -0.000429 1377.0
0.000422 -0.000429 1378.0
0.000422 -0.000429 1379.0
0.000422 -0.000429 1380.0
0.000422 -0.000429 1381.0
0.000422 -0.000429 1382.0
0.000422 -0.000429 1383.0
0.000422 -0.000429 1384.0
0.000422 -0.000429 1385.0
0.000422 -0.000429 1386.0
0.000422 -0.000429 1387.0
0.000422 -0.000429 1388.0
0.000422 -0.000429 1389.0
0.000422 -0.000429 1390.0
0.000422 -0.000429 1391.0
0.000422 -0.000429 1392.0
0.000422 -0.000429 1393.0
0.000422 -0.000429 1394.0
0.000422 -0.000429 1395.0
0.000422 -0.000429 1396.0
0.000422 -0.000429 1397.0
0.000422 -0.000429 1398.0
0.000422 -0.000429 1399.0
0.000422 -0.000429 1400.0
0.000422 -0.000429 1401.0
0.000422 -0.000429 1402.0
0.000422 -0.000429 1403.0
0.000422 -0.000429 1404.0
0.000422 -0.000429 1405.0
0.000422 -0.000429 1406.0
0.000422 -0.000429 1407.0
0.000422 -0.000429 1408.0
0.000422 -0.000429 1409.0
0.000422 -0.000429 1410.0
0.000422 -0.000429 1411.0
0.000422 -0.000429 1412.0
0.000422 -0.000429 1413.0
0.000422 -0.000429 1414.0
0.000422 -0.000429 1415.0
0.000422 -0.000429 1416.0
0.000422 -0.000429 1417.0
0.000422 -0.000429 1418.0
0.000422 -0.000429 1419.0
0.000422 -0.000429 1420.0
0.000422 -0.000429 1421.0
0.000422 -0.000429 1422.0
0.000422 -0.000429 1423.0
0.000422 -0.000429 1424.0
0.000422 -0.000429 1425.0
0.000422 -0.000429 1426.0
0.000422 -0.000429 1427.0
0.000422 -0.000429 1428.0
0.000422 -0.000429 1429.0
0.000422 -0.000429 1430.0
0.000422 -0.000429 1431.0
0.000422 -0.000429 1432.0
0.000422 -0.000429 1433.0
0.000422 -0.000429 1434.0
0.000422 -0.000429 1435.0
0.000422 -0.000429 1436.0
0.000422 -0.000429 1437.0
0.000422 -0.000429 1438.0
0.000422 -0.000429 1439.0
0.000422 -0.000429 1440.0
0.000422 -0.000429 1441.0
0.000422 -0.000429 1442.0
0.000422 -0.000429 1443.0
0.000422 -0.000429 1444.0
0.000422 -0.000429 1445.0
0.000422 -0.000429 1446.0
0.000422 -0.000429 1447.0
0.000422 -0.000429 1448.0
0.000422 -0.000429 1449.0
0.000422 -0.000429 1450.0
0.000422 -0.000429 1451.0
0.000422 -0.000429 1452.0
0.000422 -0.000429 1453.0
0.000422 -0.000429 1454.0
0.000422 -0.000429 1455.0
0.000422 -0.000429 1456.0
0.000422 -0.000429 1457.0
0.000422 -0.000429 1458.0
0.000422 -0.000429 1459.0
0.000422 -0.000429 1460.0
0.000422 -0.000429 1461.0
0.000422 -0.000429 1462.0
0.000422 -0.000429 1463.0
0.000422 -0.000429 1464.0
0.000422 -0.000429 1465.0
0.000422 -0.000429 1466.0
0.000422 -0.000429 1467.0
0.000422 -0.000429 1468.0
0.000422 -0.000429 1469.0
0.000422 -0.000429 1470.0
0.000422 -0.000429 1471.0
0.000422 -0.000429 1472.0
0.000422 -0.000429 1473.0
0.000422 -0.000429 1474.0
0.000422 -0.000429 1475.0
0.000422 -0.000429 1476.0
0.000422 -0.000429 1477.0
0.000422 -0.000429 1478.0
0.000422 -0.000429 1479.0
0.000422 -0.000429 1480.0
0.000422 -0.000429 1481.0
0.000422 -0.000429 1482.0
0.000422 -0.000429 1483.0
0.000422 -0.000429 1484.0
0.000422 -0.000429 1485.0
0.000422 -0.000429 1486.0
0.000422 -0.000429 1487.0
0.000422 -0.000429 1488.0
0.000422 -0.000429 1489.0
0.000422 -0.000429 1490.0
0.000422 -0.000429 1491.0
0.000422 -0.000429 1492.0
0.000422 -0.000429 1493.0
0.000422 -0.000429 1494.0
0.000422 -0.000429 1495.0
0.000422 -0.000429 1496.0
0.000422 -0.000429 1497.0
0.000422 -0.000429 1498.0
0.000422 -0.000429 1499.0
0.000422 -0.000429 1500.0
0.000422 -0.000429 1501.0
0.000422 -0.000429 1502.0
0.000422 -0.000429 1503.0
0.000422 -0.000429 1504.0
0.000422 -0.000429 1505.0
0.000422 -0.000429 1506.0
0.000422 -0.000429 1507.0
0.000422 -0.000429 1508.0
0.000422 -0.000429 1509.0
0.000422 -0.000429 1510.0
0.000422 -0.000429 1511.0
0.000422 -0.000429 1512.0
0.000422 -0.000429 1513.0
0.000422 -0.000429 1514.0
0.000422 -0.000429 1515.0
0.000422 -0.000429 1516.0
0.000422 -0.000429 1517.0
0.000422 -0.000429 1518.0
0.000422 -0.000429 1519.0
0.000422 -0.000429 1520.0
0.000422 -0.000429 1521.0
0.000422 -0.000429 1522.0
0.000422 -0.000429 1523.0
0.000422 -0.000429 1524.0
0.000422 -0.000429 1525.0
0.000422 -0.000429 1526.0
0.000422 -0.000429 1527.0
0.000422 -0.000429 1528.0
0.000422 -0.000429 1529.0
0.000422 -0.000429 1530.0
0.000422 -0.000429 1531.0
0.000422 -0.000429 1532.0
0.000422 -0.000429 1533.0
0.000422 -0.000429 1534.0
0.000422 -0.000429 1535.0
0.000422 -0.000429 1536.0
0.000422 -0.000429 1537.0
0.000422 -0.000429 1538.0
0.000422 -0.000429 1539.0
0.000422 -0.000429 1540.0
0.000422 -0.000429 1541.0
0.000422 -0.000429 1542.0
0.000422 -0.000429 1543.0
0.000422 -0.000429 1544.0
0.000422 -0.000429 1545.0
0.000422 -0.000429 1546.0
0.000422 -0.000429 1547.0
0.000422 -0.000429 1548.0
0.000422 -0.000429 1549.0
0.000422 -0.000429 1550.0
0.000422 -0.000429 1551.0
0.000422 -0.000429 1552.0
0.000422 -0.000429 1553.0
0.000422 -0.000429 1554.0
0.000422 -0.000429 1555.0
0.000422 -0.000429 1556.0
0.000422 -0.000429 1557.0
0.000422 -0.000429 1558.0
0.000422 -0.000429 1559.0
0.000422 -0.000429 1560.0
0.000422 -0.000429 1561.0
0.000422 -0.000429 1562.0
0.000422 -0.000429 1563.0
0.000422 -0.000429 1564.0
0.000422 -0.000429 1565.0
0.000422 -0.000429 1566.0
0.000422 -0.000429 1567.0
0.000422 -0.000429 1568.0
0.000422 -0.000429 1569.0
0.000422 -0.000429 1570.0
0.000422 -0.000429 1571.0
0.000422 -0.000429 1572.0
0.000422 -0.000429 1573.0
0.000422 -0.000429 1574.0
0.000422 -0.000429 1575.0
0.000422 -0.000429 1576.0
0.000422 -0.000429 1577.0
0.000422 -0.000429 1578.0
0.000422 -0.000429 1579.0
0.000422 -0.000429 1580.0
0.000422 -0.000429 1581.0
0.000422 -0.000429 1582.0
0.000422 -0.000429 1583.0
0.000422 -0.000429 1584.0
0.000422 -0.000429 1585.0
0.000422 -0.000429 1586.0
0.000422 -0.000429 1587.0
0.000422 -0.000429 1588.0
0.000422 -0.000429 1589.0
0.000422 -0.000429 1590.0
0.000422 -0.000429 1591.0
0.000422 -0.000429 1592.0
0.000422 -0.000429 1593.0
0.000422 -0.000429 1594.0
0.000422 -0.000429 1595.0
0.000422 -0.000429 1596.0
0.000422 -0.000429 1597.0
0.000422 -0.000428 1598.0
0.000422 -0.000428 1599.0
0.000422 -0.000428 1600.0
0.000422 -0.000428 1601.0
0.000422 -0.000429 1602.0
0.000421 -0.000428 1603.0
0.000421 -0.000428 1604.0
0.000421 -0.000427 1605.0
0.000421 -0.000426 1606.0
0.000421 -0.000426 1607.0
0.000421 -0.000425 1608.0
0.000421 -0.000425 1609.0
0.000421 -0.000424 1610.0
0.000420 -0.000424 1611.0
0.000420 -0.000423 1612.0
0.000420 -0.000423 1613.0
0.000420 -0.000422 1614.0
0.000420 -0.000422 1615.0
0.000420 -0.000421 1616.0
0.000420 -0.000421 1617.0
0.000420 -0.000420 1618.0
0.000419 -0.000420 1619.0
0.000419 -0.000419 1620.0
0.000419 -0.000419 1621.0
0.000419 -0.000418 1622.0
0.000419 -0.000418 1623.0
0.000419 -0.000417 1624.0
0.000419 -0.000417 1625.0
0.000419 -0.000416 1626.0
0.000418 -0.000416 1627.0
0.000418 -0.000415 1628.0
0.000418 -0.000415 1629.0
0.000418 -0.000414 1630.0
0.000418 -0.000413 1631.0
0.000418 -0.000413 1632.0
0.000418 -0.000412 1633.0
0.000418 -0.000412 1634.0
0.000417 -0.000411 1635.0
0.000417 -0.000411 1636.0
0.000417 -0.000410 1637.0
0.000417 -0.000410 1638.0
0.000417 -0.000409 1639.0
0.000417 -0.000409 1640.0
0.000417 -0.000408 1641.0
0.000417 -0.000408 1642.0
0.000416 -0.000407 1643.0
0.000416 -0.000407 1644.0
0.000416 -0.000406 1645.0
0.000416 -0.000406 1646.0
0.000416 -0.000405 1647.0
0.000416 -0.000405 1648.0
0.000416 -0.000404 1649.0
0.000416 -0.000404 1650.0
0.000415 -0.000403 1651.0
0.000415 -0.000403 1652.0
0.000415 -0.000402 1653.0
0.000415 -0.000402 1654.0
0.000415 -0.000401 1655.0
0.000415 -0.000400 1656.0
0.000415 -0.000400 1657.0
0.000415 -0.000399 1658.0
0.000414 -0.000399 1659.0
0.000414 -0.000398 1660.0
0.000414 -0.000398 1661.0
0.000413 -0.000399 1662.0
0.000413 -0.000399 1663.0
0.000413 -0.000399 1664.0
0.000413 -0.000399 1665.0
0.000413 -0.000399 1666.0
0.000413 -0.000399 1667.0
0.000413 -0.000399 1668.0
0.000413 -0.000399 1669.0
0.000413 -0.000399 1670.0
0.000413 -0.000399 1671.0
0.000413 -0.000399 1672.0
0.000413 -0.000399 1673.0
0.000413 -0.000399 1674.0
0.000413 -0.000399 1675.0
0.000413 -0.000399 1676.0
0.000413 -0.000399 1677.0
0.000413 -0.000399 1678.0
0.000413 -0.000398 1679.0
0.000414 -0.000398 1680.0
0.000415 -0.000397 1681.0
0.000416 -0.000396 1682.0
0.000416 -0.000396 1683.0
0.000417 -0.000395 1684.0
0.000418 -0.000395 1685.0
0.000419 -0.000394 1686.0
0.000419 -0.000394 1687.0
0.000420 -0.000393 1688.0
0.000421 -0.000393 1689.0
0.000422 -0.000392 1690.0
0.000422 -0.000392 1691.0
0.000423 -0.000391 1692.0
0.000424 -0.000391 1693.0
0.000425 -0.000390 1694.0
0.000426 -0.000390 1695.0
0.000426 -0.000389 1696.0
0.000427 -0.000389 1697.0
0.000428 -0.000388 1698.0
0.000429 -0.000387 1699.0
0.000429 -0.000387 1700.0
0.000430 -0.000386 1701.0
0.000431 -0.000386 1702.0
0.000432 -0.000385 1703.0
0.000432 -0.000385 1704.0
0.000433 -0.000384 1705.0
0.000434 -0.000384 1706.0
0.000435 -0.000383 1707.0
0.000435 -0.000383 1708.0
0.000436 -0.000382 1709.0
0.000437 -0.000382 1710.0
0.000438 -0.000381 1711.0
0.000439 -0.000381 1712.0
0.000439 -0.000380 1713.0
0.000440 -0.000380 1714.0
0.000441 -0.000379 1715.0
0.000442 -0.000378 1716.0
0.000442 -0.000378 1717.0
0.000443 -0.000377 1718.0
0.000444 -0.000377 1719.0
0.000445 -0.000376 1720.0
0.000445 -0.000376 1721.0
0.000447 -0.000380 1722.0
0.000447 -0.000380 1723.0
0.000447 -0.000379 1724.0
0.000447 -0.000379 1725.0
0.000447 -0.000379 1726.0
0.000448 -0.000379 1727.0
0.000448 -0.000379 1728.0
0.000448 -0.000379 1729.0
0.000448 -0.000379 1730.0
0.000448 -0.000379 1731.0
0.000448 -0.000379 1732.0
0.000448 -0.000379 1733.0
0.000448 -0.000379 1734.0
0.000448 -0.000379 1735.0
0.000449 -0.000379 1736.0
0.000449 -0.000378 1737.0
0.000449 -0.000378 1738.0
0.000449 -0.000378 1739.0
0.000449 -0.000378 1740.0
0.000449 -0.000378 1741.0
0.000449 -0.000378 1742.0
0.000449 -0.000378 1743.0
0.000449 -0.000378 1744.0
0.000450 -0.000378 1745.0
0.000450 -0.000378 1746.0
0.000450 -0.000378 1747.0
0.000450 -0.000378 1748.0
0.000450 -0.000377 1749.0
0.000450 -0.000377 1750.0
0.000450 -0.000377 1751.0
0.000450 -0.000377 1752.0
0.000450 -0.000377 1753.0
0.000451 -0.000377 1754.0
0.000451 -0.000377 1755.0
0.000451 -0.000377 1756.0
0.000451 -0.000377 1757.0
0.000451 -0.000377 1758.0
0.000451 -0.000377 1759.0
0.000451 -0.000377 1760.0
0.000451 -0.000377 1761.0
0.000452 -0.000376 1762.0
0.000452 -0.000376 1763.0
0.000452 -0.000376 1764.0
0.000452 -0.000376 1765.0
0.000452 -0.000376 1766.0
0.000452 -0.000376 1767.0
0.000452 -0.000376 1768.0
0.000452 -0.000376 1769.0
0.000452 -0.000376 1770.0
0.000453 -0.000376 1771.0
0.000453 -0.000376 1772.0
0.000453 -0.000376 1773.0
0.000453 -0.000375 1774.0
0.000453 -0.000375 1775.0
0.000453 -0.000375 1776.0
0.000453 -0.000375 1777.0
0.000453 -0.000375 1778.0
0.000453 -0.000375 1779.0
0.000454 -0.000375 1780.0
0.000454 -0.000375 1781.0
0.000454 -0.000375 1782.0
0.000454 -0.000376 1783.0
0.000454 -0.000376 1784.0
0.000454 -0.000376 1785.0
0.000454 -0.000376 1786.0
0.000454 -0.000376 1787.0
0.000454 -0.000376 1788.0
0.000454 -0.000376 1789.0
0.000454 -0.000376 1790.0
0.000454 -0.000376 1791.0
0.000454 -0.000376 1792.0
0.000454 -0.000376 1793.0
0.000454 -0.000376 1794.0
0.000454 -0.000376 1795.0
0.000454 -0.000376 1796.0
0.000454 -0.000376 1797.0
0.000454 -0.000376 1798.0
0.000454 -0.000376 1799.0
0.000454 -0.000376 1800.0
0.000454 -0.000376 1801.0
0.000454 -0.000376 1802.0
0.000454 -0.000376 1803.0
0.000454 -0.000376 1804.0
0.000454 -0.000376 1805.0
0.000454 -0.000376 1806.0
0.000454 -0.000376 1807.0
0.000454 -0.000376 1808.0
0.000454 -0.000376 1809.0
0.000454 -0.000376 1810.0
0.000454 -0.000376 1811.0
0.000454 -0.000376 1812.0
0.000454 -0.000376 1813.0
0.000454 -0.000376 1814.0
0.000454 -0.000376 1815.0
0.000454 -0.000376 1816.0
0.000454 -0.000376 1817.0
0.000454 -0.000376 1818.0
0.000454 -0.000376 1819.0
0.000454 -0.000376 1820.0
0.000454 -0.000376 1821.0
0.000454 -0.000376 1822.0
0.000454 -0.000376 1823.0
0.000454 -0.000376 1824.0
0.000454 -0.000376 1825.0
0.000454 -0.000376 1826.0
0.000454 -0.000376 1827.0
0.000454 -0.000376 1828.0
0.000454 -0.000376 1829.0
0.000454 -0.000376 1830.0
0.000454 -0.000376 1831.0
0.000454 -0.000376 1832.0
0.000454 -0.000376 1833.0
0.000454 -0.000376 1834.0
0.000454 -0.000376 1835.0
0.000454 -0.000376 1836.0
0.000454 -0.000376 1837.0
0.000454 -0.000376 1838.0
0.000454 -0.000376 1839.0
0.000454 -0.000376 1840.0
0.000454 -0.000376 1841.0
0.000454 -0.000376 1842.0
0.000454 -0.000376 1843.0
0.000454 -0.000376 1844.0
0.000454 -0.000376 1845.0
0.000454 -0.000376 1846.0
0.000454 -0.000376 1847.0
0.000454 -0.000376 1848.0
0.000454 -0.000376 1849.0
0.000454 -0.000376 1850.0
0.000454 -0.000376 1851.0
0.000454 -0.000376 1852.0
0.000454 -0.000376 1853.0
0.000454 -0.000376 1854.0
0.000454 -0.000376 1855.0
0.000454 -0.000376 1856.0
0.000454 -0.000376 1857.0
0.000454 -0.000376 1858.0
0.000454 -0.000376 1859.0
0.000454 -0.000376 1860.0
0.000454 -0.000376 1861.0
0.000454 -0.000376 1862.0
0.000454 -0.000376 1863.0
0.000454 -0.000376 1864.0
0.000454 -0.000376 1865.0
0.000454 -0.000376 1866.0
0.000454 -0.000376 1867.0
0.000454 -0.000376 1868.0
0.000454 -0.000376 1869.0
0.000454 -0.000376 1870.0
0.000454 -0.000376 1871.0
0.000454 -0.000376 1872.0
0.000454 -0.000376 1873.0
0.000454 -0.000376 1874.0
0.000454 -0.000376 1875.0
0.000454 -0.000376 1876.0
0.000454 -0.000376 1877.0
0.000454 -0.000376 1878.0
0.000454 -0.000376 1879.0
0.000454 -0.000376 1880.0
0.000454 -0.000376 1881.0
0.000454 -0.000376 1882.0
0.000454 -0.000376 1883.0
0.000454 -0.000376 1884.0
0.000454 -0.000376 1885.0
0.000454 -0.000376 1886.0
0.000454 -0.000376 1887.0
0.000454 -0.000376 1888.0
0.000454 -0.000376 1889.0
0.000454 -0.000376 1890.0
0.000454 -0.000376 1891.0
0.000454 -0.000376 1892.0
0.000454 -0.000376 1893.0
0.000454 -0.000376 1894.0
0.000454 -0.000376 1895.0
0.000454 -0.000376 1896.0
0.000454 -0.000376 1897.0
0.000454 -0.000376 1898.0
0.000454 -0.000376 1899.0
0.000454 -0.000376 1900.0
0.000454 -0.000376 1901.0
0.000454 -0.000376 1902.0
0.000454 -0.000376 1903.0
0.000454 -0.000376 1904.0
0.000454 -0.000376 1905.0
0.000454 -0.000376 1906.0
0.000454 -0.000376 1907.0
0.000454 -0.000376 1908.0
0.000454 -0.000376 1909.0
0.000454 -0.000376 1910.0
0.000454 -0.000376 1911.0
0.000454 -0.000376 1912.0
0.000454 -0.000376 1913.0
0.000454 -0.000376 1914.0
0.000454 -0.000376 1915.0
0.000454 -0.000376 1916.0
0.000454 -0.000376 1917.0
0.000454 -0.000376 1918.0
0.000454 -0.000376 1919.0
0.000454 -0.000376 1920.0
0.000454 -0.000376 1921.0
0.000454 -0.000376 1922.0
0.000454 -0.000376 1923.0
0.000454 -0.000376 1924.0
0.000454 -0.000376 1925.0
0.000454 -0.000376 1926.0
0.000454 -0.000376 1927.0
0.000454 -0.000376 1928.0
0.000454 -0.000376 1929.0
0.000454 -0.000376 1930.0
0.000454 -0.000376 1931.0
0.000454 -0.000376 1932.0
0.000454 -0.000376 1933.0
0.000454 -0.000376 1934.0
0.000454 -0.000376 1935.0
0.000454 -0.000376 1936.0
0.000454 -0.000376 1937.0
0.000454 -0.000376 1938.0
0.000454 -0.000376 1939.0
0.000454 -0.000376 1940.0
0.000454 -0.000376 1941.0
0.000454 -0.000376 1942.0
0.000454 -0.000376 1943.0
0.000454 -0.000376 1944.0
0.000454 -0.000376 1945.0
0.000454 -0.000376 1946.0
0.000454 -0.000376 1947.0
0.000454 -0.000376 1948.0
0.000454 -0.000376 1949.0
0.000454 -0.000376 1950.0
0.000454 -0.000376 1951.0
0.000454 -0.000376 1952.0
0.000454 -0.000376 1953.0
0.000454 -0.000376 1954.0
0.000454 -0.000376 1955.0
0.000454 -0.000376 1956.0
0.000454 -0.000376 1957.0
0.000454 -0.000376 1958.0
0.000454 -0.000376 1959.0
0.000454 -0.000376 1960.0
0.000454 -0.000376 1961.0
0.000454 -0.000376 1962.0
0.000454 -0.000376 1963.0
0.000454 -0.000376 1964.0
0.000454 -0.000376 1965.0
0.000454 -0.000376 1966.0
0.000454 -0.000376 1967.0
0.000454 -0.000376 1968.0
0.000454 -0.000376 1969.0
0.000454 -0.000376 1970.0
0.000454 -0.000376 1971.0
0.000454 -0.000376 1972.0
0.000454 -0.000376 1973.0
0.000454 -0.000376 1974.0
0.000454 -0.000376 1975.0
0.000454 -0.000376 1976.0
0.000454 -0.000376 1977.0
0.000454 -0.000376 1978.0
0.000454 -0.000376 1979.0
0.000454 -0.000376 1980.0
0.000454 -0.000376 1981.0
0.000454 -0.000376 1982.0
0.000454 -0.000376 1983.0
0.000454 -0.000376 1984.0
0.000454 -0.000376 1985.0
0.000454 -0.000376 1986.0
0.000454 -0.000376 1987.0
0.000454 -0.000376 1988.0
0.000454 -0.000376 1989.0
0.000454 -0.000376 1990.0
0.000454 -0.000376 1991.0
0.000454 -0.000376 1992.0
0.000454 -0.000376 1993.0
0.000454 -0.000376 1994.0
0.000454 -0.000376 1995.0
0.000454 -0.000376 1996.0
0.000454 -0.000376 1997.0
0.000454 -0.000376 1998.0
0.000454 -0.000376 1999.0
0.000454 -0.000376 2000.0
0.000454 -0.000376 2001.0
0.000454 -0.000376 2002.0
0.000454 -0.000376 2003.0
0.000454 -0.000376 2004.0
0.000454 -0.000376 2005.0
0.000454 -0.000376 2006.0
0.000454 -0.000376 2007.0
0.000454 -0.000376 2008.0
0.000454 -0.000376 2009.0
0.000454 -0.000376 2010.0
0.000454 -0.000376 2011.0
0.000454 -0.000376 2012.0
0.000454 -0.000376 2013.0
0.000454 -0.000376 2014.0
0.000454 -0.000376 2015.0
0.000454 -0.000376 2016.0
0.000454 -0.000376 2017.0
0.000454 -0.000376 2018.0
0.000454 -0.000376 2019.0
0.000454 -0.000376 2020.0
0.000454 -0.000376 2021.0
0.000454 -0.000376 2022.0
0.000454 -0.000376 2023.0
0.000454 -0.000376 2024.0
0.000454 -0.000376 2025.0
0.000454 -0.000376 2026.0
0.000454 -0.000376 2027.0
0.000454 -0.000376 2028.0
0.000454 -0.000376 2029.0
0.000454 -0.000376 2030.0
0.000454 -0.000376 2031.0
0.000454 -0.000376 2032.0
0.000454 -0.000376 2033.0
0.000454 -0.000376 2034.0
0.000454 -0.000376 2035.0
0.000454 -0.000376 2036.0
0.000454 -0.000376 2037.0
0.000454 -0.000376 2038.0
0.000454 -0.000376 2039.0
0.000454 -0.000376 2040.0
0.000454 -0.000376 2041.0
0.000454 -0.000376 2042.0
0.000454 -0.000376 2043.0
0.000454 -0.000376 2044.0
0.000454 -0.000376 2045.0
0.000454 -0.000376 2046.0
0.000454 -0.000376 2047.0
0.000454 -0.000376 2048.0
0.000454 -0.000376 2049.0
0.000454 -0.000376 2050.0
0.000454 -0.000376 2051.0
0.000454 -0.000376 2052.0
0.000454 -0.000376 2053.0
0.000454 -0.000376 2054.0
0.000454 -0.000376 2055.0
0.000454 -0.000376 2056.0
0.000454 -0.000376 2057.0
0.000454 -0.000376 2058.0
0.000454 -0.000376 2059.0
0.000454 -0.000376 2060.0
0.000454 -0.000376 2061.0
0.000454 -0.000376 2062.0
0.000454 -0.000376 2063.0
0.000454 -0.000376 2064.0
0.000454 -0.000376 2065.0
0.000454 -0.000376 2066.0
0.000454 -0.000376 2067.0
0.000454 -0.000376 2068.0
0.000454 -0.000376 2069.0
0.000454 -0.000376 2070.0
0.000454 -0.000376 2071.0
0.000454 -0.000376 2072.0
0.000454 -0.000376 2073.0
0.000454 -0.000376 2074.0
0.000454 -0.000376 2075.0
0.000454 -0.000376 2076.0
0.000454 -0.000376 2077.0
0.000454 -0.000376 2078.0
0.000454 -0.000376 2079.0
0.000454 -0.000376 2080.0
0.000454 -0.000376 2081.0
0.000454 -0.000376 2082.0
0.000454 -0.000376 2083.0
0.000454 -0.000376 2084.0
0.000454 -0.000376 2085.0
0.000454 -0.000376 2086.0
0.000454 -0.000376 2087.0
0.000454 -0.000376 2088.0
0.000454 -0.000376 2089.0
0.000454 -0.000376 2090.0
0.000454 -0.000376 2091.0
0.000454 -0.000376 2092.0
0.000454 -0.000376 2093.0
0.000454 -0.000376 2094.0
0.000454 -0.000376 2095.0
0.000454 -0.000376 2096.0
0.000454 -0.000376 2097.0
0.000454 -0.000376 2098.0
0.000454 -0.000376 2099.0
0.000454 -0.000376 2100.0
0.000454 -0.000376 2101.0
0.000454 -0.000376 2102.0
0.000454 -0.000376 2103.0
0.000454 -0.000376 2104.0
0.000454 -0.000376 2105.0
0.000454 -0.000376 2106.0
0.000454 -0.000376 2107.0
0.000454 -0.000376 2108.0
0.000454 -0.000376 2109.0
0.000454 -0.000376 2110.0
0.000454 -0.000376 2111.0
0.000454 -0.000376 2112.0
0.000454 -0.000376 2113.0
0.000454 -0.000376 2114.0
0.000454 -0.000376 2115.0
0.000454 -0.000376 2116.0
0.000454 -0.000376 2117.0
0.000454 -0.000376 2118.0
0.000454 -0.000376 2119.0
0.000454 -0.000376 2120.0
0.000454 -0.000376 2121.0
0.000454 -0.000375 2122.0
0.000454 -0.000375 2123.0
0.000454 -0.000375 2124.0
0.000454 -0.000375 2125.0
0.000454 -0.000375 2126.0
0.000454 -0.000375 2127.0
0.000454 -0.000375 2128.0
0.000454 -0.000375 2129.0
0.000454 -0.000375 2130.0
0.000454 -0.000375 2131.0
0.000454 -0.000375 2132.0
0.000454 -0.000375 2133.0
0.000454 -0.000375 2134.0
0.000454 -0.000375 2135.0
0.000454 -0.000375 2136.0
0.000454 -0.000375 2137.0
0.000454 -0.000375 2138.0
0.000454 -0.000375 2139.0
0.000454 -0.000375 2140.0
0.000454 -0.000375 2141.0
0.000454 -0.000375 2142.0
0.000454 -0.000375 2143.0
0.000454 -0.000375 2144.0
0.000454 -0.000375 2145.0
0.000454 -0.000375 2146.0
0.000454 -0.000375 2147.0
0.000454 -0.000375 2148.0
0.000454 -0.000375 2149.0
0.000454 -0.000375 2150.0
0.000454 -0.000375 2151.0
0.000454 -0.000375 2152.0
0.000454 -0.000375 2153.0
0.000454 -0.000375 2154.0
0.000454 -0.000375 2155.0
0.000454 -0.000375 2156.0
0.000454 -0.000375 2157.0
0.000454 -0.000375 2158.0
0.000454 -0.000375 2159.0
0.000454 -0.000375 2160.0
0.000454 -0.000375 2161.0
0.000454 -0.000375 2162.0
0.000454 -0.000375 2163.0
0.000454 -0.000375 2164.0
0.000454 -0.000375 2165.0
0.000454 -0.000375 2166.0
0.000454 -0.000375 2167.0
0.000454 -0.000375 2168.0
0.000454 -0.000375 2169.0
0.000454 -0.000375 2170.0
0.000454 -0.000375 2171.0
0.000454 -0.000375 2172.0
0.000454 -0.000375 2173.0
0.000454 -0.000375 2174.0
0.000454 -0.000375 2175.0
0.000454 -0.000375 2176.0
0.000454 -0.000375 2177.0
0.000454 -0.000375 2178.0
0.000454 -0.000375 2179.0
0.000454 -0.000375 2180.0
0.000454 -0.000375 2181.0
0.000454 -0.000375 2182.0
0.000454 -0.000375 2183.0
0.000454 -0.000375 2184.0
0.000454 -0.000375 2185.0
0.000454 -0.000375 2186.0
0.000454 -0.000375 2187.0
0.000454 -0.000375 2188.0
0.000454 -0.000375 2189.0
0.000454 -0.000375 2190.0
0.000454 -0.000375 2191.0
0.000454 -0.000375 2192.0
0.000454 -0.000375 2193.0
0.000454 -0.000375 2194.0
0.000454 -0.000375 2195.0
0.000454 -0.000375 2196.0
0.000454 -0.000375 2197.0
0.000454 -0.000375 2198.0
0.000454 -0.000375 2199.0
0.000454 -0.000375 2200.0
0.000454 -0.000375 2201.0
0.000454 -0.000375 2202.0
0.000454 -0.000375 2203.0
0.000454 -0.000375 2204.0
0.000454 -0.000375 2205.0
0.000454 -0.000375 2206.0
0.000454 -0.000375 2207.0
0.000454 -0.000375 2208.0
0.000454 -0.000375 2209.0
0.000454 -0.000375 2210.0
0.000454 -0.000375 2211.0
0.000454 -0.000375 2212.0
0.000454 -0.000375 2213.0
0.000454 -0.000375 2214.0
0.000454 -0.000375 2215.0
0.000454 -0.000375 2216.0
0.000454 -0.000375 2217.0
0.000454 -0.000375 2218.0
0.000454 -0.000375 2219.0
0.000454 -0.000375 2220.0
0.000454 -0.000375 2221.0
0.000454 -0.000375 2222.0
0.000454 -0.000375 2223.0
0.000454 -0.000375 2224.0
0.000454 -0.000375 2225.0
0.000454 -0.000375 2226.0
0.000454 -0.000375 2227.0
0.000454 -0.000375 2228.0
0.000454 -0.000375 2229.0
0.000454 -0.000375 2230.0
0.000454 -0.000375 2231.0
0.000454 -0.000375 2232.0
0.000454 -0.000375 2233.0
0.000454 -0.000375 2234.0
0.000454 -0.000375 2235.0
0.000454 -0.000375 2236.0
0.000454 -0.000375 2237.0
0.000454 -0.000375 2238.0
0.000454 -0.000375 2239.0
0.000454 -0.000375 2240.0
0.000454 -0.000375 2241.0
0.000454 -0.000375 2242.0
0.000454 -0.000375 2243.0
0.000454 -0.000375 2244.0
0.000454 -0.000375 2245.0
0.000454 -0.000375 2246.0
0.000454 -0.000375 2247.0
0.000454 -0.000375 2248.0
0.000454 -0.000375 2249.0
0.000454 -0.000375 2250.0
0.000454 -0.000375 2251.0
0.000454 -0.000375 2252.0
0.000454 -0.000375 2253.0
0.000454 -0.000375 2254.0
0.000454 -0.000375 2255.0
0.000454 -0.000375 2256.0
0.000454 -0.000375 2257.0
0.000454 -0.000375 2258.0
0.000454 -0.000375 2259.0
0.000454 -0.000375 2260.0
0.000454 -0.000375 2261.0
0.000454 -0.000375 2262.0
0.000454 -0.000375 2263.0
0.000454 -0.000375 2264.0
0.000454 -0.000375 2265.0
0.000454 -0.000375 2266.0
0.000454 -0.000375 2267.0
0.000454 -0.000375 2268.0
0.000454 -0.000375 2269.0
0.000454 -0.000375 2270.0
0.000454 -0.000375 2271.0
0.000454 -0.000375 2272.0
0.000454 -0.000375 2273.0
0.000454 -0.000375 2274.0
0.000454 -0.000375 2275.0
0.000454 -0.000375 2276.0
0.000454 -0.000375 2277.0
0.000454 -0.000375 2278.0
0.000454 -0.000375 2279.0
0.000454 -0.000375 2280.0
0.000454 -0.000375 2281.0
0.000454 -0.000375 2282.0
0.000454 -0.000375 2283.0
0.000454 -0.000375 2284.0
0.000454 -0.000375 2285.0
0.000454 -0.000375 2286.0
0.000454 -0.000375 2287.0
0.000454 -0.000375 2288.0
0.000454 -0.000375 2289.0
0.000454 -0.000375 2290.0
0.000454 -0.000375 2291.0
0.000454 -0.000375 2292.0
0.000454 -0.000375 2293.0
0.000454 -0.000375 2294.0
0.000454 -0.000375 2295.0
0.000454 -0.000375 2296.0
0.000454 -0.000375 2297.0
0.000454 -0.000375 2298.0
0.000454 -0.000375 2299.0
0.000454 -0.000375 2300.0
0.000454 -0.000375 2301.0
0.000454 -0.000375 2302.0
0.000454 -0.000375 2303.0
0.000454 -0.000375 2304.0
0.000454 -0.000375 2305.0
0.000454 -0.000375 2306.0
0.000454 -0.000375 2307.0
0.000454 -0.000375 2308.0
0.000454 -0.000375 2309.0
0.000454 -0.000375 2310.0
0.000454 -0.000375 2311.0
0.000454 -0.000375 2312.0
0.000454 -0.000375 2313.0
0.000454 -0.000375 2314.0
0.000454 -0.000375 2315.0
0.000454 -0.000375 2316.0
0.000454 -0.000375 2317.0
0.000454 -0.000375 2318.0
0.000454 -0.000375 2319.0
0.000454 -0.000375 2320.0
0.000454 -0.000375 2321.0
0.000454 -0.000375 2322.0
0.000454 -0.000375 2323.0
0.000454 -0.000375 2324.0
0.000454 -0.000375 2325.0
0.000454 -0.000375 2326.0
0.000454 -0.000375 2327.0
0.000454 -0.000375 2328.0
0.000454 -0.000375 2329.0
0.000454 -0.000375 2330.0
0.000454 -0.000375 2331.0
0.000454 -0.000375 2332.0
0.000454 -0.000375 2333.0
0.000454 -0.000375 2334.0
0.000454 -0.000375 2335.0
0.000454 -0.000375 2336.0
0.000454 -0.000375 2337.0
0.000454 -0.000375 2338.0
0.000454 -0.000375 2339.0
0.000454 -0.000375 2340.0
0.000454 -0.000375 2341.0
0.000454 -0.000375 2342.0
0.000454 -0.000375 2343.0
0.000454 -0.000375 2344.0
0.000454 -0.000375 2345.0
0.000454 -0.000375 2346.0
0.000454 -0.000375 2347.0
0.000454 -0.000375 2348.0
0.000454 -0.000375 2349.0
0.000454 -0.000375 2350.0
0.000454 -0.000375 2351.0
0.000454 -0.000375 2352.0
0.000454 -0.000375 2353.0
0.000454 -0.000375 2354.0
0.000454 -0.000375 2355.0
0.000454 -0.000375 2356.0
0.000454 -0.000375 2357.0
0.000454 -0.000375 2358.0
0.000454 -0.000375 2359.0
0.000454 -0.000375 2360.0
0.000454 -0.000375 2361.0
0.000454 -0.000375 2362.0
0.000454 -0.000375 2363.0
0.000454 -0.000375 2364.0
0.000454 -0.000375 2365.0
0.000454 -0.000375 2366.0
0.000454 -0.000375 2367.0
0.000454 -0.000375 2368.0
0.000454 -0.000375 2369.0
0.000454 -0.000375 2370.0
0.000454 -0.000375 2371.0
0.000454 -0.000375 2372.0
0.000454 -0.000375 2373.0
0.000454 -0.000375 2374.0
0.000454 -0.000375 2375.0
0.000454 -0.000375 2376.0
0.000454 -0.000375 2377.0
0.000454 -0.000375 2378.0
0.000454 -0.000375 2379.0
0.000454 -0.000375 2380.0
0.000454 -0.000375 2381.0
0.000454 -0.000375 2382.0
0.000454 -0.000375 2383.0
0.000454 -0.000375 2384.0
0.000454 -0.000375 2385.0
0.000454 -0.000375 2386.0
0.000454 -0.000375 2387.0
0.000454 -0.000375 2388.0
0.000454 -0.000375 2389.0
0.000454 -0.000375 2390.0
0.000454 -0.000375 2391.0
0.000454 -0.000375 2392.0
0.000454 -0.000375 2393.0
0.000454 -0.000375 2394.0
0.000454 -0.000375 2395.0
0.000454 -0.000375 2396.0
0.000454 -0.000375 2397.0
0.000454 -0.000375 2398.0
0.000454 -0.000375 2399.0
0.000454 -0.000375 2400.0
0.000454 -0.000375 2401.0
0.000454 -0.000375 2402.0
0.000454 -0.000375 2403.0
0.000454 -0.000375 2404.0
0.000454 -0.000375 2405.0
0.000454 -0.000375 2406.0
0.000454 -0.000375 2407.0
0.000454 -0.000375 2408.0
0.000454 -0.000375 2409.0
0.000454 -0.000375 2410.0
0.000454 -0.000375 2411.0
0.000454 -0.000375 2412.0
0.000454 -0.000375 2413.0
0.000454 -0.000375 2414.0
0.000454 -0.000375 2415.0
0.000454 -0.000375 2416.0
0.000454 -0.000375 2417.0
0.000454 -0.000375 2418.0
0.000454 -0.000375 2419.0
0.000454 -0.000375 2420.0
0.000454 -0.000375 2421.0
0.000454 -0.000375 2422.0
0.000454 -0.000375 2423.0
0.000454 -0.000375 2424.0
0.000454 -0.000375 2425.0
0.000454 -0.000375 2426.0
0.000454 -0.000375 2427.0
0.000454 -0.000375 2428.0
0.000454 -0.000375 2429.0
0.000454 -0.000375 2430.0
0.000454 -0.000375 2431.0
0.000454 -0.000375 2432.0
0.000454 -0.000375 2433.0
0.000454 -0.000375 2434.0
0.000454 -0.000375 2435.0
0.000454 -0.000375 2436.0
0.000454 -0.000375 2437.0
0.000454 -0.000375 2438.0
0.000454 -0.000375 2439.0
0.000454 -0.000375 2440.0
0.000454 -0.000375 2441.0
0.000454 -0.000375 2442.0
0.000454 -0.000375 2443.0
0.000454 -0.000375 2444.0
0.000454 -0.000375 2445.0
0.000454 -0.000375 2446.0
0.000454 -0.000375 2447.0
0.000454 -0.000375 2448.0
0.000454 -0.000375 2449.0
0.000454 -0.000375 2450.0
0.000454 -0.000375 2451.0
0.000454 -0.000375 2452.0
0.000454 -0.000375 2453.0
0.000454 -0.000374 2454.0
0.000454 -0.000374 2455.0
0.000454 -0.000374 2456.0
0.000454 -0.000374 2457.0
0.000454 -0.000374 2458.0
0.000454 -0.000374 2459.0
0.000454 -0.000374 2460.0
0.000454 -0.000374 2461.0
0.000454 -0.000374 2462.0
0.000454 -0.000374 2463.0
0.000454 -0.000374 2464.0
0.000454 -0.000374 2465.0
0.000454 -0.000374 2466.0
0.000455 -0.000374 2467.0
0.000455 -0.000374 2468.0
0.000455 -0.000374 2469.0
0.000455 -0.000374 2470.0
0.000455 -0.000374 2471.0
0.000455 -0.000374 2472.0
0.000455 -0.000374 2473.0
0.000455 -0.000374 2474.0
0.000455 -0.000374 2475.0
0.000455 -0.000374 2476.0
0.000455 -0.000374 2477.0
0.000455 -0.000374 2478.0
0.000455 -0.000374 2479.0
0.000455 -0.000374 2480.0
0.000455 -0.000374 2481.0
0.000455 -0.000374 2482.0
0.000455 -0.000374 2483.0
0.000455 -0.000374 2484.0
0.000455 -0.000374 2485.0
0.000455 -0.000374 2486.0
0.000455 -0.000374 2487.0
0.000455 -0.000374 2488.0
0.000455 -0.000374 2489.0
0.000455 -0.000374 2490.0
0.000455 -0.000374 2491.0
0.000455 -0.000374 2492.0
0.000455 -0.000374 2493.0
0.000455 -0.000374 2494.0
0.000455 -0.000374 2495.0
0.000455 -0.000374 2496.0
0.000455 -0.000374 2497.0
0.000455 -0.000374 2498.0
0.000455 -0.000374 2499.0
0.000455 -0.000374 2500.0
0.000455 -0.000374 2501.0
0.000455 -0.000374 2502.0
0.000455 -0.000374 2503.0
0.000455 -0.000374 2504.0
0.000455 -0.000374 2505.0
0.000455 -0.000374 2506.0
0.000455 -0.000374 2507.0
0.000455 -0.000374 2508.0
0.000455 -0.000374 2509.0
0.000455 -0.000374 2510.0
0.000455 -0.000374 2511.0
0.000455 -0.000374 2512.0
0.000455 -0.000374 2513.0
0.000455 -0.000374 2514.0
0.000455 -0.000374 2515.0
0.000455 -0.000374 2516.0
0.000455 -0.000374 2517.0
0.000455 -0.000374 2518.0
0.000455 -0.000374 2519.0
0.000455 -0.000374 2520.0
0.000455 -0.000374 2521.0
0.000455 -0.000374 2522.0
0.000455 -0.000374 2523.0
0.000455 -0.000374 2524.0
0.000455 -0.000374 2525.0
0.000455 -0.000374 2526.0
0.000455 -0.000374 2527.0
0.000455 -0.000374 2528.0
0.000455 -0.000374 2529.0
0.000455 -0.000374 2530.0
0.000455 -0.000374 2531.0
0.000455 -0.000374 2532.0
0.000455 -0.000374 2533.0
0.000455 -0.000374 2534.0
0.000455 -0.000374 2535.0
0.000455 -0.000374 2536.0
0.000455 -0.000374 2537.0
0.000455 -0.000374 2538.0
0.000455 -0.000374 2539.0
0.000455 -0.000374 2540.0
0.000455 -0.000374 2541.0
0.000455 -0.000374 2542.0
0.000455 -0.000374 2543.0
0.000455 -0.000374 2544.0
0.000455 -0.000374 2545.0
0.000455 -0.000374 2546.0
0.000455 -0.000374 2547.0
0.000455 -0.000374 2548.0
0.000455 -0.000374 2549.0
0.000455 -0.000374 2550.0
0.000455 -0.000374 2551.0
0.000455 -0.000374 2552.0
0.000455 -0.000374 2553.0
0.000455 -0.000374 2554.0
0.000455 -0.000374 2555.0
0.000455 -0.000374 2556.0
0.000455 -0.000374 2557.0
0.000455 -0.000374 2558.0
0.000455 -0.000374 2559.0
0.000455 -0.000374 2560.0
0.000455 -0.000374 2561.0
0.000455 -0.000374 2562.0
0.000455 -0.000374 2563.0
0.000455 -0.000374 2564.0
0.000455 -0.000374 2565.0
0.000455 -0.000374 2566.0
0.000455 -0.000374 2567.0
0.000455 -0.000374 2568.0
0.000455 -0.000374 2569.0
0.000455 -0.000374 2570.0
0.000455 -0.000374 2571.0
0.000455 -0.000374 2572.0
0.000455 -0.000374 2573.0
0.000455 -0.000374 2574.0
0.000455 -0.000374 2575.0
0.000455 -0.000374 2576.0
0.000455 -0.000374 2577.0
0.000455 -0.000374 2578.0
0.000455 -0.000374 2579.0
0.000455 -0.000374 2580.0
0.000455 -0.000374 2581.0
0.000455 -0.000374 2582.0
0.000455 -0.000374 2583.0
0.000455 -0.000374 2584.0
0.000455 -0.000374 2585.0
0.000455 -0.000374 2586.0
0.000455 -0.000374 2587.0
0.000455 -0.000374 2588.0
0.000455 -0.000374 2589.0
0.000455 -0.000374 2590.0
0.000455 -0.000374 2591.0
0.000455 -0.000374 2592.0
0.000455 -0.000374 2593.0
0.000455 -0.000374 2594.0
0.000455 -0.000374 2595.0
0.000455 -0.000374 2596.0
0.000455 -0.000374 2597.0
0.000455 -0.000374 2598.0
0.000455 -0.000374 2599.0
0.000455 -0.000374 2600.0
0.000455 -0.000374 2601.0
0.000455 -0.000374 2602.0
0.000455 -0.000375 2603.0
0.000455 -0.000375 2604.0
0.000455 -0.000375 2605.0
0.000455 -0.000375 2606.0
0.000455 -0.000375 2607.0
0.000455 -0.000375 2608.0
0.000455 -0.000375 2609.0
0.000455 -0.000375 2610.0
0.000455 -0.000375 2611.0
0.000455 -0.000375 2612.0
0.000455 -0.000375 2613.0
0.000455 -0.000375 2614.0
0.000455 -0.000375 2615.0
0.000455 -0.000375 2616.0
0.000455 -0.000375 2617.0
0.000455 -0.000375 2618.0
0.000455 -0.000375 2619.0
0.000455 -0.000375 2620.0
0.000455 -0.000375 2621.0
0.000455 -0.000375 2622.0
0.000455 -0.000375 2623.0
0.000455 -0.000375 2624.0
0.000455 -0.000375 2625.0
0.000455 -0.000375 2626.0
0.000455 -0.000375 2627.0
0.000455 -0.000375 2628.0
0.000455 -0.000375 2629.0
0.000455 -0.000375 2630.0
0.000455 -0.000375 2631.0
0.000455 -0.000375 2632.0
0.000455 -0.000375 2633.0
0.000455 -0.000375 2634.0
0.000455 -0.000375 2635.0
0.000455 -0.000375 2636.0
0.000455 -0.000375 2637.0
0.000455 -0.000375 2638.0
0.000455 -0.000375 2639.0
0.000455 -0.000375 2640.0
0.000455 -0.000375 2641.0
0.000455 -0.000375 2642.0
0.000455 -0.000375 2643.0
0.000455 -0.000375 2644.0
0.000455 -0.000375 2645.0
0.000455 -0.000375 2646.0
0.000455 -0.000375 2647.0
0.000455 -0.000375 2648.0
0.000455 -0.000375 2649.0
0.000455 -0.000375 2650.0
0.000455 -0.000375 2651.0
0.000455 -0.000375 2652.0
0.000455 -0.000375 2653.0
0.000455 -0.000375 2654.0
0.000455 -0.000375 2655.0
0.000455 -0.000375 2656.0
0.000455 -0.000375 2657.0
0.000455 -0.000375 2658.0
0.000455 -0.000375 2659.0
0.000455 -0.000375 2660.0
0.000455 -0.000375 2661.0
0.000455 -0.000375 2662.0
0.000455 -0.000375 2663.0
0.000455 -0.000375 2664.0
0.000455 -0.000375 2665.0
0.000455 -0.000375 2666.0
0.000455 -0.000375 2667.0
0.000455 -0.000375 2668.0
0.000455 -0.000375 2669.0
0.000455 -0.000375 2670.0
0.000455 -0.000375 2671.0
0.000455 -0.000375 2672.0
0.000455 -0.000375 2673.0
0.000455 -0.000375 2674.0
0.000455 -0.000375 2675.0
0.000455 -0.000375 2676.0
0.000455 -0.000375 2677.0
0.000455 -0.000375 2678.0
0.000455 -0.000375 2679.0
0.000455 -0.000375 2680.0
0.000455 -0.000375 2681.0
0.000455 -0.000375 2682.0
0.000455 -0.000375 2683.0
0.000455 -0.000375 2684.0
0.000455 -0.000375 2685.0
0.000455 -0.000375 2686.0
0.000455 -0.000375 2687.0
0.000455 -0.000375 2688.0
0.000455 -0.000375 2689.0
0.000455 -0.000375 2690.0
0.000455 -0.000375 2691.0
0.000455 -0.000375 2692.0
0.000455 -0.000375 2693.0
0.000455 -0.000375 2694.0
0.000455 -0.000375 2695.0
0.000455 -0.000375 2696.0
0.000455 -0.000375 2697.0
0.000455 -0.000375 2698.0
0.000455 -0.000375 2699.0
0.000455 -0.000375 2700.0
0.000455 -0.000375 2701.0
0.000455 -0.000375 2702.0
0.000455 -0.000375 2703.0
0.000455 -0.000375 2704.0
0.000455 -0.000375 2705.0
0.000455 -0.000375 2706.0
0.000455 -0.000375 2707.0
0.000455 -0.000375 2708.0
0.000455 -0.000375 2709.0
0.000455 -0.000375 2710.0
0.000455 -0.000375 2711.0
0.000455 -0.000375 2712.0
0.000455 -0.000375 2713.0
0.000455 -0.000375 2714.0
0.000455 -0.000375 2715.0
0.000455 -0.000375 2716.0
0.000455 -0.000375 2717.0
0.000455 -0.000375 2718.0
0.000455 -0.000375 2719.0
0.000455 -0.000375 2720.0
0.000455 -0.000375 2721.0
0.000455 -0.000375 2722.0
0.000455 -0.000375 2723.0
0.000455 -0.000375 2724.0
0.000455 -0.000375 2725.0
0.000455 -0.000375 2726.0
0.000455 -0.000375 2727.0
0.000455 -0.000374 2728.0
0.000455 -0.000374 2729.0
0.000455 -0.000374 2730.0
0.000455 -0.000374 2731.0
0.000455 -0.000374 2732.0
0.000455 -0.000374 2733.0
0.000455 -0.000374 2734.0
0.000455 -0.000374 2735.0
0.000455 -0.000374 2736.0
0.000455 -0.000374 2737.0
0.000455 -0.000374 2738.0
0.000455 -0.000374 2739.0
0.000455 -0.000374 2740.0
0.000455 -0.000374 2741.0
0.000455 -0.000374 2742.0
0.000455 -0.000374 2743.0
0.000455 -0.000374 2744.0
0.000455 -0.000374 2745.0
0.000455 -0.000374 2746.0
0.000455 -0.000374 2747.0
0.000455 -0.000374 2748.0
0.000455 -0.000374 2749.0
0.000455 -0.000374 2750.0
0.000455 -0.000374 2751.0
0.000455 -0.000374 2752.0
0.000455 -0.000374 2753.0
0.000455 -0.000374 2754.0
0.000455 -0.000374 2755.0
0.000455 -0.000374 2756.0
0.000455 -0.000374 2757.0
0.000455 -0.000374 2758.0
0.000455 -0.000374 2759.0
0.000455 -0.000374 2760.0
0.000455 -0.000374 2761.0
0.000455 -0.000374 2762.0
0.000455 -0.000374 2763.0
0.000455 -0.000374 2764.0
0.000455 -0.000374 2765.0
0.000455 -0.000374 2766.0
0.000455 -0.000374 2767.0
0.000455 -0.000374 2768.0
0.000455 -0.000374 2769.0
0.000455 -0.000374 2770.0
0.000455 -0.000374 2771.0
0.000455 -0.000374 2772.0
0.000455 -0.000374 2773.0
0.000455 -0.000374 2774.0
0.000455 -0.000374 2775.0
0.000455 -0.000374 2776.0
0.000455 -0.000374 2777.0
0.000455 -0.000374 2778.0
0.000455 -0.000374 2779.0
0.000455 -0.000374 2780.0
0.000455 -0.000374 2781.0
0.000455 -0.000374 2782.0
0.000455 -0.000374 2783.0
0.000455 -0.000374 2784.0
0.000455 -0.000374 2785.0
0.000455 -0.000374 2786.0
0.000455 -0.000374 2787.0
0.000455 -0.000374 2788.0
0.000455 -0.000374 2789.0
0.000455 -0.000374 2790.0
0.000455 -0.000374 2791.0
0.000455 -0.000374 2792.0
0.000455 -0.000374 2793.0
0.000455 -0.000374 2794.0
0.000455 -0.000374 2795.0
0.000455 -0.000374 2796.0
0.000455 -0.000374 2797.0
0.000455 -0.000374 2798.0
0.000455 -0.000374 2799.0
0.000455 -0.000374 2800.0
0.000455 -0.000374 2801.0
0.000455 -0.000374 2802.0
0.000455 -0.000374 2803.0
0.000455 -0.000374 2804.0
0.000455 -0.000374 2805.0
0.000455 -0.000374 2806.0
0.000455 -0.000374 2807.0
0.000455 -0.000374 2808.0
0.000455 -0.000374 2809.0
0.000455 -0.000374 2810.0
0.000455 -0.000374 2811.0
0.000455 -0.000374 2812.0
0.000455 -0.000374 2813.0
0.000455 -0.000374 2814.0
0.000455 -0.000374 2815.0
0.000455 -0.000374 2816.0
0.000455 -0.000374 2817.0
0.000455 -0.000374 2818.0
0.000455 -0.000374 2819.0
0.000455 -0.000374 2820.0
0.000455 -0.000374 2821.0
0.000455 -0.000374 2822.0
0.000455 -0.000374 2823.0
0.000455 -0.000374 2824.0
0.000455 -0.000374 2825.0
0.000455 -0.000374 2826.0
0.000455 -0.000374 2827.0
0.000455 -0.000374 2828.0
0.000455 -0.000374 2829.0
0.000455 -0.000374 2830.0
0.000455 -0.000374 2831.0
0.000455 -0.000374 2832.0
0.000455 -0.000374 2833.0
0.000455 -0.000374 2834.0
0.000455 -0.000374 2835.0
0.000455 -0.000374 2836.0
0.000455 -0.000374 2837.0
0.000455 -0.000374 2838.0
0.000455 -0.000374 2839.0
0.000455 -0.000374 2840.0
0.000455 -0.000374 2841.0
0.000455 -0.000374 2842.0
0.000455 -0.000374 2843.0
0.000455 -0.000374 2844.0
0.000455 -0.000374 2845.0
0.000455 -0.000374 2846.0
0.000455 -0.000374 2847.0
0.000455 -0.000374 2848.0
0.000455 -0.000374 2849.0
0.000455 -0.000374 2850.0
0.000455 -0.000374 2851.0
0.000455 -0.000374 2852.0
0.000455 -0.000374 2853.0
0.000455 -0.000374 2854.0
0.000455 -0.000374 2855.0
0.000455 -0.000374 2856.0
0.000455 -0.000374 2857.0
0.000455 -0.000374 2858.0
0.000455 -0.000374 2859.0
0.000455 -0.000374 2860.0
0.000455 -0.000374 2861.0
0.000455 -0.000374 2862.0
0.000455 -0.000374 2863.0
0.000455 -0.000374 2864.0
0.000455 -0.000374 2865.0
0.000455 -0.000374 2866.0
0.000455 -0.000374 2867.0
0.000455 -0.000374 2868.0
0.000455 -0.000374 2869.0
0.000455 -0.000374 2870.0
0.000455 -0.000374 2871.0
0.000455 -0.000374 2872.0
0.000455 -0.000374 2873.0
0.000455 -0.000374 2874.0
0.000455 -0.000374 2875.0
0.000455 -0.000374 2876.0
0.000455 -0.000374 2877.0
0.000455 -0.000374 2878.0
0.000455 -0.000374 2879.0
0.000455 -0.000374 2880.0
0.000455 -0.000374 2881.0
0.000455 -0.000374 2882.0
0.000455 -0.000374 2883.0
0.000455 -0.000374 2884.0
0.000455 -0.000374 2885.0
0.000455 -0.000374 2886.0
0.000455 -0.000374 2887.0
0.000455 -0.000374 2888.0
0.000455 -0.000374 2889.0
0.000455 -0.000374 2890.0
0.000455 -0.000374 2891.0
0.000455 -0.000374 2892.0
0.000455 -0.000374 2893.0
0.000455 -0.000374 2894.0
0.000455 -0.000374 2895.0
0.000455 -0.000374 2896.0
0.000455 -0.000374 2897.0
0.000455 -0.000374 2898.0
0.000455 -0.000374 2899.0
0.000455 -0.000374 2900.0
0.000455 -0.000374 2901.0
0.000455 -0.000374 2902.0
0.000455 -0.000374 2903.0
0.000455 -0.000374 2904.0
0.000455 -0.000374 2905.0
0.000455 -0.000374 2906.0
0.000455 -0.000374 2907.0
0.000455 -0.000374 2908.0
0.000455 -0.000374 2909.0
0.000455 -0.000374 2910.0
0.000455 -0.000374 2911.0
0.000455 -0.000374 2912.0
0.000455 -0.000374 2913.0
0.000455 -0.000374 2914.0
0.000455 -0.000374 2915.0
0.000455 -0.000374 2916.0
0.000455 -0.000374 2917.0
0.000455 -0.000374 2918.0
0.000455 -0.000374 2919.0
0.000455 -0.000374 2920.0
0.000455 -0.000374 2921.0
0.000455 -0.000374 2922.0
0.000455 -0.000374 2923.0
0.000455 -0.000374 2924.0
0.000455 -0.000374 2925.0
0.000455 -0.000374 2926.0
0.000455 -0.000374 2927.0
0.000455 -0.000374 2928.0
0.000455 -0.000374 2929.0
0.000455 -0.000374 2930.0
0.000455 -0.000374 2931.0
0.000455 -0.000374 2932.0
0.000455 -0.000374 2933.0
0.000455 -0.000374 2934.0
0.000455 -0.000374 2935.0
0.000455 -0.000374 2936.0
0.000455 -0.000374 2937.0
0.000455 -0.000374 2938.0
0.000455 -0.000374 2939.0
0.000455 -0.000374 2940.0
0.000455 -0.000374 2941.0
0.000455 -0.000374 2942.0
0.000455 -0.000374 2943.0
0.000455 -0.000374 2944.0
0.000455 -0.000374 2945.0
0.000455 -0.000374 2946.0
0.000455 -0.000374 2947.0
0.000455 -0.000374 2948.0
0.000455 -0.000374 2949.0
0.000455 -0.000375 2950.0
0.000455 -0.000375 2951.0
0.000455 -0.000375 2952.0
0.000455 -0.000375 2953.0
0.000455 -0.000375 2954.0
0.000455 -0.000375 2955.0
0.000455 -0.000375 2956.0
0.000455 -0.000375 2957.0
0.000455 -0.000375 2958.0
0.000455 -0.000375 2959.0
0.000455 -0.000375 2960.0
0.000455 -0.000375 2961.0
0.000455 -0.000375 2962.0
0.000455 -0.000375 2963.0
0.000455 -0.000375 2964.0
0.000455 -0.000375 2965.0
0.000455 -0.000375 2966.0
0.000455 -0.000375 2967.0
0.000455 -0.000376 2968.0
0.000455 -0.000376 2969.0
0.000455 -0.000376 2970.0
0.000455 -0.000376 2971.0
0.000455 -0.000376 2972.0
0.000455 -0.000376 2973.0
0.000455 -0.000376 2974.0
0.000455 -0.000376 2975.0
0.000455 -0.000376 2976.0
0.000455 -0.000376 2977.0
0.000455 -0.000376 2978.0
0.000455 -0.000376 2979.0
0.000455 -0.000376 2980.0
0.000455 -0.000376 2981.0
0.000455 -0.000376 2982.0
0.000455 -0.000376 2983.0
0.000455 -0.000376 2984.0
0.000455 -0.000376 2985.0
0.000455 -0.000377 2986.0
0.000455 -0.000377 2987.0
0.000455 -0.000377 2988.0
0.000454 -0.000377 2989.0
0.000454 -0.000377 2990.0
0.000454 -0.000377 2991.0
0.000454 -0.000377 2992.0
0.000454 -0.000377 2993.0
0.000454 -0.000377 2994.0
0.000454 -0.000377 2995.0
0.000454 -0.000377 2996.0
0.000454 -0.000377 2997.0
0.000454 -0.000377 2998.0
0.000454 -0.000377 2999.0
0.000454 -0.000377 3000.0
0.000454 -0.000377 3001.0
0.000454 -0.000377 3002.0
0.000454 -0.000377 3003.0
0.000454 -0.000378 3004.0
0.000454 -0.000378 3005.0
0.000454 -0.000378 3006.0
0.000454 -0.000378 3007.0
0.000454 -0.000378 3008.0
0.000454 -0.000378 3009.0
0.000454 -0.000378 3010.0
0.000454 -0.000378 3011.0
0.000454 -0.000378 3012.0
0.000454 -0.000378 3013.0
0.000454 -0.000378 3014.0
0.000454 -0.000378 3015.0
0.000454 -0.000378 3016.0
0.000454 -0.000378 3017.0
0.000454 -0.000378 3018.0
0.000454 -0.000378 3019.0
0.000453 -0.000379 3020.0
0.000453 -0.000380 3021.0
0.000453 -0.000380 3022.0
0.000452 -0.000381 3023.0
0.000452 -0.000382 3024.0
0.000452 -0.000383 3025.0
0.000451 -0.000383 3026.0
0.000451 -0.000384 3027.0
0.000451 -0.000385 3028.0
0.000450 -0.000386 3029.0
0.000450 -0.000386 3030.0
0.000450 -0.000387 3031.0
0.000449 -0.000388 3032.0
0.000449 -0.000389 3033.0
0.000449 -0.000389 3034.0
0.000448 -0.000390 3035.0
0.000448 -0.000391 3036.0
0.000448 -0.000392 3037.0
0.000447 -0.000392 3038.0
0.000447 -0.000393 3039.0
0.000447 -0.000394 3040.0
0.000446 -0.000395 3041.0
0.000446 -0.000395 3042.0
0.000446 -0.000396 3043.0
0.000445 -0.000397 3044.0
0.000445 -0.000398 3045.0
0.000445 -0.000398 3046.0
0.000444 -0.000399 3047.0
0.000444 -0.000400 3048.0
0.000444 -0.000401 3049.0
0.000443 -0.000401 3050.0
0.000443 -0.000402 3051.0
0.000443 -0.000403 3052.0
0.000442 -0.000404 3053.0
0.000442 -0.000405 3054.0
0.000442 -0.000405 3055.0
0.000441 -0.000406 3056.0
0.000441 -0.000407 3057.0
0.000441 -0.000408 3058.0
0.000440 -0.000408 3059.0
0.000440 -0.000409 3060.0
0.000440 -0.000410 3061.0
0.000439 -0.000411 3062.0
0.000439 -0.000411 3063.0
0.000436 -0.000409 3064.0
0.000436 -0.000409 3065.0
0.000436 -0.000409 3066.0
0.000436 -0.000409 3067.0
0.000436 -0.000409 3068.0
0.000436 -0.000409 3069.0
0.000436 -0.000409 3070.0
0.000436 -0.000409 3071.0
0.000436 -0.000409 3072.0
0.000436 -0.000409 3073.0
0.000436 -0.000409 3074.0
0.000436 -0.000409 3075.0
0.000436 -0.000409 3076.0
0.000436 -0.000409 3077.0
0.000436 -0.000409 3078.0
0.000436 -0.000409 3079.0
0.000436 -0.000409 3080.0
0.000436 -0.000409 3081.0
0.000436 -0.000409 3082.0
0.000436 -0.000409 3083.0
0.000436 -0.000409 3084.0
0.000436 -0.000409 3085.0
0.000436 -0.000409 3086.0
0.000436 -0.000409 3087.0
0.000436 -0.000409 3088.0
0.000436 -0.000409 3089.0
0.000436 -0.000409 3090.0
0.000436 -0.000409 3091.0
0.000436 -0.000409 3092.0
0.000436 -0.000409 3093.0
0.000436 -0.000409 3094.0
0.000436 -0.000409 3095.0
0.000436 -0.000409 3096.0
0.000436 -0.000409 3097.0
0.000436 -0.000409 3098.0
0.000436 -0.000409 3099.0
0.000436 -0.000409 3100.0
0.000436 -0.000409 3101.0
0.000436 -0.000409 3102.0
0.000436 -0.000409 3103.0
0.000436 -0.000409 3104.0
0.000436 -0.000409 3105.0
0.000436 -0.000409 3106.0
0.000436 -0.000409 3107.0
0.000436 -0.000409 3108.0
0.000436 -0.000409 3109.0
0.000436 -0.000409 3110.0
0.000436 -0.000409 3111.0
0.000436 -0.000409 3112.0
0.000436 -0.000409 3113.0
0.000436 -0.000409 3114.0
0.000436 -0.000409 3115.0
0.000436 -0.000409 3116.0
0.000436 -0.000409 3117.0
0.000436 -0.000409 3118.0
0.000436 -0.000409 3119.0
0.000436 -0.000409 3120.0
0.000436 -0.000409 3121.0
0.000436 -0.000410 3122.0
0.000435 -0.000410 3123.0
0.000434 -0.000411 3124.0
0.000434 -0.000412 3125.0
0.000433 -0.000412 3126.0
0.000432 -0.000413 3127.0
0.000432 -0.000413 3128.0
0.000431 -0.000414 3129.0
0.000430 -0.000415 3130.0
0.000430 -0.000415 3131.0
0.000429 -0.000416 3132.0
0.000428 -0.000416 3133.0
0.000428 -0.000417 3134.0
0.000427 -0.000418 3135.0
0.000426 -0.000418 3136.0
0.000426 -0.000419 3137.0
0.000425 -0.000419 3138.0
0.000424 -0.000420 3139.0
0.000424 -0.000420 3140.0
0.000423 -0.000419 3141.0
