0.000303 -0.000653 51.0
0.000304 -0.000653 52.0
0.000304 -0.000653 53.0
0.000305 -0.000653 54.0
0.000305 -0.000653 55.0
0.000306 -0.000652 56.0
0.000306 -0.000652 57.0
0.000307 -0.000652 58.0
0.000307 -0.000652 59.0
0.000308 -0.000652 60.0
0.000308 -0.000652 61.0
0.000309 -0.000652 62.0
0.000309 -0.000651 63.0
0.000310 -0.000651 64.0
0.000310 -0.000651 65.0
0.000311 -0.000651 66.0
0.000311 -0.000651 67.0
0.000312 -0.000651 68.0
0.000312 -0.000650 69.0
0.000313 -0.000650 70.0
0.000313 -0.000650 71.0
0.000314 -0.000650 72.0
0.000314 -0.000650 73.0
0.000315 -0.000650 74.0
0.000315 -0.000650 75.0
0.000316 -0.000649 76.0
0.000316 -0.000649 77.0
0.000317 -0.000649 78.0
0.000317 -0.000649 79.0
0.000318 -0.000649 80.0
0.000318 -0.000649 81.0
0.000319 -0.000649 82.0
0.000319 -0.000648 83.0
0.000320 -0.000648 84.0
0.000320 -0.000648 85.0
0.000321 -0.000648 86.0
0.000321 -0.000648 87.0
0.000322 -0.000648 88.0
0.000322 -0.000648 89.0
0.000323 -0.000647 90.0
0.000323 -0.000647 91.0
0.000324 -0.000647 92.0
0.000324 -0.000647 93.0
0.000325 -0.000647 94.0
0.000325 -0.000647 95.0
0.000326 -0.000647 96.0
0.000326 -0.000646 97.0
0.000327 -0.000646 98.0
0.000327 -0.000646 99.0
0.000328 -0.000646 100.0
0.000328 -0.000646 101.0
0.000329 -0.000646 102.0
0.000329 -0.000646 103.0
0.000330 -0.000645 104.0
0.000330 -0.000645 105.0
0.000331 -0.000645 106.0
0.000332 -0.000645 107.0
0.000332 -0.000645 108.0
0.000333 -0.000645 109.0
0.000333 -0.000644 110.0
0.000333 -0.000646 111.0
0.000334 -0.000646 112.0
0.000334 -0.000645 113.0
0.000335 -0.000645 114.0
0.000335 -0.000645 115.0
0.000336 -0.000644 116.0
0.000336 -0.000644 117.0
0.000337 -0.000643 118.0
0.000337 -0.000643 119.0
0.000338 -0.000643 120.0
0.000338 -0.000642 121.0
0.000339 -0.000642 122.0
0.000339 -0.000641 123.0
0.000340 -0.000641 124.0
0.000340 -0.000641 125.0
0.000341 -0.000640 126.0
0.000341 -0.000640 127.0
0.000342 -0.000639 128.0
0.000342 -0.000639 129.0
0.000343 -0.000639 130.0
0.000343 -0.000638 131.0
0.000344 -0.000638 132.0
0.000344 -0.000638 133.0
0.000345 -0.000637 134.0
0.000345 -0.000637 135.0
0.000346 -0.000636 136.0
0.000346 -0.000636 137.0
0.000347 -0.000636 138.0
0.000347 -0.000635 139.0
0.000348 -0.000635 140.0
0.000348 -0.000634 141.0
0.000349 -0.000634 142.0
0.000349 -0.000634 143.0
0.000350 -0.000633 144.0
0.000350 -0.000633 145.0
0.000351 -0.000632 146.0
0.000351 -0.000632 147.0
0.000352 -0.000632 148.0
0.000352 -0.000631 149.0
0.000353 -0.000631 150.0
0.000353 -0.000630 151.0
0.000353 -0.000630 152.0
0.000354 -0.000630 153.0
0.000354 -0.000629 154.0
0.000355 -0.000629 155.0
0.000355 -0.000628 156.0
0.000356 -0.000628 157.0
0.000356 -0.000628 158.0
0.000357 -0.000627 159.0
0.000357 -0.000627 160.0
0.000358 -0.000626 161.0
0.000358 -0.000626 162.0
0.000359 -0.000626 163.0
0.000359 -0.000625 164.0
0.000360 -0.000625 165.0
0.000360 -0.000625 166.0
0.000361 -0.000624 167.0
0.000361 -0.000624 168.0
0.000362 -0.000623 169.0
0.000362 -0.000623 170.0
0.000364 -0.000627 171.0
0.000364 -0.000626 172.0
0.000365 -0.000626 173.0
0.000365 -0.000626 174.0
0.000365 -0.000626 175.0
0.000365 -0.000626 176.0
0.000366 -0.000625 177.0
0.000366 -0.000625 178.0
0.000366 -0.000625 179.0
0.000366 -0.000625 180.0
0.000367 -0.000624 181.0
0.000367 -0.000624 182.0
0.000367 -0.000624 183.0
0.000367 -0.000624 184.0
0.000368 -0.000624 185.0
0.000368 -0.000623 186.0
0.000368 -0.000623 187.0
0.000368 -0.000623 188.0
0.000369 -0.000623 189.0
0.000369 -0.000623 190.0
0.000369 -0.000622 191.0
0.000369 -0.000622 192.0
0.000370 -0.000622 193.0
0.000370 -0.000622 194.0
0.000370 -0.000621 195.0
0.000371 -0.000621 196.0
0.000371 -0.000621 197.0
0.000371 -0.000621 198.0
0.000371 -0.000621 199.0
0.000372 -0.000620 200.0
0.000372 -0.000620 201.0
0.000372 -0.000620 202.0
0.000372 -0.000620 203.0
0.000373 -0.000619 204.0
0.000373 -0.000619 205.0
0.000373 -0.000619 206.0
0.000373 -0.000619 207.0
0.000374 -0.000619 208.0
0.000374 -0.000618 209.0
0.000374 -0.000618 210.0
0.000374 -0.000618 211.0
0.000375 -0.000618 212.0
0.000375 -0.000618 213.0
0.000375 -0.000617 214.0
0.000375 -0.000617 215.0
0.000376 -0.000617 216.0
0.000376 -0.000617 217.0
0.000376 -0.000616 218.0
0.000376 -0.000616 219.0
0.000377 -0.000616 220.0
0.000377 -0.000616 221.0
0.000377 -0.000616 222.0
0.000378 -0.000615 223.0
0.000378 -0.000615 224.0
0.000378 -0.000615 225.0
0.000378 -0.000615 226.0
0.000379 -0.000615 227.0
0.000379 -0.000614 228.0
0.000380 -0.000616 229.0
0.000380 -0.000616 230.0
0.000381 -0.000616 231.0
0.000381 -0.000617 232.0
0.000382 -0.000617 233.0
0.000382 -0.000617 234.0
0.000383 -0.000617 235.0
0.000383 -0.000617 236.0
0.000384 -0.000617 237.0
0.000384 -0.000617 238.0
0.000384 -0.000617 239.0
0.000385 -0.000618 240.0
0.000385 -0.000618 241.0
0.000386 -0.000618 242.0
0.000386 -0.000618 243.0
0.000387 -0.000618 244.0
0.000387 -0.000618 245.0
0.000388 -0.000618 246.0
0.000388 -0.000618 247.0
0.000389 -0.000619 248.0
0.000389 -0.000619 249.0
0.000390 -0.000619 250.0
0.000390 -0.000619 251.0
0.000391 -0.000619 252.0
0.000391 -0.000619 253.0
0.000392 -0.000619 254.0
0.000392 -0.000619 255.0
0.000393 -0.000620 256.0
0.000393 -0.000620 257.0
0.000393 -0.000620 258.0
0.000394 -0.000620 259.0
0.000394 -0.000620 260.0
0.000395 -0.000620 261.0
0.000395 -0.000620 262.0
0.000396 -0.000620 263.0
0.000396 -0.000621 264.0
0.000397 -0.000621 265.0
0.000397 -0.000621 266.0
0.000398 -0.000621 267.0
0.000398 -0.000621 268.0
0.000399 -0.000621 269.0
0.000399 -0.000621 270.0
0.000400 -0.000621 271.0
0.000400 -0.000622 272.0
0.000401 -0.000622 273.0
0.000401 -0.000622 274.0
0.000402 -0.000622 275.0
0.000402 -0.000622 276.0
0.000402 -0.000622 277.0
0.000403 -0.000622 278.0
0.000403 -0.000622 279.0
0.000404 -0.000622 280.0
0.000404 -0.000623 281.0
0.000405 -0.000623 282.0
0.000405 -0.000623 283.0
0.000405 -0.000622 284.0
0.000406 -0.000622 285.0
0.000407 -0.000622 286.0
0.000408 -0.000622 287.0
0.000409 -0.000622 288.0
0.000409 -0.000622 289.0
0.000410 -0.000622 290.0
0.000411 -0.000622 291.0
0.000412 -0.000622 292.0
0.000413 -0.000622 293.0
0.000413 -0.000623 294.0
0.000414 -0.000623 295.0
0.000415 -0.000623 296.0
0.000416 -0.000623 297.0
0.000417 -0.000623 298.0
0.000417 -0.000623 299.0
0.000418 -0.000623 300.0
0.000419 -0.000623 301.0
0.000420 -0.000623 302.0
0.000421 -0.000623 303.0
0.000421 -0.000623 304.0
0.000422 -0.000624 305.0
0.000423 -0.000624 306.0
0.000424 -0.000624 307.0
0.000424 -0.000624 308.0
0.000425 -0.000624 309.0
0.000426 -0.000624 310.0
0.000427 -0.000624 311.0
0.000428 -0.000624 312.0
0.000428 -0.000624 313.0
0.000429 -0.000624 314.0
0.000430 -0.000625 315.0
0.000431 -0.000625 316.0
0.000432 -0.000625 317.0
0.000432 -0.000625 318.0
0.000433 -0.000625 319.0
0.000434 -0.000625 320.0
0.000435 -0.000625 321.0
0.000436 -0.000625 322.0
0.000436 -0.000625 323.0
0.000437 -0.000625 324.0
0.000438 -0.000626 325.0
0.000439 -0.000626 326.0
0.000439 -0.000626 327.0
0.000440 -0.000626 328.0
0.000441 -0.000626 329.0
0.000442 -0.000626 330.0
0.000443 -0.000626 331.0
0.000443 -0.000626 332.0
0.000444 -0.000626 333.0
0.000445 -0.000626 334.0
0.000446 -0.000626 335.0
0.000447 -0.000627 336.0
0.000447 -0.000627 337.0
0.000448 -0.000627 338.0
0.000449 -0.000627 339.0
0.000450 -0.000627 340.0
0.000451 -0.000627 341.0
0.000451 -0.000627 342.0
0.000452 -0.000627 343.0
0.000452 -0.000626 344.0
0.000453 -0.000626 345.0
0.000453 -0.000626 346.0
0.000453 -0.000626 347.0
0.000454 -0.000626 348.0
0.000454 -0.000626 349.0
0.000455 -0.000626 350.0
0.000455 -0.000626 351.0
0.000455 -0.000626 352.0
0.000456 -0.000627 353.0
0.000456 -0.000627 354.0
0.000457 -0.000627 355.0
0.000457 -0.000627 356.0
0.000457 -0.000627 357.0
0.000458 -0.000627 358.0
0.000458 -0.000627 359.0
0.000459 -0.000627 360.0
0.000459 -0.000627 361.0
0.000460 -0.000627 362.0
0.000460 -0.000627 363.0
0.000460 -0.000627 364.0
0.000461 -0.000627 365.0
0.000461 -0.000627 366.0
0.000462 -0.000627 367.0
0.000462 -0.000627 368.0
0.000462 -0.000627 369.0
0.000463 -0.000627 370.0
0.000463 -0.000627 371.0
0.000464 -0.000627 372.0
0.000464 -0.000627 373.0
0.000464 -0.000628 374.0
0.000465 -0.000628 375.0
0.000465 -0.000628 376.0
0.000466 -0.000628 377.0
0.000466 -0.000628 378.0
0.000466 -0.000628 379.0
0.000467 -0.000628 380.0
0.000467 -0.000628 381.0
0.000468 -0.000628 382.0
0.000468 -0.000628 383.0
0.000468 -0.000628 384.0
0.000469 -0.000628 385.0
0.000469 -0.000628 386.0
0.000470 -0.000628 387.0
0.000470 -0.000628 388.0
0.000470 -0.000628 389.0
0.000471 -0.000628 390.0
0.000471 -0.000628 391.0
0.000472 -0.000628 392.0
0.000472 -0.000628 393.0
0.000473 -0.000629 394.0
0.000473 -0.000629 395.0
0.000473 -0.000629 396.0
0.000474 -0.000629 397.0
0.000474 -0.000629 398.0
0.000475 -0.000629 399.0
0.000475 -0.000629 400.0
0.000475 -0.000629 401.0
0.000476 -0.000629 402.0
0.000476 -0.000629 403.0
0.000477 -0.000629 404.0
0.000477 -0.000629 405.0
0.000477 -0.000629 406.0
0.000478 -0.000629 407.0
0.000478 -0.000629 408.0
0.000479 -0.000629 409.0
0.000479 -0.000629 410.0
0.000479 -0.000629 411.0
0.000480 -0.000629 412.0
0.000480 -0.000629 413.0
0.000481 -0.000629 414.0
0.000481 -0.000629 415.0
0.000482 -0.000629 416.0
0.000482 -0.000629 417.0
0.000483 -0.000629 418.0
0.000483 -0.000629 419.0
0.000484 -0.000629 420.0
0.000484 -0.000629 421.0
0.000485 -0.000629 422.0
0.000485 -0.000629 423.0
0.000486 -0.000629 424.0
0.000486 -0.000630 425.0
0.000487 -0.000630 426.0
0.000487 -0.000630 427.0
0.000488 -0.000630 428.0
0.000488 -0.000630 429.0
0.000489 -0.000630 430.0
0.000489 -0.000630 431.0
0.000490 -0.000630 432.0
0.000490 -0.000630 433.0
0.000491 -0.000630 434.0
0.000491 -0.000630 435.0
0.000492 -0.000630 436.0
0.000492 -0.000630 437.0
0.000493 -0.000630 438.0
0.000493 -0.000630 439.0
0.000494 -0.000630 440.0
0.000494 -0.000631 441.0
0.000495 -0.000631 442.0
0.000495 -0.000631 443.0
0.000496 -0.000631 444.0
0.000496 -0.000631 445.0
0.000497 -0.000631 446.0
0.000497 -0.000631 447.0
0.000498 -0.000631 448.0
0.000498 -0.000631 449.0
0.000499 -0.000631 450.0
0.000499 -0.000631 451.0
0.000500 -0.000631 452.0
0.000500 -0.000631 453.0
0.000501 -0.000631 454.0
0.000501 -0.000631 455.0
0.000502 -0.000632 456.0
0.000502 -0.000632 457.0
0.000503 -0.000632 458.0
0.000503 -0.000632 459.0
0.000504 -0.000632 460.0
0.000504 -0.000632 461.0
0.000505 -0.000632 462.0
0.000505 -0.000632 463.0
0.000506 -0.000632 464.0
0.000506 -0.000632 465.0
0.000507 -0.000632 466.0
0.000507 -0.000632 467.0
0.000508 -0.000632 468.0
0.000508 -0.000632 469.0
0.000509 -0.000632 470.0
0.000509 -0.000632 471.0
0.000509 -0.000632 472.0
0.000510 -0.000632 473.0
0.000511 -0.000631 474.0
0.000512 -0.000631 475.0
0.000512 -0.000631 476.0
0.000513 -0.000631 477.0
0.000514 -0.000631 478.0
0.000515 -0.000631 479.0
0.000515 -0.000631 480.0
0.000516 -0.000630 481.0
0.000517 -0.000630 482.0
0.000518 -0.000630 483.0
0.000518 -0.000630 484.0
0.000519 -0.000630 485.0
0.000520 -0.000630 486.0
0.000521 -0.000630 487.0
0.000521 -0.000630 488.0
0.000522 -0.000629 489.0
0.000523 -0.000629 490.0
0.000524 -0.000629 491.0
0.000524 -0.000629 492.0
0.000525 -0.000629 493.0
0.000526 -0.000629 494.0
0.000527 -0.000629 495.0
0.000528 -0.000628 496.0
0.000528 -0.000628 497.0
0.000529 -0.000628 498.0
0.000530 -0.000628 499.0
0.000531 -0.000628 500.0
0.000531 -0.000628 501.0
0.000532 -0.000628 502.0
0.000533 -0.000627 503.0
0.000534 -0.000627 504.0
0.000534 -0.000627 505.0
0.000535 -0.000627 506.0
0.000536 -0.000627 507.0
0.000537 -0.000627 508.0
0.000537 -0.000627 509.0
0.000538 -0.000626 510.0
0.000539 -0.000626 511.0
0.000540 -0.000626 512.0
0.000540 -0.000626 513.0
0.000541 -0.000626 514.0
0.000542 -0.000626 515.0
0.000543 -0.000626 516.0
0.000543 -0.000626 517.0
0.000544 -0.000625 518.0
0.000545 -0.000625 519.0
0.000546 -0.000625 520.0
0.000546 -0.000625 521.0
0.000547 -0.000625 522.0
0.000548 -0.000625 523.0
0.000549 -0.000625 524.0
0.000550 -0.000624 525.0
0.000550 -0.000624 526.0
0.000551 -0.000624 527.0
0.000552 -0.000624 528.0
0.000553 -0.000624 529.0
0.000553 -0.000624 530.0
0.000554 -0.000624 531.0
0.000554 -0.000625 532.0
0.000554 -0.000625 533.0
0.000555 -0.000625 534.0
0.000555 -0.000625 535.0
0.000555 -0.000625 536.0
0.000555 -0.000625 537.0
0.000556 -0.000625 538.0
0.000556 -0.000625 539.0
0.000556 -0.000626 540.0
0.000556 -0.000626 541.0
0.000556 -0.000626 542.0
0.000557 -0.000626 543.0
0.000557 -0.000626 544.0
0.000557 -0.000626 545.0
0.000557 -0.000626 546.0
0.000557 -0.000626 547.0
0.000558 -0.000626 548.0
0.000558 -0.000626 549.0
0.000558 -0.000626 550.0
0.000558 -0.000626 551.0
0.000558 -0.000626 552.0
0.000559 -0.000626 553.0
0.000559 -0.000626 554.0
0.000559 -0.000626 555.0
0.000559 -0.000626 556.0
0.000559 -0.000626 557.0
0.000560 -0.000626 558.0
0.000560 -0.000626 559.0
0.000560 -0.000626 560.0
0.000560 -0.000626 561.0
0.000560 -0.000626 562.0
0.000560 -0.000626 563.0
0.000560 -0.000626 564.0
0.000561 -0.000626 565.0
0.000561 -0.000626 566.0
0.000561 -0.000626 567.0
0.000561 -0.000626 568.0
0.000561 -0.000626 569.0
0.000561 -0.000626 570.0
0.000561 -0.000626 571.0
0.000561 -0.000626 572.0
0.000561 -0.000626 573.0
0.000562 -0.000626 574.0
0.000562 -0.000626 575.0
0.000562 -0.000626 576.0
0.000562 -0.000626 577.0
0.000562 -0.000626 578.0
0.000562 -0.000626 579.0
0.000562 -0.000626 580.0
0.000562 -0.000626 581.0
0.000563 -0.000626 582.0
0.000563 -0.000625 583.0
0.000563 -0.000625 584.0
0.000563 -0.000625 585.0
0.000563 -0.000625 586.0
0.000563 -0.000625 587.0
0.000563 -0.000625 588.0
0.000563 -0.000625 589.0
0.000563 -0.000625 590.0
0.000564 -0.000625 591.0
0.000564 -0.000625 592.0
0.000564 -0.000625 593.0
0.000564 -0.000625 594.0
0.000564 -0.000625 595.0
0.000564 -0.000625 596.0
0.000564 -0.000625 597.0
0.000564 -0.000625 598.0
0.000565 -0.000625 599.0
0.000565 -0.000625 600.0
0.000565 -0.000625 601.0
0.000565 -0.000625 602.0
0.000565 -0.000625 603.0
0.000565 -0.000625 604.0
0.000565 -0.000625 605.0
0.000565 -0.000625 606.0
0.000565 -0.000625 607.0
0.000566 -0.000625 608.0
0.000566 -0.000625 609.0
0.000566 -0.000625 610.0
0.000566 -0.000625 611.0
0.000566 -0.000625 612.0
0.000566 -0.000625 613.0
0.000566 -0.000625 614.0
0.000566 -0.000625 615.0
0.000567 -0.000625 616.0
0.000567 -0.000625 617.0
0.000567 -0.000625 618.0
0.000567 -0.000624 619.0
0.000567 -0.000624 620.0
0.000567 -0.000624 621.0
0.000567 -0.000624 622.0
0.000567 -0.000624 623.0
0.000567 -0.000625 624.0
0.000567 -0.000624 625.0
0.000567 -0.000623 626.0
0.000567 -0.000623 627.0
0.000567 -0.000622 628.0
0.000567 -0.000621 629.0
0.000567 -0.000621 630.0
0.000567 -0.000620 631.0
0.000567 -0.000619 632.0
0.000567 -0.000619 633.0
0.000567 -0.000618 634.0
0.000567 -0.000617 635.0
0.000567 -0.000617 636.0
0.000566 -0.000616 637.0
0.000566 -0.000615 638.0
0.000566 -0.000615 639.0
0.000566 -0.000614 640.0
0.000566 -0.000613 641.0
0.000566 -0.000613 642.0
0.000566 -0.000612 643.0
0.000566 -0.000611 644.0
0.000566 -0.000611 645.0
0.000566 -0.000610 646.0
0.000566 -0.000609 647.0
0.000566 -0.000609 648.0
0.000566 -0.000608 649.0
0.000566 -0.000607 650.0
0.000566 -0.000607 651.0
0.000565 -0.000606 652.0
0.000565 -0.000605 653.0
0.000565 -0.000604 654.0
0.000565 -0.000604 655.0
0.000565 -0.000603 656.0
0.000565 -0.000602 657.0
0.000565 -0.000602 658.0
0.000565 -0.000601 659.0
0.000565 -0.000600 660.0
0.000565 -0.000600 661.0
0.000565 -0.000599 662.0
0.000565 -0.000598 663.0
0.000565 -0.000598 664.0
0.000565 -0.000597 665.0
0.000565 -0.000596 666.0
0.000564 -0.000596 667.0
0.000564 -0.000595 668.0
0.000564 -0.000594 669.0
0.000564 -0.000594 670.0
0.000564 -0.000593 671.0
0.000564 -0.000592 672.0
0.000564 -0.000592 673.0
0.000564 -0.000591 674.0
0.000564 -0.000590 675.0
0.000564 -0.000590 676.0
0.000564 -0.000589 677.0
0.000564 -0.000588 678.0
0.000564 -0.000588 679.0
0.000564 -0.000587 680.0
0.000563 -0.000586 681.0
0.000563 -0.000586 682.0
0.000563 -0.000585 683.0
0.000562 -0.000585 684.0
0.000563 -0.000585 685.0
0.000563 -0.000584 686.0
0.000564 -0.000583 687.0
0.000564 -0.000583 688.0
0.000565 -0.000582 689.0
0.000565 -0.000582 690.0
0.000566 -0.000581 691.0
0.000566 -0.000581 692.0
0.000567 -0.000580 693.0
0.000567 -0.000580 694.0
0.000568 -0.000579 695.0
0.000568 -0.000579 696.0
0.000569 -0.000578 697.0
0.000569 -0.000578 698.0
0.000570 -0.000577 699.0
0.000570 -0.000576 700.0
0.000571 -0.000576 701.0
0.000571 -0.000575 702.0
0.000571 -0.000575 703.0
0.000572 -0.000574 704.0
0.000572 -0.000574 705.0
0.000573 -0.000573 706.0
0.000573 -0.000573 707.0
0.000574 -0.000572 708.0
0.000574 -0.000572 709.0
0.000575 -0.000571 710.0
0.000575 -0.000570 711.0
0.000576 -0.000570 712.0
0.000576 -0.000569 713.0
0.000577 -0.000569 714.0
0.000577 -0.000568 715.0
0.000578 -0.000568 716.0
0.000578 -0.000567 717.0
0.000579 -0.000567 718.0
0.000579 -0.000566 719.0
0.000580 -0.000566 720.0
0.000580 -0.000565 721.0
0.000581 -0.000565 722.0
0.000581 -0.000564 723.0
0.000582 -0.000563 724.0
0.000582 -0.000563 725.0
0.000583 -0.000562 726.0
0.000583 -0.000562 727.0
0.000583 -0.000561 728.0
0.000584 -0.000561 729.0
0.000584 -0.000560 730.0
0.000585 -0.000560 731.0
0.000585 -0.000559 732.0
0.000586 -0.000559 733.0
0.000586 -0.000558 734.0
0.000587 -0.000557 735.0
0.000587 -0.000557 736.0
0.000588 -0.000556 737.0
0.000588 -0.000556 738.0
0.000589 -0.000555 739.0
0.000589 -0.000555 740.0
0.000590 -0.000554 741.0
0.000590 -0.000554 742.0
0.000591 -0.000553 743.0
0.000591 -0.000553 744.0
0.000594 -0.000557 745.0
0.000594 -0.000556 746.0
0.000595 -0.000556 747.0
0.000595 -0.000555 748.0
0.000595 -0.000555 749.0
0.000596 -0.000554 750.0
0.000596 -0.000554 751.0
0.000596 -0.000553 752.0
0.000596 -0.000553 753.0
0.000597 -0.000552 754.0
0.000597 -0.000552 755.0
0.000597 -0.000552 756.0
0.000598 -0.000551 757.0
0.000598 -0.000551 758.0
0.000598 -0.000550 759.0
0.000599 -0.000550 760.0
0.000599 -0.000549 761.0
0.000599 -0.000549 762.0
0.000600 -0.000548 763.0
0.000600 -0.000548 764.0
0.000600 -0.000547 765.0
0.000601 -0.000547 766.0
0.000601 -0.000546 767.0
0.000601 -0.000546 768.0
0.000602 -0.000545 769.0
0.000602 -0.000545 770.0
0.000602 -0.000544 771.0
0.000603 -0.000544 772.0
0.000603 -0.000543 773.0
0.000603 -0.000543 774.0
0.000603 -0.000542 775.0
0.000604 -0.000542 776.0
0.000604 -0.000541 777.0
0.000604 -0.000541 778.0
0.000605 -0.000540 779.0
0.000605 -0.000540 780.0
0.000605 -0.000540 781.0
0.000606 -0.000539 782.0
0.000606 -0.000539 783.0
0.000606 -0.000538 784.0
0.000607 -0.000538 785.0
0.000607 -0.000537 786.0
0.000607 -0.000537 787.0
0.000608 -0.000536 788.0
0.000608 -0.000536 789.0
0.000608 -0.000535 790.0
0.000609 -0.000535 791.0
0.000609 -0.000534 792.0
0.000609 -0.000534 793.0
0.000610 -0.000533 794.0
0.000610 -0.000533 795.0
0.000610 -0.000532 796.0
0.000611 -0.000532 797.0
0.000611 -0.000531 798.0
0.000611 -0.000531 799.0
0.000611 -0.000530 800.0
0.000612 -0.000530 801.0
0.000612 -0.000529 802.0
0.000612 -0.000529 803.0
0.000613 -0.000529 804.0
0.000615 -0.000531 805.0
0.000615 -0.000531 806.0
0.000615 -0.000531 807.0
0.000615 -0.000531 808.0
0.000615 -0.000531 809.0
0.000615 -0.000531 810.0
0.000615 -0.000531 811.0
0.000615 -0.000531 812.0
0.000615 -0.000531 813.0
0.000615 -0.000531 814.0
0.000615 -0.000531 815.0
0.000615 -0.000531 816.0
0.000615 -0.000531 817.0
0.000615 -0.000531 818.0
0.000615 -0.000531 819.0
0.000615 -0.000531 820.0
0.000615 -0.000531 821.0
0.000616 -0.000532 822.0
0.000616 -0.000532 823.0
0.000617 -0.000532 824.0
0.000617 -0.000532 825.0
0.000617 -0.000532 826.0
0.000618 -0.000532 827.0
0.000618 -0.000533 828.0
0.000619 -0.000533 829.0
0.000619 -0.000533 830.0
0.000620 -0.000533 831.0
0.000620 -0.000533 832.0
0.000621 -0.000533 833.0
0.000621 -0.000534 834.0
0.000621 -0.000534 835.0
0.000622 -0.000534 836.0
0.000622 -0.000534 837.0
0.000623 -0.000534 838.0
0.000623 -0.000534 839.0
0.000624 -0.000535 840.0
0.000624 -0.000535 841.0
0.000625 -0.000535 842.0
0.000625 -0.000535 843.0
0.000625 -0.000535 844.0
0.000626 -0.000535 845.0
0.000626 -0.000536 846.0
0.000627 -0.000536 847.0
0.000627 -0.000536 848.0
0.000628 -0.000536 849.0
0.000628 -0.000536 850.0
0.000629 -0.000536 851.0
0.000629 -0.000537 852.0
0.000629 -0.000536 853.0
0.000630 -0.000535 854.0
0.000630 -0.000535 855.0
0.000631 -0.000535 856.0
0.000631 -0.000535 857.0
0.000632 -0.000534 858.0
0.000632 -0.000534 859.0
0.000633 -0.000534 860.0
0.000633 -0.000533 861.0
0.000634 -0.000533 862.0
0.000634 -0.000533 863.0
0.000635 -0.000533 864.0
0.000635 -0.000532 865.0
0.000636 -0.000532 866.0
0.000636 -0.000532 867.0
0.000637 -0.000532 868.0
0.000637 -0.000531 869.0
0.000638 -0.000531 870.0
0.000638 -0.000531 871.0
0.000639 -0.000531 872.0
0.000639 -0.000530 873.0
0.000640 -0.000530 874.0
0.000640 -0.000530 875.0
0.000641 -0.000530 876.0
0.000641 -0.000529 877.0
0.000642 -0.000529 878.0
0.000642 -0.000529 879.0
0.000643 -0.000529 880.0
0.000643 -0.000528 881.0
0.000644 -0.000528 882.0
0.000644 -0.000528 883.0
0.000645 -0.000527 884.0
0.000645 -0.000527 885.0
0.000646 -0.000527 886.0
0.000646 -0.000527 887.0
0.000647 -0.000526 888.0
0.000647 -0.000526 889.0
0.000648 -0.000526 890.0
0.000648 -0.000526 891.0
0.000649 -0.000525 892.0
0.000649 -0.000525 893.0
0.000650 -0.000525 894.0
0.000650 -0.000525 895.0
0.000651 -0.000524 896.0
0.000651 -0.000524 897.0
0.000652 -0.000524 898.0
0.000652 -0.000524 899.0
0.000653 -0.000523 900.0
0.000653 -0.000523 901.0
0.000654 -0.000523 902.0
0.000654 -0.000522 903.0
0.000655 -0.000522 904.0
0.000655 -0.000522 905.0
0.000656 -0.000522 906.0
0.000656 -0.000521 907.0
0.000656 -0.000521 908.0
0.000657 -0.000521 909.0
0.000657 -0.000521 910.0
0.000658 -0.000520 911.0
0.000658 -0.000520 912.0
0.000659 -0.000523 913.0
0.000659 -0.000522 914.0
0.000659 -0.000521 915.0
0.000658 -0.000520 916.0
0.000658 -0.000519 917.0
0.000657 -0.000518 918.0
0.000657 -0.000517 919.0
0.000656 -0.000516 920.0
0.000656 -0.000515 921.0
0.000656 -0.000515 922.0
0.000655 -0.000514 923.0
0.000655 -0.000513 924.0
0.000654 -0.000512 925.0
0.000654 -0.000511 926.0
0.000654 -0.000510 927.0
0.000653 -0.000509 928.0
0.000653 -0.000508 929.0
0.000652 -0.000507 930.0
0.000652 -0.000506 931.0
0.000652 -0.000505 932.0
0.000651 -0.000504 933.0
0.000651 -0.000503 934.0
0.000650 -0.000502 935.0
0.000650 -0.000502 936.0
0.000650 -0.000501 937.0
0.000649 -0.000500 938.0
0.000649 -0.000499 939.0
0.000648 -0.000498 940.0
0.000648 -0.000497 941.0
0.000648 -0.000496 942.0
0.000647 -0.000495 943.0
0.000647 -0.000494 944.0
0.000646 -0.000493 945.0
0.000646 -0.000492 946.0
0.000645 -0.000491 947.0
0.000645 -0.000490 948.0
0.000645 -0.000490 949.0
0.000644 -0.000489 950.0
0.000644 -0.000488 951.0
0.000643 -0.000487 952.0
0.000643 -0.000486 953.0
0.000643 -0.000485 954.0
0.000642 -0.000484 955.0
0.000642 -0.000483 956.0
0.000641 -0.000482 957.0
0.000641 -0.000481 958.0
0.000641 -0.000480 959.0
0.000640 -0.000479 960.0
0.000640 -0.000478 961.0
0.000639 -0.000477 962.0
0.000639 -0.000477 963.0
0.000639 -0.000476 964.0
0.000638 -0.000475 965.0
0.000638 -0.000474 966.0
0.000637 -0.000473 967.0
0.000637 -0.000472 968.0
0.000637 -0.000471 969.0
0.000636 -0.000470 970.0
0.000636 -0.000469 971.0
0.000635 -0.000468 972.0
0.000631 -0.000472 973.0
0.000631 -0.000471 974.0
0.000631 -0.000471 975.0
0.000631 -0.000470 976.0
0.000631 -0.000470 977.0
0.000631 -0.000469 978.0
0.000631 -0.000469 979.0
0.000630 -0.000468 980.0
0.000630 -0.000468 981.0
0.000630 -0.000468 982.0
0.000630 -0.000467 983.0
0.000630 -0.000467 984.0
0.000630 -0.000466 985.0
0.000630 -0.000466 986.0
0.000630 -0.000465 987.0
0.000630 -0.000465 988.0
0.000630 -0.000464 989.0
0.000630 -0.000464 990.0
0.000630 -0.000464 991.0
0.000630 -0.000463 992.0
0.000629 -0.000463 993.0
0.000629 -0.000462 994.0
0.000629 -0.000462 995.0
0.000629 -0.000461 996.0
0.000629 -0.000461 997.0
0.000629 -0.000460 998.0
0.000629 -0.000460 999.0
0.000629 -0.000460 1000.0
0.000629 -0.000459 1001.0
0.000629 -0.000459 1002.0
0.000629 -0.000458 1003.0
0.000629 -0.000458 1004.0
0.000628 -0.000457 1005.0
0.000628 -0.000457 1006.0
0.000628 -0.000456 1007.0
0.000628 -0.000456 1008.0
0.000628 -0.000456 1009.0
0.000628 -0.000455 1010.0
0.000628 -0.000455 1011.0
0.000628 -0.000454 1012.0
0.000628 -0.000454 1013.0
0.000628 -0.000453 1014.0
0.000628 -0.000453 1015.0
0.000628 -0.000453 1016.0
0.000628 -0.000452 1017.0
0.000627 -0.000452 1018.0
0.000627 -0.000451 1019.0
0.000627 -0.000451 1020.0
0.000627 -0.000450 1021.0
0.000627 -0.000450 1022.0
0.000627 -0.000449 1023.0
0.000627 -0.000449 1024.0
0.000627 -0.000449 1025.0
0.000627 -0.000448 1026.0
0.000627 -0.000448 1027.0
0.000627 -0.000447 1028.0
0.000627 -0.000447 1029.0
0.000627 -0.000446 1030.0
0.000626 -0.000446 1031.0
0.000626 -0.000445 1032.0
0.000625 -0.000446 1033.0
0.000626 -0.000445 1034.0
0.000626 -0.000445 1035.0
0.000626 -0.000444 1036.0
0.000627 -0.000444 1037.0
0.000627 -0.000443 1038.0
0.000627 -0.000443 1039.0
0.000628 -0.000442 1040.0
0.000628 -0.000441 1041.0
0.000628 -0.000441 1042.0
0.000629 -0.000440 1043.0
0.000629 -0.000440 1044.0
0.000629 -0.000439 1045.0
0.000630 -0.000439 1046.0
0.000630 -0.000438 1047.0
0.000631 -0.000438 1048.0
0.000631 -0.000437 1049.0
0.000631 -0.000437 1050.0
0.000632 -0.000436 1051.0
0.000632 -0.000435 1052.0
0.000632 -0.000435 1053.0
0.000633 -0.000434 1054.0
0.000633 -0.000434 1055.0
0.000633 -0.000433 1056.0
0.000634 -0.000433 1057.0
0.000634 -0.000432 1058.0
0.000634 -0.000432 1059.0
0.000635 -0.000431 1060.0
0.000635 -0.000430 1061.0
0.000635 -0.000430 1062.0
0.000636 -0.000429 1063.0
0.000636 -0.000429 1064.0
0.000636 -0.000428 1065.0
0.000637 -0.000428 1066.0
0.000637 -0.000427 1067.0
0.000638 -0.000427 1068.0
0.000638 -0.000426 1069.0
0.000638 -0.000426 1070.0
0.000639 -0.000425 1071.0
0.000639 -0.000424 1072.0
0.000639 -0.000424 1073.0
0.000640 -0.000423 1074.0
0.000640 -0.000423 1075.0
0.000640 -0.000422 1076.0
0.000641 -0.000422 1077.0
0.000641 -0.000421 1078.0
0.000641 -0.000421 1079.0
0.000642 -0.000420 1080.0
0.000642 -0.000420 1081.0
0.000642 -0.000419 1082.0
0.000643 -0.000418 1083.0
0.000643 -0.000418 1084.0
0.000644 -0.000417 1085.0
0.000644 -0.000417 1086.0
0.000644 -0.000416 1087.0
0.000645 -0.000416 1088.0
0.000645 -0.000415 1089.0
0.000645 -0.000415 1090.0
0.000646 -0.000414 1091.0
0.000646 -0.000414 1092.0
0.000646 -0.000413 1093.0
0.000647 -0.000412 1094.0
0.000647 -0.000412 1095.0
0.000647 -0.000411 1096.0
0.000650 -0.000415 1097.0
0.000651 -0.000414 1098.0
0.000651 -0.000414 1099.0
0.000651 -0.000414 1100.0
0.000651 -0.000413 1101.0
0.000651 -0.000413 1102.0
0.000652 -0.000413 1103.0
0.000652 -0.000412 1104.0
0.000652 -0.000412 1105.0
0.000652 -0.000412 1106.0
0.000652 -0.000411 1107.0
0.000653 -0.000411 1108.0
0.000653 -0.000410 1109.0
0.000653 -0.000410 1110.0
0.000653 -0.000410 1111.0
0.000653 -0.000409 1112.0
0.000654 -0.000409 1113.0
0.000654 -0.000409 1114.0
0.000654 -0.000408 1115.0
0.000654 -0.000408 1116.0
0.000654 -0.000408 1117.0
0.000655 -0.000407 1118.0
0.000655 -0.000407 1119.0
0.000655 -0.000407 1120.0
0.000655 -0.000406 1121.0
0.000656 -0.000406 1122.0
0.000656 -0.000406 1123.0
0.000656 -0.000405 1124.0
0.000656 -0.000405 1125.0
0.000656 -0.000405 1126.0
0.000657 -0.000404 1127.0
0.000657 -0.000404 1128.0
0.000657 -0.000404 1129.0
0.000657 -0.000403 1130.0
0.000657 -0.000403 1131.0
0.000658 -0.000402 1132.0
0.000658 -0.000402 1133.0
0.000658 -0.000402 1134.0
0.000658 -0.000401 1135.0
0.000658 -0.000401 1136.0
0.000659 -0.000401 1137.0
0.000659 -0.000400 1138.0
0.000659 -0.000400 1139.0
0.000659 -0.000400 1140.0
0.000660 -0.000399 1141.0
0.000660 -0.000399 1142.0
0.000660 -0.000399 1143.0
0.000660 -0.000398 1144.0
0.000660 -0.000398 1145.0
0.000661 -0.000398 1146.0
0.000661 -0.000397 1147.0
0.000661 -0.000397 1148.0
0.000661 -0.000397 1149.0
0.000661 -0.000396 1150.0
0.000662 -0.000396 1151.0
0.000662 -0.000395 1152.0
0.000663 -0.000397 1153.0
0.000663 -0.000397 1154.0
0.000663 -0.000397 1155.0
0.000663 -0.000397 1156.0
0.000663 -0.000397 1157.0
0.000663 -0.000397 1158.0
0.000662 -0.000397 1159.0
0.000662 -0.000397 1160.0
0.000662 -0.000397 1161.0
0.000662 -0.000397 1162.0
0.000662 -0.000397 1163.0
0.000662 -0.000397 1164.0
0.000662 -0.000397 1165.0
0.000661 -0.000397 1166.0
0.000661 -0.000397 1167.0
0.000661 -0.000397 1168.0
0.000661 -0.000397 1169.0
0.000661 -0.000397 1170.0
0.000661 -0.000397 1171.0
0.000660 -0.000397 1172.0
0.000660 -0.000397 1173.0
0.000660 -0.000397 1174.0
0.000660 -0.000397 1175.0
0.000660 -0.000397 1176.0
0.000660 -0.000397 1177.0
0.000659 -0.000397 1178.0
0.000659 -0.000397 1179.0
0.000659 -0.000397 1180.0
0.000659 -0.000397 1181.0
0.000659 -0.000397 1182.0
0.000659 -0.000397 1183.0
0.000658 -0.000397 1184.0
0.000658 -0.000397 1185.0
0.000658 -0.000397 1186.0
0.000658 -0.000396 1187.0
0.000658 -0.000396 1188.0
0.000658 -0.000396 1189.0
0.000657 -0.000396 1190.0
0.000657 -0.000396 1191.0
0.000657 -0.000396 1192.0
0.000657 -0.000396 1193.0
0.000657 -0.000396 1194.0
0.000657 -0.000396 1195.0
0.000656 -0.000396 1196.0
0.000656 -0.000396 1197.0
0.000656 -0.000396 1198.0
0.000656 -0.000396 1199.0
0.000656 -0.000396 1200.0
0.000656 -0.000396 1201.0
0.000656 -0.000396 1202.0
0.000655 -0.000396 1203.0
0.000655 -0.000396 1204.0
0.000655 -0.000396 1205.0
0.000655 -0.000396 1206.0
0.000655 -0.000396 1207.0
0.000655 -0.000396 1208.0
0.000654 -0.000396 1209.0
0.000654 -0.000396 1210.0
0.000654 -0.000396 1211.0
0.000654 -0.000396 1212.0
0.000654 -0.000396 1213.0
0.000654 -0.000396 1214.0
0.000655 -0.000396 1215.0
0.000655 -0.000396 1216.0
0.000655 -0.000396 1217.0
0.000656 -0.000396 1218.0
0.000656 -0.000396 1219.0
0.000657 -0.000396 1220.0
0.000657 -0.000395 1221.0
0.000657 -0.000395 1222.0
0.000658 -0.000395 1223.0
0.000658 -0.000395 1224.0
0.000659 -0.000395 1225.0
0.000659 -0.000395 1226.0
0.000659 -0.000395 1227.0
0.000660 -0.000395 1228.0
0.000660 -0.000395 1229.0
0.000661 -0.000395 1230.0
0.000661 -0.000395 1231.0
0.000661 -0.000394 1232.0
0.000662 -0.000394 1233.0
0.000662 -0.000394 1234.0
0.000663 -0.000394 1235.0
0.000663 -0.000394 1236.0
0.000663 -0.000394 1237.0
0.000664 -0.000394 1238.0
0.000664 -0.000394 1239.0
0.000665 -0.000394 1240.0
0.000665 -0.000394 1241.0
0.000665 -0.000394 1242.0
0.000666 -0.000393 1243.0
0.000666 -0.000393 1244.0
0.000667 -0.000393 1245.0
0.000667 -0.000393 1246.0
0.000667 -0.000393 1247.0
0.000668 -0.000393 1248.0
0.000668 -0.000393 1249.0
0.000669 -0.000393 1250.0
0.000669 -0.000393 1251.0
0.000669 -0.000393 1252.0
0.000670 -0.000393 1253.0
0.000670 -0.000392 1254.0
0.000670 -0.000392 1255.0
0.000671 -0.000392 1256.0
0.000671 -0.000392 1257.0
0.000672 -0.000392 1258.0
0.000672 -0.000392 1259.0
0.000672 -0.000392 1260.0
0.000673 -0.000392 1261.0
0.000673 -0.000392 1262.0
0.000674 -0.000392 1263.0
0.000674 -0.000392 1264.0
0.000674 -0.000391 1265.0
0.000675 -0.000391 1266.0
0.000675 -0.000391 1267.0
0.000676 -0.000391 1268.0
0.000676 -0.000391 1269.0
0.000676 -0.000391 1270.0
0.000677 -0.000391 1271.0
0.000677 -0.000391 1272.0
0.000677 -0.000392 1273.0
0.000677 -0.000392 1274.0
0.000677 -0.000392 1275.0
0.000678 -0.000392 1276.0
0.000678 -0.000392 1277.0
0.000678 -0.000393 1278.0
0.000678 -0.000393 1279.0
0.000678 -0.000393 1280.0
0.000678 -0.000393 1281.0
0.000678 -0.000393 1282.0
0.000678 -0.000393 1283.0
0.000678 -0.000393 1284.0
0.000678 -0.000393 1285.0
0.000678 -0.000393 1286.0
0.000678 -0.000394 1287.0
0.000678 -0.000394 1288.0
0.000679 -0.000394 1289.0
0.000679 -0.000394 1290.0
0.000679 -0.000394 1291.0
0.000679 -0.000394 1292.0
0.000679 -0.000394 1293.0
0.000679 -0.000394 1294.0
0.000679 -0.000395 1295.0
0.000679 -0.000395 1296.0
0.000679 -0.000395 1297.0
0.000679 -0.000395 1298.0
0.000679 -0.000395 1299.0
0.000679 -0.000395 1300.0
0.000679 -0.000395 1301.0
0.000680 -0.000395 1302.0
0.000680 -0.000396 1303.0
0.000680 -0.000396 1304.0
0.000680 -0.000396 1305.0
0.000680 -0.000396 1306.0
0.000680 -0.000396 1307.0
0.000680 -0.000396 1308.0
0.000680 -0.000396 1309.0
0.000680 -0.000396 1310.0
0.000680 -0.000397 1311.0
0.000680 -0.000397 1312.0
0.000680 -0.000397 1313.0
0.000680 -0.000397 1314.0
0.000681 -0.000397 1315.0
0.000681 -0.000397 1316.0
0.000681 -0.000397 1317.0
0.000681 -0.000397 1318.0
0.000681 -0.000398 1319.0
0.000681 -0.000398 1320.0
0.000681 -0.000398 1321.0
0.000681 -0.000398 1322.0
0.000681 -0.000398 1323.0
0.000681 -0.000398 1324.0
0.000681 -0.000398 1325.0
0.000681 -0.000398 1326.0
0.000681 -0.000399 1327.0
0.000682 -0.000399 1328.0
0.000682 -0.000399 1329.0
0.000682 -0.000399 1330.0
0.000682 -0.000399 1331.0
0.000682 -0.000399 1332.0
0.000682 -0.000398 1333.0
0.000682 -0.000398 1334.0
0.000682 -0.000399 1335.0
0.000683 -0.000399 1336.0
0.000683 -0.000399 1337.0
0.000683 -0.000399 1338.0
0.000683 -0.000399 1339.0
0.000683 -0.000399 1340.0
0.000683 -0.000399 1341.0
0.000683 -0.000399 1342.0
0.000683 -0.000399 1343.0
0.000683 -0.000399 1344.0
0.000683 -0.000399 1345.0
0.000683 -0.000399 1346.0
0.000683 -0.000399 1347.0
0.000683 -0.000399 1348.0
0.000683 -0.000399 1349.0
0.000683 -0.000399 1350.0
0.000683 -0.000398 1351.0
0.000683 -0.000398 1352.0
0.000684 -0.000398 1353.0
0.000684 -0.000397 1354.0
0.000684 -0.000397 1355.0
0.000684 -0.000397 1356.0
0.000685 -0.000397 1357.0
0.000685 -0.000396 1358.0
0.000685 -0.000396 1359.0
0.000685 -0.000396 1360.0
0.000686 -0.000395 1361.0
0.000686 -0.000395 1362.0
0.000686 -0.000395 1363.0
0.000686 -0.000394 1364.0
0.000687 -0.000394 1365.0
0.000687 -0.000394 1366.0
0.000687 -0.000394 1367.0
0.000687 -0.000393 1368.0
0.000687 -0.000393 1369.0
0.000688 -0.000393 1370.0
0.000688 -0.000392 1371.0
0.000688 -0.000392 1372.0
0.000688 -0.000392 1373.0
0.000689 -0.000391 1374.0
0.000689 -0.000391 1375.0
0.000689 -0.000391 1376.0
0.000690 -0.000392 1377.0
0.000690 -0.000391 1378.0
0.000690 -0.000391 1379.0
0.000690 -0.000391 1380.0
0.000690 -0.000391 1381.0
0.000690 -0.000391 1382.0
0.000691 -0.000390 1383.0
0.000691 -0.000390 1384.0
0.000691 -0.000390 1385.0
0.000691 -0.000390 1386.0
0.000691 -0.000389 1387.0
0.000691 -0.000389 1388.0
0.000691 -0.000389 1389.0
0.000692 -0.000389 1390.0
0.000692 -0.000388 1391.0
0.000692 -0.000388 1392.0
0.000692 -0.000388 1393.0
0.000692 -0.000388 1394.0
0.000692 -0.000387 1395.0
0.000692 -0.000387 1396.0
0.000692 -0.000387 1397.0
0.000693 -0.000387 1398.0
0.000693 -0.000387 1399.0
0.000693 -0.000386 1400.0
0.000693 -0.000386 1401.0
0.000693 -0.000386 1402.0
0.000693 -0.000386 1403.0
0.000693 -0.000385 1404.0
0.000694 -0.000385 1405.0
0.000694 -0.000385 1406.0
0.000694 -0.000385 1407.0
0.000694 -0.000384 1408.0
0.000694 -0.000384 1409.0
0.000694 -0.000384 1410.0
0.000694 -0.000384 1411.0
0.000694 -0.000383 1412.0
0.000695 -0.000383 1413.0
0.000695 -0.000383 1414.0
0.000695 -0.000383 1415.0
0.000695 -0.000382 1416.0
0.000695 -0.000382 1417.0
0.000695 -0.000382 1418.0
0.000695 -0.000382 1419.0
0.000696 -0.000382 1420.0
0.000696 -0.000381 1421.0
0.000696 -0.000381 1422.0
0.000696 -0.000381 1423.0
0.000696 -0.000381 1424.0
0.000696 -0.000380 1425.0
0.000696 -0.000380 1426.0
0.000696 -0.000380 1427.0
0.000697 -0.000380 1428.0
0.000697 -0.000379 1429.0
0.000697 -0.000379 1430.0
0.000697 -0.000379 1431.0
0.000697 -0.000379 1432.0
0.000697 -0.000378 1433.0
0.000697 -0.000378 1434.0
0.000698 -0.000378 1435.0
0.000698 -0.000378 1436.0
0.000699 -0.000379 1437.0
0.000699 -0.000379 1438.0
0.000699 -0.000380 1439.0
0.000700 -0.000380 1440.0
0.000700 -0.000381 1441.0
0.000700 -0.000381 1442.0
0.000700 -0.000381 1443.0
0.000701 -0.000382 1444.0
0.000701 -0.000382 1445.0
0.000701 -0.000383 1446.0
0.000702 -0.000383 1447.0
0.000702 -0.000383 1448.0
0.000702 -0.000384 1449.0
0.000702 -0.000384 1450.0
0.000703 -0.000385 1451.0
0.000703 -0.000385 1452.0
0.000703 -0.000386 1453.0
0.000703 -0.000386 1454.0
0.000704 -0.000386 1455.0
0.000704 -0.000387 1456.0
0.000704 -0.000387 1457.0
0.000704 -0.000388 1458.0
0.000705 -0.000388 1459.0
0.000705 -0.000388 1460.0
0.000705 -0.000389 1461.0
0.000706 -0.000389 1462.0
0.000706 -0.000390 1463.0
0.000706 -0.000390 1464.0
0.000706 -0.000391 1465.0
0.000707 -0.000391 1466.0
0.000707 -0.000391 1467.0
0.000707 -0.000392 1468.0
0.000707 -0.000392 1469.0
0.000708 -0.000393 1470.0
0.000708 -0.000393 1471.0
0.000708 -0.000393 1472.0
0.000709 -0.000394 1473.0
0.000709 -0.000394 1474.0
0.000709 -0.000395 1475.0
0.000709 -0.000395 1476.0
0.000710 -0.000395 1477.0
0.000710 -0.000396 1478.0
0.000710 -0.000396 1479.0
0.000710 -0.000397 1480.0
0.000711 -0.000397 1481.0
0.000711 -0.000398 1482.0
0.000711 -0.000398 1483.0
0.000711 -0.000398 1484.0
0.000712 -0.000399 1485.0
0.000712 -0.000399 1486.0
0.000712 -0.000400 1487.0
0.000713 -0.000400 1488.0
0.000713 -0.000400 1489.0
0.000713 -0.000401 1490.0
0.000713 -0.000401 1491.0
0.000714 -0.000402 1492.0
0.000714 -0.000402 1493.0
0.000714 -0.000403 1494.0
0.000714 -0.000403 1495.0
0.000715 -0.000403 1496.0
0.000715 -0.000404 1497.0
0.000715 -0.000404 1498.0
0.000716 -0.000405 1499.0
0.000716 -0.000405 1500.0
0.000716 -0.000405 1501.0
0.000716 -0.000406 1502.0
0.000717 -0.000406 1503.0
0.000717 -0.000407 1504.0
0.000717 -0.000407 1505.0
0.000720 -0.000404 1506.0
0.000720 -0.000405 1507.0
0.000720 -0.000405 1508.0
0.000720 -0.000406 1509.0
0.000720 -0.000406 1510.0
0.000720 -0.000407 1511.0
0.000721 -0.000407 1512.0
0.000721 -0.000407 1513.0
0.000721 -0.000408 1514.0
0.000721 -0.000408 1515.0
0.000721 -0.000409 1516.0
0.000721 -0.000409 1517.0
0.000722 -0.000410 1518.0
0.000722 -0.000410 1519.0
0.000722 -0.000410 1520.0
0.000722 -0.000411 1521.0
0.000722 -0.000411 1522.0
0.000723 -0.000412 1523.0
0.000723 -0.000412 1524.0
0.000723 -0.000413 1525.0
0.000723 -0.000413 1526.0
0.000723 -0.000413 1527.0
0.000723 -0.000414 1528.0
0.000724 -0.000414 1529.0
0.000724 -0.000415 1530.0
0.000724 -0.000415 1531.0
0.000724 -0.000416 1532.0
0.000724 -0.000416 1533.0
0.000724 -0.000416 1534.0
0.000725 -0.000417 1535.0
0.000725 -0.000417 1536.0
0.000725 -0.000418 1537.0
0.000725 -0.000418 1538.0
0.000725 -0.000419 1539.0
0.000726 -0.000419 1540.0
0.000726 -0.000419 1541.0
0.000726 -0.000420 1542.0
0.000726 -0.000420 1543.0
0.000726 -0.000421 1544.0
0.000726 -0.000421 1545.0
0.000727 -0.000422 1546.0
0.000727 -0.000422 1547.0
0.000727 -0.000422 1548.0
0.000727 -0.000423 1549.0
0.000727 -0.000423 1550.0
0.000728 -0.000424 1551.0
0.000728 -0.000424 1552.0
0.000728 -0.000425 1553.0
0.000728 -0.000425 1554.0
0.000728 -0.000425 1555.0
0.000728 -0.000426 1556.0
0.000730 -0.000425 1557.0
0.000730 -0.000425 1558.0
0.000730 -0.000425 1559.0
0.000730 -0.000426 1560.0
0.000730 -0.000426 1561.0
0.000730 -0.000426 1562.0
0.000730 -0.000427 1563.0
0.000731 -0.000427 1564.0
0.000731 -0.000428 1565.0
0.000731 -0.000428 1566.0
0.000731 -0.000428 1567.0
0.000731 -0.000429 1568.0
0.000731 -0.000429 1569.0
0.000731 -0.000429 1570.0
0.000731 -0.000430 1571.0
0.000731 -0.000430 1572.0
0.000731 -0.000430 1573.0
0.000731 -0.000431 1574.0
0.000731 -0.000431 1575.0
0.000731 -0.000432 1576.0
0.000731 -0.000432 1577.0
0.000732 -0.000432 1578.0
0.000732 -0.000433 1579.0
0.000732 -0.000433 1580.0
0.000732 -0.000433 1581.0
0.000732 -0.000434 1582.0
0.000732 -0.000434 1583.0
0.000732 -0.000434 1584.0
0.000732 -0.000435 1585.0
0.000732 -0.000435 1586.0
0.000732 -0.000436 1587.0
0.000732 -0.000436 1588.0
0.000732 -0.000436 1589.0
0.000732 -0.000437 1590.0
0.000732 -0.000437 1591.0
0.000733 -0.000437 1592.0
0.000733 -0.000438 1593.0
0.000733 -0.000438 1594.0
0.000733 -0.000438 1595.0
0.000733 -0.000439 1596.0
0.000733 -0.000439 1597.0
0.000733 -0.000439 1598.0
0.000733 -0.000440 1599.0
0.000733 -0.000440 1600.0
0.000733 -0.000441 1601.0
0.000733 -0.000441 1602.0
0.000733 -0.000441 1603.0
0.000733 -0.000442 1604.0
0.000734 -0.000442 1605.0
0.000734 -0.000442 1606.0
0.000734 -0.000443 1607.0
0.000734 -0.000443 1608.0
0.000734 -0.000443 1609.0
0.000734 -0.000444 1610.0
0.000734 -0.000444 1611.0
0.000734 -0.000445 1612.0
0.000734 -0.000445 1613.0
0.000734 -0.000445 1614.0
0.000734 -0.000446 1615.0
0.000734 -0.000446 1616.0
0.000734 -0.000446 1617.0
0.000734 -0.000447 1618.0
0.000735 -0.000447 1619.0
0.000735 -0.000447 1620.0
0.000735 -0.000448 1621.0
0.000735 -0.000448 1622.0
0.000735 -0.000448 1623.0
0.000735 -0.000449 1624.0
0.000735 -0.000449 1625.0
0.000735 -0.000450 1626.0
0.000735 -0.000450 1627.0
0.000735 -0.000450 1628.0
0.000735 -0.000451 1629.0
0.000735 -0.000451 1630.0
0.000735 -0.000451 1631.0
0.000735 -0.000452 1632.0
0.000736 -0.000452 1633.0
0.000736 -0.000452 1634.0
0.000736 -0.000453 1635.0
0.000736 -0.000453 1636.0
0.000736 -0.000454 1637.0
0.000736 -0.000454 1638.0
0.000736 -0.000454 1639.0
0.000736 -0.000455 1640.0
0.000736 -0.000455 1641.0
0.000736 -0.000455 1642.0
0.000736 -0.000456 1643.0
0.000736 -0.000456 1644.0
0.000736 -0.000456 1645.0
0.000736 -0.000457 1646.0
0.000737 -0.000457 1647.0
0.000737 -0.000457 1648.0
0.000737 -0.000458 1649.0
0.000737 -0.000458 1650.0
0.000737 -0.000459 1651.0
0.000737 -0.000459 1652.0
0.000737 -0.000459 1653.0
0.000737 -0.000460 1654.0
0.000737 -0.000460 1655.0
0.000737 -0.000460 1656.0
0.000737 -0.000461 1657.0
0.000737 -0.000461 1658.0
0.000737 -0.000461 1659.0
0.000737 -0.000462 1660.0
0.000738 -0.000462 1661.0
0.000738 -0.000463 1662.0
0.000738 -0.000463 1663.0
0.000738 -0.000463 1664.0
0.000738 -0.000464 1665.0
0.000738 -0.000464 1666.0
0.000738 -0.000464 1667.0
0.000738 -0.000465 1668.0
0.000738 -0.000465 1669.0
0.000738 -0.000465 1670.0
0.000738 -0.000466 1671.0
0.000738 -0.000466 1672.0
0.000738 -0.000466 1673.0
0.000739 -0.000467 1674.0
0.000739 -0.000467 1675.0
0.000739 -0.000468 1676.0
0.000739 -0.000468 1677.0
0.000739 -0.000468 1678.0
0.000739 -0.000469 1679.0
0.000739 -0.000469 1680.0
0.000739 -0.000469 1681.0
0.000739 -0.000470 1682.0
0.000739 -0.000470 1683.0
0.000739 -0.000470 1684.0
0.000739 -0.000471 1685.0
0.000739 -0.000471 1686.0
0.000739 -0.000472 1687.0
0.000740 -0.000472 1688.0
0.000740 -0.000472 1689.0
0.000740 -0.000473 1690.0
0.000740 -0.000473 1691.0
0.000740 -0.000473 1692.0
0.000740 -0.000474 1693.0
0.000740 -0.000474 1694.0
0.000740 -0.000474 1695.0
0.000740 -0.000475 1696.0
0.000740 -0.000475 1697.0
0.000740 -0.000475 1698.0
0.000740 -0.000476 1699.0
0.000740 -0.000476 1700.0
0.000740 -0.000477 1701.0
0.000741 -0.000477 1702.0
0.000741 -0.000477 1703.0
0.000741 -0.000478 1704.0
0.000741 -0.000478 1705.0
0.000741 -0.000478 1706.0
0.000741 -0.000479 1707.0
0.000741 -0.000479 1708.0
0.000741 -0.000479 1709.0
0.000741 -0.000480 1710.0
0.000741 -0.000480 1711.0
0.000741 -0.000481 1712.0
0.000741 -0.000481 1713.0
0.000741 -0.000481 1714.0
0.000741 -0.000482 1715.0
0.000742 -0.000482 1716.0
0.000742 -0.000482 1717.0
0.000742 -0.000483 1718.0
0.000742 -0.000483 1719.0
0.000742 -0.000483 1720.0
0.000742 -0.000484 1721.0
0.000742 -0.000484 1722.0
0.000742 -0.000484 1723.0
0.000742 -0.000485 1724.0
0.000742 -0.000485 1725.0
0.000742 -0.000486 1726.0
0.000742 -0.000486 1727.0
0.000742 -0.000486 1728.0
0.000742 -0.000487 1729.0
0.000743 -0.000487 1730.0
0.000743 -0.000487 1731.0
0.000743 -0.000488 1732.0
0.000743 -0.000488 1733.0
0.000743 -0.000488 1734.0
0.000743 -0.000489 1735.0
0.000743 -0.000489 1736.0
0.000743 -0.000490 1737.0
0.000743 -0.000490 1738.0
0.000743 -0.000490 1739.0
0.000743 -0.000491 1740.0
0.000743 -0.000491 1741.0
0.000743 -0.000491 1742.0
0.000744 -0.000492 1743.0
0.000744 -0.000492 1744.0
0.000744 -0.000492 1745.0
0.000744 -0.000493 1746.0
0.000744 -0.000493 1747.0
0.000744 -0.000493 1748.0
0.000744 -0.000494 1749.0
0.000747 -0.000493 1750.0
0.000747 -0.000493 1751.0
0.000747 -0.000493 1752.0
0.000747 -0.000493 1753.0
0.000747 -0.000493 1754.0
0.000747 -0.000493 1755.0
0.000747 -0.000494 1756.0
0.000747 -0.000494 1757.0
0.000747 -0.000494 1758.0
0.000747 -0.000494 1759.0
0.000747 -0.000494 1760.0
0.000747 -0.000494 1761.0
0.000747 -0.000494 1762.0
0.000747 -0.000495 1763.0
0.000747 -0.000495 1764.0
0.000747 -0.000495 1765.0
0.000747 -0.000495 1766.0
0.000747 -0.000495 1767.0
0.000747 -0.000495 1768.0
0.000747 -0.000495 1769.0
0.000747 -0.000496 1770.0
0.000747 -0.000496 1771.0
0.000747 -0.000496 1772.0
0.000747 -0.000496 1773.0
0.000747 -0.000496 1774.0
0.000747 -0.000496 1775.0
0.000747 -0.000496 1776.0
0.000747 -0.000497 1777.0
0.000747 -0.000497 1778.0
0.000747 -0.000497 1779.0
0.000747 -0.000497 1780.0
0.000747 -0.000497 1781.0
0.000747 -0.000497 1782.0
0.000747 -0.000497 1783.0
0.000747 -0.000498 1784.0
0.000747 -0.000498 1785.0
0.000747 -0.000498 1786.0
0.000747 -0.000498 1787.0
0.000747 -0.000498 1788.0
0.000747 -0.000498 1789.0
0.000746 -0.000498 1790.0
0.000746 -0.000499 1791.0
0.000746 -0.000499 1792.0
0.000746 -0.000499 1793.0
0.000746 -0.000499 1794.0
0.000746 -0.000499 1795.0
0.000746 -0.000499 1796.0
0.000746 -0.000499 1797.0
0.000746 -0.000500 1798.0
0.000746 -0.000500 1799.0
0.000746 -0.000500 1800.0
0.000746 -0.000500 1801.0
0.000746 -0.000500 1802.0
0.000746 -0.000500 1803.0
0.000746 -0.000500 1804.0
0.000746 -0.000501 1805.0
0.000746 -0.000501 1806.0
0.000746 -0.000501 1807.0
0.000746 -0.000501 1808.0
0.000746 -0.000501 1809.0
0.000746 -0.000501 1810.0
0.000746 -0.000501 1811.0
0.000746 -0.000502 1812.0
0.000746 -0.000502 1813.0
0.000746 -0.000502 1814.0
0.000746 -0.000502 1815.0
0.000746 -0.000502 1816.0
0.000746 -0.000502 1817.0
0.000746 -0.000502 1818.0
0.000747 -0.000502 1819.0
0.000747 -0.000502 1820.0
0.000748 -0.000502 1821.0
0.000748 -0.000502 1822.0
0.000748 -0.000503 1823.0
0.000749 -0.000503 1824.0
0.000749 -0.000503 1825.0
0.000749 -0.000503 1826.0
0.000750 -0.000503 1827.0
0.000750 -0.000503 1828.0
0.000750 -0.000503 1829.0
0.000751 -0.000503 1830.0
0.000751 -0.000503 1831.0
0.000751 -0.000503 1832.0
0.000752 -0.000503 1833.0
0.000752 -0.000504 1834.0
0.000753 -0.000504 1835.0
0.000753 -0.000504 1836.0
0.000753 -0.000504 1837.0
0.000754 -0.000504 1838.0
0.000754 -0.000504 1839.0
0.000754 -0.000504 1840.0
0.000755 -0.000504 1841.0
0.000755 -0.000504 1842.0
0.000755 -0.000504 1843.0
0.000756 -0.000504 1844.0
0.000756 -0.000505 1845.0
0.000756 -0.000505 1846.0
0.000757 -0.000505 1847.0
0.000757 -0.000505 1848.0
0.000758 -0.000505 1849.0
0.000758 -0.000505 1850.0
0.000758 -0.000505 1851.0
0.000759 -0.000505 1852.0
0.000759 -0.000505 1853.0
0.000759 -0.000505 1854.0
0.000760 -0.000505 1855.0
0.000760 -0.000506 1856.0
0.000760 -0.000506 1857.0
0.000761 -0.000506 1858.0
0.000761 -0.000506 1859.0
0.000761 -0.000506 1860.0
0.000762 -0.000506 1861.0
0.000762 -0.000506 1862.0
0.000762 -0.000506 1863.0
0.000763 -0.000506 1864.0
0.000763 -0.000506 1865.0
0.000764 -0.000506 1866.0
0.000764 -0.000507 1867.0
0.000764 -0.000507 1868.0
0.000765 -0.000507 1869.0
0.000765 -0.000507 1870.0
0.000765 -0.000507 1871.0
0.000766 -0.000507 1872.0
0.000766 -0.000507 1873.0
0.000766 -0.000507 1874.0
0.000767 -0.000507 1875.0
0.000767 -0.000507 1876.0
0.000767 -0.000507 1877.0
0.000768 -0.000508 1878.0
0.000768 -0.000508 1879.0
0.000769 -0.000508 1880.0
0.000769 -0.000508 1881.0
0.000769 -0.000508 1882.0
0.000770 -0.000508 1883.0
0.000770 -0.000508 1884.0
0.000770 -0.000508 1885.0
0.000771 -0.000508 1886.0
0.000771 -0.000508 1887.0
0.000771 -0.000508 1888.0
0.000772 -0.000509 1889.0
0.000772 -0.000509 1890.0
0.000772 -0.000509 1891.0
0.000773 -0.000509 1892.0
0.000773 -0.000509 1893.0
0.000774 -0.000509 1894.0
0.000774 -0.000509 1895.0
0.000774 -0.000509 1896.0
0.000775 -0.000509 1897.0
0.000775 -0.000509 1898.0
0.000775 -0.000509 1899.0
0.000776 -0.000510 1900.0
0.000776 -0.000510 1901.0
0.000776 -0.000510 1902.0
0.000777 -0.000510 1903.0
0.000777 -0.000510 1904.0
0.000777 -0.000510 1905.0
0.000778 -0.000510 1906.0
0.000778 -0.000510 1907.0
0.000778 -0.000509 1908.0
0.000778 -0.000509 1909.0
0.000778 -0.000509 1910.0
0.000778 -0.000509 1911.0
0.000778 -0.000509 1912.0
0.000778 -0.000509 1913.0
0.000778 -0.000509 1914.0
0.000778 -0.000509 1915.0
0.000778 -0.000509 1916.0
0.000778 -0.000509 1917.0
0.000778 -0.000509 1918.0
0.000778 -0.000509 1919.0
0.000778 -0.000509 1920.0
0.000778 -0.000509 1921.0
0.000778 -0.000509 1922.0
0.000778 -0.000509 1923.0
0.000778 -0.000509 1924.0
0.000778 -0.000509 1925.0
0.000778 -0.000509 1926.0
0.000778 -0.000509 1927.0
0.000778 -0.000509 1928.0
0.000778 -0.000509 1929.0
0.000778 -0.000509 1930.0
0.000778 -0.000509 1931.0
0.000778 -0.000509 1932.0
0.000778 -0.000509 1933.0
0.000778 -0.000509 1934.0
0.000778 -0.000509 1935.0
0.000778 -0.000509 1936.0
0.000778 -0.000509 1937.0
0.000778 -0.000509 1938.0
0.000778 -0.000509 1939.0
0.000778 -0.000509 1940.0
0.000778 -0.000509 1941.0
0.000778 -0.000509 1942.0
0.000778 -0.000509 1943.0
0.000778 -0.000509 1944.0
0.000778 -0.000509 1945.0
0.000778 -0.000509 1946.0
0.000778 -0.000509 1947.0
0.000778 -0.000509 1948.0
0.000778 -0.000509 1949.0
0.000778 -0.000509 1950.0
0.000778 -0.000509 1951.0
0.000778 -0.000509 1952.0
0.000778 -0.000509 1953.0
0.000778 -0.000509 1954.0
0.000778 -0.000509 1955.0
0.000778 -0.000509 1956.0
0.000778 -0.000509 1957.0
0.000778 -0.000509 1958.0
0.000778 -0.000509 1959.0
0.000778 -0.000509 1960.0
0.000778 -0.000509 1961.0
0.000778 -0.000509 1962.0
0.000778 -0.000509 1963.0
0.000778 -0.000509 1964.0
0.000778 -0.000509 1965.0
0.000778 -0.000509 1966.0
0.000778 -0.000509 1967.0
0.000778 -0.000509 1968.0
0.000778 -0.000509 1969.0
0.000778 -0.000509 1970.0
0.000778 -0.000509 1971.0
0.000778 -0.000509 1972.0
0.000778 -0.000509 1973.0
0.000778 -0.000509 1974.0
0.000778 -0.000509 1975.0
0.000778 -0.000509 1976.0
0.000778 -0.000509 1977.0
0.000778 -0.000509 1978.0
0.000778 -0.000509 1979.0
0.000778 -0.000509 1980.0
0.000778 -0.000509 1981.0
0.000778 -0.000509 1982.0
0.000778 -0.000509 1983.0
0.000778 -0.000509 1984.0
0.000778 -0.000509 1985.0
0.000778 -0.000509 1986.0
0.000778 -0.000509 1987.0
0.000778 -0.000509 1988.0
0.000778 -0.000509 1989.0
0.000778 -0.000509 1990.0
0.000778 -0.000509 1991.0
0.000778 -0.000509 1992.0
0.000778 -0.000509 1993.0
0.000778 -0.000509 1994.0
0.000778 -0.000508 1995.0
0.000777 -0.000508 1996.0
0.000777 -0.000507 1997.0
0.000776 -0.000507 1998.0
0.000776 -0.000506 1999.0
0.000775 -0.000506 2000.0
0.000775 -0.000505 2001.0
0.000774 -0.000505 2002.0
0.000774 -0.000504 2003.0
0.000773 -0.000504 2004.0
0.000773 -0.000503 2005.0
0.000772 -0.000503 2006.0
0.000772 -0.000502 2007.0
0.000771 -0.000502 2008.0
0.000771 -0.000501 2009.0
0.000770 -0.000501 2010.0
0.000769 -0.000500 2011.0
0.000769 -0.000500 2012.0
0.000768 -0.000499 2013.0
0.000768 -0.000499 2014.0
0.000767 -0.000498 2015.0
0.000767 -0.000498 2016.0
0.000766 -0.000497 2017.0
0.000766 -0.000497 2018.0
0.000765 -0.000496 2019.0
0.000765 -0.000496 2020.0
0.000764 -0.000495 2021.0
0.000764 -0.000495 2022.0
0.000763 -0.000494 2023.0
0.000763 -0.000494 2024.0
0.000762 -0.000493 2025.0
0.000762 -0.000493 2026.0
0.000761 -0.000492 2027.0
0.000761 -0.000492 2028.0
0.000760 -0.000491 2029.0
0.000760 -0.000491 2030.0
0.000759 -0.000491 2031.0
0.000758 -0.000490 2032.0
0.000758 -0.000490 2033.0
0.000757 -0.000489 2034.0
0.000757 -0.000489 2035.0
0.000756 -0.000488 2036.0
0.000756 -0.000488 2037.0
0.000755 -0.000487 2038.0
0.000755 -0.000487 2039.0
0.000754 -0.000486 2040.0
0.000754 -0.000486 2041.0
0.000753 -0.000485 2042.0
0.000753 -0.000485 2043.0
0.000752 -0.000484 2044.0
0.000752 -0.000484 2045.0
0.000751 -0.000483 2046.0
0.000751 -0.000483 2047.0
0.000750 -0.000482 2048.0
0.000750 -0.000482 2049.0
0.000749 -0.000481 2050.0
0.000749 -0.000481 2051.0
0.000748 -0.000480 2052.0
0.000748 -0.000480 2053.0
0.000747 -0.000479 2054.0
0.000746 -0.000479 2055.0
0.000746 -0.000478 2056.0
0.000745 -0.000478 2057.0
0.000745 -0.000477 2058.0
0.000744 -0.000477 2059.0
0.000742 -0.000481 2060.0
0.000742 -0.000481 2061.0
0.000742 -0.000481 2062.0
0.000742 -0.000481 2063.0
0.000742 -0.000481 2064.0
0.000742 -0.000481 2065.0
0.000742 -0.000481 2066.0
0.000742 -0.000481 2067.0
0.000742 -0.000481 2068.0
0.000742 -0.000481 2069.0
0.000742 -0.000481 2070.0
0.000742 -0.000481 2071.0
0.000742 -0.000481 2072.0
0.000742 -0.000481 2073.0
0.000742 -0.000481 2074.0
0.000742 -0.000481 2075.0
0.000742 -0.000481 2076.0
0.000742 -0.000481 2077.0
0.000742 -0.000481 2078.0
0.000742 -0.000481 2079.0
0.000742 -0.000481 2080.0
0.000742 -0.000481 2081.0
0.000742 -0.000481 2082.0
0.000742 -0.000481 2083.0
0.000742 -0.000481 2084.0
0.000742 -0.000481 2085.0
0.000742 -0.000481 2086.0
0.000742 -0.000481 2087.0
0.000742 -0.000481 2088.0
0.000742 -0.000481 2089.0
0.000742 -0.000481 2090.0
0.000742 -0.000481 2091.0
0.000742 -0.000481 2092.0
0.000742 -0.000481 2093.0
0.000742 -0.000481 2094.0
0.000742 -0.000481 2095.0
0.000742 -0.000481 2096.0
0.000742 -0.000481 2097.0
0.000742 -0.000481 2098.0
0.000742 -0.000481 2099.0
0.000742 -0.000481 2100.0
0.000742 -0.000481 2101.0
0.000742 -0.000481 2102.0
0.000742 -0.000481 2103.0
0.000742 -0.000481 2104.0
0.000742 -0.000481 2105.0
0.000742 -0.000481 2106.0
0.000742 -0.000481 2107.0
0.000742 -0.000481 2108.0
0.000742 -0.000481 2109.0
0.000742 -0.000481 2110.0
0.000742 -0.000481 2111.0
0.000742 -0.000481 2112.0
0.000742 -0.000481 2113.0
0.000742 -0.000481 2114.0
0.000742 -0.000481 2115.0
0.000742 -0.000481 2116.0
0.000742 -0.000481 2117.0
0.000742 -0.000481 2118.0
0.000742 -0.000481 2119.0
0.000742 -0.000481 2120.0
0.000742 -0.000481 2121.0
0.000741 -0.000483 2122.0
0.000740 -0.000485 2123.0
0.000739 -0.000486 2124.0
0.000739 -0.000488 2125.0
0.000738 -0.000490 2126.0
0.000737 -0.000491 2127.0
0.000736 -0.000493 2128.0
0.000735 -0.000495 2129.0
0.000734 -0.000496 2130.0
0.000734 -0.000498 2131.0
0.000733 -0.000500 2132.0
0.000732 -0.000501 2133.0
0.000731 -0.000503 2134.0
0.000730 -0.000505 2135.0
0.000729 -0.000506 2136.0
0.000729 -0.000508 2137.0
0.000728 -0.000510 2138.0
0.000727 -0.000511 2139.0
0.000726 -0.000513 2140.0
0.000725 -0.000515 2141.0
0.000724 -0.000516 2142.0
0.000724 -0.000518 2143.0
0.000723 -0.000520 2144.0
0.000722 -0.000521 2145.0
0.000719 -0.000518 2146.0
0.000719 -0.000518 2147.0
0.000719 -0.000518 2148.0
0.000719 -0.000518 2149.0
0.000719 -0.000518 2150.0
0.000719 -0.000518 2151.0
0.000719 -0.000518 2152.0
0.000719 -0.000518 2153.0
0.000719 -0.000518 2154.0
0.000719 -0.000518 2155.0
0.000719 -0.000518 2156.0
0.000719 -0.000518 2157.0
0.000719 -0.000518 2158.0
0.000719 -0.000518 2159.0
0.000719 -0.000518 2160.0
0.000719 -0.000518 2161.0
0.000719 -0.000518 2162.0
0.000719 -0.000518 2163.0
0.000719 -0.000518 2164.0
0.000719 -0.000518 2165.0
0.000719 -0.000518 2166.0
0.000719 -0.000518 2167.0
0.000719 -0.000518 2168.0
0.000719 -0.000518 2169.0
0.000719 -0.000518 2170.0
0.000719 -0.000518 2171.0
0.000719 -0.000518 2172.0
0.000719 -0.000518 2173.0
0.000719 -0.000518 2174.0
0.000719 -0.000518 2175.0
0.000719 -0.000518 2176.0
0.000719 -0.000518 2177.0
0.000719 -0.000518 2178.0
0.000719 -0.000518 2179.0
0.000719 -0.000518 2180.0
0.000719 -0.000518 2181.0
0.000719 -0.000518 2182.0
0.000719 -0.000518 2183.0
0.000719 -0.000518 2184.0
0.000719 -0.000518 2185.0
0.000719 -0.000518 2186.0
0.000719 -0.000518 2187.0
0.000719 -0.000518 2188.0
0.000719 -0.000518 2189.0
0.000719 -0.000518 2190.0
0.000719 -0.000518 2191.0
0.000719 -0.000518 2192.0
0.000719 -0.000518 2193.0
0.000719 -0.000518 2194.0
0.000719 -0.000518 2195.0
0.000719 -0.000518 2196.0
0.000719 -0.000518 2197.0
0.000719 -0.000518 2198.0
0.000719 -0.000518 2199.0
0.000719 -0.000518 2200.0
0.000719 -0.000518 2201.0
0.000719 -0.000518 2202.0
0.000719 -0.000518 2203.0
0.000719 -0.000518 2204.0
0.000719 -0.000518 2205.0
0.000719 -0.000518 2206.0
0.000719 -0.000518 2207.0
0.000719 -0.000518 2208.0
0.000719 -0.000518 2209.0
0.000719 -0.000518 2210.0
0.000719 -0.000518 2211.0
0.000719 -0.000518 2212.0
0.000719 -0.000518 2213.0
0.000719 -0.000518 2214.0
0.000719 -0.000518 2215.0
0.000719 -0.000518 2216.0
0.000718 -0.000519 2217.0
0.000718 -0.000519 2218.0
0.000718 -0.000519 2219.0
0.000718 -0.000519 2220.0
0.000718 -0.000520 2221.0
0.000718 -0.000520 2222.0
0.000717 -0.000520 2223.0
0.000717 -0.000521 2224.0
0.000717 -0.000521 2225.0
0.000717 -0.000521 2226.0
0.000717 -0.000521 2227.0
0.000717 -0.000522 2228.0
0.000716 -0.000522 2229.0
0.000716 -0.000522 2230.0
0.000716 -0.000523 2231.0
0.000716 -0.000523 2232.0
0.000716 -0.000523 2233.0
0.000715 -0.000523 2234.0
0.000715 -0.000524 2235.0
0.000715 -0.000524 2236.0
0.000715 -0.000524 2237.0
0.000715 -0.000524 2238.0
0.000715 -0.000525 2239.0
0.000714 -0.000525 2240.0
0.000714 -0.000525 2241.0
0.000714 -0.000526 2242.0
0.000714 -0.000526 2243.0
0.000714 -0.000526 2244.0
0.000714 -0.000526 2245.0
0.000713 -0.000527 2246.0
0.000713 -0.000527 2247.0
0.000713 -0.000527 2248.0
0.000713 -0.000528 2249.0
0.000713 -0.000528 2250.0
0.000713 -0.000528 2251.0
0.000712 -0.000528 2252.0
0.000712 -0.000529 2253.0
0.000712 -0.000529 2254.0
0.000712 -0.000529 2255.0
0.000712 -0.000529 2256.0
0.000712 -0.000530 2257.0
0.000711 -0.000530 2258.0
0.000711 -0.000530 2259.0
0.000711 -0.000531 2260.0
0.000711 -0.000531 2261.0
0.000711 -0.000531 2262.0
0.000710 -0.000531 2263.0
0.000710 -0.000532 2264.0
0.000710 -0.000532 2265.0
0.000710 -0.000532 2266.0
0.000710 -0.000533 2267.0
0.000710 -0.000533 2268.0
0.000709 -0.000533 2269.0
0.000709 -0.000533 2270.0
0.000709 -0.000534 2271.0
0.000709 -0.000534 2272.0
0.000709 -0.000534 2273.0
0.000709 -0.000535 2274.0
0.000708 -0.000535 2275.0
0.000708 -0.000535 2276.0
0.000708 -0.000535 2277.0
0.000708 -0.000536 2278.0
0.000708 -0.000536 2279.0
0.000708 -0.000536 2280.0
0.000707 -0.000536 2281.0
0.000707 -0.000537 2282.0
0.000707 -0.000537 2283.0
0.000707 -0.000537 2284.0
0.000707 -0.000538 2285.0
0.000706 -0.000538 2286.0
0.000706 -0.000538 2287.0
0.000706 -0.000538 2288.0
0.000706 -0.000539 2289.0
0.000706 -0.000539 2290.0
0.000706 -0.000539 2291.0
0.000705 -0.000540 2292.0
0.000705 -0.000540 2293.0
0.000705 -0.000540 2294.0
0.000705 -0.000540 2295.0
0.000705 -0.000541 2296.0
0.000705 -0.000541 2297.0
0.000704 -0.000541 2298.0
0.000704 -0.000541 2299.0
0.000704 -0.000542 2300.0
0.000704 -0.000542 2301.0
0.000704 -0.000542 2302.0
0.000704 -0.000543 2303.0
0.000703 -0.000543 2304.0
0.000703 -0.000543 2305.0
0.000703 -0.000543 2306.0
0.000701 -0.000541 2307.0
0.000700 -0.000543 2308.0
0.000700 -0.000544 2309.0
0.000699 -0.000546 2310.0
0.000699 -0.000548 2311.0
0.000698 -0.000549 2312.0
0.000698 -0.000551 2313.0
0.000697 -0.000552 2314.0
0.000697 -0.000554 2315.0
0.000696 -0.000556 2316.0
0.000696 -0.000557 2317.0
0.000695 -0.000559 2318.0
0.000695 -0.000560 2319.0
0.000695 -0.000562 2320.0
0.000694 -0.000564 2321.0
0.000694 -0.000565 2322.0
0.000693 -0.000567 2323.0
0.000691 -0.000566 2324.0
0.000691 -0.000566 2325.0
0.000690 -0.000566 2326.0
0.000690 -0.000566 2327.0
0.000689 -0.000565 2328.0
0.000689 -0.000565 2329.0
0.000689 -0.000565 2330.0
0.000688 -0.000565 2331.0
0.000688 -0.000565 2332.0
0.000687 -0.000565 2333.0
0.000687 -0.000565 2334.0
0.000686 -0.000564 2335.0
0.000686 -0.000564 2336.0
0.000685 -0.000564 2337.0
0.000685 -0.000564 2338.0
0.000684 -0.000564 2339.0
0.000684 -0.000564 2340.0
0.000683 -0.000564 2341.0
0.000683 -0.000563 2342.0
0.000682 -0.000563 2343.0
0.000682 -0.000563 2344.0
0.000681 -0.000563 2345.0
0.000681 -0.000563 2346.0
0.000681 -0.000563 2347.0
0.000680 -0.000562 2348.0
0.000680 -0.000562 2349.0
0.000679 -0.000562 2350.0
0.000679 -0.000562 2351.0
0.000678 -0.000562 2352.0
0.000678 -0.000562 2353.0
0.000677 -0.000562 2354.0
0.000677 -0.000561 2355.0
0.000676 -0.000561 2356.0
0.000676 -0.000561 2357.0
0.000675 -0.000561 2358.0
0.000675 -0.000561 2359.0
0.000674 -0.000561 2360.0
0.000674 -0.000561 2361.0
0.000673 -0.000560 2362.0
0.000673 -0.000560 2363.0
0.000673 -0.000560 2364.0
0.000672 -0.000560 2365.0
0.000672 -0.000560 2366.0
0.000671 -0.000560 2367.0
0.000671 -0.000560 2368.0
0.000670 -0.000559 2369.0
0.000670 -0.000559 2370.0
0.000669 -0.000559 2371.0
0.000669 -0.000559 2372.0
0.000668 -0.000559 2373.0
0.000668 -0.000559 2374.0
0.000667 -0.000558 2375.0
0.000667 -0.000558 2376.0
0.000666 -0.000558 2377.0
0.000666 -0.000558 2378.0
0.000665 -0.000558 2379.0
0.000665 -0.000558 2380.0
0.000665 -0.000558 2381.0
0.000664 -0.000557 2382.0
0.000664 -0.000557 2383.0
0.000663 -0.000559 2384.0
0.000663 -0.000558 2385.0
0.000663 -0.000558 2386.0
0.000663 -0.000557 2387.0
0.000663 -0.000556 2388.0
0.000663 -0.000556 2389.0
0.000663 -0.000555 2390.0
0.000663 -0.000554 2391.0
0.000663 -0.000554 2392.0
0.000663 -0.000553 2393.0
0.000663 -0.000552 2394.0
0.000663 -0.000552 2395.0
0.000663 -0.000551 2396.0
0.000663 -0.000550 2397.0
0.000663 -0.000550 2398.0
0.000663 -0.000549 2399.0
0.000663 -0.000549 2400.0
0.000663 -0.000548 2401.0
0.000663 -0.000547 2402.0
0.000663 -0.000547 2403.0
0.000663 -0.000546 2404.0
0.000663 -0.000545 2405.0
0.000663 -0.000545 2406.0
0.000663 -0.000544 2407.0
0.000663 -0.000543 2408.0
0.000663 -0.000543 2409.0
0.000663 -0.000542 2410.0
0.000663 -0.000541 2411.0
0.000663 -0.000541 2412.0
0.000663 -0.000540 2413.0
0.000663 -0.000539 2414.0
0.000663 -0.000539 2415.0
0.000663 -0.000538 2416.0
0.000663 -0.000537 2417.0
0.000663 -0.000537 2418.0
0.000663 -0.000536 2419.0
0.000662 -0.000535 2420.0
0.000662 -0.000535 2421.0
0.000662 -0.000534 2422.0
0.000662 -0.000533 2423.0
0.000662 -0.000533 2424.0
0.000662 -0.000532 2425.0
0.000662 -0.000531 2426.0
0.000662 -0.000531 2427.0
0.000662 -0.000530 2428.0
0.000662 -0.000530 2429.0
0.000662 -0.000529 2430.0
0.000662 -0.000528 2431.0
0.000662 -0.000528 2432.0
0.000662 -0.000527 2433.0
0.000662 -0.000526 2434.0
0.000662 -0.000526 2435.0
0.000662 -0.000525 2436.0
0.000662 -0.000524 2437.0
0.000662 -0.000524 2438.0
0.000662 -0.000523 2439.0
0.000662 -0.000522 2440.0
0.000662 -0.000522 2441.0
0.000662 -0.000521 2442.0
0.000662 -0.000520 2443.0
0.000662 -0.000520 2444.0
0.000662 -0.000520 2445.0
0.000663 -0.000519 2446.0
0.000663 -0.000518 2447.0
0.000664 -0.000517 2448.0
0.000664 -0.000517 2449.0
0.000664 -0.000516 2450.0
0.000665 -0.000515 2451.0
0.000665 -0.000515 2452.0
0.000666 -0.000514 2453.0
0.000666 -0.000513 2454.0
0.000667 -0.000512 2455.0
0.000667 -0.000512 2456.0
0.000668 -0.000511 2457.0
0.000668 -0.000510 2458.0
0.000669 -0.000510 2459.0
0.000669 -0.000509 2460.0
0.000670 -0.000508 2461.0
0.000670 -0.000507 2462.0
0.000671 -0.000507 2463.0
0.000671 -0.000506 2464.0
0.000672 -0.000505 2465.0
0.000672 -0.000504 2466.0
0.000672 -0.000504 2467.0
0.000673 -0.000503 2468.0
0.000673 -0.000502 2469.0
0.000674 -0.000502 2470.0
0.000674 -0.000501 2471.0
0.000675 -0.000500 2472.0
0.000675 -0.000499 2473.0
0.000676 -0.000499 2474.0
0.000676 -0.000498 2475.0
0.000677 -0.000497 2476.0
0.000677 -0.000497 2477.0
0.000678 -0.000496 2478.0
0.000678 -0.000495 2479.0
0.000679 -0.000494 2480.0
0.000679 -0.000494 2481.0
0.000679 -0.000493 2482.0
0.000680 -0.000492 2483.0
0.000680 -0.000491 2484.0
0.000681 -0.000491 2485.0
0.000681 -0.000490 2486.0
0.000682 -0.000489 2487.0
0.000682 -0.000489 2488.0
0.000683 -0.000488 2489.0
0.000683 -0.000487 2490.0
0.000684 -0.000486 2491.0
0.000684 -0.000486 2492.0
0.000685 -0.000485 2493.0
0.000685 -0.000484 2494.0
0.000686 -0.000484 2495.0
0.000686 -0.000483 2496.0
0.000687 -0.000482 2497.0
0.000687 -0.000481 2498.0
0.000687 -0.000481 2499.0
0.000688 -0.000480 2500.0
0.000688 -0.000479 2501.0
0.000689 -0.000478 2502.0
0.000689 -0.000478 2503.0
0.000693 -0.000482 2504.0
0.000693 -0.000481 2505.0
0.000694 -0.000481 2506.0
0.000694 -0.000480 2507.0
0.000694 -0.000479 2508.0
0.000695 -0.000479 2509.0
0.000695 -0.000478 2510.0
0.000696 -0.000478 2511.0
0.000696 -0.000477 2512.0
0.000696 -0.000476 2513.0
0.000697 -0.000476 2514.0
0.000697 -0.000475 2515.0
0.000697 -0.000475 2516.0
0.000698 -0.000474 2517.0
0.000698 -0.000473 2518.0
0.000698 -0.000473 2519.0
0.000699 -0.000472 2520.0
0.000699 -0.000472 2521.0
0.000700 -0.000471 2522.0
0.000700 -0.000470 2523.0
0.000700 -0.000470 2524.0
0.000701 -0.000469 2525.0
0.000701 -0.000469 2526.0
0.000701 -0.000468 2527.0
0.000702 -0.000467 2528.0
0.000702 -0.000467 2529.0
0.000703 -0.000466 2530.0
0.000703 -0.000466 2531.0
0.000703 -0.000465 2532.0
0.000704 -0.000464 2533.0
0.000704 -0.000464 2534.0
0.000704 -0.000463 2535.0
0.000705 -0.000463 2536.0
0.000705 -0.000462 2537.0
0.000705 -0.000461 2538.0
0.000706 -0.000461 2539.0
0.000706 -0.000460 2540.0
0.000707 -0.000460 2541.0
0.000707 -0.000459 2542.0
0.000707 -0.000458 2543.0
0.000708 -0.000458 2544.0
0.000708 -0.000457 2545.0
0.000708 -0.000456 2546.0
0.000709 -0.000456 2547.0
0.000709 -0.000455 2548.0
0.000709 -0.000455 2549.0
0.000710 -0.000454 2550.0
0.000710 -0.000453 2551.0
0.000711 -0.000453 2552.0
0.000711 -0.000452 2553.0
0.000711 -0.000452 2554.0
0.000712 -0.000451 2555.0
0.000712 -0.000450 2556.0
0.000712 -0.000450 2557.0
0.000713 -0.000449 2558.0
0.000713 -0.000449 2559.0
0.000713 -0.000448 2560.0
0.000714 -0.000447 2561.0
0.000714 -0.000447 2562.0
0.000715 -0.000446 2563.0
0.000718 -0.000449 2564.0
0.000718 -0.000449 2565.0
0.000718 -0.000449 2566.0
0.000718 -0.000448 2567.0
0.000719 -0.000448 2568.0
0.000719 -0.000447 2569.0
0.000719 -0.000447 2570.0
0.000720 -0.000446 2571.0
0.000720 -0.000446 2572.0
0.000720 -0.000445 2573.0
0.000720 -0.000445 2574.0
0.000721 -0.000445 2575.0
0.000721 -0.000444 2576.0
0.000721 -0.000444 2577.0
0.000722 -0.000443 2578.0
0.000722 -0.000443 2579.0
0.000722 -0.000442 2580.0
0.000722 -0.000442 2581.0
0.000723 -0.000441 2582.0
0.000723 -0.000441 2583.0
0.000723 -0.000441 2584.0
0.000724 -0.000440 2585.0
0.000724 -0.000440 2586.0
0.000724 -0.000439 2587.0
0.000724 -0.000439 2588.0
0.000725 -0.000438 2589.0
0.000725 -0.000438 2590.0
0.000725 -0.000437 2591.0
0.000726 -0.000437 2592.0
0.000726 -0.000437 2593.0
0.000726 -0.000436 2594.0
0.000726 -0.000436 2595.0
0.000727 -0.000435 2596.0
0.000727 -0.000435 2597.0
0.000727 -0.000434 2598.0
0.000728 -0.000434 2599.0
0.000728 -0.000433 2600.0
0.000728 -0.000433 2601.0
0.000728 -0.000433 2602.0
0.000729 -0.000432 2603.0
0.000729 -0.000432 2604.0
0.000729 -0.000431 2605.0
0.000730 -0.000431 2606.0
0.000730 -0.000430 2607.0
0.000730 -0.000430 2608.0
0.000730 -0.000430 2609.0
0.000731 -0.000429 2610.0
0.000731 -0.000429 2611.0
0.000731 -0.000428 2612.0
0.000732 -0.000428 2613.0
0.000732 -0.000427 2614.0
0.000732 -0.000427 2615.0
0.000732 -0.000426 2616.0
0.000733 -0.000426 2617.0
0.000733 -0.000426 2618.0
0.000733 -0.000425 2619.0
0.000734 -0.000425 2620.0
0.000734 -0.000424 2621.0
0.000734 -0.000424 2622.0
0.000734 -0.000423 2623.0
0.000735 -0.000423 2624.0
0.000735 -0.000422 2625.0
0.000735 -0.000422 2626.0
0.000736 -0.000422 2627.0
0.000736 -0.000421 2628.0
0.000736 -0.000421 2629.0
0.000736 -0.000420 2630.0
0.000737 -0.000420 2631.0
0.000737 -0.000419 2632.0
0.000737 -0.000419 2633.0
0.000738 -0.000418 2634.0
0.000738 -0.000418 2635.0
0.000738 -0.000418 2636.0
0.000738 -0.000417 2637.0
0.000739 -0.000417 2638.0
0.000742 -0.000420 2639.0
0.000742 -0.000420 2640.0
0.000742 -0.000419 2641.0
0.000742 -0.000419 2642.0
0.000742 -0.000419 2643.0
0.000742 -0.000418 2644.0
0.000742 -0.000418 2645.0
0.000742 -0.000418 2646.0
0.000742 -0.000417 2647.0
0.000742 -0.000417 2648.0
0.000742 -0.000417 2649.0
0.000742 -0.000416 2650.0
0.000742 -0.000416 2651.0
0.000742 -0.000416 2652.0
0.000742 -0.000415 2653.0
0.000742 -0.000415 2654.0
0.000742 -0.000415 2655.0
0.000742 -0.000415 2656.0
0.000742 -0.000414 2657.0
0.000742 -0.000414 2658.0
0.000742 -0.000414 2659.0
0.000742 -0.000413 2660.0
0.000742 -0.000413 2661.0
0.000742 -0.000413 2662.0
0.000742 -0.000412 2663.0
0.000742 -0.000412 2664.0
0.000742 -0.000412 2665.0
0.000742 -0.000411 2666.0
0.000742 -0.000411 2667.0
0.000742 -0.000411 2668.0
0.000742 -0.000410 2669.0
0.000742 -0.000410 2670.0
0.000742 -0.000410 2671.0
0.000742 -0.000410 2672.0
0.000742 -0.000409 2673.0
0.000742 -0.000409 2674.0
0.000742 -0.000409 2675.0
0.000742 -0.000408 2676.0
0.000742 -0.000408 2677.0
0.000742 -0.000408 2678.0
0.000742 -0.000407 2679.0
0.000742 -0.000407 2680.0
0.000742 -0.000407 2681.0
0.000742 -0.000406 2682.0
0.000742 -0.000406 2683.0
0.000742 -0.000406 2684.0
0.000742 -0.000406 2685.0
0.000742 -0.000406 2686.0
0.000742 -0.000406 2687.0
0.000742 -0.000406 2688.0
0.000742 -0.000406 2689.0
0.000742 -0.000406 2690.0
0.000742 -0.000406 2691.0
0.000742 -0.000406 2692.0
0.000742 -0.000406 2693.0
0.000742 -0.000406 2694.0
0.000742 -0.000406 2695.0
0.000742 -0.000406 2696.0
0.000742 -0.000406 2697.0
0.000742 -0.000406 2698.0
0.000742 -0.000406 2699.0
0.000742 -0.000406 2700.0
0.000742 -0.000406 2701.0
0.000742 -0.000406 2702.0
0.000742 -0.000406 2703.0
0.000742 -0.000405 2704.0
0.000742 -0.000405 2705.0
0.000741 -0.000405 2706.0
0.000741 -0.000405 2707.0
0.000741 -0.000404 2708.0
0.000741 -0.000404 2709.0
0.000741 -0.000404 2710.0
0.000740 -0.000404 2711.0
0.000740 -0.000403 2712.0
0.000740 -0.000403 2713.0
0.000740 -0.000403 2714.0
0.000740 -0.000403 2715.0
0.000739 -0.000402 2716.0
0.000739 -0.000402 2717.0
0.000739 -0.000402 2718.0
0.000739 -0.000401 2719.0
0.000738 -0.000402 2720.0
0.000738 -0.000402 2721.0
0.000738 -0.000403 2722.0
0.000738 -0.000403 2723.0
0.000737 -0.000403 2724.0
0.000737 -0.000404 2725.0
0.000737 -0.000404 2726.0
0.000737 -0.000404 2727.0
0.000736 -0.000405 2728.0
0.000736 -0.000405 2729.0
0.000736 -0.000405 2730.0
0.000736 -0.000406 2731.0
0.000735 -0.000406 2732.0
0.000735 -0.000406 2733.0
0.000735 -0.000406 2734.0
0.000735 -0.000407 2735.0
0.000734 -0.000407 2736.0
0.000734 -0.000407 2737.0
0.000734 -0.000408 2738.0
0.000734 -0.000408 2739.0
0.000733 -0.000408 2740.0
0.000733 -0.000409 2741.0
0.000733 -0.000409 2742.0
0.000733 -0.000409 2743.0
0.000732 -0.000410 2744.0
0.000732 -0.000410 2745.0
0.000732 -0.000410 2746.0
0.000732 -0.000411 2747.0
0.000731 -0.000411 2748.0
0.000731 -0.000411 2749.0
0.000731 -0.000412 2750.0
0.000731 -0.000412 2751.0
0.000730 -0.000412 2752.0
0.000730 -0.000413 2753.0
0.000730 -0.000413 2754.0
0.000729 -0.000413 2755.0
0.000729 -0.000414 2756.0
0.000729 -0.000414 2757.0
0.000729 -0.000414 2758.0
0.000728 -0.000414 2759.0
0.000728 -0.000415 2760.0
0.000728 -0.000415 2761.0
0.000728 -0.000415 2762.0
0.000727 -0.000416 2763.0
0.000727 -0.000416 2764.0
0.000727 -0.000416 2765.0
0.000727 -0.000417 2766.0
0.000726 -0.000417 2767.0
0.000726 -0.000417 2768.0
0.000726 -0.000418 2769.0
0.000726 -0.000418 2770.0
0.000725 -0.000418 2771.0
0.000725 -0.000419 2772.0
0.000725 -0.000419 2773.0
0.000725 -0.000419 2774.0
0.000724 -0.000420 2775.0
0.000724 -0.000420 2776.0
0.000724 -0.000420 2777.0
0.000724 -0.000421 2778.0
0.000723 -0.000421 2779.0
0.000722 -0.000419 2780.0
0.000721 -0.000418 2781.0
0.000721 -0.000417 2782.0
0.000720 -0.000417 2783.0
0.000720 -0.000416 2784.0
0.000720 -0.000416 2785.0
0.000719 -0.000415 2786.0
0.000719 -0.000415 2787.0
0.000718 -0.000414 2788.0
0.000718 -0.000413 2789.0
0.000717 -0.000413 2790.0
0.000717 -0.000412 2791.0
0.000716 -0.000412 2792.0
0.000716 -0.000411 2793.0
0.000716 -0.000410 2794.0
0.000715 -0.000410 2795.0
0.000715 -0.000409 2796.0
0.000714 -0.000409 2797.0
0.000714 -0.000408 2798.0
0.000713 -0.000407 2799.0
0.000713 -0.000407 2800.0
0.000712 -0.000406 2801.0
0.000712 -0.000406 2802.0
0.000712 -0.000405 2803.0
0.000711 -0.000405 2804.0
0.000711 -0.000404 2805.0
0.000710 -0.000403 2806.0
0.000710 -0.000403 2807.0
0.000709 -0.000402 2808.0
0.000709 -0.000402 2809.0
0.000708 -0.000401 2810.0
0.000708 -0.000400 2811.0
0.000708 -0.000400 2812.0
0.000707 -0.000399 2813.0
0.000707 -0.000399 2814.0
0.000706 -0.000398 2815.0
0.000706 -0.000398 2816.0
0.000705 -0.000397 2817.0
0.000705 -0.000396 2818.0
0.000704 -0.000396 2819.0
0.000702 -0.000398 2820.0
0.000702 -0.000398 2821.0
0.000702 -0.000398 2822.0
0.000702 -0.000398 2823.0
0.000702 -0.000398 2824.0
0.000702 -0.000397 2825.0
0.000702 -0.000397 2826.0
0.000702 -0.000397 2827.0
0.000702 -0.000397 2828.0
0.000701 -0.000396 2829.0
0.000701 -0.000396 2830.0
0.000701 -0.000396 2831.0
0.000701 -0.000396 2832.0
0.000701 -0.000396 2833.0
0.000701 -0.000395 2834.0
0.000701 -0.000395 2835.0
0.000701 -0.000395 2836.0
0.000700 -0.000395 2837.0
0.000700 -0.000395 2838.0
0.000700 -0.000394 2839.0
0.000700 -0.000394 2840.0
0.000700 -0.000394 2841.0
0.000700 -0.000394 2842.0
0.000700 -0.000394 2843.0
0.000700 -0.000393 2844.0
0.000699 -0.000393 2845.0
0.000699 -0.000393 2846.0
0.000699 -0.000393 2847.0
0.000699 -0.000393 2848.0
0.000699 -0.000392 2849.0
0.000699 -0.000392 2850.0
0.000699 -0.000392 2851.0
0.000699 -0.000392 2852.0
0.000698 -0.000391 2853.0
0.000698 -0.000391 2854.0
0.000698 -0.000391 2855.0
0.000698 -0.000391 2856.0
0.000698 -0.000391 2857.0
0.000698 -0.000390 2858.0
0.000698 -0.000390 2859.0
0.000698 -0.000390 2860.0
0.000697 -0.000390 2861.0
0.000697 -0.000390 2862.0
0.000697 -0.000389 2863.0
0.000697 -0.000389 2864.0
0.000697 -0.000389 2865.0
0.000697 -0.000389 2866.0
0.000697 -0.000389 2867.0
0.000697 -0.000388 2868.0
0.000697 -0.000388 2869.0
0.000696 -0.000388 2870.0
0.000696 -0.000388 2871.0
0.000696 -0.000388 2872.0
0.000696 -0.000387 2873.0
0.000696 -0.000387 2874.0
0.000696 -0.000387 2875.0
0.000696 -0.000387 2876.0
0.000696 -0.000386 2877.0
0.000695 -0.000386 2878.0
0.000695 -0.000386 2879.0
0.000695 -0.000386 2880.0
0.000694 -0.000387 2881.0
0.000694 -0.000387 2882.0
0.000694 -0.000387 2883.0
0.000694 -0.000387 2884.0
0.000694 -0.000387 2885.0
0.000694 -0.000387 2886.0
0.000694 -0.000387 2887.0
0.000694 -0.000387 2888.0
0.000694 -0.000387 2889.0
0.000694 -0.000387 2890.0
0.000694 -0.000387 2891.0
0.000694 -0.000386 2892.0
0.000694 -0.000386 2893.0
0.000694 -0.000386 2894.0
0.000694 -0.000386 2895.0
0.000694 -0.000386 2896.0
0.000694 -0.000386 2897.0
0.000694 -0.000386 2898.0
0.000694 -0.000386 2899.0
0.000694 -0.000386 2900.0
0.000694 -0.000386 2901.0
0.000694 -0.000386 2902.0
0.000694 -0.000386 2903.0
0.000694 -0.000386 2904.0
0.000694 -0.000386 2905.0
0.000694 -0.000386 2906.0
0.000694 -0.000386 2907.0
0.000694 -0.000386 2908.0
0.000694 -0.000386 2909.0
0.000694 -0.000386 2910.0
0.000694 -0.000386 2911.0
0.000694 -0.000386 2912.0
0.000694 -0.000386 2913.0
0.000694 -0.000386 2914.0
0.000694 -0.000386 2915.0
0.000694 -0.000385 2916.0
0.000694 -0.000385 2917.0
0.000694 -0.000385 2918.0
0.000694 -0.000385 2919.0
0.000694 -0.000385 2920.0
0.000694 -0.000385 2921.0
0.000694 -0.000385 2922.0
0.000694 -0.000385 2923.0
0.000694 -0.000385 2924.0
0.000694 -0.000385 2925.0
0.000694 -0.000385 2926.0
0.000694 -0.000385 2927.0
0.000694 -0.000385 2928.0
0.000694 -0.000385 2929.0
0.000694 -0.000385 2930.0
0.000694 -0.000385 2931.0
0.000694 -0.000385 2932.0
0.000694 -0.000385 2933.0
0.000694 -0.000385 2934.0
0.000694 -0.000385 2935.0
0.000694 -0.000385 2936.0
0.000694 -0.000385 2937.0
0.000694 -0.000385 2938.0
0.000694 -0.000385 2939.0
0.000694 -0.000384 2940.0
0.000694 -0.000384 2941.0
0.000694 -0.000384 2942.0
0.000693 -0.000384 2943.0
0.000693 -0.000384 2944.0
0.000693 -0.000384 2945.0
0.000694 -0.000384 2946.0
0.000694 -0.000384 2947.0
0.000694 -0.000384 2948.0
0.000694 -0.000385 2949.0
0.000694 -0.000384 2950.0
0.000694 -0.000384 2951.0
0.000694 -0.000384 2952.0
0.000694 -0.000384 2953.0
0.000694 -0.000384 2954.0
0.000695 -0.000383 2955.0
0.000695 -0.000383 2956.0
0.000695 -0.000383 2957.0
0.000695 -0.000383 2958.0
0.000696 -0.000382 2959.0
0.000696 -0.000382 2960.0
0.000696 -0.000382 2961.0
0.000696 -0.000382 2962.0
0.000697 -0.000381 2963.0
0.000697 -0.000381 2964.0
0.000697 -0.000381 2965.0
0.000697 -0.000381 2966.0
0.000698 -0.000380 2967.0
0.000698 -0.000380 2968.0
0.000698 -0.000380 2969.0
0.000698 -0.000380 2970.0
0.000698 -0.000379 2971.0
0.000699 -0.000379 2972.0
0.000699 -0.000379 2973.0
0.000699 -0.000379 2974.0
0.000699 -0.000378 2975.0
0.000700 -0.000378 2976.0
0.000700 -0.000378 2977.0
0.000700 -0.000378 2978.0
0.000700 -0.000377 2979.0
0.000701 -0.000377 2980.0
0.000701 -0.000377 2981.0
0.000701 -0.000377 2982.0
0.000701 -0.000376 2983.0
0.000701 -0.000376 2984.0
0.000702 -0.000376 2985.0
0.000702 -0.000376 2986.0
0.000702 -0.000375 2987.0
0.000702 -0.000375 2988.0
0.000703 -0.000375 2989.0
0.000703 -0.000375 2990.0
0.000703 -0.000374 2991.0
0.000703 -0.000374 2992.0
0.000704 -0.000374 2993.0
0.000704 -0.000374 2994.0
0.000704 -0.000373 2995.0
0.000704 -0.000373 2996.0
0.000705 -0.000373 2997.0
0.000705 -0.000373 2998.0
0.000705 -0.000372 2999.0
0.000705 -0.000372 3000.0
0.000705 -0.000372 3001.0
0.000706 -0.000372 3002.0
0.000706 -0.000371 3003.0
0.000706 -0.000371 3004.0
0.000706 -0.000371 3005.0
0.000707 -0.000371 3006.0
0.000707 -0.000370 3007.0
0.000707 -0.000370 3008.0
0.000707 -0.000370 3009.0
0.000708 -0.000370 3010.0
0.000708 -0.000369 3011.0
0.000708 -0.000369 3012.0
0.000708 -0.000369 3013.0
0.000708 -0.000369 3014.0
0.000710 -0.000371 3015.0
0.000711 -0.000372 3016.0
0.000712 -0.000373 3017.0
0.000713 -0.000374 3018.0
0.000714 -0.000375 3019.0
0.000714 -0.000376 3020.0
0.000715 -0.000377 3021.0
0.000716 -0.000378 3022.0
0.000717 -0.000379 3023.0
0.000718 -0.000380 3024.0
0.000719 -0.000381 3025.0
0.000720 -0.000382 3026.0
0.000721 -0.000383 3027.0
0.000722 -0.000384 3028.0
0.000723 -0.000385 3029.0
0.000724 -0.000386 3030.0
0.000725 -0.000388 3031.0
0.000726 -0.000389 3032.0
0.000727 -0.000390 3033.0
0.000728 -0.000391 3034.0
0.000729 -0.000392 3035.0
0.000729 -0.000393 3036.0
0.000730 -0.000394 3037.0
0.000731 -0.000395 3038.0
0.000732 -0.000396 3039.0
0.000733 -0.000397 3040.0
0.000734 -0.000398 3041.0
0.000735 -0.000399 3042.0
0.000736 -0.000400 3043.0
0.000737 -0.000401 3044.0
0.000738 -0.000402 3045.0
0.000739 -0.000403 3046.0
0.000740 -0.000404 3047.0
0.000741 -0.000405 3048.0
0.000742 -0.000406 3049.0
0.000743 -0.000407 3050.0
0.000744 -0.000408 3051.0
0.000744 -0.000409 3052.0
0.000745 -0.000410 3053.0
0.000746 -0.000411 3054.0
0.000747 -0.000412 3055.0
0.000748 -0.000414 3056.0
0.000749 -0.000415 3057.0
0.000750 -0.000416 3058.0
0.000751 -0.000417 3059.0
0.000752 -0.000418 3060.0
0.000753 -0.000419 3061.0
0.000754 -0.000420 3062.0
0.000755 -0.000421 3063.0
0.000756 -0.000422 3064.0
0.000757 -0.000423 3065.0
0.000758 -0.000424 3066.0
0.000759 -0.000425 3067.0
0.000759 -0.000426 3068.0
0.000760 -0.000427 3069.0
0.000761 -0.000428 3070.0
0.000762 -0.000429 3071.0
0.000763 -0.000430 3072.0
0.000764 -0.000431 3073.0
0.000765 -0.000432 3074.0
0.000770 -0.000424 3075.0
0.000770 -0.000424 3076.0
0.000770 -0.000424 3077.0
0.000770 -0.000424 3078.0
0.000770 -0.000424 3079.0
0.000770 -0.000424 3080.0
0.000770 -0.000424 3081.0
0.000770 -0.000424 3082.0
0.000770 -0.000424 3083.0
0.000770 -0.000424 3084.0
0.000770 -0.000424 3085.0
0.000770 -0.000424 3086.0
0.000770 -0.000424 3087.0
0.000770 -0.000424 3088.0
0.000770 -0.000424 3089.0
0.000770 -0.000424 3090.0
0.000770 -0.000424 3091.0
0.000770 -0.000424 3092.0
0.000770 -0.000424 3093.0
0.000770 -0.000424 3094.0
0.000770 -0.000424 3095.0
0.000770 -0.000424 3096.0
0.000770 -0.000424 3097.0
0.000770 -0.000424 3098.0
0.000770 -0.000424 3099.0
0.000770 -0.000424 3100.0
0.000771 -0.000426 3101.0
0.000772 -0.000427 3102.0
0.000774 -0.000428 3103.0
0.000775 -0.000430 3104.0
0.000776 -0.000431 3105.0
0.000777 -0.000432 3106.0
0.000778 -0.000433 3107.0
0.000779 -0.000435 3108.0
0.000781 -0.000436 3109.0
0.000782 -0.000437 3110.0
0.000783 -0.000439 3111.0
0.000784 -0.000440 3112.0
0.000785 -0.000441 3113.0
0.000786 -0.000443 3114.0
0.000788 -0.000444 3115.0
0.000789 -0.000445 3116.0
0.000790 -0.000446 3117.0
0.000791 -0.000448 3118.0
0.000792 -0.000449 3119.0
0.000793 -0.000450 3120.0
0.000795 -0.000452 3121.0
0.000796 -0.000453 3122.0
0.000797 -0.000454 3123.0
0.000798 -0.000456 3124.0
0.000799 -0.000457 3125.0
0.000800 -0.000458 3126.0
0.000802 -0.000459 3127.0
0.000803 -0.000461 3128.0
0.000804 -0.000462 3129.0
0.000807 -0.000457 3130.0
0.000807 -0.000458 3131.0
0.000808 -0.000459 3132.0
0.000808 -0.000459 3133.0
0.000809 -0.000460 3134.0
0.000809 -0.000461 3135.0
0.000810 -0.000461 3136.0
0.000810 -0.000462 3137.0
0.000811 -0.000463 3138.0
0.000811 -0.000463 3139.0
0.000812 -0.000464 3140.0
0.000812 -0.000465 3141.0
0.000813 -0.000465 3142.0
0.000813 -0.000466 3143.0
0.000814 -0.000467 3144.0
0.000814 -0.000467 3145.0
0.000815 -0.000468 3146.0
0.000815 -0.000469 3147.0
0.000816 -0.000470 3148.0
0.000816 -0.000470 3149.0
0.000817 -0.000471 3150.0
0.000817 -0.000472 3151.0
0.000818 -0.000472 3152.0
0.000818 -0.000473 3153.0
0.000819 -0.000474 3154.0
0.000819 -0.000474 3155.0
0.000820 -0.000475 3156.0
0.000820 -0.000476 3157.0
0.000821 -0.000476 3158.0
0.000821 -0.000477 3159.0
0.000822 -0.000478 3160.0
0.000822 -0.000478 3161.0
0.000823 -0.000479 3162.0
0.000823 -0.000480 3163.0
0.000824 -0.000480 3164.0
0.000824 -0.000481 3165.0
0.000825 -0.000482 3166.0
0.000825 -0.000483 3167.0
0.000826 -0.000483 3168.0
0.000826 -0.000484 3169.0
0.000827 -0.000485 3170.0
0.000827 -0.000485 3171.0
0.000828 -0.000486 3172.0
0.000828 -0.000487 3173.0
0.000829 -0.000487 3174.0
0.000829 -0.000488 3175.0
0.000829 -0.000489 3176.0
0.000830 -0.000489 3177.0
0.000830 -0.000490 3178.0
0.000831 -0.000491 3179.0
0.000831 -0.000491 3180.0
0.000832 -0.000492 3181.0
0.000832 -0.000493 3182.0
0.000833 -0.000493 3183.0
0.000833 -0.000494 3184.0
0.000834 -0.000495 3185.0
0.000834 -0.000496 3186.0
0.000835 -0.000496 3187.0
0.000835 -0.000497 3188.0
0.000836 -0.000498 3189.0
0.000836 -0.000498 3190.0
0.000837 -0.000499 3191.0
0.000837 -0.000500 3192.0
0.000838 -0.000500 3193.0
0.000838 -0.000501 3194.0
0.000839 -0.000502 3195.0
0.000839 -0.000502 3196.0
0.000840 -0.000503 3197.0
0.000840 -0.000504 3198.0
0.000841 -0.000504 3199.0
0.000841 -0.000505 3200.0
0.000842 -0.000506 3201.0
0.000842 -0.000506 3202.0
0.000843 -0.000507 3203.0
0.000843 -0.000508 3204.0
0.000844 -0.000509 3205.0
0.000844 -0.000509 3206.0
0.000845 -0.000510 3207.0
0.000845 -0.000511 3208.0
0.000846 -0.000511 3209.0
0.000846 -0.000512 3210.0
0.000851 -0.000506 3211.0
0.000851 -0.000506 3212.0
0.000851 -0.000506 3213.0
0.000851 -0.000506 3214.0
0.000851 -0.000506 3215.0
0.000851 -0.000506 3216.0
0.000851 -0.000506 3217.0
0.000851 -0.000507 3218.0
0.000851 -0.000507 3219.0
0.000851 -0.000507 3220.0
0.000851 -0.000507 3221.0
0.000851 -0.000507 3222.0
0.000851 -0.000507 3223.0
0.000851 -0.000507 3224.0
0.000851 -0.000507 3225.0
0.000851 -0.000507 3226.0
0.000851 -0.000507 3227.0
0.000851 -0.000507 3228.0
0.000851 -0.000507 3229.0
0.000851 -0.000507 3230.0
0.000851 -0.000507 3231.0
0.000851 -0.000507 3232.0
0.000851 -0.000507 3233.0
0.000851 -0.000507 3234.0
0.000851 -0.000507 3235.0
0.000851 -0.000508 3236.0
0.000851 -0.000508 3237.0
0.000851 -0.000508 3238.0
0.000851 -0.000508 3239.0
0.000851 -0.000508 3240.0
0.000851 -0.000508 3241.0
0.000851 -0.000508 3242.0
0.000851 -0.000508 3243.0
0.000851 -0.000508 3244.0
0.000851 -0.000508 3245.0
0.000851 -0.000508 3246.0
0.000851 -0.000508 3247.0
0.000851 -0.000508 3248.0
0.000851 -0.000508 3249.0
0.000851 -0.000508 3250.0
0.000851 -0.000508 3251.0
0.000851 -0.000508 3252.0
0.000851 -0.000509 3253.0
0.000851 -0.000509 3254.0
0.000851 -0.000509 3255.0
0.000851 -0.000509 3256.0
0.000851 -0.000509 3257.0
0.000851 -0.000509 3258.0
0.000851 -0.000509 3259.0
0.000851 -0.000509 3260.0
0.000851 -0.000509 3261.0
0.000851 -0.000509 3262.0
0.000851 -0.000509 3263.0
0.000851 -0.000509 3264.0
0.000851 -0.000509 3265.0
0.000851 -0.000509 3266.0
0.000851 -0.000509 3267.0
0.000851 -0.000509 3268.0
0.000851 -0.000509 3269.0
0.000851 -0.000509 3270.0
0.000851 -0.000510 3271.0
0.000851 -0.000510 3272.0
0.000851 -0.000510 3273.0
0.000851 -0.000510 3274.0
0.000851 -0.000510 3275.0
0.000851 -0.000510 3276.0
0.000851 -0.000510 3277.0
0.000851 -0.000510 3278.0
0.000851 -0.000510 3279.0
0.000851 -0.000510 3280.0
0.000851 -0.000510 3281.0
0.000851 -0.000510 3282.0
0.000851 -0.000510 3283.0
0.000851 -0.000510 3284.0
0.000851 -0.000510 3285.0
0.000851 -0.000510 3286.0
0.000851 -0.000510 3287.0
0.000851 -0.000511 3288.0
0.000851 -0.000511 3289.0
0.000851 -0.000511 3290.0
0.000851 -0.000511 3291.0
0.000852 -0.000511 3292.0
0.000852 -0.000511 3293.0
0.000852 -0.000511 3294.0
0.000852 -0.000511 3295.0
0.000852 -0.000511 3296.0
0.000852 -0.000511 3297.0
0.000852 -0.000511 3298.0
0.000852 -0.000511 3299.0
0.000852 -0.000511 3300.0
0.000852 -0.000511 3301.0
0.000852 -0.000511 3302.0
0.000852 -0.000511 3303.0
0.000851 -0.000523 3304.0
0.000849 -0.000534 3305.0
0.000848 -0.000546 3306.0
0.000847 -0.000557 3307.0
0.000846 -0.000569 3308.0
0.000844 -0.000569 3309.0
0.000844 -0.000569 3310.0
0.000844 -0.000570 3311.0
0.000844 -0.000571 3312.0
0.000844 -0.000572 3313.0
0.000844 -0.000573 3314.0
0.000844 -0.000573 3315.0
0.000843 -0.000574 3316.0
0.000843 -0.000575 3317.0
0.000843 -0.000576 3318.0
0.000843 -0.000577 3319.0
0.000843 -0.000577 3320.0
0.000843 -0.000578 3321.0
0.000843 -0.000579 3322.0
0.000843 -0.000580 3323.0
0.000843 -0.000580 3324.0
0.000843 -0.000581 3325.0
0.000843 -0.000582 3326.0
0.000843 -0.000583 3327.0
0.000842 -0.000584 3328.0
0.000842 -0.000584 3329.0
0.000842 -0.000585 3330.0
0.000842 -0.000586 3331.0
0.000842 -0.000587 3332.0
0.000842 -0.000587 3333.0
0.000842 -0.000588 3334.0
0.000842 -0.000589 3335.0
0.000842 -0.000590 3336.0
0.000842 -0.000591 3337.0
0.000842 -0.000591 3338.0
0.000842 -0.000592 3339.0
0.000841 -0.000593 3340.0
0.000841 -0.000594 3341.0
0.000841 -0.000594 3342.0
0.000841 -0.000595 3343.0
0.000841 -0.000596 3344.0
0.000841 -0.000597 3345.0
0.000841 -0.000598 3346.0
0.000841 -0.000598 3347.0
0.000841 -0.000599 3348.0
0.000841 -0.000600 3349.0
0.000841 -0.000601 3350.0
0.000841 -0.000601 3351.0
0.000840 -0.000602 3352.0
0.000840 -0.000603 3353.0
0.000840 -0.000604 3354.0
0.000840 -0.000605 3355.0
0.000840 -0.000605 3356.0
0.000840 -0.000606 3357.0
0.000840 -0.000607 3358.0
0.000840 -0.000608 3359.0
0.000840 -0.000608 3360.0
0.000840 -0.000609 3361.0
0.000840 -0.000610 3362.0
0.000840 -0.000611 3363.0
0.000839 -0.000612 3364.0
0.000839 -0.000612 3365.0
0.000839 -0.000613 3366.0
0.000839 -0.000614 3367.0
0.000839 -0.000615 3368.0
0.000839 -0.000615 3369.0
0.000838 -0.000615 3370.0
