0.000590 -0.000758 1220.0
0.000591 -0.000757 1221.0
0.000591 -0.000757 1222.0
0.000591 -0.000757 1223.0
0.000591 -0.000756 1224.0
0.000591 -0.000756 1225.0
0.000591 -0.000756 1226.0
0.000591 -0.000755 1227.0
0.000591 -0.000755 1228.0
0.000592 -0.000755 1229.0
0.000592 -0.000754 1230.0
0.000592 -0.000754 1231.0
0.000592 -0.000754 1232.0
0.000592 -0.000754 1233.0
0.000592 -0.000754 1234.0
0.000592 -0.000754 1235.0
0.000592 -0.000754 1236.0
0.000592 -0.000754 1237.0
0.000592 -0.000754 1238.0
0.000592 -0.000754 1239.0
0.000592 -0.000754 1240.0
0.000592 -0.000754 1241.0
0.000592 -0.000754 1242.0
0.000592 -0.000754 1243.0
0.000591 -0.000754 1244.0
0.000591 -0.000754 1245.0
0.000590 -0.000754 1246.0
0.000590 -0.000754 1247.0
0.000589 -0.000753 1248.0
0.000589 -0.000753 1249.0
0.000589 -0.000753 1250.0
0.000588 -0.000753 1251.0
0.000588 -0.000753 1252.0
0.000587 -0.000753 1253.0
0.000587 -0.000752 1254.0
0.000587 -0.000752 1255.0
0.000586 -0.000752 1256.0
0.000586 -0.000752 1257.0
0.000585 -0.000752 1258.0
0.000585 -0.000752 1259.0
0.000584 -0.000752 1260.0
0.000584 -0.000751 1261.0
0.000584 -0.000751 1262.0
0.000583 -0.000751 1263.0
0.000583 -0.000751 1264.0
0.000582 -0.000751 1265.0
0.000582 -0.000751 1266.0
0.000581 -0.000751 1267.0
0.000581 -0.000750 1268.0
0.000581 -0.000750 1269.0
0.000580 -0.000750 1270.0
0.000580 -0.000750 1271.0
0.000579 -0.000750 1272.0
0.000579 -0.000750 1273.0
0.000579 -0.000750 1274.0
0.000578 -0.000749 1275.0
0.000578 -0.000749 1276.0
0.000577 -0.000749 1277.0
0.000577 -0.000749 1278.0
0.000576 -0.000749 1279.0
0.000576 -0.000749 1280.0
0.000576 -0.000749 1281.0
0.000575 -0.000748 1282.0
0.000575 -0.000748 1283.0
0.000574 -0.000748 1284.0
0.000574 -0.000748 1285.0
0.000573 -0.000748 1286.0
0.000573 -0.000748 1287.0
0.000573 -0.000747 1288.0
0.000572 -0.000747 1289.0
0.000572 -0.000747 1290.0
0.000571 -0.000747 1291.0
0.000571 -0.000747 1292.0
0.000571 -0.000747 1293.0
0.000570 -0.000747 1294.0
0.000570 -0.000746 1295.0
0.000569 -0.000746 1296.0
0.000569 -0.000746 1297.0
0.000568 -0.000746 1298.0
0.000568 -0.000746 1299.0
0.000568 -0.000746 1300.0
0.000567 -0.000747 1301.0
0.000566 -0.000747 1302.0
0.000565 -0.000747 1303.0
0.000565 -0.000747 1304.0
0.000564 -0.000746 1305.0
0.000563 -0.000746 1306.0
0.000562 -0.000746 1307.0
0.000561 -0.000746 1308.0
0.000560 -0.000746 1309.0
0.000559 -0.000745 1310.0
0.000558 -0.000745 1311.0
0.000557 -0.000745 1312.0
0.000556 -0.000745 1313.0
0.000556 -0.000745 1314.0
0.000555 -0.000744 1315.0
0.000554 -0.000744 1316.0
0.000553 -0.000744 1317.0
0.000552 -0.000744 1318.0
0.000551 -0.000743 1319.0
0.000550 -0.000743 1320.0
0.000549 -0.000743 1321.0
0.000548 -0.000743 1322.0
0.000547 -0.000743 1323.0
0.000547 -0.000742 1324.0
0.000546 -0.000742 1325.0
0.000545 -0.000742 1326.0
0.000544 -0.000742 1327.0
0.000543 -0.000741 1328.0
0.000542 -0.000741 1329.0
0.000541 -0.000741 1330.0
0.000540 -0.000741 1331.0
0.000539 -0.000741 1332.0
0.000538 -0.000740 1333.0
0.000537 -0.000740 1334.0
0.000537 -0.000740 1335.0
0.000536 -0.000740 1336.0
0.000535 -0.000739 1337.0
0.000534 -0.000739 1338.0
0.000533 -0.000739 1339.0
0.000532 -0.000739 1340.0
0.000531 -0.000739 1341.0
0.000530 -0.000738 1342.0
0.000529 -0.000738 1343.0
0.000528 -0.000738 1344.0
0.000528 -0.000738 1345.0
0.000527 -0.000737 1346.0
0.000526 -0.000737 1347.0
0.000525 -0.000737 1348.0
0.000524 -0.000737 1349.0
0.000523 -0.000737 1350.0
0.000522 -0.000736 1351.0
0.000521 -0.000736 1352.0
0.000520 -0.000736 1353.0
0.000519 -0.000736 1354.0
0.000519 -0.000735 1355.0
0.000518 -0.000735 1356.0
0.000517 -0.000735 1357.0
0.000516 -0.000735 1358.0
0.000515 -0.000735 1359.0
0.000514 -0.000734 1360.0
0.000513 -0.000734 1361.0
0.000513 -0.000737 1362.0
0.000513 -0.000737 1363.0
0.000513 -0.000737 1364.0
0.000512 -0.000737 1365.0
0.000512 -0.000737 1366.0
0.000512 -0.000737 1367.0
0.000512 -0.000737 1368.0
0.000512 -0.000737 1369.0
0.000512 -0.000736 1370.0
0.000512 -0.000736 1371.0
0.000512 -0.000736 1372.0
0.000512 -0.000736 1373.0
0.000512 -0.000736 1374.0
0.000512 -0.000736 1375.0
0.000512 -0.000736 1376.0
0.000511 -0.000736 1377.0
0.000511 -0.000736 1378.0
0.000511 -0.000736 1379.0
0.000511 -0.000736 1380.0
0.000511 -0.000736 1381.0
0.000511 -0.000736 1382.0
0.000511 -0.000736 1383.0
0.000511 -0.000736 1384.0
0.000511 -0.000736 1385.0
0.000511 -0.000736 1386.0
0.000511 -0.000736 1387.0
0.000510 -0.000736 1388.0
0.000510 -0.000736 1389.0
0.000510 -0.000736 1390.0
0.000510 -0.000736 1391.0
0.000510 -0.000736 1392.0
0.000510 -0.000736 1393.0
0.000510 -0.000736 1394.0
0.000510 -0.000736 1395.0
0.000510 -0.000736 1396.0
0.000510 -0.000736 1397.0
0.000510 -0.000736 1398.0
0.000510 -0.000736 1399.0
0.000509 -0.000735 1400.0
0.000509 -0.000735 1401.0
0.000509 -0.000735 1402.0
0.000509 -0.000735 1403.0
0.000509 -0.000735 1404.0
0.000509 -0.000735 1405.0
0.000509 -0.000735 1406.0
0.000509 -0.000735 1407.0
0.000509 -0.000735 1408.0
0.000509 -0.000735 1409.0
0.000509 -0.000735 1410.0
0.000508 -0.000735 1411.0
0.000508 -0.000735 1412.0
0.000508 -0.000735 1413.0
0.000508 -0.000735 1414.0
0.000508 -0.000735 1415.0
0.000509 -0.000735 1416.0
0.000509 -0.000735 1417.0
0.000510 -0.000736 1418.0
0.000511 -0.000736 1419.0
0.000511 -0.000736 1420.0
0.000512 -0.000736 1421.0
0.000513 -0.000736 1422.0
0.000513 -0.000736 1423.0
0.000514 -0.000736 1424.0
0.000514 -0.000736 1425.0
0.000515 -0.000736 1426.0
0.000516 -0.000736 1427.0
0.000516 -0.000736 1428.0
0.000517 -0.000736 1429.0
0.000518 -0.000736 1430.0
0.000518 -0.000736 1431.0
0.000519 -0.000736 1432.0
0.000519 -0.000737 1433.0
0.000520 -0.000737 1434.0
0.000521 -0.000737 1435.0
0.000521 -0.000737 1436.0
0.000522 -0.000737 1437.0
0.000523 -0.000737 1438.0
0.000523 -0.000737 1439.0
0.000524 -0.000737 1440.0
0.000524 -0.000737 1441.0
0.000525 -0.000737 1442.0
0.000526 -0.000737 1443.0
0.000526 -0.000737 1444.0
0.000527 -0.000737 1445.0
0.000528 -0.000737 1446.0
0.000528 -0.000737 1447.0
0.000529 -0.000738 1448.0
0.000529 -0.000738 1449.0
0.000530 -0.000738 1450.0
0.000531 -0.000738 1451.0
0.000531 -0.000738 1452.0
0.000532 -0.000738 1453.0
0.000533 -0.000738 1454.0
0.000533 -0.000738 1455.0
0.000534 -0.000738 1456.0
0.000534 -0.000738 1457.0
0.000535 -0.000738 1458.0
0.000536 -0.000738 1459.0
0.000536 -0.000738 1460.0
0.000537 -0.000738 1461.0
0.000538 -0.000738 1462.0
0.000538 -0.000739 1463.0
0.000539 -0.000739 1464.0
0.000539 -0.000739 1465.0
0.000540 -0.000739 1466.0
0.000541 -0.000739 1467.0
0.000541 -0.000739 1468.0
0.000542 -0.000739 1469.0
0.000543 -0.000739 1470.0
0.000543 -0.000739 1471.0
0.000544 -0.000739 1472.0
0.000544 -0.000739 1473.0
0.000545 -0.000739 1474.0
0.000546 -0.000739 1475.0
0.000546 -0.000739 1476.0
0.000546 -0.000739 1477.0
0.000547 -0.000739 1478.0
0.000547 -0.000739 1479.0
0.000548 -0.000739 1480.0
0.000548 -0.000740 1481.0
0.000549 -0.000740 1482.0
0.000549 -0.000740 1483.0
0.000550 -0.000740 1484.0
0.000550 -0.000740 1485.0
0.000551 -0.000741 1486.0
0.000551 -0.000741 1487.0
0.000551 -0.000741 1488.0
0.000552 -0.000741 1489.0
0.000552 -0.000741 1490.0
0.000553 -0.000742 1491.0
0.000553 -0.000742 1492.0
0.000554 -0.000742 1493.0
0.000554 -0.000742 1494.0
0.000555 -0.000742 1495.0
0.000555 -0.000743 1496.0
0.000556 -0.000743 1497.0
0.000556 -0.000743 1498.0
0.000557 -0.000743 1499.0
0.000557 -0.000744 1500.0
0.000558 -0.000744 1501.0
0.000558 -0.000744 1502.0
0.000559 -0.000744 1503.0
0.000559 -0.000744 1504.0
0.000559 -0.000745 1505.0
0.000560 -0.000745 1506.0
0.000560 -0.000745 1507.0
0.000561 -0.000745 1508.0
0.000561 -0.000745 1509.0
0.000562 -0.000746 1510.0
0.000562 -0.000746 1511.0
0.000563 -0.000746 1512.0
0.000563 -0.000746 1513.0
0.000564 -0.000746 1514.0
0.000564 -0.000747 1515.0
0.000565 -0.000747 1516.0
0.000565 -0.000747 1517.0
0.000566 -0.000747 1518.0
0.000566 -0.000747 1519.0
0.000567 -0.000748 1520.0
0.000567 -0.000748 1521.0
0.000568 -0.000748 1522.0
0.000568 -0.000748 1523.0
0.000568 -0.000748 1524.0
0.000569 -0.000749 1525.0
0.000569 -0.000749 1526.0
0.000570 -0.000749 1527.0
0.000570 -0.000749 1528.0
0.000571 -0.000750 1529.0
0.000571 -0.000750 1530.0
0.000572 -0.000750 1531.0
0.000572 -0.000750 1532.0
0.000573 -0.000750 1533.0
0.000573 -0.000751 1534.0
0.000574 -0.000751 1535.0
0.000574 -0.000751 1536.0
0.000575 -0.000751 1537.0
0.000575 -0.000751 1538.0
0.000576 -0.000752 1539.0
0.000576 -0.000752 1540.0
0.000577 -0.000752 1541.0
0.000577 -0.000752 1542.0
0.000577 -0.000752 1543.0
0.000578 -0.000753 1544.0
0.000578 -0.000753 1545.0
0.000579 -0.000753 1546.0
0.000579 -0.000753 1547.0
0.000580 -0.000753 1548.0
0.000580 -0.000754 1549.0
0.000581 -0.000754 1550.0
0.000581 -0.000751 1551.0
0.000582 -0.000751 1552.0
0.000582 -0.000752 1553.0
0.000583 -0.000752 1554.0
0.000583 -0.000752 1555.0
0.000583 -0.000753 1556.0
0.000584 -0.000753 1557.0
0.000584 -0.000754 1558.0
0.000584 -0.000754 1559.0
0.000585 -0.000754 1560.0
0.000585 -0.000755 1561.0
0.000585 -0.000755 1562.0
0.000586 -0.000755 1563.0
0.000586 -0.000756 1564.0
0.000586 -0.000756 1565.0
0.000587 -0.000756 1566.0
0.000587 -0.000757 1567.0
0.000587 -0.000757 1568.0
0.000588 -0.000757 1569.0
0.000588 -0.000758 1570.0
0.000588 -0.000758 1571.0
0.000589 -0.000759 1572.0
0.000589 -0.000759 1573.0
0.000589 -0.000759 1574.0
0.000590 -0.000760 1575.0
0.000590 -0.000760 1576.0
0.000590 -0.000760 1577.0
0.000591 -0.000761 1578.0
0.000591 -0.000761 1579.0
0.000591 -0.000761 1580.0
0.000592 -0.000762 1581.0
0.000592 -0.000762 1582.0
0.000592 -0.000762 1583.0
0.000593 -0.000763 1584.0
0.000593 -0.000763 1585.0
0.000593 -0.000764 1586.0
0.000594 -0.000764 1587.0
0.000594 -0.000764 1588.0
0.000594 -0.000765 1589.0
0.000595 -0.000765 1590.0
0.000595 -0.000765 1591.0
0.000595 -0.000766 1592.0
0.000596 -0.000766 1593.0
0.000596 -0.000766 1594.0
0.000596 -0.000767 1595.0
0.000598 -0.000765 1596.0
0.000598 -0.000765 1597.0
0.000598 -0.000766 1598.0
0.000598 -0.000767 1599.0
0.000597 -0.000767 1600.0
0.000597 -0.000768 1601.0
0.000597 -0.000769 1602.0
0.000597 -0.000769 1603.0
0.000597 -0.000770 1604.0
0.000597 -0.000771 1605.0
0.000597 -0.000772 1606.0
0.000597 -0.000772 1607.0
0.000597 -0.000773 1608.0
0.000597 -0.000774 1609.0
0.000597 -0.000774 1610.0
0.000597 -0.000775 1611.0
0.000597 -0.000776 1612.0
0.000597 -0.000776 1613.0
0.000597 -0.000777 1614.0
0.000597 -0.000778 1615.0
0.000597 -0.000779 1616.0
0.000597 -0.000779 1617.0
0.000597 -0.000780 1618.0
0.000596 -0.000781 1619.0
0.000596 -0.000781 1620.0
0.000596 -0.000782 1621.0
0.000596 -0.000783 1622.0
0.000596 -0.000783 1623.0
0.000596 -0.000784 1624.0
0.000596 -0.000785 1625.0
0.000596 -0.000785 1626.0
0.000596 -0.000786 1627.0
0.000596 -0.000787 1628.0
0.000596 -0.000788 1629.0
0.000596 -0.000788 1630.0
0.000596 -0.000789 1631.0
0.000596 -0.000790 1632.0
0.000596 -0.000790 1633.0
0.000596 -0.000791 1634.0
0.000596 -0.000792 1635.0
0.000596 -0.000792 1636.0
0.000595 -0.000793 1637.0
0.000595 -0.000794 1638.0
0.000595 -0.000795 1639.0
0.000595 -0.000795 1640.0
0.000595 -0.000796 1641.0
0.000595 -0.000797 1642.0
0.000595 -0.000797 1643.0
0.000595 -0.000798 1644.0
0.000595 -0.000799 1645.0
0.000595 -0.000799 1646.0
0.000594 -0.000799 1647.0
0.000594 -0.000800 1648.0
0.000594 -0.000801 1649.0
0.000594 -0.000802 1650.0
0.000594 -0.000803 1651.0
0.000594 -0.000804 1652.0
0.000594 -0.000804 1653.0
0.000594 -0.000804 1654.0
0.000594 -0.000803 1655.0
0.000594 -0.000803 1656.0
0.000594 -0.000803 1657.0
0.000594 -0.000803 1658.0
0.000595 -0.000803 1659.0
0.000595 -0.000803 1660.0
0.000595 -0.000802 1661.0
0.000595 -0.000802 1662.0
0.000595 -0.000802 1663.0
0.000595 -0.000802 1664.0
0.000595 -0.000802 1665.0
0.000595 -0.000802 1666.0
0.000595 -0.000801 1667.0
0.000595 -0.000801 1668.0
0.000596 -0.000801 1669.0
0.000596 -0.000801 1670.0
0.000596 -0.000801 1671.0
0.000596 -0.000801 1672.0
0.000596 -0.000800 1673.0
0.000596 -0.000800 1674.0
0.000596 -0.000800 1675.0
0.000596 -0.000800 1676.0
0.000596 -0.000800 1677.0
0.000596 -0.000800 1678.0
0.000597 -0.000799 1679.0
0.000597 -0.000799 1680.0
0.000597 -0.000799 1681.0
0.000597 -0.000799 1682.0
0.000597 -0.000799 1683.0
0.000597 -0.000799 1684.0
0.000597 -0.000798 1685.0
0.000597 -0.000798 1686.0
0.000597 -0.000798 1687.0
0.000598 -0.000798 1688.0
0.000598 -0.000798 1689.0
0.000598 -0.000798 1690.0
0.000598 -0.000797 1691.0
0.000598 -0.000797 1692.0
0.000598 -0.000797 1693.0
0.000598 -0.000797 1694.0
0.000598 -0.000797 1695.0
0.000598 -0.000797 1696.0
0.000598 -0.000797 1697.0
0.000599 -0.000796 1698.0
0.000599 -0.000796 1699.0
0.000599 -0.000796 1700.0
0.000599 -0.000796 1701.0
0.000599 -0.000796 1702.0
0.000599 -0.000796 1703.0
0.000599 -0.000795 1704.0
0.000599 -0.000795 1705.0
0.000599 -0.000795 1706.0
0.000599 -0.000795 1707.0
0.000600 -0.000795 1708.0
0.000600 -0.000795 1709.0
0.000600 -0.000794 1710.0
0.000600 -0.000794 1711.0
0.000600 -0.000794 1712.0
0.000601 -0.000795 1713.0
0.000601 -0.000795 1714.0
0.000601 -0.000794 1715.0
0.000601 -0.000794 1716.0
0.000601 -0.000793 1717.0
0.000601 -0.000793 1718.0
0.000601 -0.000792 1719.0
0.000601 -0.000792 1720.0
0.000601 -0.000792 1721.0
0.000601 -0.000791 1722.0
0.000601 -0.000791 1723.0
0.000601 -0.000790 1724.0
0.000601 -0.000790 1725.0
0.000601 -0.000789 1726.0
0.000601 -0.000789 1727.0
0.000601 -0.000789 1728.0
0.000602 -0.000788 1729.0
0.000602 -0.000788 1730.0
0.000602 -0.000787 1731.0
0.000602 -0.000787 1732.0
0.000602 -0.000787 1733.0
0.000602 -0.000786 1734.0
0.000602 -0.000786 1735.0
0.000602 -0.000785 1736.0
0.000602 -0.000785 1737.0
0.000602 -0.000784 1738.0
0.000602 -0.000784 1739.0
0.000602 -0.000784 1740.0
0.000602 -0.000783 1741.0
0.000602 -0.000783 1742.0
0.000602 -0.000782 1743.0
0.000602 -0.000782 1744.0
0.000602 -0.000781 1745.0
0.000602 -0.000781 1746.0
0.000602 -0.000781 1747.0
0.000602 -0.000780 1748.0
0.000602 -0.000780 1749.0
0.000602 -0.000779 1750.0
0.000603 -0.000779 1751.0
0.000603 -0.000779 1752.0
0.000603 -0.000778 1753.0
0.000603 -0.000778 1754.0
0.000603 -0.000777 1755.0
0.000603 -0.000777 1756.0
0.000603 -0.000776 1757.0
0.000603 -0.000776 1758.0
0.000603 -0.000776 1759.0
0.000603 -0.000775 1760.0
0.000603 -0.000775 1761.0
0.000603 -0.000774 1762.0
0.000603 -0.000774 1763.0
0.000603 -0.000773 1764.0
0.000603 -0.000773 1765.0
0.000603 -0.000773 1766.0
0.000603 -0.000772 1767.0
0.000603 -0.000772 1768.0
0.000603 -0.000771 1769.0
0.000603 -0.000771 1770.0
0.000603 -0.000771 1771.0
0.000603 -0.000770 1772.0
0.000604 -0.000770 1773.0
0.000604 -0.000769 1774.0
0.000604 -0.000769 1775.0
0.000604 -0.000768 1776.0
0.000604 -0.000769 1777.0
0.000604 -0.000768 1778.0
0.000604 -0.000768 1779.0
0.000604 -0.000768 1780.0
0.000604 -0.000767 1781.0
0.000604 -0.000767 1782.0
0.000603 -0.000767 1783.0
0.000603 -0.000766 1784.0
0.000603 -0.000766 1785.0
0.000603 -0.000766 1786.0
0.000603 -0.000766 1787.0
0.000603 -0.000765 1788.0
0.000602 -0.000765 1789.0
0.000602 -0.000765 1790.0
0.000602 -0.000764 1791.0
0.000602 -0.000764 1792.0
0.000602 -0.000764 1793.0
0.000602 -0.000763 1794.0
0.000601 -0.000763 1795.0
0.000601 -0.000763 1796.0
0.000601 -0.000762 1797.0
0.000601 -0.000762 1798.0
0.000601 -0.000762 1799.0
0.000601 -0.000762 1800.0
0.000601 -0.000761 1801.0
0.000600 -0.000761 1802.0
0.000600 -0.000761 1803.0
0.000600 -0.000760 1804.0
0.000600 -0.000760 1805.0
0.000600 -0.000760 1806.0
0.000600 -0.000759 1807.0
0.000599 -0.000759 1808.0
0.000599 -0.000759 1809.0
0.000599 -0.000758 1810.0
0.000599 -0.000758 1811.0
0.000599 -0.000758 1812.0
0.000599 -0.000758 1813.0
0.000598 -0.000757 1814.0
0.000598 -0.000757 1815.0
0.000598 -0.000757 1816.0
0.000598 -0.000756 1817.0
0.000598 -0.000756 1818.0
0.000598 -0.000756 1819.0
0.000597 -0.000755 1820.0
0.000597 -0.000755 1821.0
0.000597 -0.000755 1822.0
0.000597 -0.000755 1823.0
0.000597 -0.000754 1824.0
0.000596 -0.000755 1825.0
0.000595 -0.000755 1826.0
0.000595 -0.000755 1827.0
0.000595 -0.000755 1828.0
0.000595 -0.000755 1829.0
0.000594 -0.000755 1830.0
0.000594 -0.000755 1831.0
0.000594 -0.000755 1832.0
0.000594 -0.000755 1833.0
0.000593 -0.000755 1834.0
0.000593 -0.000754 1835.0
0.000593 -0.000754 1836.0
0.000593 -0.000754 1837.0
0.000592 -0.000754 1838.0
0.000592 -0.000754 1839.0
0.000592 -0.000754 1840.0
0.000592 -0.000754 1841.0
0.000591 -0.000754 1842.0
0.000591 -0.000754 1843.0
0.000591 -0.000754 1844.0
0.000591 -0.000754 1845.0
0.000590 -0.000754 1846.0
0.000590 -0.000753 1847.0
0.000590 -0.000753 1848.0
0.000590 -0.000753 1849.0
0.000589 -0.000753 1850.0
0.000589 -0.000753 1851.0
0.000589 -0.000753 1852.0
0.000589 -0.000753 1853.0
0.000588 -0.000753 1854.0
0.000588 -0.000753 1855.0
0.000588 -0.000753 1856.0
0.000588 -0.000753 1857.0
0.000587 -0.000753 1858.0
0.000587 -0.000753 1859.0
0.000587 -0.000752 1860.0
0.000586 -0.000752 1861.0
0.000586 -0.000752 1862.0
0.000586 -0.000752 1863.0
0.000586 -0.000752 1864.0
0.000585 -0.000752 1865.0
0.000585 -0.000752 1866.0
0.000585 -0.000752 1867.0
0.000585 -0.000752 1868.0
0.000584 -0.000752 1869.0
0.000584 -0.000752 1870.0
0.000584 -0.000752 1871.0
0.000584 -0.000751 1872.0
0.000583 -0.000751 1873.0
0.000583 -0.000751 1874.0
0.000583 -0.000751 1875.0
0.000583 -0.000751 1876.0
0.000582 -0.000751 1877.0
0.000582 -0.000751 1878.0
0.000582 -0.000751 1879.0
0.000582 -0.000751 1880.0
0.000581 -0.000751 1881.0
0.000581 -0.000751 1882.0
0.000581 -0.000751 1883.0
0.000581 -0.000750 1884.0
0.000580 -0.000751 1885.0
0.000580 -0.000751 1886.0
0.000579 -0.000751 1887.0
0.000578 -0.000751 1888.0
0.000577 -0.000750 1889.0
0.000576 -0.000750 1890.0
0.000575 -0.000750 1891.0
0.000574 -0.000749 1892.0
0.000573 -0.000749 1893.0
0.000572 -0.000749 1894.0
0.000571 -0.000748 1895.0
0.000570 -0.000748 1896.0
0.000569 -0.000748 1897.0
0.000568 -0.000748 1898.0
0.000567 -0.000747 1899.0
0.000566 -0.000747 1900.0
0.000565 -0.000747 1901.0
0.000564 -0.000746 1902.0
0.000563 -0.000746 1903.0
0.000562 -0.000746 1904.0
0.000561 -0.000746 1905.0
0.000560 -0.000745 1906.0
0.000559 -0.000745 1907.0
0.000558 -0.000745 1908.0
0.000557 -0.000744 1909.0
0.000556 -0.000744 1910.0
0.000555 -0.000744 1911.0
0.000554 -0.000743 1912.0
0.000553 -0.000743 1913.0
0.000552 -0.000743 1914.0
0.000551 -0.000743 1915.0
0.000550 -0.000742 1916.0
0.000549 -0.000742 1917.0
0.000548 -0.000742 1918.0
0.000547 -0.000741 1919.0
0.000546 -0.000741 1920.0
0.000545 -0.000741 1921.0
0.000544 -0.000741 1922.0
0.000544 -0.000740 1923.0
0.000543 -0.000740 1924.0
0.000542 -0.000740 1925.0
0.000541 -0.000739 1926.0
0.000540 -0.000739 1927.0
0.000539 -0.000739 1928.0
0.000538 -0.000738 1929.0
0.000537 -0.000738 1930.0
0.000536 -0.000738 1931.0
0.000535 -0.000738 1932.0
0.000534 -0.000737 1933.0
0.000533 -0.000737 1934.0
0.000532 -0.000737 1935.0
0.000531 -0.000736 1936.0
0.000530 -0.000736 1937.0
0.000529 -0.000736 1938.0
0.000528 -0.000736 1939.0
0.000527 -0.000735 1940.0
0.000526 -0.000735 1941.0
0.000525 -0.000735 1942.0
0.000524 -0.000734 1943.0
0.000523 -0.000734 1944.0
0.000522 -0.000734 1945.0
0.000522 -0.000737 1946.0
0.000522 -0.000736 1947.0
0.000522 -0.000736 1948.0
0.000522 -0.000735 1949.0
0.000522 -0.000734 1950.0
0.000522 -0.000733 1951.0
0.000522 -0.000732 1952.0
0.000522 -0.000731 1953.0
0.000522 -0.000730 1954.0
0.000522 -0.000730 1955.0
0.000522 -0.000729 1956.0
0.000522 -0.000728 1957.0
0.000522 -0.000727 1958.0
0.000522 -0.000726 1959.0
0.000522 -0.000725 1960.0
0.000522 -0.000725 1961.0
0.000522 -0.000724 1962.0
0.000522 -0.000723 1963.0
0.000522 -0.000722 1964.0
0.000522 -0.000721 1965.0
0.000522 -0.000720 1966.0
0.000522 -0.000720 1967.0
0.000522 -0.000719 1968.0
0.000522 -0.000718 1969.0
0.000522 -0.000717 1970.0
0.000522 -0.000716 1971.0
0.000522 -0.000715 1972.0
0.000523 -0.000715 1973.0
0.000523 -0.000714 1974.0
0.000523 -0.000713 1975.0
0.000523 -0.000712 1976.0
0.000523 -0.000711 1977.0
0.000523 -0.000710 1978.0
0.000523 -0.000709 1979.0
0.000523 -0.000709 1980.0
0.000523 -0.000708 1981.0
0.000523 -0.000707 1982.0
0.000523 -0.000706 1983.0
0.000523 -0.000705 1984.0
0.000523 -0.000704 1985.0
0.000523 -0.000704 1986.0
0.000523 -0.000703 1987.0
0.000523 -0.000702 1988.0
0.000523 -0.000701 1989.0
0.000523 -0.000700 1990.0
0.000523 -0.000699 1991.0
0.000523 -0.000699 1992.0
0.000523 -0.000698 1993.0
0.000523 -0.000697 1994.0
0.000523 -0.000696 1995.0
0.000523 -0.000695 1996.0
0.000523 -0.000694 1997.0
0.000523 -0.000694 1998.0
0.000523 -0.000693 1999.0
0.000524 -0.000692 2000.0
0.000524 -0.000691 2001.0
0.000524 -0.000690 2002.0
0.000524 -0.000689 2003.0
0.000524 -0.000688 2004.0
0.000524 -0.000688 2005.0
0.000524 -0.000687 2006.0
0.000524 -0.000687 2007.0
0.000524 -0.000686 2008.0
0.000524 -0.000686 2009.0
0.000523 -0.000685 2010.0
0.000523 -0.000685 2011.0
0.000523 -0.000684 2012.0
0.000522 -0.000684 2013.0
0.000522 -0.000684 2014.0
0.000521 -0.000683 2015.0
0.000521 -0.000683 2016.0
0.000521 -0.000682 2017.0
0.000520 -0.000682 2018.0
0.000520 -0.000681 2019.0
0.000520 -0.000681 2020.0
0.000519 -0.000680 2021.0
0.000519 -0.000680 2022.0
0.000519 -0.000679 2023.0
0.000518 -0.000679 2024.0
0.000518 -0.000678 2025.0
0.000518 -0.000678 2026.0
0.000517 -0.000677 2027.0
0.000517 -0.000677 2028.0
0.000516 -0.000676 2029.0
0.000516 -0.000676 2030.0
0.000516 -0.000676 2031.0
0.000515 -0.000675 2032.0
0.000515 -0.000675 2033.0
0.000515 -0.000674 2034.0
0.000514 -0.000674 2035.0
0.000514 -0.000673 2036.0
0.000514 -0.000673 2037.0
0.000513 -0.000672 2038.0
0.000513 -0.000672 2039.0
0.000513 -0.000671 2040.0
0.000512 -0.000671 2041.0
0.000512 -0.000670 2042.0
0.000511 -0.000670 2043.0
0.000511 -0.000669 2044.0
0.000511 -0.000669 2045.0
0.000510 -0.000668 2046.0
0.000510 -0.000668 2047.0
0.000510 -0.000668 2048.0
0.000509 -0.000667 2049.0
0.000509 -0.000667 2050.0
0.000509 -0.000666 2051.0
0.000508 -0.000666 2052.0
0.000508 -0.000665 2053.0
0.000508 -0.000665 2054.0
0.000507 -0.000664 2055.0
0.000507 -0.000664 2056.0
0.000506 -0.000663 2057.0
0.000506 -0.000663 2058.0
0.000506 -0.000662 2059.0
0.000505 -0.000662 2060.0
0.000505 -0.000661 2061.0
0.000505 -0.000661 2062.0
0.000504 -0.000660 2063.0
0.000504 -0.000660 2064.0
0.000504 -0.000660 2065.0
0.000503 -0.000659 2066.0
0.000501 -0.000662 2067.0
0.000500 -0.000662 2068.0
0.000500 -0.000662 2069.0
0.000499 -0.000661 2070.0
0.000499 -0.000661 2071.0
0.000498 -0.000661 2072.0
0.000498 -0.000660 2073.0
0.000497 -0.000660 2074.0
0.000496 -0.000660 2075.0
0.000496 -0.000659 2076.0
0.000495 -0.000659 2077.0
0.000495 -0.000659 2078.0
0.000494 -0.000658 2079.0
0.000494 -0.000658 2080.0
0.000493 -0.000658 2081.0
0.000492 -0.000657 2082.0
0.000492 -0.000657 2083.0
0.000491 -0.000657 2084.0
0.000491 -0.000656 2085.0
0.000490 -0.000656 2086.0
0.000490 -0.000656 2087.0
0.000489 -0.000655 2088.0
0.000489 -0.000655 2089.0
0.000488 -0.000655 2090.0
0.000487 -0.000654 2091.0
0.000487 -0.000654 2092.0
0.000486 -0.000654 2093.0
0.000486 -0.000653 2094.0
0.000485 -0.000653 2095.0
0.000485 -0.000653 2096.0
0.000484 -0.000652 2097.0
0.000484 -0.000652 2098.0
0.000483 -0.000652 2099.0
0.000482 -0.000651 2100.0
0.000482 -0.000651 2101.0
0.000481 -0.000651 2102.0
0.000481 -0.000650 2103.0
0.000480 -0.000650 2104.0
0.000480 -0.000650 2105.0
0.000479 -0.000650 2106.0
0.000479 -0.000649 2107.0
0.000478 -0.000649 2108.0
0.000477 -0.000649 2109.0
0.000477 -0.000648 2110.0
0.000476 -0.000648 2111.0
0.000476 -0.000648 2112.0
0.000475 -0.000647 2113.0
0.000475 -0.000647 2114.0
0.000474 -0.000647 2115.0
0.000474 -0.000646 2116.0
0.000473 -0.000646 2117.0
0.000472 -0.000646 2118.0
0.000472 -0.000645 2119.0
0.000471 -0.000645 2120.0
0.000471 -0.000645 2121.0
0.000470 -0.000644 2122.0
0.000470 -0.000644 2123.0
0.000469 -0.000644 2124.0
0.000468 -0.000643 2125.0
0.000468 -0.000643 2126.0
0.000467 -0.000643 2127.0
0.000467 -0.000642 2128.0
0.000466 -0.000646 2129.0
0.000465 -0.000646 2130.0
0.000465 -0.000646 2131.0
0.000465 -0.000646 2132.0
0.000464 -0.000646 2133.0
0.000464 -0.000646 2134.0
0.000464 -0.000646 2135.0
0.000464 -0.000646 2136.0
0.000463 -0.000645 2137.0
0.000463 -0.000645 2138.0
0.000463 -0.000645 2139.0
0.000463 -0.000645 2140.0
0.000462 -0.000645 2141.0
0.000462 -0.000645 2142.0
0.000462 -0.000645 2143.0
0.000461 -0.000645 2144.0
0.000461 -0.000645 2145.0
0.000461 -0.000645 2146.0
0.000461 -0.000645 2147.0
0.000460 -0.000645 2148.0
0.000460 -0.000645 2149.0
0.000460 -0.000645 2150.0
0.000459 -0.000645 2151.0
0.000459 -0.000645 2152.0
0.000459 -0.000645 2153.0
0.000459 -0.000645 2154.0
0.000458 -0.000644 2155.0
0.000458 -0.000644 2156.0
0.000458 -0.000644 2157.0
0.000457 -0.000644 2158.0
0.000457 -0.000644 2159.0
0.000457 -0.000644 2160.0
0.000457 -0.000644 2161.0
0.000456 -0.000644 2162.0
0.000456 -0.000644 2163.0
0.000456 -0.000644 2164.0
0.000455 -0.000644 2165.0
0.000455 -0.000644 2166.0
0.000455 -0.000644 2167.0
0.000455 -0.000644 2168.0
0.000454 -0.000644 2169.0
0.000454 -0.000644 2170.0
0.000454 -0.000644 2171.0
0.000453 -0.000644 2172.0
0.000453 -0.000644 2173.0
0.000453 -0.000643 2174.0
0.000453 -0.000643 2175.0
0.000452 -0.000643 2176.0
0.000452 -0.000643 2177.0
0.000452 -0.000643 2178.0
0.000451 -0.000643 2179.0
0.000451 -0.000643 2180.0
0.000451 -0.000643 2181.0
0.000451 -0.000643 2182.0
0.000450 -0.000643 2183.0
0.000450 -0.000643 2184.0
0.000450 -0.000643 2185.0
0.000449 -0.000643 2186.0
0.000449 -0.000643 2187.0
0.000449 -0.000643 2188.0
0.000449 -0.000643 2189.0
0.000449 -0.000643 2190.0
0.000448 -0.000643 2191.0
0.000448 -0.000643 2192.0
0.000448 -0.000643 2193.0
0.000448 -0.000643 2194.0
0.000448 -0.000643 2195.0
0.000447 -0.000643 2196.0
0.000447 -0.000643 2197.0
0.000447 -0.000643 2198.0
0.000447 -0.000643 2199.0
0.000447 -0.000643 2200.0
0.000447 -0.000643 2201.0
0.000447 -0.000642 2202.0
0.000446 -0.000642 2203.0
0.000446 -0.000641 2204.0
0.000446 -0.000641 2205.0
0.000446 -0.000640 2206.0
0.000446 -0.000639 2207.0
0.000446 -0.000639 2208.0
0.000446 -0.000638 2209.0
0.000446 -0.000638 2210.0
0.000446 -0.000637 2211.0
0.000446 -0.000637 2212.0
0.000446 -0.000636 2213.0
0.000446 -0.000635 2214.0
0.000446 -0.000635 2215.0
0.000446 -0.000634 2216.0
0.000446 -0.000634 2217.0
0.000445 -0.000633 2218.0
0.000445 -0.000633 2219.0
0.000445 -0.000632 2220.0
0.000445 -0.000632 2221.0
0.000445 -0.000631 2222.0
0.000445 -0.000630 2223.0
0.000445 -0.000630 2224.0
0.000445 -0.000629 2225.0
0.000445 -0.000629 2226.0
0.000445 -0.000628 2227.0
0.000445 -0.000628 2228.0
0.000445 -0.000627 2229.0
0.000445 -0.000627 2230.0
0.000445 -0.000626 2231.0
0.000444 -0.000625 2232.0
0.000444 -0.000625 2233.0
0.000444 -0.000624 2234.0
0.000444 -0.000624 2235.0
0.000444 -0.000623 2236.0
0.000444 -0.000623 2237.0
0.000444 -0.000622 2238.0
0.000444 -0.000621 2239.0
0.000444 -0.000621 2240.0
0.000444 -0.000620 2241.0
0.000444 -0.000620 2242.0
0.000444 -0.000619 2243.0
0.000444 -0.000619 2244.0
0.000444 -0.000618 2245.0
0.000443 -0.000618 2246.0
0.000443 -0.000617 2247.0
0.000443 -0.000616 2248.0
0.000443 -0.000616 2249.0
0.000443 -0.000615 2250.0
0.000443 -0.000615 2251.0
0.000443 -0.000614 2252.0
0.000443 -0.000614 2253.0
0.000443 -0.000613 2254.0
0.000443 -0.000612 2255.0
0.000443 -0.000612 2256.0
0.000443 -0.000611 2257.0
0.000443 -0.000611 2258.0
0.000443 -0.000610 2259.0
0.000442 -0.000610 2260.0
0.000441 -0.000610 2261.0
0.000440 -0.000610 2262.0
0.000440 -0.000610 2263.0
0.000439 -0.000610 2264.0
0.000439 -0.000610 2265.0
0.000438 -0.000610 2266.0
0.000437 -0.000610 2267.0
0.000437 -0.000610 2268.0
0.000436 -0.000609 2269.0
0.000436 -0.000609 2270.0
0.000435 -0.000609 2271.0
0.000434 -0.000609 2272.0
0.000434 -0.000609 2273.0
0.000433 -0.000609 2274.0
0.000433 -0.000609 2275.0
0.000432 -0.000609 2276.0
0.000431 -0.000609 2277.0
0.000431 -0.000608 2278.0
0.000430 -0.000608 2279.0
0.000430 -0.000608 2280.0
0.000429 -0.000608 2281.0
0.000428 -0.000608 2282.0
0.000428 -0.000608 2283.0
0.000427 -0.000608 2284.0
0.000427 -0.000608 2285.0
0.000426 -0.000608 2286.0
0.000425 -0.000607 2287.0
0.000425 -0.000607 2288.0
0.000424 -0.000607 2289.0
0.000424 -0.000607 2290.0
0.000423 -0.000607 2291.0
0.000422 -0.000607 2292.0
0.000422 -0.000607 2293.0
0.000421 -0.000607 2294.0
0.000421 -0.000607 2295.0
0.000420 -0.000606 2296.0
0.000420 -0.000606 2297.0
0.000419 -0.000606 2298.0
0.000418 -0.000606 2299.0
0.000418 -0.000606 2300.0
0.000417 -0.000606 2301.0
0.000417 -0.000606 2302.0
0.000416 -0.000606 2303.0
0.000415 -0.000605 2304.0
0.000415 -0.000605 2305.0
0.000414 -0.000605 2306.0
0.000414 -0.000605 2307.0
0.000413 -0.000605 2308.0
0.000412 -0.000605 2309.0
0.000412 -0.000605 2310.0
0.000411 -0.000605 2311.0
0.000411 -0.000605 2312.0
0.000410 -0.000604 2313.0
0.000409 -0.000604 2314.0
0.000409 -0.000604 2315.0
0.000408 -0.000604 2316.0
0.000408 -0.000604 2317.0
0.000407 -0.000604 2318.0
0.000406 -0.000604 2319.0
0.000406 -0.000604 2320.0
0.000406 -0.000605 2321.0
0.000406 -0.000604 2322.0
0.000405 -0.000603 2323.0
0.000405 -0.000602 2324.0
0.000405 -0.000601 2325.0
0.000405 -0.000599 2326.0
0.000405 -0.000598 2327.0
0.000405 -0.000597 2328.0
0.000405 -0.000596 2329.0
0.000405 -0.000595 2330.0
0.000405 -0.000594 2331.0
0.000404 -0.000593 2332.0
0.000404 -0.000592 2333.0
0.000404 -0.000591 2334.0
0.000404 -0.000589 2335.0
0.000404 -0.000588 2336.0
0.000404 -0.000587 2337.0
0.000404 -0.000586 2338.0
0.000404 -0.000585 2339.0
0.000404 -0.000584 2340.0
0.000403 -0.000583 2341.0
0.000403 -0.000582 2342.0
0.000403 -0.000580 2343.0
0.000403 -0.000579 2344.0
0.000403 -0.000578 2345.0
0.000403 -0.000577 2346.0
0.000403 -0.000576 2347.0
0.000403 -0.000575 2348.0
0.000403 -0.000574 2349.0
0.000402 -0.000573 2350.0
0.000402 -0.000571 2351.0
0.000402 -0.000570 2352.0
0.000402 -0.000569 2353.0
0.000402 -0.000568 2354.0
0.000402 -0.000567 2355.0
0.000402 -0.000566 2356.0
0.000402 -0.000565 2357.0
0.000402 -0.000564 2358.0
0.000401 -0.000563 2359.0
0.000401 -0.000561 2360.0
0.000401 -0.000560 2361.0
0.000401 -0.000559 2362.0
0.000401 -0.000558 2363.0
0.000401 -0.000557 2364.0
0.000401 -0.000556 2365.0
0.000401 -0.000555 2366.0
0.000401 -0.000554 2367.0
0.000400 -0.000552 2368.0
0.000400 -0.000551 2369.0
0.000400 -0.000550 2370.0
0.000400 -0.000549 2371.0
0.000400 -0.000548 2372.0
0.000400 -0.000547 2373.0
0.000400 -0.000546 2374.0
0.000398 -0.000546 2375.0
0.000398 -0.000545 2376.0
0.000399 -0.000543 2377.0
0.000399 -0.000542 2378.0
0.000399 -0.000541 2379.0
0.000399 -0.000539 2380.0
0.000399 -0.000538 2381.0
0.000399 -0.000537 2382.0
0.000399 -0.000535 2383.0
0.000399 -0.000534 2384.0
0.000400 -0.000533 2385.0
0.000400 -0.000531 2386.0
0.000400 -0.000530 2387.0
0.000400 -0.000529 2388.0
0.000400 -0.000528 2389.0
0.000400 -0.000526 2390.0
0.000400 -0.000525 2391.0
0.000400 -0.000524 2392.0
0.000401 -0.000522 2393.0
0.000401 -0.000521 2394.0
0.000401 -0.000520 2395.0
0.000401 -0.000518 2396.0
0.000401 -0.000517 2397.0
0.000401 -0.000516 2398.0
0.000401 -0.000514 2399.0
0.000401 -0.000513 2400.0
0.000402 -0.000512 2401.0
0.000402 -0.000510 2402.0
0.000402 -0.000509 2403.0
0.000402 -0.000508 2404.0
0.000402 -0.000506 2405.0
0.000402 -0.000505 2406.0
0.000402 -0.000504 2407.0
0.000402 -0.000502 2408.0
0.000403 -0.000501 2409.0
0.000403 -0.000500 2410.0
0.000403 -0.000499 2411.0
0.000403 -0.000497 2412.0
0.000403 -0.000496 2413.0
0.000403 -0.000495 2414.0
0.000403 -0.000493 2415.0
0.000403 -0.000492 2416.0
0.000404 -0.000491 2417.0
0.000404 -0.000489 2418.0
0.000404 -0.000488 2419.0
0.000404 -0.000487 2420.0
0.000404 -0.000485 2421.0
0.000404 -0.000484 2422.0
0.000404 -0.000483 2423.0
0.000404 -0.000481 2424.0
0.000405 -0.000480 2425.0
0.000405 -0.000479 2426.0
0.000405 -0.000477 2427.0
0.000405 -0.000476 2428.0
0.000405 -0.000475 2429.0
0.000405 -0.000473 2430.0
0.000405 -0.000472 2431.0
0.000405 -0.000471 2432.0
0.000405 -0.000469 2433.0
0.000406 -0.000468 2434.0
0.000406 -0.000467 2435.0
0.000406 -0.000466 2436.0
0.000406 -0.000464 2437.0
0.000406 -0.000463 2438.0
0.000406 -0.000462 2439.0
0.000408 -0.000462 2440.0
0.000408 -0.000461 2441.0
0.000408 -0.000460 2442.0
0.000409 -0.000459 2443.0
0.000409 -0.000458 2444.0
0.000409 -0.000458 2445.0
0.000409 -0.000457 2446.0
0.000409 -0.000456 2447.0
0.000409 -0.000455 2448.0
0.000409 -0.000454 2449.0
0.000410 -0.000453 2450.0
0.000410 -0.000452 2451.0
0.000410 -0.000451 2452.0
0.000410 -0.000451 2453.0
0.000410 -0.000450 2454.0
0.000410 -0.000449 2455.0
0.000410 -0.000448 2456.0
0.000411 -0.000447 2457.0
0.000411 -0.000446 2458.0
0.000411 -0.000445 2459.0
0.000411 -0.000444 2460.0
0.000411 -0.000444 2461.0
0.000411 -0.000443 2462.0
0.000411 -0.000442 2463.0
0.000412 -0.000441 2464.0
0.000412 -0.000440 2465.0
0.000412 -0.000439 2466.0
0.000412 -0.000438 2467.0
0.000412 -0.000437 2468.0
0.000412 -0.000437 2469.0
0.000412 -0.000436 2470.0
0.000413 -0.000435 2471.0
0.000413 -0.000434 2472.0
0.000413 -0.000433 2473.0
0.000413 -0.000432 2474.0
0.000413 -0.000431 2475.0
0.000413 -0.000430 2476.0
0.000413 -0.000430 2477.0
0.000414 -0.000429 2478.0
0.000414 -0.000428 2479.0
0.000414 -0.000427 2480.0
0.000414 -0.000426 2481.0
0.000414 -0.000425 2482.0
0.000414 -0.000424 2483.0
0.000414 -0.000424 2484.0
0.000415 -0.000423 2485.0
0.000415 -0.000422 2486.0
0.000415 -0.000421 2487.0
0.000415 -0.000420 2488.0
0.000415 -0.000419 2489.0
0.000415 -0.000418 2490.0
0.000415 -0.000417 2491.0
0.000416 -0.000417 2492.0
0.000416 -0.000416 2493.0
0.000416 -0.000415 2494.0
0.000416 -0.000414 2495.0
0.000418 -0.000414 2496.0
0.000418 -0.000415 2497.0
0.000418 -0.000415 2498.0
0.000418 -0.000415 2499.0
0.000418 -0.000415 2500.0
0.000418 -0.000416 2501.0
0.000419 -0.000416 2502.0
0.000419 -0.000416 2503.0
0.000419 -0.000416 2504.0
0.000419 -0.000417 2505.0
0.000419 -0.000417 2506.0
0.000419 -0.000417 2507.0
0.000419 -0.000417 2508.0
0.000419 -0.000418 2509.0
0.000419 -0.000418 2510.0
0.000419 -0.000418 2511.0
0.000419 -0.000418 2512.0
0.000420 -0.000419 2513.0
0.000420 -0.000419 2514.0
0.000420 -0.000419 2515.0
0.000420 -0.000419 2516.0
0.000420 -0.000420 2517.0
0.000420 -0.000420 2518.0
0.000420 -0.000420 2519.0
0.000420 -0.000420 2520.0
0.000420 -0.000420 2521.0
0.000420 -0.000421 2522.0
0.000421 -0.000421 2523.0
0.000421 -0.000421 2524.0
0.000421 -0.000421 2525.0
0.000421 -0.000422 2526.0
0.000421 -0.000422 2527.0
0.000421 -0.000422 2528.0
0.000421 -0.000422 2529.0
0.000421 -0.000423 2530.0
0.000421 -0.000423 2531.0
0.000421 -0.000423 2532.0
0.000421 -0.000423 2533.0
0.000422 -0.000424 2534.0
0.000422 -0.000424 2535.0
0.000422 -0.000424 2536.0
0.000422 -0.000424 2537.0
0.000422 -0.000425 2538.0
0.000422 -0.000425 2539.0
0.000422 -0.000425 2540.0
0.000422 -0.000425 2541.0
0.000422 -0.000426 2542.0
0.000422 -0.000426 2543.0
0.000423 -0.000426 2544.0
0.000423 -0.000426 2545.0
0.000423 -0.000427 2546.0
0.000423 -0.000427 2547.0
0.000423 -0.000427 2548.0
0.000423 -0.000427 2549.0
0.000423 -0.000427 2550.0
0.000423 -0.000428 2551.0
0.000423 -0.000428 2552.0
0.000423 -0.000428 2553.0
0.000423 -0.000428 2554.0
0.000424 -0.000429 2555.0
0.000424 -0.000429 2556.0
0.000425 -0.000428 2557.0
0.000425 -0.000428 2558.0
0.000425 -0.000428 2559.0
0.000425 -0.000428 2560.0
0.000425 -0.000428 2561.0
0.000425 -0.000428 2562.0
0.000425 -0.000428 2563.0
0.000425 -0.000428 2564.0
0.000425 -0.000428 2565.0
0.000425 -0.000428 2566.0
0.000425 -0.000428 2567.0
0.000425 -0.000428 2568.0
0.000425 -0.000428 2569.0
0.000425 -0.000428 2570.0
0.000425 -0.000428 2571.0
0.000425 -0.000428 2572.0
0.000425 -0.000428 2573.0
0.000425 -0.000428 2574.0
0.000425 -0.000428 2575.0
0.000425 -0.000428 2576.0
0.000425 -0.000428 2577.0
0.000425 -0.000428 2578.0
0.000425 -0.000428 2579.0
0.000425 -0.000428 2580.0
0.000425 -0.000428 2581.0
0.000425 -0.000428 2582.0
0.000425 -0.000428 2583.0
0.000425 -0.000428 2584.0
0.000425 -0.000428 2585.0
0.000425 -0.000428 2586.0
0.000425 -0.000428 2587.0
0.000425 -0.000428 2588.0
0.000425 -0.000428 2589.0
0.000425 -0.000428 2590.0
0.000425 -0.000428 2591.0
0.000425 -0.000428 2592.0
0.000425 -0.000428 2593.0
0.000425 -0.000428 2594.0
0.000425 -0.000428 2595.0
0.000425 -0.000428 2596.0
0.000425 -0.000428 2597.0
0.000425 -0.000428 2598.0
0.000425 -0.000428 2599.0
0.000425 -0.000428 2600.0
0.000425 -0.000428 2601.0
0.000425 -0.000429 2602.0
0.000425 -0.000429 2603.0
0.000425 -0.000429 2604.0
0.000425 -0.000429 2605.0
0.000425 -0.000429 2606.0
0.000425 -0.000429 2607.0
0.000425 -0.000429 2608.0
0.000425 -0.000429 2609.0
0.000425 -0.000429 2610.0
0.000425 -0.000429 2611.0
0.000425 -0.000429 2612.0
0.000425 -0.000429 2613.0
0.000425 -0.000429 2614.0
0.000425 -0.000429 2615.0
0.000425 -0.000429 2616.0
0.000425 -0.000429 2617.0
0.000425 -0.000429 2618.0
0.000425 -0.000429 2619.0
0.000425 -0.000429 2620.0
0.000425 -0.000429 2621.0
0.000425 -0.000429 2622.0
0.000425 -0.000429 2623.0
0.000425 -0.000429 2624.0
0.000425 -0.000429 2625.0
0.000425 -0.000429 2626.0
0.000425 -0.000429 2627.0
0.000425 -0.000429 2628.0
0.000425 -0.000429 2629.0
0.000425 -0.000429 2630.0
0.000425 -0.000429 2631.0
0.000425 -0.000429 2632.0
0.000425 -0.000429 2633.0
0.000425 -0.000429 2634.0
0.000425 -0.000429 2635.0
0.000425 -0.000429 2636.0
0.000425 -0.000429 2637.0
0.000425 -0.000429 2638.0
0.000425 -0.000429 2639.0
0.000425 -0.000429 2640.0
0.000425 -0.000429 2641.0
0.000425 -0.000429 2642.0
0.000425 -0.000429 2643.0
0.000425 -0.000429 2644.0
0.000425 -0.000429 2645.0
0.000424 -0.000429 2646.0
0.000424 -0.000429 2647.0
0.000424 -0.000429 2648.0
0.000424 -0.000429 2649.0
0.000424 -0.000429 2650.0
0.000424 -0.000429 2651.0
0.000424 -0.000429 2652.0
0.000424 -0.000429 2653.0
0.000424 -0.000429 2654.0
0.000424 -0.000429 2655.0
0.000424 -0.000429 2656.0
0.000424 -0.000429 2657.0
0.000424 -0.000429 2658.0
0.000424 -0.000429 2659.0
0.000424 -0.000429 2660.0
0.000424 -0.000429 2661.0
0.000424 -0.000429 2662.0
0.000424 -0.000429 2663.0
0.000424 -0.000429 2664.0
0.000424 -0.000429 2665.0
0.000424 -0.000429 2666.0
0.000424 -0.000429 2667.0
0.000424 -0.000429 2668.0
0.000424 -0.000429 2669.0
0.000424 -0.000429 2670.0
0.000424 -0.000429 2671.0
0.000424 -0.000429 2672.0
0.000424 -0.000429 2673.0
0.000424 -0.000429 2674.0
0.000424 -0.000429 2675.0
0.000424 -0.000429 2676.0
0.000424 -0.000429 2677.0
0.000424 -0.000429 2678.0
0.000424 -0.000429 2679.0
0.000424 -0.000429 2680.0
0.000424 -0.000429 2681.0
0.000424 -0.000428 2682.0
0.000424 -0.000428 2683.0
0.000424 -0.000428 2684.0
0.000424 -0.000428 2685.0
0.000424 -0.000428 2686.0
0.000424 -0.000428 2687.0
0.000424 -0.000428 2688.0
0.000424 -0.000428 2689.0
0.000424 -0.000428 2690.0
0.000424 -0.000428 2691.0
0.000424 -0.000428 2692.0
0.000424 -0.000428 2693.0
0.000424 -0.000428 2694.0
0.000424 -0.000428 2695.0
0.000424 -0.000428 2696.0
0.000424 -0.000428 2697.0
0.000424 -0.000428 2698.0
0.000424 -0.000428 2699.0
0.000424 -0.000428 2700.0
0.000424 -0.000428 2701.0
0.000424 -0.000428 2702.0
0.000424 -0.000428 2703.0
0.000424 -0.000428 2704.0
0.000424 -0.000428 2705.0
0.000424 -0.000428 2706.0
0.000424 -0.000428 2707.0
0.000424 -0.000428 2708.0
0.000424 -0.000428 2709.0
0.000424 -0.000428 2710.0
0.000424 -0.000428 2711.0
0.000424 -0.000428 2712.0
0.000424 -0.000428 2713.0
0.000424 -0.000428 2714.0
0.000424 -0.000428 2715.0
0.000424 -0.000428 2716.0
0.000424 -0.000428 2717.0
0.000424 -0.000428 2718.0
0.000424 -0.000428 2719.0
0.000424 -0.000428 2720.0
0.000424 -0.000428 2721.0
0.000424 -0.000428 2722.0
0.000424 -0.000428 2723.0
0.000424 -0.000428 2724.0
0.000424 -0.000428 2725.0
0.000424 -0.000428 2726.0
0.000424 -0.000428 2727.0
0.000424 -0.000428 2728.0
0.000424 -0.000428 2729.0
0.000424 -0.000428 2730.0
0.000424 -0.000428 2731.0
0.000424 -0.000428 2732.0
0.000424 -0.000428 2733.0
0.000423 -0.000428 2734.0
0.000423 -0.000428 2735.0
0.000423 -0.000428 2736.0
0.000423 -0.000428 2737.0
0.000423 -0.000428 2738.0
0.000423 -0.000428 2739.0
0.000423 -0.000428 2740.0
0.000423 -0.000428 2741.0
0.000423 -0.000428 2742.0
0.000423 -0.000428 2743.0
0.000423 -0.000428 2744.0
0.000423 -0.000428 2745.0
0.000423 -0.000428 2746.0
0.000423 -0.000428 2747.0
0.000423 -0.000428 2748.0
0.000423 -0.000428 2749.0
0.000423 -0.000428 2750.0
0.000423 -0.000428 2751.0
0.000423 -0.000428 2752.0
0.000423 -0.000428 2753.0
0.000423 -0.000428 2754.0
0.000423 -0.000428 2755.0
0.000424 -0.000428 2756.0
0.000424 -0.000428 2757.0
0.000424 -0.000428 2758.0
0.000424 -0.000428 2759.0
0.000424 -0.000428 2760.0
0.000424 -0.000428 2761.0
0.000424 -0.000428 2762.0
0.000424 -0.000428 2763.0
0.000424 -0.000428 2764.0
0.000424 -0.000428 2765.0
0.000424 -0.000428 2766.0
0.000424 -0.000428 2767.0
0.000424 -0.000428 2768.0
0.000424 -0.000428 2769.0
0.000424 -0.000428 2770.0
0.000424 -0.000427 2771.0
0.000424 -0.000427 2772.0
0.000424 -0.000427 2773.0
0.000424 -0.000427 2774.0
0.000424 -0.000427 2775.0
0.000424 -0.000427 2776.0
0.000424 -0.000427 2777.0
0.000424 -0.000427 2778.0
0.000424 -0.000427 2779.0
0.000424 -0.000427 2780.0
0.000424 -0.000427 2781.0
0.000424 -0.000427 2782.0
0.000424 -0.000427 2783.0
0.000424 -0.000427 2784.0
0.000424 -0.000427 2785.0
0.000424 -0.000427 2786.0
0.000424 -0.000427 2787.0
0.000424 -0.000427 2788.0
0.000424 -0.000427 2789.0
0.000424 -0.000427 2790.0
0.000424 -0.000427 2791.0
0.000424 -0.000427 2792.0
0.000424 -0.000427 2793.0
0.000424 -0.000427 2794.0
0.000424 -0.000427 2795.0
0.000424 -0.000427 2796.0
0.000424 -0.000427 2797.0
0.000424 -0.000427 2798.0
0.000424 -0.000427 2799.0
0.000424 -0.000427 2800.0
0.000424 -0.000427 2801.0
0.000424 -0.000427 2802.0
0.000424 -0.000427 2803.0
0.000424 -0.000427 2804.0
0.000424 -0.000427 2805.0
0.000424 -0.000427 2806.0
0.000424 -0.000427 2807.0
