0.000372 -0.001048 48.0
0.000372 -0.001048 49.0
0.000373 -0.001048 50.0
0.000373 -0.001048 51.0
0.000374 -0.001048 52.0
0.000374 -0.001048 53.0
0.000374 -0.001048 54.0
0.000375 -0.001048 55.0
0.000375 -0.001048 56.0
0.000376 -0.001048 57.0
0.000376 -0.001048 58.0
0.000377 -0.001048 59.0
0.000377 -0.001048 60.0
0.000378 -0.001048 61.0
0.000378 -0.001048 62.0
0.000379 -0.001048 63.0
0.000379 -0.001048 64.0
0.000379 -0.001048 65.0
0.000380 -0.001048 66.0
0.000380 -0.001049 67.0
0.000381 -0.001049 68.0
0.000381 -0.001049 69.0
0.000382 -0.001049 70.0
0.000382 -0.001049 71.0
0.000383 -0.001049 72.0
0.000383 -0.001049 73.0
0.000383 -0.001049 74.0
0.000384 -0.001049 75.0
0.000384 -0.001049 76.0
0.000385 -0.001049 77.0
0.000385 -0.001049 78.0
0.000386 -0.001049 79.0
0.000386 -0.001049 80.0
0.000387 -0.001049 81.0
0.000387 -0.001049 82.0
0.000387 -0.001049 83.0
0.000388 -0.001049 84.0
0.000388 -0.001049 85.0
0.000389 -0.001049 86.0
0.000389 -0.001049 87.0
0.000390 -0.001049 88.0
0.000390 -0.001049 89.0
0.000391 -0.001049 90.0
0.000391 -0.001049 91.0
0.000392 -0.001049 92.0
0.000392 -0.001049 93.0
0.000392 -0.001049 94.0
0.000393 -0.001049 95.0
0.000393 -0.001049 96.0
0.000394 -0.001050 97.0
0.000394 -0.001049 98.0
0.000395 -0.001049 99.0
0.000396 -0.001049 100.0
0.000397 -0.001050 101.0
0.000398 -0.001050 102.0
0.000399 -0.001050 103.0
0.000400 -0.001050 104.0
0.000401 -0.001050 105.0
0.000402 -0.001050 106.0
0.000403 -0.001050 107.0
0.000404 -0.001050 108.0
0.000405 -0.001050 109.0
0.000406 -0.001050 110.0
0.000407 -0.001051 111.0
0.000408 -0.001051 112.0
0.000409 -0.001051 113.0
0.000410 -0.001051 114.0
0.000411 -0.001051 115.0
0.000412 -0.001051 116.0
0.000413 -0.001051 117.0
0.000414 -0.001051 118.0
0.000416 -0.001051 119.0
0.000417 -0.001051 120.0
0.000418 -0.001052 121.0
0.000419 -0.001052 122.0
0.000420 -0.001052 123.0
0.000421 -0.001052 124.0
0.000422 -0.001052 125.0
0.000423 -0.001052 126.0
0.000424 -0.001052 127.0
0.000425 -0.001052 128.0
0.000426 -0.001052 129.0
0.000427 -0.001052 130.0
0.000428 -0.001053 131.0
0.000429 -0.001053 132.0
0.000430 -0.001053 133.0
0.000431 -0.001053 134.0
0.000432 -0.001053 135.0
0.000433 -0.001053 136.0
0.000434 -0.001053 137.0
0.000435 -0.001053 138.0
0.000436 -0.001053 139.0
0.000437 -0.001054 140.0
0.000438 -0.001054 141.0
0.000439 -0.001054 142.0
0.000440 -0.001054 143.0
0.000441 -0.001054 144.0
0.000442 -0.001054 145.0
0.000444 -0.001054 146.0
0.000445 -0.001054 147.0
0.000446 -0.001054 148.0
0.000447 -0.001054 149.0
0.000448 -0.001055 150.0
0.000449 -0.001055 151.0
0.000450 -0.001055 152.0
0.000451 -0.001055 153.0
0.000452 -0.001055 154.0
0.000453 -0.001055 155.0
0.000454 -0.001055 156.0
0.000455 -0.001055 157.0
0.000455 -0.001054 158.0
0.000456 -0.001054 159.0
0.000457 -0.001054 160.0
0.000458 -0.001054 161.0
0.000458 -0.001054 162.0
0.000459 -0.001054 163.0
0.000460 -0.001055 164.0
0.000461 -0.001055 165.0
0.000462 -0.001055 166.0
0.000463 -0.001055 167.0
0.000464 -0.001055 168.0
0.000465 -0.001055 169.0
0.000466 -0.001055 170.0
0.000466 -0.001055 171.0
0.000467 -0.001055 172.0
0.000468 -0.001055 173.0
0.000469 -0.001055 174.0
0.000470 -0.001056 175.0
0.000471 -0.001056 176.0
0.000472 -0.001056 177.0
0.000473 -0.001056 178.0
0.000473 -0.001056 179.0
0.000474 -0.001056 180.0
0.000475 -0.001056 181.0
0.000476 -0.001056 182.0
0.000477 -0.001056 183.0
0.000478 -0.001056 184.0
0.000479 -0.001056 185.0
0.000480 -0.001057 186.0
0.000480 -0.001057 187.0
0.000481 -0.001057 188.0
0.000482 -0.001057 189.0
0.000483 -0.001057 190.0
0.000484 -0.001057 191.0
0.000485 -0.001057 192.0
0.000486 -0.001057 193.0
0.000487 -0.001057 194.0
0.000487 -0.001057 195.0
0.000488 -0.001057 196.0
0.000489 -0.001057 197.0
0.000490 -0.001058 198.0
0.000491 -0.001058 199.0
0.000492 -0.001058 200.0
0.000493 -0.001058 201.0
0.000494 -0.001058 202.0
0.000494 -0.001058 203.0
0.000495 -0.001058 204.0
0.000496 -0.001058 205.0
0.000497 -0.001058 206.0
0.000498 -0.001058 207.0
0.000499 -0.001058 208.0
0.000500 -0.001059 209.0
0.000501 -0.001059 210.0
0.000501 -0.001059 211.0
0.000502 -0.001059 212.0
0.000503 -0.001059 213.0
0.000504 -0.001059 214.0
0.000505 -0.001059 215.0
0.000506 -0.001059 216.0
0.000507 -0.001059 217.0
0.000508 -0.001059 218.0
0.000508 -0.001058 219.0
0.000508 -0.001058 220.0
0.000508 -0.001058 221.0
0.000508 -0.001057 222.0
0.000508 -0.001057 223.0
0.000508 -0.001056 224.0
0.000508 -0.001056 225.0
0.000508 -0.001056 226.0
0.000509 -0.001055 227.0
0.000509 -0.001055 228.0
0.000509 -0.001055 229.0
0.000509 -0.001054 230.0
0.000509 -0.001054 231.0
0.000509 -0.001053 232.0
0.000509 -0.001053 233.0
0.000510 -0.001053 234.0
0.000510 -0.001052 235.0
0.000510 -0.001052 236.0
0.000510 -0.001052 237.0
0.000510 -0.001051 238.0
0.000510 -0.001051 239.0
0.000510 -0.001050 240.0
0.000510 -0.001050 241.0
0.000511 -0.001050 242.0
0.000511 -0.001049 243.0
0.000511 -0.001049 244.0
0.000511 -0.001049 245.0
0.000511 -0.001048 246.0
0.000511 -0.001048 247.0
0.000511 -0.001047 248.0
0.000511 -0.001047 249.0
0.000512 -0.001047 250.0
0.000512 -0.001046 251.0
0.000512 -0.001046 252.0
0.000512 -0.001046 253.0
0.000512 -0.001045 254.0
0.000512 -0.001045 255.0
0.000512 -0.001044 256.0
0.000512 -0.001044 257.0
0.000513 -0.001044 258.0
0.000513 -0.001043 259.0
0.000513 -0.001043 260.0
0.000513 -0.001042 261.0
0.000513 -0.001042 262.0
0.000513 -0.001042 263.0
0.000513 -0.001041 264.0
0.000513 -0.001041 265.0
0.000514 -0.001041 266.0
0.000514 -0.001040 267.0
0.000514 -0.001040 268.0
0.000514 -0.001039 269.0
0.000514 -0.001039 270.0
0.000514 -0.001039 271.0
0.000514 -0.001038 272.0
0.000514 -0.001038 273.0
0.000515 -0.001038 274.0
0.000515 -0.001037 275.0
0.000515 -0.001037 276.0
0.000515 -0.001036 277.0
0.000515 -0.001036 278.0
0.000515 -0.001036 279.0
0.000515 -0.001035 280.0
0.000515 -0.001035 281.0
0.000516 -0.001035 282.0
0.000516 -0.001034 283.0
0.000516 -0.001034 284.0
0.000516 -0.001033 285.0
0.000516 -0.001033 286.0
0.000516 -0.001033 287.0
0.000516 -0.001032 288.0
0.000516 -0.001032 289.0
0.000517 -0.001032 290.0
0.000517 -0.001031 291.0
0.000519 -0.001032 292.0
0.000519 -0.001032 293.0
0.000519 -0.001031 294.0
0.000519 -0.001031 295.0
0.000519 -0.001030 296.0
0.000519 -0.001029 297.0
0.000519 -0.001029 298.0
0.000519 -0.001028 299.0
0.000519 -0.001027 300.0
0.000519 -0.001027 301.0
0.000519 -0.001026 302.0
0.000519 -0.001026 303.0
0.000519 -0.001025 304.0
0.000519 -0.001024 305.0
0.000519 -0.001024 306.0
0.000519 -0.001023 307.0
0.000519 -0.001023 308.0
0.000519 -0.001022 309.0
0.000519 -0.001021 310.0
0.000519 -0.001021 311.0
0.000519 -0.001020 312.0
0.000519 -0.001020 313.0
0.000519 -0.001019 314.0
0.000519 -0.001018 315.0
0.000519 -0.001018 316.0
0.000519 -0.001017 317.0
0.000519 -0.001017 318.0
0.000519 -0.001016 319.0
0.000519 -0.001015 320.0
0.000519 -0.001015 321.0
0.000519 -0.001014 322.0
0.000519 -0.001014 323.0
0.000519 -0.001013 324.0
0.000519 -0.001012 325.0
0.000519 -0.001012 326.0
0.000519 -0.001011 327.0
0.000519 -0.001011 328.0
0.000519 -0.001010 329.0
0.000519 -0.001009 330.0
0.000519 -0.001009 331.0
0.000519 -0.001008 332.0
0.000519 -0.001007 333.0
0.000519 -0.001007 334.0
0.000519 -0.001006 335.0
0.000519 -0.001006 336.0
0.000520 -0.001005 337.0
0.000520 -0.001004 338.0
0.000520 -0.001004 339.0
0.000520 -0.001003 340.0
0.000520 -0.001003 341.0
0.000520 -0.001002 342.0
0.000520 -0.001001 343.0
0.000520 -0.001001 344.0
0.000520 -0.001000 345.0
0.000520 -0.001000 346.0
0.000520 -0.000999 347.0
0.000520 -0.000998 348.0
0.000520 -0.000998 349.0
0.000520 -0.000997 350.0
0.000520 -0.000997 351.0
0.000520 -0.000996 352.0
0.000520 -0.000995 353.0
0.000520 -0.000995 354.0
0.000520 -0.000994 355.0
0.000520 -0.000994 356.0
0.000520 -0.000993 357.0
0.000520 -0.000992 358.0
0.000520 -0.000992 359.0
0.000520 -0.000991 360.0
0.000520 -0.000991 361.0
0.000520 -0.000990 362.0
0.000520 -0.000989 363.0
0.000520 -0.000989 364.0
0.000520 -0.000988 365.0
0.000520 -0.000987 366.0
0.000520 -0.000987 367.0
0.000520 -0.000986 368.0
0.000520 -0.000986 369.0
0.000520 -0.000985 370.0
0.000520 -0.000984 371.0
0.000520 -0.000984 372.0
0.000520 -0.000983 373.0
0.000520 -0.000983 374.0
0.000520 -0.000982 375.0
0.000520 -0.000981 376.0
0.000520 -0.000981 377.0
0.000520 -0.000980 378.0
0.000520 -0.000980 379.0
0.000520 -0.000979 380.0
0.000520 -0.000978 381.0
0.000520 -0.000978 382.0
0.000521 -0.000977 383.0
0.000521 -0.000977 384.0
0.000521 -0.000976 385.0
0.000521 -0.000975 386.0
0.000521 -0.000975 387.0
0.000521 -0.000974 388.0
0.000521 -0.000974 389.0
0.000521 -0.000973 390.0
0.000521 -0.000972 391.0
0.000521 -0.000972 392.0
0.000521 -0.000971 393.0
0.000521 -0.000971 394.0
0.000521 -0.000970 395.0
0.000521 -0.000969 396.0
0.000521 -0.000969 397.0
0.000521 -0.000968 398.0
0.000521 -0.000967 399.0
0.000521 -0.000967 400.0
0.000521 -0.000966 401.0
0.000521 -0.000966 402.0
0.000521 -0.000965 403.0
0.000521 -0.000964 404.0
0.000521 -0.000964 405.0
0.000521 -0.000963 406.0
0.000521 -0.000963 407.0
0.000521 -0.000962 408.0
0.000521 -0.000961 409.0
0.000521 -0.000961 410.0
0.000521 -0.000960 411.0
0.000521 -0.000960 412.0
0.000521 -0.000959 413.0
0.000521 -0.000958 414.0
0.000521 -0.000958 415.0
0.000521 -0.000957 416.0
0.000521 -0.000957 417.0
0.000521 -0.000956 418.0
0.000521 -0.000955 419.0
0.000521 -0.000955 420.0
0.000521 -0.000954 421.0
0.000521 -0.000954 422.0
0.000521 -0.000953 423.0
0.000521 -0.000952 424.0
0.000521 -0.000952 425.0
0.000521 -0.000951 426.0
0.000521 -0.000951 427.0
0.000521 -0.000950 428.0
0.000521 -0.000949 429.0
0.000522 -0.000949 430.0
0.000522 -0.000948 431.0
0.000522 -0.000948 432.0
0.000522 -0.000947 433.0
0.000522 -0.000946 434.0
0.000522 -0.000946 435.0
0.000522 -0.000945 436.0
0.000522 -0.000944 437.0
0.000522 -0.000944 438.0
0.000522 -0.000943 439.0
0.000522 -0.000943 440.0
0.000522 -0.000942 441.0
0.000522 -0.000941 442.0
0.000522 -0.000941 443.0
0.000522 -0.000940 444.0
0.000522 -0.000940 445.0
0.000522 -0.000939 446.0
0.000522 -0.000938 447.0
0.000522 -0.000938 448.0
0.000522 -0.000937 449.0
0.000522 -0.000937 450.0
0.000522 -0.000936 451.0
0.000522 -0.000935 452.0
0.000522 -0.000935 453.0
0.000522 -0.000934 454.0
0.000522 -0.000934 455.0
0.000522 -0.000933 456.0
0.000522 -0.000932 457.0
0.000522 -0.000932 458.0
0.000522 -0.000931 459.0
0.000522 -0.000931 460.0
0.000522 -0.000930 461.0
0.000522 -0.000929 462.0
0.000522 -0.000929 463.0
0.000522 -0.000928 464.0
0.000522 -0.000928 465.0
0.000522 -0.000927 466.0
0.000522 -0.000926 467.0
0.000523 -0.000926 468.0
0.000523 -0.000926 469.0
0.000523 -0.000925 470.0
0.000524 -0.000924 471.0
0.000524 -0.000923 472.0
0.000524 -0.000922 473.0
0.000524 -0.000922 474.0
0.000524 -0.000921 475.0
0.000524 -0.000920 476.0
0.000524 -0.000919 477.0
0.000524 -0.000919 478.0
0.000524 -0.000918 479.0
0.000525 -0.000917 480.0
0.000525 -0.000916 481.0
0.000525 -0.000915 482.0
0.000525 -0.000915 483.0
0.000525 -0.000914 484.0
0.000525 -0.000913 485.0
0.000525 -0.000912 486.0
0.000525 -0.000912 487.0
0.000525 -0.000911 488.0
0.000526 -0.000910 489.0
0.000526 -0.000909 490.0
0.000526 -0.000908 491.0
0.000526 -0.000908 492.0
0.000526 -0.000907 493.0
0.000526 -0.000906 494.0
0.000526 -0.000905 495.0
0.000526 -0.000905 496.0
0.000526 -0.000904 497.0
0.000527 -0.000903 498.0
0.000527 -0.000902 499.0
0.000527 -0.000901 500.0
0.000527 -0.000901 501.0
0.000527 -0.000900 502.0
0.000527 -0.000899 503.0
0.000527 -0.000898 504.0
0.000527 -0.000898 505.0
0.000527 -0.000897 506.0
0.000527 -0.000896 507.0
0.000528 -0.000895 508.0
0.000528 -0.000894 509.0
0.000528 -0.000894 510.0
0.000528 -0.000893 511.0
0.000528 -0.000892 512.0
0.000528 -0.000891 513.0
0.000528 -0.000890 514.0
0.000528 -0.000890 515.0
0.000528 -0.000889 516.0
0.000529 -0.000888 517.0
0.000529 -0.000887 518.0
0.000530 -0.000888 519.0
0.000530 -0.000887 520.0
0.000531 -0.000887 521.0
0.000531 -0.000887 522.0
0.000532 -0.000887 523.0
0.000532 -0.000887 524.0
0.000533 -0.000886 525.0
0.000533 -0.000886 526.0
0.000534 -0.000886 527.0
0.000534 -0.000886 528.0
0.000534 -0.000885 529.0
0.000535 -0.000885 530.0
0.000535 -0.000885 531.0
0.000536 -0.000885 532.0
0.000536 -0.000884 533.0
0.000537 -0.000884 534.0
0.000537 -0.000884 535.0
0.000537 -0.000884 536.0
0.000538 -0.000883 537.0
0.000538 -0.000883 538.0
0.000539 -0.000883 539.0
0.000539 -0.000883 540.0
0.000540 -0.000882 541.0
0.000540 -0.000882 542.0
0.000540 -0.000882 543.0
0.000541 -0.000882 544.0
0.000541 -0.000881 545.0
0.000542 -0.000881 546.0
0.000542 -0.000881 547.0
0.000543 -0.000881 548.0
0.000543 -0.000881 549.0
0.000543 -0.000880 550.0
0.000544 -0.000880 551.0
0.000544 -0.000880 552.0
0.000545 -0.000880 553.0
0.000545 -0.000879 554.0
0.000546 -0.000879 555.0
0.000546 -0.000879 556.0
0.000547 -0.000879 557.0
0.000547 -0.000878 558.0
0.000547 -0.000878 559.0
0.000548 -0.000878 560.0
0.000548 -0.000878 561.0
0.000549 -0.000877 562.0
0.000549 -0.000877 563.0
0.000550 -0.000877 564.0
0.000550 -0.000877 565.0
0.000550 -0.000876 566.0
0.000551 -0.000876 567.0
0.000551 -0.000876 568.0
0.000552 -0.000876 569.0
0.000552 -0.000876 570.0
0.000553 -0.000875 571.0
0.000553 -0.000875 572.0
0.000553 -0.000875 573.0
0.000554 -0.000875 574.0
0.000554 -0.000874 575.0
0.000555 -0.000874 576.0
0.000555 -0.000874 577.0
0.000556 -0.000874 578.0
0.000556 -0.000876 579.0
0.000557 -0.000876 580.0
0.000557 -0.000875 581.0
0.000557 -0.000875 582.0
0.000557 -0.000875 583.0
0.000557 -0.000874 584.0
0.000557 -0.000874 585.0
0.000557 -0.000874 586.0
0.000557 -0.000873 587.0
0.000557 -0.000873 588.0
0.000557 -0.000873 589.0
0.000557 -0.000872 590.0
0.000557 -0.000872 591.0
0.000557 -0.000872 592.0
0.000558 -0.000871 593.0
0.000558 -0.000871 594.0
0.000558 -0.000871 595.0
0.000558 -0.000870 596.0
0.000558 -0.000870 597.0
0.000558 -0.000869 598.0
0.000558 -0.000869 599.0
0.000558 -0.000869 600.0
0.000558 -0.000868 601.0
0.000558 -0.000868 602.0
0.000558 -0.000868 603.0
0.000558 -0.000867 604.0
0.000558 -0.000867 605.0
0.000559 -0.000867 606.0
0.000559 -0.000866 607.0
0.000559 -0.000866 608.0
0.000559 -0.000866 609.0
0.000559 -0.000865 610.0
0.000559 -0.000865 611.0
0.000559 -0.000865 612.0
0.000559 -0.000864 613.0
0.000559 -0.000864 614.0
0.000559 -0.000863 615.0
0.000559 -0.000863 616.0
0.000559 -0.000863 617.0
0.000560 -0.000862 618.0
0.000560 -0.000862 619.0
0.000560 -0.000862 620.0
0.000560 -0.000861 621.0
0.000560 -0.000861 622.0
0.000560 -0.000861 623.0
0.000560 -0.000860 624.0
0.000560 -0.000860 625.0
0.000560 -0.000860 626.0
0.000560 -0.000859 627.0
0.000560 -0.000859 628.0
0.000560 -0.000859 629.0
0.000560 -0.000858 630.0
0.000561 -0.000858 631.0
0.000561 -0.000857 632.0
0.000561 -0.000857 633.0
0.000561 -0.000857 634.0
0.000561 -0.000856 635.0
0.000561 -0.000856 636.0
0.000561 -0.000856 637.0
0.000561 -0.000855 638.0
0.000561 -0.000855 639.0
0.000561 -0.000855 640.0
0.000561 -0.000854 641.0
0.000561 -0.000854 642.0
0.000561 -0.000854 643.0
0.000562 -0.000853 644.0
0.000562 -0.000853 645.0
0.000562 -0.000853 646.0
0.000562 -0.000852 647.0
0.000562 -0.000852 648.0
0.000562 -0.000851 649.0
0.000562 -0.000851 650.0
0.000562 -0.000851 651.0
0.000562 -0.000850 652.0
0.000562 -0.000850 653.0
0.000562 -0.000850 654.0
0.000562 -0.000849 655.0
0.000563 -0.000849 656.0
0.000563 -0.000849 657.0
0.000563 -0.000848 658.0
0.000563 -0.000848 659.0
0.000563 -0.000848 660.0
0.000563 -0.000847 661.0
0.000563 -0.000847 662.0
0.000563 -0.000847 663.0
0.000563 -0.000846 664.0
0.000563 -0.000846 665.0
0.000563 -0.000846 666.0
0.000563 -0.000845 667.0
0.000563 -0.000845 668.0
0.000564 -0.000844 669.0
0.000565 -0.000845 670.0
0.000565 -0.000845 671.0
0.000565 -0.000845 672.0
0.000565 -0.000845 673.0
0.000565 -0.000845 674.0
0.000565 -0.000845 675.0
0.000565 -0.000845 676.0
0.000565 -0.000845 677.0
0.000565 -0.000845 678.0
0.000565 -0.000845 679.0
0.000565 -0.000845 680.0
0.000565 -0.000845 681.0
0.000565 -0.000845 682.0
0.000565 -0.000845 683.0
0.000565 -0.000845 684.0
0.000565 -0.000845 685.0
0.000565 -0.000845 686.0
0.000565 -0.000845 687.0
0.000565 -0.000845 688.0
0.000565 -0.000845 689.0
0.000565 -0.000845 690.0
0.000565 -0.000845 691.0
0.000565 -0.000845 692.0
0.000565 -0.000845 693.0
0.000565 -0.000845 694.0
0.000565 -0.000845 695.0
0.000565 -0.000845 696.0
0.000565 -0.000845 697.0
0.000565 -0.000845 698.0
0.000565 -0.000845 699.0
0.000565 -0.000845 700.0
0.000565 -0.000845 701.0
0.000565 -0.000845 702.0
0.000565 -0.000845 703.0
0.000565 -0.000845 704.0
0.000565 -0.000845 705.0
0.000565 -0.000845 706.0
0.000565 -0.000845 707.0
0.000565 -0.000845 708.0
0.000565 -0.000845 709.0
0.000565 -0.000845 710.0
0.000565 -0.000845 711.0
0.000565 -0.000845 712.0
0.000565 -0.000845 713.0
0.000565 -0.000845 714.0
0.000565 -0.000845 715.0
0.000565 -0.000845 716.0
0.000565 -0.000845 717.0
0.000565 -0.000845 718.0
0.000565 -0.000845 719.0
0.000565 -0.000845 720.0
0.000565 -0.000845 721.0
0.000565 -0.000845 722.0
0.000565 -0.000845 723.0
0.000565 -0.000845 724.0
0.000565 -0.000845 725.0
0.000565 -0.000845 726.0
0.000565 -0.000845 727.0
0.000565 -0.000845 728.0
0.000565 -0.000845 729.0
0.000565 -0.000845 730.0
0.000565 -0.000845 731.0
0.000565 -0.000845 732.0
0.000565 -0.000845 733.0
0.000565 -0.000845 734.0
0.000565 -0.000845 735.0
0.000565 -0.000845 736.0
0.000565 -0.000845 737.0
0.000565 -0.000845 738.0
0.000565 -0.000845 739.0
0.000565 -0.000845 740.0
0.000565 -0.000845 741.0
0.000565 -0.000845 742.0
0.000565 -0.000845 743.0
0.000565 -0.000845 744.0
0.000565 -0.000845 745.0
0.000565 -0.000845 746.0
0.000565 -0.000845 747.0
0.000565 -0.000845 748.0
0.000565 -0.000845 749.0
0.000565 -0.000845 750.0
0.000565 -0.000845 751.0
0.000565 -0.000845 752.0
0.000565 -0.000845 753.0
0.000565 -0.000845 754.0
0.000565 -0.000845 755.0
0.000565 -0.000845 756.0
0.000565 -0.000845 757.0
0.000565 -0.000845 758.0
0.000565 -0.000845 759.0
0.000565 -0.000845 760.0
0.000565 -0.000845 761.0
0.000565 -0.000845 762.0
0.000565 -0.000845 763.0
0.000565 -0.000845 764.0
0.000565 -0.000845 765.0
0.000565 -0.000845 766.0
0.000565 -0.000845 767.0
0.000565 -0.000845 768.0
0.000565 -0.000845 769.0
0.000565 -0.000845 770.0
0.000565 -0.000845 771.0
0.000565 -0.000845 772.0
0.000565 -0.000845 773.0
0.000565 -0.000845 774.0
0.000565 -0.000845 775.0
0.000565 -0.000845 776.0
0.000565 -0.000845 777.0
0.000565 -0.000845 778.0
0.000565 -0.000845 779.0
0.000565 -0.000845 780.0
0.000565 -0.000845 781.0
0.000565 -0.000845 782.0
0.000565 -0.000845 783.0
0.000565 -0.000845 784.0
0.000565 -0.000845 785.0
0.000565 -0.000845 786.0
0.000565 -0.000845 787.0
0.000565 -0.000845 788.0
0.000565 -0.000845 789.0
0.000565 -0.000845 790.0
0.000565 -0.000845 791.0
0.000565 -0.000845 792.0
0.000565 -0.000845 793.0
0.000565 -0.000845 794.0
0.000565 -0.000845 795.0
0.000565 -0.000845 796.0
0.000565 -0.000845 797.0
0.000565 -0.000845 798.0
0.000565 -0.000845 799.0
0.000565 -0.000845 800.0
0.000565 -0.000845 801.0
0.000565 -0.000845 802.0
0.000565 -0.000845 803.0
0.000565 -0.000845 804.0
0.000565 -0.000845 805.0
0.000565 -0.000845 806.0
0.000565 -0.000845 807.0
0.000565 -0.000845 808.0
0.000565 -0.000845 809.0
0.000565 -0.000845 810.0
0.000565 -0.000845 811.0
0.000565 -0.000845 812.0
0.000565 -0.000845 813.0
0.000565 -0.000845 814.0
0.000565 -0.000845 815.0
0.000565 -0.000845 816.0
0.000565 -0.000845 817.0
0.000565 -0.000845 818.0
0.000565 -0.000845 819.0
0.000565 -0.000845 820.0
0.000565 -0.000845 821.0
0.000565 -0.000845 822.0
0.000565 -0.000845 823.0
0.000565 -0.000845 824.0
0.000565 -0.000845 825.0
0.000565 -0.000845 826.0
0.000565 -0.000845 827.0
0.000565 -0.000845 828.0
0.000565 -0.000845 829.0
0.000565 -0.000845 830.0
0.000565 -0.000845 831.0
0.000565 -0.000845 832.0
0.000565 -0.000845 833.0
0.000565 -0.000845 834.0
0.000565 -0.000845 835.0
0.000565 -0.000845 836.0
0.000565 -0.000845 837.0
0.000565 -0.000845 838.0
0.000565 -0.000845 839.0
0.000565 -0.000845 840.0
0.000565 -0.000845 841.0
0.000565 -0.000845 842.0
0.000565 -0.000845 843.0
0.000565 -0.000845 844.0
0.000565 -0.000845 845.0
0.000565 -0.000845 846.0
0.000565 -0.000845 847.0
0.000565 -0.000845 848.0
0.000565 -0.000845 849.0
0.000565 -0.000845 850.0
0.000565 -0.000845 851.0
0.000565 -0.000845 852.0
0.000565 -0.000845 853.0
0.000565 -0.000845 854.0
0.000565 -0.000845 855.0
0.000565 -0.000845 856.0
0.000565 -0.000845 857.0
0.000565 -0.000845 858.0
0.000565 -0.000845 859.0
0.000565 -0.000845 860.0
0.000565 -0.000845 861.0
0.000565 -0.000845 862.0
0.000565 -0.000845 863.0
0.000565 -0.000845 864.0
0.000565 -0.000845 865.0
0.000565 -0.000845 866.0
0.000565 -0.000845 867.0
0.000565 -0.000845 868.0
0.000565 -0.000845 869.0
0.000565 -0.000845 870.0
0.000565 -0.000845 871.0
0.000565 -0.000845 872.0
0.000565 -0.000845 873.0
0.000565 -0.000845 874.0
0.000565 -0.000845 875.0
0.000565 -0.000845 876.0
0.000565 -0.000845 877.0
0.000565 -0.000845 878.0
0.000565 -0.000845 879.0
0.000565 -0.000845 880.0
0.000565 -0.000845 881.0
0.000565 -0.000845 882.0
0.000565 -0.000845 883.0
0.000565 -0.000845 884.0
0.000565 -0.000845 885.0
0.000565 -0.000845 886.0
0.000565 -0.000845 887.0
0.000565 -0.000845 888.0
0.000565 -0.000845 889.0
0.000565 -0.000845 890.0
0.000565 -0.000845 891.0
0.000565 -0.000845 892.0
0.000565 -0.000845 893.0
0.000565 -0.000845 894.0
0.000565 -0.000845 895.0
0.000565 -0.000845 896.0
0.000565 -0.000845 897.0
0.000565 -0.000845 898.0
0.000565 -0.000845 899.0
0.000565 -0.000845 900.0
0.000565 -0.000845 901.0
0.000565 -0.000845 902.0
0.000565 -0.000845 903.0
0.000565 -0.000845 904.0
0.000565 -0.000845 905.0
0.000565 -0.000845 906.0
0.000565 -0.000845 907.0
0.000565 -0.000845 908.0
0.000565 -0.000845 909.0
0.000565 -0.000845 910.0
0.000565 -0.000845 911.0
0.000565 -0.000845 912.0
0.000565 -0.000845 913.0
0.000565 -0.000845 914.0
0.000565 -0.000845 915.0
0.000565 -0.000845 916.0
0.000565 -0.000845 917.0
0.000565 -0.000845 918.0
0.000565 -0.000845 919.0
0.000565 -0.000845 920.0
0.000565 -0.000845 921.0
0.000565 -0.000845 922.0
0.000565 -0.000845 923.0
0.000565 -0.000845 924.0
0.000565 -0.000845 925.0
0.000565 -0.000845 926.0
0.000565 -0.000845 927.0
0.000565 -0.000845 928.0
0.000565 -0.000845 929.0
0.000565 -0.000845 930.0
0.000565 -0.000845 931.0
0.000565 -0.000845 932.0
0.000565 -0.000845 933.0
0.000565 -0.000845 934.0
0.000565 -0.000845 935.0
0.000565 -0.000845 936.0
0.000565 -0.000845 937.0
0.000565 -0.000845 938.0
0.000565 -0.000845 939.0
0.000565 -0.000845 940.0
0.000565 -0.000845 941.0
0.000565 -0.000845 942.0
0.000565 -0.000845 943.0
0.000565 -0.000845 944.0
0.000565 -0.000845 945.0
0.000565 -0.000845 946.0
0.000565 -0.000845 947.0
0.000565 -0.000845 948.0
0.000565 -0.000845 949.0
0.000565 -0.000845 950.0
0.000565 -0.000845 951.0
0.000565 -0.000845 952.0
0.000565 -0.000845 953.0
0.000565 -0.000845 954.0
0.000565 -0.000845 955.0
0.000565 -0.000845 956.0
0.000565 -0.000845 957.0
0.000565 -0.000845 958.0
0.000565 -0.000845 959.0
0.000565 -0.000845 960.0
0.000565 -0.000845 961.0
0.000565 -0.000845 962.0
0.000565 -0.000845 963.0
0.000565 -0.000845 964.0
0.000565 -0.000845 965.0
0.000565 -0.000845 966.0
0.000565 -0.000845 967.0
0.000565 -0.000845 968.0
0.000565 -0.000845 969.0
0.000565 -0.000845 970.0
0.000565 -0.000845 971.0
0.000565 -0.000845 972.0
0.000565 -0.000845 973.0
0.000565 -0.000845 974.0
0.000565 -0.000845 975.0
0.000565 -0.000845 976.0
0.000565 -0.000845 977.0
0.000565 -0.000845 978.0
0.000565 -0.000845 979.0
0.000565 -0.000845 980.0
0.000565 -0.000845 981.0
0.000565 -0.000845 982.0
0.000565 -0.000845 983.0
0.000565 -0.000845 984.0
0.000565 -0.000845 985.0
0.000565 -0.000845 986.0
0.000565 -0.000845 987.0
0.000565 -0.000845 988.0
0.000565 -0.000845 989.0
0.000565 -0.000845 990.0
0.000565 -0.000845 991.0
0.000565 -0.000845 992.0
0.000565 -0.000845 993.0
0.000565 -0.000845 994.0
0.000565 -0.000845 995.0
0.000565 -0.000845 996.0
0.000565 -0.000845 997.0
0.000565 -0.000845 998.0
0.000565 -0.000845 999.0
0.000565 -0.000845 1000.0
0.000565 -0.000845 1001.0
0.000565 -0.000845 1002.0
0.000565 -0.000845 1003.0
0.000565 -0.000845 1004.0
0.000565 -0.000845 1005.0
0.000565 -0.000845 1006.0
0.000565 -0.000845 1007.0
0.000565 -0.000845 1008.0
0.000565 -0.000845 1009.0
0.000565 -0.000845 1010.0
0.000565 -0.000845 1011.0
0.000565 -0.000845 1012.0
0.000565 -0.000845 1013.0
0.000565 -0.000845 1014.0
0.000565 -0.000845 1015.0
0.000565 -0.000845 1016.0
0.000565 -0.000845 1017.0
0.000565 -0.000845 1018.0
0.000565 -0.000845 1019.0
0.000565 -0.000845 1020.0
0.000565 -0.000845 1021.0
0.000565 -0.000845 1022.0
0.000565 -0.000845 1023.0
0.000565 -0.000845 1024.0
0.000565 -0.000845 1025.0
0.000565 -0.000845 1026.0
0.000565 -0.000845 1027.0
0.000565 -0.000845 1028.0
0.000565 -0.000845 1029.0
0.000565 -0.000845 1030.0
0.000565 -0.000845 1031.0
0.000565 -0.000845 1032.0
0.000565 -0.000845 1033.0
0.000565 -0.000845 1034.0
0.000565 -0.000845 1035.0
0.000565 -0.000845 1036.0
0.000565 -0.000845 1037.0
0.000565 -0.000845 1038.0
0.000565 -0.000845 1039.0
0.000565 -0.000845 1040.0
0.000565 -0.000845 1041.0
0.000565 -0.000845 1042.0
0.000565 -0.000845 1043.0
0.000565 -0.000845 1044.0
0.000565 -0.000845 1045.0
0.000565 -0.000845 1046.0
0.000565 -0.000845 1047.0
0.000565 -0.000845 1048.0
0.000565 -0.000845 1049.0
0.000565 -0.000845 1050.0
0.000565 -0.000845 1051.0
0.000565 -0.000845 1052.0
0.000565 -0.000845 1053.0
0.000565 -0.000845 1054.0
0.000565 -0.000845 1055.0
0.000565 -0.000845 1056.0
0.000565 -0.000845 1057.0
0.000565 -0.000845 1058.0
0.000565 -0.000845 1059.0
0.000565 -0.000845 1060.0
0.000565 -0.000845 1061.0
0.000565 -0.000845 1062.0
0.000565 -0.000845 1063.0
0.000565 -0.000845 1064.0
0.000565 -0.000845 1065.0
0.000565 -0.000845 1066.0
0.000565 -0.000845 1067.0
0.000565 -0.000845 1068.0
0.000565 -0.000845 1069.0
0.000565 -0.000845 1070.0
0.000565 -0.000845 1071.0
0.000565 -0.000845 1072.0
0.000565 -0.000845 1073.0
0.000565 -0.000845 1074.0
0.000565 -0.000845 1075.0
0.000565 -0.000845 1076.0
0.000565 -0.000845 1077.0
0.000565 -0.000845 1078.0
0.000565 -0.000845 1079.0
0.000565 -0.000845 1080.0
0.000565 -0.000845 1081.0
0.000565 -0.000845 1082.0
0.000565 -0.000845 1083.0
0.000565 -0.000845 1084.0
0.000565 -0.000845 1085.0
0.000565 -0.000845 1086.0
0.000565 -0.000845 1087.0
0.000565 -0.000845 1088.0
0.000565 -0.000845 1089.0
0.000565 -0.000845 1090.0
0.000565 -0.000845 1091.0
0.000565 -0.000845 1092.0
0.000565 -0.000845 1093.0
0.000565 -0.000845 1094.0
0.000565 -0.000845 1095.0
0.000565 -0.000845 1096.0
0.000565 -0.000845 1097.0
0.000565 -0.000845 1098.0
0.000564 -0.000845 1099.0
0.000564 -0.000845 1100.0
0.000564 -0.000845 1101.0
0.000564 -0.000845 1102.0
0.000564 -0.000845 1103.0
0.000564 -0.000845 1104.0
0.000564 -0.000845 1105.0
0.000564 -0.000845 1106.0
0.000564 -0.000845 1107.0
0.000564 -0.000845 1108.0
0.000564 -0.000845 1109.0
0.000564 -0.000845 1110.0
0.000564 -0.000845 1111.0
0.000564 -0.000845 1112.0
0.000564 -0.000845 1113.0
0.000564 -0.000845 1114.0
0.000564 -0.000845 1115.0
0.000564 -0.000845 1116.0
0.000564 -0.000845 1117.0
0.000564 -0.000845 1118.0
0.000564 -0.000845 1119.0
0.000564 -0.000845 1120.0
0.000564 -0.000845 1121.0
0.000564 -0.000845 1122.0
0.000564 -0.000845 1123.0
0.000564 -0.000845 1124.0
0.000564 -0.000845 1125.0
0.000564 -0.000845 1126.0
0.000564 -0.000845 1127.0
0.000564 -0.000845 1128.0
0.000564 -0.000845 1129.0
0.000564 -0.000845 1130.0
0.000564 -0.000845 1131.0
0.000564 -0.000845 1132.0
0.000564 -0.000845 1133.0
0.000564 -0.000845 1134.0
0.000564 -0.000845 1135.0
0.000564 -0.000845 1136.0
0.000564 -0.000845 1137.0
0.000564 -0.000845 1138.0
0.000564 -0.000845 1139.0
0.000564 -0.000845 1140.0
0.000564 -0.000845 1141.0
0.000564 -0.000845 1142.0
0.000564 -0.000845 1143.0
0.000564 -0.000845 1144.0
0.000564 -0.000845 1145.0
0.000564 -0.000845 1146.0
0.000564 -0.000845 1147.0
0.000564 -0.000845 1148.0
0.000564 -0.000845 1149.0
0.000564 -0.000845 1150.0
0.000564 -0.000845 1151.0
0.000564 -0.000845 1152.0
0.000564 -0.000845 1153.0
0.000564 -0.000845 1154.0
0.000564 -0.000845 1155.0
0.000564 -0.000845 1156.0
0.000564 -0.000845 1157.0
0.000564 -0.000845 1158.0
0.000564 -0.000845 1159.0
0.000564 -0.000845 1160.0
0.000564 -0.000845 1161.0
0.000564 -0.000845 1162.0
0.000564 -0.000845 1163.0
0.000564 -0.000845 1164.0
0.000564 -0.000845 1165.0
0.000564 -0.000845 1166.0
0.000564 -0.000845 1167.0
0.000564 -0.000845 1168.0
0.000564 -0.000845 1169.0
0.000564 -0.000845 1170.0
0.000564 -0.000845 1171.0
0.000564 -0.000845 1172.0
0.000564 -0.000845 1173.0
0.000564 -0.000845 1174.0
0.000564 -0.000845 1175.0
0.000564 -0.000845 1176.0
0.000564 -0.000845 1177.0
0.000564 -0.000845 1178.0
0.000564 -0.000845 1179.0
0.000564 -0.000845 1180.0
0.000564 -0.000845 1181.0
0.000564 -0.000845 1182.0
0.000564 -0.000845 1183.0
0.000564 -0.000845 1184.0
0.000564 -0.000845 1185.0
0.000564 -0.000845 1186.0
0.000564 -0.000845 1187.0
0.000564 -0.000845 1188.0
0.000564 -0.000845 1189.0
0.000564 -0.000845 1190.0
0.000564 -0.000845 1191.0
0.000564 -0.000845 1192.0
0.000564 -0.000845 1193.0
0.000564 -0.000845 1194.0
0.000564 -0.000845 1195.0
0.000564 -0.000845 1196.0
0.000564 -0.000845 1197.0
0.000564 -0.000845 1198.0
0.000564 -0.000845 1199.0
0.000564 -0.000845 1200.0
0.000564 -0.000845 1201.0
0.000564 -0.000845 1202.0
0.000564 -0.000845 1203.0
0.000564 -0.000845 1204.0
0.000564 -0.000845 1205.0
0.000564 -0.000845 1206.0
0.000564 -0.000845 1207.0
0.000564 -0.000845 1208.0
0.000564 -0.000845 1209.0
0.000564 -0.000845 1210.0
0.000564 -0.000845 1211.0
0.000564 -0.000845 1212.0
0.000564 -0.000845 1213.0
0.000564 -0.000845 1214.0
0.000564 -0.000845 1215.0
0.000564 -0.000845 1216.0
0.000564 -0.000845 1217.0
0.000564 -0.000845 1218.0
0.000564 -0.000845 1219.0
0.000564 -0.000845 1220.0
0.000564 -0.000845 1221.0
0.000564 -0.000845 1222.0
0.000564 -0.000845 1223.0
0.000564 -0.000845 1224.0
0.000564 -0.000845 1225.0
0.000564 -0.000845 1226.0
0.000564 -0.000845 1227.0
0.000564 -0.000845 1228.0
0.000564 -0.000845 1229.0
0.000564 -0.000845 1230.0
0.000564 -0.000845 1231.0
0.000564 -0.000845 1232.0
0.000564 -0.000845 1233.0
0.000564 -0.000845 1234.0
0.000564 -0.000845 1235.0
0.000564 -0.000845 1236.0
0.000564 -0.000845 1237.0
0.000564 -0.000845 1238.0
0.000564 -0.000845 1239.0
0.000564 -0.000845 1240.0
0.000564 -0.000845 1241.0
0.000564 -0.000845 1242.0
0.000564 -0.000845 1243.0
0.000564 -0.000845 1244.0
0.000565 -0.000845 1245.0
0.000565 -0.000845 1246.0
0.000565 -0.000845 1247.0
0.000565 -0.000845 1248.0
0.000565 -0.000845 1249.0
0.000565 -0.000845 1250.0
0.000565 -0.000845 1251.0
0.000565 -0.000845 1252.0
0.000565 -0.000845 1253.0
0.000565 -0.000845 1254.0
0.000565 -0.000845 1255.0
0.000565 -0.000845 1256.0
0.000565 -0.000845 1257.0
0.000565 -0.000845 1258.0
0.000565 -0.000845 1259.0
0.000565 -0.000845 1260.0
0.000565 -0.000845 1261.0
0.000565 -0.000844 1262.0
0.000565 -0.000844 1263.0
0.000565 -0.000844 1264.0
0.000565 -0.000844 1265.0
0.000565 -0.000844 1266.0
0.000565 -0.000844 1267.0
0.000565 -0.000844 1268.0
0.000565 -0.000844 1269.0
0.000565 -0.000844 1270.0
0.000565 -0.000844 1271.0
0.000565 -0.000844 1272.0
0.000565 -0.000844 1273.0
0.000565 -0.000844 1274.0
0.000565 -0.000844 1275.0
0.000565 -0.000844 1276.0
0.000565 -0.000844 1277.0
0.000565 -0.000844 1278.0
0.000565 -0.000844 1279.0
0.000565 -0.000844 1280.0
0.000565 -0.000844 1281.0
0.000565 -0.000844 1282.0
0.000565 -0.000844 1283.0
0.000565 -0.000844 1284.0
0.000565 -0.000844 1285.0
0.000565 -0.000844 1286.0
0.000565 -0.000844 1287.0
0.000565 -0.000844 1288.0
0.000565 -0.000844 1289.0
0.000565 -0.000844 1290.0
0.000565 -0.000844 1291.0
0.000565 -0.000844 1292.0
0.000565 -0.000843 1293.0
0.000565 -0.000843 1294.0
0.000565 -0.000843 1295.0
0.000565 -0.000843 1296.0
0.000565 -0.000843 1297.0
0.000565 -0.000843 1298.0
0.000565 -0.000843 1299.0
0.000565 -0.000843 1300.0
0.000565 -0.000843 1301.0
0.000565 -0.000843 1302.0
0.000565 -0.000842 1303.0
0.000565 -0.000842 1304.0
0.000565 -0.000842 1305.0
0.000565 -0.000842 1306.0
0.000565 -0.000842 1307.0
0.000565 -0.000842 1308.0
0.000565 -0.000842 1309.0
0.000565 -0.000842 1310.0
0.000565 -0.000842 1311.0
0.000565 -0.000842 1312.0
0.000565 -0.000842 1313.0
0.000565 -0.000841 1314.0
0.000565 -0.000841 1315.0
0.000565 -0.000841 1316.0
0.000565 -0.000841 1317.0
0.000565 -0.000841 1318.0
0.000565 -0.000841 1319.0
0.000565 -0.000841 1320.0
0.000565 -0.000841 1321.0
0.000565 -0.000841 1322.0
0.000565 -0.000841 1323.0
0.000565 -0.000840 1324.0
0.000565 -0.000840 1325.0
0.000565 -0.000840 1326.0
0.000565 -0.000840 1327.0
0.000565 -0.000840 1328.0
0.000565 -0.000840 1329.0
0.000565 -0.000840 1330.0
0.000565 -0.000840 1331.0
0.000565 -0.000840 1332.0
0.000565 -0.000840 1333.0
0.000565 -0.000840 1334.0
0.000565 -0.000839 1335.0
0.000565 -0.000839 1336.0
0.000565 -0.000839 1337.0
0.000565 -0.000839 1338.0
0.000565 -0.000839 1339.0
0.000565 -0.000839 1340.0
0.000565 -0.000839 1341.0
0.000565 -0.000839 1342.0
0.000565 -0.000839 1343.0
0.000565 -0.000839 1344.0
0.000565 -0.000839 1345.0
0.000564 -0.000838 1346.0
0.000564 -0.000838 1347.0
0.000563 -0.000838 1348.0
0.000563 -0.000838 1349.0
0.000562 -0.000838 1350.0
0.000561 -0.000838 1351.0
0.000561 -0.000838 1352.0
0.000560 -0.000838 1353.0
0.000560 -0.000838 1354.0
0.000559 -0.000837 1355.0
0.000558 -0.000837 1356.0
0.000558 -0.000837 1357.0
0.000557 -0.000837 1358.0
0.000557 -0.000837 1359.0
0.000556 -0.000837 1360.0
0.000556 -0.000837 1361.0
0.000555 -0.000837 1362.0
0.000554 -0.000837 1363.0
0.000554 -0.000836 1364.0
0.000553 -0.000836 1365.0
0.000553 -0.000836 1366.0
0.000552 -0.000836 1367.0
0.000551 -0.000836 1368.0
0.000551 -0.000836 1369.0
0.000550 -0.000836 1370.0
0.000550 -0.000836 1371.0
0.000549 -0.000835 1372.0
0.000548 -0.000835 1373.0
0.000548 -0.000835 1374.0
0.000547 -0.000835 1375.0
0.000547 -0.000835 1376.0
0.000546 -0.000835 1377.0
0.000545 -0.000835 1378.0
0.000545 -0.000835 1379.0
0.000544 -0.000835 1380.0
0.000544 -0.000834 1381.0
0.000543 -0.000834 1382.0
0.000542 -0.000834 1383.0
0.000542 -0.000834 1384.0
0.000541 -0.000834 1385.0
0.000541 -0.000834 1386.0
0.000540 -0.000834 1387.0
0.000539 -0.000834 1388.0
0.000539 -0.000834 1389.0
0.000538 -0.000833 1390.0
0.000538 -0.000833 1391.0
0.000537 -0.000833 1392.0
0.000536 -0.000833 1393.0
0.000536 -0.000833 1394.0
0.000535 -0.000833 1395.0
0.000535 -0.000833 1396.0
0.000534 -0.000833 1397.0
0.000533 -0.000833 1398.0
0.000533 -0.000832 1399.0
0.000532 -0.000832 1400.0
0.000532 -0.000832 1401.0
0.000531 -0.000832 1402.0
0.000530 -0.000832 1403.0
0.000530 -0.000832 1404.0
0.000530 -0.000833 1405.0
0.000530 -0.000833 1406.0
0.000529 -0.000834 1407.0
0.000529 -0.000834 1408.0
0.000529 -0.000834 1409.0
0.000529 -0.000835 1410.0
0.000529 -0.000835 1411.0
0.000528 -0.000835 1412.0
0.000528 -0.000835 1413.0
0.000528 -0.000836 1414.0
0.000528 -0.000836 1415.0
0.000528 -0.000836 1416.0
0.000528 -0.000837 1417.0
0.000527 -0.000837 1418.0
0.000527 -0.000837 1419.0
0.000527 -0.000837 1420.0
0.000527 -0.000838 1421.0
0.000527 -0.000838 1422.0
0.000526 -0.000838 1423.0
0.000526 -0.000839 1424.0
0.000526 -0.000839 1425.0
0.000526 -0.000839 1426.0
0.000526 -0.000839 1427.0
0.000525 -0.000840 1428.0
0.000525 -0.000840 1429.0
0.000525 -0.000840 1430.0
0.000525 -0.000841 1431.0
0.000525 -0.000841 1432.0
0.000525 -0.000841 1433.0
0.000524 -0.000841 1434.0
0.000524 -0.000842 1435.0
0.000524 -0.000842 1436.0
0.000524 -0.000842 1437.0
0.000524 -0.000843 1438.0
0.000523 -0.000843 1439.0
0.000523 -0.000843 1440.0
0.000523 -0.000843 1441.0
0.000523 -0.000844 1442.0
0.000523 -0.000844 1443.0
0.000522 -0.000844 1444.0
0.000522 -0.000845 1445.0
0.000522 -0.000845 1446.0
0.000522 -0.000845 1447.0
0.000522 -0.000845 1448.0
0.000522 -0.000846 1449.0
0.000521 -0.000846 1450.0
0.000521 -0.000846 1451.0
0.000521 -0.000847 1452.0
0.000521 -0.000847 1453.0
0.000521 -0.000847 1454.0
0.000520 -0.000847 1455.0
0.000520 -0.000848 1456.0
0.000520 -0.000848 1457.0
0.000519 -0.000847 1458.0
0.000519 -0.000847 1459.0
0.000519 -0.000847 1460.0
0.000519 -0.000847 1461.0
0.000519 -0.000847 1462.0
0.000519 -0.000847 1463.0
0.000519 -0.000847 1464.0
0.000519 -0.000847 1465.0
0.000519 -0.000847 1466.0
0.000519 -0.000847 1467.0
0.000519 -0.000847 1468.0
0.000519 -0.000847 1469.0
0.000519 -0.000847 1470.0
0.000519 -0.000847 1471.0
0.000519 -0.000847 1472.0
0.000519 -0.000847 1473.0
0.000519 -0.000847 1474.0
0.000519 -0.000846 1475.0
0.000519 -0.000846 1476.0
0.000519 -0.000846 1477.0
0.000519 -0.000846 1478.0
0.000519 -0.000846 1479.0
0.000519 -0.000847 1480.0
0.000519 -0.000847 1481.0
0.000519 -0.000847 1482.0
0.000520 -0.000847 1483.0
0.000520 -0.000847 1484.0
0.000520 -0.000847 1485.0
0.000520 -0.000847 1486.0
0.000521 -0.000847 1487.0
0.000521 -0.000847 1488.0
0.000521 -0.000847 1489.0
0.000521 -0.000847 1490.0
0.000522 -0.000847 1491.0
0.000522 -0.000847 1492.0
0.000522 -0.000847 1493.0
0.000522 -0.000847 1494.0
0.000523 -0.000847 1495.0
0.000523 -0.000847 1496.0
0.000523 -0.000847 1497.0
0.000523 -0.000848 1498.0
0.000523 -0.000848 1499.0
0.000524 -0.000848 1500.0
0.000524 -0.000848 1501.0
0.000524 -0.000848 1502.0
0.000524 -0.000848 1503.0
0.000525 -0.000848 1504.0
0.000525 -0.000848 1505.0
0.000525 -0.000848 1506.0
0.000525 -0.000848 1507.0
0.000526 -0.000848 1508.0
0.000526 -0.000848 1509.0
0.000526 -0.000848 1510.0
0.000526 -0.000848 1511.0
0.000527 -0.000848 1512.0
0.000527 -0.000848 1513.0
0.000527 -0.000848 1514.0
0.000527 -0.000848 1515.0
0.000528 -0.000848 1516.0
0.000528 -0.000849 1517.0
0.000528 -0.000849 1518.0
0.000528 -0.000849 1519.0
0.000528 -0.000849 1520.0
0.000529 -0.000849 1521.0
0.000529 -0.000849 1522.0
0.000529 -0.000849 1523.0
0.000529 -0.000849 1524.0
0.000530 -0.000849 1525.0
0.000530 -0.000849 1526.0
0.000530 -0.000849 1527.0
0.000530 -0.000849 1528.0
0.000531 -0.000849 1529.0
0.000531 -0.000849 1530.0
0.000531 -0.000849 1531.0
0.000531 -0.000849 1532.0
0.000532 -0.000849 1533.0
0.000532 -0.000849 1534.0
0.000532 -0.000850 1535.0
0.000532 -0.000850 1536.0
0.000533 -0.000850 1537.0
0.000533 -0.000850 1538.0
0.000533 -0.000849 1539.0
0.000533 -0.000849 1540.0
0.000534 -0.000849 1541.0
0.000534 -0.000849 1542.0
0.000534 -0.000849 1543.0
0.000535 -0.000848 1544.0
0.000535 -0.000848 1545.0
0.000535 -0.000848 1546.0
0.000536 -0.000848 1547.0
0.000536 -0.000848 1548.0
0.000536 -0.000848 1549.0
0.000537 -0.000848 1550.0
0.000537 -0.000847 1551.0
0.000538 -0.000847 1552.0
0.000538 -0.000847 1553.0
0.000538 -0.000847 1554.0
0.000539 -0.000847 1555.0
0.000539 -0.000847 1556.0
0.000539 -0.000847 1557.0
0.000540 -0.000847 1558.0
0.000540 -0.000846 1559.0
0.000540 -0.000846 1560.0
0.000541 -0.000846 1561.0
0.000541 -0.000846 1562.0
0.000542 -0.000846 1563.0
0.000542 -0.000846 1564.0
0.000542 -0.000846 1565.0
0.000543 -0.000846 1566.0
0.000543 -0.000845 1567.0
0.000543 -0.000845 1568.0
0.000544 -0.000845 1569.0
0.000544 -0.000845 1570.0
0.000544 -0.000845 1571.0
0.000545 -0.000845 1572.0
0.000545 -0.000845 1573.0
0.000546 -0.000845 1574.0
0.000546 -0.000844 1575.0
0.000546 -0.000844 1576.0
0.000547 -0.000844 1577.0
0.000547 -0.000844 1578.0
0.000547 -0.000844 1579.0
0.000548 -0.000844 1580.0
0.000548 -0.000844 1581.0
0.000548 -0.000843 1582.0
0.000549 -0.000843 1583.0
0.000549 -0.000843 1584.0
0.000550 -0.000843 1585.0
0.000550 -0.000843 1586.0
0.000550 -0.000843 1587.0
0.000551 -0.000843 1588.0
0.000551 -0.000843 1589.0
0.000551 -0.000842 1590.0
0.000552 -0.000842 1591.0
0.000552 -0.000842 1592.0
0.000552 -0.000842 1593.0
0.000553 -0.000842 1594.0
0.000553 -0.000842 1595.0
0.000553 -0.000842 1596.0
0.000554 -0.000842 1597.0
0.000554 -0.000841 1598.0
0.000555 -0.000841 1599.0
0.000555 -0.000841 1600.0
0.000555 -0.000841 1601.0
0.000556 -0.000841 1602.0
0.000556 -0.000841 1603.0
0.000556 -0.000841 1604.0
0.000557 -0.000841 1605.0
0.000557 -0.000840 1606.0
0.000557 -0.000840 1607.0
0.000558 -0.000842 1608.0
0.000558 -0.000841 1609.0
0.000558 -0.000841 1610.0
0.000558 -0.000840 1611.0
0.000558 -0.000840 1612.0
0.000559 -0.000839 1613.0
0.000559 -0.000839 1614.0
0.000559 -0.000838 1615.0
0.000559 -0.000838 1616.0
0.000559 -0.000837 1617.0
0.000559 -0.000837 1618.0
0.000560 -0.000836 1619.0
0.000560 -0.000836 1620.0
0.000560 -0.000835 1621.0
0.000560 -0.000835 1622.0
0.000560 -0.000834 1623.0
0.000560 -0.000834 1624.0
0.000560 -0.000833 1625.0
0.000561 -0.000832 1626.0
0.000561 -0.000832 1627.0
0.000561 -0.000831 1628.0
0.000561 -0.000831 1629.0
0.000561 -0.000830 1630.0
0.000561 -0.000830 1631.0
0.000561 -0.000829 1632.0
0.000562 -0.000829 1633.0
0.000562 -0.000828 1634.0
0.000562 -0.000828 1635.0
0.000562 -0.000827 1636.0
0.000562 -0.000827 1637.0
0.000562 -0.000826 1638.0
0.000563 -0.000826 1639.0
0.000563 -0.000825 1640.0
0.000563 -0.000825 1641.0
0.000563 -0.000824 1642.0
0.000563 -0.000823 1643.0
0.000563 -0.000823 1644.0
0.000563 -0.000822 1645.0
0.000564 -0.000822 1646.0
0.000564 -0.000821 1647.0
0.000564 -0.000821 1648.0
0.000564 -0.000820 1649.0
0.000564 -0.000820 1650.0
0.000564 -0.000819 1651.0
0.000565 -0.000819 1652.0
0.000565 -0.000818 1653.0
0.000565 -0.000818 1654.0
0.000565 -0.000817 1655.0
0.000565 -0.000817 1656.0
0.000565 -0.000816 1657.0
0.000565 -0.000816 1658.0
0.000566 -0.000815 1659.0
0.000566 -0.000814 1660.0
0.000566 -0.000814 1661.0
0.000566 -0.000813 1662.0
0.000566 -0.000813 1663.0
0.000568 -0.000814 1664.0
0.000569 -0.000814 1665.0
0.000569 -0.000814 1666.0
0.000569 -0.000814 1667.0
0.000570 -0.000814 1668.0
0.000570 -0.000814 1669.0
0.000571 -0.000815 1670.0
0.000571 -0.000815 1671.0
0.000572 -0.000815 1672.0
0.000572 -0.000815 1673.0
0.000573 -0.000815 1674.0
0.000573 -0.000815 1675.0
0.000574 -0.000815 1676.0
0.000574 -0.000815 1677.0
0.000575 -0.000815 1678.0
0.000575 -0.000816 1679.0
0.000576 -0.000816 1680.0
0.000576 -0.000816 1681.0
0.000577 -0.000816 1682.0
0.000577 -0.000816 1683.0
0.000577 -0.000816 1684.0
0.000578 -0.000816 1685.0
0.000578 -0.000816 1686.0
0.000579 -0.000816 1687.0
0.000579 -0.000817 1688.0
0.000580 -0.000817 1689.0
0.000580 -0.000817 1690.0
0.000581 -0.000817 1691.0
0.000581 -0.000817 1692.0
0.000582 -0.000817 1693.0
0.000582 -0.000817 1694.0
0.000583 -0.000817 1695.0
0.000583 -0.000817 1696.0
0.000584 -0.000818 1697.0
0.000584 -0.000818 1698.0
0.000585 -0.000818 1699.0
0.000585 -0.000818 1700.0
0.000585 -0.000818 1701.0
0.000586 -0.000818 1702.0
0.000586 -0.000818 1703.0
0.000587 -0.000818 1704.0
0.000587 -0.000819 1705.0
0.000588 -0.000819 1706.0
0.000588 -0.000819 1707.0
0.000589 -0.000819 1708.0
0.000589 -0.000819 1709.0
0.000590 -0.000819 1710.0
0.000590 -0.000819 1711.0
0.000591 -0.000819 1712.0
0.000591 -0.000819 1713.0
0.000592 -0.000820 1714.0
0.000592 -0.000820 1715.0
0.000593 -0.000820 1716.0
0.000593 -0.000820 1717.0
0.000593 -0.000820 1718.0
0.000594 -0.000820 1719.0
0.000594 -0.000820 1720.0
0.000595 -0.000820 1721.0
0.000595 -0.000820 1722.0
0.000596 -0.000821 1723.0
0.000596 -0.000819 1724.0
0.000596 -0.000819 1725.0
0.000596 -0.000819 1726.0
0.000596 -0.000819 1727.0
0.000596 -0.000819 1728.0
0.000596 -0.000819 1729.0
0.000596 -0.000819 1730.0
0.000596 -0.000818 1731.0
0.000596 -0.000818 1732.0
0.000596 -0.000818 1733.0
0.000596 -0.000818 1734.0
0.000596 -0.000818 1735.0
0.000596 -0.000818 1736.0
0.000597 -0.000818 1737.0
0.000597 -0.000818 1738.0
0.000597 -0.000818 1739.0
0.000597 -0.000818 1740.0
0.000597 -0.000817 1741.0
0.000597 -0.000817 1742.0
0.000597 -0.000817 1743.0
0.000597 -0.000817 1744.0
0.000597 -0.000817 1745.0
0.000597 -0.000817 1746.0
0.000597 -0.000817 1747.0
0.000597 -0.000817 1748.0
0.000597 -0.000817 1749.0
0.000597 -0.000816 1750.0
0.000597 -0.000816 1751.0
0.000597 -0.000816 1752.0
0.000597 -0.000816 1753.0
0.000597 -0.000816 1754.0
0.000597 -0.000816 1755.0
0.000597 -0.000816 1756.0
0.000597 -0.000816 1757.0
0.000597 -0.000816 1758.0
0.000597 -0.000815 1759.0
0.000597 -0.000815 1760.0
0.000597 -0.000815 1761.0
0.000598 -0.000815 1762.0
0.000598 -0.000815 1763.0
0.000598 -0.000815 1764.0
0.000598 -0.000815 1765.0
0.000598 -0.000815 1766.0
0.000598 -0.000815 1767.0
0.000598 -0.000815 1768.0
0.000598 -0.000814 1769.0
0.000598 -0.000814 1770.0
0.000598 -0.000814 1771.0
0.000598 -0.000814 1772.0
0.000598 -0.000814 1773.0
0.000598 -0.000814 1774.0
0.000598 -0.000814 1775.0
0.000598 -0.000814 1776.0
0.000598 -0.000814 1777.0
0.000598 -0.000813 1778.0
0.000598 -0.000813 1779.0
0.000599 -0.000814 1780.0
0.000599 -0.000814 1781.0
0.000599 -0.000814 1782.0
0.000599 -0.000814 1783.0
0.000599 -0.000814 1784.0
0.000599 -0.000814 1785.0
0.000599 -0.000814 1786.0
0.000599 -0.000814 1787.0
0.000599 -0.000814 1788.0
0.000599 -0.000814 1789.0
0.000599 -0.000814 1790.0
0.000599 -0.000814 1791.0
0.000599 -0.000814 1792.0
0.000599 -0.000814 1793.0
0.000599 -0.000814 1794.0
0.000599 -0.000813 1795.0
0.000599 -0.000813 1796.0
0.000599 -0.000812 1797.0
0.000599 -0.000812 1798.0
0.000599 -0.000811 1799.0
0.000599 -0.000811 1800.0
0.000599 -0.000810 1801.0
0.000599 -0.000810 1802.0
0.000599 -0.000809 1803.0
0.000599 -0.000809 1804.0
0.000599 -0.000808 1805.0
0.000599 -0.000807 1806.0
0.000599 -0.000807 1807.0
0.000599 -0.000806 1808.0
0.000599 -0.000806 1809.0
0.000599 -0.000805 1810.0
0.000600 -0.000805 1811.0
0.000600 -0.000804 1812.0
0.000600 -0.000804 1813.0
0.000600 -0.000803 1814.0
0.000600 -0.000803 1815.0
0.000600 -0.000802 1816.0
0.000600 -0.000802 1817.0
0.000600 -0.000801 1818.0
0.000600 -0.000801 1819.0
0.000600 -0.000800 1820.0
0.000600 -0.000800 1821.0
0.000600 -0.000799 1822.0
0.000600 -0.000799 1823.0
0.000600 -0.000798 1824.0
0.000600 -0.000798 1825.0
0.000600 -0.000797 1826.0
0.000600 -0.000797 1827.0
0.000600 -0.000796 1828.0
0.000600 -0.000796 1829.0
0.000600 -0.000795 1830.0
0.000600 -0.000795 1831.0
0.000600 -0.000794 1832.0
0.000601 -0.000794 1833.0
0.000601 -0.000793 1834.0
0.000601 -0.000793 1835.0
0.000601 -0.000792 1836.0
0.000601 -0.000791 1837.0
0.000601 -0.000791 1838.0
0.000601 -0.000790 1839.0
0.000601 -0.000790 1840.0
0.000601 -0.000789 1841.0
0.000601 -0.000789 1842.0
0.000601 -0.000788 1843.0
0.000601 -0.000788 1844.0
0.000601 -0.000787 1845.0
0.000601 -0.000787 1846.0
0.000601 -0.000786 1847.0
0.000601 -0.000786 1848.0
0.000601 -0.000785 1849.0
0.000601 -0.000785 1850.0
0.000601 -0.000784 1851.0
0.000601 -0.000784 1852.0
0.000601 -0.000783 1853.0
0.000602 -0.000783 1854.0
0.000602 -0.000783 1855.0
0.000602 -0.000782 1856.0
0.000602 -0.000782 1857.0
0.000602 -0.000781 1858.0
0.000602 -0.000781 1859.0
0.000602 -0.000780 1860.0
0.000602 -0.000780 1861.0
0.000602 -0.000780 1862.0
0.000602 -0.000779 1863.0
0.000602 -0.000779 1864.0
0.000602 -0.000778 1865.0
0.000602 -0.000778 1866.0
0.000602 -0.000777 1867.0
0.000602 -0.000777 1868.0
0.000602 -0.000776 1869.0
0.000602 -0.000776 1870.0
0.000602 -0.000775 1871.0
0.000602 -0.000775 1872.0
0.000602 -0.000774 1873.0
0.000602 -0.000774 1874.0
0.000602 -0.000773 1875.0
0.000602 -0.000773 1876.0
0.000602 -0.000772 1877.0
0.000601 -0.000772 1878.0
0.000601 -0.000771 1879.0
0.000601 -0.000771 1880.0
0.000601 -0.000770 1881.0
0.000601 -0.000770 1882.0
0.000601 -0.000770 1883.0
0.000601 -0.000769 1884.0
0.000601 -0.000769 1885.0
0.000601 -0.000768 1886.0
0.000601 -0.000768 1887.0
0.000601 -0.000767 1888.0
0.000601 -0.000767 1889.0
0.000601 -0.000766 1890.0
0.000601 -0.000766 1891.0
0.000601 -0.000765 1892.0
0.000601 -0.000765 1893.0
0.000601 -0.000764 1894.0
0.000601 -0.000764 1895.0
0.000601 -0.000763 1896.0
0.000601 -0.000763 1897.0
0.000601 -0.000762 1898.0
0.000601 -0.000762 1899.0
0.000601 -0.000761 1900.0
0.000601 -0.000761 1901.0
0.000601 -0.000760 1902.0
0.000601 -0.000760 1903.0
0.000601 -0.000759 1904.0
0.000601 -0.000759 1905.0
0.000601 -0.000759 1906.0
0.000601 -0.000758 1907.0
0.000601 -0.000758 1908.0
0.000601 -0.000757 1909.0
0.000601 -0.000757 1910.0
0.000601 -0.000756 1911.0
0.000601 -0.000756 1912.0
0.000601 -0.000755 1913.0
0.000600 -0.000755 1914.0
0.000600 -0.000755 1915.0
0.000600 -0.000755 1916.0
0.000600 -0.000755 1917.0
0.000600 -0.000755 1918.0
0.000600 -0.000755 1919.0
0.000600 -0.000755 1920.0
0.000600 -0.000755 1921.0
0.000600 -0.000755 1922.0
0.000600 -0.000755 1923.0
0.000600 -0.000755 1924.0
0.000600 -0.000755 1925.0
0.000600 -0.000755 1926.0
0.000600 -0.000755 1927.0
0.000600 -0.000755 1928.0
0.000600 -0.000755 1929.0
0.000600 -0.000755 1930.0
0.000600 -0.000755 1931.0
0.000600 -0.000755 1932.0
0.000600 -0.000755 1933.0
0.000600 -0.000755 1934.0
0.000600 -0.000755 1935.0
0.000600 -0.000755 1936.0
0.000600 -0.000755 1937.0
0.000600 -0.000755 1938.0
0.000600 -0.000755 1939.0
0.000600 -0.000755 1940.0
0.000600 -0.000755 1941.0
0.000600 -0.000755 1942.0
0.000600 -0.000756 1943.0
0.000600 -0.000756 1944.0
0.000600 -0.000756 1945.0
0.000600 -0.000757 1946.0
0.000600 -0.000757 1947.0
0.000600 -0.000758 1948.0
0.000600 -0.000758 1949.0
0.000599 -0.000758 1950.0
0.000599 -0.000759 1951.0
0.000599 -0.000759 1952.0
0.000599 -0.000760 1953.0
0.000599 -0.000760 1954.0
0.000599 -0.000760 1955.0
0.000599 -0.000761 1956.0
0.000599 -0.000761 1957.0
0.000599 -0.000762 1958.0
0.000599 -0.000762 1959.0
0.000599 -0.000762 1960.0
0.000599 -0.000763 1961.0
0.000599 -0.000763 1962.0
0.000599 -0.000764 1963.0
0.000599 -0.000764 1964.0
0.000599 -0.000764 1965.0
0.000599 -0.000765 1966.0
0.000599 -0.000765 1967.0
0.000598 -0.000766 1968.0
0.000598 -0.000766 1969.0
0.000598 -0.000766 1970.0
0.000598 -0.000767 1971.0
0.000598 -0.000767 1972.0
0.000598 -0.000767 1973.0
0.000598 -0.000768 1974.0
0.000598 -0.000768 1975.0
0.000598 -0.000769 1976.0
0.000598 -0.000769 1977.0
0.000598 -0.000769 1978.0
0.000598 -0.000770 1979.0
0.000598 -0.000770 1980.0
0.000598 -0.000771 1981.0
0.000598 -0.000771 1982.0
0.000598 -0.000771 1983.0
0.000598 -0.000772 1984.0
0.000597 -0.000772 1985.0
0.000597 -0.000773 1986.0
0.000597 -0.000773 1987.0
0.000597 -0.000773 1988.0
0.000597 -0.000774 1989.0
0.000597 -0.000774 1990.0
0.000597 -0.000775 1991.0
0.000597 -0.000775 1992.0
0.000597 -0.000775 1993.0
0.000597 -0.000776 1994.0
0.000597 -0.000776 1995.0
0.000597 -0.000777 1996.0
0.000597 -0.000777 1997.0
0.000597 -0.000777 1998.0
0.000597 -0.000778 1999.0
0.000597 -0.000778 2000.0
0.000596 -0.000778 2001.0
0.000596 -0.000779 2002.0
0.000596 -0.000780 2003.0
0.000596 -0.000781 2004.0
0.000595 -0.000782 2005.0
0.000595 -0.000783 2006.0
0.000595 -0.000784 2007.0
0.000595 -0.000785 2008.0
0.000595 -0.000786 2009.0
0.000595 -0.000787 2010.0
0.000595 -0.000788 2011.0
0.000595 -0.000789 2012.0
0.000595 -0.000790 2013.0
0.000595 -0.000791 2014.0
0.000594 -0.000791 2015.0
0.000594 -0.000792 2016.0
0.000594 -0.000793 2017.0
0.000594 -0.000794 2018.0
0.000594 -0.000795 2019.0
0.000594 -0.000796 2020.0
0.000594 -0.000797 2021.0
0.000594 -0.000798 2022.0
0.000594 -0.000799 2023.0
0.000594 -0.000800 2024.0
0.000593 -0.000801 2025.0
0.000593 -0.000802 2026.0
0.000593 -0.000803 2027.0
0.000593 -0.000804 2028.0
0.000593 -0.000805 2029.0
0.000593 -0.000806 2030.0
0.000593 -0.000807 2031.0
0.000593 -0.000808 2032.0
0.000593 -0.000809 2033.0
0.000593 -0.000810 2034.0
0.000592 -0.000811 2035.0
0.000592 -0.000812 2036.0
0.000592 -0.000813 2037.0
0.000592 -0.000814 2038.0
0.000592 -0.000815 2039.0
0.000592 -0.000816 2040.0
0.000592 -0.000817 2041.0
0.000592 -0.000818 2042.0
0.000592 -0.000819 2043.0
0.000592 -0.000820 2044.0
0.000592 -0.000821 2045.0
0.000591 -0.000822 2046.0
0.000591 -0.000823 2047.0
0.000591 -0.000824 2048.0
0.000591 -0.000825 2049.0
0.000591 -0.000826 2050.0
0.000591 -0.000826 2051.0
0.000591 -0.000827 2052.0
0.000591 -0.000828 2053.0
0.000591 -0.000829 2054.0
0.000591 -0.000830 2055.0
0.000590 -0.000831 2056.0
0.000590 -0.000832 2057.0
0.000590 -0.000833 2058.0
0.000590 -0.000834 2059.0
0.000590 -0.000835 2060.0
0.000590 -0.000836 2061.0
0.000590 -0.000837 2062.0
0.000590 -0.000838 2063.0
0.000590 -0.000839 2064.0
0.000590 -0.000840 2065.0
0.000588 -0.000840 2066.0
0.000588 -0.000841 2067.0
0.000587 -0.000841 2068.0
0.000587 -0.000842 2069.0
0.000586 -0.000843 2070.0
0.000586 -0.000844 2071.0
0.000586 -0.000845 2072.0
0.000585 -0.000846 2073.0
0.000585 -0.000847 2074.0
0.000585 -0.000847 2075.0
0.000584 -0.000848 2076.0
0.000584 -0.000849 2077.0
0.000583 -0.000850 2078.0
0.000583 -0.000851 2079.0
0.000583 -0.000852 2080.0
0.000582 -0.000853 2081.0
0.000582 -0.000853 2082.0
0.000582 -0.000854 2083.0
0.000581 -0.000855 2084.0
0.000581 -0.000856 2085.0
0.000580 -0.000857 2086.0
0.000580 -0.000858 2087.0
0.000580 -0.000859 2088.0
0.000579 -0.000859 2089.0
0.000579 -0.000860 2090.0
0.000579 -0.000861 2091.0
0.000578 -0.000862 2092.0
0.000578 -0.000863 2093.0
0.000577 -0.000864 2094.0
0.000577 -0.000864 2095.0
0.000577 -0.000865 2096.0
0.000576 -0.000866 2097.0
0.000576 -0.000867 2098.0
0.000575 -0.000868 2099.0
0.000575 -0.000869 2100.0
0.000575 -0.000870 2101.0
0.000574 -0.000870 2102.0
0.000574 -0.000871 2103.0
0.000574 -0.000872 2104.0
0.000573 -0.000873 2105.0
0.000573 -0.000874 2106.0
0.000572 -0.000875 2107.0
0.000572 -0.000876 2108.0
0.000572 -0.000876 2109.0
0.000571 -0.000877 2110.0
0.000571 -0.000878 2111.0
0.000571 -0.000879 2112.0
0.000570 -0.000880 2113.0
0.000570 -0.000881 2114.0
0.000569 -0.000881 2115.0
0.000569 -0.000882 2116.0
0.000569 -0.000883 2117.0
0.000568 -0.000884 2118.0
0.000568 -0.000885 2119.0
0.000568 -0.000886 2120.0
0.000567 -0.000887 2121.0
0.000567 -0.000887 2122.0
0.000566 -0.000888 2123.0
0.000566 -0.000889 2124.0
0.000566 -0.000890 2125.0
0.000565 -0.000891 2126.0
0.000561 -0.000888 2127.0
0.000561 -0.000889 2128.0
0.000561 -0.000890 2129.0
0.000560 -0.000891 2130.0
0.000560 -0.000892 2131.0
0.000560 -0.000894 2132.0
0.000559 -0.000895 2133.0
0.000559 -0.000896 2134.0
0.000559 -0.000897 2135.0
0.000558 -0.000898 2136.0
0.000558 -0.000899 2137.0
0.000558 -0.000901 2138.0
0.000557 -0.000902 2139.0
0.000557 -0.000903 2140.0
0.000557 -0.000904 2141.0
0.000556 -0.000905 2142.0
0.000556 -0.000906 2143.0
0.000556 -0.000908 2144.0
0.000555 -0.000909 2145.0
0.000555 -0.000910 2146.0
0.000555 -0.000911 2147.0
0.000554 -0.000912 2148.0
0.000554 -0.000913 2149.0
0.000553 -0.000915 2150.0
0.000553 -0.000916 2151.0
0.000553 -0.000917 2152.0
0.000552 -0.000918 2153.0
0.000552 -0.000919 2154.0
0.000552 -0.000921 2155.0
0.000551 -0.000922 2156.0
0.000551 -0.000923 2157.0
0.000551 -0.000924 2158.0
0.000550 -0.000925 2159.0
0.000550 -0.000926 2160.0
0.000550 -0.000928 2161.0
0.000549 -0.000929 2162.0
0.000549 -0.000930 2163.0
0.000549 -0.000931 2164.0
0.000548 -0.000932 2165.0
0.000548 -0.000933 2166.0
0.000548 -0.000935 2167.0
0.000547 -0.000936 2168.0
0.000547 -0.000937 2169.0
0.000547 -0.000938 2170.0
0.000546 -0.000939 2171.0
0.000546 -0.000940 2172.0
0.000546 -0.000942 2173.0
0.000545 -0.000943 2174.0
0.000545 -0.000944 2175.0
0.000545 -0.000945 2176.0
0.000544 -0.000946 2177.0
0.000544 -0.000947 2178.0
0.000544 -0.000949 2179.0
0.000543 -0.000950 2180.0
0.000543 -0.000951 2181.0
0.000543 -0.000952 2182.0
0.000542 -0.000953 2183.0
0.000542 -0.000954 2184.0
0.000542 -0.000956 2185.0
0.000541 -0.000957 2186.0
0.000541 -0.000958 2187.0
0.000537 -0.000956 2188.0
0.000536 -0.000956 2189.0
0.000535 -0.000956 2190.0
0.000535 -0.000956 2191.0
0.000534 -0.000956 2192.0
0.000533 -0.000956 2193.0
0.000532 -0.000956 2194.0
0.000532 -0.000956 2195.0
0.000531 -0.000956 2196.0
0.000530 -0.000956 2197.0
0.000530 -0.000956 2198.0
0.000529 -0.000956 2199.0
0.000528 -0.000956 2200.0
0.000528 -0.000956 2201.0
0.000527 -0.000956 2202.0
0.000526 -0.000956 2203.0
0.000526 -0.000956 2204.0
0.000525 -0.000956 2205.0
0.000524 -0.000957 2206.0
0.000523 -0.000957 2207.0
0.000523 -0.000957 2208.0
0.000522 -0.000957 2209.0
0.000521 -0.000957 2210.0
0.000521 -0.000957 2211.0
0.000520 -0.000957 2212.0
0.000519 -0.000957 2213.0
0.000519 -0.000957 2214.0
0.000518 -0.000957 2215.0
0.000517 -0.000957 2216.0
0.000517 -0.000957 2217.0
0.000516 -0.000957 2218.0
0.000515 -0.000957 2219.0
0.000514 -0.000957 2220.0
0.000514 -0.000957 2221.0
0.000513 -0.000957 2222.0
0.000512 -0.000957 2223.0
0.000512 -0.000957 2224.0
0.000511 -0.000957 2225.0
0.000510 -0.000957 2226.0
0.000510 -0.000957 2227.0
0.000509 -0.000957 2228.0
0.000508 -0.000957 2229.0
0.000508 -0.000958 2230.0
0.000507 -0.000958 2231.0
0.000506 -0.000958 2232.0
0.000505 -0.000958 2233.0
0.000505 -0.000958 2234.0
0.000504 -0.000958 2235.0
0.000503 -0.000958 2236.0
0.000503 -0.000958 2237.0
0.000502 -0.000958 2238.0
0.000501 -0.000958 2239.0
0.000501 -0.000958 2240.0
0.000500 -0.000958 2241.0
0.000499 -0.000958 2242.0
0.000499 -0.000958 2243.0
0.000498 -0.000958 2244.0
0.000497 -0.000958 2245.0
0.000496 -0.000958 2246.0
0.000496 -0.000958 2247.0
0.000496 -0.000958 2248.0
0.000496 -0.000958 2249.0
0.000496 -0.000958 2250.0
0.000496 -0.000958 2251.0
0.000496 -0.000958 2252.0
0.000496 -0.000958 2253.0
0.000496 -0.000958 2254.0
0.000495 -0.000958 2255.0
0.000495 -0.000957 2256.0
0.000495 -0.000957 2257.0
0.000495 -0.000957 2258.0
0.000495 -0.000957 2259.0
0.000495 -0.000957 2260.0
0.000495 -0.000957 2261.0
0.000495 -0.000957 2262.0
0.000494 -0.000957 2263.0
0.000494 -0.000957 2264.0
0.000494 -0.000957 2265.0
0.000494 -0.000957 2266.0
0.000494 -0.000957 2267.0
0.000494 -0.000957 2268.0
0.000494 -0.000957 2269.0
0.000494 -0.000957 2270.0
0.000493 -0.000957 2271.0
0.000493 -0.000957 2272.0
0.000493 -0.000957 2273.0
0.000493 -0.000957 2274.0
0.000493 -0.000957 2275.0
0.000493 -0.000957 2276.0
0.000493 -0.000957 2277.0
0.000493 -0.000957 2278.0
0.000492 -0.000957 2279.0
0.000492 -0.000957 2280.0
0.000492 -0.000957 2281.0
0.000492 -0.000957 2282.0
0.000492 -0.000957 2283.0
0.000492 -0.000957 2284.0
0.000492 -0.000957 2285.0
0.000492 -0.000957 2286.0
0.000491 -0.000957 2287.0
0.000491 -0.000957 2288.0
0.000491 -0.000957 2289.0
0.000491 -0.000957 2290.0
0.000491 -0.000957 2291.0
0.000491 -0.000957 2292.0
0.000491 -0.000957 2293.0
0.000491 -0.000957 2294.0
0.000490 -0.000957 2295.0
0.000490 -0.000957 2296.0
0.000490 -0.000957 2297.0
0.000490 -0.000957 2298.0
0.000490 -0.000957 2299.0
0.000490 -0.000956 2300.0
0.000490 -0.000956 2301.0
0.000490 -0.000956 2302.0
0.000489 -0.000956 2303.0
0.000489 -0.000956 2304.0
0.000489 -0.000956 2305.0
0.000489 -0.000956 2306.0
0.000489 -0.000957 2307.0
0.000490 -0.000957 2308.0
0.000490 -0.000957 2309.0
0.000491 -0.000957 2310.0
0.000491 -0.000957 2311.0
0.000492 -0.000957 2312.0
0.000492 -0.000957 2313.0
0.000493 -0.000957 2314.0
0.000494 -0.000957 2315.0
0.000494 -0.000957 2316.0
0.000495 -0.000957 2317.0
0.000495 -0.000957 2318.0
0.000496 -0.000957 2319.0
0.000496 -0.000957 2320.0
0.000496 -0.000957 2321.0
0.000497 -0.000957 2322.0
0.000497 -0.000957 2323.0
0.000498 -0.000957 2324.0
0.000498 -0.000957 2325.0
0.000499 -0.000957 2326.0
0.000499 -0.000958 2327.0
0.000500 -0.000958 2328.0
0.000500 -0.000958 2329.0
0.000501 -0.000958 2330.0
0.000501 -0.000958 2331.0
0.000502 -0.000958 2332.0
0.000502 -0.000958 2333.0
0.000502 -0.000958 2334.0
0.000503 -0.000958 2335.0
0.000503 -0.000958 2336.0
0.000504 -0.000958 2337.0
0.000504 -0.000958 2338.0
0.000505 -0.000958 2339.0
0.000505 -0.000958 2340.0
0.000506 -0.000958 2341.0
0.000506 -0.000958 2342.0
0.000507 -0.000958 2343.0
0.000507 -0.000958 2344.0
0.000508 -0.000958 2345.0
0.000508 -0.000958 2346.0
0.000508 -0.000958 2347.0
0.000509 -0.000958 2348.0
0.000509 -0.000958 2349.0
0.000510 -0.000959 2350.0
0.000510 -0.000959 2351.0
0.000511 -0.000959 2352.0
0.000511 -0.000959 2353.0
0.000512 -0.000959 2354.0
0.000512 -0.000959 2355.0
0.000513 -0.000959 2356.0
0.000513 -0.000959 2357.0
0.000514 -0.000959 2358.0
0.000514 -0.000959 2359.0
0.000514 -0.000959 2360.0
0.000515 -0.000959 2361.0
0.000515 -0.000959 2362.0
0.000516 -0.000959 2363.0
0.000516 -0.000959 2364.0
0.000517 -0.000959 2365.0
0.000517 -0.000959 2366.0
0.000518 -0.000959 2367.0
0.000518 -0.000959 2368.0
0.000519 -0.000959 2369.0
0.000519 -0.000959 2370.0
0.000520 -0.000959 2371.0
0.000520 -0.000959 2372.0
0.000520 -0.000959 2373.0
0.000521 -0.000960 2374.0
0.000521 -0.000960 2375.0
0.000522 -0.000960 2376.0
0.000522 -0.000960 2377.0
0.000523 -0.000960 2378.0
0.000523 -0.000960 2379.0
0.000523 -0.000959 2380.0
0.000524 -0.000959 2381.0
0.000524 -0.000958 2382.0
0.000524 -0.000957 2383.0
0.000524 -0.000957 2384.0
0.000525 -0.000956 2385.0
0.000525 -0.000955 2386.0
0.000525 -0.000955 2387.0
0.000525 -0.000954 2388.0
0.000526 -0.000953 2389.0
0.000526 -0.000953 2390.0
0.000526 -0.000952 2391.0
0.000526 -0.000952 2392.0
0.000527 -0.000951 2393.0
0.000527 -0.000950 2394.0
0.000527 -0.000950 2395.0
0.000528 -0.000949 2396.0
0.000528 -0.000948 2397.0
0.000528 -0.000948 2398.0
0.000528 -0.000947 2399.0
0.000529 -0.000946 2400.0
0.000529 -0.000946 2401.0
0.000529 -0.000945 2402.0
0.000529 -0.000944 2403.0
0.000530 -0.000944 2404.0
0.000530 -0.000943 2405.0
0.000530 -0.000943 2406.0
0.000530 -0.000942 2407.0
0.000531 -0.000941 2408.0
0.000531 -0.000941 2409.0
0.000531 -0.000940 2410.0
0.000531 -0.000939 2411.0
0.000532 -0.000939 2412.0
0.000532 -0.000938 2413.0
0.000532 -0.000937 2414.0
0.000533 -0.000937 2415.0
0.000533 -0.000936 2416.0
0.000533 -0.000935 2417.0
0.000533 -0.000935 2418.0
0.000534 -0.000934 2419.0
0.000534 -0.000934 2420.0
0.000534 -0.000933 2421.0
0.000534 -0.000932 2422.0
0.000535 -0.000932 2423.0
0.000535 -0.000931 2424.0
0.000535 -0.000930 2425.0
0.000535 -0.000930 2426.0
0.000536 -0.000929 2427.0
0.000536 -0.000928 2428.0
0.000536 -0.000928 2429.0
0.000537 -0.000927 2430.0
0.000537 -0.000926 2431.0
0.000537 -0.000926 2432.0
0.000537 -0.000925 2433.0
0.000538 -0.000925 2434.0
0.000538 -0.000924 2435.0
0.000538 -0.000923 2436.0
0.000538 -0.000923 2437.0
0.000539 -0.000922 2438.0
0.000539 -0.000921 2439.0
0.000539 -0.000921 2440.0
0.000539 -0.000920 2441.0
0.000540 -0.000919 2442.0
0.000540 -0.000919 2443.0
0.000540 -0.000918 2444.0
0.000540 -0.000917 2445.0
0.000544 -0.000920 2446.0
0.000544 -0.000919 2447.0
0.000545 -0.000918 2448.0
0.000545 -0.000917 2449.0
0.000546 -0.000916 2450.0
0.000546 -0.000915 2451.0
0.000547 -0.000914 2452.0
0.000548 -0.000913 2453.0
0.000548 -0.000912 2454.0
0.000549 -0.000911 2455.0
0.000549 -0.000910 2456.0
0.000550 -0.000909 2457.0
0.000550 -0.000908 2458.0
0.000551 -0.000907 2459.0
0.000551 -0.000906 2460.0
0.000552 -0.000905 2461.0
0.000553 -0.000904 2462.0
0.000553 -0.000903 2463.0
0.000554 -0.000902 2464.0
0.000554 -0.000901 2465.0
0.000555 -0.000900 2466.0
0.000555 -0.000899 2467.0
0.000556 -0.000898 2468.0
0.000556 -0.000897 2469.0
0.000557 -0.000896 2470.0
0.000558 -0.000895 2471.0
0.000558 -0.000894 2472.0
0.000559 -0.000893 2473.0
0.000559 -0.000892 2474.0
0.000560 -0.000891 2475.0
0.000560 -0.000890 2476.0
0.000561 -0.000889 2477.0
0.000561 -0.000888 2478.0
0.000562 -0.000887 2479.0
0.000563 -0.000886 2480.0
0.000563 -0.000885 2481.0
0.000564 -0.000884 2482.0
0.000564 -0.000883 2483.0
0.000565 -0.000882 2484.0
0.000565 -0.000881 2485.0
0.000566 -0.000880 2486.0
0.000566 -0.000879 2487.0
0.000567 -0.000878 2488.0
0.000568 -0.000877 2489.0
0.000568 -0.000876 2490.0
0.000569 -0.000875 2491.0
0.000569 -0.000874 2492.0
0.000570 -0.000873 2493.0
0.000570 -0.000872 2494.0
0.000571 -0.000871 2495.0
0.000571 -0.000870 2496.0
0.000572 -0.000869 2497.0
0.000573 -0.000868 2498.0
0.000573 -0.000867 2499.0
0.000578 -0.000871 2500.0
0.000578 -0.000871 2501.0
0.000578 -0.000871 2502.0
0.000578 -0.000870 2503.0
0.000578 -0.000870 2504.0
0.000578 -0.000870 2505.0
0.000578 -0.000869 2506.0
0.000578 -0.000869 2507.0
0.000578 -0.000869 2508.0
0.000578 -0.000868 2509.0
0.000578 -0.000868 2510.0
0.000578 -0.000867 2511.0
0.000578 -0.000867 2512.0
0.000578 -0.000867 2513.0
0.000578 -0.000866 2514.0
0.000578 -0.000866 2515.0
0.000578 -0.000866 2516.0
0.000578 -0.000865 2517.0
0.000578 -0.000865 2518.0
0.000578 -0.000865 2519.0
0.000578 -0.000864 2520.0
0.000578 -0.000864 2521.0
0.000578 -0.000864 2522.0
0.000578 -0.000863 2523.0
0.000578 -0.000863 2524.0
0.000578 -0.000862 2525.0
0.000578 -0.000862 2526.0
0.000578 -0.000862 2527.0
0.000578 -0.000861 2528.0
0.000578 -0.000861 2529.0
0.000578 -0.000861 2530.0
0.000578 -0.000860 2531.0
0.000578 -0.000860 2532.0
0.000578 -0.000860 2533.0
0.000578 -0.000859 2534.0
0.000579 -0.000859 2535.0
0.000579 -0.000859 2536.0
0.000579 -0.000858 2537.0
0.000579 -0.000858 2538.0
0.000579 -0.000857 2539.0
0.000579 -0.000857 2540.0
0.000579 -0.000857 2541.0
0.000579 -0.000856 2542.0
0.000579 -0.000856 2543.0
0.000579 -0.000856 2544.0
0.000579 -0.000855 2545.0
0.000579 -0.000855 2546.0
0.000579 -0.000855 2547.0
0.000579 -0.000854 2548.0
0.000579 -0.000854 2549.0
0.000579 -0.000853 2550.0
0.000579 -0.000853 2551.0
0.000579 -0.000853 2552.0
0.000579 -0.000852 2553.0
0.000579 -0.000852 2554.0
0.000579 -0.000852 2555.0
0.000579 -0.000851 2556.0
0.000579 -0.000851 2557.0
0.000579 -0.000851 2558.0
0.000579 -0.000850 2559.0
0.000579 -0.000850 2560.0
0.000579 -0.000850 2561.0
0.000579 -0.000849 2562.0
0.000579 -0.000849 2563.0
0.000579 -0.000848 2564.0
0.000579 -0.000848 2565.0
0.000579 -0.000848 2566.0
0.000579 -0.000847 2567.0
0.000579 -0.000847 2568.0
0.000579 -0.000847 2569.0
0.000580 -0.000847 2570.0
0.000580 -0.000846 2571.0
0.000580 -0.000844 2572.0
0.000580 -0.000843 2573.0
0.000580 -0.000842 2574.0
0.000580 -0.000841 2575.0
0.000581 -0.000840 2576.0
0.000581 -0.000839 2577.0
0.000581 -0.000838 2578.0
0.000581 -0.000836 2579.0
0.000581 -0.000835 2580.0
0.000581 -0.000834 2581.0
0.000581 -0.000833 2582.0
0.000581 -0.000832 2583.0
0.000582 -0.000831 2584.0
0.000582 -0.000829 2585.0
0.000582 -0.000828 2586.0
0.000582 -0.000827 2587.0
0.000582 -0.000826 2588.0
0.000582 -0.000825 2589.0
0.000582 -0.000824 2590.0
0.000582 -0.000823 2591.0
0.000582 -0.000821 2592.0
0.000583 -0.000820 2593.0
0.000583 -0.000819 2594.0
0.000583 -0.000818 2595.0
0.000583 -0.000817 2596.0
0.000583 -0.000816 2597.0
0.000583 -0.000815 2598.0
0.000583 -0.000813 2599.0
0.000583 -0.000812 2600.0
0.000584 -0.000811 2601.0
0.000584 -0.000810 2602.0
0.000584 -0.000809 2603.0
0.000584 -0.000808 2604.0
0.000584 -0.000807 2605.0
0.000584 -0.000805 2606.0
0.000584 -0.000804 2607.0
0.000584 -0.000803 2608.0
0.000584 -0.000802 2609.0
0.000585 -0.000801 2610.0
0.000585 -0.000800 2611.0
0.000585 -0.000798 2612.0
0.000585 -0.000797 2613.0
0.000585 -0.000796 2614.0
0.000585 -0.000795 2615.0
0.000585 -0.000794 2616.0
0.000585 -0.000793 2617.0
0.000586 -0.000792 2618.0
0.000586 -0.000790 2619.0
0.000586 -0.000789 2620.0
0.000586 -0.000788 2621.0
0.000586 -0.000787 2622.0
0.000586 -0.000786 2623.0
0.000586 -0.000785 2624.0
0.000588 -0.000785 2625.0
0.000588 -0.000784 2626.0
0.000588 -0.000784 2627.0
0.000588 -0.000783 2628.0
0.000588 -0.000783 2629.0
0.000589 -0.000782 2630.0
0.000589 -0.000781 2631.0
0.000589 -0.000781 2632.0
0.000589 -0.000780 2633.0
0.000589 -0.000780 2634.0
0.000589 -0.000779 2635.0
0.000589 -0.000778 2636.0
0.000590 -0.000778 2637.0
0.000590 -0.000777 2638.0
0.000590 -0.000777 2639.0
0.000590 -0.000776 2640.0
0.000590 -0.000775 2641.0
0.000590 -0.000775 2642.0
0.000590 -0.000774 2643.0
0.000591 -0.000774 2644.0
0.000591 -0.000773 2645.0
0.000591 -0.000772 2646.0
0.000591 -0.000772 2647.0
0.000591 -0.000771 2648.0
0.000591 -0.000771 2649.0
0.000592 -0.000770 2650.0
0.000592 -0.000769 2651.0
0.000592 -0.000769 2652.0
0.000592 -0.000768 2653.0
0.000592 -0.000768 2654.0
0.000592 -0.000767 2655.0
0.000592 -0.000767 2656.0
0.000593 -0.000766 2657.0
0.000593 -0.000765 2658.0
0.000593 -0.000765 2659.0
0.000593 -0.000764 2660.0
0.000593 -0.000764 2661.0
0.000593 -0.000763 2662.0
0.000593 -0.000762 2663.0
0.000594 -0.000762 2664.0
0.000594 -0.000761 2665.0
0.000594 -0.000761 2666.0
0.000594 -0.000760 2667.0
0.000594 -0.000759 2668.0
0.000594 -0.000759 2669.0
0.000595 -0.000758 2670.0
0.000595 -0.000758 2671.0
0.000595 -0.000757 2672.0
0.000595 -0.000756 2673.0
0.000595 -0.000756 2674.0
0.000595 -0.000755 2675.0
0.000595 -0.000755 2676.0
0.000596 -0.000754 2677.0
0.000596 -0.000753 2678.0
0.000596 -0.000753 2679.0
0.000598 -0.000754 2680.0
0.000598 -0.000754 2681.0
0.000598 -0.000754 2682.0
0.000598 -0.000754 2683.0
0.000598 -0.000754 2684.0
0.000598 -0.000754 2685.0
0.000598 -0.000754 2686.0
0.000598 -0.000754 2687.0
0.000598 -0.000754 2688.0
0.000598 -0.000754 2689.0
0.000598 -0.000754 2690.0
0.000598 -0.000754 2691.0
0.000598 -0.000753 2692.0
0.000598 -0.000753 2693.0
0.000598 -0.000753 2694.0
0.000598 -0.000753 2695.0
0.000598 -0.000753 2696.0
0.000598 -0.000753 2697.0
0.000598 -0.000753 2698.0
0.000598 -0.000753 2699.0
0.000598 -0.000753 2700.0
0.000598 -0.000753 2701.0
0.000598 -0.000753 2702.0
0.000598 -0.000753 2703.0
0.000598 -0.000753 2704.0
0.000598 -0.000753 2705.0
0.000598 -0.000753 2706.0
0.000598 -0.000753 2707.0
0.000598 -0.000753 2708.0
0.000598 -0.000753 2709.0
0.000598 -0.000753 2710.0
0.000598 -0.000753 2711.0
0.000598 -0.000753 2712.0
0.000598 -0.000753 2713.0
0.000598 -0.000753 2714.0
0.000598 -0.000753 2715.0
0.000598 -0.000753 2716.0
0.000598 -0.000753 2717.0
0.000598 -0.000753 2718.0
0.000598 -0.000753 2719.0
0.000598 -0.000753 2720.0
0.000598 -0.000753 2721.0
0.000598 -0.000753 2722.0
0.000598 -0.000753 2723.0
0.000598 -0.000753 2724.0
0.000598 -0.000753 2725.0
0.000598 -0.000753 2726.0
0.000598 -0.000753 2727.0
0.000598 -0.000753 2728.0
0.000598 -0.000753 2729.0
0.000598 -0.000753 2730.0
0.000598 -0.000753 2731.0
0.000598 -0.000753 2732.0
0.000598 -0.000753 2733.0
0.000598 -0.000753 2734.0
0.000598 -0.000753 2735.0
0.000598 -0.000753 2736.0
0.000598 -0.000753 2737.0
0.000598 -0.000753 2738.0
0.000598 -0.000753 2739.0
0.000598 -0.000753 2740.0
0.000598 -0.000753 2741.0
0.000598 -0.000753 2742.0
0.000598 -0.000753 2743.0
0.000598 -0.000753 2744.0
0.000598 -0.000753 2745.0
0.000598 -0.000753 2746.0
0.000598 -0.000753 2747.0
0.000598 -0.000753 2748.0
0.000598 -0.000753 2749.0
0.000598 -0.000753 2750.0
0.000598 -0.000753 2751.0
0.000598 -0.000753 2752.0
0.000598 -0.000753 2753.0
0.000598 -0.000753 2754.0
0.000598 -0.000753 2755.0
0.000598 -0.000753 2756.0
0.000598 -0.000753 2757.0
0.000598 -0.000753 2758.0
0.000598 -0.000753 2759.0
0.000598 -0.000753 2760.0
0.000598 -0.000753 2761.0
0.000598 -0.000753 2762.0
0.000598 -0.000753 2763.0
0.000598 -0.000753 2764.0
0.000598 -0.000753 2765.0
0.000598 -0.000753 2766.0
0.000598 -0.000753 2767.0
0.000598 -0.000753 2768.0
0.000598 -0.000753 2769.0
0.000598 -0.000753 2770.0
0.000598 -0.000753 2771.0
0.000598 -0.000753 2772.0
0.000598 -0.000753 2773.0
0.000598 -0.000753 2774.0
0.000598 -0.000753 2775.0
0.000598 -0.000753 2776.0
0.000598 -0.000753 2777.0
0.000598 -0.000753 2778.0
0.000598 -0.000753 2779.0
0.000598 -0.000753 2780.0
0.000598 -0.000753 2781.0
0.000598 -0.000753 2782.0
0.000598 -0.000753 2783.0
0.000598 -0.000753 2784.0
0.000598 -0.000753 2785.0
0.000598 -0.000753 2786.0
0.000598 -0.000753 2787.0
0.000598 -0.000753 2788.0
0.000598 -0.000753 2789.0
0.000598 -0.000753 2790.0
0.000598 -0.000753 2791.0
0.000598 -0.000753 2792.0
0.000598 -0.000753 2793.0
0.000598 -0.000753 2794.0
0.000598 -0.000753 2795.0
0.000598 -0.000753 2796.0
0.000598 -0.000753 2797.0
0.000598 -0.000753 2798.0
0.000598 -0.000753 2799.0
0.000598 -0.000753 2800.0
0.000598 -0.000753 2801.0
0.000598 -0.000753 2802.0
0.000598 -0.000753 2803.0
0.000598 -0.000753 2804.0
0.000598 -0.000753 2805.0
0.000598 -0.000753 2806.0
0.000598 -0.000753 2807.0
0.000598 -0.000753 2808.0
0.000598 -0.000753 2809.0
0.000598 -0.000753 2810.0
0.000598 -0.000753 2811.0
0.000598 -0.000753 2812.0
0.000598 -0.000753 2813.0
0.000598 -0.000753 2814.0
0.000598 -0.000753 2815.0
0.000598 -0.000753 2816.0
0.000598 -0.000753 2817.0
0.000598 -0.000753 2818.0
0.000598 -0.000753 2819.0
0.000598 -0.000753 2820.0
0.000598 -0.000753 2821.0
0.000598 -0.000753 2822.0
0.000598 -0.000753 2823.0
0.000598 -0.000753 2824.0
0.000598 -0.000753 2825.0
0.000598 -0.000753 2826.0
0.000598 -0.000753 2827.0
0.000598 -0.000753 2828.0
0.000598 -0.000753 2829.0
0.000598 -0.000753 2830.0
0.000598 -0.000753 2831.0
0.000598 -0.000753 2832.0
0.000598 -0.000753 2833.0
0.000598 -0.000753 2834.0
0.000598 -0.000753 2835.0
0.000598 -0.000753 2836.0
0.000598 -0.000753 2837.0
0.000598 -0.000753 2838.0
0.000598 -0.000753 2839.0
0.000598 -0.000753 2840.0
0.000598 -0.000753 2841.0
0.000598 -0.000753 2842.0
0.000598 -0.000753 2843.0
0.000598 -0.000753 2844.0
0.000598 -0.000753 2845.0
0.000598 -0.000753 2846.0
0.000598 -0.000753 2847.0
0.000598 -0.000753 2848.0
0.000598 -0.000753 2849.0
0.000598 -0.000753 2850.0
0.000598 -0.000753 2851.0
0.000598 -0.000753 2852.0
0.000598 -0.000753 2853.0
0.000598 -0.000753 2854.0
0.000598 -0.000753 2855.0
0.000598 -0.000753 2856.0
0.000598 -0.000753 2857.0
0.000598 -0.000753 2858.0
0.000598 -0.000753 2859.0
0.000597 -0.000753 2860.0
0.000597 -0.000753 2861.0
0.000597 -0.000753 2862.0
0.000597 -0.000753 2863.0
0.000597 -0.000753 2864.0
0.000597 -0.000753 2865.0
0.000597 -0.000753 2866.0
0.000597 -0.000753 2867.0
0.000597 -0.000753 2868.0
0.000597 -0.000753 2869.0
0.000597 -0.000753 2870.0
0.000597 -0.000753 2871.0
0.000597 -0.000753 2872.0
0.000597 -0.000753 2873.0
0.000597 -0.000753 2874.0
0.000597 -0.000753 2875.0
0.000597 -0.000753 2876.0
0.000597 -0.000753 2877.0
0.000597 -0.000753 2878.0
0.000597 -0.000753 2879.0
0.000597 -0.000753 2880.0
0.000597 -0.000753 2881.0
0.000597 -0.000753 2882.0
0.000597 -0.000753 2883.0
0.000597 -0.000753 2884.0
0.000597 -0.000753 2885.0
0.000597 -0.000753 2886.0
0.000597 -0.000753 2887.0
0.000597 -0.000753 2888.0
0.000597 -0.000753 2889.0
0.000597 -0.000753 2890.0
0.000597 -0.000753 2891.0
0.000597 -0.000753 2892.0
0.000597 -0.000753 2893.0
0.000597 -0.000753 2894.0
0.000597 -0.000753 2895.0
0.000597 -0.000753 2896.0
0.000597 -0.000753 2897.0
0.000597 -0.000753 2898.0
0.000597 -0.000753 2899.0
0.000597 -0.000753 2900.0
0.000597 -0.000753 2901.0
0.000597 -0.000753 2902.0
0.000597 -0.000753 2903.0
0.000597 -0.000753 2904.0
0.000597 -0.000753 2905.0
0.000597 -0.000753 2906.0
0.000597 -0.000753 2907.0
0.000597 -0.000753 2908.0
0.000597 -0.000753 2909.0
0.000597 -0.000753 2910.0
0.000597 -0.000753 2911.0
0.000597 -0.000753 2912.0
0.000597 -0.000753 2913.0
0.000597 -0.000753 2914.0
0.000597 -0.000753 2915.0
0.000597 -0.000753 2916.0
0.000597 -0.000753 2917.0
0.000597 -0.000753 2918.0
0.000597 -0.000753 2919.0
0.000597 -0.000753 2920.0
0.000597 -0.000753 2921.0
0.000597 -0.000753 2922.0
0.000597 -0.000753 2923.0
0.000597 -0.000753 2924.0
0.000597 -0.000753 2925.0
0.000597 -0.000753 2926.0
0.000597 -0.000753 2927.0
0.000597 -0.000753 2928.0
0.000597 -0.000753 2929.0
0.000597 -0.000753 2930.0
0.000597 -0.000753 2931.0
0.000597 -0.000753 2932.0
0.000597 -0.000753 2933.0
0.000597 -0.000753 2934.0
0.000597 -0.000753 2935.0
0.000597 -0.000753 2936.0
0.000597 -0.000753 2937.0
0.000597 -0.000753 2938.0
0.000597 -0.000753 2939.0
0.000597 -0.000753 2940.0
0.000597 -0.000753 2941.0
0.000597 -0.000753 2942.0
0.000597 -0.000753 2943.0
0.000597 -0.000753 2944.0
0.000597 -0.000753 2945.0
0.000597 -0.000753 2946.0
0.000597 -0.000753 2947.0
0.000597 -0.000753 2948.0
0.000597 -0.000753 2949.0
0.000597 -0.000753 2950.0
0.000597 -0.000753 2951.0
0.000597 -0.000753 2952.0
0.000597 -0.000753 2953.0
0.000597 -0.000753 2954.0
0.000597 -0.000753 2955.0
0.000597 -0.000753 2956.0
0.000597 -0.000753 2957.0
0.000597 -0.000753 2958.0
0.000597 -0.000753 2959.0
0.000597 -0.000753 2960.0
0.000597 -0.000753 2961.0
0.000597 -0.000753 2962.0
0.000597 -0.000753 2963.0
0.000597 -0.000753 2964.0
0.000597 -0.000753 2965.0
0.000597 -0.000753 2966.0
0.000597 -0.000753 2967.0
0.000597 -0.000753 2968.0
0.000597 -0.000753 2969.0
0.000597 -0.000753 2970.0
0.000597 -0.000753 2971.0
0.000597 -0.000753 2972.0
0.000597 -0.000753 2973.0
0.000597 -0.000753 2974.0
0.000597 -0.000753 2975.0
0.000597 -0.000753 2976.0
0.000597 -0.000753 2977.0
0.000597 -0.000753 2978.0
0.000597 -0.000753 2979.0
0.000597 -0.000753 2980.0
0.000597 -0.000753 2981.0
0.000597 -0.000753 2982.0
0.000597 -0.000753 2983.0
0.000597 -0.000753 2984.0
0.000597 -0.000753 2985.0
0.000597 -0.000753 2986.0
0.000597 -0.000753 2987.0
0.000597 -0.000753 2988.0
0.000597 -0.000753 2989.0
0.000597 -0.000753 2990.0
0.000597 -0.000753 2991.0
0.000597 -0.000753 2992.0
0.000597 -0.000753 2993.0
0.000597 -0.000753 2994.0
0.000597 -0.000753 2995.0
0.000597 -0.000753 2996.0
0.000597 -0.000753 2997.0
0.000597 -0.000753 2998.0
0.000597 -0.000753 2999.0
0.000597 -0.000753 3000.0
0.000597 -0.000753 3001.0
0.000597 -0.000753 3002.0
0.000597 -0.000753 3003.0
0.000597 -0.000753 3004.0
0.000597 -0.000753 3005.0
0.000597 -0.000753 3006.0
0.000597 -0.000753 3007.0
0.000597 -0.000753 3008.0
0.000597 -0.000753 3009.0
0.000597 -0.000753 3010.0
0.000597 -0.000753 3011.0
0.000597 -0.000753 3012.0
0.000597 -0.000753 3013.0
0.000597 -0.000753 3014.0
0.000597 -0.000753 3015.0
0.000597 -0.000753 3016.0
0.000597 -0.000753 3017.0
0.000597 -0.000753 3018.0
0.000597 -0.000753 3019.0
0.000597 -0.000753 3020.0
0.000597 -0.000753 3021.0
0.000597 -0.000753 3022.0
0.000597 -0.000753 3023.0
0.000597 -0.000753 3024.0
0.000597 -0.000753 3025.0
0.000597 -0.000753 3026.0
0.000597 -0.000753 3027.0
0.000597 -0.000753 3028.0
0.000597 -0.000753 3029.0
0.000597 -0.000753 3030.0
0.000597 -0.000753 3031.0
0.000597 -0.000753 3032.0
0.000597 -0.000753 3033.0
0.000597 -0.000753 3034.0
0.000597 -0.000753 3035.0
0.000597 -0.000753 3036.0
0.000597 -0.000753 3037.0
0.000597 -0.000753 3038.0
0.000597 -0.000753 3039.0
0.000597 -0.000753 3040.0
0.000597 -0.000753 3041.0
0.000597 -0.000753 3042.0
0.000597 -0.000753 3043.0
0.000597 -0.000753 3044.0
0.000597 -0.000753 3045.0
0.000597 -0.000753 3046.0
0.000597 -0.000753 3047.0
0.000597 -0.000753 3048.0
0.000597 -0.000753 3049.0
0.000597 -0.000753 3050.0
0.000597 -0.000753 3051.0
0.000597 -0.000753 3052.0
0.000597 -0.000753 3053.0
0.000597 -0.000753 3054.0
0.000597 -0.000753 3055.0
0.000597 -0.000753 3056.0
0.000597 -0.000753 3057.0
0.000597 -0.000753 3058.0
0.000597 -0.000753 3059.0
0.000597 -0.000753 3060.0
0.000597 -0.000753 3061.0
0.000597 -0.000753 3062.0
0.000597 -0.000753 3063.0
0.000597 -0.000753 3064.0
0.000597 -0.000753 3065.0
0.000597 -0.000753 3066.0
0.000597 -0.000753 3067.0
0.000597 -0.000753 3068.0
0.000597 -0.000753 3069.0
0.000597 -0.000753 3070.0
0.000597 -0.000753 3071.0
0.000597 -0.000753 3072.0
0.000597 -0.000753 3073.0
0.000597 -0.000753 3074.0
0.000597 -0.000753 3075.0
0.000597 -0.000753 3076.0
0.000597 -0.000753 3077.0
0.000597 -0.000753 3078.0
0.000597 -0.000753 3079.0
0.000597 -0.000753 3080.0
0.000597 -0.000753 3081.0
0.000597 -0.000753 3082.0
0.000597 -0.000753 3083.0
0.000597 -0.000753 3084.0
0.000597 -0.000753 3085.0
0.000597 -0.000753 3086.0
0.000597 -0.000753 3087.0
0.000597 -0.000753 3088.0
0.000597 -0.000753 3089.0
0.000597 -0.000753 3090.0
0.000597 -0.000753 3091.0
0.000597 -0.000753 3092.0
0.000597 -0.000753 3093.0
0.000597 -0.000753 3094.0
0.000597 -0.000753 3095.0
0.000597 -0.000753 3096.0
0.000596 -0.000753 3097.0
0.000596 -0.000753 3098.0
0.000596 -0.000753 3099.0
0.000596 -0.000753 3100.0
0.000596 -0.000753 3101.0
0.000596 -0.000753 3102.0
0.000596 -0.000753 3103.0
0.000596 -0.000753 3104.0
0.000596 -0.000753 3105.0
0.000596 -0.000753 3106.0
0.000596 -0.000753 3107.0
0.000596 -0.000753 3108.0
0.000596 -0.000753 3109.0
0.000596 -0.000754 3110.0
0.000596 -0.000754 3111.0
0.000596 -0.000754 3112.0
0.000596 -0.000754 3113.0
0.000596 -0.000754 3114.0
0.000595 -0.000754 3115.0
0.000595 -0.000754 3116.0
0.000595 -0.000754 3117.0
0.000595 -0.000754 3118.0
0.000595 -0.000754 3119.0
0.000595 -0.000754 3120.0
0.000595 -0.000754 3121.0
0.000595 -0.000754 3122.0
0.000595 -0.000754 3123.0
0.000595 -0.000754 3124.0
0.000595 -0.000754 3125.0
0.000595 -0.000754 3126.0
0.000595 -0.000754 3127.0
0.000595 -0.000754 3128.0
0.000595 -0.000754 3129.0
0.000595 -0.000754 3130.0
0.000595 -0.000754 3131.0
0.000594 -0.000754 3132.0
0.000594 -0.000754 3133.0
0.000594 -0.000754 3134.0
0.000594 -0.000754 3135.0
0.000594 -0.000754 3136.0
0.000594 -0.000754 3137.0
0.000594 -0.000754 3138.0
0.000594 -0.000754 3139.0
0.000594 -0.000754 3140.0
0.000594 -0.000753 3141.0
0.000594 -0.000753 3142.0
0.000594 -0.000752 3143.0
0.000594 -0.000752 3144.0
0.000594 -0.000752 3145.0
0.000594 -0.000751 3146.0
0.000594 -0.000751 3147.0
0.000594 -0.000751 3148.0
0.000594 -0.000750 3149.0
0.000594 -0.000750 3150.0
0.000594 -0.000749 3151.0
0.000594 -0.000749 3152.0
0.000594 -0.000749 3153.0
0.000594 -0.000748 3154.0
0.000594 -0.000748 3155.0
0.000594 -0.000748 3156.0
0.000594 -0.000747 3157.0
0.000594 -0.000747 3158.0
0.000594 -0.000746 3159.0
0.000594 -0.000746 3160.0
0.000594 -0.000746 3161.0
0.000594 -0.000745 3162.0
0.000594 -0.000745 3163.0
0.000594 -0.000745 3164.0
0.000594 -0.000744 3165.0
0.000594 -0.000744 3166.0
0.000594 -0.000743 3167.0
0.000594 -0.000743 3168.0
0.000594 -0.000743 3169.0
0.000594 -0.000742 3170.0
0.000594 -0.000742 3171.0
0.000594 -0.000742 3172.0
0.000594 -0.000741 3173.0
0.000594 -0.000741 3174.0
0.000594 -0.000740 3175.0
0.000594 -0.000740 3176.0
0.000594 -0.000740 3177.0
0.000594 -0.000739 3178.0
0.000594 -0.000739 3179.0
0.000594 -0.000739 3180.0
0.000594 -0.000738 3181.0
0.000594 -0.000738 3182.0
0.000594 -0.000737 3183.0
0.000594 -0.000737 3184.0
0.000594 -0.000737 3185.0
0.000594 -0.000736 3186.0
0.000594 -0.000736 3187.0
0.000594 -0.000736 3188.0
0.000594 -0.000735 3189.0
0.000594 -0.000735 3190.0
0.000594 -0.000734 3191.0
0.000594 -0.000734 3192.0
0.000594 -0.000734 3193.0
0.000594 -0.000733 3194.0
0.000594 -0.000733 3195.0
0.000594 -0.000733 3196.0
0.000594 -0.000732 3197.0
0.000594 -0.000732 3198.0
0.000594 -0.000731 3199.0
0.000594 -0.000731 3200.0
0.000594 -0.000731 3201.0
0.000594 -0.000730 3202.0
0.000594 -0.000730 3203.0
0.000594 -0.000730 3204.0
0.000594 -0.000730 3205.0
0.000594 -0.000728 3206.0
0.000595 -0.000727 3207.0
0.000595 -0.000726 3208.0
0.000595 -0.000725 3209.0
0.000595 -0.000723 3210.0
0.000595 -0.000722 3211.0
0.000595 -0.000721 3212.0
0.000595 -0.000720 3213.0
0.000595 -0.000719 3214.0
0.000596 -0.000717 3215.0
0.000596 -0.000716 3216.0
0.000596 -0.000715 3217.0
0.000596 -0.000714 3218.0
0.000596 -0.000712 3219.0
0.000596 -0.000711 3220.0
0.000596 -0.000710 3221.0
0.000596 -0.000709 3222.0
0.000597 -0.000707 3223.0
0.000597 -0.000706 3224.0
0.000597 -0.000705 3225.0
0.000597 -0.000704 3226.0
0.000598 -0.000704 3227.0
0.000598 -0.000703 3228.0
0.000598 -0.000702 3229.0
0.000598 -0.000701 3230.0
0.000598 -0.000700 3231.0
0.000598 -0.000699 3232.0
0.000598 -0.000698 3233.0
0.000598 -0.000697 3234.0
0.000598 -0.000696 3235.0
0.000599 -0.000695 3236.0
0.000599 -0.000694 3237.0
0.000599 -0.000693 3238.0
0.000599 -0.000692 3239.0
0.000599 -0.000691 3240.0
0.000599 -0.000690 3241.0
0.000599 -0.000689 3242.0
0.000599 -0.000688 3243.0
0.000599 -0.000686 3244.0
0.000600 -0.000685 3245.0
0.000600 -0.000684 3246.0
0.000600 -0.000683 3247.0
0.000600 -0.000682 3248.0
0.000600 -0.000681 3249.0
0.000600 -0.000680 3250.0
0.000600 -0.000679 3251.0
0.000600 -0.000678 3252.0
0.000600 -0.000677 3253.0
0.000601 -0.000676 3254.0
0.000601 -0.000675 3255.0
0.000601 -0.000674 3256.0
0.000601 -0.000673 3257.0
0.000601 -0.000672 3258.0
0.000601 -0.000671 3259.0
0.000601 -0.000670 3260.0
0.000601 -0.000669 3261.0
0.000601 -0.000668 3262.0
0.000602 -0.000667 3263.0
0.000602 -0.000666 3264.0
0.000603 -0.000666 3265.0
0.000602 -0.000666 3266.0
0.000602 -0.000665 3267.0
0.000602 -0.000665 3268.0
0.000602 -0.000665 3269.0
0.000601 -0.000664 3270.0
0.000601 -0.000664 3271.0
0.000601 -0.000664 3272.0
0.000601 -0.000663 3273.0
0.000600 -0.000663 3274.0
0.000600 -0.000663 3275.0
0.000600 -0.000662 3276.0
0.000600 -0.000662 3277.0
0.000599 -0.000662 3278.0
0.000599 -0.000661 3279.0
0.000599 -0.000661 3280.0
0.000599 -0.000661 3281.0
0.000598 -0.000660 3282.0
0.000598 -0.000660 3283.0
0.000598 -0.000660 3284.0
0.000597 -0.000659 3285.0
0.000597 -0.000659 3286.0
0.000597 -0.000659 3287.0
0.000597 -0.000658 3288.0
0.000596 -0.000658 3289.0
0.000596 -0.000658 3290.0
0.000596 -0.000657 3291.0
0.000596 -0.000657 3292.0
0.000595 -0.000657 3293.0
0.000595 -0.000656 3294.0
0.000595 -0.000656 3295.0
0.000595 -0.000656 3296.0
0.000594 -0.000655 3297.0
0.000594 -0.000655 3298.0
0.000594 -0.000655 3299.0
0.000594 -0.000654 3300.0
0.000593 -0.000654 3301.0
0.000593 -0.000654 3302.0
0.000593 -0.000653 3303.0
0.000593 -0.000653 3304.0
0.000592 -0.000652 3305.0
0.000592 -0.000652 3306.0
0.000592 -0.000652 3307.0
0.000592 -0.000651 3308.0
0.000591 -0.000651 3309.0
0.000591 -0.000651 3310.0
0.000591 -0.000650 3311.0
0.000590 -0.000650 3312.0
0.000590 -0.000650 3313.0
0.000590 -0.000649 3314.0
0.000590 -0.000649 3315.0
0.000589 -0.000649 3316.0
0.000589 -0.000648 3317.0
0.000589 -0.000648 3318.0
0.000589 -0.000648 3319.0
0.000588 -0.000647 3320.0
0.000588 -0.000647 3321.0
0.000588 -0.000647 3322.0
0.000588 -0.000646 3323.0
0.000587 -0.000646 3324.0
0.000587 -0.000646 3325.0
0.000587 -0.000645 3326.0
0.000587 -0.000645 3327.0
0.000586 -0.000645 3328.0
0.000586 -0.000644 3329.0
0.000584 -0.000647 3330.0
0.000584 -0.000646 3331.0
0.000584 -0.000644 3332.0
0.000583 -0.000643 3333.0
0.000583 -0.000642 3334.0
0.000583 -0.000641 3335.0
0.000582 -0.000639 3336.0
0.000582 -0.000638 3337.0
0.000582 -0.000637 3338.0
0.000581 -0.000635 3339.0
0.000581 -0.000634 3340.0
0.000581 -0.000633 3341.0
0.000581 -0.000632 3342.0
0.000580 -0.000630 3343.0
0.000580 -0.000629 3344.0
0.000580 -0.000628 3345.0
0.000579 -0.000627 3346.0
0.000579 -0.000625 3347.0
0.000579 -0.000624 3348.0
0.000578 -0.000623 3349.0
0.000578 -0.000622 3350.0
0.000578 -0.000620 3351.0
0.000577 -0.000619 3352.0
0.000577 -0.000618 3353.0
0.000577 -0.000617 3354.0
0.000577 -0.000615 3355.0
0.000576 -0.000614 3356.0
0.000576 -0.000613 3357.0
0.000576 -0.000612 3358.0
0.000575 -0.000610 3359.0
0.000575 -0.000609 3360.0
0.000575 -0.000608 3361.0
0.000574 -0.000607 3362.0
0.000574 -0.000605 3363.0
0.000574 -0.000604 3364.0
0.000573 -0.000603 3365.0
0.000573 -0.000601 3366.0
0.000573 -0.000600 3367.0
0.000573 -0.000599 3368.0
0.000572 -0.000598 3369.0
0.000572 -0.000596 3370.0
0.000572 -0.000595 3371.0
0.000571 -0.000594 3372.0
0.000571 -0.000593 3373.0
0.000571 -0.000591 3374.0
0.000570 -0.000590 3375.0
0.000570 -0.000589 3376.0
0.000570 -0.000588 3377.0
0.000569 -0.000586 3378.0
0.000569 -0.000585 3379.0
0.000569 -0.000584 3380.0
0.000569 -0.000583 3381.0
0.000568 -0.000581 3382.0
0.000568 -0.000580 3383.0
0.000568 -0.000579 3384.0
0.000564 -0.000580 3385.0
0.000563 -0.000579 3386.0
0.000562 -0.000578 3387.0
0.000561 -0.000577 3388.0
0.000560 -0.000575 3389.0
0.000560 -0.000574 3390.0
0.000559 -0.000573 3391.0
0.000558 -0.000571 3392.0
0.000557 -0.000570 3393.0
0.000556 -0.000569 3394.0
0.000555 -0.000568 3395.0
0.000554 -0.000566 3396.0
0.000553 -0.000565 3397.0
0.000553 -0.000564 3398.0
0.000552 -0.000562 3399.0
0.000551 -0.000561 3400.0
0.000550 -0.000560 3401.0
0.000549 -0.000559 3402.0
0.000548 -0.000557 3403.0
0.000547 -0.000556 3404.0
0.000546 -0.000555 3405.0
0.000546 -0.000553 3406.0
0.000545 -0.000552 3407.0
0.000544 -0.000551 3408.0
0.000543 -0.000550 3409.0
0.000542 -0.000548 3410.0
0.000541 -0.000547 3411.0
0.000540 -0.000546 3412.0
0.000540 -0.000544 3413.0
0.000539 -0.000543 3414.0
0.000538 -0.000542 3415.0
0.000537 -0.000541 3416.0
0.000536 -0.000539 3417.0
0.000535 -0.000538 3418.0
0.000534 -0.000537 3419.0
0.000533 -0.000535 3420.0
0.000533 -0.000534 3421.0
0.000532 -0.000533 3422.0
0.000531 -0.000532 3423.0
0.000530 -0.000530 3424.0
0.000529 -0.000529 3425.0
0.000528 -0.000528 3426.0
0.000527 -0.000527 3427.0
0.000526 -0.000525 3428.0
0.000526 -0.000524 3429.0
0.000525 -0.000523 3430.0
0.000524 -0.000521 3431.0
0.000523 -0.000520 3432.0
0.000522 -0.000519 3433.0
0.000521 -0.000518 3434.0
0.000520 -0.000516 3435.0
0.000519 -0.000515 3436.0
0.000519 -0.000514 3437.0
0.000518 -0.000512 3438.0
0.000517 -0.000511 3439.0
0.000516 -0.000510 3440.0
0.000515 -0.000509 3441.0
0.000514 -0.000507 3442.0
0.000513 -0.000506 3443.0
0.000513 -0.000505 3444.0
0.000512 -0.000503 3445.0
0.000505 -0.000511 3446.0
0.000503 -0.000511 3447.0
0.000502 -0.000511 3448.0
0.000500 -0.000510 3449.0
0.000498 -0.000510 3450.0
0.000497 -0.000510 3451.0
0.000495 -0.000510 3452.0
0.000493 -0.000509 3453.0
0.000492 -0.000509 3454.0
0.000490 -0.000509 3455.0
0.000488 -0.000508 3456.0
0.000487 -0.000508 3457.0
0.000485 -0.000508 3458.0
0.000484 -0.000508 3459.0
0.000482 -0.000507 3460.0
0.000480 -0.000507 3461.0
0.000479 -0.000507 3462.0
0.000477 -0.000506 3463.0
0.000475 -0.000506 3464.0
0.000474 -0.000506 3465.0
0.000472 -0.000505 3466.0
0.000470 -0.000505 3467.0
0.000469 -0.000505 3468.0
0.000467 -0.000505 3469.0
0.000465 -0.000504 3470.0
0.000464 -0.000504 3471.0
0.000462 -0.000504 3472.0
0.000460 -0.000503 3473.0
0.000459 -0.000503 3474.0
0.000457 -0.000503 3475.0
0.000456 -0.000503 3476.0
0.000454 -0.000502 3477.0
0.000452 -0.000502 3478.0
0.000451 -0.000502 3479.0
0.000449 -0.000501 3480.0
0.000447 -0.000501 3481.0
0.000446 -0.000501 3482.0
0.000444 -0.000501 3483.0
0.000442 -0.000500 3484.0
0.000441 -0.000500 3485.0
0.000439 -0.000500 3486.0
0.000437 -0.000499 3487.0
0.000436 -0.000499 3488.0
0.000434 -0.000499 3489.0
0.000432 -0.000498 3490.0
0.000431 -0.000498 3491.0
0.000429 -0.000498 3492.0
0.000427 -0.000498 3493.0
0.000426 -0.000497 3494.0
0.000424 -0.000497 3495.0
0.000423 -0.000497 3496.0
0.000421 -0.000496 3497.0
0.000419 -0.000496 3498.0
0.000418 -0.000496 3499.0
0.000416 -0.000496 3500.0
0.000414 -0.000495 3501.0
0.000413 -0.000495 3502.0
0.000411 -0.000495 3503.0
0.000409 -0.000494 3504.0
0.000408 -0.000494 3505.0
0.000407 -0.000498 3506.0
0.000407 -0.000497 3507.0
0.000407 -0.000495 3508.0
0.000407 -0.000494 3509.0
0.000408 -0.000493 3510.0
0.000408 -0.000492 3511.0
0.000408 -0.000491 3512.0
0.000408 -0.000490 3513.0
0.000408 -0.000489 3514.0
0.000408 -0.000488 3515.0
0.000408 -0.000487 3516.0
0.000408 -0.000486 3517.0
0.000408 -0.000485 3518.0
0.000408 -0.000484 3519.0
0.000408 -0.000483 3520.0
0.000408 -0.000482 3521.0
0.000408 -0.000481 3522.0
0.000408 -0.000480 3523.0
0.000408 -0.000479 3524.0
0.000408 -0.000478 3525.0
0.000408 -0.000477 3526.0
0.000408 -0.000476 3527.0
0.000408 -0.000475 3528.0
0.000408 -0.000474 3529.0
0.000408 -0.000473 3530.0
0.000408 -0.000472 3531.0
0.000408 -0.000471 3532.0
0.000409 -0.000470 3533.0
0.000409 -0.000469 3534.0
0.000409 -0.000468 3535.0
0.000409 -0.000467 3536.0
0.000409 -0.000466 3537.0
0.000409 -0.000465 3538.0
0.000409 -0.000463 3539.0
0.000409 -0.000462 3540.0
0.000409 -0.000461 3541.0
0.000409 -0.000460 3542.0
0.000409 -0.000459 3543.0
0.000409 -0.000458 3544.0
0.000409 -0.000457 3545.0
0.000409 -0.000456 3546.0
0.000409 -0.000455 3547.0
0.000409 -0.000454 3548.0
0.000409 -0.000453 3549.0
0.000409 -0.000452 3550.0
0.000409 -0.000451 3551.0
0.000409 -0.000450 3552.0
0.000409 -0.000449 3553.0
0.000409 -0.000448 3554.0
0.000410 -0.000447 3555.0
0.000410 -0.000446 3556.0
0.000410 -0.000445 3557.0
0.000410 -0.000444 3558.0
0.000410 -0.000443 3559.0
0.000410 -0.000442 3560.0
0.000410 -0.000441 3561.0
0.000410 -0.000440 3562.0
0.000410 -0.000439 3563.0
0.000410 -0.000438 3564.0
0.000410 -0.000437 3565.0
0.000410 -0.000436 3566.0
0.000410 -0.000435 3567.0
0.000410 -0.000434 3568.0
0.000410 -0.000433 3569.0
0.000411 -0.000433 3570.0
