0.000602 -0.000677 106.0
0.000601 -0.000676 107.0
0.000601 -0.000676 108.0
0.000601 -0.000675 109.0
0.000601 -0.000675 110.0
0.000601 -0.000674 111.0
0.000601 -0.000674 112.0
0.000600 -0.000673 113.0
0.000600 -0.000673 114.0
0.000600 -0.000672 115.0
0.000600 -0.000672 116.0
0.000600 -0.000671 117.0
0.000600 -0.000671 118.0
0.000599 -0.000671 119.0
0.000599 -0.000670 120.0
0.000599 -0.000670 121.0
0.000599 -0.000669 122.0
0.000599 -0.000669 123.0
0.000598 -0.000668 124.0
0.000598 -0.000668 125.0
0.000598 -0.000667 126.0
0.000598 -0.000667 127.0
0.000598 -0.000666 128.0
0.000598 -0.000666 129.0
0.000597 -0.000665 130.0
0.000597 -0.000665 131.0
0.000597 -0.000664 132.0
0.000597 -0.000664 133.0
0.000597 -0.000663 134.0
0.000597 -0.000663 135.0
0.000596 -0.000662 136.0
0.000596 -0.000662 137.0
0.000596 -0.000661 138.0
0.000596 -0.000661 139.0
0.000596 -0.000661 140.0
0.000595 -0.000660 141.0
0.000595 -0.000660 142.0
0.000595 -0.000659 143.0
0.000595 -0.000659 144.0
0.000595 -0.000658 145.0
0.000595 -0.000658 146.0
0.000594 -0.000657 147.0
0.000594 -0.000657 148.0
0.000594 -0.000656 149.0
0.000594 -0.000656 150.0
0.000594 -0.000655 151.0
0.000594 -0.000655 152.0
0.000593 -0.000654 153.0
0.000593 -0.000654 154.0
0.000593 -0.000653 155.0
0.000593 -0.000653 156.0
0.000593 -0.000652 157.0
0.000592 -0.000652 158.0
0.000592 -0.000651 159.0
0.000592 -0.000651 160.0
0.000592 -0.000651 161.0
0.000592 -0.000650 162.0
0.000592 -0.000650 163.0
0.000591 -0.000649 164.0
0.000591 -0.000649 165.0
0.000591 -0.000648 166.0
0.000591 -0.000648 167.0
0.000591 -0.000647 168.0
0.000590 -0.000647 169.0
0.000590 -0.000646 170.0
0.000588 -0.000648 171.0
0.000588 -0.000647 172.0
0.000587 -0.000646 173.0
0.000587 -0.000645 174.0
0.000587 -0.000644 175.0
0.000586 -0.000643 176.0
0.000586 -0.000642 177.0
0.000586 -0.000641 178.0
0.000585 -0.000640 179.0
0.000585 -0.000639 180.0
0.000585 -0.000638 181.0
0.000584 -0.000637 182.0
0.000584 -0.000635 183.0
0.000584 -0.000634 184.0
0.000583 -0.000633 185.0
0.000583 -0.000632 186.0
0.000583 -0.000631 187.0
0.000582 -0.000630 188.0
0.000582 -0.000629 189.0
0.000582 -0.000628 190.0
0.000581 -0.000627 191.0
0.000581 -0.000626 192.0
0.000581 -0.000625 193.0
0.000580 -0.000624 194.0
0.000580 -0.000623 195.0
0.000580 -0.000622 196.0
0.000579 -0.000621 197.0
0.000579 -0.000620 198.0
0.000579 -0.000619 199.0
0.000578 -0.000618 200.0
0.000578 -0.000617 201.0
0.000578 -0.000616 202.0
0.000577 -0.000615 203.0
0.000577 -0.000614 204.0
0.000577 -0.000613 205.0
0.000576 -0.000612 206.0
0.000576 -0.000611 207.0
0.000576 -0.000610 208.0
0.000575 -0.000609 209.0
0.000575 -0.000608 210.0
0.000575 -0.000607 211.0
0.000574 -0.000606 212.0
0.000574 -0.000605 213.0
0.000574 -0.000604 214.0
0.000573 -0.000603 215.0
0.000573 -0.000602 216.0
0.000572 -0.000601 217.0
0.000572 -0.000600 218.0
0.000572 -0.000599 219.0
0.000571 -0.000598 220.0
0.000571 -0.000597 221.0
0.000571 -0.000596 222.0
0.000570 -0.000595 223.0
0.000570 -0.000594 224.0
0.000570 -0.000593 225.0
0.000569 -0.000592 226.0
0.000569 -0.000591 227.0
0.000569 -0.000590 228.0
0.000568 -0.000589 229.0
0.000568 -0.000588 230.0
0.000564 -0.000590 231.0
0.000563 -0.000588 232.0
0.000562 -0.000587 233.0
0.000561 -0.000585 234.0
0.000560 -0.000583 235.0
0.000559 -0.000582 236.0
0.000558 -0.000580 237.0
0.000557 -0.000578 238.0
0.000556 -0.000577 239.0
0.000555 -0.000575 240.0
0.000554 -0.000573 241.0
0.000553 -0.000572 242.0
0.000552 -0.000570 243.0
0.000551 -0.000568 244.0
0.000550 -0.000567 245.0
0.000549 -0.000565 246.0
0.000548 -0.000563 247.0
0.000546 -0.000562 248.0
0.000545 -0.000560 249.0
0.000544 -0.000559 250.0
0.000543 -0.000557 251.0
0.000542 -0.000555 252.0
0.000541 -0.000554 253.0
0.000540 -0.000552 254.0
0.000539 -0.000550 255.0
0.000538 -0.000549 256.0
0.000537 -0.000547 257.0
0.000536 -0.000545 258.0
0.000535 -0.000544 259.0
0.000534 -0.000542 260.0
0.000533 -0.000540 261.0
0.000532 -0.000539 262.0
0.000531 -0.000537 263.0
0.000530 -0.000535 264.0
0.000529 -0.000534 265.0
0.000528 -0.000532 266.0
0.000527 -0.000530 267.0
0.000526 -0.000529 268.0
0.000525 -0.000527 269.0
0.000524 -0.000525 270.0
0.000523 -0.000524 271.0
0.000522 -0.000522 272.0
0.000521 -0.000520 273.0
0.000520 -0.000519 274.0
0.000519 -0.000517 275.0
0.000518 -0.000516 276.0
0.000517 -0.000514 277.0
0.000516 -0.000512 278.0
0.000515 -0.000511 279.0
0.000514 -0.000509 280.0
0.000513 -0.000507 281.0
0.000512 -0.000506 282.0
0.000511 -0.000504 283.0
0.000503 -0.000512 284.0
0.000501 -0.000512 285.0
0.000499 -0.000511 286.0
0.000497 -0.000511 287.0
0.000494 -0.000511 288.0
0.000492 -0.000510 289.0
0.000490 -0.000510 290.0
0.000488 -0.000509 291.0
0.000486 -0.000509 292.0
0.000484 -0.000509 293.0
0.000481 -0.000508 294.0
0.000479 -0.000508 295.0
0.000477 -0.000507 296.0
0.000475 -0.000507 297.0
0.000473 -0.000507 298.0
0.000471 -0.000506 299.0
0.000468 -0.000506 300.0
0.000466 -0.000506 301.0
0.000464 -0.000505 302.0
0.000462 -0.000505 303.0
0.000460 -0.000504 304.0
0.000458 -0.000504 305.0
0.000455 -0.000504 306.0
0.000453 -0.000503 307.0
0.000451 -0.000503 308.0
0.000449 -0.000502 309.0
0.000447 -0.000502 310.0
0.000445 -0.000502 311.0
0.000442 -0.000501 312.0
0.000440 -0.000501 313.0
0.000438 -0.000501 314.0
0.000436 -0.000500 315.0
0.000434 -0.000500 316.0
0.000432 -0.000499 317.0
0.000429 -0.000499 318.0
0.000427 -0.000499 319.0
0.000425 -0.000498 320.0
0.000423 -0.000498 321.0
0.000421 -0.000498 322.0
0.000419 -0.000497 323.0
0.000416 -0.000497 324.0
0.000414 -0.000496 325.0
0.000412 -0.000496 326.0
0.000410 -0.000496 327.0
0.000408 -0.000495 328.0
0.000406 -0.000495 329.0
0.000403 -0.000494 330.0
0.000401 -0.000494 331.0
0.000399 -0.000494 332.0
0.000399 -0.000497 333.0
0.000397 -0.000498 334.0
0.000395 -0.000499 335.0
0.000393 -0.000500 336.0
0.000391 -0.000501 337.0
0.000389 -0.000502 338.0
0.000387 -0.000503 339.0
0.000385 -0.000504 340.0
0.000383 -0.000505 341.0
0.000381 -0.000506 342.0
0.000379 -0.000507 343.0
0.000377 -0.000508 344.0
0.000375 -0.000509 345.0
0.000373 -0.000510 346.0
0.000371 -0.000511 347.0
0.000369 -0.000512 348.0
0.000367 -0.000513 349.0
0.000365 -0.000513 350.0
0.000363 -0.000514 351.0
0.000361 -0.000515 352.0
0.000359 -0.000516 353.0
0.000357 -0.000517 354.0
0.000355 -0.000518 355.0
0.000353 -0.000519 356.0
0.000351 -0.000520 357.0
0.000349 -0.000521 358.0
0.000347 -0.000522 359.0
0.000345 -0.000523 360.0
0.000343 -0.000524 361.0
0.000341 -0.000525 362.0
0.000339 -0.000526 363.0
0.000337 -0.000527 364.0
0.000335 -0.000528 365.0
0.000333 -0.000529 366.0
0.000331 -0.000530 367.0
0.000329 -0.000531 368.0
0.000327 -0.000531 369.0
0.000325 -0.000532 370.0
0.000323 -0.000533 371.0
0.000321 -0.000534 372.0
0.000319 -0.000535 373.0
0.000317 -0.000536 374.0
0.000315 -0.000537 375.0
0.000313 -0.000538 376.0
0.000311 -0.000539 377.0
0.000309 -0.000540 378.0
0.000307 -0.000541 379.0
0.000305 -0.000542 380.0
0.000303 -0.000543 381.0
0.000301 -0.000544 382.0
0.000299 -0.000535 383.0
0.000299 -0.000537 384.0
0.000298 -0.000539 385.0
0.000298 -0.000540 386.0
0.000297 -0.000542 387.0
0.000297 -0.000544 388.0
0.000296 -0.000546 389.0
0.000296 -0.000548 390.0
0.000296 -0.000549 391.0
0.000295 -0.000551 392.0
0.000295 -0.000553 393.0
0.000294 -0.000555 394.0
0.000294 -0.000557 395.0
0.000293 -0.000558 396.0
0.000293 -0.000560 397.0
0.000293 -0.000562 398.0
0.000292 -0.000564 399.0
0.000292 -0.000565 400.0
0.000291 -0.000567 401.0
0.000291 -0.000569 402.0
0.000290 -0.000571 403.0
0.000290 -0.000573 404.0
0.000290 -0.000574 405.0
0.000289 -0.000576 406.0
0.000289 -0.000578 407.0
0.000288 -0.000580 408.0
0.000288 -0.000581 409.0
0.000287 -0.000583 410.0
0.000287 -0.000585 411.0
0.000287 -0.000587 412.0
0.000286 -0.000589 413.0
0.000286 -0.000590 414.0
0.000285 -0.000592 415.0
0.000285 -0.000594 416.0
0.000284 -0.000596 417.0
0.000284 -0.000597 418.0
0.000284 -0.000599 419.0
0.000283 -0.000601 420.0
0.000283 -0.000603 421.0
0.000282 -0.000605 422.0
0.000282 -0.000606 423.0
0.000281 -0.000608 424.0
0.000281 -0.000610 425.0
0.000281 -0.000612 426.0
0.000280 -0.000614 427.0
0.000280 -0.000615 428.0
0.000279 -0.000617 429.0
0.000279 -0.000619 430.0
0.000274 -0.000617 431.0
0.000274 -0.000618 432.0
0.000274 -0.000619 433.0
0.000274 -0.000620 434.0
0.000274 -0.000621 435.0
0.000274 -0.000622 436.0
0.000274 -0.000623 437.0
0.000274 -0.000624 438.0
0.000273 -0.000625 439.0
0.000273 -0.000626 440.0
0.000273 -0.000627 441.0
0.000273 -0.000628 442.0
0.000273 -0.000629 443.0
0.000273 -0.000630 444.0
0.000273 -0.000631 445.0
0.000273 -0.000632 446.0
0.000273 -0.000633 447.0
0.000272 -0.000634 448.0
0.000272 -0.000635 449.0
0.000272 -0.000636 450.0
0.000272 -0.000637 451.0
0.000272 -0.000638 452.0
0.000272 -0.000639 453.0
0.000272 -0.000640 454.0
0.000272 -0.000641 455.0
0.000272 -0.000642 456.0
0.000271 -0.000643 457.0
0.000271 -0.000643 458.0
0.000271 -0.000644 459.0
0.000271 -0.000645 460.0
0.000271 -0.000646 461.0
0.000271 -0.000647 462.0
0.000271 -0.000648 463.0
0.000271 -0.000649 464.0
0.000271 -0.000650 465.0
0.000270 -0.000651 466.0
0.000270 -0.000652 467.0
0.000270 -0.000653 468.0
0.000270 -0.000654 469.0
0.000270 -0.000655 470.0
0.000270 -0.000656 471.0
0.000270 -0.000657 472.0
0.000270 -0.000658 473.0
0.000270 -0.000659 474.0
0.000269 -0.000660 475.0
0.000269 -0.000661 476.0
0.000269 -0.000662 477.0
0.000269 -0.000663 478.0
0.000269 -0.000664 479.0
0.000269 -0.000665 480.0
0.000269 -0.000666 481.0
0.000269 -0.000667 482.0
0.000267 -0.000667 483.0
0.000267 -0.000667 484.0
0.000267 -0.000667 485.0
0.000266 -0.000667 486.0
0.000266 -0.000667 487.0
0.000266 -0.000667 488.0
0.000265 -0.000667 489.0
0.000265 -0.000667 490.0
0.000265 -0.000667 491.0
0.000264 -0.000667 492.0
0.000264 -0.000667 493.0
0.000264 -0.000667 494.0
0.000263 -0.000667 495.0
0.000263 -0.000667 496.0
0.000263 -0.000666 497.0
0.000262 -0.000666 498.0
0.000262 -0.000666 499.0
0.000262 -0.000666 500.0
0.000261 -0.000666 501.0
0.000261 -0.000666 502.0
0.000261 -0.000666 503.0
0.000260 -0.000666 504.0
0.000260 -0.000666 505.0
0.000260 -0.000666 506.0
0.000259 -0.000666 507.0
0.000259 -0.000666 508.0
0.000259 -0.000666 509.0
0.000258 -0.000666 510.0
0.000258 -0.000666 511.0
0.000258 -0.000666 512.0
0.000257 -0.000666 513.0
0.000257 -0.000666 514.0
0.000257 -0.000666 515.0
0.000256 -0.000666 516.0
0.000256 -0.000666 517.0
0.000256 -0.000666 518.0
0.000255 -0.000666 519.0
0.000255 -0.000666 520.0
0.000255 -0.000666 521.0
0.000254 -0.000666 522.0
0.000254 -0.000666 523.0
0.000254 -0.000666 524.0
0.000253 -0.000666 525.0
0.000253 -0.000666 526.0
0.000253 -0.000666 527.0
0.000252 -0.000666 528.0
0.000252 -0.000666 529.0
0.000252 -0.000666 530.0
0.000251 -0.000666 531.0
0.000251 -0.000666 532.0
0.000251 -0.000666 533.0
0.000250 -0.000666 534.0
0.000250 -0.000666 535.0
0.000250 -0.000666 536.0
0.000249 -0.000666 537.0
0.000249 -0.000666 538.0
0.000248 -0.000666 539.0
0.000248 -0.000665 540.0
0.000248 -0.000665 541.0
0.000247 -0.000665 542.0
0.000247 -0.000665 543.0
0.000247 -0.000665 544.0
0.000246 -0.000665 545.0
0.000246 -0.000666 546.0
0.000246 -0.000666 547.0
0.000246 -0.000665 548.0
0.000246 -0.000665 549.0
0.000246 -0.000665 550.0
0.000246 -0.000665 551.0
0.000246 -0.000665 552.0
0.000246 -0.000665 553.0
0.000246 -0.000665 554.0
0.000246 -0.000665 555.0
0.000246 -0.000665 556.0
0.000246 -0.000665 557.0
0.000246 -0.000665 558.0
0.000246 -0.000664 559.0
0.000246 -0.000664 560.0
0.000246 -0.000664 561.0
0.000246 -0.000664 562.0
0.000246 -0.000664 563.0
0.000246 -0.000664 564.0
0.000246 -0.000664 565.0
0.000246 -0.000664 566.0
0.000246 -0.000664 567.0
0.000246 -0.000664 568.0
0.000246 -0.000664 569.0
0.000246 -0.000663 570.0
0.000246 -0.000663 571.0
0.000246 -0.000663 572.0
0.000246 -0.000663 573.0
0.000246 -0.000663 574.0
0.000246 -0.000663 575.0
0.000246 -0.000663 576.0
0.000246 -0.000663 577.0
0.000246 -0.000663 578.0
0.000246 -0.000663 579.0
0.000246 -0.000663 580.0
0.000246 -0.000662 581.0
0.000246 -0.000662 582.0
0.000246 -0.000662 583.0
0.000246 -0.000662 584.0
0.000246 -0.000662 585.0
0.000246 -0.000662 586.0
0.000246 -0.000662 587.0
0.000246 -0.000662 588.0
0.000246 -0.000662 589.0
0.000246 -0.000662 590.0
0.000246 -0.000662 591.0
0.000246 -0.000661 592.0
0.000246 -0.000661 593.0
0.000246 -0.000661 594.0
0.000246 -0.000661 595.0
0.000246 -0.000661 596.0
0.000246 -0.000661 597.0
0.000246 -0.000661 598.0
0.000246 -0.000661 599.0
0.000246 -0.000661 600.0
0.000246 -0.000661 601.0
0.000246 -0.000661 602.0
0.000246 -0.000660 603.0
0.000246 -0.000660 604.0
0.000246 -0.000660 605.0
0.000246 -0.000660 606.0
0.000246 -0.000660 607.0
0.000246 -0.000660 608.0
0.000246 -0.000660 609.0
0.000246 -0.000660 610.0
0.000246 -0.000661 611.0
0.000246 -0.000661 612.0
0.000246 -0.000661 613.0
0.000246 -0.000661 614.0
0.000246 -0.000661 615.0
0.000246 -0.000661 616.0
0.000246 -0.000661 617.0
0.000246 -0.000661 618.0
0.000246 -0.000662 619.0
0.000246 -0.000662 620.0
0.000246 -0.000662 621.0
0.000246 -0.000662 622.0
0.000246 -0.000662 623.0
0.000246 -0.000662 624.0
0.000246 -0.000662 625.0
0.000246 -0.000662 626.0
0.000246 -0.000663 627.0
0.000246 -0.000663 628.0
0.000246 -0.000663 629.0
0.000246 -0.000663 630.0
0.000246 -0.000663 631.0
0.000246 -0.000663 632.0
0.000246 -0.000663 633.0
0.000246 -0.000663 634.0
0.000246 -0.000664 635.0
0.000246 -0.000664 636.0
0.000246 -0.000664 637.0
0.000246 -0.000664 638.0
0.000246 -0.000664 639.0
0.000246 -0.000664 640.0
0.000246 -0.000664 641.0
0.000246 -0.000664 642.0
0.000246 -0.000665 643.0
0.000246 -0.000665 644.0
0.000246 -0.000665 645.0
0.000246 -0.000665 646.0
0.000246 -0.000665 647.0
0.000246 -0.000665 648.0
0.000246 -0.000665 649.0
0.000246 -0.000666 650.0
0.000246 -0.000666 651.0
0.000246 -0.000666 652.0
0.000246 -0.000666 653.0
0.000246 -0.000666 654.0
0.000246 -0.000666 655.0
0.000246 -0.000666 656.0
0.000246 -0.000666 657.0
0.000246 -0.000667 658.0
0.000246 -0.000667 659.0
0.000246 -0.000667 660.0
0.000246 -0.000667 661.0
0.000246 -0.000667 662.0
0.000246 -0.000667 663.0
0.000246 -0.000667 664.0
0.000246 -0.000667 665.0
0.000246 -0.000668 666.0
0.000246 -0.000668 667.0
0.000246 -0.000668 668.0
0.000246 -0.000668 669.0
0.000246 -0.000668 670.0
0.000246 -0.000668 671.0
0.000246 -0.000668 672.0
0.000246 -0.000668 673.0
0.000246 -0.000668 674.0
0.000246 -0.000668 675.0
0.000246 -0.000668 676.0
0.000246 -0.000668 677.0
0.000246 -0.000668 678.0
0.000246 -0.000668 679.0
0.000246 -0.000668 680.0
0.000246 -0.000668 681.0
0.000246 -0.000668 682.0
0.000246 -0.000668 683.0
0.000246 -0.000668 684.0
0.000246 -0.000668 685.0
0.000246 -0.000668 686.0
0.000246 -0.000668 687.0
0.000246 -0.000668 688.0
0.000246 -0.000668 689.0
0.000246 -0.000668 690.0
0.000246 -0.000668 691.0
0.000246 -0.000668 692.0
0.000246 -0.000668 693.0
0.000246 -0.000668 694.0
0.000246 -0.000668 695.0
0.000246 -0.000668 696.0
0.000246 -0.000668 697.0
0.000246 -0.000668 698.0
0.000246 -0.000668 699.0
0.000246 -0.000668 700.0
0.000246 -0.000668 701.0
0.000246 -0.000668 702.0
0.000246 -0.000668 703.0
0.000246 -0.000668 704.0
0.000246 -0.000668 705.0
0.000246 -0.000668 706.0
0.000246 -0.000668 707.0
0.000246 -0.000668 708.0
0.000246 -0.000668 709.0
0.000246 -0.000668 710.0
0.000246 -0.000668 711.0
0.000246 -0.000668 712.0
0.000246 -0.000668 713.0
0.000246 -0.000668 714.0
0.000246 -0.000668 715.0
0.000246 -0.000668 716.0
0.000246 -0.000668 717.0
0.000246 -0.000668 718.0
0.000246 -0.000668 719.0
0.000246 -0.000668 720.0
0.000246 -0.000668 721.0
0.000246 -0.000668 722.0
0.000246 -0.000668 723.0
0.000246 -0.000668 724.0
0.000246 -0.000668 725.0
0.000246 -0.000668 726.0
0.000246 -0.000668 727.0
0.000246 -0.000668 728.0
0.000246 -0.000668 729.0
0.000246 -0.000668 730.0
0.000246 -0.000668 731.0
0.000246 -0.000668 732.0
0.000246 -0.000668 733.0
0.000246 -0.000668 734.0
0.000246 -0.000668 735.0
0.000246 -0.000668 736.0
0.000246 -0.000668 737.0
0.000246 -0.000668 738.0
0.000246 -0.000668 739.0
0.000246 -0.000668 740.0
0.000246 -0.000668 741.0
0.000246 -0.000668 742.0
0.000246 -0.000668 743.0
0.000246 -0.000668 744.0
0.000246 -0.000668 745.0
0.000246 -0.000668 746.0
0.000246 -0.000668 747.0
0.000246 -0.000668 748.0
0.000246 -0.000668 749.0
0.000246 -0.000668 750.0
0.000246 -0.000668 751.0
0.000246 -0.000668 752.0
0.000246 -0.000668 753.0
0.000246 -0.000668 754.0
0.000246 -0.000668 755.0
0.000246 -0.000668 756.0
0.000246 -0.000668 757.0
0.000246 -0.000668 758.0
0.000246 -0.000668 759.0
0.000246 -0.000668 760.0
0.000246 -0.000668 761.0
0.000246 -0.000668 762.0
0.000246 -0.000668 763.0
0.000246 -0.000668 764.0
0.000246 -0.000668 765.0
0.000246 -0.000668 766.0
0.000246 -0.000668 767.0
0.000246 -0.000668 768.0
0.000246 -0.000668 769.0
0.000246 -0.000668 770.0
0.000246 -0.000668 771.0
0.000246 -0.000668 772.0
0.000246 -0.000668 773.0
0.000246 -0.000668 774.0
0.000246 -0.000668 775.0
0.000246 -0.000668 776.0
0.000246 -0.000668 777.0
0.000246 -0.000668 778.0
0.000246 -0.000668 779.0
0.000246 -0.000668 780.0
0.000246 -0.000668 781.0
0.000246 -0.000668 782.0
0.000246 -0.000668 783.0
0.000246 -0.000668 784.0
0.000246 -0.000668 785.0
0.000246 -0.000668 786.0
0.000246 -0.000668 787.0
0.000246 -0.000668 788.0
0.000246 -0.000668 789.0
0.000246 -0.000668 790.0
0.000246 -0.000668 791.0
0.000246 -0.000668 792.0
0.000246 -0.000668 793.0
0.000246 -0.000668 794.0
0.000246 -0.000668 795.0
0.000246 -0.000668 796.0
0.000246 -0.000668 797.0
0.000246 -0.000668 798.0
0.000246 -0.000668 799.0
0.000246 -0.000668 800.0
0.000246 -0.000668 801.0
0.000246 -0.000668 802.0
0.000246 -0.000668 803.0
0.000246 -0.000668 804.0
0.000246 -0.000668 805.0
0.000246 -0.000668 806.0
0.000246 -0.000668 807.0
0.000246 -0.000668 808.0
0.000246 -0.000668 809.0
0.000246 -0.000668 810.0
0.000246 -0.000668 811.0
0.000246 -0.000668 812.0
0.000246 -0.000668 813.0
0.000246 -0.000668 814.0
0.000246 -0.000668 815.0
0.000246 -0.000668 816.0
0.000246 -0.000668 817.0
0.000246 -0.000668 818.0
0.000246 -0.000668 819.0
0.000246 -0.000668 820.0
0.000246 -0.000668 821.0
0.000246 -0.000668 822.0
0.000246 -0.000668 823.0
0.000246 -0.000668 824.0
0.000246 -0.000668 825.0
0.000246 -0.000668 826.0
0.000246 -0.000668 827.0
0.000246 -0.000668 828.0
0.000246 -0.000668 829.0
0.000246 -0.000668 830.0
0.000246 -0.000668 831.0
0.000246 -0.000668 832.0
0.000246 -0.000668 833.0
0.000246 -0.000668 834.0
0.000246 -0.000668 835.0
0.000246 -0.000668 836.0
0.000246 -0.000668 837.0
0.000246 -0.000668 838.0
0.000246 -0.000668 839.0
0.000246 -0.000668 840.0
0.000246 -0.000668 841.0
0.000246 -0.000668 842.0
0.000246 -0.000668 843.0
0.000246 -0.000668 844.0
0.000246 -0.000668 845.0
0.000246 -0.000668 846.0
0.000246 -0.000668 847.0
0.000246 -0.000668 848.0
0.000246 -0.000668 849.0
0.000246 -0.000668 850.0
0.000246 -0.000668 851.0
0.000246 -0.000668 852.0
0.000246 -0.000668 853.0
0.000246 -0.000668 854.0
0.000246 -0.000668 855.0
0.000246 -0.000668 856.0
0.000246 -0.000668 857.0
0.000246 -0.000668 858.0
0.000246 -0.000668 859.0
0.000246 -0.000668 860.0
0.000246 -0.000668 861.0
0.000246 -0.000668 862.0
0.000246 -0.000668 863.0
0.000246 -0.000668 864.0
0.000246 -0.000668 865.0
0.000246 -0.000668 866.0
0.000246 -0.000668 867.0
0.000246 -0.000668 868.0
0.000246 -0.000668 869.0
0.000246 -0.000668 870.0
0.000246 -0.000668 871.0
0.000246 -0.000668 872.0
0.000246 -0.000668 873.0
0.000246 -0.000668 874.0
0.000246 -0.000668 875.0
0.000246 -0.000668 876.0
0.000246 -0.000668 877.0
0.000246 -0.000668 878.0
0.000246 -0.000668 879.0
0.000246 -0.000668 880.0
0.000246 -0.000668 881.0
0.000246 -0.000668 882.0
0.000246 -0.000668 883.0
0.000246 -0.000668 884.0
0.000246 -0.000668 885.0
0.000246 -0.000668 886.0
0.000246 -0.000668 887.0
0.000246 -0.000668 888.0
0.000246 -0.000668 889.0
0.000246 -0.000668 890.0
0.000246 -0.000668 891.0
0.000246 -0.000668 892.0
0.000246 -0.000668 893.0
0.000246 -0.000668 894.0
0.000246 -0.000668 895.0
0.000246 -0.000668 896.0
0.000246 -0.000668 897.0
0.000246 -0.000668 898.0
0.000246 -0.000668 899.0
0.000246 -0.000668 900.0
0.000246 -0.000668 901.0
0.000246 -0.000668 902.0
0.000246 -0.000668 903.0
0.000246 -0.000668 904.0
0.000246 -0.000668 905.0
0.000246 -0.000668 906.0
0.000246 -0.000668 907.0
0.000246 -0.000668 908.0
0.000246 -0.000668 909.0
0.000246 -0.000668 910.0
0.000246 -0.000668 911.0
0.000246 -0.000668 912.0
0.000246 -0.000668 913.0
0.000246 -0.000668 914.0
0.000246 -0.000668 915.0
0.000246 -0.000668 916.0
0.000246 -0.000668 917.0
0.000246 -0.000668 918.0
0.000246 -0.000668 919.0
0.000246 -0.000668 920.0
0.000246 -0.000668 921.0
0.000246 -0.000668 922.0
0.000246 -0.000668 923.0
0.000246 -0.000668 924.0
0.000246 -0.000668 925.0
0.000246 -0.000668 926.0
0.000246 -0.000668 927.0
0.000246 -0.000668 928.0
0.000246 -0.000668 929.0
0.000246 -0.000668 930.0
0.000246 -0.000668 931.0
0.000246 -0.000668 932.0
0.000246 -0.000668 933.0
0.000246 -0.000668 934.0
0.000246 -0.000668 935.0
0.000246 -0.000668 936.0
0.000246 -0.000668 937.0
0.000246 -0.000668 938.0
0.000246 -0.000668 939.0
0.000246 -0.000668 940.0
0.000246 -0.000668 941.0
0.000246 -0.000668 942.0
0.000246 -0.000668 943.0
0.000246 -0.000668 944.0
0.000246 -0.000668 945.0
0.000246 -0.000668 946.0
0.000246 -0.000668 947.0
0.000246 -0.000668 948.0
0.000246 -0.000668 949.0
0.000246 -0.000668 950.0
0.000246 -0.000668 951.0
0.000246 -0.000668 952.0
0.000246 -0.000668 953.0
0.000246 -0.000668 954.0
0.000246 -0.000668 955.0
0.000246 -0.000668 956.0
0.000246 -0.000668 957.0
0.000246 -0.000668 958.0
0.000246 -0.000668 959.0
0.000246 -0.000668 960.0
0.000246 -0.000668 961.0
0.000246 -0.000668 962.0
0.000246 -0.000668 963.0
0.000246 -0.000668 964.0
0.000246 -0.000668 965.0
0.000246 -0.000668 966.0
0.000246 -0.000668 967.0
0.000246 -0.000668 968.0
0.000246 -0.000668 969.0
0.000246 -0.000668 970.0
0.000246 -0.000668 971.0
0.000246 -0.000668 972.0
0.000246 -0.000668 973.0
0.000246 -0.000668 974.0
0.000246 -0.000668 975.0
0.000246 -0.000668 976.0
0.000246 -0.000668 977.0
0.000246 -0.000668 978.0
0.000246 -0.000668 979.0
0.000246 -0.000668 980.0
0.000246 -0.000668 981.0
0.000246 -0.000668 982.0
0.000246 -0.000668 983.0
0.000246 -0.000668 984.0
0.000246 -0.000668 985.0
0.000246 -0.000668 986.0
0.000246 -0.000668 987.0
0.000246 -0.000668 988.0
0.000246 -0.000668 989.0
0.000246 -0.000668 990.0
0.000246 -0.000668 991.0
0.000246 -0.000668 992.0
0.000246 -0.000668 993.0
0.000246 -0.000668 994.0
0.000246 -0.000668 995.0
0.000246 -0.000668 996.0
0.000246 -0.000668 997.0
0.000246 -0.000668 998.0
0.000246 -0.000668 999.0
0.000246 -0.000668 1000.0
0.000246 -0.000668 1001.0
0.000246 -0.000668 1002.0
0.000246 -0.000668 1003.0
0.000246 -0.000668 1004.0
0.000246 -0.000668 1005.0
0.000246 -0.000668 1006.0
0.000246 -0.000668 1007.0
0.000246 -0.000668 1008.0
0.000246 -0.000668 1009.0
0.000246 -0.000668 1010.0
0.000246 -0.000668 1011.0
0.000246 -0.000668 1012.0
0.000246 -0.000668 1013.0
0.000246 -0.000668 1014.0
0.000246 -0.000668 1015.0
0.000246 -0.000668 1016.0
0.000246 -0.000668 1017.0
0.000246 -0.000668 1018.0
0.000246 -0.000668 1019.0
0.000246 -0.000668 1020.0
0.000246 -0.000668 1021.0
0.000246 -0.000668 1022.0
0.000246 -0.000668 1023.0
0.000246 -0.000668 1024.0
0.000246 -0.000668 1025.0
0.000246 -0.000668 1026.0
0.000246 -0.000668 1027.0
0.000246 -0.000668 1028.0
0.000246 -0.000667 1029.0
0.000246 -0.000667 1030.0
0.000246 -0.000667 1031.0
0.000246 -0.000667 1032.0
0.000246 -0.000667 1033.0
0.000246 -0.000667 1034.0
0.000246 -0.000667 1035.0
0.000246 -0.000667 1036.0
0.000246 -0.000667 1037.0
0.000246 -0.000667 1038.0
0.000246 -0.000667 1039.0
0.000246 -0.000667 1040.0
0.000246 -0.000667 1041.0
0.000246 -0.000667 1042.0
0.000246 -0.000667 1043.0
0.000246 -0.000667 1044.0
0.000246 -0.000667 1045.0
0.000246 -0.000667 1046.0
0.000246 -0.000667 1047.0
0.000246 -0.000667 1048.0
0.000246 -0.000667 1049.0
0.000246 -0.000667 1050.0
0.000246 -0.000667 1051.0
0.000246 -0.000666 1052.0
0.000246 -0.000666 1053.0
0.000246 -0.000666 1054.0
0.000246 -0.000666 1055.0
0.000246 -0.000666 1056.0
0.000246 -0.000666 1057.0
0.000246 -0.000666 1058.0
0.000246 -0.000666 1059.0
0.000246 -0.000666 1060.0
0.000246 -0.000666 1061.0
0.000246 -0.000666 1062.0
0.000246 -0.000666 1063.0
0.000246 -0.000666 1064.0
0.000246 -0.000666 1065.0
0.000246 -0.000666 1066.0
0.000246 -0.000666 1067.0
0.000246 -0.000666 1068.0
0.000246 -0.000666 1069.0
0.000246 -0.000666 1070.0
0.000246 -0.000666 1071.0
0.000246 -0.000666 1072.0
0.000246 -0.000666 1073.0
0.000246 -0.000666 1074.0
0.000246 -0.000666 1075.0
0.000246 -0.000665 1076.0
0.000246 -0.000665 1077.0
0.000246 -0.000665 1078.0
0.000246 -0.000665 1079.0
0.000246 -0.000665 1080.0
0.000246 -0.000665 1081.0
0.000246 -0.000665 1082.0
0.000246 -0.000665 1083.0
0.000246 -0.000665 1084.0
0.000247 -0.000664 1085.0
0.000247 -0.000664 1086.0
0.000247 -0.000663 1087.0
0.000248 -0.000662 1088.0
0.000248 -0.000661 1089.0
0.000248 -0.000661 1090.0
0.000249 -0.000660 1091.0
0.000249 -0.000659 1092.0
0.000249 -0.000658 1093.0
0.000250 -0.000658 1094.0
0.000250 -0.000657 1095.0
0.000250 -0.000656 1096.0
0.000251 -0.000655 1097.0
0.000251 -0.000655 1098.0
0.000251 -0.000654 1099.0
0.000252 -0.000653 1100.0
0.000252 -0.000652 1101.0
0.000252 -0.000652 1102.0
0.000253 -0.000651 1103.0
0.000253 -0.000650 1104.0
0.000253 -0.000649 1105.0
0.000253 -0.000649 1106.0
0.000254 -0.000648 1107.0
0.000254 -0.000647 1108.0
0.000254 -0.000646 1109.0
0.000255 -0.000646 1110.0
0.000255 -0.000645 1111.0
0.000255 -0.000644 1112.0
0.000256 -0.000643 1113.0
0.000256 -0.000642 1114.0
0.000256 -0.000642 1115.0
0.000257 -0.000641 1116.0
0.000257 -0.000640 1117.0
0.000257 -0.000639 1118.0
0.000258 -0.000639 1119.0
0.000258 -0.000638 1120.0
0.000258 -0.000637 1121.0
0.000259 -0.000636 1122.0
0.000259 -0.000636 1123.0
0.000259 -0.000635 1124.0
0.000260 -0.000634 1125.0
0.000260 -0.000633 1126.0
0.000260 -0.000633 1127.0
0.000261 -0.000632 1128.0
0.000261 -0.000631 1129.0
0.000261 -0.000630 1130.0
0.000262 -0.000630 1131.0
0.000262 -0.000629 1132.0
0.000262 -0.000628 1133.0
0.000262 -0.000627 1134.0
0.000263 -0.000627 1135.0
0.000263 -0.000626 1136.0
0.000263 -0.000625 1137.0
0.000264 -0.000624 1138.0
0.000264 -0.000624 1139.0
0.000264 -0.000623 1140.0
0.000265 -0.000622 1141.0
0.000265 -0.000621 1142.0
0.000265 -0.000621 1143.0
0.000269 -0.000623 1144.0
0.000269 -0.000624 1145.0
0.000269 -0.000625 1146.0
0.000269 -0.000626 1147.0
0.000269 -0.000626 1148.0
0.000269 -0.000627 1149.0
0.000269 -0.000628 1150.0
0.000269 -0.000629 1151.0
0.000269 -0.000629 1152.0
0.000269 -0.000630 1153.0
0.000269 -0.000631 1154.0
0.000269 -0.000632 1155.0
0.000269 -0.000633 1156.0
0.000269 -0.000633 1157.0
0.000269 -0.000634 1158.0
0.000269 -0.000635 1159.0
0.000269 -0.000636 1160.0
0.000269 -0.000637 1161.0
0.000269 -0.000637 1162.0
0.000269 -0.000638 1163.0
0.000270 -0.000639 1164.0
0.000270 -0.000640 1165.0
0.000270 -0.000641 1166.0
0.000270 -0.000641 1167.0
0.000270 -0.000642 1168.0
0.000270 -0.000643 1169.0
0.000270 -0.000644 1170.0
0.000270 -0.000644 1171.0
0.000270 -0.000645 1172.0
0.000270 -0.000646 1173.0
0.000270 -0.000647 1174.0
0.000270 -0.000648 1175.0
0.000270 -0.000648 1176.0
0.000270 -0.000649 1177.0
0.000270 -0.000650 1178.0
0.000270 -0.000651 1179.0
0.000270 -0.000652 1180.0
0.000270 -0.000652 1181.0
0.000270 -0.000653 1182.0
0.000270 -0.000654 1183.0
0.000270 -0.000655 1184.0
0.000270 -0.000656 1185.0
0.000270 -0.000656 1186.0
0.000270 -0.000657 1187.0
0.000270 -0.000658 1188.0
0.000270 -0.000659 1189.0
0.000270 -0.000659 1190.0
0.000270 -0.000660 1191.0
0.000270 -0.000661 1192.0
0.000270 -0.000662 1193.0
0.000270 -0.000663 1194.0
0.000270 -0.000663 1195.0
0.000270 -0.000664 1196.0
0.000271 -0.000665 1197.0
0.000271 -0.000666 1198.0
0.000271 -0.000667 1199.0
0.000271 -0.000667 1200.0
0.000271 -0.000668 1201.0
0.000271 -0.000669 1202.0
0.000271 -0.000670 1203.0
0.000271 -0.000671 1204.0
0.000271 -0.000671 1205.0
0.000271 -0.000672 1206.0
0.000271 -0.000673 1207.0
0.000271 -0.000674 1208.0
0.000271 -0.000674 1209.0
0.000271 -0.000675 1210.0
0.000271 -0.000676 1211.0
0.000271 -0.000677 1212.0
0.000271 -0.000678 1213.0
0.000271 -0.000678 1214.0
0.000271 -0.000679 1215.0
0.000271 -0.000680 1216.0
0.000271 -0.000681 1217.0
0.000271 -0.000682 1218.0
0.000271 -0.000682 1219.0
0.000271 -0.000683 1220.0
0.000271 -0.000684 1221.0
0.000271 -0.000685 1222.0
0.000271 -0.000686 1223.0
0.000271 -0.000686 1224.0
0.000271 -0.000687 1225.0
0.000271 -0.000688 1226.0
0.000271 -0.000689 1227.0
0.000271 -0.000689 1228.0
0.000271 -0.000690 1229.0
0.000271 -0.000691 1230.0
0.000272 -0.000692 1231.0
0.000272 -0.000693 1232.0
0.000272 -0.000693 1233.0
0.000272 -0.000694 1234.0
0.000272 -0.000695 1235.0
0.000272 -0.000696 1236.0
0.000272 -0.000697 1237.0
0.000272 -0.000697 1238.0
0.000272 -0.000698 1239.0
0.000272 -0.000699 1240.0
0.000272 -0.000700 1241.0
0.000272 -0.000701 1242.0
0.000272 -0.000701 1243.0
0.000272 -0.000702 1244.0
0.000272 -0.000703 1245.0
0.000272 -0.000704 1246.0
0.000272 -0.000704 1247.0
0.000272 -0.000705 1248.0
0.000272 -0.000706 1249.0
0.000272 -0.000707 1250.0
0.000272 -0.000708 1251.0
0.000272 -0.000708 1252.0
0.000272 -0.000709 1253.0
0.000272 -0.000710 1254.0
0.000272 -0.000711 1255.0
0.000272 -0.000712 1256.0
0.000272 -0.000712 1257.0
0.000272 -0.000713 1258.0
0.000272 -0.000714 1259.0
0.000272 -0.000715 1260.0
0.000272 -0.000716 1261.0
0.000272 -0.000716 1262.0
0.000272 -0.000717 1263.0
0.000273 -0.000717 1264.0
0.000272 -0.000720 1265.0
0.000271 -0.000722 1266.0
0.000270 -0.000725 1267.0
0.000269 -0.000727 1268.0
0.000268 -0.000730 1269.0
0.000267 -0.000732 1270.0
0.000266 -0.000735 1271.0
0.000265 -0.000737 1272.0
0.000264 -0.000740 1273.0
0.000263 -0.000742 1274.0
0.000262 -0.000745 1275.0
0.000261 -0.000747 1276.0
0.000260 -0.000750 1277.0
0.000259 -0.000753 1278.0
0.000258 -0.000755 1279.0
0.000257 -0.000758 1280.0
0.000256 -0.000760 1281.0
0.000255 -0.000763 1282.0
0.000254 -0.000765 1283.0
0.000253 -0.000768 1284.0
0.000252 -0.000770 1285.0
0.000251 -0.000773 1286.0
0.000250 -0.000775 1287.0
0.000249 -0.000778 1288.0
0.000248 -0.000781 1289.0
0.000247 -0.000783 1290.0
0.000246 -0.000786 1291.0
0.000245 -0.000788 1292.0
0.000244 -0.000791 1293.0
0.000243 -0.000793 1294.0
0.000242 -0.000796 1295.0
0.000241 -0.000798 1296.0
0.000240 -0.000801 1297.0
0.000239 -0.000803 1298.0
0.000238 -0.000806 1299.0
0.000237 -0.000808 1300.0
0.000236 -0.000811 1301.0
0.000235 -0.000813 1302.0
0.000234 -0.000816 1303.0
0.000233 -0.000819 1304.0
0.000232 -0.000821 1305.0
0.000231 -0.000824 1306.0
0.000230 -0.000826 1307.0
0.000229 -0.000829 1308.0
0.000228 -0.000831 1309.0
0.000227 -0.000834 1310.0
0.000218 -0.000828 1311.0
0.000216 -0.000829 1312.0
0.000215 -0.000830 1313.0
0.000213 -0.000831 1314.0
0.000212 -0.000832 1315.0
0.000210 -0.000833 1316.0
0.000209 -0.000834 1317.0
0.000207 -0.000835 1318.0
0.000205 -0.000836 1319.0
0.000204 -0.000837 1320.0
0.000202 -0.000838 1321.0
0.000201 -0.000839 1322.0
0.000199 -0.000840 1323.0
0.000198 -0.000841 1324.0
0.000196 -0.000842 1325.0
0.000194 -0.000843 1326.0
0.000193 -0.000844 1327.0
0.000191 -0.000845 1328.0
0.000190 -0.000846 1329.0
0.000188 -0.000848 1330.0
0.000187 -0.000849 1331.0
0.000185 -0.000850 1332.0
0.000183 -0.000851 1333.0
0.000182 -0.000852 1334.0
0.000180 -0.000853 1335.0
0.000179 -0.000854 1336.0
0.000177 -0.000855 1337.0
0.000176 -0.000856 1338.0
0.000174 -0.000857 1339.0
0.000173 -0.000858 1340.0
0.000171 -0.000859 1341.0
0.000169 -0.000860 1342.0
0.000168 -0.000861 1343.0
0.000166 -0.000862 1344.0
0.000165 -0.000863 1345.0
0.000163 -0.000864 1346.0
0.000162 -0.000865 1347.0
0.000160 -0.000866 1348.0
0.000158 -0.000867 1349.0
0.000157 -0.000869 1350.0
0.000155 -0.000870 1351.0
0.000154 -0.000871 1352.0
0.000152 -0.000872 1353.0
0.000151 -0.000873 1354.0
0.000149 -0.000874 1355.0
0.000147 -0.000875 1356.0
0.000146 -0.000876 1357.0
0.000144 -0.000877 1358.0
0.000143 -0.000878 1359.0
0.000141 -0.000879 1360.0
0.000140 -0.000880 1361.0
0.000138 -0.000881 1362.0
0.000136 -0.000882 1363.0
0.000135 -0.000883 1364.0
0.000133 -0.000884 1365.0
0.000132 -0.000885 1366.0
0.000130 -0.000886 1367.0
0.000129 -0.000887 1368.0
0.000127 -0.000889 1369.0
0.000126 -0.000890 1370.0
0.000121 -0.000879 1371.0
0.000121 -0.000879 1372.0
0.000121 -0.000879 1373.0
0.000121 -0.000879 1374.0
0.000121 -0.000879 1375.0
0.000121 -0.000879 1376.0
0.000121 -0.000879 1377.0
0.000121 -0.000879 1378.0
0.000121 -0.000879 1379.0
0.000121 -0.000879 1380.0
0.000121 -0.000879 1381.0
0.000121 -0.000879 1382.0
0.000121 -0.000879 1383.0
0.000121 -0.000879 1384.0
0.000121 -0.000879 1385.0
0.000121 -0.000879 1386.0
0.000121 -0.000879 1387.0
0.000121 -0.000879 1388.0
0.000121 -0.000879 1389.0
0.000121 -0.000879 1390.0
0.000121 -0.000879 1391.0
0.000121 -0.000879 1392.0
0.000121 -0.000879 1393.0
0.000121 -0.000879 1394.0
0.000121 -0.000879 1395.0
0.000121 -0.000879 1396.0
0.000121 -0.000879 1397.0
0.000121 -0.000879 1398.0
0.000121 -0.000879 1399.0
0.000121 -0.000879 1400.0
0.000121 -0.000879 1401.0
0.000121 -0.000879 1402.0
0.000121 -0.000879 1403.0
0.000121 -0.000879 1404.0
0.000121 -0.000879 1405.0
0.000121 -0.000879 1406.0
0.000121 -0.000879 1407.0
0.000121 -0.000879 1408.0
0.000121 -0.000879 1409.0
0.000121 -0.000879 1410.0
0.000121 -0.000879 1411.0
0.000121 -0.000879 1412.0
0.000121 -0.000879 1413.0
0.000121 -0.000879 1414.0
0.000121 -0.000879 1415.0
0.000121 -0.000879 1416.0
0.000121 -0.000879 1417.0
0.000121 -0.000879 1418.0
0.000121 -0.000879 1419.0
0.000121 -0.000879 1420.0
0.000121 -0.000879 1421.0
0.000121 -0.000879 1422.0
0.000121 -0.000879 1423.0
0.000121 -0.000879 1424.0
0.000121 -0.000879 1425.0
0.000121 -0.000879 1426.0
0.000121 -0.000879 1427.0
0.000121 -0.000879 1428.0
0.000121 -0.000879 1429.0
0.000121 -0.000879 1430.0
0.000121 -0.000879 1431.0
0.000121 -0.000879 1432.0
0.000121 -0.000880 1433.0
0.000121 -0.000880 1434.0
0.000121 -0.000880 1435.0
0.000121 -0.000880 1436.0
0.000121 -0.000880 1437.0
0.000121 -0.000880 1438.0
0.000121 -0.000880 1439.0
0.000121 -0.000880 1440.0
0.000121 -0.000880 1441.0
0.000121 -0.000880 1442.0
0.000121 -0.000880 1443.0
0.000121 -0.000880 1444.0
0.000121 -0.000880 1445.0
0.000121 -0.000880 1446.0
0.000121 -0.000880 1447.0
0.000121 -0.000880 1448.0
0.000121 -0.000880 1449.0
0.000121 -0.000880 1450.0
0.000121 -0.000880 1451.0
0.000121 -0.000880 1452.0
0.000121 -0.000880 1453.0
0.000121 -0.000880 1454.0
0.000121 -0.000880 1455.0
0.000121 -0.000880 1456.0
0.000121 -0.000880 1457.0
0.000121 -0.000880 1458.0
0.000121 -0.000880 1459.0
0.000121 -0.000880 1460.0
0.000121 -0.000880 1461.0
0.000121 -0.000880 1462.0
0.000121 -0.000880 1463.0
0.000121 -0.000880 1464.0
0.000121 -0.000880 1465.0
0.000121 -0.000880 1466.0
0.000121 -0.000880 1467.0
0.000121 -0.000880 1468.0
0.000121 -0.000880 1469.0
0.000121 -0.000880 1470.0
0.000121 -0.000880 1471.0
0.000121 -0.000880 1472.0
0.000121 -0.000880 1473.0
0.000121 -0.000880 1474.0
0.000121 -0.000880 1475.0
0.000121 -0.000880 1476.0
0.000121 -0.000880 1477.0
0.000121 -0.000880 1478.0
0.000121 -0.000880 1479.0
0.000121 -0.000880 1480.0
0.000121 -0.000880 1481.0
0.000121 -0.000880 1482.0
0.000121 -0.000880 1483.0
0.000121 -0.000880 1484.0
0.000121 -0.000880 1485.0
0.000121 -0.000880 1486.0
0.000121 -0.000880 1487.0
0.000121 -0.000880 1488.0
0.000121 -0.000880 1489.0
0.000121 -0.000880 1490.0
0.000121 -0.000880 1491.0
0.000121 -0.000880 1492.0
0.000121 -0.000880 1493.0
0.000121 -0.000880 1494.0
0.000121 -0.000880 1495.0
0.000121 -0.000880 1496.0
0.000121 -0.000880 1497.0
0.000121 -0.000880 1498.0
0.000121 -0.000880 1499.0
0.000121 -0.000880 1500.0
0.000121 -0.000880 1501.0
0.000121 -0.000880 1502.0
0.000121 -0.000880 1503.0
0.000121 -0.000880 1504.0
0.000121 -0.000880 1505.0
0.000121 -0.000880 1506.0
0.000121 -0.000880 1507.0
0.000121 -0.000880 1508.0
0.000121 -0.000880 1509.0
0.000121 -0.000880 1510.0
0.000121 -0.000880 1511.0
0.000121 -0.000880 1512.0
0.000121 -0.000880 1513.0
0.000121 -0.000880 1514.0
0.000121 -0.000880 1515.0
0.000121 -0.000880 1516.0
0.000121 -0.000880 1517.0
0.000121 -0.000880 1518.0
0.000121 -0.000880 1519.0
0.000121 -0.000880 1520.0
0.000121 -0.000880 1521.0
0.000121 -0.000880 1522.0
0.000121 -0.000880 1523.0
0.000121 -0.000880 1524.0
0.000121 -0.000880 1525.0
0.000121 -0.000880 1526.0
0.000121 -0.000880 1527.0
0.000121 -0.000880 1528.0
0.000121 -0.000880 1529.0
0.000121 -0.000880 1530.0
0.000121 -0.000880 1531.0
0.000121 -0.000880 1532.0
0.000121 -0.000880 1533.0
0.000121 -0.000880 1534.0
0.000121 -0.000880 1535.0
0.000121 -0.000880 1536.0
0.000121 -0.000880 1537.0
0.000121 -0.000880 1538.0
0.000121 -0.000880 1539.0
0.000121 -0.000880 1540.0
0.000121 -0.000880 1541.0
0.000121 -0.000880 1542.0
0.000121 -0.000880 1543.0
0.000121 -0.000880 1544.0
0.000121 -0.000880 1545.0
0.000121 -0.000880 1546.0
0.000121 -0.000880 1547.0
0.000121 -0.000880 1548.0
0.000121 -0.000880 1549.0
0.000121 -0.000880 1550.0
0.000121 -0.000880 1551.0
0.000121 -0.000880 1552.0
0.000121 -0.000880 1553.0
0.000121 -0.000880 1554.0
0.000121 -0.000881 1555.0
0.000121 -0.000881 1556.0
0.000121 -0.000881 1557.0
0.000121 -0.000881 1558.0
0.000121 -0.000881 1559.0
0.000121 -0.000881 1560.0
0.000121 -0.000881 1561.0
0.000121 -0.000881 1562.0
0.000121 -0.000881 1563.0
0.000121 -0.000881 1564.0
0.000121 -0.000881 1565.0
0.000121 -0.000881 1566.0
0.000121 -0.000881 1567.0
0.000121 -0.000881 1568.0
0.000121 -0.000881 1569.0
0.000120 -0.000881 1570.0
0.000120 -0.000881 1571.0
0.000120 -0.000881 1572.0
0.000120 -0.000881 1573.0
0.000120 -0.000881 1574.0
0.000120 -0.000881 1575.0
0.000120 -0.000881 1576.0
0.000120 -0.000881 1577.0
0.000120 -0.000881 1578.0
0.000120 -0.000881 1579.0
0.000120 -0.000881 1580.0
0.000120 -0.000881 1581.0
0.000120 -0.000881 1582.0
0.000120 -0.000881 1583.0
0.000120 -0.000881 1584.0
0.000120 -0.000881 1585.0
0.000120 -0.000881 1586.0
0.000120 -0.000881 1587.0
0.000120 -0.000881 1588.0
0.000120 -0.000881 1589.0
0.000120 -0.000881 1590.0
0.000120 -0.000881 1591.0
0.000120 -0.000881 1592.0
0.000120 -0.000881 1593.0
0.000120 -0.000881 1594.0
0.000120 -0.000881 1595.0
0.000120 -0.000881 1596.0
0.000120 -0.000881 1597.0
0.000120 -0.000881 1598.0
0.000120 -0.000881 1599.0
0.000120 -0.000881 1600.0
0.000120 -0.000881 1601.0
0.000120 -0.000881 1602.0
0.000120 -0.000881 1603.0
0.000120 -0.000881 1604.0
0.000120 -0.000881 1605.0
0.000120 -0.000881 1606.0
0.000120 -0.000881 1607.0
0.000120 -0.000881 1608.0
0.000120 -0.000881 1609.0
0.000120 -0.000881 1610.0
0.000120 -0.000881 1611.0
0.000120 -0.000881 1612.0
0.000120 -0.000881 1613.0
0.000120 -0.000881 1614.0
0.000120 -0.000881 1615.0
0.000120 -0.000881 1616.0
0.000120 -0.000881 1617.0
0.000120 -0.000881 1618.0
0.000120 -0.000881 1619.0
0.000120 -0.000881 1620.0
0.000120 -0.000881 1621.0
0.000120 -0.000881 1622.0
0.000120 -0.000881 1623.0
0.000120 -0.000881 1624.0
0.000120 -0.000881 1625.0
0.000120 -0.000881 1626.0
0.000120 -0.000881 1627.0
0.000120 -0.000881 1628.0
0.000120 -0.000881 1629.0
0.000120 -0.000881 1630.0
0.000120 -0.000881 1631.0
0.000120 -0.000881 1632.0
0.000120 -0.000881 1633.0
0.000120 -0.000881 1634.0
0.000120 -0.000881 1635.0
0.000120 -0.000881 1636.0
0.000120 -0.000881 1637.0
0.000120 -0.000881 1638.0
0.000120 -0.000881 1639.0
0.000120 -0.000881 1640.0
0.000120 -0.000881 1641.0
0.000120 -0.000881 1642.0
0.000120 -0.000881 1643.0
0.000120 -0.000881 1644.0
0.000120 -0.000881 1645.0
0.000120 -0.000881 1646.0
0.000120 -0.000881 1647.0
0.000120 -0.000881 1648.0
0.000120 -0.000881 1649.0
0.000120 -0.000881 1650.0
0.000120 -0.000881 1651.0
0.000120 -0.000881 1652.0
0.000120 -0.000881 1653.0
0.000120 -0.000881 1654.0
0.000120 -0.000881 1655.0
0.000120 -0.000881 1656.0
0.000120 -0.000881 1657.0
0.000120 -0.000881 1658.0
0.000120 -0.000881 1659.0
0.000120 -0.000881 1660.0
0.000120 -0.000881 1661.0
0.000120 -0.000881 1662.0
0.000120 -0.000881 1663.0
0.000120 -0.000881 1664.0
0.000120 -0.000881 1665.0
0.000120 -0.000881 1666.0
0.000120 -0.000881 1667.0
0.000120 -0.000881 1668.0
0.000120 -0.000881 1669.0
0.000120 -0.000881 1670.0
0.000120 -0.000881 1671.0
0.000120 -0.000881 1672.0
0.000120 -0.000881 1673.0
0.000120 -0.000881 1674.0
0.000120 -0.000881 1675.0
0.000120 -0.000882 1676.0
0.000120 -0.000882 1677.0
0.000120 -0.000882 1678.0
0.000120 -0.000882 1679.0
0.000120 -0.000882 1680.0
0.000120 -0.000882 1681.0
0.000120 -0.000882 1682.0
0.000120 -0.000882 1683.0
0.000120 -0.000882 1684.0
0.000120 -0.000882 1685.0
0.000120 -0.000882 1686.0
0.000120 -0.000882 1687.0
0.000120 -0.000882 1688.0
0.000120 -0.000882 1689.0
0.000120 -0.000882 1690.0
0.000120 -0.000882 1691.0
0.000120 -0.000882 1692.0
0.000120 -0.000882 1693.0
0.000120 -0.000882 1694.0
0.000120 -0.000882 1695.0
0.000120 -0.000882 1696.0
0.000120 -0.000882 1697.0
0.000120 -0.000882 1698.0
0.000120 -0.000882 1699.0
0.000120 -0.000882 1700.0
0.000120 -0.000882 1701.0
0.000120 -0.000882 1702.0
0.000120 -0.000882 1703.0
0.000120 -0.000882 1704.0
0.000120 -0.000882 1705.0
0.000120 -0.000882 1706.0
0.000120 -0.000882 1707.0
0.000120 -0.000882 1708.0
0.000120 -0.000882 1709.0
0.000120 -0.000882 1710.0
0.000120 -0.000882 1711.0
0.000120 -0.000882 1712.0
0.000120 -0.000882 1713.0
0.000120 -0.000882 1714.0
0.000120 -0.000882 1715.0
0.000120 -0.000882 1716.0
0.000120 -0.000882 1717.0
0.000120 -0.000882 1718.0
0.000120 -0.000882 1719.0
0.000120 -0.000882 1720.0
0.000120 -0.000882 1721.0
0.000120 -0.000882 1722.0
0.000120 -0.000882 1723.0
0.000120 -0.000882 1724.0
0.000120 -0.000882 1725.0
0.000120 -0.000882 1726.0
0.000120 -0.000882 1727.0
0.000120 -0.000882 1728.0
0.000120 -0.000882 1729.0
0.000120 -0.000882 1730.0
0.000120 -0.000882 1731.0
0.000120 -0.000882 1732.0
0.000120 -0.000882 1733.0
0.000120 -0.000882 1734.0
0.000120 -0.000882 1735.0
0.000120 -0.000882 1736.0
0.000120 -0.000882 1737.0
0.000120 -0.000882 1738.0
0.000120 -0.000882 1739.0
0.000120 -0.000882 1740.0
0.000120 -0.000882 1741.0
0.000120 -0.000882 1742.0
0.000120 -0.000882 1743.0
0.000120 -0.000882 1744.0
0.000120 -0.000882 1745.0
0.000120 -0.000882 1746.0
0.000120 -0.000882 1747.0
0.000120 -0.000882 1748.0
0.000120 -0.000882 1749.0
0.000120 -0.000882 1750.0
0.000120 -0.000882 1751.0
0.000120 -0.000882 1752.0
0.000120 -0.000882 1753.0
0.000120 -0.000882 1754.0
0.000120 -0.000882 1755.0
0.000120 -0.000882 1756.0
0.000120 -0.000882 1757.0
0.000120 -0.000882 1758.0
0.000120 -0.000882 1759.0
0.000120 -0.000882 1760.0
0.000120 -0.000882 1761.0
0.000120 -0.000882 1762.0
0.000120 -0.000882 1763.0
0.000120 -0.000882 1764.0
0.000120 -0.000882 1765.0
0.000120 -0.000882 1766.0
0.000120 -0.000882 1767.0
0.000120 -0.000882 1768.0
0.000120 -0.000882 1769.0
0.000120 -0.000882 1770.0
0.000120 -0.000882 1771.0
0.000120 -0.000882 1772.0
0.000120 -0.000882 1773.0
0.000120 -0.000882 1774.0
0.000120 -0.000882 1775.0
0.000120 -0.000882 1776.0
0.000120 -0.000882 1777.0
0.000120 -0.000882 1778.0
0.000119 -0.000882 1779.0
0.000119 -0.000882 1780.0
0.000119 -0.000882 1781.0
0.000119 -0.000882 1782.0
0.000119 -0.000882 1783.0
0.000119 -0.000882 1784.0
0.000119 -0.000882 1785.0
0.000119 -0.000882 1786.0
0.000119 -0.000882 1787.0
0.000119 -0.000882 1788.0
0.000119 -0.000882 1789.0
0.000119 -0.000882 1790.0
0.000119 -0.000882 1791.0
0.000119 -0.000882 1792.0
0.000119 -0.000882 1793.0
0.000119 -0.000882 1794.0
0.000119 -0.000882 1795.0
0.000119 -0.000882 1796.0
0.000119 -0.000882 1797.0
0.000119 -0.000883 1798.0
0.000119 -0.000883 1799.0
0.000119 -0.000883 1800.0
0.000119 -0.000883 1801.0
0.000119 -0.000883 1802.0
0.000119 -0.000883 1803.0
0.000119 -0.000883 1804.0
0.000119 -0.000883 1805.0
0.000119 -0.000883 1806.0
0.000119 -0.000883 1807.0
0.000119 -0.000883 1808.0
0.000119 -0.000883 1809.0
0.000119 -0.000883 1810.0
0.000119 -0.000883 1811.0
0.000119 -0.000883 1812.0
0.000119 -0.000883 1813.0
0.000119 -0.000883 1814.0
0.000119 -0.000883 1815.0
0.000119 -0.000883 1816.0
0.000119 -0.000883 1817.0
0.000119 -0.000883 1818.0
0.000119 -0.000883 1819.0
0.000119 -0.000883 1820.0
0.000119 -0.000883 1821.0
0.000119 -0.000883 1822.0
0.000119 -0.000883 1823.0
0.000119 -0.000883 1824.0
0.000119 -0.000883 1825.0
0.000119 -0.000883 1826.0
0.000119 -0.000883 1827.0
0.000119 -0.000883 1828.0
0.000119 -0.000883 1829.0
0.000119 -0.000883 1830.0
0.000119 -0.000883 1831.0
0.000119 -0.000883 1832.0
0.000119 -0.000883 1833.0
0.000119 -0.000883 1834.0
0.000119 -0.000883 1835.0
0.000119 -0.000883 1836.0
0.000119 -0.000883 1837.0
0.000119 -0.000883 1838.0
0.000119 -0.000883 1839.0
0.000119 -0.000883 1840.0
0.000119 -0.000883 1841.0
0.000119 -0.000883 1842.0
0.000119 -0.000883 1843.0
0.000119 -0.000883 1844.0
0.000119 -0.000883 1845.0
0.000119 -0.000883 1846.0
0.000119 -0.000883 1847.0
0.000119 -0.000883 1848.0
0.000119 -0.000883 1849.0
0.000119 -0.000883 1850.0
0.000119 -0.000883 1851.0
0.000119 -0.000883 1852.0
0.000119 -0.000883 1853.0
0.000119 -0.000883 1854.0
0.000119 -0.000883 1855.0
0.000119 -0.000883 1856.0
0.000119 -0.000883 1857.0
0.000119 -0.000883 1858.0
0.000119 -0.000883 1859.0
0.000119 -0.000883 1860.0
0.000119 -0.000883 1861.0
0.000119 -0.000883 1862.0
0.000119 -0.000883 1863.0
0.000119 -0.000883 1864.0
0.000119 -0.000883 1865.0
0.000119 -0.000883 1866.0
0.000119 -0.000883 1867.0
0.000119 -0.000883 1868.0
0.000119 -0.000883 1869.0
0.000119 -0.000883 1870.0
0.000119 -0.000883 1871.0
0.000119 -0.000883 1872.0
0.000119 -0.000883 1873.0
0.000119 -0.000883 1874.0
0.000119 -0.000883 1875.0
0.000119 -0.000883 1876.0
0.000119 -0.000883 1877.0
0.000119 -0.000883 1878.0
0.000119 -0.000883 1879.0
0.000119 -0.000883 1880.0
0.000119 -0.000883 1881.0
0.000119 -0.000883 1882.0
0.000119 -0.000883 1883.0
0.000119 -0.000883 1884.0
0.000119 -0.000883 1885.0
0.000119 -0.000883 1886.0
0.000119 -0.000883 1887.0
0.000119 -0.000883 1888.0
0.000119 -0.000883 1889.0
0.000119 -0.000883 1890.0
0.000119 -0.000883 1891.0
0.000119 -0.000883 1892.0
0.000119 -0.000883 1893.0
0.000119 -0.000883 1894.0
0.000119 -0.000883 1895.0
0.000119 -0.000883 1896.0
0.000119 -0.000883 1897.0
0.000119 -0.000883 1898.0
0.000119 -0.000883 1899.0
0.000119 -0.000883 1900.0
0.000119 -0.000883 1901.0
0.000119 -0.000883 1902.0
0.000119 -0.000883 1903.0
0.000119 -0.000883 1904.0
0.000119 -0.000883 1905.0
0.000119 -0.000883 1906.0
0.000119 -0.000883 1907.0
0.000119 -0.000883 1908.0
0.000119 -0.000883 1909.0
0.000119 -0.000883 1910.0
0.000119 -0.000883 1911.0
0.000119 -0.000883 1912.0
0.000119 -0.000883 1913.0
0.000119 -0.000883 1914.0
0.000119 -0.000883 1915.0
0.000119 -0.000883 1916.0
0.000119 -0.000883 1917.0
0.000119 -0.000883 1918.0
0.000119 -0.000883 1919.0
0.000119 -0.000884 1920.0
0.000119 -0.000884 1921.0
0.000119 -0.000884 1922.0
0.000119 -0.000884 1923.0
0.000119 -0.000884 1924.0
0.000119 -0.000884 1925.0
0.000119 -0.000884 1926.0
0.000119 -0.000884 1927.0
0.000119 -0.000884 1928.0
0.000119 -0.000884 1929.0
0.000119 -0.000884 1930.0
0.000119 -0.000884 1931.0
0.000119 -0.000884 1932.0
0.000119 -0.000884 1933.0
0.000119 -0.000884 1934.0
0.000119 -0.000884 1935.0
0.000119 -0.000884 1936.0
0.000119 -0.000884 1937.0
0.000119 -0.000884 1938.0
0.000119 -0.000884 1939.0
0.000119 -0.000884 1940.0
0.000119 -0.000884 1941.0
0.000119 -0.000884 1942.0
0.000119 -0.000884 1943.0
0.000119 -0.000884 1944.0
0.000119 -0.000884 1945.0
0.000119 -0.000884 1946.0
0.000119 -0.000884 1947.0
0.000119 -0.000884 1948.0
0.000119 -0.000884 1949.0
0.000119 -0.000884 1950.0
0.000119 -0.000884 1951.0
0.000119 -0.000884 1952.0
0.000119 -0.000884 1953.0
0.000119 -0.000884 1954.0
0.000119 -0.000884 1955.0
0.000119 -0.000884 1956.0
0.000119 -0.000884 1957.0
0.000119 -0.000884 1958.0
0.000119 -0.000884 1959.0
0.000119 -0.000884 1960.0
0.000119 -0.000884 1961.0
0.000119 -0.000884 1962.0
0.000119 -0.000884 1963.0
0.000119 -0.000884 1964.0
0.000119 -0.000884 1965.0
0.000119 -0.000884 1966.0
0.000119 -0.000884 1967.0
0.000119 -0.000884 1968.0
0.000119 -0.000884 1969.0
0.000119 -0.000884 1970.0
0.000119 -0.000884 1971.0
0.000119 -0.000884 1972.0
0.000119 -0.000884 1973.0
0.000119 -0.000884 1974.0
0.000119 -0.000884 1975.0
0.000119 -0.000884 1976.0
0.000119 -0.000884 1977.0
0.000119 -0.000884 1978.0
0.000119 -0.000884 1979.0
0.000119 -0.000884 1980.0
0.000119 -0.000884 1981.0
0.000119 -0.000884 1982.0
0.000119 -0.000884 1983.0
0.000119 -0.000884 1984.0
0.000119 -0.000884 1985.0
0.000119 -0.000884 1986.0
0.000118 -0.000884 1987.0
0.000118 -0.000884 1988.0
0.000118 -0.000884 1989.0
0.000118 -0.000884 1990.0
0.000118 -0.000884 1991.0
0.000118 -0.000884 1992.0
0.000118 -0.000884 1993.0
0.000118 -0.000884 1994.0
0.000118 -0.000884 1995.0
0.000118 -0.000884 1996.0
0.000118 -0.000884 1997.0
0.000118 -0.000884 1998.0
0.000118 -0.000884 1999.0
0.000118 -0.000884 2000.0
0.000118 -0.000884 2001.0
0.000118 -0.000884 2002.0
0.000118 -0.000884 2003.0
0.000118 -0.000884 2004.0
0.000118 -0.000884 2005.0
0.000118 -0.000884 2006.0
0.000118 -0.000884 2007.0
0.000118 -0.000884 2008.0
0.000118 -0.000884 2009.0
0.000118 -0.000884 2010.0
0.000118 -0.000884 2011.0
0.000118 -0.000884 2012.0
0.000118 -0.000884 2013.0
0.000118 -0.000884 2014.0
0.000118 -0.000884 2015.0
0.000118 -0.000884 2016.0
0.000118 -0.000884 2017.0
0.000118 -0.000884 2018.0
0.000118 -0.000884 2019.0
0.000118 -0.000884 2020.0
0.000118 -0.000884 2021.0
0.000118 -0.000884 2022.0
0.000118 -0.000884 2023.0
0.000118 -0.000884 2024.0
0.000118 -0.000884 2025.0
0.000118 -0.000884 2026.0
0.000118 -0.000884 2027.0
0.000118 -0.000884 2028.0
0.000118 -0.000884 2029.0
0.000118 -0.000884 2030.0
0.000118 -0.000884 2031.0
0.000118 -0.000884 2032.0
0.000118 -0.000884 2033.0
0.000118 -0.000884 2034.0
0.000118 -0.000884 2035.0
0.000118 -0.000884 2036.0
0.000118 -0.000884 2037.0
0.000118 -0.000884 2038.0
0.000118 -0.000884 2039.0
0.000118 -0.000884 2040.0
0.000118 -0.000885 2041.0
0.000118 -0.000885 2042.0
0.000118 -0.000885 2043.0
0.000118 -0.000885 2044.0
0.000118 -0.000885 2045.0
0.000118 -0.000885 2046.0
0.000118 -0.000885 2047.0
0.000118 -0.000885 2048.0
0.000118 -0.000885 2049.0
0.000118 -0.000885 2050.0
0.000118 -0.000885 2051.0
0.000118 -0.000885 2052.0
0.000118 -0.000885 2053.0
0.000118 -0.000885 2054.0
0.000118 -0.000885 2055.0
0.000118 -0.000885 2056.0
0.000118 -0.000885 2057.0
0.000118 -0.000885 2058.0
0.000118 -0.000885 2059.0
0.000118 -0.000885 2060.0
0.000118 -0.000885 2061.0
0.000118 -0.000885 2062.0
0.000118 -0.000885 2063.0
0.000118 -0.000885 2064.0
0.000118 -0.000885 2065.0
0.000118 -0.000885 2066.0
0.000118 -0.000885 2067.0
0.000118 -0.000885 2068.0
0.000118 -0.000885 2069.0
0.000118 -0.000885 2070.0
0.000118 -0.000885 2071.0
0.000118 -0.000885 2072.0
0.000118 -0.000885 2073.0
0.000118 -0.000885 2074.0
0.000118 -0.000885 2075.0
0.000118 -0.000885 2076.0
0.000118 -0.000885 2077.0
0.000118 -0.000885 2078.0
0.000118 -0.000885 2079.0
0.000118 -0.000885 2080.0
0.000118 -0.000885 2081.0
0.000118 -0.000885 2082.0
0.000118 -0.000885 2083.0
0.000118 -0.000885 2084.0
0.000118 -0.000885 2085.0
0.000118 -0.000885 2086.0
0.000118 -0.000885 2087.0
0.000118 -0.000885 2088.0
0.000118 -0.000885 2089.0
0.000118 -0.000885 2090.0
0.000118 -0.000885 2091.0
0.000118 -0.000885 2092.0
0.000118 -0.000885 2093.0
0.000118 -0.000885 2094.0
0.000118 -0.000885 2095.0
0.000118 -0.000885 2096.0
0.000118 -0.000885 2097.0
0.000118 -0.000885 2098.0
0.000118 -0.000885 2099.0
0.000118 -0.000885 2100.0
0.000118 -0.000885 2101.0
0.000118 -0.000885 2102.0
0.000118 -0.000885 2103.0
0.000118 -0.000885 2104.0
0.000118 -0.000885 2105.0
0.000118 -0.000885 2106.0
0.000118 -0.000885 2107.0
0.000118 -0.000885 2108.0
0.000118 -0.000885 2109.0
0.000118 -0.000885 2110.0
0.000118 -0.000885 2111.0
0.000118 -0.000885 2112.0
0.000118 -0.000885 2113.0
0.000118 -0.000885 2114.0
0.000118 -0.000885 2115.0
0.000118 -0.000885 2116.0
0.000118 -0.000885 2117.0
0.000118 -0.000885 2118.0
0.000118 -0.000885 2119.0
0.000118 -0.000885 2120.0
0.000118 -0.000885 2121.0
0.000118 -0.000885 2122.0
0.000118 -0.000885 2123.0
0.000118 -0.000885 2124.0
0.000118 -0.000885 2125.0
0.000118 -0.000885 2126.0
0.000118 -0.000885 2127.0
0.000118 -0.000885 2128.0
0.000118 -0.000885 2129.0
0.000118 -0.000885 2130.0
0.000118 -0.000885 2131.0
0.000118 -0.000885 2132.0
0.000118 -0.000885 2133.0
0.000118 -0.000885 2134.0
0.000118 -0.000885 2135.0
0.000118 -0.000885 2136.0
0.000118 -0.000885 2137.0
0.000118 -0.000885 2138.0
0.000118 -0.000885 2139.0
0.000118 -0.000885 2140.0
0.000118 -0.000885 2141.0
0.000118 -0.000885 2142.0
0.000118 -0.000885 2143.0
0.000118 -0.000885 2144.0
0.000118 -0.000885 2145.0
0.000118 -0.000885 2146.0
0.000118 -0.000885 2147.0
0.000118 -0.000885 2148.0
0.000118 -0.000885 2149.0
0.000118 -0.000885 2150.0
0.000118 -0.000885 2151.0
0.000118 -0.000885 2152.0
0.000118 -0.000885 2153.0
0.000118 -0.000885 2154.0
0.000118 -0.000885 2155.0
0.000118 -0.000885 2156.0
0.000118 -0.000885 2157.0
0.000118 -0.000885 2158.0
0.000118 -0.000885 2159.0
0.000118 -0.000885 2160.0
0.000118 -0.000885 2161.0
0.000118 -0.000885 2162.0
0.000118 -0.000886 2163.0
0.000118 -0.000886 2164.0
0.000118 -0.000886 2165.0
0.000118 -0.000886 2166.0
0.000118 -0.000886 2167.0
0.000118 -0.000886 2168.0
0.000118 -0.000886 2169.0
0.000118 -0.000886 2170.0
0.000118 -0.000886 2171.0
0.000118 -0.000886 2172.0
0.000118 -0.000886 2173.0
0.000118 -0.000886 2174.0
0.000118 -0.000886 2175.0
0.000118 -0.000886 2176.0
0.000118 -0.000886 2177.0
0.000118 -0.000886 2178.0
0.000118 -0.000886 2179.0
0.000118 -0.000886 2180.0
0.000118 -0.000886 2181.0
0.000118 -0.000886 2182.0
0.000118 -0.000886 2183.0
0.000118 -0.000886 2184.0
0.000118 -0.000886 2185.0
0.000118 -0.000886 2186.0
0.000118 -0.000886 2187.0
0.000118 -0.000886 2188.0
0.000118 -0.000886 2189.0
0.000118 -0.000886 2190.0
0.000118 -0.000886 2191.0
0.000118 -0.000886 2192.0
0.000118 -0.000886 2193.0
0.000118 -0.000886 2194.0
0.000118 -0.000886 2195.0
0.000117 -0.000886 2196.0
0.000117 -0.000886 2197.0
0.000117 -0.000886 2198.0
0.000117 -0.000886 2199.0
0.000117 -0.000886 2200.0
0.000117 -0.000886 2201.0
0.000117 -0.000886 2202.0
0.000117 -0.000886 2203.0
0.000117 -0.000886 2204.0
0.000117 -0.000886 2205.0
0.000117 -0.000886 2206.0
0.000117 -0.000886 2207.0
0.000117 -0.000886 2208.0
0.000117 -0.000886 2209.0
0.000117 -0.000886 2210.0
0.000117 -0.000886 2211.0
0.000117 -0.000886 2212.0
0.000117 -0.000886 2213.0
0.000117 -0.000886 2214.0
0.000117 -0.000886 2215.0
0.000117 -0.000886 2216.0
0.000117 -0.000886 2217.0
0.000117 -0.000886 2218.0
0.000117 -0.000886 2219.0
0.000117 -0.000886 2220.0
0.000117 -0.000886 2221.0
0.000117 -0.000886 2222.0
0.000117 -0.000886 2223.0
0.000117 -0.000886 2224.0
0.000117 -0.000886 2225.0
0.000117 -0.000886 2226.0
0.000117 -0.000886 2227.0
0.000117 -0.000886 2228.0
0.000117 -0.000886 2229.0
0.000117 -0.000886 2230.0
0.000117 -0.000886 2231.0
0.000117 -0.000886 2232.0
0.000117 -0.000886 2233.0
0.000117 -0.000886 2234.0
0.000117 -0.000886 2235.0
0.000117 -0.000886 2236.0
0.000117 -0.000886 2237.0
0.000117 -0.000886 2238.0
0.000117 -0.000886 2239.0
0.000117 -0.000886 2240.0
0.000117 -0.000886 2241.0
0.000117 -0.000886 2242.0
0.000117 -0.000886 2243.0
0.000117 -0.000886 2244.0
0.000117 -0.000886 2245.0
0.000117 -0.000886 2246.0
0.000117 -0.000886 2247.0
0.000117 -0.000886 2248.0
0.000117 -0.000886 2249.0
0.000117 -0.000886 2250.0
0.000117 -0.000886 2251.0
0.000117 -0.000886 2252.0
0.000117 -0.000886 2253.0
0.000117 -0.000886 2254.0
0.000117 -0.000886 2255.0
0.000117 -0.000886 2256.0
0.000117 -0.000886 2257.0
0.000117 -0.000886 2258.0
0.000117 -0.000886 2259.0
0.000117 -0.000886 2260.0
0.000117 -0.000886 2261.0
0.000117 -0.000886 2262.0
0.000117 -0.000886 2263.0
0.000117 -0.000886 2264.0
0.000117 -0.000886 2265.0
0.000117 -0.000886 2266.0
0.000117 -0.000886 2267.0
0.000117 -0.000886 2268.0
0.000117 -0.000886 2269.0
0.000117 -0.000886 2270.0
0.000117 -0.000886 2271.0
0.000117 -0.000886 2272.0
0.000117 -0.000886 2273.0
0.000117 -0.000886 2274.0
0.000117 -0.000886 2275.0
0.000117 -0.000886 2276.0
0.000117 -0.000886 2277.0
0.000117 -0.000886 2278.0
0.000117 -0.000886 2279.0
0.000117 -0.000886 2280.0
0.000117 -0.000886 2281.0
0.000117 -0.000886 2282.0
0.000117 -0.000886 2283.0
0.000117 -0.000886 2284.0
0.000117 -0.000887 2285.0
0.000117 -0.000887 2286.0
0.000117 -0.000887 2287.0
0.000117 -0.000887 2288.0
0.000117 -0.000887 2289.0
0.000117 -0.000887 2290.0
0.000117 -0.000887 2291.0
0.000117 -0.000887 2292.0
0.000117 -0.000887 2293.0
0.000117 -0.000887 2294.0
0.000117 -0.000887 2295.0
0.000117 -0.000887 2296.0
0.000117 -0.000887 2297.0
0.000117 -0.000887 2298.0
0.000117 -0.000887 2299.0
0.000117 -0.000887 2300.0
0.000117 -0.000887 2301.0
0.000117 -0.000887 2302.0
0.000117 -0.000887 2303.0
0.000117 -0.000887 2304.0
0.000117 -0.000887 2305.0
0.000117 -0.000887 2306.0
0.000117 -0.000887 2307.0
0.000117 -0.000887 2308.0
0.000117 -0.000887 2309.0
0.000117 -0.000887 2310.0
0.000117 -0.000887 2311.0
0.000117 -0.000887 2312.0
0.000117 -0.000887 2313.0
0.000117 -0.000887 2314.0
0.000117 -0.000887 2315.0
0.000117 -0.000887 2316.0
0.000117 -0.000887 2317.0
0.000117 -0.000887 2318.0
0.000117 -0.000887 2319.0
0.000117 -0.000887 2320.0
0.000117 -0.000887 2321.0
0.000117 -0.000887 2322.0
0.000117 -0.000887 2323.0
0.000117 -0.000887 2324.0
0.000117 -0.000887 2325.0
0.000117 -0.000887 2326.0
0.000117 -0.000887 2327.0
0.000117 -0.000887 2328.0
0.000117 -0.000887 2329.0
0.000117 -0.000887 2330.0
0.000117 -0.000887 2331.0
0.000117 -0.000887 2332.0
0.000117 -0.000887 2333.0
0.000117 -0.000887 2334.0
0.000117 -0.000887 2335.0
0.000117 -0.000887 2336.0
0.000117 -0.000887 2337.0
0.000117 -0.000887 2338.0
0.000117 -0.000887 2339.0
0.000117 -0.000887 2340.0
0.000117 -0.000887 2341.0
0.000117 -0.000887 2342.0
0.000117 -0.000887 2343.0
0.000117 -0.000887 2344.0
0.000117 -0.000887 2345.0
0.000117 -0.000887 2346.0
0.000117 -0.000887 2347.0
0.000117 -0.000887 2348.0
0.000117 -0.000887 2349.0
0.000117 -0.000887 2350.0
0.000117 -0.000887 2351.0
0.000117 -0.000887 2352.0
0.000117 -0.000887 2353.0
0.000117 -0.000887 2354.0
0.000117 -0.000887 2355.0
0.000117 -0.000887 2356.0
0.000117 -0.000887 2357.0
0.000117 -0.000887 2358.0
0.000117 -0.000887 2359.0
0.000117 -0.000887 2360.0
0.000117 -0.000887 2361.0
0.000117 -0.000887 2362.0
0.000117 -0.000887 2363.0
0.000117 -0.000887 2364.0
0.000117 -0.000887 2365.0
0.000117 -0.000887 2366.0
0.000117 -0.000887 2367.0
0.000117 -0.000887 2368.0
0.000117 -0.000887 2369.0
0.000117 -0.000887 2370.0
0.000117 -0.000887 2371.0
0.000117 -0.000887 2372.0
0.000117 -0.000887 2373.0
0.000117 -0.000887 2374.0
0.000117 -0.000887 2375.0
0.000117 -0.000887 2376.0
0.000117 -0.000887 2377.0
0.000117 -0.000887 2378.0
0.000117 -0.000887 2379.0
0.000117 -0.000887 2380.0
0.000117 -0.000887 2381.0
0.000117 -0.000887 2382.0
0.000117 -0.000887 2383.0
0.000117 -0.000887 2384.0
0.000117 -0.000887 2385.0
0.000117 -0.000887 2386.0
0.000117 -0.000887 2387.0
0.000117 -0.000887 2388.0
0.000117 -0.000887 2389.0
0.000117 -0.000887 2390.0
0.000117 -0.000887 2391.0
0.000117 -0.000887 2392.0
0.000117 -0.000887 2393.0
0.000117 -0.000887 2394.0
0.000117 -0.000887 2395.0
0.000117 -0.000887 2396.0
0.000117 -0.000887 2397.0
0.000117 -0.000887 2398.0
0.000117 -0.000887 2399.0
0.000117 -0.000887 2400.0
0.000117 -0.000887 2401.0
0.000117 -0.000887 2402.0
0.000117 -0.000887 2403.0
0.000117 -0.000887 2404.0
0.000116 -0.000887 2405.0
0.000116 -0.000888 2406.0
0.000116 -0.000888 2407.0
0.000116 -0.000888 2408.0
0.000116 -0.000888 2409.0
0.000116 -0.000888 2410.0
0.000116 -0.000888 2411.0
0.000116 -0.000888 2412.0
0.000116 -0.000888 2413.0
0.000116 -0.000888 2414.0
0.000116 -0.000888 2415.0
0.000116 -0.000888 2416.0
0.000116 -0.000888 2417.0
0.000116 -0.000888 2418.0
0.000116 -0.000888 2419.0
0.000116 -0.000888 2420.0
0.000116 -0.000888 2421.0
0.000116 -0.000888 2422.0
0.000116 -0.000888 2423.0
0.000116 -0.000888 2424.0
0.000116 -0.000888 2425.0
0.000116 -0.000888 2426.0
0.000116 -0.000888 2427.0
0.000116 -0.000888 2428.0
0.000116 -0.000888 2429.0
0.000116 -0.000888 2430.0
0.000116 -0.000888 2431.0
0.000116 -0.000888 2432.0
0.000116 -0.000888 2433.0
0.000116 -0.000888 2434.0
0.000116 -0.000888 2435.0
0.000116 -0.000888 2436.0
0.000116 -0.000888 2437.0
0.000116 -0.000888 2438.0
0.000116 -0.000888 2439.0
0.000116 -0.000888 2440.0
0.000116 -0.000888 2441.0
0.000116 -0.000888 2442.0
0.000116 -0.000888 2443.0
0.000116 -0.000888 2444.0
0.000116 -0.000888 2445.0
0.000116 -0.000888 2446.0
0.000116 -0.000888 2447.0
0.000116 -0.000888 2448.0
0.000116 -0.000888 2449.0
0.000116 -0.000888 2450.0
0.000116 -0.000888 2451.0
0.000116 -0.000888 2452.0
0.000116 -0.000888 2453.0
0.000116 -0.000888 2454.0
0.000116 -0.000888 2455.0
0.000116 -0.000888 2456.0
0.000116 -0.000888 2457.0
0.000116 -0.000888 2458.0
0.000116 -0.000888 2459.0
0.000116 -0.000888 2460.0
0.000116 -0.000888 2461.0
0.000116 -0.000888 2462.0
0.000116 -0.000888 2463.0
0.000116 -0.000888 2464.0
0.000116 -0.000888 2465.0
0.000116 -0.000888 2466.0
0.000116 -0.000888 2467.0
0.000116 -0.000888 2468.0
0.000116 -0.000888 2469.0
0.000116 -0.000888 2470.0
0.000116 -0.000888 2471.0
0.000116 -0.000888 2472.0
0.000116 -0.000888 2473.0
0.000116 -0.000888 2474.0
0.000116 -0.000888 2475.0
0.000116 -0.000888 2476.0
0.000116 -0.000888 2477.0
0.000116 -0.000888 2478.0
0.000116 -0.000888 2479.0
0.000116 -0.000888 2480.0
0.000116 -0.000888 2481.0
0.000116 -0.000888 2482.0
0.000116 -0.000888 2483.0
0.000116 -0.000888 2484.0
0.000116 -0.000888 2485.0
0.000116 -0.000888 2486.0
0.000116 -0.000888 2487.0
0.000116 -0.000888 2488.0
0.000116 -0.000888 2489.0
0.000116 -0.000888 2490.0
0.000116 -0.000888 2491.0
0.000116 -0.000888 2492.0
0.000116 -0.000888 2493.0
0.000116 -0.000888 2494.0
0.000116 -0.000888 2495.0
0.000116 -0.000888 2496.0
0.000116 -0.000888 2497.0
0.000116 -0.000888 2498.0
0.000116 -0.000888 2499.0
0.000116 -0.000888 2500.0
0.000116 -0.000888 2501.0
0.000116 -0.000888 2502.0
0.000116 -0.000888 2503.0
0.000116 -0.000888 2504.0
0.000116 -0.000888 2505.0
0.000116 -0.000888 2506.0
0.000116 -0.000888 2507.0
0.000116 -0.000888 2508.0
0.000116 -0.000888 2509.0
0.000116 -0.000888 2510.0
0.000116 -0.000888 2511.0
0.000116 -0.000888 2512.0
0.000116 -0.000888 2513.0
0.000116 -0.000888 2514.0
0.000116 -0.000888 2515.0
0.000116 -0.000888 2516.0
0.000116 -0.000888 2517.0
0.000116 -0.000888 2518.0
0.000116 -0.000888 2519.0
0.000116 -0.000888 2520.0
0.000116 -0.000888 2521.0
0.000116 -0.000888 2522.0
0.000116 -0.000888 2523.0
0.000116 -0.000888 2524.0
0.000116 -0.000888 2525.0
0.000116 -0.000888 2526.0
0.000116 -0.000888 2527.0
0.000116 -0.000889 2528.0
0.000116 -0.000889 2529.0
0.000116 -0.000889 2530.0
0.000116 -0.000889 2531.0
0.000116 -0.000889 2532.0
0.000116 -0.000889 2533.0
0.000116 -0.000889 2534.0
0.000116 -0.000889 2535.0
0.000116 -0.000889 2536.0
0.000116 -0.000889 2537.0
0.000116 -0.000889 2538.0
0.000116 -0.000889 2539.0
0.000116 -0.000889 2540.0
0.000116 -0.000889 2541.0
0.000116 -0.000889 2542.0
0.000116 -0.000889 2543.0
0.000116 -0.000889 2544.0
0.000116 -0.000889 2545.0
0.000116 -0.000889 2546.0
0.000116 -0.000889 2547.0
0.000116 -0.000889 2548.0
0.000116 -0.000889 2549.0
0.000116 -0.000889 2550.0
0.000116 -0.000889 2551.0
0.000116 -0.000889 2552.0
0.000116 -0.000889 2553.0
0.000116 -0.000889 2554.0
0.000116 -0.000889 2555.0
0.000116 -0.000889 2556.0
0.000116 -0.000889 2557.0
0.000116 -0.000889 2558.0
0.000116 -0.000889 2559.0
0.000116 -0.000889 2560.0
0.000116 -0.000889 2561.0
0.000116 -0.000889 2562.0
0.000116 -0.000889 2563.0
0.000116 -0.000889 2564.0
0.000116 -0.000889 2565.0
0.000116 -0.000889 2566.0
0.000116 -0.000889 2567.0
0.000116 -0.000889 2568.0
0.000116 -0.000889 2569.0
0.000116 -0.000889 2570.0
0.000116 -0.000889 2571.0
0.000116 -0.000889 2572.0
0.000116 -0.000889 2573.0
0.000116 -0.000889 2574.0
0.000116 -0.000889 2575.0
0.000116 -0.000889 2576.0
0.000116 -0.000889 2577.0
0.000116 -0.000889 2578.0
0.000116 -0.000889 2579.0
0.000116 -0.000889 2580.0
0.000116 -0.000889 2581.0
0.000116 -0.000889 2582.0
0.000116 -0.000889 2583.0
0.000116 -0.000889 2584.0
0.000116 -0.000889 2585.0
0.000116 -0.000889 2586.0
0.000116 -0.000889 2587.0
0.000116 -0.000889 2588.0
0.000116 -0.000889 2589.0
0.000116 -0.000889 2590.0
0.000116 -0.000889 2591.0
0.000116 -0.000889 2592.0
0.000116 -0.000889 2593.0
0.000116 -0.000889 2594.0
0.000116 -0.000889 2595.0
0.000116 -0.000889 2596.0
0.000116 -0.000889 2597.0
0.000116 -0.000889 2598.0
0.000116 -0.000889 2599.0
0.000116 -0.000889 2600.0
0.000116 -0.000889 2601.0
0.000116 -0.000889 2602.0
0.000116 -0.000889 2603.0
0.000116 -0.000889 2604.0
0.000116 -0.000889 2605.0
0.000116 -0.000889 2606.0
0.000116 -0.000889 2607.0
0.000116 -0.000889 2608.0
0.000116 -0.000889 2609.0
0.000116 -0.000889 2610.0
0.000116 -0.000889 2611.0
0.000116 -0.000889 2612.0
0.000115 -0.000889 2613.0
0.000115 -0.000889 2614.0
0.000115 -0.000889 2615.0
0.000115 -0.000889 2616.0
0.000115 -0.000889 2617.0
0.000115 -0.000889 2618.0
0.000115 -0.000889 2619.0
0.000115 -0.000889 2620.0
0.000115 -0.000889 2621.0
0.000115 -0.000889 2622.0
0.000115 -0.000889 2623.0
0.000115 -0.000889 2624.0
0.000115 -0.000889 2625.0
0.000115 -0.000889 2626.0
0.000115 -0.000889 2627.0
0.000115 -0.000889 2628.0
0.000115 -0.000889 2629.0
0.000115 -0.000889 2630.0
0.000115 -0.000889 2631.0
0.000115 -0.000889 2632.0
0.000115 -0.000889 2633.0
0.000115 -0.000889 2634.0
0.000115 -0.000889 2635.0
0.000115 -0.000889 2636.0
0.000115 -0.000889 2637.0
0.000115 -0.000889 2638.0
0.000115 -0.000889 2639.0
0.000115 -0.000889 2640.0
0.000115 -0.000889 2641.0
0.000115 -0.000889 2642.0
0.000115 -0.000889 2643.0
0.000115 -0.000889 2644.0
0.000115 -0.000889 2645.0
0.000115 -0.000889 2646.0
0.000115 -0.000889 2647.0
0.000115 -0.000889 2648.0
0.000115 -0.000890 2649.0
0.000115 -0.000890 2650.0
0.000115 -0.000890 2651.0
0.000115 -0.000890 2652.0
0.000115 -0.000890 2653.0
0.000115 -0.000890 2654.0
0.000115 -0.000890 2655.0
0.000115 -0.000890 2656.0
0.000115 -0.000890 2657.0
0.000115 -0.000890 2658.0
0.000115 -0.000890 2659.0
0.000115 -0.000890 2660.0
0.000115 -0.000890 2661.0
0.000115 -0.000890 2662.0
0.000115 -0.000890 2663.0
0.000115 -0.000890 2664.0
0.000115 -0.000890 2665.0
0.000115 -0.000890 2666.0
0.000115 -0.000890 2667.0
0.000115 -0.000890 2668.0
0.000115 -0.000890 2669.0
0.000115 -0.000890 2670.0
0.000115 -0.000890 2671.0
0.000115 -0.000890 2672.0
0.000115 -0.000890 2673.0
0.000115 -0.000890 2674.0
0.000115 -0.000890 2675.0
0.000115 -0.000890 2676.0
0.000115 -0.000890 2677.0
0.000115 -0.000890 2678.0
0.000115 -0.000890 2679.0
0.000115 -0.000890 2680.0
0.000115 -0.000890 2681.0
0.000115 -0.000890 2682.0
0.000115 -0.000890 2683.0
0.000115 -0.000890 2684.0
0.000115 -0.000890 2685.0
0.000115 -0.000890 2686.0
0.000115 -0.000890 2687.0
0.000115 -0.000890 2688.0
0.000115 -0.000890 2689.0
0.000115 -0.000890 2690.0
0.000115 -0.000890 2691.0
0.000115 -0.000890 2692.0
0.000115 -0.000890 2693.0
0.000115 -0.000890 2694.0
0.000115 -0.000890 2695.0
0.000115 -0.000890 2696.0
0.000115 -0.000890 2697.0
0.000115 -0.000890 2698.0
0.000115 -0.000890 2699.0
0.000115 -0.000890 2700.0
0.000115 -0.000890 2701.0
0.000115 -0.000890 2702.0
0.000115 -0.000890 2703.0
0.000115 -0.000890 2704.0
0.000115 -0.000890 2705.0
0.000115 -0.000890 2706.0
0.000115 -0.000890 2707.0
0.000115 -0.000890 2708.0
0.000115 -0.000890 2709.0
0.000115 -0.000890 2710.0
0.000115 -0.000890 2711.0
0.000115 -0.000890 2712.0
0.000115 -0.000890 2713.0
0.000115 -0.000890 2714.0
0.000115 -0.000890 2715.0
0.000115 -0.000890 2716.0
0.000115 -0.000890 2717.0
0.000115 -0.000890 2718.0
0.000115 -0.000890 2719.0
0.000115 -0.000890 2720.0
0.000115 -0.000890 2721.0
0.000115 -0.000890 2722.0
0.000115 -0.000890 2723.0
0.000115 -0.000890 2724.0
0.000115 -0.000890 2725.0
0.000115 -0.000890 2726.0
0.000115 -0.000890 2727.0
0.000115 -0.000890 2728.0
0.000115 -0.000890 2729.0
0.000115 -0.000890 2730.0
0.000115 -0.000890 2731.0
0.000115 -0.000890 2732.0
0.000115 -0.000890 2733.0
0.000115 -0.000890 2734.0
0.000115 -0.000890 2735.0
0.000115 -0.000890 2736.0
0.000115 -0.000890 2737.0
0.000115 -0.000890 2738.0
0.000115 -0.000890 2739.0
0.000115 -0.000890 2740.0
0.000115 -0.000890 2741.0
0.000115 -0.000890 2742.0
0.000115 -0.000890 2743.0
0.000115 -0.000890 2744.0
0.000115 -0.000890 2745.0
0.000115 -0.000890 2746.0
0.000115 -0.000890 2747.0
0.000115 -0.000890 2748.0
0.000115 -0.000890 2749.0
0.000115 -0.000890 2750.0
0.000115 -0.000890 2751.0
0.000115 -0.000890 2752.0
0.000115 -0.000890 2753.0
0.000115 -0.000890 2754.0
0.000115 -0.000890 2755.0
0.000115 -0.000890 2756.0
0.000115 -0.000890 2757.0
0.000115 -0.000890 2758.0
0.000115 -0.000890 2759.0
0.000115 -0.000890 2760.0
0.000115 -0.000890 2761.0
0.000115 -0.000890 2762.0
0.000115 -0.000890 2763.0
0.000115 -0.000890 2764.0
0.000115 -0.000890 2765.0
0.000115 -0.000890 2766.0
0.000115 -0.000890 2767.0
0.000115 -0.000890 2768.0
0.000115 -0.000890 2769.0
0.000115 -0.000890 2770.0
0.000115 -0.000891 2771.0
0.000115 -0.000891 2772.0
0.000115 -0.000891 2773.0
0.000115 -0.000891 2774.0
0.000115 -0.000891 2775.0
0.000115 -0.000891 2776.0
0.000115 -0.000891 2777.0
0.000115 -0.000891 2778.0
0.000115 -0.000891 2779.0
0.000115 -0.000891 2780.0
0.000115 -0.000891 2781.0
0.000115 -0.000891 2782.0
0.000115 -0.000891 2783.0
0.000115 -0.000891 2784.0
0.000115 -0.000891 2785.0
0.000115 -0.000891 2786.0
0.000115 -0.000891 2787.0
0.000115 -0.000891 2788.0
0.000115 -0.000891 2789.0
0.000115 -0.000891 2790.0
0.000115 -0.000891 2791.0
0.000115 -0.000891 2792.0
0.000115 -0.000891 2793.0
0.000115 -0.000891 2794.0
0.000115 -0.000891 2795.0
0.000115 -0.000891 2796.0
0.000115 -0.000891 2797.0
0.000115 -0.000891 2798.0
0.000115 -0.000891 2799.0
0.000115 -0.000891 2800.0
0.000115 -0.000891 2801.0
0.000115 -0.000891 2802.0
0.000115 -0.000891 2803.0
0.000115 -0.000891 2804.0
0.000115 -0.000891 2805.0
0.000115 -0.000891 2806.0
0.000115 -0.000891 2807.0
0.000115 -0.000891 2808.0
0.000115 -0.000891 2809.0
0.000115 -0.000891 2810.0
0.000115 -0.000891 2811.0
0.000115 -0.000891 2812.0
0.000115 -0.000891 2813.0
0.000115 -0.000891 2814.0
0.000115 -0.000891 2815.0
0.000115 -0.000891 2816.0
0.000115 -0.000891 2817.0
0.000115 -0.000891 2818.0
0.000115 -0.000891 2819.0
0.000115 -0.000891 2820.0
0.000115 -0.000891 2821.0
0.000114 -0.000891 2822.0
0.000114 -0.000891 2823.0
0.000114 -0.000891 2824.0
0.000114 -0.000891 2825.0
0.000114 -0.000891 2826.0
0.000114 -0.000891 2827.0
0.000114 -0.000891 2828.0
0.000114 -0.000891 2829.0
0.000114 -0.000891 2830.0
0.000114 -0.000891 2831.0
0.000114 -0.000891 2832.0
0.000114 -0.000891 2833.0
0.000114 -0.000891 2834.0
0.000114 -0.000891 2835.0
0.000114 -0.000891 2836.0
0.000114 -0.000891 2837.0
0.000114 -0.000891 2838.0
0.000114 -0.000891 2839.0
0.000114 -0.000891 2840.0
0.000114 -0.000891 2841.0
0.000114 -0.000891 2842.0
0.000114 -0.000891 2843.0
0.000114 -0.000891 2844.0
0.000114 -0.000891 2845.0
0.000114 -0.000891 2846.0
0.000114 -0.000891 2847.0
0.000114 -0.000891 2848.0
0.000114 -0.000891 2849.0
0.000114 -0.000891 2850.0
0.000114 -0.000891 2851.0
0.000114 -0.000891 2852.0
0.000114 -0.000891 2853.0
0.000114 -0.000891 2854.0
0.000114 -0.000891 2855.0
0.000114 -0.000891 2856.0
0.000114 -0.000891 2857.0
0.000114 -0.000891 2858.0
0.000114 -0.000891 2859.0
0.000114 -0.000891 2860.0
0.000114 -0.000891 2861.0
0.000114 -0.000891 2862.0
0.000114 -0.000891 2863.0
0.000114 -0.000891 2864.0
0.000114 -0.000891 2865.0
0.000114 -0.000891 2866.0
0.000114 -0.000891 2867.0
0.000114 -0.000891 2868.0
0.000114 -0.000891 2869.0
0.000114 -0.000891 2870.0
0.000114 -0.000891 2871.0
0.000114 -0.000891 2872.0
0.000114 -0.000891 2873.0
0.000114 -0.000891 2874.0
0.000114 -0.000891 2875.0
0.000114 -0.000891 2876.0
0.000114 -0.000891 2877.0
0.000114 -0.000891 2878.0
0.000114 -0.000891 2879.0
0.000114 -0.000891 2880.0
0.000114 -0.000891 2881.0
0.000114 -0.000891 2882.0
0.000114 -0.000891 2883.0
0.000114 -0.000891 2884.0
0.000114 -0.000891 2885.0
0.000114 -0.000891 2886.0
0.000114 -0.000891 2887.0
0.000114 -0.000891 2888.0
0.000114 -0.000891 2889.0
0.000114 -0.000891 2890.0
0.000114 -0.000891 2891.0
0.000114 -0.000891 2892.0
0.000114 -0.000892 2893.0
0.000114 -0.000892 2894.0
0.000114 -0.000892 2895.0
0.000114 -0.000892 2896.0
0.000114 -0.000892 2897.0
0.000114 -0.000892 2898.0
0.000114 -0.000892 2899.0
0.000114 -0.000892 2900.0
0.000114 -0.000892 2901.0
0.000114 -0.000892 2902.0
0.000114 -0.000892 2903.0
0.000114 -0.000892 2904.0
0.000114 -0.000892 2905.0
0.000114 -0.000892 2906.0
0.000114 -0.000892 2907.0
0.000114 -0.000892 2908.0
0.000114 -0.000892 2909.0
0.000114 -0.000892 2910.0
0.000114 -0.000892 2911.0
0.000114 -0.000892 2912.0
0.000114 -0.000892 2913.0
0.000114 -0.000892 2914.0
0.000114 -0.000892 2915.0
0.000114 -0.000892 2916.0
0.000114 -0.000892 2917.0
0.000114 -0.000892 2918.0
0.000114 -0.000892 2919.0
0.000114 -0.000892 2920.0
0.000114 -0.000892 2921.0
0.000114 -0.000892 2922.0
0.000114 -0.000892 2923.0
0.000114 -0.000892 2924.0
0.000114 -0.000892 2925.0
0.000114 -0.000892 2926.0
0.000114 -0.000892 2927.0
0.000114 -0.000892 2928.0
0.000114 -0.000892 2929.0
0.000114 -0.000892 2930.0
0.000114 -0.000892 2931.0
0.000114 -0.000892 2932.0
0.000114 -0.000892 2933.0
0.000114 -0.000892 2934.0
0.000114 -0.000892 2935.0
0.000114 -0.000892 2936.0
0.000114 -0.000892 2937.0
0.000114 -0.000892 2938.0
0.000114 -0.000892 2939.0
0.000114 -0.000892 2940.0
0.000114 -0.000892 2941.0
0.000114 -0.000892 2942.0
0.000114 -0.000892 2943.0
0.000114 -0.000892 2944.0
0.000114 -0.000892 2945.0
0.000114 -0.000892 2946.0
0.000114 -0.000892 2947.0
0.000114 -0.000892 2948.0
0.000114 -0.000892 2949.0
0.000114 -0.000892 2950.0
0.000114 -0.000892 2951.0
0.000114 -0.000892 2952.0
0.000114 -0.000892 2953.0
0.000114 -0.000892 2954.0
0.000114 -0.000892 2955.0
0.000114 -0.000892 2956.0
0.000114 -0.000892 2957.0
0.000114 -0.000892 2958.0
0.000114 -0.000892 2959.0
0.000114 -0.000892 2960.0
0.000114 -0.000892 2961.0
0.000114 -0.000892 2962.0
0.000114 -0.000892 2963.0
0.000114 -0.000892 2964.0
0.000114 -0.000892 2965.0
0.000114 -0.000892 2966.0
0.000114 -0.000892 2967.0
0.000114 -0.000892 2968.0
0.000114 -0.000892 2969.0
0.000114 -0.000892 2970.0
0.000114 -0.000892 2971.0
0.000114 -0.000892 2972.0
0.000114 -0.000892 2973.0
0.000114 -0.000892 2974.0
0.000114 -0.000892 2975.0
0.000114 -0.000892 2976.0
0.000114 -0.000892 2977.0
0.000114 -0.000892 2978.0
0.000114 -0.000892 2979.0
0.000114 -0.000892 2980.0
0.000114 -0.000892 2981.0
0.000114 -0.000892 2982.0
0.000114 -0.000892 2983.0
0.000114 -0.000892 2984.0
0.000114 -0.000892 2985.0
0.000114 -0.000892 2986.0
0.000114 -0.000892 2987.0
0.000114 -0.000892 2988.0
0.000114 -0.000892 2989.0
0.000114 -0.000892 2990.0
0.000114 -0.000892 2991.0
0.000114 -0.000892 2992.0
0.000114 -0.000892 2993.0
0.000114 -0.000892 2994.0
0.000114 -0.000892 2995.0
0.000114 -0.000892 2996.0
0.000114 -0.000892 2997.0
0.000114 -0.000892 2998.0
0.000114 -0.000892 2999.0
0.000114 -0.000892 3000.0
0.000114 -0.000892 3001.0
0.000114 -0.000892 3002.0
0.000114 -0.000892 3003.0
0.000114 -0.000892 3004.0
0.000114 -0.000892 3005.0
0.000114 -0.000892 3006.0
0.000114 -0.000892 3007.0
0.000114 -0.000892 3008.0
0.000114 -0.000892 3009.0
0.000114 -0.000892 3010.0
0.000114 -0.000892 3011.0
0.000114 -0.000892 3012.0
0.000114 -0.000892 3013.0
0.000114 -0.000893 3014.0
0.000114 -0.000893 3015.0
0.000114 -0.000893 3016.0
0.000114 -0.000893 3017.0
0.000114 -0.000893 3018.0
0.000114 -0.000893 3019.0
0.000114 -0.000893 3020.0
0.000114 -0.000893 3021.0
0.000114 -0.000893 3022.0
0.000114 -0.000893 3023.0
0.000114 -0.000893 3024.0
0.000114 -0.000893 3025.0
0.000114 -0.000893 3026.0
0.000114 -0.000893 3027.0
0.000114 -0.000893 3028.0
0.000114 -0.000893 3029.0
0.000114 -0.000893 3030.0
0.000113 -0.000893 3031.0
0.000113 -0.000893 3032.0
0.000113 -0.000893 3033.0
0.000113 -0.000893 3034.0
0.000113 -0.000893 3035.0
0.000113 -0.000893 3036.0
0.000113 -0.000893 3037.0
0.000113 -0.000893 3038.0
0.000113 -0.000893 3039.0
0.000113 -0.000893 3040.0
0.000113 -0.000893 3041.0
0.000113 -0.000893 3042.0
0.000113 -0.000893 3043.0
0.000113 -0.000893 3044.0
0.000113 -0.000893 3045.0
0.000113 -0.000893 3046.0
0.000113 -0.000893 3047.0
0.000113 -0.000893 3048.0
0.000113 -0.000893 3049.0
0.000113 -0.000893 3050.0
0.000113 -0.000893 3051.0
0.000113 -0.000893 3052.0
0.000113 -0.000893 3053.0
0.000113 -0.000893 3054.0
0.000113 -0.000893 3055.0
0.000113 -0.000893 3056.0
0.000113 -0.000893 3057.0
0.000113 -0.000893 3058.0
0.000113 -0.000893 3059.0
0.000113 -0.000893 3060.0
0.000113 -0.000893 3061.0
0.000113 -0.000893 3062.0
0.000113 -0.000893 3063.0
0.000113 -0.000893 3064.0
0.000113 -0.000893 3065.0
0.000113 -0.000893 3066.0
0.000113 -0.000893 3067.0
0.000113 -0.000893 3068.0
0.000113 -0.000893 3069.0
0.000113 -0.000893 3070.0
0.000113 -0.000893 3071.0
0.000113 -0.000893 3072.0
0.000113 -0.000893 3073.0
0.000113 -0.000893 3074.0
0.000113 -0.000893 3075.0
0.000113 -0.000893 3076.0
0.000113 -0.000893 3077.0
0.000113 -0.000893 3078.0
0.000113 -0.000893 3079.0
0.000113 -0.000893 3080.0
0.000113 -0.000893 3081.0
0.000113 -0.000893 3082.0
0.000113 -0.000893 3083.0
0.000113 -0.000893 3084.0
0.000113 -0.000893 3085.0
0.000113 -0.000893 3086.0
0.000113 -0.000893 3087.0
0.000113 -0.000893 3088.0
0.000113 -0.000893 3089.0
0.000113 -0.000893 3090.0
0.000113 -0.000893 3091.0
0.000113 -0.000893 3092.0
0.000113 -0.000893 3093.0
0.000113 -0.000893 3094.0
0.000113 -0.000893 3095.0
0.000113 -0.000893 3096.0
0.000113 -0.000893 3097.0
0.000113 -0.000893 3098.0
0.000113 -0.000893 3099.0
0.000113 -0.000893 3100.0
0.000113 -0.000893 3101.0
0.000113 -0.000893 3102.0
0.000113 -0.000893 3103.0
0.000113 -0.000893 3104.0
0.000113 -0.000893 3105.0
0.000113 -0.000893 3106.0
0.000113 -0.000893 3107.0
0.000113 -0.000893 3108.0
0.000113 -0.000893 3109.0
0.000113 -0.000893 3110.0
0.000113 -0.000893 3111.0
0.000113 -0.000893 3112.0
0.000113 -0.000893 3113.0
0.000113 -0.000893 3114.0
0.000113 -0.000893 3115.0
0.000113 -0.000893 3116.0
0.000113 -0.000893 3117.0
0.000113 -0.000893 3118.0
0.000113 -0.000893 3119.0
0.000113 -0.000893 3120.0
0.000113 -0.000893 3121.0
0.000113 -0.000893 3122.0
0.000113 -0.000893 3123.0
0.000113 -0.000893 3124.0
0.000113 -0.000893 3125.0
0.000113 -0.000893 3126.0
0.000113 -0.000893 3127.0
0.000113 -0.000893 3128.0
0.000113 -0.000893 3129.0
0.000113 -0.000893 3130.0
0.000113 -0.000893 3131.0
0.000113 -0.000893 3132.0
0.000113 -0.000893 3133.0
0.000113 -0.000893 3134.0
0.000113 -0.000893 3135.0
0.000113 -0.000894 3136.0
0.000113 -0.000894 3137.0
0.000113 -0.000894 3138.0
0.000113 -0.000894 3139.0
0.000113 -0.000894 3140.0
0.000113 -0.000894 3141.0
0.000113 -0.000894 3142.0
0.000113 -0.000894 3143.0
0.000113 -0.000894 3144.0
0.000113 -0.000894 3145.0
0.000113 -0.000894 3146.0
0.000113 -0.000894 3147.0
0.000113 -0.000894 3148.0
0.000113 -0.000894 3149.0
0.000113 -0.000894 3150.0
0.000113 -0.000894 3151.0
0.000113 -0.000894 3152.0
0.000113 -0.000894 3153.0
0.000113 -0.000894 3154.0
0.000113 -0.000894 3155.0
0.000113 -0.000894 3156.0
0.000113 -0.000894 3157.0
0.000113 -0.000894 3158.0
0.000113 -0.000894 3159.0
0.000113 -0.000894 3160.0
0.000113 -0.000894 3161.0
0.000113 -0.000894 3162.0
0.000113 -0.000894 3163.0
0.000113 -0.000894 3164.0
0.000113 -0.000894 3165.0
0.000113 -0.000894 3166.0
0.000113 -0.000894 3167.0
0.000113 -0.000894 3168.0
0.000113 -0.000894 3169.0
0.000113 -0.000894 3170.0
0.000113 -0.000894 3171.0
0.000113 -0.000894 3172.0
0.000113 -0.000894 3173.0
0.000113 -0.000894 3174.0
0.000113 -0.000894 3175.0
0.000113 -0.000894 3176.0
0.000113 -0.000894 3177.0
0.000113 -0.000894 3178.0
0.000113 -0.000894 3179.0
0.000113 -0.000894 3180.0
0.000113 -0.000894 3181.0
0.000113 -0.000894 3182.0
0.000113 -0.000894 3183.0
0.000113 -0.000894 3184.0
0.000113 -0.000894 3185.0
0.000113 -0.000894 3186.0
0.000113 -0.000894 3187.0
0.000113 -0.000894 3188.0
0.000113 -0.000894 3189.0
0.000113 -0.000894 3190.0
0.000113 -0.000894 3191.0
0.000113 -0.000894 3192.0
0.000113 -0.000894 3193.0
0.000113 -0.000894 3194.0
0.000113 -0.000894 3195.0
0.000113 -0.000894 3196.0
0.000113 -0.000894 3197.0
0.000113 -0.000894 3198.0
0.000113 -0.000894 3199.0
0.000113 -0.000894 3200.0
0.000113 -0.000894 3201.0
0.000113 -0.000894 3202.0
0.000113 -0.000894 3203.0
0.000113 -0.000894 3204.0
0.000113 -0.000894 3205.0
0.000113 -0.000894 3206.0
0.000113 -0.000894 3207.0
0.000113 -0.000894 3208.0
0.000113 -0.000894 3209.0
0.000113 -0.000894 3210.0
0.000113 -0.000894 3211.0
0.000113 -0.000894 3212.0
0.000113 -0.000894 3213.0
0.000113 -0.000894 3214.0
0.000113 -0.000894 3215.0
0.000113 -0.000894 3216.0
0.000113 -0.000894 3217.0
0.000113 -0.000894 3218.0
0.000113 -0.000894 3219.0
0.000113 -0.000894 3220.0
0.000113 -0.000894 3221.0
0.000113 -0.000894 3222.0
0.000113 -0.000894 3223.0
0.000113 -0.000894 3224.0
0.000113 -0.000894 3225.0
0.000113 -0.000894 3226.0
0.000113 -0.000894 3227.0
0.000113 -0.000894 3228.0
0.000113 -0.000894 3229.0
0.000113 -0.000894 3230.0
0.000113 -0.000894 3231.0
0.000113 -0.000894 3232.0
0.000113 -0.000894 3233.0
0.000113 -0.000894 3234.0
0.000113 -0.000894 3235.0
0.000113 -0.000894 3236.0
0.000113 -0.000894 3237.0
0.000113 -0.000894 3238.0
0.000112 -0.000894 3239.0
0.000112 -0.000894 3240.0
0.000112 -0.000894 3241.0
0.000112 -0.000894 3242.0
0.000112 -0.000894 3243.0
0.000112 -0.000894 3244.0
0.000112 -0.000894 3245.0
0.000112 -0.000894 3246.0
0.000112 -0.000894 3247.0
0.000112 -0.000894 3248.0
0.000112 -0.000894 3249.0
0.000112 -0.000894 3250.0
0.000112 -0.000894 3251.0
0.000112 -0.000894 3252.0
0.000112 -0.000894 3253.0
0.000112 -0.000894 3254.0
0.000112 -0.000894 3255.0
0.000112 -0.000894 3256.0
0.000112 -0.000894 3257.0
0.000112 -0.000895 3258.0
0.000112 -0.000895 3259.0
0.000112 -0.000895 3260.0
0.000112 -0.000895 3261.0
0.000112 -0.000895 3262.0
0.000112 -0.000895 3263.0
0.000112 -0.000895 3264.0
0.000112 -0.000895 3265.0
0.000112 -0.000895 3266.0
0.000112 -0.000895 3267.0
0.000112 -0.000895 3268.0
0.000112 -0.000895 3269.0
0.000112 -0.000895 3270.0
0.000112 -0.000895 3271.0
0.000112 -0.000895 3272.0
0.000112 -0.000895 3273.0
0.000112 -0.000895 3274.0
0.000112 -0.000895 3275.0
0.000112 -0.000895 3276.0
0.000112 -0.000895 3277.0
0.000112 -0.000895 3278.0
0.000112 -0.000895 3279.0
0.000112 -0.000895 3280.0
0.000112 -0.000895 3281.0
0.000112 -0.000895 3282.0
0.000112 -0.000895 3283.0
0.000112 -0.000895 3284.0
0.000112 -0.000895 3285.0
0.000112 -0.000895 3286.0
0.000112 -0.000895 3287.0
0.000112 -0.000895 3288.0
0.000112 -0.000895 3289.0
0.000112 -0.000895 3290.0
0.000112 -0.000895 3291.0
0.000112 -0.000895 3292.0
0.000112 -0.000895 3293.0
0.000112 -0.000895 3294.0
0.000112 -0.000895 3295.0
0.000112 -0.000895 3296.0
0.000112 -0.000895 3297.0
0.000112 -0.000895 3298.0
0.000112 -0.000895 3299.0
0.000112 -0.000895 3300.0
0.000112 -0.000895 3301.0
0.000112 -0.000895 3302.0
0.000112 -0.000895 3303.0
0.000112 -0.000895 3304.0
0.000112 -0.000895 3305.0
0.000112 -0.000895 3306.0
0.000112 -0.000895 3307.0
0.000112 -0.000895 3308.0
0.000112 -0.000895 3309.0
0.000112 -0.000895 3310.0
0.000112 -0.000895 3311.0
0.000112 -0.000895 3312.0
0.000112 -0.000895 3313.0
0.000112 -0.000895 3314.0
0.000112 -0.000895 3315.0
0.000112 -0.000895 3316.0
0.000112 -0.000895 3317.0
0.000112 -0.000895 3318.0
0.000112 -0.000895 3319.0
0.000112 -0.000895 3320.0
0.000112 -0.000895 3321.0
0.000112 -0.000895 3322.0
0.000112 -0.000895 3323.0
0.000112 -0.000895 3324.0
0.000112 -0.000895 3325.0
0.000112 -0.000895 3326.0
0.000112 -0.000895 3327.0
0.000112 -0.000895 3328.0
0.000112 -0.000895 3329.0
0.000112 -0.000895 3330.0
0.000112 -0.000895 3331.0
0.000112 -0.000895 3332.0
0.000112 -0.000895 3333.0
0.000112 -0.000895 3334.0
0.000112 -0.000895 3335.0
0.000112 -0.000895 3336.0
0.000112 -0.000895 3337.0
0.000112 -0.000895 3338.0
0.000112 -0.000895 3339.0
0.000112 -0.000895 3340.0
0.000112 -0.000895 3341.0
0.000112 -0.000895 3342.0
0.000112 -0.000895 3343.0
0.000112 -0.000895 3344.0
0.000112 -0.000895 3345.0
0.000112 -0.000895 3346.0
0.000112 -0.000895 3347.0
0.000112 -0.000895 3348.0
0.000112 -0.000895 3349.0
0.000112 -0.000895 3350.0
0.000112 -0.000895 3351.0
0.000112 -0.000895 3352.0
0.000112 -0.000895 3353.0
0.000112 -0.000895 3354.0
0.000112 -0.000895 3355.0
0.000112 -0.000895 3356.0
0.000112 -0.000895 3357.0
0.000112 -0.000895 3358.0
0.000112 -0.000895 3359.0
0.000112 -0.000895 3360.0
0.000112 -0.000895 3361.0
0.000112 -0.000895 3362.0
0.000112 -0.000895 3363.0
0.000112 -0.000895 3364.0
0.000112 -0.000895 3365.0
0.000112 -0.000895 3366.0
0.000112 -0.000895 3367.0
0.000112 -0.000895 3368.0
0.000112 -0.000895 3369.0
0.000112 -0.000895 3370.0
0.000112 -0.000895 3371.0
0.000112 -0.000895 3372.0
0.000112 -0.000895 3373.0
0.000112 -0.000895 3374.0
0.000110 -0.000894 3375.0
0.000110 -0.000894 3376.0
0.000110 -0.000894 3377.0
0.000110 -0.000894 3378.0
0.000110 -0.000894 3379.0
0.000110 -0.000894 3380.0
0.000110 -0.000894 3381.0
0.000110 -0.000894 3382.0
0.000110 -0.000894 3383.0
0.000110 -0.000894 3384.0
0.000110 -0.000894 3385.0
0.000110 -0.000894 3386.0
0.000110 -0.000893 3387.0
0.000110 -0.000893 3388.0
0.000110 -0.000893 3389.0
0.000110 -0.000893 3390.0
0.000110 -0.000893 3391.0
0.000110 -0.000893 3392.0
0.000110 -0.000893 3393.0
0.000109 -0.000893 3394.0
0.000109 -0.000893 3395.0
0.000109 -0.000893 3396.0
0.000109 -0.000893 3397.0
0.000109 -0.000893 3398.0
0.000109 -0.000893 3399.0
0.000109 -0.000893 3400.0
0.000109 -0.000893 3401.0
0.000109 -0.000893 3402.0
0.000109 -0.000893 3403.0
0.000109 -0.000893 3404.0
0.000109 -0.000893 3405.0
0.000109 -0.000893 3406.0
0.000109 -0.000893 3407.0
0.000109 -0.000892 3408.0
0.000109 -0.000892 3409.0
0.000109 -0.000892 3410.0
0.000109 -0.000892 3411.0
0.000109 -0.000892 3412.0
0.000109 -0.000892 3413.0
0.000108 -0.000892 3414.0
0.000108 -0.000892 3415.0
0.000108 -0.000892 3416.0
0.000108 -0.000892 3417.0
0.000108 -0.000892 3418.0
0.000108 -0.000892 3419.0
0.000108 -0.000892 3420.0
0.000108 -0.000892 3421.0
0.000108 -0.000892 3422.0
0.000108 -0.000892 3423.0
0.000108 -0.000892 3424.0
0.000108 -0.000892 3425.0
0.000108 -0.000892 3426.0
0.000108 -0.000892 3427.0
0.000108 -0.000892 3428.0
0.000108 -0.000892 3429.0
0.000108 -0.000891 3430.0
0.000108 -0.000891 3431.0
0.000108 -0.000891 3432.0
0.000108 -0.000891 3433.0
0.000107 -0.000891 3434.0
0.000107 -0.000892 3435.0
0.000109 -0.000890 3436.0
0.000110 -0.000889 3437.0
0.000112 -0.000888 3438.0
0.000113 -0.000887 3439.0
0.000115 -0.000885 3440.0
0.000117 -0.000884 3441.0
0.000118 -0.000883 3442.0
0.000120 -0.000882 3443.0
0.000121 -0.000880 3444.0
0.000123 -0.000879 3445.0
0.000124 -0.000878 3446.0
0.000126 -0.000877 3447.0
0.000127 -0.000875 3448.0
0.000129 -0.000874 3449.0
0.000130 -0.000873 3450.0
0.000132 -0.000872 3451.0
0.000134 -0.000870 3452.0
0.000135 -0.000869 3453.0
0.000137 -0.000868 3454.0
0.000138 -0.000867 3455.0
0.000140 -0.000865 3456.0
0.000141 -0.000864 3457.0
0.000143 -0.000863 3458.0
0.000144 -0.000862 3459.0
0.000146 -0.000860 3460.0
0.000147 -0.000859 3461.0
0.000149 -0.000858 3462.0
0.000151 -0.000857 3463.0
0.000152 -0.000855 3464.0
0.000154 -0.000854 3465.0
0.000155 -0.000853 3466.0
0.000157 -0.000852 3467.0
0.000158 -0.000851 3468.0
0.000160 -0.000849 3469.0
0.000161 -0.000848 3470.0
0.000163 -0.000847 3471.0
0.000164 -0.000846 3472.0
0.000166 -0.000844 3473.0
0.000168 -0.000843 3474.0
0.000169 -0.000842 3475.0
0.000171 -0.000841 3476.0
0.000172 -0.000839 3477.0
0.000174 -0.000838 3478.0
0.000175 -0.000837 3479.0
0.000177 -0.000836 3480.0
0.000178 -0.000834 3481.0
0.000180 -0.000833 3482.0
0.000181 -0.000832 3483.0
0.000183 -0.000831 3484.0
0.000185 -0.000829 3485.0
0.000186 -0.000828 3486.0
0.000188 -0.000827 3487.0
0.000189 -0.000826 3488.0
0.000191 -0.000824 3489.0
0.000192 -0.000823 3490.0
0.000194 -0.000822 3491.0
0.000199 -0.000833 3492.0
0.000200 -0.000831 3493.0
0.000201 -0.000829 3494.0
0.000202 -0.000827 3495.0
0.000204 -0.000825 3496.0
0.000205 -0.000823 3497.0
0.000206 -0.000820 3498.0
0.000207 -0.000818 3499.0
0.000208 -0.000816 3500.0
0.000209 -0.000814 3501.0
0.000210 -0.000812 3502.0
0.000212 -0.000810 3503.0
0.000213 -0.000808 3504.0
0.000214 -0.000806 3505.0
0.000215 -0.000804 3506.0
0.000216 -0.000802 3507.0
0.000217 -0.000800 3508.0
0.000218 -0.000798 3509.0
0.000220 -0.000796 3510.0
0.000221 -0.000794 3511.0
0.000222 -0.000792 3512.0
0.000223 -0.000790 3513.0
0.000224 -0.000788 3514.0
0.000225 -0.000785 3515.0
0.000226 -0.000783 3516.0
0.000228 -0.000781 3517.0
0.000229 -0.000779 3518.0
0.000230 -0.000777 3519.0
0.000231 -0.000775 3520.0
0.000232 -0.000773 3521.0
0.000233 -0.000771 3522.0
0.000234 -0.000769 3523.0
0.000236 -0.000767 3524.0
0.000237 -0.000765 3525.0
0.000238 -0.000763 3526.0
0.000239 -0.000761 3527.0
0.000240 -0.000759 3528.0
0.000241 -0.000757 3529.0
0.000242 -0.000755 3530.0
0.000244 -0.000752 3531.0
0.000245 -0.000750 3532.0
0.000246 -0.000748 3533.0
0.000247 -0.000746 3534.0
0.000248 -0.000744 3535.0
0.000249 -0.000742 3536.0
0.000250 -0.000740 3537.0
0.000252 -0.000738 3538.0
0.000253 -0.000736 3539.0
0.000254 -0.000734 3540.0
0.000255 -0.000732 3541.0
0.000256 -0.000730 3542.0
0.000257 -0.000728 3543.0
0.000258 -0.000726 3544.0
0.000268 -0.000735 3545.0
