0.001198 0.000613 30.0
0.001198 0.000613 31.0
0.001198 0.000613 32.0
0.001198 0.000613 33.0
0.001198 0.000613 34.0
0.001198 0.000613 35.0
0.001198 0.000613 36.0
0.001198 0.000613 37.0
0.001198 0.000613 38.0
0.001198 0.000613 39.0
0.001198 0.000613 40.0
0.001198 0.000613 41.0
0.001198 0.000613 42.0
0.001198 0.000614 43.0
0.001198 0.000614 44.0
0.001198 0.000614 45.0
0.001198 0.000614 46.0
0.001198 0.000614 47.0
0.001198 0.000614 48.0
0.001198 0.000614 49.0
0.001198 0.000614 50.0
0.001198 0.000614 51.0
0.001198 0.000614 52.0
0.001198 0.000614 53.0
0.001198 0.000614 54.0
0.001198 0.000614 55.0
0.001198 0.000614 56.0
0.001198 0.000614 57.0
0.001198 0.000614 58.0
0.001198 0.000614 59.0
0.001198 0.000614 60.0
0.001198 0.000614 61.0
0.001198 0.000614 62.0
0.001198 0.000614 63.0
0.001198 0.000614 64.0
0.001198 0.000614 65.0
0.001198 0.000614 66.0
0.001198 0.000614 67.0
0.001198 0.000614 68.0
0.001198 0.000614 69.0
0.001198 0.000614 70.0
0.001198 0.000614 71.0
0.001198 0.000614 72.0
0.001198 0.000614 73.0
0.001198 0.000614 74.0
0.001198 0.000614 75.0
0.001198 0.000614 76.0
0.001198 0.000614 77.0
0.001198 0.000614 78.0
0.001198 0.000614 79.0
0.001198 0.000614 80.0
0.001198 0.000614 81.0
0.001198 0.000614 82.0
0.001198 0.000614 83.0
0.001198 0.000614 84.0
0.001198 0.000614 85.0
0.001198 0.000614 86.0
0.001198 0.000614 87.0
0.001198 0.000614 88.0
0.001198 0.000614 89.0
0.001198 0.000614 90.0
0.001198 0.000614 91.0
0.001198 0.000614 92.0
0.001198 0.000614 93.0
0.001198 0.000614 94.0
0.001198 0.000614 95.0
0.001198 0.000614 96.0
0.001198 0.000614 97.0
0.001198 0.000614 98.0
0.001198 0.000614 99.0
0.001198 0.000614 100.0
0.001198 0.000614 101.0
0.001198 0.000614 102.0
0.001198 0.000614 103.0
0.001198 0.000614 104.0
0.001198 0.000614 105.0
0.001198 0.000614 106.0
0.001198 0.000614 107.0
0.001198 0.000614 108.0
0.001198 0.000614 109.0
0.001198 0.000614 110.0
0.001198 0.000614 111.0
0.001198 0.000614 112.0
0.001198 0.000614 113.0
0.001198 0.000614 114.0
0.001198 0.000614 115.0
0.001198 0.000614 116.0
0.001198 0.000614 117.0
0.001198 0.000614 118.0
0.001198 0.000614 119.0
0.001198 0.000614 120.0
0.001198 0.000614 121.0
0.001198 0.000614 122.0
0.001198 0.000614 123.0
0.001198 0.000614 124.0
0.001198 0.000614 125.0
0.001198 0.000614 126.0
0.001198 0.000614 127.0
0.001198 0.000614 128.0
0.001198 0.000614 129.0
0.001198 0.000614 130.0
0.001198 0.000614 131.0
0.001198 0.000614 132.0
0.001198 0.000614 133.0
0.001198 0.000614 134.0
0.001198 0.000614 135.0
0.001198 0.000614 136.0
0.001198 0.000614 137.0
0.001198 0.000614 138.0
0.001198 0.000614 139.0
0.001198 0.000614 140.0
0.001198 0.000614 141.0
0.001198 0.000614 142.0
0.001198 0.000614 143.0
0.001198 0.000614 144.0
0.001198 0.000614 145.0
0.001198 0.000614 146.0
0.001198 0.000614 147.0
0.001198 0.000614 148.0
0.001198 0.000614 149.0
0.001198 0.000614 150.0
0.001198 0.000614 151.0
0.001198 0.000614 152.0
0.001198 0.000614 153.0
0.001198 0.000614 154.0
0.001198 0.000614 155.0
0.001198 0.000614 156.0
0.001198 0.000614 157.0
0.001198 0.000614 158.0
0.001198 0.000614 159.0
0.001198 0.000614 160.0
0.001198 0.000614 161.0
0.001198 0.000614 162.0
0.001198 0.000614 163.0
0.001198 0.000614 164.0
0.001198 0.000614 165.0
0.001198 0.000614 166.0
0.001198 0.000614 167.0
0.001198 0.000614 168.0
0.001198 0.000614 169.0
0.001198 0.000614 170.0
0.001198 0.000614 171.0
0.001198 0.000614 172.0
0.001198 0.000614 173.0
0.001198 0.000614 174.0
0.001198 0.000614 175.0
0.001198 0.000614 176.0
0.001198 0.000614 177.0
0.001198 0.000614 178.0
0.001198 0.000614 179.0
0.001198 0.000614 180.0
0.001198 0.000614 181.0
0.001198 0.000614 182.0
0.001198 0.000614 183.0
0.001198 0.000614 184.0
0.001198 0.000614 185.0
0.001198 0.000614 186.0
0.001198 0.000614 187.0
0.001198 0.000614 188.0
0.001198 0.000614 189.0
0.001198 0.000614 190.0
0.001198 0.000614 191.0
0.001198 0.000614 192.0
0.001198 0.000614 193.0
0.001198 0.000614 194.0
0.001198 0.000614 195.0
0.001198 0.000614 196.0
0.001198 0.000614 197.0
0.001198 0.000614 198.0
0.001198 0.000614 199.0
0.001198 0.000614 200.0
0.001198 0.000614 201.0
0.001198 0.000614 202.0
0.001198 0.000614 203.0
0.001198 0.000614 204.0
0.001198 0.000614 205.0
0.001198 0.000614 206.0
0.001198 0.000614 207.0
0.001198 0.000614 208.0
0.001198 0.000614 209.0
0.001198 0.000614 210.0
0.001198 0.000614 211.0
0.001198 0.000614 212.0
0.001198 0.000614 213.0
0.001198 0.000614 214.0
0.001198 0.000614 215.0
0.001198 0.000614 216.0
0.001198 0.000614 217.0
0.001198 0.000614 218.0
0.001198 0.000614 219.0
0.001198 0.000614 220.0
0.001198 0.000614 221.0
0.001198 0.000614 222.0
0.001198 0.000614 223.0
0.001198 0.000614 224.0
0.001198 0.000614 225.0
0.001198 0.000614 226.0
0.001198 0.000614 227.0
0.001198 0.000614 228.0
0.001198 0.000614 229.0
0.001198 0.000614 230.0
0.001198 0.000614 231.0
0.001198 0.000614 232.0
0.001198 0.000614 233.0
0.001198 0.000614 234.0
0.001198 0.000614 235.0
0.001198 0.000614 236.0
0.001198 0.000614 237.0
0.001198 0.000614 238.0
0.001198 0.000614 239.0
0.001198 0.000614 240.0
0.001198 0.000614 241.0
0.001198 0.000614 242.0
0.001198 0.000614 243.0
0.001198 0.000614 244.0
0.001198 0.000614 245.0
0.001198 0.000614 246.0
0.001198 0.000614 247.0
0.001198 0.000614 248.0
0.001198 0.000614 249.0
0.001198 0.000614 250.0
0.001198 0.000614 251.0
0.001198 0.000614 252.0
0.001198 0.000614 253.0
0.001198 0.000614 254.0
0.001198 0.000614 255.0
0.001198 0.000614 256.0
0.001198 0.000614 257.0
0.001198 0.000614 258.0
0.001198 0.000614 259.0
0.001198 0.000614 260.0
0.001198 0.000614 261.0
0.001198 0.000614 262.0
0.001198 0.000614 263.0
0.001198 0.000614 264.0
0.001198 0.000614 265.0
0.001198 0.000614 266.0
0.001198 0.000614 267.0
0.001198 0.000614 268.0
0.001198 0.000614 269.0
0.001198 0.000614 270.0
0.001198 0.000614 271.0
0.001198 0.000614 272.0
0.001198 0.000614 273.0
0.001198 0.000614 274.0
0.001198 0.000614 275.0
0.001198 0.000614 276.0
0.001198 0.000614 277.0
0.001198 0.000614 278.0
0.001198 0.000614 279.0
0.001198 0.000614 280.0
0.001198 0.000614 281.0
0.001198 0.000614 282.0
0.001198 0.000614 283.0
0.001198 0.000614 284.0
0.001198 0.000614 285.0
0.001198 0.000614 286.0
0.001198 0.000614 287.0
0.001198 0.000614 288.0
0.001198 0.000614 289.0
0.001198 0.000614 290.0
0.001198 0.000614 291.0
0.001198 0.000614 292.0
0.001198 0.000614 293.0
0.001198 0.000614 294.0
0.001198 0.000614 295.0
0.001198 0.000614 296.0
0.001198 0.000614 297.0
0.001198 0.000614 298.0
0.001198 0.000614 299.0
0.001198 0.000614 300.0
0.001198 0.000614 301.0
0.001198 0.000614 302.0
0.001198 0.000615 303.0
0.001198 0.000615 304.0
0.001198 0.000615 305.0
0.001198 0.000615 306.0
0.001198 0.000615 307.0
0.001198 0.000615 308.0
0.001198 0.000615 309.0
0.001198 0.000615 310.0
0.001198 0.000615 311.0
0.001198 0.000615 312.0
0.001198 0.000615 313.0
0.001198 0.000615 314.0
0.001198 0.000615 315.0
0.001198 0.000615 316.0
0.001198 0.000615 317.0
0.001198 0.000615 318.0
0.001198 0.000615 319.0
0.001198 0.000615 320.0
0.001198 0.000615 321.0
0.001198 0.000615 322.0
0.001198 0.000615 323.0
0.001198 0.000615 324.0
0.001198 0.000615 325.0
0.001198 0.000615 326.0
0.001198 0.000615 327.0
0.001198 0.000615 328.0
0.001198 0.000615 329.0
0.001198 0.000615 330.0
0.001198 0.000615 331.0
0.001198 0.000615 332.0
0.001198 0.000615 333.0
0.001198 0.000615 334.0
0.001198 0.000615 335.0
0.001198 0.000615 336.0
0.001199 0.000615 337.0
0.001199 0.000615 338.0
0.001199 0.000615 339.0
0.001199 0.000615 340.0
0.001199 0.000615 341.0
0.001199 0.000615 342.0
0.001199 0.000615 343.0
0.001199 0.000615 344.0
0.001199 0.000615 345.0
0.001199 0.000615 346.0
0.001199 0.000615 347.0
0.001199 0.000615 348.0
0.001199 0.000615 349.0
0.001199 0.000615 350.0
0.001199 0.000615 351.0
0.001199 0.000615 352.0
0.001199 0.000615 353.0
0.001199 0.000615 354.0
0.001199 0.000615 355.0
0.001199 0.000615 356.0
0.001199 0.000615 357.0
0.001199 0.000615 358.0
0.001199 0.000615 359.0
0.001199 0.000615 360.0
0.001199 0.000615 361.0
0.001199 0.000615 362.0
0.001199 0.000615 363.0
0.001199 0.000615 364.0
0.001199 0.000615 365.0
0.001199 0.000615 366.0
0.001199 0.000615 367.0
0.001199 0.000615 368.0
0.001199 0.000615 369.0
0.001199 0.000615 370.0
0.001199 0.000615 371.0
0.001199 0.000615 372.0
0.001199 0.000615 373.0
0.001199 0.000615 374.0
0.001199 0.000615 375.0
0.001199 0.000615 376.0
0.001199 0.000615 377.0
0.001199 0.000615 378.0
0.001199 0.000615 379.0
0.001199 0.000615 380.0
0.001199 0.000615 381.0
0.001199 0.000615 382.0
0.001199 0.000615 383.0
0.001199 0.000615 384.0
0.001199 0.000615 385.0
0.001199 0.000615 386.0
0.001199 0.000615 387.0
0.001199 0.000615 388.0
0.001199 0.000615 389.0
0.001199 0.000615 390.0
0.001199 0.000615 391.0
0.001199 0.000615 392.0
0.001199 0.000615 393.0
0.001199 0.000615 394.0
0.001199 0.000615 395.0
0.001199 0.000615 396.0
0.001199 0.000615 397.0
0.001199 0.000615 398.0
0.001199 0.000615 399.0
0.001199 0.000615 400.0
0.001199 0.000615 401.0
0.001199 0.000615 402.0
0.001199 0.000615 403.0
0.001199 0.000615 404.0
0.001199 0.000615 405.0
0.001199 0.000615 406.0
0.001199 0.000615 407.0
0.001199 0.000615 408.0
0.001199 0.000615 409.0
0.001199 0.000614 410.0
0.001199 0.000614 411.0
0.001199 0.000614 412.0
0.001199 0.000614 413.0
0.001199 0.000614 414.0
0.001199 0.000614 415.0
0.001199 0.000614 416.0
0.001199 0.000614 417.0
0.001199 0.000614 418.0
0.001199 0.000614 419.0
0.001199 0.000614 420.0
0.001199 0.000614 421.0
0.001199 0.000614 422.0
0.001199 0.000614 423.0
0.001199 0.000614 424.0
0.001199 0.000614 425.0
0.001199 0.000614 426.0
0.001199 0.000614 427.0
0.001199 0.000614 428.0
0.001199 0.000614 429.0
0.001199 0.000614 430.0
0.001199 0.000614 431.0
0.001199 0.000614 432.0
0.001199 0.000614 433.0
0.001199 0.000614 434.0
0.001199 0.000614 435.0
0.001199 0.000614 436.0
0.001199 0.000614 437.0
0.001199 0.000614 438.0
0.001199 0.000614 439.0
0.001199 0.000614 440.0
0.001199 0.000614 441.0
0.001199 0.000614 442.0
0.001199 0.000614 443.0
0.001199 0.000614 444.0
0.001199 0.000614 445.0
0.001199 0.000614 446.0
0.001199 0.000614 447.0
0.001199 0.000614 448.0
0.001199 0.000614 449.0
0.001199 0.000614 450.0
0.001199 0.000614 451.0
0.001199 0.000614 452.0
0.001199 0.000614 453.0
0.001199 0.000614 454.0
0.001199 0.000614 455.0
0.001199 0.000614 456.0
0.001199 0.000614 457.0
0.001199 0.000614 458.0
0.001199 0.000614 459.0
0.001199 0.000614 460.0
0.001199 0.000614 461.0
0.001199 0.000614 462.0
0.001199 0.000614 463.0
0.001199 0.000614 464.0
0.001199 0.000614 465.0
0.001199 0.000614 466.0
0.001199 0.000614 467.0
0.001199 0.000614 468.0
0.001199 0.000614 469.0
0.001199 0.000614 470.0
0.001199 0.000614 471.0
0.001199 0.000614 472.0
0.001199 0.000614 473.0
0.001199 0.000614 474.0
0.001199 0.000614 475.0
0.001199 0.000614 476.0
0.001199 0.000614 477.0
0.001199 0.000614 478.0
0.001199 0.000614 479.0
0.001199 0.000614 480.0
0.001199 0.000614 481.0
0.001199 0.000614 482.0
0.001199 0.000614 483.0
0.001199 0.000614 484.0
0.001199 0.000614 485.0
0.001199 0.000614 486.0
0.001199 0.000614 487.0
0.001199 0.000614 488.0
0.001199 0.000614 489.0
0.001199 0.000614 490.0
0.001199 0.000614 491.0
0.001199 0.000614 492.0
0.001199 0.000614 493.0
0.001199 0.000614 494.0
0.001199 0.000614 495.0
0.001199 0.000614 496.0
0.001199 0.000614 497.0
0.001199 0.000614 498.0
0.001199 0.000614 499.0
0.001199 0.000614 500.0
0.001199 0.000614 501.0
0.001199 0.000614 502.0
0.001199 0.000614 503.0
0.001199 0.000614 504.0
0.001199 0.000614 505.0
0.001199 0.000614 506.0
0.001199 0.000614 507.0
0.001199 0.000614 508.0
0.001199 0.000614 509.0
0.001199 0.000614 510.0
0.001199 0.000614 511.0
0.001199 0.000614 512.0
0.001199 0.000614 513.0
0.001199 0.000614 514.0
0.001199 0.000614 515.0
0.001199 0.000614 516.0
0.001199 0.000614 517.0
0.001199 0.000614 518.0
0.001199 0.000614 519.0
0.001199 0.000614 520.0
0.001199 0.000614 521.0
0.001199 0.000614 522.0
0.001199 0.000614 523.0
0.001199 0.000614 524.0
0.001199 0.000614 525.0
0.001199 0.000614 526.0
0.001199 0.000614 527.0
0.001199 0.000614 528.0
0.001199 0.000614 529.0
0.001199 0.000614 530.0
0.001199 0.000614 531.0
0.001199 0.000614 532.0
0.001199 0.000614 533.0
0.001199 0.000614 534.0
0.001199 0.000614 535.0
0.001199 0.000614 536.0
0.001199 0.000614 537.0
0.001199 0.000614 538.0
0.001199 0.000614 539.0
0.001199 0.000614 540.0
0.001199 0.000614 541.0
0.001199 0.000614 542.0
0.001199 0.000614 543.0
0.001199 0.000614 544.0
0.001199 0.000614 545.0
0.001199 0.000614 546.0
0.001199 0.000614 547.0
0.001199 0.000614 548.0
0.001199 0.000614 549.0
0.001199 0.000614 550.0
0.001199 0.000614 551.0
0.001199 0.000614 552.0
0.001199 0.000614 553.0
0.001199 0.000614 554.0
0.001199 0.000614 555.0
0.001199 0.000614 556.0
0.001199 0.000614 557.0
0.001199 0.000614 558.0
0.001199 0.000614 559.0
0.001199 0.000614 560.0
0.001199 0.000614 561.0
0.001199 0.000614 562.0
0.001199 0.000614 563.0
0.001199 0.000614 564.0
0.001199 0.000614 565.0
0.001199 0.000614 566.0
0.001199 0.000614 567.0
0.001199 0.000614 568.0
0.001199 0.000614 569.0
0.001199 0.000614 570.0
0.001199 0.000614 571.0
0.001199 0.000614 572.0
0.001199 0.000614 573.0
0.001199 0.000614 574.0
0.001199 0.000614 575.0
0.001199 0.000614 576.0
0.001199 0.000614 577.0
0.001199 0.000614 578.0
0.001199 0.000614 579.0
0.001199 0.000614 580.0
0.001199 0.000614 581.0
0.001199 0.000614 582.0
0.001199 0.000614 583.0
0.001199 0.000614 584.0
0.001199 0.000614 585.0
0.001199 0.000614 586.0
0.001199 0.000614 587.0
0.001199 0.000614 588.0
0.001199 0.000614 589.0
0.001199 0.000614 590.0
0.001199 0.000614 591.0
0.001199 0.000614 592.0
0.001199 0.000614 593.0
0.001199 0.000614 594.0
0.001199 0.000614 595.0
0.001199 0.000614 596.0
0.001199 0.000614 597.0
0.001199 0.000614 598.0
0.001199 0.000614 599.0
0.001199 0.000614 600.0
0.001199 0.000614 601.0
0.001199 0.000614 602.0
0.001199 0.000614 603.0
0.001199 0.000614 604.0
0.001199 0.000614 605.0
0.001199 0.000614 606.0
0.001199 0.000614 607.0
0.001199 0.000614 608.0
0.001199 0.000614 609.0
0.001199 0.000614 610.0
0.001199 0.000614 611.0
0.001199 0.000614 612.0
0.001199 0.000614 613.0
0.001199 0.000614 614.0
0.001199 0.000614 615.0
0.001199 0.000614 616.0
0.001199 0.000614 617.0
0.001199 0.000614 618.0
0.001199 0.000614 619.0
0.001199 0.000614 620.0
0.001199 0.000614 621.0
0.001198 0.000614 622.0
0.001198 0.000614 623.0
0.001198 0.000614 624.0
0.001198 0.000614 625.0
0.001198 0.000614 626.0
0.001198 0.000614 627.0
0.001198 0.000614 628.0
0.001198 0.000614 629.0
0.001198 0.000614 630.0
0.001198 0.000614 631.0
0.001198 0.000614 632.0
0.001198 0.000614 633.0
0.001198 0.000614 634.0
0.001198 0.000614 635.0
0.001198 0.000614 636.0
0.001198 0.000614 637.0
0.001198 0.000614 638.0
0.001198 0.000614 639.0
0.001198 0.000614 640.0
0.001198 0.000614 641.0
0.001198 0.000614 642.0
0.001198 0.000614 643.0
0.001198 0.000614 644.0
0.001198 0.000614 645.0
0.001198 0.000614 646.0
0.001198 0.000614 647.0
0.001198 0.000614 648.0
0.001198 0.000614 649.0
0.001198 0.000614 650.0
0.001198 0.000614 651.0
0.001198 0.000614 652.0
0.001198 0.000614 653.0
0.001198 0.000614 654.0
0.001198 0.000614 655.0
0.001198 0.000614 656.0
0.001198 0.000614 657.0
0.001198 0.000614 658.0
0.001198 0.000614 659.0
0.001198 0.000614 660.0
0.001198 0.000614 661.0
0.001198 0.000614 662.0
0.001198 0.000614 663.0
0.001198 0.000614 664.0
0.001198 0.000614 665.0
0.001198 0.000614 666.0
0.001198 0.000614 667.0
0.001198 0.000614 668.0
0.001198 0.000614 669.0
0.001198 0.000614 670.0
0.001198 0.000614 671.0
0.001198 0.000614 672.0
0.001198 0.000614 673.0
0.001198 0.000614 674.0
0.001198 0.000614 675.0
0.001198 0.000614 676.0
0.001198 0.000614 677.0
0.001198 0.000614 678.0
0.001198 0.000614 679.0
0.001198 0.000614 680.0
0.001198 0.000614 681.0
0.001198 0.000614 682.0
0.001198 0.000614 683.0
0.001198 0.000614 684.0
0.001198 0.000614 685.0
0.001198 0.000614 686.0
0.001198 0.000614 687.0
0.001198 0.000614 688.0
0.001198 0.000614 689.0
0.001198 0.000614 690.0
0.001198 0.000614 691.0
0.001198 0.000614 692.0
0.001198 0.000614 693.0
0.001198 0.000614 694.0
0.001198 0.000614 695.0
0.001198 0.000614 696.0
0.001198 0.000614 697.0
0.001198 0.000614 698.0
0.001198 0.000614 699.0
0.001198 0.000614 700.0
0.001198 0.000614 701.0
0.001198 0.000614 702.0
0.001198 0.000614 703.0
0.001198 0.000614 704.0
0.001198 0.000614 705.0
0.001198 0.000614 706.0
0.001198 0.000614 707.0
0.001198 0.000614 708.0
0.001198 0.000614 709.0
0.001198 0.000614 710.0
0.001198 0.000614 711.0
0.001198 0.000614 712.0
0.001198 0.000614 713.0
0.001198 0.000614 714.0
0.001198 0.000614 715.0
0.001198 0.000614 716.0
0.001198 0.000614 717.0
0.001198 0.000614 718.0
0.001198 0.000614 719.0
0.001198 0.000614 720.0
0.001198 0.000614 721.0
0.001198 0.000614 722.0
0.001198 0.000614 723.0
0.001198 0.000614 724.0
0.001198 0.000614 725.0
0.001198 0.000614 726.0
0.001198 0.000614 727.0
0.001198 0.000614 728.0
0.001198 0.000614 729.0
0.001198 0.000614 730.0
0.001198 0.000614 731.0
0.001198 0.000614 732.0
0.001198 0.000614 733.0
0.001198 0.000614 734.0
0.001198 0.000614 735.0
0.001198 0.000614 736.0
0.001198 0.000614 737.0
0.001198 0.000614 738.0
0.001198 0.000614 739.0
0.001198 0.000614 740.0
0.001198 0.000614 741.0
0.001198 0.000614 742.0
0.001198 0.000614 743.0
0.001198 0.000614 744.0
0.001198 0.000614 745.0
0.001198 0.000614 746.0
0.001198 0.000614 747.0
0.001198 0.000614 748.0
0.001198 0.000614 749.0
0.001198 0.000614 750.0
0.001198 0.000614 751.0
0.001198 0.000614 752.0
0.001198 0.000614 753.0
0.001198 0.000614 754.0
0.001198 0.000614 755.0
0.001198 0.000614 756.0
0.001198 0.000614 757.0
0.001198 0.000614 758.0
0.001198 0.000614 759.0
0.001198 0.000614 760.0
0.001198 0.000614 761.0
0.001198 0.000614 762.0
0.001198 0.000614 763.0
0.001198 0.000614 764.0
0.001198 0.000614 765.0
0.001198 0.000614 766.0
0.001198 0.000614 767.0
0.001198 0.000614 768.0
0.001198 0.000614 769.0
0.001198 0.000614 770.0
0.001198 0.000614 771.0
0.001198 0.000614 772.0
0.001198 0.000614 773.0
0.001198 0.000614 774.0
0.001198 0.000614 775.0
0.001198 0.000615 776.0
0.001198 0.000615 777.0
0.001198 0.000615 778.0
0.001198 0.000615 779.0
0.001198 0.000615 780.0
0.001198 0.000615 781.0
0.001198 0.000615 782.0
0.001198 0.000615 783.0
0.001198 0.000615 784.0
0.001198 0.000615 785.0
0.001198 0.000615 786.0
0.001198 0.000615 787.0
0.001198 0.000615 788.0
0.001198 0.000615 789.0
0.001198 0.000615 790.0
0.001198 0.000615 791.0
0.001198 0.000615 792.0
0.001198 0.000615 793.0
0.001198 0.000615 794.0
0.001198 0.000615 795.0
0.001198 0.000615 796.0
0.001198 0.000615 797.0
0.001198 0.000615 798.0
0.001198 0.000615 799.0
0.001198 0.000615 800.0
0.001198 0.000615 801.0
0.001198 0.000615 802.0
0.001198 0.000615 803.0
0.001198 0.000615 804.0
0.001198 0.000615 805.0
0.001198 0.000615 806.0
0.001198 0.000615 807.0
0.001198 0.000615 808.0
0.001198 0.000615 809.0
0.001198 0.000615 810.0
0.001198 0.000615 811.0
0.001198 0.000615 812.0
0.001198 0.000615 813.0
0.001198 0.000615 814.0
0.001198 0.000615 815.0
0.001198 0.000615 816.0
0.001198 0.000615 817.0
0.001198 0.000615 818.0
0.001198 0.000615 819.0
0.001198 0.000615 820.0
0.001198 0.000615 821.0
0.001198 0.000615 822.0
0.001198 0.000615 823.0
0.001198 0.000615 824.0
0.001198 0.000615 825.0
0.001198 0.000615 826.0
0.001198 0.000615 827.0
0.001198 0.000615 828.0
0.001198 0.000615 829.0
0.001198 0.000615 830.0
0.001198 0.000615 831.0
0.001198 0.000615 832.0
0.001198 0.000615 833.0
0.001198 0.000615 834.0
0.001198 0.000615 835.0
0.001198 0.000615 836.0
0.001198 0.000615 837.0
0.001198 0.000615 838.0
0.001198 0.000615 839.0
0.001198 0.000615 840.0
0.001198 0.000615 841.0
0.001198 0.000615 842.0
0.001198 0.000615 843.0
0.001198 0.000615 844.0
0.001198 0.000615 845.0
0.001198 0.000615 846.0
0.001198 0.000615 847.0
0.001198 0.000615 848.0
0.001198 0.000615 849.0
0.001198 0.000615 850.0
0.001198 0.000615 851.0
0.001198 0.000615 852.0
0.001198 0.000615 853.0
0.001198 0.000615 854.0
0.001198 0.000615 855.0
0.001198 0.000615 856.0
0.001198 0.000615 857.0
0.001198 0.000615 858.0
0.001198 0.000615 859.0
0.001198 0.000615 860.0
0.001198 0.000615 861.0
0.001198 0.000615 862.0
0.001198 0.000615 863.0
0.001198 0.000615 864.0
0.001198 0.000615 865.0
0.001198 0.000615 866.0
0.001198 0.000615 867.0
0.001198 0.000615 868.0
0.001198 0.000615 869.0
0.001198 0.000615 870.0
0.001198 0.000615 871.0
0.001198 0.000615 872.0
0.001198 0.000615 873.0
0.001198 0.000615 874.0
0.001198 0.000615 875.0
0.001198 0.000615 876.0
0.001198 0.000615 877.0
0.001198 0.000615 878.0
0.001198 0.000615 879.0
0.001198 0.000615 880.0
0.001198 0.000615 881.0
0.001198 0.000615 882.0
0.001198 0.000615 883.0
0.001198 0.000615 884.0
0.001198 0.000615 885.0
0.001198 0.000615 886.0
0.001198 0.000615 887.0
0.001198 0.000615 888.0
0.001198 0.000615 889.0
0.001198 0.000615 890.0
0.001198 0.000615 891.0
0.001198 0.000615 892.0
0.001198 0.000615 893.0
0.001198 0.000615 894.0
0.001198 0.000615 895.0
0.001198 0.000615 896.0
0.001198 0.000615 897.0
0.001198 0.000615 898.0
0.001198 0.000615 899.0
0.001198 0.000615 900.0
0.001198 0.000615 901.0
0.001198 0.000615 902.0
0.001198 0.000615 903.0
0.001199 0.000615 904.0
0.001199 0.000615 905.0
0.001200 0.000615 906.0
0.001201 0.000615 907.0
0.001202 0.000615 908.0
0.001203 0.000615 909.0
0.001204 0.000615 910.0
0.001205 0.000615 911.0
0.001206 0.000615 912.0
0.001207 0.000615 913.0
0.001207 0.000615 914.0
0.001208 0.000615 915.0
0.001209 0.000615 916.0
0.001210 0.000615 917.0
0.001211 0.000615 918.0
0.001212 0.000615 919.0
0.001213 0.000615 920.0
0.001214 0.000615 921.0
0.001214 0.000615 922.0
0.001215 0.000615 923.0
0.001216 0.000615 924.0
0.001217 0.000615 925.0
0.001218 0.000615 926.0
0.001219 0.000615 927.0
0.001220 0.000616 928.0
0.001221 0.000616 929.0
0.001222 0.000616 930.0
0.001222 0.000616 931.0
0.001223 0.000616 932.0
0.001224 0.000616 933.0
0.001225 0.000616 934.0
0.001226 0.000616 935.0
0.001227 0.000616 936.0
0.001228 0.000616 937.0
0.001229 0.000616 938.0
0.001230 0.000616 939.0
0.001230 0.000616 940.0
0.001231 0.000616 941.0
0.001232 0.000616 942.0
0.001233 0.000616 943.0
0.001234 0.000616 944.0
0.001235 0.000616 945.0
0.001236 0.000616 946.0
0.001237 0.000616 947.0
0.001237 0.000616 948.0
0.001238 0.000616 949.0
0.001239 0.000616 950.0
0.001240 0.000616 951.0
0.001241 0.000616 952.0
0.001242 0.000616 953.0
0.001243 0.000617 954.0
0.001244 0.000617 955.0
0.001245 0.000617 956.0
0.001245 0.000617 957.0
0.001246 0.000617 958.0
0.001247 0.000617 959.0
0.001248 0.000617 960.0
0.001249 0.000617 961.0
0.001250 0.000617 962.0
0.001251 0.000617 963.0
0.001252 0.000617 964.0
0.001253 0.000617 965.0
0.001253 0.000617 966.0
0.001254 0.000617 967.0
0.001255 0.000617 968.0
0.001256 0.000617 969.0
0.001257 0.000617 970.0
0.001258 0.000617 971.0
0.001259 0.000617 972.0
0.001260 0.000617 973.0
0.001260 0.000617 974.0
0.001261 0.000617 975.0
0.001262 0.000617 976.0
0.001263 0.000617 977.0
0.001264 0.000617 978.0
0.001265 0.000617 979.0
0.001266 0.000618 980.0
0.001267 0.000618 981.0
0.001268 0.000618 982.0
0.001268 0.000618 983.0
0.001269 0.000618 984.0
0.001270 0.000618 985.0
0.001271 0.000618 986.0
0.001272 0.000618 987.0
0.001273 0.000618 988.0
0.001274 0.000618 989.0
0.001275 0.000618 990.0
0.001275 0.000618 991.0
0.001276 0.000618 992.0
0.001277 0.000618 993.0
0.001278 0.000618 994.0
0.001279 0.000618 995.0
0.001280 0.000618 996.0
0.001281 0.000618 997.0
0.001282 0.000618 998.0
0.001283 0.000618 999.0
0.001283 0.000618 1000.0
0.001284 0.000618 1001.0
0.001285 0.000618 1002.0
0.001286 0.000618 1003.0
0.001287 0.000618 1004.0
0.001288 0.000618 1005.0
0.001289 0.000619 1006.0
0.001290 0.000619 1007.0
0.001291 0.000619 1008.0
0.001291 0.000619 1009.0
0.001292 0.000619 1010.0
0.001293 0.000619 1011.0
0.001294 0.000619 1012.0
0.001295 0.000619 1013.0
0.001296 0.000619 1014.0
0.001297 0.000619 1015.0
0.001298 0.000619 1016.0
0.001298 0.000618 1017.0
0.001298 0.000618 1018.0
0.001297 0.000617 1019.0
0.001297 0.000616 1020.0
0.001297 0.000616 1021.0
0.001297 0.000615 1022.0
0.001297 0.000615 1023.0
0.001297 0.000614 1024.0
0.001297 0.000614 1025.0
0.001297 0.000613 1026.0
0.001297 0.000613 1027.0
0.001296 0.000612 1028.0
0.001296 0.000612 1029.0
0.001296 0.000611 1030.0
0.001296 0.000611 1031.0
0.001296 0.000610 1032.0
0.001296 0.000610 1033.0
0.001296 0.000609 1034.0
0.001296 0.000609 1035.0
0.001296 0.000608 1036.0
0.001296 0.000608 1037.0
0.001295 0.000607 1038.0
0.001295 0.000607 1039.0
0.001295 0.000606 1040.0
0.001295 0.000605 1041.0
0.001295 0.000605 1042.0
0.001295 0.000604 1043.0
0.001295 0.000604 1044.0
0.001295 0.000603 1045.0
0.001295 0.000603 1046.0
0.001294 0.000602 1047.0
0.001294 0.000602 1048.0
0.001294 0.000601 1049.0
0.001294 0.000601 1050.0
0.001294 0.000600 1051.0
0.001294 0.000600 1052.0
0.001294 0.000599 1053.0
0.001294 0.000599 1054.0
0.001294 0.000598 1055.0
0.001294 0.000598 1056.0
0.001293 0.000597 1057.0
0.001293 0.000597 1058.0
0.001293 0.000596 1059.0
0.001293 0.000596 1060.0
0.001293 0.000595 1061.0
0.001293 0.000594 1062.0
0.001293 0.000594 1063.0
0.001293 0.000593 1064.0
0.001293 0.000593 1065.0
0.001292 0.000592 1066.0
0.001292 0.000592 1067.0
0.001292 0.000591 1068.0
0.001292 0.000591 1069.0
0.001292 0.000590 1070.0
0.001292 0.000590 1071.0
0.001292 0.000589 1072.0
0.001292 0.000589 1073.0
0.001292 0.000588 1074.0
0.001292 0.000588 1075.0
0.001291 0.000587 1076.0
0.001291 0.000587 1077.0
0.001291 0.000586 1078.0
0.001291 0.000586 1079.0
0.001291 0.000585 1080.0
0.001291 0.000585 1081.0
0.001291 0.000584 1082.0
0.001291 0.000583 1083.0
0.001291 0.000583 1084.0
0.001290 0.000582 1085.0
0.001290 0.000582 1086.0
0.001290 0.000581 1087.0
0.001290 0.000581 1088.0
0.001290 0.000580 1089.0
0.001290 0.000580 1090.0
0.001290 0.000579 1091.0
0.001290 0.000579 1092.0
0.001290 0.000578 1093.0
0.001290 0.000578 1094.0
0.001289 0.000577 1095.0
0.001289 0.000577 1096.0
0.001289 0.000576 1097.0
0.001289 0.000576 1098.0
0.001289 0.000575 1099.0
0.001289 0.000575 1100.0
0.001289 0.000574 1101.0
0.001289 0.000574 1102.0
0.001289 0.000573 1103.0
0.001288 0.000572 1104.0
0.001288 0.000572 1105.0
0.001288 0.000571 1106.0
0.001288 0.000571 1107.0
0.001288 0.000570 1108.0
0.001288 0.000570 1109.0
0.001288 0.000569 1110.0
0.001288 0.000569 1111.0
0.001288 0.000568 1112.0
0.001288 0.000568 1113.0
0.001287 0.000567 1114.0
0.001287 0.000567 1115.0
0.001287 0.000566 1116.0
0.001287 0.000566 1117.0
0.001287 0.000565 1118.0
0.001287 0.000565 1119.0
0.001287 0.000564 1120.0
0.001287 0.000564 1121.0
0.001287 0.000563 1122.0
0.001286 0.000563 1123.0
0.001286 0.000562 1124.0
0.001286 0.000561 1125.0
0.001286 0.000561 1126.0
0.001286 0.000560 1127.0
0.001286 0.000560 1128.0
0.001286 0.000559 1129.0
0.001286 0.000559 1130.0
0.001283 0.000560 1131.0
0.001282 0.000560 1132.0
0.001282 0.000559 1133.0
0.001281 0.000559 1134.0
0.001281 0.000559 1135.0
0.001280 0.000559 1136.0
0.001280 0.000559 1137.0
0.001279 0.000558 1138.0
0.001279 0.000558 1139.0
0.001278 0.000558 1140.0
0.001277 0.000558 1141.0
0.001277 0.000558 1142.0
0.001276 0.000557 1143.0
0.001276 0.000557 1144.0
0.001275 0.000557 1145.0
0.001275 0.000557 1146.0
0.001274 0.000557 1147.0
0.001274 0.000557 1148.0
0.001273 0.000556 1149.0
0.001272 0.000556 1150.0
0.001272 0.000556 1151.0
0.001271 0.000556 1152.0
0.001271 0.000556 1153.0
0.001270 0.000555 1154.0
0.001270 0.000555 1155.0
0.001269 0.000555 1156.0
0.001269 0.000555 1157.0
0.001268 0.000555 1158.0
0.001267 0.000554 1159.0
0.001267 0.000554 1160.0
0.001266 0.000554 1161.0
0.001266 0.000554 1162.0
0.001265 0.000554 1163.0
0.001265 0.000553 1164.0
0.001264 0.000553 1165.0
0.001264 0.000553 1166.0
0.001263 0.000553 1167.0
0.001262 0.000553 1168.0
0.001262 0.000552 1169.0
0.001261 0.000552 1170.0
0.001261 0.000552 1171.0
0.001260 0.000552 1172.0
0.001260 0.000552 1173.0
0.001259 0.000551 1174.0
0.001259 0.000551 1175.0
0.001258 0.000551 1176.0
0.001257 0.000551 1177.0
0.001257 0.000551 1178.0
0.001256 0.000550 1179.0
0.001256 0.000550 1180.0
0.001255 0.000550 1181.0
0.001255 0.000550 1182.0
0.001254 0.000550 1183.0
0.001254 0.000549 1184.0
0.001253 0.000549 1185.0
0.001252 0.000549 1186.0
0.001252 0.000549 1187.0
0.001251 0.000549 1188.0
0.001251 0.000549 1189.0
0.001250 0.000548 1190.0
0.001250 0.000548 1191.0
0.001249 0.000548 1192.0
0.001249 0.000548 1193.0
0.001248 0.000548 1194.0
0.001247 0.000547 1195.0
0.001247 0.000547 1196.0
0.001246 0.000550 1197.0
0.001246 0.000549 1198.0
0.001246 0.000549 1199.0
0.001245 0.000549 1200.0
0.001245 0.000549 1201.0
0.001244 0.000549 1202.0
0.001244 0.000548 1203.0
0.001244 0.000548 1204.0
0.001243 0.000548 1205.0
0.001243 0.000548 1206.0
0.001242 0.000548 1207.0
0.001242 0.000548 1208.0
0.001241 0.000547 1209.0
0.001241 0.000547 1210.0
0.001241 0.000547 1211.0
0.001240 0.000547 1212.0
0.001240 0.000547 1213.0
0.001239 0.000546 1214.0
0.001239 0.000546 1215.0
0.001239 0.000546 1216.0
0.001238 0.000546 1217.0
0.001238 0.000546 1218.0
0.001237 0.000546 1219.0
0.001237 0.000545 1220.0
0.001237 0.000545 1221.0
0.001236 0.000545 1222.0
0.001236 0.000545 1223.0
0.001235 0.000545 1224.0
0.001235 0.000544 1225.0
0.001234 0.000544 1226.0
0.001234 0.000544 1227.0
0.001234 0.000544 1228.0
0.001233 0.000544 1229.0
0.001233 0.000544 1230.0
0.001232 0.000543 1231.0
0.001232 0.000543 1232.0
0.001232 0.000543 1233.0
0.001231 0.000543 1234.0
0.001231 0.000543 1235.0
0.001230 0.000543 1236.0
0.001230 0.000542 1237.0
0.001230 0.000542 1238.0
0.001229 0.000542 1239.0
0.001229 0.000542 1240.0
0.001228 0.000542 1241.0
0.001228 0.000541 1242.0
0.001227 0.000541 1243.0
0.001227 0.000541 1244.0
0.001227 0.000541 1245.0
0.001226 0.000541 1246.0
0.001226 0.000541 1247.0
0.001225 0.000540 1248.0
0.001225 0.000540 1249.0
0.001225 0.000540 1250.0
0.001224 0.000542 1251.0
0.001224 0.000541 1252.0
0.001224 0.000541 1253.0
0.001224 0.000541 1254.0
0.001224 0.000541 1255.0
0.001224 0.000541 1256.0
0.001224 0.000540 1257.0
0.001224 0.000540 1258.0
0.001224 0.000540 1259.0
0.001224 0.000540 1260.0
0.001224 0.000539 1261.0
0.001224 0.000539 1262.0
0.001224 0.000539 1263.0
0.001224 0.000539 1264.0
0.001224 0.000538 1265.0
0.001224 0.000538 1266.0
0.001224 0.000538 1267.0
0.001224 0.000538 1268.0
0.001224 0.000538 1269.0
0.001224 0.000537 1270.0
0.001223 0.000537 1271.0
0.001223 0.000537 1272.0
0.001223 0.000537 1273.0
0.001223 0.000536 1274.0
0.001223 0.000536 1275.0
0.001223 0.000536 1276.0
0.001223 0.000536 1277.0
0.001223 0.000535 1278.0
0.001223 0.000535 1279.0
0.001223 0.000535 1280.0
0.001223 0.000535 1281.0
0.001223 0.000534 1282.0
0.001223 0.000534 1283.0
0.001223 0.000534 1284.0
0.001223 0.000534 1285.0
0.001223 0.000534 1286.0
0.001223 0.000533 1287.0
0.001223 0.000533 1288.0
0.001223 0.000533 1289.0
0.001223 0.000533 1290.0
0.001223 0.000532 1291.0
0.001223 0.000532 1292.0
0.001223 0.000532 1293.0
0.001223 0.000532 1294.0
0.001223 0.000531 1295.0
0.001223 0.000531 1296.0
0.001223 0.000531 1297.0
0.001223 0.000531 1298.0
0.001223 0.000530 1299.0
0.001223 0.000530 1300.0
0.001223 0.000530 1301.0
0.001223 0.000530 1302.0
0.001222 0.000530 1303.0
0.001222 0.000529 1304.0
0.001222 0.000529 1305.0
0.001222 0.000529 1306.0
0.001222 0.000529 1307.0
0.001222 0.000528 1308.0
0.001222 0.000528 1309.0
0.001222 0.000528 1310.0
0.001222 0.000528 1311.0
0.001222 0.000527 1312.0
0.001222 0.000526 1313.0
0.001222 0.000526 1314.0
0.001221 0.000525 1315.0
0.001221 0.000524 1316.0
0.001221 0.000523 1317.0
0.001221 0.000523 1318.0
0.001221 0.000522 1319.0
0.001221 0.000521 1320.0
0.001221 0.000520 1321.0
0.001221 0.000520 1322.0
0.001221 0.000519 1323.0
0.001221 0.000518 1324.0
0.001221 0.000517 1325.0
0.001221 0.000516 1326.0
0.001221 0.000516 1327.0
0.001220 0.000515 1328.0
0.001220 0.000514 1329.0
0.001220 0.000513 1330.0
0.001220 0.000513 1331.0
0.001220 0.000512 1332.0
0.001220 0.000511 1333.0
0.001220 0.000510 1334.0
0.001220 0.000510 1335.0
0.001220 0.000509 1336.0
0.001220 0.000508 1337.0
0.001220 0.000507 1338.0
0.001220 0.000507 1339.0
0.001220 0.000506 1340.0
0.001219 0.000505 1341.0
0.001219 0.000504 1342.0
0.001219 0.000503 1343.0
0.001219 0.000503 1344.0
0.001219 0.000502 1345.0
0.001219 0.000501 1346.0
0.001219 0.000500 1347.0
0.001219 0.000500 1348.0
0.001219 0.000499 1349.0
0.001219 0.000498 1350.0
0.001219 0.000497 1351.0
0.001219 0.000497 1352.0
0.001218 0.000496 1353.0
0.001218 0.000495 1354.0
0.001218 0.000494 1355.0
0.001218 0.000493 1356.0
0.001218 0.000493 1357.0
0.001218 0.000492 1358.0
0.001218 0.000491 1359.0
0.001218 0.000490 1360.0
0.001218 0.000490 1361.0
0.001218 0.000489 1362.0
0.001218 0.000488 1363.0
0.001218 0.000487 1364.0
0.001218 0.000487 1365.0
0.001217 0.000486 1366.0
0.001217 0.000485 1367.0
0.001217 0.000484 1368.0
0.001217 0.000483 1369.0
0.001217 0.000483 1370.0
0.001217 0.000482 1371.0
0.001217 0.000481 1372.0
0.001217 0.000480 1373.0
0.001217 0.000480 1374.0
0.001217 0.000479 1375.0
0.001217 0.000478 1376.0
0.001217 0.000477 1377.0
0.001217 0.000477 1378.0
0.001216 0.000476 1379.0
0.001216 0.000475 1380.0
0.001216 0.000474 1381.0
0.001216 0.000473 1382.0
0.001216 0.000473 1383.0
0.001216 0.000472 1384.0
0.001216 0.000471 1385.0
0.001216 0.000470 1386.0
0.001214 0.000471 1387.0
0.001214 0.000469 1388.0
0.001214 0.000468 1389.0
0.001214 0.000466 1390.0
0.001214 0.000465 1391.0
0.001214 0.000463 1392.0
0.001214 0.000462 1393.0
0.001214 0.000460 1394.0
0.001214 0.000459 1395.0
0.001213 0.000458 1396.0
0.001213 0.000456 1397.0
0.001213 0.000455 1398.0
0.001213 0.000453 1399.0
0.001213 0.000452 1400.0
0.001213 0.000450 1401.0
0.001213 0.000449 1402.0
0.001213 0.000447 1403.0
0.001212 0.000446 1404.0
0.001212 0.000444 1405.0
0.001212 0.000443 1406.0
0.001212 0.000441 1407.0
0.001212 0.000440 1408.0
0.001212 0.000439 1409.0
0.001211 0.000439 1410.0
0.001211 0.000438 1411.0
0.001211 0.000438 1412.0
0.001211 0.000437 1413.0
0.001211 0.000437 1414.0
0.001211 0.000436 1415.0
0.001211 0.000436 1416.0
0.001211 0.000435 1417.0
0.001211 0.000435 1418.0
0.001211 0.000434 1419.0
0.001210 0.000434 1420.0
0.001210 0.000433 1421.0
0.001210 0.000433 1422.0
0.001210 0.000432 1423.0
0.001210 0.000432 1424.0
0.001210 0.000431 1425.0
0.001210 0.000431 1426.0
0.001210 0.000430 1427.0
0.001210 0.000430 1428.0
0.001210 0.000429 1429.0
0.001210 0.000429 1430.0
0.001210 0.000428 1431.0
0.001209 0.000428 1432.0
0.001209 0.000427 1433.0
0.001209 0.000427 1434.0
0.001209 0.000426 1435.0
0.001209 0.000426 1436.0
0.001209 0.000425 1437.0
0.001209 0.000425 1438.0
0.001209 0.000424 1439.0
0.001209 0.000424 1440.0
0.001209 0.000423 1441.0
0.001209 0.000423 1442.0
0.001209 0.000422 1443.0
0.001209 0.000422 1444.0
0.001208 0.000421 1445.0
0.001208 0.000421 1446.0
0.001208 0.000420 1447.0
0.001208 0.000420 1448.0
0.001208 0.000419 1449.0
0.001208 0.000419 1450.0
0.001208 0.000418 1451.0
0.001208 0.000418 1452.0
0.001208 0.000417 1453.0
0.001208 0.000417 1454.0
0.001208 0.000416 1455.0
0.001208 0.000416 1456.0
0.001207 0.000415 1457.0
0.001207 0.000415 1458.0
0.001207 0.000414 1459.0
0.001207 0.000414 1460.0
0.001207 0.000413 1461.0
0.001207 0.000413 1462.0
0.001207 0.000412 1463.0
0.001207 0.000412 1464.0
0.001207 0.000411 1465.0
0.001207 0.000411 1466.0
0.001207 0.000410 1467.0
0.001207 0.000410 1468.0
0.001207 0.000409 1469.0
0.001205 0.000410 1470.0
0.001205 0.000409 1471.0
0.001205 0.000408 1472.0
0.001205 0.000407 1473.0
0.001205 0.000406 1474.0
0.001204 0.000405 1475.0
0.001204 0.000404 1476.0
0.001204 0.000403 1477.0
0.001204 0.000402 1478.0
0.001203 0.000401 1479.0
0.001203 0.000401 1480.0
0.001203 0.000400 1481.0
0.001203 0.000399 1482.0
0.001203 0.000398 1483.0
0.001202 0.000397 1484.0
0.001202 0.000396 1485.0
0.001202 0.000395 1486.0
0.001202 0.000394 1487.0
0.001202 0.000393 1488.0
0.001201 0.000392 1489.0
0.001201 0.000391 1490.0
0.001201 0.000390 1491.0
0.001201 0.000390 1492.0
0.001200 0.000389 1493.0
0.001200 0.000388 1494.0
0.001200 0.000387 1495.0
0.001200 0.000386 1496.0
0.001200 0.000385 1497.0
0.001199 0.000384 1498.0
0.001199 0.000383 1499.0
0.001199 0.000382 1500.0
0.001199 0.000381 1501.0
0.001198 0.000380 1502.0
0.001198 0.000379 1503.0
0.001198 0.000378 1504.0
0.001198 0.000378 1505.0
0.001198 0.000377 1506.0
0.001197 0.000376 1507.0
0.001197 0.000375 1508.0
0.001197 0.000374 1509.0
0.001197 0.000373 1510.0
0.001197 0.000372 1511.0
0.001196 0.000371 1512.0
0.001196 0.000370 1513.0
0.001196 0.000369 1514.0
0.001196 0.000368 1515.0
0.001195 0.000367 1516.0
0.001195 0.000367 1517.0
0.001195 0.000366 1518.0
0.001195 0.000365 1519.0
0.001195 0.000364 1520.0
0.001194 0.000363 1521.0
0.001194 0.000362 1522.0
0.001194 0.000361 1523.0
0.001194 0.000360 1524.0
0.001193 0.000359 1525.0
0.001191 0.000360 1526.0
0.001190 0.000359 1527.0
0.001190 0.000359 1528.0
0.001189 0.000358 1529.0
0.001189 0.000357 1530.0
0.001188 0.000356 1531.0
0.001187 0.000355 1532.0
0.001187 0.000355 1533.0
0.001186 0.000354 1534.0
0.001186 0.000353 1535.0
0.001185 0.000352 1536.0
0.001184 0.000351 1537.0
0.001184 0.000351 1538.0
0.001183 0.000350 1539.0
0.001183 0.000349 1540.0
0.001182 0.000348 1541.0
0.001182 0.000347 1542.0
0.001181 0.000347 1543.0
0.001180 0.000346 1544.0
0.001180 0.000345 1545.0
0.001179 0.000344 1546.0
0.001179 0.000343 1547.0
0.001178 0.000343 1548.0
0.001178 0.000342 1549.0
0.001177 0.000341 1550.0
0.001176 0.000340 1551.0
0.001176 0.000339 1552.0
0.001175 0.000339 1553.0
0.001175 0.000338 1554.0
0.001174 0.000337 1555.0
0.001173 0.000336 1556.0
0.001173 0.000335 1557.0
0.001172 0.000335 1558.0
0.001172 0.000334 1559.0
0.001171 0.000333 1560.0
0.001171 0.000332 1561.0
0.001170 0.000331 1562.0
0.001169 0.000331 1563.0
0.001169 0.000330 1564.0
0.001168 0.000329 1565.0
0.001168 0.000328 1566.0
0.001167 0.000327 1567.0
0.001167 0.000327 1568.0
0.001166 0.000326 1569.0
0.001165 0.000325 1570.0
0.001165 0.000324 1571.0
0.001164 0.000323 1572.0
0.001164 0.000322 1573.0
0.001163 0.000322 1574.0
0.001162 0.000321 1575.0
0.001162 0.000320 1576.0
0.001161 0.000319 1577.0
0.001161 0.000318 1578.0
0.001160 0.000318 1579.0
0.001160 0.000317 1580.0
0.001159 0.000316 1581.0
0.001158 0.000315 1582.0
0.001158 0.000314 1583.0
0.001157 0.000314 1584.0
0.001157 0.000313 1585.0
0.001153 0.000318 1586.0
0.001151 0.000318 1587.0
0.001150 0.000319 1588.0
0.001148 0.000320 1589.0
0.001146 0.000320 1590.0
0.001145 0.000321 1591.0
0.001143 0.000321 1592.0
0.001142 0.000322 1593.0
0.001140 0.000323 1594.0
0.001138 0.000323 1595.0
0.001137 0.000324 1596.0
0.001135 0.000324 1597.0
0.001134 0.000325 1598.0
0.001132 0.000326 1599.0
0.001130 0.000326 1600.0
0.001129 0.000327 1601.0
0.001127 0.000327 1602.0
0.001125 0.000328 1603.0
0.001124 0.000329 1604.0
0.001122 0.000329 1605.0
0.001121 0.000330 1606.0
0.001119 0.000330 1607.0
0.001117 0.000331 1608.0
0.001116 0.000332 1609.0
0.001114 0.000332 1610.0
0.001113 0.000333 1611.0
0.001111 0.000333 1612.0
0.001109 0.000334 1613.0
0.001108 0.000335 1614.0
0.001106 0.000335 1615.0
0.001105 0.000336 1616.0
0.001103 0.000336 1617.0
0.001101 0.000337 1618.0
0.001100 0.000338 1619.0
0.001098 0.000338 1620.0
0.001097 0.000339 1621.0
0.001095 0.000339 1622.0
0.001093 0.000340 1623.0
0.001092 0.000341 1624.0
0.001090 0.000341 1625.0
0.001089 0.000342 1626.0
0.001087 0.000342 1627.0
0.001085 0.000343 1628.0
0.001084 0.000344 1629.0
0.001082 0.000344 1630.0
0.001081 0.000345 1631.0
0.001079 0.000346 1632.0
0.001077 0.000346 1633.0
0.001076 0.000347 1634.0
0.001074 0.000347 1635.0
0.001073 0.000348 1636.0
0.001071 0.000349 1637.0
0.001069 0.000349 1638.0
0.001068 0.000350 1639.0
0.001066 0.000350 1640.0
0.001065 0.000351 1641.0
0.001063 0.000352 1642.0
0.001061 0.000352 1643.0
0.001060 0.000353 1644.0
0.001058 0.000353 1645.0
0.001057 0.000354 1646.0
0.001055 0.000355 1647.0
0.001053 0.000355 1648.0
0.001052 0.000348 1649.0
0.001051 0.000347 1650.0
0.001050 0.000345 1651.0
0.001049 0.000344 1652.0
0.001048 0.000342 1653.0
0.001047 0.000341 1654.0
0.001046 0.000340 1655.0
0.001045 0.000338 1656.0
0.001044 0.000337 1657.0
0.001043 0.000335 1658.0
0.001042 0.000334 1659.0
0.001041 0.000332 1660.0
0.001040 0.000331 1661.0
0.001039 0.000330 1662.0
0.001038 0.000328 1663.0
0.001037 0.000327 1664.0
0.001036 0.000325 1665.0
0.001035 0.000324 1666.0
0.001034 0.000323 1667.0
0.001033 0.000321 1668.0
0.001032 0.000320 1669.0
0.001031 0.000318 1670.0
0.001030 0.000317 1671.0
0.001029 0.000315 1672.0
0.001028 0.000314 1673.0
0.001027 0.000313 1674.0
0.001026 0.000311 1675.0
0.001025 0.000310 1676.0
0.001024 0.000308 1677.0
0.001023 0.000307 1678.0
0.001022 0.000305 1679.0
0.001021 0.000304 1680.0
0.001020 0.000303 1681.0
0.001019 0.000301 1682.0
0.001018 0.000300 1683.0
0.001017 0.000298 1684.0
0.001016 0.000297 1685.0
0.001015 0.000296 1686.0
0.001014 0.000294 1687.0
0.001013 0.000293 1688.0
0.001012 0.000291 1689.0
0.001011 0.000290 1690.0
0.001010 0.000288 1691.0
0.001009 0.000287 1692.0
0.001004 0.000293 1693.0
0.001003 0.000291 1694.0
0.001003 0.000289 1695.0
0.001003 0.000286 1696.0
0.001002 0.000284 1697.0
0.001002 0.000281 1698.0
0.001002 0.000279 1699.0
0.001002 0.000277 1700.0
0.001001 0.000274 1701.0
0.001001 0.000272 1702.0
0.001001 0.000269 1703.0
0.001001 0.000267 1704.0
0.001000 0.000265 1705.0
0.001000 0.000262 1706.0
0.001000 0.000260 1707.0
0.000999 0.000257 1708.0
0.000999 0.000255 1709.0
0.000999 0.000252 1710.0
0.000999 0.000250 1711.0
0.000998 0.000248 1712.0
0.000998 0.000245 1713.0
0.000998 0.000243 1714.0
0.000998 0.000240 1715.0
0.000997 0.000238 1716.0
0.000997 0.000236 1717.0
0.000997 0.000233 1718.0
0.000997 0.000231 1719.0
0.000996 0.000228 1720.0
0.000996 0.000226 1721.0
0.000996 0.000224 1722.0
0.000994 0.000224 1723.0
0.000993 0.000222 1724.0
0.000993 0.000219 1725.0
0.000993 0.000217 1726.0
0.000992 0.000215 1727.0
0.000992 0.000213 1728.0
0.000992 0.000210 1729.0
0.000991 0.000208 1730.0
0.000991 0.000206 1731.0
0.000991 0.000203 1732.0
0.000990 0.000201 1733.0
0.000990 0.000199 1734.0
0.000989 0.000197 1735.0
0.000989 0.000194 1736.0
0.000989 0.000192 1737.0
0.000988 0.000190 1738.0
0.000988 0.000188 1739.0
0.000988 0.000185 1740.0
0.000987 0.000183 1741.0
0.000987 0.000181 1742.0
0.000987 0.000178 1743.0
0.000986 0.000176 1744.0
0.000986 0.000174 1745.0
0.000985 0.000172 1746.0
0.000985 0.000169 1747.0
0.000985 0.000167 1748.0
0.000984 0.000165 1749.0
0.000984 0.000162 1750.0
0.000984 0.000160 1751.0
0.000983 0.000158 1752.0
0.000983 0.000156 1753.0
0.000983 0.000153 1754.0
0.000982 0.000151 1755.0
0.000982 0.000149 1756.0
0.000981 0.000147 1757.0
0.000981 0.000144 1758.0
0.000981 0.000142 1759.0
0.000980 0.000140 1760.0
0.000980 0.000137 1761.0
0.000980 0.000135 1762.0
0.000979 0.000133 1763.0
0.000979 0.000131 1764.0
0.000979 0.000128 1765.0
0.000978 0.000126 1766.0
0.000978 0.000124 1767.0
0.000977 0.000122 1768.0
0.000977 0.000119 1769.0
0.000973 0.000120 1770.0
0.000973 0.000118 1771.0
0.000972 0.000115 1772.0
0.000972 0.000113 1773.0
0.000972 0.000110 1774.0
0.000971 0.000107 1775.0
0.000971 0.000105 1776.0
0.000971 0.000102 1777.0
0.000970 0.000100 1778.0
0.000970 0.000097 1779.0
0.000970 0.000094 1780.0
0.000969 0.000092 1781.0
0.000969 0.000089 1782.0
0.000969 0.000087 1783.0
0.000968 0.000084 1784.0
0.000968 0.000081 1785.0
0.000968 0.000079 1786.0
0.000967 0.000076 1787.0
0.000967 0.000074 1788.0
0.000967 0.000071 1789.0
0.000966 0.000069 1790.0
0.000966 0.000066 1791.0
0.000966 0.000063 1792.0
0.000966 0.000061 1793.0
0.000965 0.000058 1794.0
0.000965 0.000056 1795.0
0.000965 0.000053 1796.0
0.000964 0.000050 1797.0
0.000964 0.000048 1798.0
0.000964 0.000045 1799.0
0.000963 0.000043 1800.0
0.000963 0.000040 1801.0
0.000963 0.000037 1802.0
0.000962 0.000035 1803.0
0.000962 0.000032 1804.0
0.000962 0.000030 1805.0
0.000961 0.000027 1806.0
0.000961 0.000024 1807.0
0.000961 0.000022 1808.0
0.000960 0.000019 1809.0
0.000960 0.000017 1810.0
0.000960 0.000014 1811.0
0.000959 0.000011 1812.0
0.000959 0.000009 1813.0
0.000959 0.000006 1814.0
0.000958 0.000004 1815.0
0.000958 0.000001 1816.0
0.000958 -0.000002 1817.0
0.000957 -0.000004 1818.0
0.000957 -0.000007 1819.0
0.000953 -0.000006 1820.0
0.000952 -0.000008 1821.0
0.000952 -0.000011 1822.0
0.000951 -0.000014 1823.0
0.000950 -0.000016 1824.0
0.000950 -0.000019 1825.0
0.000949 -0.000021 1826.0
0.000949 -0.000024 1827.0
0.000948 -0.000026 1828.0
0.000947 -0.000029 1829.0
0.000947 -0.000032 1830.0
0.000946 -0.000034 1831.0
0.000946 -0.000037 1832.0
0.000945 -0.000039 1833.0
0.000944 -0.000042 1834.0
0.000944 -0.000045 1835.0
0.000943 -0.000047 1836.0
0.000943 -0.000050 1837.0
0.000942 -0.000052 1838.0
0.000941 -0.000055 1839.0
0.000941 -0.000057 1840.0
0.000940 -0.000060 1841.0
0.000940 -0.000063 1842.0
0.000939 -0.000065 1843.0
0.000938 -0.000068 1844.0
0.000938 -0.000070 1845.0
0.000937 -0.000073 1846.0
0.000937 -0.000075 1847.0
0.000936 -0.000078 1848.0
0.000935 -0.000081 1849.0
0.000935 -0.000083 1850.0
0.000934 -0.000086 1851.0
0.000934 -0.000088 1852.0
0.000933 -0.000091 1853.0
0.000932 -0.000093 1854.0
0.000932 -0.000096 1855.0
0.000931 -0.000099 1856.0
0.000930 -0.000101 1857.0
0.000930 -0.000104 1858.0
0.000929 -0.000106 1859.0
0.000929 -0.000109 1860.0
0.000928 -0.000112 1861.0
0.000927 -0.000114 1862.0
0.000927 -0.000117 1863.0
0.000926 -0.000119 1864.0
0.000926 -0.000122 1865.0
0.000925 -0.000124 1866.0
0.000924 -0.000127 1867.0
0.000924 -0.000130 1868.0
0.000923 -0.000132 1869.0
0.000916 -0.000129 1870.0
0.000915 -0.000131 1871.0
0.000914 -0.000134 1872.0
0.000913 -0.000136 1873.0
0.000912 -0.000138 1874.0
0.000911 -0.000140 1875.0
0.000909 -0.000142 1876.0
0.000908 -0.000144 1877.0
0.000907 -0.000146 1878.0
0.000906 -0.000148 1879.0
0.000905 -0.000151 1880.0
0.000903 -0.000153 1881.0
0.000902 -0.000155 1882.0
0.000901 -0.000157 1883.0
0.000900 -0.000159 1884.0
0.000899 -0.000161 1885.0
0.000898 -0.000163 1886.0
0.000896 -0.000165 1887.0
0.000895 -0.000168 1888.0
0.000894 -0.000170 1889.0
0.000893 -0.000172 1890.0
0.000892 -0.000174 1891.0
0.000891 -0.000176 1892.0
0.000889 -0.000178 1893.0
0.000888 -0.000180 1894.0
0.000887 -0.000182 1895.0
0.000886 -0.000185 1896.0
0.000885 -0.000187 1897.0
0.000883 -0.000189 1898.0
0.000882 -0.000191 1899.0
0.000881 -0.000193 1900.0
0.000880 -0.000195 1901.0
0.000879 -0.000197 1902.0
0.000878 -0.000199 1903.0
0.000876 -0.000202 1904.0
0.000875 -0.000204 1905.0
0.000874 -0.000206 1906.0
0.000873 -0.000208 1907.0
0.000872 -0.000210 1908.0
0.000870 -0.000212 1909.0
0.000869 -0.000214 1910.0
0.000868 -0.000216 1911.0
0.000867 -0.000219 1912.0
0.000866 -0.000221 1913.0
0.000865 -0.000223 1914.0
0.000863 -0.000225 1915.0
0.000862 -0.000227 1916.0
0.000861 -0.000229 1917.0
0.000860 -0.000231 1918.0
0.000859 -0.000233 1919.0
0.000858 -0.000236 1920.0
0.000856 -0.000238 1921.0
0.000847 -0.000229 1922.0
0.000846 -0.000231 1923.0
0.000844 -0.000233 1924.0
0.000843 -0.000234 1925.0
0.000842 -0.000236 1926.0
0.000840 -0.000238 1927.0
0.000839 -0.000240 1928.0
0.000838 -0.000242 1929.0
0.000836 -0.000244 1930.0
0.000835 -0.000245 1931.0
0.000834 -0.000247 1932.0
0.000832 -0.000249 1933.0
0.000831 -0.000251 1934.0
0.000829 -0.000253 1935.0
0.000828 -0.000255 1936.0
0.000827 -0.000257 1937.0
0.000825 -0.000258 1938.0
0.000824 -0.000260 1939.0
0.000823 -0.000262 1940.0
0.000821 -0.000264 1941.0
0.000820 -0.000266 1942.0
0.000819 -0.000268 1943.0
0.000817 -0.000270 1944.0
0.000816 -0.000271 1945.0
0.000815 -0.000273 1946.0
0.000813 -0.000275 1947.0
0.000812 -0.000277 1948.0
0.000810 -0.000279 1949.0
0.000809 -0.000281 1950.0
0.000808 -0.000282 1951.0
0.000806 -0.000284 1952.0
0.000805 -0.000286 1953.0
0.000804 -0.000288 1954.0
0.000802 -0.000290 1955.0
0.000801 -0.000292 1956.0
0.000800 -0.000294 1957.0
0.000798 -0.000295 1958.0
0.000797 -0.000297 1959.0
0.000791 -0.000290 1960.0
0.000790 -0.000291 1961.0
0.000788 -0.000293 1962.0
0.000787 -0.000295 1963.0
0.000786 -0.000296 1964.0
0.000785 -0.000298 1965.0
0.000783 -0.000300 1966.0
0.000782 -0.000301 1967.0
0.000781 -0.000303 1968.0
0.000780 -0.000305 1969.0
0.000778 -0.000307 1970.0
0.000777 -0.000308 1971.0
0.000776 -0.000310 1972.0
0.000774 -0.000312 1973.0
0.000773 -0.000313 1974.0
0.000772 -0.000315 1975.0
0.000771 -0.000317 1976.0
0.000769 -0.000318 1977.0
0.000768 -0.000320 1978.0
0.000767 -0.000322 1979.0
0.000766 -0.000323 1980.0
0.000764 -0.000325 1981.0
0.000763 -0.000327 1982.0
0.000762 -0.000328 1983.0
0.000761 -0.000330 1984.0
0.000759 -0.000332 1985.0
0.000758 -0.000334 1986.0
0.000757 -0.000335 1987.0
0.000755 -0.000337 1988.0
0.000754 -0.000339 1989.0
0.000753 -0.000340 1990.0
0.000752 -0.000342 1991.0
0.000750 -0.000344 1992.0
0.000749 -0.000345 1993.0
0.000748 -0.000347 1994.0
0.000747 -0.000349 1995.0
0.000745 -0.000350 1996.0
0.000744 -0.000352 1997.0
0.000743 -0.000354 1998.0
0.000742 -0.000355 1999.0
0.000740 -0.000357 2000.0
0.000739 -0.000359 2001.0
0.000738 -0.000360 2002.0
0.000736 -0.000362 2003.0
0.000735 -0.000364 2004.0
0.000734 -0.000366 2005.0
0.000733 -0.000367 2006.0
0.000731 -0.000369 2007.0
0.000730 -0.000371 2008.0
0.000729 -0.000372 2009.0
0.000728 -0.000374 2010.0
0.000726 -0.000376 2011.0
0.000725 -0.000377 2012.0
0.000724 -0.000379 2013.0
0.000722 -0.000381 2014.0
0.000721 -0.000382 2015.0
0.000720 -0.000384 2016.0
0.000712 -0.000373 2017.0
0.000711 -0.000375 2018.0
0.000710 -0.000377 2019.0
0.000709 -0.000378 2020.0
0.000708 -0.000380 2021.0
0.000707 -0.000381 2022.0
0.000706 -0.000383 2023.0
0.000705 -0.000385 2024.0
0.000704 -0.000386 2025.0
0.000703 -0.000388 2026.0
0.000702 -0.000389 2027.0
0.000701 -0.000391 2028.0
0.000700 -0.000393 2029.0
0.000699 -0.000394 2030.0
0.000698 -0.000396 2031.0
0.000697 -0.000397 2032.0
0.000696 -0.000399 2033.0
0.000695 -0.000401 2034.0
0.000694 -0.000402 2035.0
0.000693 -0.000404 2036.0
0.000693 -0.000405 2037.0
0.000692 -0.000407 2038.0
0.000691 -0.000409 2039.0
0.000690 -0.000410 2040.0
0.000689 -0.000412 2041.0
0.000688 -0.000413 2042.0
0.000687 -0.000415 2043.0
0.000686 -0.000417 2044.0
0.000685 -0.000418 2045.0
0.000684 -0.000420 2046.0
0.000683 -0.000421 2047.0
0.000682 -0.000423 2048.0
0.000681 -0.000425 2049.0
0.000680 -0.000426 2050.0
0.000679 -0.000428 2051.0
0.000678 -0.000429 2052.0
0.000677 -0.000431 2053.0
0.000676 -0.000433 2054.0
0.000675 -0.000434 2055.0
0.000674 -0.000436 2056.0
0.000673 -0.000437 2057.0
0.000672 -0.000439 2058.0
0.000671 -0.000441 2059.0
0.000670 -0.000442 2060.0
0.000669 -0.000444 2061.0
0.000668 -0.000445 2062.0
0.000667 -0.000447 2063.0
0.000666 -0.000449 2064.0
0.000665 -0.000450 2065.0
0.000664 -0.000452 2066.0
0.000664 -0.000453 2067.0
0.000663 -0.000455 2068.0
0.000662 -0.000457 2069.0
0.000661 -0.000458 2070.0
0.000660 -0.000460 2071.0
0.000659 -0.000461 2072.0
0.000658 -0.000463 2073.0
0.000657 -0.000465 2074.0
0.000656 -0.000466 2075.0
0.000655 -0.000468 2076.0
0.000654 -0.000469 2077.0
0.000646 -0.000461 2078.0
0.000645 -0.000462 2079.0
0.000644 -0.000463 2080.0
0.000643 -0.000464 2081.0
0.000642 -0.000465 2082.0
0.000641 -0.000466 2083.0
0.000640 -0.000467 2084.0
0.000640 -0.000469 2085.0
0.000639 -0.000470 2086.0
0.000638 -0.000471 2087.0
0.000637 -0.000472 2088.0
0.000636 -0.000473 2089.0
0.000635 -0.000474 2090.0
0.000634 -0.000475 2091.0
0.000634 -0.000477 2092.0
0.000633 -0.000478 2093.0
0.000632 -0.000479 2094.0
0.000631 -0.000480 2095.0
0.000630 -0.000481 2096.0
0.000629 -0.000482 2097.0
0.000628 -0.000483 2098.0
0.000628 -0.000484 2099.0
0.000627 -0.000486 2100.0
0.000626 -0.000487 2101.0
0.000625 -0.000488 2102.0
0.000624 -0.000489 2103.0
0.000623 -0.000490 2104.0
0.000622 -0.000491 2105.0
0.000622 -0.000492 2106.0
0.000621 -0.000494 2107.0
0.000620 -0.000495 2108.0
0.000619 -0.000496 2109.0
0.000618 -0.000497 2110.0
0.000617 -0.000498 2111.0
0.000616 -0.000499 2112.0
0.000616 -0.000500 2113.0
0.000615 -0.000502 2114.0
0.000614 -0.000503 2115.0
0.000613 -0.000504 2116.0
0.000612 -0.000505 2117.0
0.000611 -0.000506 2118.0
0.000610 -0.000507 2119.0
0.000610 -0.000508 2120.0
0.000609 -0.000509 2121.0
0.000608 -0.000511 2122.0
0.000607 -0.000512 2123.0
0.000606 -0.000513 2124.0
0.000605 -0.000514 2125.0
0.000604 -0.000515 2126.0
0.000604 -0.000516 2127.0
0.000603 -0.000517 2128.0
0.000602 -0.000519 2129.0
0.000601 -0.000520 2130.0
0.000600 -0.000521 2131.0
0.000599 -0.000522 2132.0
0.000598 -0.000523 2133.0
0.000598 -0.000524 2134.0
0.000597 -0.000525 2135.0
0.000596 -0.000527 2136.0
0.000595 -0.000528 2137.0
0.000594 -0.000529 2138.0
0.000588 -0.000521 2139.0
0.000588 -0.000521 2140.0
0.000587 -0.000520 2141.0
0.000587 -0.000520 2142.0
0.000587 -0.000519 2143.0
0.000586 -0.000519 2144.0
0.000586 -0.000518 2145.0
0.000585 -0.000518 2146.0
0.000585 -0.000517 2147.0
0.000585 -0.000517 2148.0
0.000584 -0.000516 2149.0
0.000584 -0.000516 2150.0
0.000583 -0.000515 2151.0
0.000583 -0.000515 2152.0
0.000583 -0.000514 2153.0
0.000582 -0.000514 2154.0
0.000582 -0.000513 2155.0
0.000581 -0.000513 2156.0
0.000581 -0.000512 2157.0
0.000581 -0.000512 2158.0
0.000580 -0.000511 2159.0
0.000580 -0.000511 2160.0
0.000579 -0.000510 2161.0
0.000579 -0.000510 2162.0
0.000579 -0.000509 2163.0
0.000578 -0.000509 2164.0
0.000578 -0.000508 2165.0
0.000577 -0.000508 2166.0
0.000577 -0.000508 2167.0
0.000577 -0.000507 2168.0
0.000576 -0.000507 2169.0
0.000576 -0.000506 2170.0
0.000575 -0.000506 2171.0
0.000575 -0.000505 2172.0
0.000575 -0.000505 2173.0
0.000574 -0.000504 2174.0
0.000574 -0.000504 2175.0
0.000573 -0.000503 2176.0
0.000573 -0.000503 2177.0
0.000573 -0.000502 2178.0
0.000572 -0.000502 2179.0
0.000572 -0.000501 2180.0
0.000571 -0.000501 2181.0
0.000571 -0.000500 2182.0
0.000571 -0.000500 2183.0
0.000570 -0.000499 2184.0
0.000570 -0.000499 2185.0
0.000569 -0.000498 2186.0
0.000569 -0.000498 2187.0
0.000569 -0.000497 2188.0
0.000568 -0.000497 2189.0
0.000568 -0.000496 2190.0
0.000567 -0.000496 2191.0
0.000567 -0.000495 2192.0
0.000566 -0.000495 2193.0
0.000566 -0.000494 2194.0
0.000566 -0.000494 2195.0
0.000565 -0.000493 2196.0
0.000565 -0.000493 2197.0
0.000564 -0.000493 2198.0
0.000564 -0.000492 2199.0
0.000562 -0.000496 2200.0
0.000561 -0.000496 2201.0
0.000561 -0.000496 2202.0
0.000561 -0.000496 2203.0
0.000561 -0.000495 2204.0
0.000561 -0.000495 2205.0
0.000560 -0.000495 2206.0
0.000560 -0.000495 2207.0
0.000560 -0.000495 2208.0
0.000560 -0.000495 2209.0
0.000560 -0.000495 2210.0
0.000559 -0.000495 2211.0
0.000559 -0.000495 2212.0
0.000559 -0.000495 2213.0
0.000559 -0.000495 2214.0
0.000558 -0.000495 2215.0
0.000558 -0.000495 2216.0
0.000558 -0.000495 2217.0
0.000558 -0.000495 2218.0
0.000558 -0.000495 2219.0
0.000557 -0.000495 2220.0
0.000557 -0.000495 2221.0
0.000558 -0.000495 2222.0
0.000558 -0.000495 2223.0
0.000558 -0.000495 2224.0
0.000558 -0.000495 2225.0
0.000558 -0.000496 2226.0
0.000558 -0.000496 2227.0
0.000558 -0.000496 2228.0
0.000559 -0.000496 2229.0
0.000559 -0.000496 2230.0
0.000559 -0.000496 2231.0
0.000559 -0.000496 2232.0
0.000559 -0.000496 2233.0
0.000559 -0.000496 2234.0
0.000559 -0.000496 2235.0
0.000559 -0.000497 2236.0
0.000560 -0.000497 2237.0
0.000560 -0.000497 2238.0
0.000560 -0.000497 2239.0
0.000560 -0.000497 2240.0
0.000560 -0.000497 2241.0
0.000560 -0.000497 2242.0
0.000560 -0.000497 2243.0
0.000561 -0.000497 2244.0
0.000561 -0.000497 2245.0
0.000561 -0.000497 2246.0
0.000561 -0.000498 2247.0
0.000561 -0.000498 2248.0
0.000561 -0.000498 2249.0
0.000561 -0.000498 2250.0
0.000562 -0.000498 2251.0
0.000562 -0.000498 2252.0
0.000562 -0.000498 2253.0
0.000562 -0.000498 2254.0
0.000562 -0.000498 2255.0
0.000562 -0.000498 2256.0
0.000562 -0.000499 2257.0
0.000563 -0.000499 2258.0
0.000563 -0.000499 2259.0
0.000563 -0.000499 2260.0
0.000563 -0.000499 2261.0
0.000563 -0.000499 2262.0
0.000563 -0.000499 2263.0
0.000563 -0.000499 2264.0
0.000563 -0.000499 2265.0
0.000564 -0.000499 2266.0
0.000564 -0.000499 2267.0
0.000564 -0.000500 2268.0
0.000564 -0.000500 2269.0
0.000564 -0.000500 2270.0
0.000564 -0.000500 2271.0
0.000564 -0.000500 2272.0
0.000565 -0.000500 2273.0
0.000565 -0.000500 2274.0
0.000565 -0.000500 2275.0
0.000565 -0.000500 2276.0
0.000565 -0.000500 2277.0
0.000565 -0.000501 2278.0
0.000565 -0.000501 2279.0
0.000566 -0.000501 2280.0
0.000566 -0.000500 2281.0
0.000566 -0.000500 2282.0
0.000566 -0.000499 2283.0
0.000566 -0.000499 2284.0
0.000566 -0.000499 2285.0
0.000566 -0.000499 2286.0
0.000566 -0.000499 2287.0
0.000566 -0.000498 2288.0
0.000566 -0.000498 2289.0
0.000566 -0.000498 2290.0
0.000566 -0.000498 2291.0
0.000566 -0.000498 2292.0
0.000566 -0.000497 2293.0
0.000566 -0.000497 2294.0
0.000566 -0.000497 2295.0
0.000566 -0.000497 2296.0
0.000566 -0.000497 2297.0
0.000566 -0.000496 2298.0
0.000566 -0.000496 2299.0
0.000566 -0.000496 2300.0
0.000566 -0.000496 2301.0
0.000566 -0.000496 2302.0
0.000566 -0.000496 2303.0
0.000566 -0.000495 2304.0
0.000566 -0.000495 2305.0
0.000566 -0.000495 2306.0
0.000566 -0.000495 2307.0
0.000566 -0.000495 2308.0
0.000566 -0.000494 2309.0
0.000566 -0.000494 2310.0
0.000566 -0.000494 2311.0
0.000566 -0.000494 2312.0
0.000566 -0.000494 2313.0
0.000566 -0.000493 2314.0
0.000566 -0.000493 2315.0
0.000566 -0.000493 2316.0
0.000566 -0.000493 2317.0
0.000566 -0.000493 2318.0
0.000566 -0.000492 2319.0
0.000566 -0.000492 2320.0
0.000566 -0.000492 2321.0
0.000566 -0.000492 2322.0
0.000566 -0.000492 2323.0
0.000566 -0.000491 2324.0
0.000566 -0.000491 2325.0
0.000566 -0.000491 2326.0
0.000566 -0.000491 2327.0
0.000566 -0.000491 2328.0
0.000566 -0.000490 2329.0
0.000566 -0.000490 2330.0
0.000566 -0.000490 2331.0
0.000566 -0.000490 2332.0
0.000566 -0.000490 2333.0
0.000566 -0.000489 2334.0
0.000566 -0.000489 2335.0
0.000566 -0.000489 2336.0
0.000566 -0.000489 2337.0
0.000566 -0.000489 2338.0
0.000566 -0.000488 2339.0
0.000566 -0.000488 2340.0
0.000567 -0.000488 2341.0
0.000567 -0.000488 2342.0
0.000567 -0.000488 2343.0
0.000567 -0.000488 2344.0
0.000567 -0.000488 2345.0
0.000567 -0.000488 2346.0
0.000567 -0.000488 2347.0
0.000567 -0.000488 2348.0
0.000567 -0.000488 2349.0
0.000567 -0.000488 2350.0
0.000567 -0.000488 2351.0
0.000567 -0.000488 2352.0
0.000567 -0.000488 2353.0
0.000567 -0.000488 2354.0
0.000567 -0.000488 2355.0
0.000567 -0.000488 2356.0
0.000567 -0.000488 2357.0
0.000567 -0.000488 2358.0
0.000567 -0.000488 2359.0
0.000567 -0.000488 2360.0
0.000568 -0.000489 2361.0
0.000568 -0.000489 2362.0
0.000569 -0.000489 2363.0
0.000569 -0.000489 2364.0
0.000569 -0.000489 2365.0
0.000570 -0.000489 2366.0
0.000570 -0.000489 2367.0
0.000571 -0.000489 2368.0
0.000571 -0.000489 2369.0
0.000571 -0.000489 2370.0
0.000572 -0.000489 2371.0
0.000572 -0.000489 2372.0
0.000573 -0.000489 2373.0
0.000573 -0.000489 2374.0
0.000573 -0.000489 2375.0
0.000574 -0.000489 2376.0
0.000574 -0.000489 2377.0
0.000575 -0.000489 2378.0
0.000575 -0.000489 2379.0
0.000575 -0.000489 2380.0
0.000576 -0.000489 2381.0
0.000576 -0.000489 2382.0
0.000577 -0.000489 2383.0
0.000577 -0.000490 2384.0
0.000577 -0.000490 2385.0
0.000578 -0.000490 2386.0
0.000578 -0.000490 2387.0
0.000579 -0.000490 2388.0
0.000579 -0.000490 2389.0
0.000579 -0.000490 2390.0
0.000580 -0.000490 2391.0
0.000580 -0.000490 2392.0
0.000581 -0.000490 2393.0
0.000581 -0.000490 2394.0
0.000581 -0.000490 2395.0
0.000582 -0.000490 2396.0
0.000582 -0.000490 2397.0
0.000583 -0.000490 2398.0
0.000583 -0.000490 2399.0
0.000583 -0.000490 2400.0
0.000584 -0.000490 2401.0
0.000584 -0.000490 2402.0
0.000585 -0.000490 2403.0
0.000585 -0.000490 2404.0
0.000585 -0.000490 2405.0
0.000586 -0.000491 2406.0
0.000586 -0.000491 2407.0
0.000587 -0.000491 2408.0
0.000587 -0.000491 2409.0
0.000587 -0.000491 2410.0
0.000588 -0.000491 2411.0
0.000588 -0.000491 2412.0
0.000589 -0.000491 2413.0
0.000589 -0.000491 2414.0
0.000589 -0.000491 2415.0
0.000590 -0.000491 2416.0
0.000590 -0.000491 2417.0
0.000590 -0.000490 2418.0
0.000591 -0.000490 2419.0
0.000591 -0.000491 2420.0
0.000592 -0.000491 2421.0
0.000592 -0.000491 2422.0
0.000593 -0.000491 2423.0
0.000593 -0.000491 2424.0
0.000594 -0.000491 2425.0
0.000594 -0.000491 2426.0
0.000595 -0.000491 2427.0
0.000595 -0.000491 2428.0
0.000595 -0.000491 2429.0
0.000596 -0.000491 2430.0
0.000596 -0.000491 2431.0
0.000597 -0.000491 2432.0
0.000597 -0.000491 2433.0
0.000598 -0.000491 2434.0
0.000598 -0.000491 2435.0
0.000599 -0.000491 2436.0
0.000599 -0.000491 2437.0
0.000600 -0.000491 2438.0
0.000600 -0.000491 2439.0
0.000601 -0.000491 2440.0
0.000601 -0.000491 2441.0
0.000602 -0.000491 2442.0
0.000602 -0.000491 2443.0
0.000602 -0.000491 2444.0
0.000603 -0.000491 2445.0
0.000603 -0.000491 2446.0
0.000604 -0.000491 2447.0
0.000604 -0.000491 2448.0
0.000605 -0.000491 2449.0
0.000605 -0.000491 2450.0
0.000606 -0.000491 2451.0
0.000606 -0.000491 2452.0
0.000607 -0.000491 2453.0
0.000607 -0.000491 2454.0
0.000608 -0.000491 2455.0
0.000608 -0.000491 2456.0
0.000609 -0.000491 2457.0
0.000609 -0.000491 2458.0
0.000609 -0.000491 2459.0
0.000610 -0.000491 2460.0
0.000610 -0.000491 2461.0
0.000611 -0.000491 2462.0
0.000611 -0.000491 2463.0
0.000612 -0.000491 2464.0
0.000612 -0.000491 2465.0
0.000613 -0.000491 2466.0
0.000613 -0.000491 2467.0
0.000614 -0.000491 2468.0
0.000614 -0.000491 2469.0
0.000615 -0.000491 2470.0
0.000615 -0.000492 2471.0
0.000616 -0.000492 2472.0
0.000616 -0.000492 2473.0
0.000616 -0.000492 2474.0
0.000617 -0.000492 2475.0
0.000617 -0.000492 2476.0
0.000618 -0.000492 2477.0
0.000618 -0.000492 2478.0
0.000619 -0.000492 2479.0
0.000619 -0.000492 2480.0
0.000620 -0.000492 2481.0
0.000620 -0.000492 2482.0
0.000620 -0.000491 2483.0
0.000621 -0.000492 2484.0
0.000621 -0.000493 2485.0
0.000622 -0.000494 2486.0
0.000622 -0.000495 2487.0
0.000623 -0.000495 2488.0
0.000623 -0.000496 2489.0
0.000624 -0.000497 2490.0
0.000624 -0.000498 2491.0
0.000625 -0.000499 2492.0
0.000625 -0.000499 2493.0
0.000626 -0.000500 2494.0
0.000626 -0.000501 2495.0
0.000627 -0.000502 2496.0
0.000627 -0.000503 2497.0
0.000628 -0.000503 2498.0
0.000628 -0.000504 2499.0
0.000629 -0.000505 2500.0
0.000630 -0.000506 2501.0
0.000630 -0.000507 2502.0
0.000631 -0.000507 2503.0
0.000631 -0.000508 2504.0
0.000632 -0.000509 2505.0
0.000632 -0.000510 2506.0
0.000633 -0.000511 2507.0
0.000633 -0.000511 2508.0
0.000634 -0.000512 2509.0
0.000634 -0.000513 2510.0
0.000635 -0.000514 2511.0
0.000635 -0.000515 2512.0
0.000636 -0.000515 2513.0
0.000636 -0.000516 2514.0
0.000637 -0.000517 2515.0
0.000637 -0.000518 2516.0
0.000638 -0.000519 2517.0
0.000638 -0.000519 2518.0
0.000639 -0.000520 2519.0
0.000639 -0.000521 2520.0
0.000640 -0.000522 2521.0
0.000640 -0.000523 2522.0
0.000641 -0.000524 2523.0
0.000641 -0.000524 2524.0
0.000642 -0.000525 2525.0
0.000642 -0.000526 2526.0
0.000643 -0.000527 2527.0
0.000643 -0.000528 2528.0
0.000644 -0.000528 2529.0
0.000644 -0.000529 2530.0
0.000645 -0.000530 2531.0
0.000646 -0.000531 2532.0
0.000646 -0.000532 2533.0
0.000647 -0.000532 2534.0
0.000647 -0.000533 2535.0
0.000648 -0.000534 2536.0
0.000648 -0.000535 2537.0
0.000652 -0.000531 2538.0
0.000653 -0.000531 2539.0
0.000653 -0.000531 2540.0
0.000654 -0.000531 2541.0
0.000655 -0.000532 2542.0
0.000656 -0.000532 2543.0
0.000657 -0.000532 2544.0
0.000657 -0.000532 2545.0
0.000658 -0.000533 2546.0
0.000659 -0.000533 2547.0
0.000660 -0.000533 2548.0
0.000660 -0.000533 2549.0
0.000661 -0.000534 2550.0
0.000662 -0.000534 2551.0
0.000663 -0.000534 2552.0
0.000664 -0.000534 2553.0
0.000664 -0.000535 2554.0
0.000665 -0.000535 2555.0
0.000666 -0.000535 2556.0
0.000667 -0.000535 2557.0
0.000668 -0.000536 2558.0
0.000668 -0.000536 2559.0
0.000669 -0.000536 2560.0
0.000670 -0.000536 2561.0
0.000671 -0.000537 2562.0
0.000671 -0.000537 2563.0
0.000672 -0.000537 2564.0
0.000673 -0.000537 2565.0
0.000674 -0.000538 2566.0
0.000675 -0.000538 2567.0
0.000675 -0.000538 2568.0
0.000676 -0.000538 2569.0
0.000677 -0.000539 2570.0
0.000678 -0.000539 2571.0
0.000679 -0.000539 2572.0
0.000679 -0.000539 2573.0
0.000680 -0.000540 2574.0
0.000681 -0.000540 2575.0
0.000682 -0.000540 2576.0
0.000683 -0.000540 2577.0
0.000683 -0.000541 2578.0
0.000684 -0.000541 2579.0
0.000685 -0.000541 2580.0
0.000686 -0.000541 2581.0
0.000686 -0.000542 2582.0
0.000687 -0.000542 2583.0
0.000688 -0.000542 2584.0
0.000689 -0.000542 2585.0
0.000690 -0.000543 2586.0
0.000690 -0.000543 2587.0
0.000691 -0.000543 2588.0
0.000692 -0.000543 2589.0
0.000693 -0.000544 2590.0
0.000694 -0.000544 2591.0
0.000694 -0.000544 2592.0
0.000695 -0.000544 2593.0
0.000696 -0.000545 2594.0
0.000697 -0.000545 2595.0
0.000697 -0.000545 2596.0
0.000698 -0.000545 2597.0
0.000699 -0.000546 2598.0
0.000700 -0.000543 2599.0
0.000700 -0.000543 2600.0
0.000700 -0.000543 2601.0
0.000700 -0.000544 2602.0
0.000700 -0.000544 2603.0
0.000701 -0.000544 2604.0
0.000701 -0.000544 2605.0
0.000701 -0.000545 2606.0
0.000701 -0.000545 2607.0
0.000702 -0.000545 2608.0
0.000702 -0.000545 2609.0
0.000702 -0.000546 2610.0
0.000702 -0.000546 2611.0
0.000702 -0.000546 2612.0
0.000703 -0.000547 2613.0
0.000703 -0.000547 2614.0
0.000703 -0.000547 2615.0
0.000703 -0.000547 2616.0
0.000704 -0.000548 2617.0
0.000704 -0.000548 2618.0
0.000704 -0.000548 2619.0
0.000704 -0.000548 2620.0
0.000704 -0.000549 2621.0
0.000705 -0.000549 2622.0
0.000705 -0.000549 2623.0
0.000705 -0.000549 2624.0
0.000705 -0.000550 2625.0
0.000706 -0.000550 2626.0
0.000706 -0.000550 2627.0
0.000706 -0.000551 2628.0
0.000706 -0.000551 2629.0
0.000706 -0.000551 2630.0
0.000707 -0.000551 2631.0
0.000707 -0.000552 2632.0
0.000707 -0.000552 2633.0
0.000707 -0.000552 2634.0
0.000708 -0.000552 2635.0
0.000708 -0.000553 2636.0
0.000708 -0.000553 2637.0
0.000708 -0.000553 2638.0
0.000708 -0.000553 2639.0
0.000709 -0.000554 2640.0
0.000709 -0.000554 2641.0
0.000709 -0.000554 2642.0
0.000709 -0.000555 2643.0
0.000710 -0.000555 2644.0
0.000710 -0.000555 2645.0
0.000710 -0.000555 2646.0
0.000710 -0.000556 2647.0
0.000710 -0.000556 2648.0
0.000711 -0.000556 2649.0
0.000711 -0.000556 2650.0
0.000711 -0.000557 2651.0
0.000711 -0.000557 2652.0
0.000712 -0.000557 2653.0
0.000712 -0.000557 2654.0
0.000712 -0.000558 2655.0
0.000712 -0.000558 2656.0
0.000712 -0.000558 2657.0
0.000713 -0.000559 2658.0
0.000714 -0.000557 2659.0
0.000714 -0.000557 2660.0
0.000713 -0.000558 2661.0
0.000713 -0.000559 2662.0
0.000713 -0.000559 2663.0
0.000713 -0.000560 2664.0
0.000713 -0.000561 2665.0
0.000712 -0.000561 2666.0
0.000712 -0.000562 2667.0
0.000712 -0.000562 2668.0
0.000712 -0.000563 2669.0
0.000711 -0.000564 2670.0
0.000711 -0.000564 2671.0
0.000711 -0.000565 2672.0
0.000711 -0.000566 2673.0
0.000710 -0.000566 2674.0
0.000710 -0.000567 2675.0
0.000710 -0.000568 2676.0
0.000710 -0.000568 2677.0
0.000710 -0.000569 2678.0
0.000709 -0.000570 2679.0
0.000709 -0.000570 2680.0
0.000709 -0.000571 2681.0
0.000709 -0.000572 2682.0
0.000708 -0.000572 2683.0
0.000708 -0.000573 2684.0
0.000708 -0.000574 2685.0
0.000708 -0.000574 2686.0
0.000707 -0.000575 2687.0
0.000707 -0.000575 2688.0
0.000707 -0.000576 2689.0
0.000707 -0.000577 2690.0
0.000706 -0.000577 2691.0
0.000706 -0.000578 2692.0
0.000706 -0.000579 2693.0
0.000706 -0.000579 2694.0
0.000706 -0.000580 2695.0
0.000705 -0.000581 2696.0
0.000705 -0.000581 2697.0
0.000705 -0.000582 2698.0
0.000705 -0.000583 2699.0
0.000704 -0.000583 2700.0
0.000704 -0.000584 2701.0
0.000704 -0.000585 2702.0
0.000704 -0.000585 2703.0
0.000703 -0.000586 2704.0
0.000703 -0.000586 2705.0
0.000703 -0.000587 2706.0
0.000703 -0.000588 2707.0
0.000703 -0.000588 2708.0
0.000702 -0.000589 2709.0
0.000702 -0.000590 2710.0
0.000702 -0.000590 2711.0
0.000702 -0.000591 2712.0
0.000701 -0.000592 2713.0
0.000701 -0.000592 2714.0
0.000701 -0.000593 2715.0
0.000701 -0.000594 2716.0
0.000700 -0.000594 2717.0
0.000700 -0.000595 2718.0
0.000697 -0.000593 2719.0
0.000697 -0.000594 2720.0
0.000697 -0.000594 2721.0
0.000697 -0.000595 2722.0
0.000697 -0.000596 2723.0
0.000697 -0.000596 2724.0
0.000697 -0.000597 2725.0
0.000697 -0.000597 2726.0
0.000697 -0.000598 2727.0
0.000696 -0.000598 2728.0
0.000696 -0.000599 2729.0
0.000696 -0.000600 2730.0
0.000696 -0.000600 2731.0
0.000696 -0.000601 2732.0
0.000696 -0.000601 2733.0
0.000696 -0.000602 2734.0
0.000696 -0.000603 2735.0
0.000696 -0.000603 2736.0
0.000696 -0.000604 2737.0
0.000695 -0.000604 2738.0
0.000695 -0.000605 2739.0
0.000695 -0.000606 2740.0
0.000695 -0.000606 2741.0
0.000695 -0.000607 2742.0
0.000695 -0.000607 2743.0
0.000695 -0.000608 2744.0
0.000695 -0.000608 2745.0
0.000695 -0.000609 2746.0
0.000695 -0.000610 2747.0
0.000694 -0.000610 2748.0
0.000694 -0.000611 2749.0
0.000694 -0.000611 2750.0
0.000694 -0.000612 2751.0
0.000694 -0.000613 2752.0
0.000694 -0.000613 2753.0
0.000694 -0.000614 2754.0
0.000694 -0.000614 2755.0
0.000694 -0.000615 2756.0
0.000693 -0.000616 2757.0
0.000693 -0.000616 2758.0
0.000693 -0.000617 2759.0
0.000693 -0.000617 2760.0
0.000693 -0.000618 2761.0
0.000693 -0.000618 2762.0
0.000693 -0.000619 2763.0
0.000693 -0.000620 2764.0
0.000693 -0.000620 2765.0
0.000693 -0.000621 2766.0
0.000692 -0.000621 2767.0
0.000692 -0.000622 2768.0
0.000692 -0.000623 2769.0
0.000692 -0.000623 2770.0
0.000692 -0.000624 2771.0
0.000692 -0.000624 2772.0
0.000692 -0.000625 2773.0
0.000692 -0.000626 2774.0
0.000692 -0.000626 2775.0
0.000692 -0.000627 2776.0
0.000691 -0.000627 2777.0
0.000691 -0.000628 2778.0
0.000690 -0.000627 2779.0
0.000689 -0.000627 2780.0
0.000689 -0.000627 2781.0
0.000688 -0.000627 2782.0
0.000688 -0.000627 2783.0
0.000688 -0.000627 2784.0
0.000687 -0.000627 2785.0
0.000687 -0.000627 2786.0
0.000686 -0.000627 2787.0
0.000686 -0.000627 2788.0
0.000685 -0.000627 2789.0
0.000685 -0.000627 2790.0
0.000684 -0.000627 2791.0
0.000684 -0.000627 2792.0
0.000683 -0.000627 2793.0
0.000683 -0.000627 2794.0
0.000683 -0.000627 2795.0
0.000682 -0.000627 2796.0
0.000682 -0.000627 2797.0
0.000681 -0.000626 2798.0
0.000681 -0.000626 2799.0
0.000680 -0.000626 2800.0
0.000680 -0.000626 2801.0
0.000679 -0.000626 2802.0
0.000679 -0.000626 2803.0
0.000678 -0.000626 2804.0
0.000678 -0.000626 2805.0
0.000678 -0.000626 2806.0
0.000677 -0.000626 2807.0
0.000677 -0.000626 2808.0
0.000676 -0.000626 2809.0
0.000676 -0.000626 2810.0
0.000675 -0.000626 2811.0
0.000675 -0.000626 2812.0
0.000674 -0.000626 2813.0
0.000674 -0.000626 2814.0
0.000673 -0.000626 2815.0
0.000673 -0.000626 2816.0
0.000673 -0.000626 2817.0
0.000672 -0.000625 2818.0
0.000672 -0.000625 2819.0
0.000671 -0.000625 2820.0
0.000671 -0.000625 2821.0
0.000670 -0.000625 2822.0
0.000670 -0.000625 2823.0
0.000669 -0.000625 2824.0
0.000669 -0.000625 2825.0
0.000668 -0.000625 2826.0
0.000668 -0.000625 2827.0
0.000668 -0.000625 2828.0
0.000667 -0.000625 2829.0
0.000667 -0.000625 2830.0
0.000666 -0.000625 2831.0
0.000666 -0.000625 2832.0
0.000665 -0.000625 2833.0
0.000665 -0.000625 2834.0
0.000664 -0.000625 2835.0
0.000664 -0.000625 2836.0
0.000663 -0.000625 2837.0
0.000663 -0.000624 2838.0
0.000663 -0.000625 2839.0
0.000663 -0.000625 2840.0
0.000663 -0.000626 2841.0
0.000662 -0.000626 2842.0
0.000662 -0.000626 2843.0
0.000662 -0.000627 2844.0
0.000662 -0.000627 2845.0
0.000662 -0.000628 2846.0
0.000661 -0.000628 2847.0
0.000661 -0.000628 2848.0
0.000661 -0.000629 2849.0
0.000661 -0.000629 2850.0
0.000661 -0.000629 2851.0
0.000660 -0.000630 2852.0
0.000660 -0.000630 2853.0
0.000660 -0.000630 2854.0
0.000660 -0.000631 2855.0
0.000660 -0.000631 2856.0
0.000660 -0.000631 2857.0
0.000659 -0.000632 2858.0
0.000659 -0.000632 2859.0
0.000659 -0.000632 2860.0
0.000659 -0.000633 2861.0
0.000659 -0.000633 2862.0
0.000658 -0.000633 2863.0
0.000658 -0.000634 2864.0
0.000658 -0.000634 2865.0
0.000658 -0.000634 2866.0
0.000658 -0.000635 2867.0
0.000657 -0.000635 2868.0
0.000657 -0.000636 2869.0
0.000657 -0.000636 2870.0
0.000657 -0.000636 2871.0
0.000657 -0.000637 2872.0
0.000656 -0.000637 2873.0
0.000656 -0.000637 2874.0
0.000656 -0.000638 2875.0
0.000656 -0.000638 2876.0
0.000656 -0.000638 2877.0
0.000655 -0.000639 2878.0
0.000655 -0.000639 2879.0
0.000655 -0.000639 2880.0
0.000655 -0.000640 2881.0
0.000655 -0.000640 2882.0
0.000655 -0.000640 2883.0
0.000654 -0.000641 2884.0
0.000654 -0.000641 2885.0
0.000654 -0.000641 2886.0
0.000654 -0.000642 2887.0
0.000654 -0.000642 2888.0
0.000653 -0.000643 2889.0
0.000653 -0.000643 2890.0
0.000653 -0.000643 2891.0
0.000653 -0.000644 2892.0
0.000653 -0.000644 2893.0
0.000652 -0.000644 2894.0
0.000652 -0.000645 2895.0
0.000652 -0.000645 2896.0
0.000652 -0.000645 2897.0
0.000652 -0.000646 2898.0
0.000651 -0.000646 2899.0
0.000651 -0.000646 2900.0
0.000651 -0.000647 2901.0
0.000651 -0.000647 2902.0
0.000651 -0.000647 2903.0
0.000650 -0.000648 2904.0
0.000650 -0.000648 2905.0
0.000650 -0.000648 2906.0
0.000650 -0.000649 2907.0
0.000650 -0.000649 2908.0
0.000650 -0.000649 2909.0
0.000647 -0.000647 2910.0
0.000646 -0.000647 2911.0
0.000645 -0.000647 2912.0
0.000644 -0.000647 2913.0
0.000643 -0.000646 2914.0
0.000642 -0.000646 2915.0
0.000641 -0.000646 2916.0
0.000640 -0.000646 2917.0
0.000639 -0.000645 2918.0
0.000638 -0.000645 2919.0
0.000637 -0.000645 2920.0
0.000636 -0.000645 2921.0
0.000635 -0.000644 2922.0
0.000634 -0.000644 2923.0
0.000632 -0.000644 2924.0
0.000631 -0.000643 2925.0
0.000630 -0.000643 2926.0
0.000629 -0.000643 2927.0
0.000628 -0.000643 2928.0
0.000627 -0.000642 2929.0
0.000626 -0.000642 2930.0
0.000625 -0.000642 2931.0
0.000624 -0.000642 2932.0
0.000623 -0.000641 2933.0
0.000622 -0.000641 2934.0
0.000621 -0.000641 2935.0
0.000620 -0.000641 2936.0
0.000619 -0.000640 2937.0
0.000618 -0.000640 2938.0
0.000616 -0.000640 2939.0
0.000615 -0.000639 2940.0
0.000614 -0.000639 2941.0
0.000613 -0.000639 2942.0
0.000612 -0.000639 2943.0
0.000611 -0.000638 2944.0
0.000610 -0.000638 2945.0
0.000609 -0.000638 2946.0
0.000608 -0.000638 2947.0
0.000607 -0.000637 2948.0
0.000606 -0.000637 2949.0
0.000605 -0.000637 2950.0
0.000604 -0.000637 2951.0
0.000603 -0.000636 2952.0
0.000602 -0.000636 2953.0
0.000600 -0.000636 2954.0
0.000599 -0.000635 2955.0
0.000598 -0.000635 2956.0
0.000598 -0.000638 2957.0
0.000598 -0.000638 2958.0
0.000597 -0.000638 2959.0
0.000597 -0.000638 2960.0
0.000597 -0.000638 2961.0
0.000597 -0.000638 2962.0
0.000597 -0.000638 2963.0
0.000596 -0.000639 2964.0
0.000596 -0.000639 2965.0
0.000596 -0.000639 2966.0
0.000596 -0.000639 2967.0
0.000595 -0.000639 2968.0
0.000595 -0.000639 2969.0
0.000595 -0.000639 2970.0
0.000595 -0.000640 2971.0
0.000594 -0.000640 2972.0
0.000594 -0.000640 2973.0
0.000594 -0.000640 2974.0
0.000594 -0.000640 2975.0
0.000594 -0.000640 2976.0
0.000593 -0.000640 2977.0
0.000593 -0.000641 2978.0
0.000593 -0.000641 2979.0
0.000593 -0.000641 2980.0
0.000592 -0.000641 2981.0
0.000592 -0.000641 2982.0
0.000592 -0.000641 2983.0
0.000592 -0.000641 2984.0
0.000591 -0.000641 2985.0
0.000591 -0.000642 2986.0
0.000591 -0.000642 2987.0
0.000591 -0.000642 2988.0
0.000591 -0.000642 2989.0
0.000590 -0.000642 2990.0
0.000590 -0.000642 2991.0
0.000590 -0.000642 2992.0
0.000590 -0.000643 2993.0
0.000589 -0.000643 2994.0
0.000589 -0.000643 2995.0
0.000589 -0.000643 2996.0
0.000589 -0.000643 2997.0
0.000588 -0.000643 2998.0
0.000588 -0.000643 2999.0
0.000588 -0.000644 3000.0
0.000588 -0.000644 3001.0
0.000588 -0.000644 3002.0
0.000587 -0.000644 3003.0
0.000587 -0.000644 3004.0
0.000587 -0.000644 3005.0
0.000587 -0.000644 3006.0
0.000586 -0.000645 3007.0
0.000586 -0.000645 3008.0
0.000586 -0.000645 3009.0
0.000586 -0.000645 3010.0
0.000585 -0.000645 3011.0
0.000585 -0.000645 3012.0
0.000585 -0.000645 3013.0
0.000585 -0.000645 3014.0
0.000585 -0.000646 3015.0
0.000584 -0.000646 3016.0
0.000584 -0.000644 3017.0
0.000584 -0.000645 3018.0
0.000583 -0.000645 3019.0
0.000583 -0.000645 3020.0
0.000583 -0.000646 3021.0
0.000583 -0.000646 3022.0
0.000582 -0.000646 3023.0
0.000582 -0.000647 3024.0
0.000582 -0.000647 3025.0
0.000582 -0.000647 3026.0
0.000582 -0.000648 3027.0
0.000581 -0.000648 3028.0
0.000581 -0.000648 3029.0
0.000581 -0.000649 3030.0
0.000581 -0.000649 3031.0
0.000580 -0.000649 3032.0
0.000580 -0.000650 3033.0
0.000580 -0.000650 3034.0
0.000580 -0.000650 3035.0
0.000580 -0.000651 3036.0
0.000579 -0.000651 3037.0
0.000579 -0.000651 3038.0
0.000579 -0.000652 3039.0
0.000579 -0.000652 3040.0
0.000578 -0.000653 3041.0
0.000578 -0.000653 3042.0
0.000578 -0.000653 3043.0
0.000578 -0.000654 3044.0
0.000578 -0.000654 3045.0
0.000577 -0.000654 3046.0
0.000577 -0.000655 3047.0
0.000577 -0.000655 3048.0
0.000577 -0.000655 3049.0
0.000576 -0.000656 3050.0
0.000576 -0.000656 3051.0
0.000576 -0.000656 3052.0
0.000576 -0.000657 3053.0
0.000575 -0.000657 3054.0
0.000575 -0.000657 3055.0
0.000575 -0.000658 3056.0
0.000575 -0.000658 3057.0
0.000575 -0.000658 3058.0
0.000574 -0.000659 3059.0
0.000574 -0.000659 3060.0
0.000574 -0.000659 3061.0
0.000574 -0.000660 3062.0
0.000573 -0.000660 3063.0
0.000573 -0.000660 3064.0
0.000573 -0.000661 3065.0
0.000573 -0.000661 3066.0
0.000573 -0.000661 3067.0
0.000572 -0.000662 3068.0
0.000572 -0.000662 3069.0
0.000572 -0.000662 3070.0
0.000572 -0.000663 3071.0
0.000571 -0.000663 3072.0
0.000571 -0.000663 3073.0
0.000571 -0.000664 3074.0
0.000571 -0.000664 3075.0
0.000571 -0.000664 3076.0
0.000569 -0.000662 3077.0
0.000568 -0.000663 3078.0
0.000568 -0.000664 3079.0
0.000567 -0.000664 3080.0
0.000567 -0.000665 3081.0
0.000567 -0.000666 3082.0
0.000566 -0.000666 3083.0
0.000566 -0.000667 3084.0
0.000565 -0.000668 3085.0
0.000565 -0.000668 3086.0
0.000565 -0.000669 3087.0
0.000564 -0.000670 3088.0
0.000564 -0.000670 3089.0
0.000563 -0.000671 3090.0
0.000563 -0.000672 3091.0
0.000562 -0.000672 3092.0
0.000562 -0.000673 3093.0
0.000562 -0.000674 3094.0
0.000561 -0.000674 3095.0
0.000561 -0.000675 3096.0
0.000560 -0.000676 3097.0
0.000560 -0.000676 3098.0
0.000559 -0.000677 3099.0
0.000559 -0.000678 3100.0
0.000559 -0.000678 3101.0
0.000558 -0.000679 3102.0
0.000558 -0.000680 3103.0
0.000557 -0.000681 3104.0
0.000557 -0.000681 3105.0
0.000556 -0.000682 3106.0
0.000556 -0.000683 3107.0
0.000556 -0.000683 3108.0
0.000555 -0.000684 3109.0
0.000555 -0.000685 3110.0
0.000554 -0.000685 3111.0
0.000554 -0.000686 3112.0
0.000553 -0.000687 3113.0
0.000553 -0.000687 3114.0
0.000553 -0.000688 3115.0
0.000552 -0.000689 3116.0
0.000552 -0.000689 3117.0
0.000551 -0.000690 3118.0
0.000551 -0.000691 3119.0
0.000550 -0.000691 3120.0
0.000550 -0.000692 3121.0
0.000550 -0.000693 3122.0
0.000549 -0.000693 3123.0
0.000549 -0.000694 3124.0
0.000548 -0.000695 3125.0
0.000548 -0.000695 3126.0
0.000547 -0.000696 3127.0
0.000547 -0.000697 3128.0
0.000547 -0.000697 3129.0
0.000546 -0.000698 3130.0
0.000546 -0.000699 3131.0
0.000545 -0.000699 3132.0
0.000545 -0.000700 3133.0
0.000544 -0.000701 3134.0
0.000544 -0.000701 3135.0
0.000544 -0.000702 3136.0
0.000543 -0.000703 3137.0
0.000540 -0.000699 3138.0
0.000539 -0.000699 3139.0
0.000539 -0.000699 3140.0
0.000538 -0.000700 3141.0
0.000538 -0.000700 3142.0
0.000537 -0.000700 3143.0
0.000537 -0.000701 3144.0
0.000536 -0.000701 3145.0
0.000536 -0.000701 3146.0
0.000535 -0.000702 3147.0
0.000535 -0.000702 3148.0
0.000534 -0.000703 3149.0
0.000534 -0.000703 3150.0
0.000533 -0.000703 3151.0
0.000533 -0.000704 3152.0
0.000532 -0.000704 3153.0
0.000531 -0.000704 3154.0
0.000531 -0.000705 3155.0
0.000530 -0.000705 3156.0
0.000530 -0.000705 3157.0
0.000529 -0.000706 3158.0
0.000529 -0.000706 3159.0
0.000528 -0.000706 3160.0
0.000528 -0.000707 3161.0
0.000527 -0.000707 3162.0
0.000527 -0.000707 3163.0
0.000526 -0.000708 3164.0
0.000526 -0.000708 3165.0
0.000525 -0.000708 3166.0
0.000525 -0.000709 3167.0
0.000524 -0.000709 3168.0
0.000524 -0.000709 3169.0
0.000523 -0.000710 3170.0
0.000523 -0.000710 3171.0
0.000522 -0.000711 3172.0
0.000522 -0.000711 3173.0
0.000521 -0.000711 3174.0
0.000521 -0.000712 3175.0
0.000520 -0.000712 3176.0
0.000520 -0.000712 3177.0
0.000519 -0.000713 3178.0
0.000519 -0.000713 3179.0
0.000518 -0.000713 3180.0
0.000518 -0.000714 3181.0
0.000517 -0.000714 3182.0
0.000516 -0.000714 3183.0
0.000516 -0.000715 3184.0
0.000515 -0.000715 3185.0
0.000515 -0.000715 3186.0
0.000514 -0.000716 3187.0
0.000514 -0.000716 3188.0
0.000513 -0.000716 3189.0
0.000513 -0.000717 3190.0
0.000512 -0.000717 3191.0
0.000512 -0.000717 3192.0
0.000511 -0.000718 3193.0
0.000511 -0.000718 3194.0
0.000510 -0.000719 3195.0
0.000510 -0.000719 3196.0
0.000509 -0.000719 3197.0
0.000509 -0.000720 3198.0
0.000508 -0.000720 3199.0
0.000508 -0.000720 3200.0
0.000507 -0.000721 3201.0
0.000507 -0.000721 3202.0
0.000506 -0.000721 3203.0
0.000506 -0.000722 3204.0
0.000505 -0.000722 3205.0
0.000505 -0.000722 3206.0
0.000503 -0.000718 3207.0
0.000502 -0.000718 3208.0
0.000502 -0.000718 3209.0
0.000501 -0.000718 3210.0
0.000500 -0.000718 3211.0
0.000500 -0.000718 3212.0
0.000499 -0.000718 3213.0
0.000498 -0.000718 3214.0
0.000497 -0.000718 3215.0
0.000497 -0.000718 3216.0
0.000496 -0.000718 3217.0
0.000495 -0.000717 3218.0
0.000495 -0.000717 3219.0
0.000494 -0.000717 3220.0
0.000493 -0.000717 3221.0
0.000493 -0.000717 3222.0
0.000492 -0.000717 3223.0
0.000491 -0.000717 3224.0
0.000491 -0.000717 3225.0
0.000490 -0.000717 3226.0
0.000489 -0.000717 3227.0
0.000488 -0.000717 3228.0
0.000488 -0.000717 3229.0
0.000487 -0.000716 3230.0
0.000486 -0.000716 3231.0
0.000486 -0.000716 3232.0
0.000485 -0.000716 3233.0
0.000484 -0.000716 3234.0
0.000484 -0.000716 3235.0
0.000483 -0.000716 3236.0
0.000482 -0.000716 3237.0
0.000481 -0.000716 3238.0
0.000481 -0.000716 3239.0
0.000480 -0.000716 3240.0
0.000479 -0.000716 3241.0
0.000479 -0.000715 3242.0
0.000478 -0.000715 3243.0
0.000477 -0.000715 3244.0
0.000477 -0.000715 3245.0
0.000476 -0.000715 3246.0
0.000475 -0.000715 3247.0
0.000475 -0.000715 3248.0
0.000474 -0.000715 3249.0
0.000473 -0.000715 3250.0
0.000472 -0.000715 3251.0
0.000472 -0.000715 3252.0
0.000471 -0.000715 3253.0
0.000470 -0.000714 3254.0
0.000470 -0.000714 3255.0
0.000469 -0.000714 3256.0
0.000468 -0.000714 3257.0
0.000468 -0.000714 3258.0
0.000467 -0.000714 3259.0
0.000466 -0.000714 3260.0
0.000466 -0.000714 3261.0
0.000465 -0.000714 3262.0
0.000464 -0.000714 3263.0
0.000463 -0.000714 3264.0
0.000463 -0.000714 3265.0
0.000462 -0.000714 3266.0
0.000462 -0.000714 3267.0
0.000461 -0.000714 3268.0
0.000461 -0.000714 3269.0
0.000460 -0.000714 3270.0
0.000460 -0.000714 3271.0
0.000459 -0.000714 3272.0
0.000458 -0.000714 3273.0
0.000458 -0.000714 3274.0
0.000457 -0.000714 3275.0
0.000456 -0.000714 3276.0
0.000456 -0.000714 3277.0
0.000455 -0.000714 3278.0
0.000455 -0.000714 3279.0
0.000454 -0.000713 3280.0
0.000453 -0.000713 3281.0
0.000453 -0.000713 3282.0
0.000452 -0.000713 3283.0
0.000451 -0.000713 3284.0
0.000451 -0.000713 3285.0
0.000450 -0.000713 3286.0
0.000450 -0.000713 3287.0
0.000449 -0.000713 3288.0
0.000448 -0.000713 3289.0
0.000448 -0.000713 3290.0
0.000447 -0.000713 3291.0
0.000447 -0.000712 3292.0
0.000446 -0.000712 3293.0
0.000445 -0.000712 3294.0
0.000445 -0.000712 3295.0
0.000444 -0.000712 3296.0
0.000443 -0.000712 3297.0
0.000443 -0.000712 3298.0
0.000442 -0.000712 3299.0
0.000442 -0.000712 3300.0
0.000441 -0.000712 3301.0
0.000440 -0.000712 3302.0
0.000440 -0.000712 3303.0
0.000439 -0.000712 3304.0
0.000439 -0.000711 3305.0
0.000438 -0.000711 3306.0
0.000437 -0.000711 3307.0
0.000437 -0.000711 3308.0
0.000436 -0.000711 3309.0
0.000435 -0.000711 3310.0
0.000435 -0.000711 3311.0
0.000434 -0.000711 3312.0
0.000434 -0.000711 3313.0
0.000433 -0.000711 3314.0
0.000432 -0.000711 3315.0
0.000432 -0.000711 3316.0
0.000431 -0.000710 3317.0
0.000431 -0.000710 3318.0
0.000430 -0.000710 3319.0
0.000429 -0.000710 3320.0
0.000429 -0.000710 3321.0
0.000428 -0.000710 3322.0
0.000427 -0.000710 3323.0
0.000427 -0.000710 3324.0
0.000426 -0.000710 3325.0
0.000426 -0.000710 3326.0
0.000425 -0.000710 3327.0
0.000425 -0.000711 3328.0
0.000425 -0.000711 3329.0
0.000425 -0.000712 3330.0
0.000425 -0.000713 3331.0
0.000425 -0.000713 3332.0
0.000425 -0.000714 3333.0
0.000425 -0.000715 3334.0
0.000425 -0.000716 3335.0
0.000424 -0.000716 3336.0
0.000424 -0.000717 3337.0
0.000424 -0.000718 3338.0
0.000424 -0.000718 3339.0
0.000424 -0.000719 3340.0
0.000424 -0.000720 3341.0
0.000424 -0.000720 3342.0
0.000424 -0.000721 3343.0
0.000424 -0.000722 3344.0
0.000424 -0.000723 3345.0
0.000424 -0.000723 3346.0
0.000424 -0.000724 3347.0
0.000424 -0.000725 3348.0
0.000424 -0.000725 3349.0
0.000424 -0.000726 3350.0
0.000424 -0.000727 3351.0
0.000424 -0.000727 3352.0
0.000424 -0.000728 3353.0
0.000423 -0.000729 3354.0
0.000423 -0.000730 3355.0
0.000423 -0.000730 3356.0
0.000423 -0.000731 3357.0
0.000423 -0.000732 3358.0
0.000423 -0.000732 3359.0
0.000423 -0.000733 3360.0
0.000423 -0.000734 3361.0
0.000423 -0.000734 3362.0
0.000423 -0.000735 3363.0
0.000423 -0.000736 3364.0
0.000423 -0.000737 3365.0
0.000423 -0.000737 3366.0
0.000423 -0.000738 3367.0
0.000423 -0.000739 3368.0
0.000423 -0.000739 3369.0
0.000423 -0.000740 3370.0
0.000423 -0.000741 3371.0
0.000422 -0.000741 3372.0
0.000422 -0.000742 3373.0
0.000422 -0.000743 3374.0
0.000422 -0.000744 3375.0
0.000422 -0.000744 3376.0
0.000422 -0.000745 3377.0
0.000422 -0.000746 3378.0
0.000422 -0.000746 3379.0
0.000422 -0.000747 3380.0
0.000422 -0.000748 3381.0
0.000422 -0.000748 3382.0
0.000421 -0.000748 3383.0
0.000422 -0.000749 3384.0
0.000422 -0.000749 3385.0
0.000422 -0.000749 3386.0
0.000423 -0.000750 3387.0
0.000423 -0.000750 3388.0
0.000423 -0.000750 3389.0
0.000424 -0.000751 3390.0
0.000424 -0.000751 3391.0
0.000424 -0.000751 3392.0
0.000425 -0.000751 3393.0
0.000425 -0.000752 3394.0
0.000426 -0.000752 3395.0
0.000426 -0.000752 3396.0
0.000426 -0.000753 3397.0
0.000427 -0.000753 3398.0
0.000427 -0.000753 3399.0
0.000427 -0.000754 3400.0
0.000428 -0.000754 3401.0
0.000428 -0.000754 3402.0
0.000429 -0.000754 3403.0
0.000429 -0.000755 3404.0
0.000429 -0.000755 3405.0
0.000430 -0.000755 3406.0
0.000430 -0.000756 3407.0
0.000430 -0.000756 3408.0
0.000431 -0.000756 3409.0
0.000431 -0.000757 3410.0
0.000431 -0.000757 3411.0
0.000432 -0.000757 3412.0
0.000432 -0.000758 3413.0
0.000433 -0.000758 3414.0
0.000433 -0.000758 3415.0
0.000433 -0.000758 3416.0
0.000434 -0.000759 3417.0
0.000434 -0.000759 3418.0
0.000434 -0.000759 3419.0
0.000435 -0.000760 3420.0
0.000435 -0.000760 3421.0
0.000436 -0.000760 3422.0
0.000436 -0.000761 3423.0
0.000436 -0.000761 3424.0
0.000437 -0.000761 3425.0
0.000437 -0.000761 3426.0
0.000437 -0.000762 3427.0
0.000438 -0.000762 3428.0
0.000438 -0.000762 3429.0
0.000438 -0.000763 3430.0
0.000439 -0.000763 3431.0
0.000439 -0.000763 3432.0
0.000440 -0.000764 3433.0
0.000440 -0.000764 3434.0
0.000440 -0.000764 3435.0
0.000441 -0.000765 3436.0
0.000441 -0.000765 3437.0
0.000441 -0.000765 3438.0
0.000442 -0.000765 3439.0
0.000442 -0.000766 3440.0
0.000443 -0.000766 3441.0
0.000443 -0.000766 3442.0
0.000444 -0.000764 3443.0
0.000445 -0.000763 3444.0
0.000445 -0.000763 3445.0
0.000446 -0.000763 3446.0
0.000447 -0.000763 3447.0
0.000447 -0.000763 3448.0
0.000448 -0.000763 3449.0
0.000449 -0.000763 3450.0
0.000449 -0.000763 3451.0
0.000450 -0.000762 3452.0
0.000450 -0.000762 3453.0
0.000451 -0.000762 3454.0
0.000452 -0.000762 3455.0
0.000452 -0.000762 3456.0
0.000453 -0.000762 3457.0
0.000454 -0.000762 3458.0
0.000454 -0.000762 3459.0
0.000455 -0.000761 3460.0
0.000455 -0.000761 3461.0
0.000456 -0.000761 3462.0
0.000457 -0.000761 3463.0
0.000457 -0.000761 3464.0
0.000458 -0.000761 3465.0
0.000459 -0.000761 3466.0
0.000459 -0.000760 3467.0
0.000460 -0.000760 3468.0
0.000460 -0.000760 3469.0
0.000461 -0.000760 3470.0
0.000462 -0.000760 3471.0
0.000462 -0.000760 3472.0
0.000463 -0.000760 3473.0
0.000463 -0.000760 3474.0
0.000464 -0.000759 3475.0
0.000465 -0.000759 3476.0
0.000465 -0.000759 3477.0
0.000466 -0.000759 3478.0
0.000467 -0.000759 3479.0
0.000467 -0.000759 3480.0
0.000468 -0.000759 3481.0
0.000468 -0.000759 3482.0
0.000469 -0.000758 3483.0
0.000470 -0.000758 3484.0
0.000470 -0.000758 3485.0
0.000471 -0.000758 3486.0
0.000472 -0.000758 3487.0
0.000472 -0.000758 3488.0
0.000473 -0.000758 3489.0
0.000473 -0.000758 3490.0
0.000474 -0.000757 3491.0
0.000475 -0.000757 3492.0
0.000475 -0.000757 3493.0
0.000476 -0.000757 3494.0
0.000477 -0.000757 3495.0
0.000477 -0.000757 3496.0
0.000478 -0.000757 3497.0
0.000478 -0.000757 3498.0
0.000479 -0.000756 3499.0
0.000479 -0.000758 3500.0
0.000479 -0.000757 3501.0
0.000480 -0.000757 3502.0
0.000480 -0.000757 3503.0
0.000480 -0.000756 3504.0
0.000481 -0.000756 3505.0
0.000481 -0.000755 3506.0
0.000481 -0.000755 3507.0
0.000481 -0.000755 3508.0
0.000482 -0.000754 3509.0
0.000482 -0.000754 3510.0
0.000482 -0.000753 3511.0
0.000482 -0.000753 3512.0
0.000483 -0.000753 3513.0
0.000483 -0.000752 3514.0
0.000483 -0.000752 3515.0
0.000483 -0.000751 3516.0
0.000484 -0.000751 3517.0
0.000484 -0.000751 3518.0
0.000484 -0.000750 3519.0
0.000484 -0.000750 3520.0
0.000485 -0.000749 3521.0
0.000485 -0.000749 3522.0
0.000485 -0.000748 3523.0
0.000486 -0.000748 3524.0
0.000486 -0.000748 3525.0
0.000486 -0.000747 3526.0
0.000486 -0.000747 3527.0
0.000487 -0.000746 3528.0
0.000487 -0.000746 3529.0
0.000487 -0.000746 3530.0
0.000487 -0.000745 3531.0
0.000488 -0.000745 3532.0
0.000488 -0.000744 3533.0
0.000488 -0.000744 3534.0
0.000488 -0.000744 3535.0
0.000489 -0.000743 3536.0
0.000489 -0.000743 3537.0
0.000489 -0.000742 3538.0
0.000489 -0.000742 3539.0
0.000490 -0.000742 3540.0
0.000490 -0.000741 3541.0
0.000490 -0.000741 3542.0
0.000491 -0.000740 3543.0
0.000491 -0.000740 3544.0
0.000491 -0.000739 3545.0
0.000491 -0.000739 3546.0
0.000492 -0.000739 3547.0
0.000492 -0.000738 3548.0
0.000492 -0.000738 3549.0
0.000492 -0.000737 3550.0
0.000493 -0.000737 3551.0
0.000493 -0.000737 3552.0
0.000493 -0.000736 3553.0
0.000493 -0.000736 3554.0
0.000494 -0.000735 3555.0
0.000494 -0.000735 3556.0
0.000494 -0.000735 3557.0
0.000494 -0.000734 3558.0
0.000495 -0.000734 3559.0
0.000495 -0.000733 3560.0
0.000497 -0.000736 3561.0
