0.000614 -0.000628 52.0
0.000615 -0.000628 53.0
0.000616 -0.000628 54.0
0.000617 -0.000628 55.0
0.000617 -0.000628 56.0
0.000618 -0.000629 57.0
0.000619 -0.000629 58.0
0.000619 -0.000629 59.0
0.000620 -0.000629 60.0
0.000621 -0.000629 61.0
0.000622 -0.000629 62.0
0.000622 -0.000630 63.0
0.000623 -0.000630 64.0
0.000624 -0.000630 65.0
0.000625 -0.000630 66.0
0.000625 -0.000630 67.0
0.000626 -0.000631 68.0
0.000627 -0.000631 69.0
0.000628 -0.000631 70.0
0.000628 -0.000631 71.0
0.000629 -0.000631 72.0
0.000630 -0.000632 73.0
0.000630 -0.000632 74.0
0.000631 -0.000632 75.0
0.000632 -0.000632 76.0
0.000633 -0.000632 77.0
0.000633 -0.000632 78.0
0.000634 -0.000633 79.0
0.000635 -0.000633 80.0
0.000636 -0.000633 81.0
0.000636 -0.000633 82.0
0.000637 -0.000633 83.0
0.000638 -0.000634 84.0
0.000639 -0.000634 85.0
0.000639 -0.000634 86.0
0.000640 -0.000634 87.0
0.000641 -0.000634 88.0
0.000641 -0.000635 89.0
0.000642 -0.000635 90.0
0.000643 -0.000635 91.0
0.000644 -0.000635 92.0
0.000644 -0.000635 93.0
0.000645 -0.000635 94.0
0.000646 -0.000636 95.0
0.000647 -0.000636 96.0
0.000647 -0.000636 97.0
0.000648 -0.000636 98.0
0.000649 -0.000636 99.0
0.000650 -0.000637 100.0
0.000650 -0.000637 101.0
0.000651 -0.000637 102.0
0.000652 -0.000637 103.0
0.000652 -0.000637 104.0
0.000653 -0.000637 105.0
0.000654 -0.000638 106.0
0.000655 -0.000638 107.0
0.000655 -0.000638 108.0
0.000656 -0.000638 109.0
0.000657 -0.000638 110.0
0.000658 -0.000639 111.0
0.000658 -0.000639 112.0
0.000659 -0.000639 113.0
0.000660 -0.000639 114.0
0.000661 -0.000639 115.0
0.000661 -0.000640 116.0
0.000662 -0.000637 117.0
0.000662 -0.000638 118.0
0.000662 -0.000638 119.0
0.000663 -0.000638 120.0
0.000663 -0.000639 121.0
0.000664 -0.000639 122.0
0.000664 -0.000639 123.0
0.000665 -0.000640 124.0
0.000665 -0.000640 125.0
0.000665 -0.000640 126.0
0.000666 -0.000641 127.0
0.000666 -0.000641 128.0
0.000667 -0.000641 129.0
0.000667 -0.000642 130.0
0.000667 -0.000642 131.0
0.000668 -0.000642 132.0
0.000668 -0.000643 133.0
0.000669 -0.000643 134.0
0.000669 -0.000643 135.0
0.000670 -0.000644 136.0
0.000670 -0.000644 137.0
0.000670 -0.000644 138.0
0.000671 -0.000645 139.0
0.000671 -0.000645 140.0
0.000672 -0.000645 141.0
0.000672 -0.000646 142.0
0.000672 -0.000646 143.0
0.000673 -0.000646 144.0
0.000673 -0.000647 145.0
0.000674 -0.000647 146.0
0.000674 -0.000647 147.0
0.000675 -0.000648 148.0
0.000675 -0.000648 149.0
0.000675 -0.000648 150.0
0.000676 -0.000649 151.0
0.000676 -0.000649 152.0
0.000677 -0.000649 153.0
0.000677 -0.000650 154.0
0.000677 -0.000650 155.0
0.000678 -0.000650 156.0
0.000678 -0.000651 157.0
0.000679 -0.000651 158.0
0.000679 -0.000651 159.0
0.000680 -0.000652 160.0
0.000680 -0.000652 161.0
0.000680 -0.000653 162.0
0.000681 -0.000653 163.0
0.000681 -0.000653 164.0
0.000682 -0.000654 165.0
0.000682 -0.000654 166.0
0.000682 -0.000654 167.0
0.000683 -0.000655 168.0
0.000683 -0.000655 169.0
0.000684 -0.000655 170.0
0.000684 -0.000656 171.0
0.000685 -0.000656 172.0
0.000685 -0.000656 173.0
0.000685 -0.000657 174.0
0.000687 -0.000654 175.0
0.000687 -0.000654 176.0
0.000687 -0.000654 177.0
0.000687 -0.000655 178.0
0.000687 -0.000655 179.0
0.000687 -0.000656 180.0
0.000687 -0.000656 181.0
0.000687 -0.000657 182.0
0.000687 -0.000657 183.0
0.000686 -0.000658 184.0
0.000686 -0.000658 185.0
0.000686 -0.000659 186.0
0.000686 -0.000659 187.0
0.000686 -0.000659 188.0
0.000686 -0.000660 189.0
0.000686 -0.000660 190.0
0.000686 -0.000661 191.0
0.000686 -0.000661 192.0
0.000686 -0.000662 193.0
0.000686 -0.000662 194.0
0.000686 -0.000663 195.0
0.000686 -0.000663 196.0
0.000686 -0.000663 197.0
0.000686 -0.000664 198.0
0.000686 -0.000664 199.0
0.000686 -0.000665 200.0
0.000686 -0.000665 201.0
0.000686 -0.000666 202.0
0.000686 -0.000666 203.0
0.000686 -0.000667 204.0
0.000686 -0.000667 205.0
0.000686 -0.000668 206.0
0.000686 -0.000668 207.0
0.000686 -0.000668 208.0
0.000686 -0.000669 209.0
0.000686 -0.000669 210.0
0.000686 -0.000670 211.0
0.000686 -0.000670 212.0
0.000686 -0.000671 213.0
0.000685 -0.000671 214.0
0.000685 -0.000672 215.0
0.000685 -0.000672 216.0
0.000685 -0.000672 217.0
0.000685 -0.000673 218.0
0.000685 -0.000673 219.0
0.000685 -0.000674 220.0
0.000685 -0.000674 221.0
0.000685 -0.000675 222.0
0.000685 -0.000675 223.0
0.000685 -0.000676 224.0
0.000685 -0.000676 225.0
0.000685 -0.000677 226.0
0.000685 -0.000677 227.0
0.000685 -0.000677 228.0
0.000685 -0.000678 229.0
0.000685 -0.000678 230.0
0.000685 -0.000679 231.0
0.000685 -0.000679 232.0
0.000684 -0.000679 233.0
0.000684 -0.000681 234.0
0.000684 -0.000682 235.0
0.000684 -0.000684 236.0
0.000684 -0.000686 237.0
0.000683 -0.000687 238.0
0.000683 -0.000689 239.0
0.000683 -0.000690 240.0
0.000683 -0.000692 241.0
0.000683 -0.000693 242.0
0.000683 -0.000695 243.0
0.000682 -0.000697 244.0
0.000682 -0.000698 245.0
0.000682 -0.000700 246.0
0.000682 -0.000701 247.0
0.000682 -0.000703 248.0
0.000681 -0.000705 249.0
0.000681 -0.000706 250.0
0.000681 -0.000708 251.0
0.000681 -0.000709 252.0
0.000681 -0.000711 253.0
0.000681 -0.000713 254.0
0.000680 -0.000714 255.0
0.000680 -0.000716 256.0
0.000680 -0.000717 257.0
0.000680 -0.000719 258.0
0.000680 -0.000721 259.0
0.000679 -0.000722 260.0
0.000679 -0.000724 261.0
0.000679 -0.000725 262.0
0.000679 -0.000727 263.0
0.000679 -0.000729 264.0
0.000679 -0.000730 265.0
0.000678 -0.000732 266.0
0.000678 -0.000733 267.0
0.000678 -0.000735 268.0
0.000678 -0.000737 269.0
0.000678 -0.000738 270.0
0.000677 -0.000740 271.0
0.000677 -0.000741 272.0
0.000677 -0.000743 273.0
0.000677 -0.000744 274.0
0.000677 -0.000746 275.0
0.000677 -0.000748 276.0
0.000676 -0.000749 277.0
0.000676 -0.000751 278.0
0.000676 -0.000752 279.0
0.000676 -0.000754 280.0
0.000676 -0.000756 281.0
0.000675 -0.000757 282.0
0.000675 -0.000759 283.0
0.000675 -0.000760 284.0
0.000675 -0.000762 285.0
0.000675 -0.000764 286.0
0.000675 -0.000765 287.0
0.000674 -0.000767 288.0
0.000674 -0.000768 289.0
0.000674 -0.000770 290.0
0.000674 -0.000772 291.0
0.000674 -0.000773 292.0
0.000671 -0.000773 293.0
0.000671 -0.000773 294.0
0.000671 -0.000774 295.0
0.000672 -0.000774 296.0
0.000672 -0.000775 297.0
0.000672 -0.000776 298.0
0.000672 -0.000776 299.0
0.000673 -0.000777 300.0
0.000673 -0.000777 301.0
0.000673 -0.000778 302.0
0.000673 -0.000779 303.0
0.000673 -0.000779 304.0
0.000674 -0.000780 305.0
0.000674 -0.000780 306.0
0.000674 -0.000781 307.0
0.000674 -0.000782 308.0
0.000674 -0.000782 309.0
0.000675 -0.000783 310.0
0.000675 -0.000783 311.0
0.000675 -0.000784 312.0
0.000675 -0.000784 313.0
0.000676 -0.000785 314.0
0.000676 -0.000786 315.0
0.000676 -0.000786 316.0
0.000676 -0.000787 317.0
0.000676 -0.000787 318.0
0.000677 -0.000788 319.0
0.000677 -0.000789 320.0
0.000677 -0.000789 321.0
0.000677 -0.000790 322.0
0.000678 -0.000790 323.0
0.000678 -0.000791 324.0
0.000678 -0.000792 325.0
0.000678 -0.000792 326.0
0.000678 -0.000793 327.0
0.000679 -0.000793 328.0
0.000679 -0.000794 329.0
0.000679 -0.000795 330.0
0.000679 -0.000795 331.0
0.000680 -0.000796 332.0
0.000680 -0.000796 333.0
0.000680 -0.000797 334.0
0.000680 -0.000797 335.0
0.000680 -0.000798 336.0
0.000681 -0.000799 337.0
0.000681 -0.000799 338.0
0.000681 -0.000800 339.0
0.000681 -0.000800 340.0
0.000682 -0.000801 341.0
0.000682 -0.000802 342.0
0.000682 -0.000802 343.0
0.000682 -0.000803 344.0
0.000682 -0.000803 345.0
0.000683 -0.000804 346.0
0.000683 -0.000805 347.0
0.000683 -0.000805 348.0
0.000683 -0.000806 349.0
0.000684 -0.000806 350.0
0.000684 -0.000807 351.0
0.000684 -0.000808 352.0
0.000684 -0.000808 353.0
0.000684 -0.000809 354.0
0.000685 -0.000809 355.0
0.000685 -0.000810 356.0
0.000685 -0.000811 357.0
0.000685 -0.000811 358.0
0.000686 -0.000812 359.0
0.000686 -0.000812 360.0
0.000686 -0.000813 361.0
0.000686 -0.000813 362.0
0.000689 -0.000812 363.0
0.000689 -0.000812 364.0
0.000690 -0.000812 365.0
0.000690 -0.000812 366.0
0.000691 -0.000812 367.0
0.000691 -0.000812 368.0
0.000691 -0.000812 369.0
0.000692 -0.000812 370.0
0.000692 -0.000812 371.0
0.000692 -0.000812 372.0
0.000693 -0.000812 373.0
0.000693 -0.000812 374.0
0.000693 -0.000813 375.0
0.000694 -0.000813 376.0
0.000694 -0.000813 377.0
0.000694 -0.000813 378.0
0.000695 -0.000813 379.0
0.000695 -0.000813 380.0
0.000695 -0.000813 381.0
0.000696 -0.000813 382.0
0.000696 -0.000813 383.0
0.000696 -0.000813 384.0
0.000697 -0.000813 385.0
0.000697 -0.000813 386.0
0.000697 -0.000814 387.0
0.000698 -0.000814 388.0
0.000698 -0.000814 389.0
0.000699 -0.000814 390.0
0.000699 -0.000814 391.0
0.000699 -0.000814 392.0
0.000700 -0.000814 393.0
0.000700 -0.000814 394.0
0.000700 -0.000814 395.0
0.000701 -0.000814 396.0
0.000701 -0.000814 397.0
0.000701 -0.000814 398.0
0.000702 -0.000815 399.0
0.000702 -0.000815 400.0
0.000702 -0.000815 401.0
0.000703 -0.000815 402.0
0.000703 -0.000815 403.0
0.000703 -0.000815 404.0
0.000704 -0.000815 405.0
0.000704 -0.000815 406.0
0.000704 -0.000815 407.0
0.000705 -0.000815 408.0
0.000705 -0.000815 409.0
0.000706 -0.000816 410.0
0.000706 -0.000816 411.0
0.000706 -0.000816 412.0
0.000707 -0.000816 413.0
0.000707 -0.000815 414.0
0.000707 -0.000815 415.0
0.000707 -0.000815 416.0
0.000707 -0.000815 417.0
0.000707 -0.000815 418.0
0.000707 -0.000815 419.0
0.000707 -0.000815 420.0
0.000707 -0.000815 421.0
0.000707 -0.000815 422.0
0.000707 -0.000815 423.0
0.000707 -0.000815 424.0
0.000707 -0.000815 425.0
0.000707 -0.000815 426.0
0.000707 -0.000815 427.0
0.000707 -0.000815 428.0
0.000707 -0.000815 429.0
0.000707 -0.000815 430.0
0.000707 -0.000815 431.0
0.000707 -0.000815 432.0
0.000707 -0.000815 433.0
0.000707 -0.000815 434.0
0.000707 -0.000815 435.0
0.000707 -0.000815 436.0
0.000707 -0.000815 437.0
0.000707 -0.000815 438.0
0.000707 -0.000815 439.0
0.000707 -0.000815 440.0
0.000707 -0.000815 441.0
0.000707 -0.000815 442.0
0.000707 -0.000815 443.0
0.000708 -0.000815 444.0
0.000708 -0.000815 445.0
0.000708 -0.000815 446.0
0.000708 -0.000815 447.0
0.000708 -0.000815 448.0
0.000708 -0.000815 449.0
0.000708 -0.000815 450.0
0.000708 -0.000815 451.0
0.000708 -0.000815 452.0
0.000708 -0.000815 453.0
0.000708 -0.000815 454.0
0.000708 -0.000815 455.0
0.000708 -0.000815 456.0
0.000708 -0.000815 457.0
0.000708 -0.000815 458.0
0.000708 -0.000815 459.0
0.000708 -0.000815 460.0
0.000708 -0.000815 461.0
0.000708 -0.000815 462.0
0.000708 -0.000815 463.0
0.000708 -0.000815 464.0
0.000708 -0.000815 465.0
0.000708 -0.000815 466.0
0.000708 -0.000815 467.0
0.000708 -0.000815 468.0
0.000708 -0.000815 469.0
0.000708 -0.000815 470.0
0.000708 -0.000815 471.0
0.000708 -0.000815 472.0
0.000708 -0.000815 473.0
0.000708 -0.000815 474.0
0.000708 -0.000815 475.0
0.000708 -0.000815 476.0
0.000708 -0.000815 477.0
0.000708 -0.000815 478.0
0.000708 -0.000815 479.0
0.000708 -0.000815 480.0
0.000708 -0.000815 481.0
0.000708 -0.000815 482.0
0.000708 -0.000815 483.0
0.000708 -0.000815 484.0
0.000708 -0.000815 485.0
0.000708 -0.000815 486.0
0.000708 -0.000815 487.0
0.000708 -0.000815 488.0
0.000708 -0.000815 489.0
0.000708 -0.000815 490.0
0.000708 -0.000815 491.0
0.000708 -0.000815 492.0
0.000708 -0.000815 493.0
0.000708 -0.000815 494.0
0.000708 -0.000815 495.0
0.000708 -0.000815 496.0
0.000708 -0.000815 497.0
0.000708 -0.000815 498.0
0.000708 -0.000815 499.0
0.000708 -0.000815 500.0
0.000708 -0.000815 501.0
0.000708 -0.000815 502.0
0.000708 -0.000815 503.0
0.000708 -0.000815 504.0
0.000708 -0.000815 505.0
0.000708 -0.000815 506.0
0.000708 -0.000815 507.0
0.000708 -0.000815 508.0
0.000708 -0.000815 509.0
0.000708 -0.000815 510.0
0.000708 -0.000815 511.0
0.000708 -0.000815 512.0
0.000708 -0.000815 513.0
0.000708 -0.000815 514.0
0.000708 -0.000815 515.0
0.000708 -0.000815 516.0
0.000708 -0.000815 517.0
0.000708 -0.000815 518.0
0.000708 -0.000815 519.0
0.000708 -0.000815 520.0
0.000708 -0.000815 521.0
0.000708 -0.000815 522.0
0.000708 -0.000815 523.0
0.000708 -0.000815 524.0
0.000708 -0.000815 525.0
0.000708 -0.000815 526.0
0.000708 -0.000815 527.0
0.000708 -0.000815 528.0
0.000708 -0.000815 529.0
0.000708 -0.000815 530.0
0.000708 -0.000815 531.0
0.000708 -0.000815 532.0
0.000708 -0.000815 533.0
0.000708 -0.000815 534.0
0.000708 -0.000815 535.0
0.000708 -0.000815 536.0
0.000708 -0.000815 537.0
0.000708 -0.000815 538.0
0.000708 -0.000815 539.0
0.000708 -0.000815 540.0
0.000708 -0.000815 541.0
0.000708 -0.000815 542.0
0.000708 -0.000815 543.0
0.000708 -0.000815 544.0
0.000708 -0.000815 545.0
0.000708 -0.000815 546.0
0.000708 -0.000815 547.0
0.000708 -0.000815 548.0
0.000708 -0.000815 549.0
0.000709 -0.000814 550.0
0.000709 -0.000814 551.0
0.000709 -0.000814 552.0
0.000709 -0.000814 553.0
0.000709 -0.000814 554.0
0.000709 -0.000813 555.0
0.000709 -0.000813 556.0
0.000709 -0.000813 557.0
0.000709 -0.000813 558.0
0.000709 -0.000813 559.0
0.000709 -0.000812 560.0
0.000709 -0.000812 561.0
0.000709 -0.000812 562.0
0.000709 -0.000812 563.0
0.000709 -0.000812 564.0
0.000709 -0.000811 565.0
0.000709 -0.000811 566.0
0.000709 -0.000811 567.0
0.000710 -0.000811 568.0
0.000710 -0.000811 569.0
0.000710 -0.000810 570.0
0.000710 -0.000810 571.0
0.000710 -0.000810 572.0
0.000710 -0.000810 573.0
0.000710 -0.000810 574.0
0.000710 -0.000809 575.0
0.000710 -0.000809 576.0
0.000710 -0.000809 577.0
0.000710 -0.000809 578.0
0.000710 -0.000809 579.0
0.000710 -0.000808 580.0
0.000710 -0.000808 581.0
0.000710 -0.000808 582.0
0.000710 -0.000808 583.0
0.000711 -0.000808 584.0
0.000711 -0.000808 585.0
0.000711 -0.000808 586.0
0.000711 -0.000808 587.0
0.000712 -0.000808 588.0
0.000712 -0.000808 589.0
0.000712 -0.000808 590.0
0.000712 -0.000808 591.0
0.000713 -0.000807 592.0
0.000713 -0.000807 593.0
0.000713 -0.000807 594.0
0.000713 -0.000807 595.0
0.000713 -0.000807 596.0
0.000714 -0.000807 597.0
0.000714 -0.000807 598.0
0.000714 -0.000807 599.0
0.000714 -0.000807 600.0
0.000714 -0.000807 601.0
0.000715 -0.000807 602.0
0.000715 -0.000807 603.0
0.000715 -0.000807 604.0
0.000715 -0.000806 605.0
0.000716 -0.000806 606.0
0.000716 -0.000806 607.0
0.000716 -0.000806 608.0
0.000716 -0.000806 609.0
0.000716 -0.000806 610.0
0.000717 -0.000806 611.0
0.000717 -0.000806 612.0
0.000717 -0.000806 613.0
0.000717 -0.000806 614.0
0.000717 -0.000806 615.0
0.000718 -0.000806 616.0
0.000718 -0.000806 617.0
0.000718 -0.000805 618.0
0.000718 -0.000805 619.0
0.000719 -0.000805 620.0
0.000719 -0.000805 621.0
0.000719 -0.000805 622.0
0.000719 -0.000805 623.0
0.000719 -0.000805 624.0
0.000720 -0.000805 625.0
0.000720 -0.000805 626.0
0.000720 -0.000805 627.0
0.000720 -0.000805 628.0
0.000720 -0.000805 629.0
0.000721 -0.000805 630.0
0.000721 -0.000805 631.0
0.000721 -0.000804 632.0
0.000721 -0.000805 633.0
0.000722 -0.000805 634.0
0.000722 -0.000805 635.0
0.000722 -0.000805 636.0
0.000722 -0.000805 637.0
0.000723 -0.000805 638.0
0.000723 -0.000805 639.0
0.000723 -0.000805 640.0
0.000724 -0.000805 641.0
0.000724 -0.000805 642.0
0.000724 -0.000805 643.0
0.000725 -0.000805 644.0
0.000725 -0.000806 645.0
0.000725 -0.000806 646.0
0.000726 -0.000806 647.0
0.000726 -0.000806 648.0
0.000726 -0.000806 649.0
0.000726 -0.000806 650.0
0.000727 -0.000806 651.0
0.000727 -0.000806 652.0
0.000727 -0.000806 653.0
0.000728 -0.000806 654.0
0.000728 -0.000806 655.0
0.000728 -0.000806 656.0
0.000729 -0.000806 657.0
0.000729 -0.000806 658.0
0.000729 -0.000806 659.0
0.000730 -0.000806 660.0
0.000730 -0.000806 661.0
0.000730 -0.000806 662.0
0.000730 -0.000806 663.0
0.000731 -0.000806 664.0
0.000731 -0.000806 665.0
0.000731 -0.000806 666.0
0.000732 -0.000806 667.0
0.000732 -0.000806 668.0
0.000732 -0.000806 669.0
0.000733 -0.000806 670.0
0.000733 -0.000806 671.0
0.000733 -0.000806 672.0
0.000733 -0.000806 673.0
0.000734 -0.000806 674.0
0.000734 -0.000806 675.0
0.000734 -0.000806 676.0
0.000735 -0.000806 677.0
0.000735 -0.000807 678.0
0.000735 -0.000807 679.0
0.000736 -0.000807 680.0
0.000736 -0.000807 681.0
0.000736 -0.000807 682.0
0.000737 -0.000807 683.0
0.000737 -0.000807 684.0
0.000737 -0.000807 685.0
0.000737 -0.000807 686.0
0.000738 -0.000807 687.0
0.000738 -0.000807 688.0
0.000738 -0.000807 689.0
0.000739 -0.000807 690.0
0.000739 -0.000807 691.0
0.000739 -0.000807 692.0
0.000739 -0.000807 693.0
0.000739 -0.000807 694.0
0.000739 -0.000807 695.0
0.000739 -0.000807 696.0
0.000739 -0.000807 697.0
0.000739 -0.000807 698.0
0.000739 -0.000807 699.0
0.000739 -0.000807 700.0
0.000739 -0.000807 701.0
0.000739 -0.000807 702.0
0.000739 -0.000807 703.0
0.000739 -0.000807 704.0
0.000739 -0.000807 705.0
0.000739 -0.000807 706.0
0.000739 -0.000806 707.0
0.000739 -0.000806 708.0
0.000739 -0.000806 709.0
0.000739 -0.000806 710.0
0.000739 -0.000806 711.0
0.000739 -0.000806 712.0
0.000739 -0.000806 713.0
0.000739 -0.000806 714.0
0.000739 -0.000806 715.0
0.000739 -0.000806 716.0
0.000739 -0.000806 717.0
0.000739 -0.000806 718.0
0.000739 -0.000806 719.0
0.000739 -0.000806 720.0
0.000739 -0.000806 721.0
0.000739 -0.000806 722.0
0.000739 -0.000806 723.0
0.000739 -0.000806 724.0
0.000739 -0.000806 725.0
0.000739 -0.000806 726.0
0.000739 -0.000806 727.0
0.000739 -0.000806 728.0
0.000739 -0.000806 729.0
0.000739 -0.000806 730.0
0.000739 -0.000806 731.0
0.000739 -0.000806 732.0
0.000739 -0.000806 733.0
0.000739 -0.000806 734.0
0.000739 -0.000806 735.0
0.000739 -0.000806 736.0
0.000739 -0.000806 737.0
0.000739 -0.000806 738.0
0.000739 -0.000806 739.0
0.000739 -0.000806 740.0
0.000739 -0.000806 741.0
0.000739 -0.000806 742.0
0.000739 -0.000806 743.0
0.000739 -0.000806 744.0
0.000739 -0.000806 745.0
0.000739 -0.000806 746.0
0.000739 -0.000806 747.0
0.000739 -0.000806 748.0
0.000739 -0.000806 749.0
0.000739 -0.000806 750.0
0.000739 -0.000806 751.0
0.000739 -0.000806 752.0
0.000739 -0.000806 753.0
0.000740 -0.000806 754.0
0.000740 -0.000805 755.0
0.000740 -0.000805 756.0
0.000740 -0.000804 757.0
0.000740 -0.000804 758.0
0.000740 -0.000804 759.0
0.000740 -0.000803 760.0
0.000741 -0.000803 761.0
0.000741 -0.000803 762.0
0.000741 -0.000802 763.0
0.000741 -0.000802 764.0
0.000741 -0.000801 765.0
0.000741 -0.000801 766.0
0.000741 -0.000801 767.0
0.000741 -0.000800 768.0
0.000742 -0.000800 769.0
0.000742 -0.000799 770.0
0.000742 -0.000799 771.0
0.000742 -0.000799 772.0
0.000742 -0.000798 773.0
0.000742 -0.000798 774.0
0.000742 -0.000797 775.0
0.000743 -0.000797 776.0
0.000743 -0.000797 777.0
0.000743 -0.000796 778.0
0.000743 -0.000796 779.0
0.000743 -0.000795 780.0
0.000743 -0.000795 781.0
0.000743 -0.000795 782.0
0.000744 -0.000794 783.0
0.000744 -0.000794 784.0
0.000744 -0.000794 785.0
0.000744 -0.000793 786.0
0.000744 -0.000793 787.0
0.000744 -0.000792 788.0
0.000744 -0.000792 789.0
0.000745 -0.000792 790.0
0.000745 -0.000791 791.0
0.000745 -0.000791 792.0
0.000745 -0.000790 793.0
0.000745 -0.000790 794.0
0.000745 -0.000790 795.0
0.000745 -0.000789 796.0
0.000746 -0.000789 797.0
0.000746 -0.000788 798.0
0.000746 -0.000788 799.0
0.000746 -0.000788 800.0
0.000746 -0.000787 801.0
0.000746 -0.000787 802.0
0.000746 -0.000786 803.0
0.000747 -0.000786 804.0
0.000747 -0.000786 805.0
0.000747 -0.000785 806.0
0.000747 -0.000785 807.0
0.000747 -0.000784 808.0
0.000747 -0.000784 809.0
0.000747 -0.000784 810.0
0.000747 -0.000783 811.0
0.000749 -0.000784 812.0
0.000749 -0.000784 813.0
0.000749 -0.000784 814.0
0.000749 -0.000784 815.0
0.000749 -0.000783 816.0
0.000748 -0.000783 817.0
0.000748 -0.000783 818.0
0.000748 -0.000783 819.0
0.000748 -0.000782 820.0
0.000748 -0.000782 821.0
0.000748 -0.000782 822.0
0.000747 -0.000782 823.0
0.000747 -0.000781 824.0
0.000747 -0.000781 825.0
0.000747 -0.000781 826.0
0.000747 -0.000781 827.0
0.000747 -0.000781 828.0
0.000747 -0.000780 829.0
0.000746 -0.000780 830.0
0.000746 -0.000780 831.0
0.000746 -0.000780 832.0
0.000746 -0.000779 833.0
0.000746 -0.000779 834.0
0.000746 -0.000779 835.0
0.000746 -0.000779 836.0
0.000745 -0.000778 837.0
0.000745 -0.000778 838.0
0.000745 -0.000778 839.0
0.000745 -0.000778 840.0
0.000745 -0.000777 841.0
0.000745 -0.000777 842.0
0.000744 -0.000777 843.0
0.000744 -0.000777 844.0
0.000744 -0.000776 845.0
0.000744 -0.000776 846.0
0.000744 -0.000776 847.0
0.000744 -0.000776 848.0
0.000744 -0.000776 849.0
0.000743 -0.000775 850.0
0.000743 -0.000775 851.0
0.000743 -0.000775 852.0
0.000743 -0.000775 853.0
0.000743 -0.000774 854.0
0.000743 -0.000774 855.0
0.000743 -0.000774 856.0
0.000742 -0.000774 857.0
0.000742 -0.000773 858.0
0.000742 -0.000773 859.0
0.000742 -0.000773 860.0
0.000742 -0.000773 861.0
0.000742 -0.000772 862.0
0.000742 -0.000772 863.0
0.000741 -0.000772 864.0
0.000741 -0.000772 865.0
0.000741 -0.000771 866.0
0.000741 -0.000771 867.0
0.000741 -0.000771 868.0
0.000741 -0.000771 869.0
0.000740 -0.000770 870.0
0.000740 -0.000770 871.0
0.000740 -0.000770 872.0
0.000740 -0.000770 873.0
0.000740 -0.000770 874.0
0.000740 -0.000769 875.0
0.000740 -0.000769 876.0
0.000739 -0.000769 877.0
0.000739 -0.000769 878.0
0.000739 -0.000768 879.0
0.000739 -0.000768 880.0
0.000739 -0.000768 881.0
0.000737 -0.000769 882.0
0.000737 -0.000769 883.0
0.000737 -0.000769 884.0
0.000737 -0.000769 885.0
0.000737 -0.000769 886.0
0.000737 -0.000769 887.0
0.000737 -0.000769 888.0
0.000737 -0.000769 889.0
0.000737 -0.000769 890.0
0.000737 -0.000769 891.0
0.000737 -0.000769 892.0
0.000737 -0.000769 893.0
0.000737 -0.000769 894.0
0.000737 -0.000769 895.0
0.000737 -0.000769 896.0
0.000737 -0.000769 897.0
0.000737 -0.000769 898.0
0.000737 -0.000769 899.0
0.000737 -0.000769 900.0
0.000737 -0.000769 901.0
0.000737 -0.000769 902.0
0.000737 -0.000769 903.0
0.000737 -0.000769 904.0
0.000737 -0.000769 905.0
0.000737 -0.000769 906.0
0.000737 -0.000769 907.0
0.000737 -0.000769 908.0
0.000737 -0.000769 909.0
0.000737 -0.000769 910.0
0.000737 -0.000769 911.0
0.000737 -0.000769 912.0
0.000737 -0.000769 913.0
0.000737 -0.000769 914.0
0.000737 -0.000768 915.0
0.000737 -0.000768 916.0
0.000737 -0.000768 917.0
0.000737 -0.000768 918.0
0.000737 -0.000768 919.0
0.000737 -0.000768 920.0
0.000737 -0.000768 921.0
0.000737 -0.000768 922.0
0.000737 -0.000768 923.0
0.000737 -0.000768 924.0
0.000737 -0.000768 925.0
0.000737 -0.000768 926.0
0.000737 -0.000768 927.0
0.000737 -0.000768 928.0
0.000737 -0.000768 929.0
0.000737 -0.000768 930.0
0.000737 -0.000768 931.0
0.000737 -0.000768 932.0
0.000737 -0.000768 933.0
0.000737 -0.000768 934.0
0.000737 -0.000769 935.0
0.000737 -0.000769 936.0
0.000737 -0.000769 937.0
0.000737 -0.000770 938.0
0.000737 -0.000770 939.0
0.000737 -0.000770 940.0
0.000737 -0.000771 941.0
0.000737 -0.000771 942.0
0.000736 -0.000771 943.0
0.000736 -0.000772 944.0
0.000736 -0.000772 945.0
0.000736 -0.000772 946.0
0.000736 -0.000773 947.0
0.000736 -0.000773 948.0
0.000736 -0.000773 949.0
0.000736 -0.000773 950.0
0.000736 -0.000774 951.0
0.000736 -0.000774 952.0
0.000736 -0.000774 953.0
0.000736 -0.000775 954.0
0.000736 -0.000775 955.0
0.000736 -0.000775 956.0
0.000736 -0.000776 957.0
0.000736 -0.000776 958.0
0.000736 -0.000776 959.0
0.000736 -0.000777 960.0
0.000736 -0.000777 961.0
0.000736 -0.000777 962.0
0.000736 -0.000778 963.0
0.000736 -0.000778 964.0
0.000736 -0.000778 965.0
0.000736 -0.000779 966.0
0.000736 -0.000779 967.0
0.000736 -0.000779 968.0
0.000736 -0.000779 969.0
0.000736 -0.000780 970.0
0.000736 -0.000780 971.0
0.000736 -0.000780 972.0
0.000736 -0.000781 973.0
0.000736 -0.000781 974.0
0.000736 -0.000781 975.0
0.000736 -0.000782 976.0
0.000736 -0.000782 977.0
0.000736 -0.000782 978.0
0.000735 -0.000783 979.0
0.000735 -0.000783 980.0
0.000735 -0.000783 981.0
0.000735 -0.000784 982.0
0.000735 -0.000784 983.0
0.000735 -0.000784 984.0
0.000735 -0.000785 985.0
0.000735 -0.000785 986.0
0.000735 -0.000785 987.0
0.000735 -0.000785 988.0
0.000735 -0.000786 989.0
0.000735 -0.000786 990.0
0.000735 -0.000786 991.0
0.000735 -0.000787 992.0
0.000735 -0.000787 993.0
0.000735 -0.000787 994.0
0.000735 -0.000788 995.0
0.000735 -0.000788 996.0
0.000735 -0.000788 997.0
0.000735 -0.000789 998.0
0.000735 -0.000789 999.0
0.000735 -0.000789 1000.0
0.000735 -0.000790 1001.0
0.000735 -0.000790 1002.0
0.000735 -0.000790 1003.0
0.000735 -0.000791 1004.0
0.000735 -0.000791 1005.0
0.000735 -0.000791 1006.0
0.000735 -0.000791 1007.0
0.000735 -0.000792 1008.0
0.000735 -0.000792 1009.0
0.000735 -0.000792 1010.0
0.000735 -0.000793 1011.0
0.000735 -0.000793 1012.0
0.000735 -0.000793 1013.0
0.000735 -0.000794 1014.0
0.000734 -0.000794 1015.0
0.000734 -0.000794 1016.0
0.000734 -0.000794 1017.0
0.000734 -0.000794 1018.0
0.000734 -0.000794 1019.0
0.000735 -0.000794 1020.0
0.000735 -0.000794 1021.0
0.000735 -0.000794 1022.0
0.000735 -0.000794 1023.0
0.000735 -0.000794 1024.0
0.000736 -0.000794 1025.0
0.000736 -0.000794 1026.0
0.000736 -0.000795 1027.0
0.000736 -0.000795 1028.0
0.000737 -0.000795 1029.0
0.000737 -0.000795 1030.0
0.000737 -0.000795 1031.0
0.000737 -0.000795 1032.0
0.000737 -0.000795 1033.0
0.000738 -0.000795 1034.0
0.000738 -0.000795 1035.0
0.000738 -0.000795 1036.0
0.000738 -0.000795 1037.0
0.000739 -0.000795 1038.0
0.000739 -0.000795 1039.0
0.000739 -0.000795 1040.0
0.000739 -0.000795 1041.0
0.000739 -0.000795 1042.0
0.000740 -0.000796 1043.0
0.000740 -0.000796 1044.0
0.000740 -0.000796 1045.0
0.000740 -0.000796 1046.0
0.000741 -0.000796 1047.0
0.000741 -0.000796 1048.0
0.000741 -0.000796 1049.0
0.000741 -0.000796 1050.0
0.000741 -0.000796 1051.0
0.000742 -0.000796 1052.0
0.000742 -0.000796 1053.0
0.000742 -0.000796 1054.0
0.000742 -0.000796 1055.0
0.000743 -0.000796 1056.0
0.000743 -0.000796 1057.0
0.000743 -0.000796 1058.0
0.000743 -0.000797 1059.0
0.000743 -0.000797 1060.0
0.000744 -0.000797 1061.0
0.000744 -0.000797 1062.0
0.000744 -0.000797 1063.0
0.000744 -0.000797 1064.0
0.000745 -0.000797 1065.0
0.000745 -0.000797 1066.0
0.000745 -0.000797 1067.0
0.000745 -0.000797 1068.0
0.000745 -0.000797 1069.0
0.000746 -0.000797 1070.0
0.000746 -0.000797 1071.0
0.000746 -0.000797 1072.0
0.000746 -0.000797 1073.0
0.000747 -0.000798 1074.0
0.000747 -0.000798 1075.0
0.000747 -0.000798 1076.0
0.000747 -0.000797 1077.0
0.000748 -0.000797 1078.0
0.000748 -0.000797 1079.0
0.000748 -0.000796 1080.0
0.000749 -0.000796 1081.0
0.000749 -0.000796 1082.0
0.000749 -0.000796 1083.0
0.000750 -0.000796 1084.0
0.000750 -0.000796 1085.0
0.000751 -0.000795 1086.0
0.000751 -0.000795 1087.0
0.000751 -0.000795 1088.0
0.000752 -0.000795 1089.0
0.000752 -0.000795 1090.0
0.000753 -0.000795 1091.0
0.000753 -0.000794 1092.0
0.000753 -0.000794 1093.0
0.000754 -0.000794 1094.0
0.000754 -0.000794 1095.0
0.000755 -0.000794 1096.0
0.000755 -0.000794 1097.0
0.000755 -0.000793 1098.0
0.000756 -0.000793 1099.0
0.000756 -0.000793 1100.0
0.000756 -0.000793 1101.0
0.000757 -0.000793 1102.0
0.000757 -0.000793 1103.0
0.000758 -0.000792 1104.0
0.000758 -0.000792 1105.0
0.000758 -0.000792 1106.0
0.000759 -0.000792 1107.0
0.000759 -0.000792 1108.0
0.000760 -0.000792 1109.0
0.000760 -0.000791 1110.0
0.000760 -0.000791 1111.0
0.000761 -0.000791 1112.0
0.000761 -0.000791 1113.0
0.000761 -0.000791 1114.0
0.000762 -0.000791 1115.0
0.000762 -0.000790 1116.0
0.000763 -0.000790 1117.0
0.000763 -0.000790 1118.0
0.000763 -0.000790 1119.0
0.000764 -0.000790 1120.0
0.000764 -0.000790 1121.0
0.000765 -0.000789 1122.0
0.000765 -0.000789 1123.0
0.000765 -0.000789 1124.0
0.000766 -0.000789 1125.0
0.000766 -0.000789 1126.0
0.000767 -0.000789 1127.0
0.000767 -0.000788 1128.0
0.000767 -0.000788 1129.0
0.000768 -0.000788 1130.0
0.000768 -0.000788 1131.0
0.000768 -0.000788 1132.0
0.000769 -0.000788 1133.0
0.000769 -0.000787 1134.0
0.000770 -0.000787 1135.0
0.000770 -0.000787 1136.0
0.000770 -0.000789 1137.0
0.000771 -0.000789 1138.0
0.000771 -0.000789 1139.0
0.000772 -0.000789 1140.0
0.000772 -0.000789 1141.0
0.000772 -0.000789 1142.0
0.000773 -0.000789 1143.0
0.000773 -0.000789 1144.0
0.000773 -0.000789 1145.0
0.000774 -0.000789 1146.0
0.000774 -0.000789 1147.0
0.000775 -0.000790 1148.0
0.000775 -0.000790 1149.0
0.000775 -0.000790 1150.0
0.000776 -0.000790 1151.0
0.000776 -0.000790 1152.0
0.000777 -0.000790 1153.0
0.000777 -0.000790 1154.0
0.000777 -0.000790 1155.0
0.000778 -0.000790 1156.0
0.000778 -0.000790 1157.0
0.000778 -0.000790 1158.0
0.000779 -0.000790 1159.0
0.000779 -0.000790 1160.0
0.000780 -0.000790 1161.0
0.000780 -0.000790 1162.0
0.000780 -0.000790 1163.0
0.000781 -0.000790 1164.0
0.000781 -0.000790 1165.0
0.000781 -0.000790 1166.0
0.000782 -0.000791 1167.0
0.000782 -0.000791 1168.0
0.000783 -0.000791 1169.0
0.000783 -0.000791 1170.0
0.000783 -0.000791 1171.0
0.000784 -0.000791 1172.0
0.000784 -0.000791 1173.0
0.000785 -0.000791 1174.0
0.000785 -0.000791 1175.0
0.000785 -0.000791 1176.0
0.000786 -0.000791 1177.0
0.000786 -0.000791 1178.0
0.000786 -0.000791 1179.0
0.000787 -0.000791 1180.0
0.000787 -0.000791 1181.0
0.000788 -0.000791 1182.0
0.000788 -0.000791 1183.0
0.000788 -0.000791 1184.0
0.000789 -0.000791 1185.0
0.000789 -0.000791 1186.0
0.000789 -0.000792 1187.0
0.000790 -0.000792 1188.0
0.000790 -0.000792 1189.0
0.000791 -0.000792 1190.0
0.000791 -0.000792 1191.0
0.000791 -0.000792 1192.0
0.000792 -0.000792 1193.0
0.000792 -0.000792 1194.0
0.000792 -0.000792 1195.0
0.000793 -0.000792 1196.0
0.000793 -0.000792 1197.0
0.000794 -0.000792 1198.0
0.000794 -0.000792 1199.0
0.000794 -0.000792 1200.0
0.000795 -0.000792 1201.0
0.000795 -0.000792 1202.0
0.000795 -0.000792 1203.0
0.000795 -0.000792 1204.0
0.000795 -0.000792 1205.0
0.000795 -0.000792 1206.0
0.000795 -0.000792 1207.0
0.000795 -0.000792 1208.0
0.000795 -0.000792 1209.0
0.000795 -0.000792 1210.0
0.000795 -0.000792 1211.0
0.000795 -0.000792 1212.0
0.000795 -0.000792 1213.0
0.000795 -0.000792 1214.0
0.000795 -0.000791 1215.0
0.000795 -0.000791 1216.0
0.000795 -0.000791 1217.0
0.000795 -0.000791 1218.0
0.000795 -0.000791 1219.0
0.000795 -0.000791 1220.0
0.000795 -0.000791 1221.0
0.000795 -0.000791 1222.0
0.000795 -0.000791 1223.0
0.000795 -0.000791 1224.0
0.000795 -0.000791 1225.0
0.000795 -0.000791 1226.0
0.000795 -0.000791 1227.0
0.000795 -0.000791 1228.0
0.000795 -0.000791 1229.0
0.000795 -0.000791 1230.0
0.000795 -0.000791 1231.0
0.000795 -0.000791 1232.0
0.000795 -0.000791 1233.0
0.000795 -0.000791 1234.0
0.000795 -0.000791 1235.0
0.000795 -0.000791 1236.0
0.000795 -0.000791 1237.0
0.000795 -0.000791 1238.0
0.000795 -0.000791 1239.0
0.000795 -0.000791 1240.0
0.000795 -0.000791 1241.0
0.000795 -0.000791 1242.0
0.000795 -0.000791 1243.0
0.000795 -0.000791 1244.0
0.000795 -0.000791 1245.0
0.000795 -0.000791 1246.0
0.000795 -0.000791 1247.0
0.000795 -0.000791 1248.0
0.000795 -0.000791 1249.0
0.000795 -0.000791 1250.0
0.000795 -0.000791 1251.0
0.000795 -0.000791 1252.0
0.000795 -0.000791 1253.0
0.000795 -0.000791 1254.0
0.000795 -0.000791 1255.0
0.000795 -0.000791 1256.0
0.000795 -0.000791 1257.0
0.000795 -0.000791 1258.0
0.000795 -0.000791 1259.0
0.000795 -0.000791 1260.0
0.000795 -0.000791 1261.0
0.000795 -0.000791 1262.0
0.000795 -0.000791 1263.0
0.000795 -0.000791 1264.0
0.000795 -0.000791 1265.0
0.000795 -0.000791 1266.0
0.000795 -0.000791 1267.0
0.000795 -0.000791 1268.0
0.000795 -0.000792 1269.0
0.000795 -0.000792 1270.0
0.000795 -0.000792 1271.0
0.000795 -0.000792 1272.0
0.000795 -0.000792 1273.0
0.000795 -0.000792 1274.0
0.000795 -0.000792 1275.0
0.000795 -0.000792 1276.0
0.000795 -0.000792 1277.0
0.000795 -0.000792 1278.0
0.000795 -0.000792 1279.0
0.000795 -0.000792 1280.0
0.000795 -0.000792 1281.0
0.000795 -0.000792 1282.0
0.000795 -0.000792 1283.0
0.000795 -0.000792 1284.0
0.000795 -0.000792 1285.0
0.000795 -0.000792 1286.0
0.000795 -0.000792 1287.0
0.000795 -0.000792 1288.0
0.000795 -0.000792 1289.0
0.000795 -0.000792 1290.0
0.000795 -0.000792 1291.0
0.000795 -0.000792 1292.0
0.000795 -0.000792 1293.0
0.000795 -0.000792 1294.0
0.000795 -0.000792 1295.0
0.000795 -0.000792 1296.0
0.000795 -0.000792 1297.0
0.000795 -0.000792 1298.0
0.000795 -0.000792 1299.0
0.000795 -0.000792 1300.0
0.000795 -0.000792 1301.0
0.000795 -0.000792 1302.0
0.000795 -0.000792 1303.0
0.000795 -0.000792 1304.0
0.000795 -0.000792 1305.0
0.000795 -0.000792 1306.0
0.000795 -0.000792 1307.0
0.000795 -0.000792 1308.0
0.000795 -0.000792 1309.0
0.000795 -0.000792 1310.0
0.000795 -0.000792 1311.0
0.000795 -0.000792 1312.0
0.000795 -0.000792 1313.0
0.000795 -0.000792 1314.0
0.000795 -0.000792 1315.0
0.000795 -0.000792 1316.0
0.000795 -0.000792 1317.0
0.000795 -0.000792 1318.0
0.000795 -0.000792 1319.0
0.000795 -0.000792 1320.0
0.000795 -0.000791 1321.0
0.000795 -0.000791 1322.0
0.000795 -0.000791 1323.0
0.000795 -0.000791 1324.0
0.000795 -0.000790 1325.0
0.000795 -0.000790 1326.0
0.000795 -0.000790 1327.0
0.000795 -0.000790 1328.0
0.000795 -0.000790 1329.0
0.000795 -0.000789 1330.0
0.000795 -0.000789 1331.0
0.000795 -0.000789 1332.0
0.000795 -0.000789 1333.0
0.000795 -0.000788 1334.0
0.000795 -0.000788 1335.0
0.000795 -0.000788 1336.0
0.000795 -0.000788 1337.0
0.000795 -0.000787 1338.0
0.000795 -0.000787 1339.0
0.000795 -0.000787 1340.0
0.000795 -0.000787 1341.0
0.000795 -0.000786 1342.0
0.000795 -0.000786 1343.0
0.000795 -0.000786 1344.0
0.000795 -0.000786 1345.0
0.000795 -0.000785 1346.0
0.000795 -0.000785 1347.0
0.000795 -0.000785 1348.0
0.000795 -0.000785 1349.0
0.000795 -0.000785 1350.0
0.000795 -0.000784 1351.0
0.000795 -0.000784 1352.0
0.000795 -0.000784 1353.0
0.000795 -0.000784 1354.0
0.000795 -0.000783 1355.0
0.000795 -0.000783 1356.0
0.000795 -0.000783 1357.0
0.000795 -0.000783 1358.0
0.000795 -0.000782 1359.0
0.000795 -0.000782 1360.0
0.000795 -0.000782 1361.0
0.000795 -0.000782 1362.0
0.000795 -0.000781 1363.0
0.000795 -0.000781 1364.0
0.000795 -0.000781 1365.0
0.000795 -0.000781 1366.0
0.000795 -0.000781 1367.0
0.000795 -0.000780 1368.0
0.000795 -0.000780 1369.0
0.000795 -0.000780 1370.0
0.000795 -0.000780 1371.0
0.000795 -0.000779 1372.0
0.000795 -0.000779 1373.0
0.000795 -0.000779 1374.0
0.000795 -0.000779 1375.0
0.000795 -0.000778 1376.0
0.000795 -0.000778 1377.0
0.000795 -0.000778 1378.0
0.000795 -0.000778 1379.0
0.000795 -0.000777 1380.0
0.000795 -0.000777 1381.0
0.000795 -0.000777 1382.0
0.000795 -0.000777 1383.0
0.000795 -0.000776 1384.0
0.000795 -0.000776 1385.0
0.000795 -0.000776 1386.0
0.000795 -0.000776 1387.0
0.000795 -0.000776 1388.0
0.000795 -0.000775 1389.0
0.000795 -0.000775 1390.0
0.000795 -0.000775 1391.0
0.000795 -0.000775 1392.0
0.000795 -0.000774 1393.0
0.000795 -0.000774 1394.0
0.000795 -0.000774 1395.0
0.000794 -0.000773 1396.0
0.000794 -0.000773 1397.0
0.000794 -0.000772 1398.0
0.000794 -0.000771 1399.0
0.000794 -0.000771 1400.0
0.000794 -0.000770 1401.0
0.000794 -0.000769 1402.0
0.000793 -0.000768 1403.0
0.000793 -0.000768 1404.0
0.000793 -0.000767 1405.0
0.000793 -0.000766 1406.0
0.000793 -0.000765 1407.0
0.000793 -0.000765 1408.0
0.000793 -0.000764 1409.0
0.000792 -0.000763 1410.0
0.000792 -0.000763 1411.0
0.000792 -0.000762 1412.0
0.000792 -0.000761 1413.0
0.000792 -0.000760 1414.0
0.000792 -0.000760 1415.0
0.000792 -0.000759 1416.0
0.000791 -0.000758 1417.0
0.000791 -0.000758 1418.0
0.000791 -0.000757 1419.0
0.000791 -0.000756 1420.0
0.000791 -0.000755 1421.0
0.000791 -0.000755 1422.0
0.000791 -0.000754 1423.0
0.000790 -0.000753 1424.0
0.000790 -0.000753 1425.0
0.000790 -0.000752 1426.0
0.000790 -0.000751 1427.0
0.000790 -0.000750 1428.0
0.000790 -0.000750 1429.0
0.000790 -0.000749 1430.0
0.000789 -0.000748 1431.0
0.000789 -0.000747 1432.0
0.000789 -0.000747 1433.0
0.000789 -0.000746 1434.0
0.000789 -0.000745 1435.0
0.000789 -0.000745 1436.0
0.000789 -0.000744 1437.0
0.000788 -0.000743 1438.0
0.000788 -0.000742 1439.0
0.000788 -0.000742 1440.0
0.000788 -0.000741 1441.0
0.000788 -0.000740 1442.0
0.000788 -0.000740 1443.0
0.000786 -0.000740 1444.0
0.000786 -0.000740 1445.0
0.000786 -0.000740 1446.0
0.000786 -0.000739 1447.0
0.000786 -0.000739 1448.0
0.000786 -0.000739 1449.0
0.000785 -0.000738 1450.0
0.000785 -0.000738 1451.0
0.000785 -0.000738 1452.0
0.000785 -0.000738 1453.0
0.000785 -0.000737 1454.0
0.000785 -0.000737 1455.0
0.000785 -0.000737 1456.0
0.000785 -0.000736 1457.0
0.000785 -0.000736 1458.0
0.000785 -0.000736 1459.0
0.000784 -0.000736 1460.0
0.000784 -0.000735 1461.0
0.000784 -0.000735 1462.0
0.000784 -0.000735 1463.0
0.000784 -0.000734 1464.0
0.000784 -0.000734 1465.0
0.000784 -0.000734 1466.0
0.000784 -0.000734 1467.0
0.000784 -0.000733 1468.0
0.000783 -0.000733 1469.0
0.000783 -0.000733 1470.0
0.000783 -0.000732 1471.0
0.000783 -0.000732 1472.0
0.000783 -0.000732 1473.0
0.000783 -0.000732 1474.0
0.000783 -0.000731 1475.0
0.000783 -0.000731 1476.0
0.000783 -0.000731 1477.0
0.000782 -0.000730 1478.0
0.000782 -0.000730 1479.0
0.000782 -0.000730 1480.0
0.000782 -0.000730 1481.0
0.000782 -0.000729 1482.0
0.000782 -0.000729 1483.0
0.000782 -0.000729 1484.0
0.000782 -0.000728 1485.0
0.000782 -0.000728 1486.0
0.000781 -0.000728 1487.0
0.000781 -0.000728 1488.0
0.000781 -0.000727 1489.0
0.000781 -0.000727 1490.0
0.000781 -0.000727 1491.0
0.000781 -0.000726 1492.0
0.000781 -0.000726 1493.0
0.000781 -0.000726 1494.0
0.000781 -0.000726 1495.0
0.000780 -0.000725 1496.0
0.000780 -0.000725 1497.0
0.000780 -0.000725 1498.0
0.000779 -0.000725 1499.0
0.000779 -0.000725 1500.0
0.000779 -0.000725 1501.0
0.000779 -0.000725 1502.0
0.000779 -0.000725 1503.0
0.000779 -0.000724 1504.0
0.000779 -0.000724 1505.0
0.000779 -0.000724 1506.0
0.000779 -0.000724 1507.0
0.000779 -0.000723 1508.0
0.000779 -0.000723 1509.0
0.000779 -0.000723 1510.0
0.000779 -0.000723 1511.0
0.000779 -0.000723 1512.0
0.000779 -0.000722 1513.0
0.000779 -0.000722 1514.0
0.000779 -0.000722 1515.0
0.000780 -0.000722 1516.0
0.000780 -0.000722 1517.0
0.000780 -0.000721 1518.0
0.000780 -0.000721 1519.0
0.000780 -0.000721 1520.0
0.000780 -0.000721 1521.0
0.000780 -0.000720 1522.0
0.000780 -0.000720 1523.0
0.000780 -0.000720 1524.0
0.000780 -0.000720 1525.0
0.000780 -0.000720 1526.0
0.000780 -0.000719 1527.0
0.000780 -0.000719 1528.0
0.000780 -0.000719 1529.0
0.000780 -0.000719 1530.0
0.000780 -0.000719 1531.0
0.000780 -0.000718 1532.0
0.000780 -0.000718 1533.0
0.000780 -0.000718 1534.0
0.000780 -0.000718 1535.0
0.000780 -0.000717 1536.0
0.000780 -0.000717 1537.0
0.000780 -0.000717 1538.0
0.000780 -0.000717 1539.0
0.000780 -0.000717 1540.0
0.000780 -0.000716 1541.0
0.000780 -0.000716 1542.0
0.000780 -0.000716 1543.0
0.000780 -0.000716 1544.0
0.000780 -0.000716 1545.0
0.000780 -0.000715 1546.0
0.000780 -0.000715 1547.0
0.000780 -0.000715 1548.0
0.000780 -0.000715 1549.0
0.000780 -0.000714 1550.0
0.000780 -0.000714 1551.0
0.000780 -0.000714 1552.0
0.000780 -0.000714 1553.0
0.000780 -0.000714 1554.0
0.000780 -0.000713 1555.0
0.000780 -0.000713 1556.0
0.000780 -0.000713 1557.0
0.000780 -0.000713 1558.0
0.000780 -0.000712 1559.0
0.000780 -0.000712 1560.0
0.000780 -0.000712 1561.0
0.000780 -0.000712 1562.0
0.000781 -0.000712 1563.0
0.000781 -0.000711 1564.0
0.000781 -0.000711 1565.0
0.000781 -0.000711 1566.0
0.000781 -0.000711 1567.0
0.000781 -0.000711 1568.0
0.000781 -0.000710 1569.0
0.000781 -0.000710 1570.0
0.000781 -0.000710 1571.0
0.000781 -0.000710 1572.0
0.000781 -0.000709 1573.0
0.000781 -0.000709 1574.0
0.000781 -0.000709 1575.0
0.000781 -0.000709 1576.0
0.000781 -0.000709 1577.0
0.000781 -0.000708 1578.0
0.000781 -0.000708 1579.0
0.000781 -0.000708 1580.0
0.000781 -0.000708 1581.0
0.000781 -0.000708 1582.0
0.000781 -0.000707 1583.0
0.000781 -0.000707 1584.0
0.000781 -0.000707 1585.0
0.000781 -0.000707 1586.0
0.000781 -0.000706 1587.0
0.000781 -0.000706 1588.0
0.000781 -0.000706 1589.0
0.000781 -0.000706 1590.0
0.000782 -0.000706 1591.0
0.000782 -0.000706 1592.0
0.000782 -0.000706 1593.0
0.000782 -0.000706 1594.0
0.000783 -0.000706 1595.0
0.000783 -0.000706 1596.0
0.000783 -0.000706 1597.0
0.000783 -0.000706 1598.0
0.000784 -0.000706 1599.0
0.000784 -0.000707 1600.0
0.000784 -0.000707 1601.0
0.000784 -0.000707 1602.0
0.000784 -0.000707 1603.0
0.000785 -0.000707 1604.0
0.000785 -0.000707 1605.0
0.000785 -0.000707 1606.0
0.000785 -0.000707 1607.0
0.000786 -0.000707 1608.0
0.000786 -0.000707 1609.0
0.000786 -0.000707 1610.0
0.000786 -0.000707 1611.0
0.000787 -0.000707 1612.0
0.000787 -0.000708 1613.0
0.000787 -0.000708 1614.0
0.000787 -0.000708 1615.0
0.000788 -0.000708 1616.0
0.000788 -0.000708 1617.0
0.000788 -0.000708 1618.0
0.000788 -0.000708 1619.0
0.000789 -0.000708 1620.0
0.000789 -0.000708 1621.0
0.000789 -0.000708 1622.0
0.000789 -0.000708 1623.0
0.000790 -0.000708 1624.0
0.000790 -0.000708 1625.0
0.000790 -0.000709 1626.0
0.000790 -0.000709 1627.0
0.000791 -0.000709 1628.0
0.000791 -0.000709 1629.0
0.000791 -0.000709 1630.0
0.000791 -0.000709 1631.0
0.000792 -0.000709 1632.0
0.000792 -0.000709 1633.0
0.000792 -0.000709 1634.0
0.000792 -0.000709 1635.0
0.000793 -0.000709 1636.0
0.000793 -0.000709 1637.0
0.000793 -0.000709 1638.0
0.000793 -0.000710 1639.0
0.000793 -0.000710 1640.0
0.000794 -0.000710 1641.0
0.000794 -0.000710 1642.0
0.000794 -0.000710 1643.0
0.000794 -0.000710 1644.0
0.000795 -0.000710 1645.0
0.000795 -0.000710 1646.0
0.000795 -0.000710 1647.0
0.000795 -0.000710 1648.0
0.000796 -0.000710 1649.0
0.000796 -0.000710 1650.0
0.000796 -0.000709 1651.0
0.000796 -0.000710 1652.0
0.000796 -0.000711 1653.0
0.000796 -0.000711 1654.0
0.000796 -0.000712 1655.0
0.000796 -0.000712 1656.0
0.000796 -0.000713 1657.0
0.000796 -0.000713 1658.0
0.000796 -0.000714 1659.0
0.000796 -0.000715 1660.0
0.000796 -0.000715 1661.0
0.000795 -0.000716 1662.0
0.000795 -0.000716 1663.0
0.000795 -0.000717 1664.0
0.000795 -0.000717 1665.0
0.000795 -0.000718 1666.0
0.000795 -0.000719 1667.0
0.000795 -0.000719 1668.0
0.000795 -0.000720 1669.0
0.000795 -0.000720 1670.0
0.000795 -0.000721 1671.0
0.000795 -0.000721 1672.0
0.000795 -0.000722 1673.0
0.000795 -0.000723 1674.0
0.000795 -0.000723 1675.0
0.000795 -0.000724 1676.0
0.000795 -0.000724 1677.0
0.000795 -0.000725 1678.0
0.000794 -0.000725 1679.0
0.000794 -0.000726 1680.0
0.000794 -0.000727 1681.0
0.000794 -0.000727 1682.0
0.000794 -0.000728 1683.0
0.000794 -0.000728 1684.0
0.000794 -0.000729 1685.0
0.000794 -0.000729 1686.0
0.000794 -0.000730 1687.0
0.000794 -0.000731 1688.0
0.000794 -0.000731 1689.0
0.000794 -0.000732 1690.0
0.000794 -0.000732 1691.0
0.000794 -0.000733 1692.0
0.000794 -0.000733 1693.0
0.000794 -0.000734 1694.0
0.000794 -0.000735 1695.0
0.000794 -0.000735 1696.0
0.000793 -0.000736 1697.0
0.000793 -0.000736 1698.0
0.000793 -0.000736 1699.0
0.000793 -0.000736 1700.0
0.000792 -0.000736 1701.0
0.000792 -0.000736 1702.0
0.000792 -0.000736 1703.0
0.000792 -0.000735 1704.0
0.000792 -0.000735 1705.0
0.000791 -0.000735 1706.0
0.000791 -0.000735 1707.0
0.000791 -0.000735 1708.0
0.000791 -0.000735 1709.0
0.000791 -0.000734 1710.0
0.000791 -0.000734 1711.0
0.000790 -0.000734 1712.0
0.000790 -0.000734 1713.0
0.000790 -0.000734 1714.0
0.000790 -0.000734 1715.0
0.000790 -0.000733 1716.0
0.000789 -0.000733 1717.0
0.000789 -0.000733 1718.0
0.000789 -0.000733 1719.0
0.000789 -0.000733 1720.0
0.000789 -0.000733 1721.0
0.000789 -0.000733 1722.0
0.000788 -0.000732 1723.0
0.000788 -0.000732 1724.0
0.000788 -0.000732 1725.0
0.000788 -0.000732 1726.0
0.000788 -0.000732 1727.0
0.000787 -0.000732 1728.0
0.000787 -0.000731 1729.0
0.000787 -0.000731 1730.0
0.000787 -0.000731 1731.0
0.000787 -0.000731 1732.0
0.000787 -0.000731 1733.0
0.000786 -0.000731 1734.0
0.000786 -0.000730 1735.0
0.000786 -0.000730 1736.0
0.000786 -0.000730 1737.0
0.000786 -0.000730 1738.0
0.000785 -0.000730 1739.0
0.000785 -0.000730 1740.0
0.000785 -0.000730 1741.0
0.000785 -0.000729 1742.0
0.000785 -0.000729 1743.0
0.000785 -0.000729 1744.0
0.000784 -0.000729 1745.0
0.000784 -0.000729 1746.0
0.000784 -0.000729 1747.0
0.000784 -0.000728 1748.0
0.000784 -0.000728 1749.0
0.000783 -0.000728 1750.0
0.000783 -0.000728 1751.0
0.000783 -0.000728 1752.0
0.000783 -0.000728 1753.0
0.000783 -0.000728 1754.0
0.000783 -0.000727 1755.0
0.000782 -0.000727 1756.0
0.000782 -0.000727 1757.0
0.000782 -0.000727 1758.0
0.000782 -0.000727 1759.0
0.000782 -0.000727 1760.0
0.000781 -0.000726 1761.0
0.000781 -0.000726 1762.0
0.000781 -0.000726 1763.0
0.000781 -0.000726 1764.0
0.000781 -0.000726 1765.0
0.000781 -0.000726 1766.0
0.000780 -0.000725 1767.0
0.000780 -0.000725 1768.0
0.000780 -0.000725 1769.0
0.000779 -0.000727 1770.0
0.000779 -0.000726 1771.0
0.000779 -0.000725 1772.0
0.000779 -0.000724 1773.0
0.000780 -0.000723 1774.0
0.000780 -0.000722 1775.0
0.000780 -0.000721 1776.0
0.000780 -0.000721 1777.0
0.000780 -0.000720 1778.0
0.000780 -0.000719 1779.0
0.000780 -0.000718 1780.0
0.000780 -0.000717 1781.0
0.000780 -0.000716 1782.0
0.000780 -0.000715 1783.0
0.000781 -0.000714 1784.0
0.000781 -0.000713 1785.0
0.000781 -0.000712 1786.0
0.000781 -0.000712 1787.0
0.000781 -0.000711 1788.0
0.000781 -0.000710 1789.0
0.000781 -0.000709 1790.0
0.000781 -0.000708 1791.0
0.000781 -0.000707 1792.0
0.000781 -0.000706 1793.0
0.000782 -0.000705 1794.0
0.000782 -0.000704 1795.0
0.000782 -0.000704 1796.0
0.000782 -0.000703 1797.0
0.000782 -0.000702 1798.0
0.000782 -0.000701 1799.0
0.000782 -0.000700 1800.0
0.000782 -0.000699 1801.0
0.000782 -0.000698 1802.0
0.000782 -0.000697 1803.0
0.000783 -0.000696 1804.0
0.000783 -0.000695 1805.0
0.000783 -0.000695 1806.0
0.000783 -0.000694 1807.0
0.000783 -0.000693 1808.0
0.000783 -0.000692 1809.0
0.000783 -0.000691 1810.0
0.000783 -0.000690 1811.0
0.000783 -0.000689 1812.0
0.000783 -0.000688 1813.0
0.000784 -0.000687 1814.0
0.000785 -0.000688 1815.0
0.000784 -0.000688 1816.0
0.000784 -0.000687 1817.0
0.000784 -0.000687 1818.0
0.000784 -0.000687 1819.0
0.000783 -0.000687 1820.0
0.000783 -0.000687 1821.0
0.000783 -0.000687 1822.0
0.000783 -0.000687 1823.0
0.000782 -0.000687 1824.0
0.000782 -0.000687 1825.0
0.000782 -0.000687 1826.0
0.000782 -0.000687 1827.0
0.000781 -0.000687 1828.0
0.000781 -0.000687 1829.0
0.000781 -0.000687 1830.0
0.000781 -0.000687 1831.0
0.000780 -0.000686 1832.0
0.000780 -0.000686 1833.0
0.000780 -0.000686 1834.0
0.000780 -0.000686 1835.0
0.000779 -0.000686 1836.0
0.000779 -0.000686 1837.0
0.000779 -0.000686 1838.0
0.000779 -0.000686 1839.0
0.000778 -0.000686 1840.0
0.000778 -0.000686 1841.0
0.000778 -0.000686 1842.0
0.000778 -0.000686 1843.0
0.000777 -0.000686 1844.0
0.000777 -0.000686 1845.0
0.000777 -0.000686 1846.0
0.000777 -0.000685 1847.0
0.000776 -0.000685 1848.0
0.000776 -0.000685 1849.0
0.000776 -0.000685 1850.0
0.000776 -0.000685 1851.0
0.000775 -0.000685 1852.0
0.000775 -0.000685 1853.0
0.000775 -0.000685 1854.0
0.000775 -0.000685 1855.0
0.000774 -0.000685 1856.0
0.000774 -0.000685 1857.0
0.000774 -0.000685 1858.0
0.000774 -0.000685 1859.0
0.000773 -0.000685 1860.0
0.000773 -0.000684 1861.0
0.000773 -0.000684 1862.0
0.000773 -0.000684 1863.0
0.000772 -0.000684 1864.0
0.000772 -0.000684 1865.0
0.000772 -0.000684 1866.0
0.000772 -0.000684 1867.0
0.000771 -0.000684 1868.0
0.000771 -0.000684 1869.0
0.000771 -0.000684 1870.0
0.000771 -0.000684 1871.0
0.000770 -0.000684 1872.0
0.000770 -0.000684 1873.0
0.000770 -0.000684 1874.0
0.000770 -0.000684 1875.0
0.000770 -0.000684 1876.0
0.000770 -0.000684 1877.0
0.000769 -0.000684 1878.0
0.000769 -0.000683 1879.0
0.000769 -0.000683 1880.0
0.000769 -0.000683 1881.0
0.000769 -0.000683 1882.0
0.000769 -0.000682 1883.0
0.000769 -0.000682 1884.0
0.000769 -0.000682 1885.0
0.000769 -0.000682 1886.0
0.000769 -0.000681 1887.0
0.000769 -0.000681 1888.0
0.000768 -0.000681 1889.0
0.000768 -0.000680 1890.0
0.000768 -0.000680 1891.0
0.000768 -0.000680 1892.0
0.000768 -0.000680 1893.0
0.000768 -0.000679 1894.0
0.000768 -0.000679 1895.0
0.000768 -0.000679 1896.0
0.000768 -0.000679 1897.0
0.000768 -0.000678 1898.0
0.000768 -0.000678 1899.0
0.000767 -0.000678 1900.0
0.000767 -0.000678 1901.0
0.000767 -0.000677 1902.0
0.000767 -0.000677 1903.0
0.000767 -0.000677 1904.0
0.000767 -0.000677 1905.0
0.000767 -0.000676 1906.0
0.000767 -0.000676 1907.0
0.000767 -0.000676 1908.0
0.000767 -0.000676 1909.0
0.000767 -0.000675 1910.0
0.000767 -0.000675 1911.0
0.000766 -0.000675 1912.0
0.000766 -0.000675 1913.0
0.000766 -0.000674 1914.0
0.000766 -0.000674 1915.0
0.000766 -0.000674 1916.0
0.000766 -0.000673 1917.0
0.000766 -0.000673 1918.0
0.000766 -0.000673 1919.0
0.000766 -0.000673 1920.0
0.000766 -0.000672 1921.0
0.000766 -0.000672 1922.0
0.000765 -0.000672 1923.0
0.000765 -0.000672 1924.0
0.000765 -0.000671 1925.0
0.000765 -0.000671 1926.0
0.000765 -0.000671 1927.0
0.000765 -0.000671 1928.0
0.000765 -0.000670 1929.0
0.000765 -0.000670 1930.0
0.000765 -0.000670 1931.0
0.000765 -0.000670 1932.0
0.000765 -0.000669 1933.0
0.000764 -0.000669 1934.0
0.000764 -0.000669 1935.0
0.000763 -0.000669 1936.0
0.000763 -0.000669 1937.0
0.000763 -0.000669 1938.0
0.000763 -0.000668 1939.0
0.000763 -0.000668 1940.0
0.000764 -0.000668 1941.0
0.000764 -0.000668 1942.0
0.000764 -0.000667 1943.0
0.000764 -0.000667 1944.0
0.000764 -0.000667 1945.0
0.000764 -0.000666 1946.0
0.000764 -0.000666 1947.0
0.000764 -0.000666 1948.0
0.000764 -0.000665 1949.0
0.000764 -0.000665 1950.0
0.000764 -0.000665 1951.0
0.000764 -0.000664 1952.0
0.000764 -0.000664 1953.0
0.000764 -0.000664 1954.0
0.000764 -0.000663 1955.0
0.000764 -0.000663 1956.0
0.000764 -0.000663 1957.0
0.000764 -0.000662 1958.0
0.000764 -0.000662 1959.0
0.000764 -0.000662 1960.0
0.000764 -0.000662 1961.0
0.000764 -0.000661 1962.0
0.000764 -0.000661 1963.0
0.000764 -0.000661 1964.0
0.000764 -0.000660 1965.0
0.000764 -0.000660 1966.0
0.000764 -0.000660 1967.0
0.000765 -0.000659 1968.0
0.000765 -0.000659 1969.0
0.000765 -0.000659 1970.0
0.000765 -0.000658 1971.0
0.000765 -0.000658 1972.0
0.000765 -0.000658 1973.0
0.000765 -0.000657 1974.0
0.000765 -0.000657 1975.0
0.000765 -0.000657 1976.0
0.000765 -0.000656 1977.0
0.000765 -0.000656 1978.0
0.000765 -0.000656 1979.0
0.000765 -0.000656 1980.0
0.000765 -0.000655 1981.0
0.000765 -0.000655 1982.0
0.000765 -0.000655 1983.0
0.000765 -0.000654 1984.0
0.000765 -0.000654 1985.0
0.000765 -0.000654 1986.0
0.000765 -0.000653 1987.0
0.000765 -0.000653 1988.0
0.000765 -0.000653 1989.0
0.000765 -0.000652 1990.0
0.000765 -0.000652 1991.0
0.000765 -0.000652 1992.0
0.000765 -0.000651 1993.0
0.000765 -0.000651 1994.0
0.000766 -0.000651 1995.0
0.000766 -0.000650 1996.0
0.000766 -0.000650 1997.0
0.000766 -0.000650 1998.0
0.000766 -0.000649 1999.0
0.000766 -0.000649 2000.0
0.000766 -0.000649 2001.0
0.000766 -0.000649 2002.0
0.000766 -0.000648 2003.0
0.000766 -0.000648 2004.0
0.000766 -0.000648 2005.0
0.000767 -0.000648 2006.0
0.000767 -0.000647 2007.0
0.000767 -0.000647 2008.0
0.000767 -0.000646 2009.0
0.000767 -0.000646 2010.0
0.000767 -0.000646 2011.0
0.000767 -0.000645 2012.0
0.000767 -0.000645 2013.0
0.000767 -0.000644 2014.0
0.000767 -0.000644 2015.0
0.000767 -0.000644 2016.0
0.000767 -0.000643 2017.0
0.000767 -0.000643 2018.0
0.000767 -0.000642 2019.0
0.000767 -0.000642 2020.0
0.000767 -0.000641 2021.0
0.000767 -0.000641 2022.0
0.000767 -0.000641 2023.0
0.000767 -0.000640 2024.0
0.000767 -0.000640 2025.0
0.000767 -0.000639 2026.0
0.000767 -0.000639 2027.0
0.000767 -0.000639 2028.0
0.000768 -0.000638 2029.0
0.000768 -0.000638 2030.0
0.000768 -0.000637 2031.0
0.000768 -0.000637 2032.0
0.000768 -0.000636 2033.0
0.000768 -0.000636 2034.0
0.000768 -0.000636 2035.0
0.000768 -0.000635 2036.0
0.000768 -0.000635 2037.0
0.000768 -0.000634 2038.0
0.000768 -0.000634 2039.0
0.000768 -0.000634 2040.0
0.000768 -0.000633 2041.0
0.000768 -0.000633 2042.0
0.000768 -0.000632 2043.0
0.000768 -0.000632 2044.0
0.000768 -0.000631 2045.0
0.000768 -0.000631 2046.0
0.000768 -0.000631 2047.0
0.000768 -0.000630 2048.0
0.000768 -0.000630 2049.0
0.000768 -0.000629 2050.0
0.000768 -0.000629 2051.0
0.000769 -0.000629 2052.0
0.000769 -0.000628 2053.0
0.000769 -0.000628 2054.0
0.000769 -0.000627 2055.0
0.000769 -0.000627 2056.0
0.000769 -0.000627 2057.0
0.000769 -0.000625 2058.0
0.000770 -0.000624 2059.0
0.000770 -0.000623 2060.0
0.000770 -0.000621 2061.0
0.000770 -0.000620 2062.0
0.000770 -0.000618 2063.0
0.000770 -0.000617 2064.0
0.000770 -0.000615 2065.0
0.000771 -0.000614 2066.0
0.000771 -0.000612 2067.0
0.000771 -0.000611 2068.0
0.000771 -0.000609 2069.0
0.000771 -0.000608 2070.0
0.000771 -0.000607 2071.0
0.000771 -0.000605 2072.0
0.000772 -0.000604 2073.0
0.000772 -0.000602 2074.0
0.000772 -0.000601 2075.0
0.000772 -0.000599 2076.0
0.000772 -0.000598 2077.0
0.000772 -0.000596 2078.0
0.000772 -0.000595 2079.0
0.000773 -0.000593 2080.0
0.000773 -0.000592 2081.0
0.000773 -0.000591 2082.0
0.000773 -0.000589 2083.0
0.000773 -0.000588 2084.0
0.000773 -0.000586 2085.0
0.000773 -0.000585 2086.0
0.000774 -0.000583 2087.0
0.000774 -0.000582 2088.0
0.000774 -0.000580 2089.0
0.000774 -0.000579 2090.0
0.000774 -0.000577 2091.0
0.000774 -0.000576 2092.0
0.000774 -0.000575 2093.0
0.000775 -0.000573 2094.0
0.000775 -0.000572 2095.0
0.000775 -0.000570 2096.0
0.000775 -0.000569 2097.0
0.000775 -0.000567 2098.0
0.000775 -0.000566 2099.0
0.000775 -0.000564 2100.0
0.000776 -0.000563 2101.0
0.000776 -0.000561 2102.0
0.000776 -0.000560 2103.0
0.000776 -0.000559 2104.0
0.000776 -0.000557 2105.0
0.000776 -0.000556 2106.0
0.000776 -0.000554 2107.0
0.000777 -0.000553 2108.0
0.000777 -0.000551 2109.0
0.000777 -0.000550 2110.0
0.000777 -0.000548 2111.0
0.000777 -0.000547 2112.0
0.000777 -0.000545 2113.0
0.000777 -0.000544 2114.0
0.000778 -0.000543 2115.0
0.000778 -0.000541 2116.0
0.000778 -0.000540 2117.0
0.000780 -0.000540 2118.0
0.000780 -0.000539 2119.0
0.000780 -0.000539 2120.0
0.000780 -0.000538 2121.0
0.000780 -0.000538 2122.0
0.000780 -0.000537 2123.0
0.000780 -0.000537 2124.0
0.000780 -0.000536 2125.0
0.000779 -0.000535 2126.0
0.000779 -0.000535 2127.0
0.000779 -0.000534 2128.0
0.000779 -0.000534 2129.0
0.000779 -0.000533 2130.0
0.000779 -0.000533 2131.0
0.000779 -0.000532 2132.0
0.000779 -0.000531 2133.0
0.000779 -0.000531 2134.0
0.000779 -0.000530 2135.0
0.000779 -0.000530 2136.0
0.000779 -0.000529 2137.0
0.000779 -0.000529 2138.0
0.000779 -0.000528 2139.0
0.000779 -0.000528 2140.0
0.000779 -0.000527 2141.0
0.000779 -0.000526 2142.0
0.000779 -0.000526 2143.0
0.000779 -0.000525 2144.0
0.000778 -0.000525 2145.0
0.000778 -0.000524 2146.0
0.000778 -0.000524 2147.0
0.000778 -0.000523 2148.0
0.000778 -0.000522 2149.0
0.000778 -0.000522 2150.0
0.000778 -0.000521 2151.0
0.000778 -0.000521 2152.0
0.000778 -0.000520 2153.0
0.000778 -0.000520 2154.0
0.000778 -0.000519 2155.0
0.000778 -0.000518 2156.0
0.000778 -0.000518 2157.0
0.000778 -0.000517 2158.0
0.000778 -0.000517 2159.0
0.000778 -0.000516 2160.0
0.000778 -0.000516 2161.0
0.000778 -0.000515 2162.0
0.000778 -0.000514 2163.0
0.000777 -0.000514 2164.0
0.000777 -0.000513 2165.0
0.000777 -0.000513 2166.0
0.000777 -0.000512 2167.0
0.000777 -0.000512 2168.0
0.000777 -0.000511 2169.0
0.000777 -0.000510 2170.0
0.000777 -0.000510 2171.0
0.000777 -0.000509 2172.0
0.000777 -0.000509 2173.0
0.000777 -0.000508 2174.0
0.000777 -0.000508 2175.0
0.000777 -0.000507 2176.0
0.000777 -0.000507 2177.0
0.000776 -0.000507 2178.0
0.000776 -0.000507 2179.0
0.000776 -0.000507 2180.0
0.000776 -0.000507 2181.0
0.000776 -0.000507 2182.0
0.000776 -0.000507 2183.0
0.000776 -0.000507 2184.0
0.000776 -0.000507 2185.0
0.000776 -0.000507 2186.0
0.000776 -0.000507 2187.0
0.000776 -0.000507 2188.0
0.000776 -0.000507 2189.0
0.000776 -0.000507 2190.0
0.000776 -0.000507 2191.0
0.000776 -0.000507 2192.0
0.000776 -0.000507 2193.0
0.000776 -0.000507 2194.0
0.000776 -0.000506 2195.0
0.000776 -0.000506 2196.0
0.000776 -0.000506 2197.0
0.000776 -0.000506 2198.0
0.000776 -0.000506 2199.0
0.000776 -0.000506 2200.0
0.000776 -0.000506 2201.0
0.000775 -0.000506 2202.0
0.000775 -0.000506 2203.0
0.000775 -0.000506 2204.0
0.000775 -0.000506 2205.0
0.000775 -0.000505 2206.0
0.000775 -0.000505 2207.0
0.000775 -0.000505 2208.0
0.000775 -0.000505 2209.0
0.000775 -0.000505 2210.0
0.000775 -0.000505 2211.0
0.000775 -0.000505 2212.0
0.000775 -0.000505 2213.0
0.000775 -0.000505 2214.0
0.000775 -0.000505 2215.0
0.000775 -0.000505 2216.0
0.000775 -0.000504 2217.0
0.000775 -0.000504 2218.0
0.000775 -0.000504 2219.0
0.000775 -0.000504 2220.0
0.000775 -0.000504 2221.0
0.000775 -0.000504 2222.0
0.000775 -0.000504 2223.0
0.000775 -0.000504 2224.0
0.000774 -0.000504 2225.0
0.000774 -0.000504 2226.0
0.000774 -0.000504 2227.0
0.000774 -0.000503 2228.0
0.000774 -0.000503 2229.0
0.000774 -0.000503 2230.0
0.000774 -0.000503 2231.0
0.000774 -0.000503 2232.0
0.000774 -0.000503 2233.0
0.000774 -0.000503 2234.0
0.000774 -0.000503 2235.0
0.000774 -0.000503 2236.0
0.000774 -0.000503 2237.0
0.000774 -0.000503 2238.0
0.000774 -0.000502 2239.0
0.000774 -0.000502 2240.0
0.000774 -0.000502 2241.0
0.000774 -0.000502 2242.0
0.000774 -0.000502 2243.0
0.000774 -0.000502 2244.0
0.000774 -0.000502 2245.0
0.000774 -0.000502 2246.0
0.000774 -0.000502 2247.0
0.000774 -0.000502 2248.0
0.000773 -0.000502 2249.0
0.000773 -0.000501 2250.0
0.000773 -0.000501 2251.0
0.000773 -0.000502 2252.0
0.000773 -0.000501 2253.0
0.000772 -0.000501 2254.0
0.000772 -0.000501 2255.0
0.000772 -0.000500 2256.0
0.000771 -0.000500 2257.0
0.000771 -0.000500 2258.0
0.000771 -0.000499 2259.0
0.000770 -0.000499 2260.0
0.000770 -0.000498 2261.0
0.000770 -0.000498 2262.0
0.000770 -0.000498 2263.0
0.000769 -0.000497 2264.0
0.000769 -0.000497 2265.0
0.000769 -0.000497 2266.0
0.000768 -0.000496 2267.0
0.000768 -0.000496 2268.0
0.000768 -0.000496 2269.0
0.000767 -0.000495 2270.0
0.000767 -0.000495 2271.0
0.000767 -0.000494 2272.0
0.000766 -0.000494 2273.0
0.000766 -0.000494 2274.0
0.000766 -0.000493 2275.0
0.000766 -0.000493 2276.0
0.000765 -0.000493 2277.0
0.000765 -0.000492 2278.0
0.000765 -0.000492 2279.0
0.000764 -0.000492 2280.0
0.000764 -0.000491 2281.0
0.000764 -0.000491 2282.0
0.000763 -0.000490 2283.0
0.000763 -0.000490 2284.0
0.000763 -0.000490 2285.0
0.000762 -0.000489 2286.0
0.000762 -0.000489 2287.0
0.000762 -0.000489 2288.0
0.000762 -0.000488 2289.0
0.000761 -0.000488 2290.0
0.000761 -0.000488 2291.0
0.000761 -0.000487 2292.0
0.000760 -0.000487 2293.0
0.000760 -0.000486 2294.0
0.000760 -0.000486 2295.0
0.000759 -0.000486 2296.0
0.000759 -0.000485 2297.0
0.000759 -0.000485 2298.0
0.000758 -0.000485 2299.0
0.000758 -0.000484 2300.0
0.000758 -0.000484 2301.0
0.000757 -0.000484 2302.0
0.000757 -0.000483 2303.0
0.000757 -0.000483 2304.0
0.000757 -0.000483 2305.0
0.000756 -0.000482 2306.0
0.000756 -0.000482 2307.0
0.000756 -0.000481 2308.0
0.000755 -0.000481 2309.0
0.000755 -0.000481 2310.0
0.000755 -0.000480 2311.0
0.000753 -0.000483 2312.0
0.000753 -0.000483 2313.0
0.000753 -0.000484 2314.0
0.000752 -0.000484 2315.0
0.000752 -0.000485 2316.0
0.000752 -0.000485 2317.0
0.000752 -0.000486 2318.0
0.000752 -0.000486 2319.0
0.000752 -0.000487 2320.0
0.000752 -0.000487 2321.0
0.000751 -0.000488 2322.0
0.000751 -0.000488 2323.0
0.000751 -0.000489 2324.0
0.000751 -0.000489 2325.0
0.000751 -0.000490 2326.0
0.000751 -0.000490 2327.0
0.000750 -0.000491 2328.0
0.000750 -0.000491 2329.0
0.000750 -0.000492 2330.0
0.000750 -0.000492 2331.0
0.000750 -0.000493 2332.0
0.000750 -0.000493 2333.0
0.000749 -0.000494 2334.0
0.000749 -0.000494 2335.0
0.000749 -0.000495 2336.0
0.000749 -0.000495 2337.0
0.000749 -0.000496 2338.0
0.000749 -0.000496 2339.0
0.000749 -0.000497 2340.0
0.000748 -0.000497 2341.0
0.000748 -0.000498 2342.0
0.000748 -0.000498 2343.0
0.000748 -0.000499 2344.0
0.000748 -0.000499 2345.0
0.000748 -0.000499 2346.0
0.000747 -0.000500 2347.0
0.000747 -0.000500 2348.0
0.000747 -0.000501 2349.0
0.000747 -0.000501 2350.0
0.000747 -0.000502 2351.0
0.000747 -0.000502 2352.0
0.000747 -0.000503 2353.0
0.000746 -0.000503 2354.0
0.000746 -0.000504 2355.0
0.000746 -0.000504 2356.0
0.000746 -0.000505 2357.0
0.000746 -0.000505 2358.0
0.000746 -0.000506 2359.0
0.000745 -0.000506 2360.0
0.000745 -0.000507 2361.0
0.000745 -0.000507 2362.0
0.000745 -0.000508 2363.0
0.000743 -0.000507 2364.0
0.000743 -0.000507 2365.0
0.000743 -0.000507 2366.0
0.000743 -0.000508 2367.0
0.000743 -0.000508 2368.0
0.000742 -0.000508 2369.0
0.000742 -0.000509 2370.0
0.000742 -0.000509 2371.0
0.000742 -0.000509 2372.0
0.000742 -0.000510 2373.0
0.000742 -0.000510 2374.0
0.000742 -0.000510 2375.0
0.000741 -0.000511 2376.0
0.000741 -0.000511 2377.0
0.000741 -0.000511 2378.0
0.000741 -0.000512 2379.0
0.000741 -0.000512 2380.0
0.000741 -0.000512 2381.0
0.000740 -0.000513 2382.0
0.000740 -0.000513 2383.0
0.000740 -0.000513 2384.0
0.000740 -0.000514 2385.0
0.000740 -0.000514 2386.0
0.000740 -0.000514 2387.0
0.000739 -0.000514 2388.0
0.000739 -0.000515 2389.0
0.000739 -0.000515 2390.0
0.000739 -0.000515 2391.0
0.000739 -0.000516 2392.0
0.000739 -0.000516 2393.0
0.000738 -0.000516 2394.0
0.000738 -0.000517 2395.0
0.000738 -0.000517 2396.0
0.000738 -0.000517 2397.0
0.000738 -0.000518 2398.0
0.000738 -0.000518 2399.0
0.000738 -0.000518 2400.0
0.000737 -0.000519 2401.0
0.000737 -0.000519 2402.0
0.000737 -0.000519 2403.0
0.000737 -0.000520 2404.0
0.000737 -0.000520 2405.0
0.000737 -0.000520 2406.0
0.000736 -0.000521 2407.0
0.000736 -0.000521 2408.0
0.000736 -0.000521 2409.0
0.000736 -0.000521 2410.0
0.000736 -0.000522 2411.0
0.000736 -0.000522 2412.0
0.000735 -0.000522 2413.0
0.000735 -0.000523 2414.0
0.000735 -0.000523 2415.0
0.000735 -0.000523 2416.0
0.000735 -0.000524 2417.0
0.000735 -0.000524 2418.0
0.000734 -0.000524 2419.0
0.000734 -0.000525 2420.0
0.000734 -0.000525 2421.0
0.000734 -0.000525 2422.0
0.000734 -0.000526 2423.0
0.000732 -0.000524 2424.0
0.000732 -0.000525 2425.0
0.000733 -0.000525 2426.0
0.000733 -0.000525 2427.0
0.000733 -0.000525 2428.0
0.000733 -0.000526 2429.0
0.000733 -0.000526 2430.0
0.000734 -0.000526 2431.0
0.000734 -0.000526 2432.0
0.000734 -0.000527 2433.0
0.000734 -0.000527 2434.0
0.000734 -0.000527 2435.0
0.000735 -0.000527 2436.0
0.000735 -0.000528 2437.0
0.000735 -0.000528 2438.0
0.000735 -0.000528 2439.0
0.000735 -0.000528 2440.0
0.000735 -0.000529 2441.0
0.000736 -0.000529 2442.0
0.000736 -0.000529 2443.0
0.000736 -0.000529 2444.0
0.000736 -0.000530 2445.0
0.000736 -0.000530 2446.0
0.000737 -0.000530 2447.0
0.000737 -0.000530 2448.0
0.000737 -0.000531 2449.0
0.000737 -0.000531 2450.0
0.000737 -0.000531 2451.0
0.000737 -0.000531 2452.0
0.000738 -0.000532 2453.0
0.000738 -0.000532 2454.0
0.000738 -0.000532 2455.0
0.000738 -0.000532 2456.0
0.000738 -0.000533 2457.0
0.000739 -0.000533 2458.0
0.000739 -0.000533 2459.0
0.000739 -0.000533 2460.0
0.000739 -0.000534 2461.0
0.000739 -0.000534 2462.0
0.000740 -0.000534 2463.0
0.000740 -0.000534 2464.0
0.000740 -0.000535 2465.0
0.000740 -0.000535 2466.0
0.000740 -0.000535 2467.0
0.000740 -0.000535 2468.0
0.000741 -0.000536 2469.0
0.000741 -0.000536 2470.0
0.000741 -0.000536 2471.0
0.000741 -0.000536 2472.0
0.000741 -0.000537 2473.0
0.000742 -0.000537 2474.0
0.000742 -0.000537 2475.0
0.000742 -0.000537 2476.0
0.000742 -0.000538 2477.0
0.000742 -0.000538 2478.0
0.000742 -0.000538 2479.0
0.000743 -0.000538 2480.0
0.000743 -0.000539 2481.0
0.000743 -0.000539 2482.0
0.000743 -0.000539 2483.0
0.000743 -0.000539 2484.0
0.000745 -0.000538 2485.0
0.000745 -0.000537 2486.0
0.000745 -0.000537 2487.0
0.000746 -0.000537 2488.0
0.000746 -0.000536 2489.0
0.000747 -0.000536 2490.0
0.000747 -0.000535 2491.0
0.000747 -0.000535 2492.0
0.000748 -0.000535 2493.0
0.000748 -0.000534 2494.0
0.000749 -0.000534 2495.0
0.000749 -0.000533 2496.0
0.000749 -0.000533 2497.0
0.000750 -0.000533 2498.0
0.000750 -0.000532 2499.0
0.000750 -0.000532 2500.0
0.000751 -0.000532 2501.0
0.000751 -0.000531 2502.0
0.000752 -0.000531 2503.0
0.000752 -0.000530 2504.0
0.000752 -0.000530 2505.0
0.000753 -0.000530 2506.0
0.000753 -0.000529 2507.0
0.000753 -0.000529 2508.0
0.000754 -0.000528 2509.0
0.000754 -0.000528 2510.0
0.000755 -0.000528 2511.0
0.000755 -0.000527 2512.0
0.000755 -0.000527 2513.0
0.000756 -0.000527 2514.0
0.000756 -0.000526 2515.0
0.000757 -0.000526 2516.0
0.000757 -0.000525 2517.0
0.000757 -0.000525 2518.0
0.000758 -0.000525 2519.0
0.000758 -0.000524 2520.0
0.000758 -0.000524 2521.0
0.000759 -0.000523 2522.0
0.000759 -0.000523 2523.0
0.000760 -0.000523 2524.0
0.000760 -0.000522 2525.0
0.000760 -0.000522 2526.0
0.000761 -0.000521 2527.0
0.000761 -0.000521 2528.0
0.000762 -0.000521 2529.0
0.000762 -0.000520 2530.0
0.000762 -0.000520 2531.0
0.000763 -0.000520 2532.0
0.000763 -0.000519 2533.0
0.000763 -0.000519 2534.0
0.000764 -0.000518 2535.0
0.000764 -0.000518 2536.0
0.000765 -0.000518 2537.0
0.000765 -0.000517 2538.0
0.000765 -0.000517 2539.0
0.000766 -0.000516 2540.0
0.000766 -0.000516 2541.0
0.000766 -0.000516 2542.0
0.000767 -0.000515 2543.0
0.000767 -0.000515 2544.0
0.000769 -0.000518 2545.0
0.000769 -0.000518 2546.0
0.000769 -0.000518 2547.0
0.000769 -0.000517 2548.0
0.000769 -0.000517 2549.0
0.000769 -0.000517 2550.0
0.000769 -0.000517 2551.0
0.000769 -0.000517 2552.0
0.000769 -0.000516 2553.0
0.000769 -0.000516 2554.0
0.000769 -0.000516 2555.0
0.000769 -0.000516 2556.0
0.000769 -0.000516 2557.0
0.000769 -0.000515 2558.0
0.000769 -0.000515 2559.0
0.000769 -0.000515 2560.0
0.000770 -0.000515 2561.0
0.000770 -0.000515 2562.0
0.000770 -0.000514 2563.0
0.000770 -0.000514 2564.0
0.000770 -0.000514 2565.0
0.000770 -0.000514 2566.0
0.000770 -0.000514 2567.0
0.000770 -0.000513 2568.0
0.000770 -0.000513 2569.0
0.000770 -0.000513 2570.0
0.000770 -0.000513 2571.0
0.000770 -0.000512 2572.0
0.000770 -0.000512 2573.0
0.000770 -0.000512 2574.0
0.000770 -0.000512 2575.0
0.000770 -0.000512 2576.0
0.000770 -0.000511 2577.0
0.000770 -0.000511 2578.0
0.000770 -0.000511 2579.0
0.000770 -0.000511 2580.0
0.000770 -0.000511 2581.0
0.000770 -0.000510 2582.0
0.000770 -0.000510 2583.0
0.000770 -0.000510 2584.0
0.000770 -0.000510 2585.0
0.000770 -0.000510 2586.0
0.000770 -0.000509 2587.0
0.000770 -0.000509 2588.0
0.000770 -0.000509 2589.0
0.000770 -0.000509 2590.0
0.000770 -0.000509 2591.0
0.000770 -0.000508 2592.0
0.000770 -0.000508 2593.0
0.000770 -0.000508 2594.0
0.000770 -0.000508 2595.0
0.000770 -0.000508 2596.0
0.000770 -0.000507 2597.0
0.000771 -0.000507 2598.0
0.000771 -0.000507 2599.0
0.000771 -0.000507 2600.0
0.000771 -0.000507 2601.0
0.000771 -0.000506 2602.0
0.000771 -0.000506 2603.0
0.000771 -0.000506 2604.0
0.000771 -0.000506 2605.0
0.000771 -0.000506 2606.0
0.000771 -0.000505 2607.0
0.000771 -0.000505 2608.0
0.000771 -0.000504 2609.0
0.000771 -0.000504 2610.0
0.000771 -0.000504 2611.0
0.000771 -0.000503 2612.0
0.000771 -0.000503 2613.0
0.000771 -0.000502 2614.0
0.000771 -0.000502 2615.0
0.000771 -0.000502 2616.0
0.000771 -0.000501 2617.0
0.000772 -0.000501 2618.0
0.000772 -0.000501 2619.0
0.000772 -0.000500 2620.0
0.000772 -0.000500 2621.0
0.000772 -0.000499 2622.0
0.000772 -0.000499 2623.0
0.000772 -0.000499 2624.0
0.000772 -0.000498 2625.0
0.000772 -0.000498 2626.0
0.000772 -0.000497 2627.0
0.000772 -0.000497 2628.0
0.000772 -0.000497 2629.0
0.000772 -0.000496 2630.0
0.000772 -0.000496 2631.0
0.000772 -0.000495 2632.0
0.000772 -0.000495 2633.0
0.000772 -0.000495 2634.0
0.000772 -0.000494 2635.0
0.000772 -0.000494 2636.0
0.000772 -0.000493 2637.0
0.000772 -0.000493 2638.0
0.000772 -0.000493 2639.0
0.000772 -0.000492 2640.0
0.000772 -0.000492 2641.0
0.000772 -0.000492 2642.0
0.000772 -0.000491 2643.0
0.000772 -0.000491 2644.0
0.000772 -0.000490 2645.0
0.000772 -0.000490 2646.0
0.000772 -0.000490 2647.0
0.000773 -0.000489 2648.0
0.000773 -0.000489 2649.0
0.000773 -0.000488 2650.0
0.000773 -0.000488 2651.0
0.000773 -0.000488 2652.0
0.000773 -0.000487 2653.0
0.000773 -0.000487 2654.0
0.000773 -0.000486 2655.0
0.000773 -0.000486 2656.0
0.000773 -0.000486 2657.0
0.000773 -0.000485 2658.0
0.000773 -0.000485 2659.0
0.000773 -0.000484 2660.0
0.000773 -0.000484 2661.0
0.000773 -0.000484 2662.0
0.000773 -0.000483 2663.0
0.000773 -0.000483 2664.0
0.000774 -0.000483 2665.0
0.000774 -0.000483 2666.0
0.000774 -0.000483 2667.0
0.000774 -0.000482 2668.0
0.000774 -0.000482 2669.0
0.000774 -0.000482 2670.0
0.000774 -0.000482 2671.0
0.000774 -0.000481 2672.0
0.000774 -0.000481 2673.0
0.000774 -0.000481 2674.0
0.000774 -0.000481 2675.0
0.000774 -0.000481 2676.0
0.000774 -0.000480 2677.0
0.000774 -0.000480 2678.0
0.000774 -0.000480 2679.0
0.000774 -0.000480 2680.0
0.000774 -0.000479 2681.0
0.000774 -0.000479 2682.0
0.000774 -0.000479 2683.0
0.000774 -0.000479 2684.0
0.000774 -0.000479 2685.0
0.000774 -0.000478 2686.0
0.000774 -0.000478 2687.0
0.000774 -0.000478 2688.0
0.000774 -0.000478 2689.0
0.000774 -0.000477 2690.0
0.000774 -0.000477 2691.0
0.000774 -0.000477 2692.0
0.000774 -0.000477 2693.0
0.000774 -0.000477 2694.0
0.000774 -0.000476 2695.0
0.000774 -0.000476 2696.0
0.000774 -0.000476 2697.0
0.000774 -0.000476 2698.0
0.000774 -0.000475 2699.0
0.000774 -0.000475 2700.0
0.000774 -0.000475 2701.0
0.000774 -0.000475 2702.0
0.000774 -0.000475 2703.0
0.000774 -0.000474 2704.0
0.000774 -0.000474 2705.0
0.000774 -0.000474 2706.0
0.000774 -0.000474 2707.0
0.000774 -0.000474 2708.0
0.000774 -0.000473 2709.0
0.000774 -0.000473 2710.0
0.000774 -0.000473 2711.0
0.000774 -0.000473 2712.0
0.000774 -0.000472 2713.0
0.000774 -0.000472 2714.0
0.000774 -0.000472 2715.0
0.000774 -0.000472 2716.0
0.000774 -0.000472 2717.0
0.000774 -0.000471 2718.0
0.000774 -0.000471 2719.0
0.000774 -0.000471 2720.0
0.000774 -0.000471 2721.0
0.000774 -0.000470 2722.0
0.000774 -0.000470 2723.0
0.000774 -0.000470 2724.0
0.000774 -0.000470 2725.0
0.000774 -0.000470 2726.0
0.000774 -0.000470 2727.0
0.000774 -0.000470 2728.0
0.000773 -0.000470 2729.0
0.000773 -0.000470 2730.0
0.000773 -0.000470 2731.0
0.000773 -0.000470 2732.0
0.000773 -0.000470 2733.0
0.000773 -0.000470 2734.0
0.000773 -0.000470 2735.0
0.000773 -0.000470 2736.0
0.000773 -0.000470 2737.0
0.000773 -0.000470 2738.0
0.000773 -0.000470 2739.0
0.000773 -0.000470 2740.0
0.000772 -0.000470 2741.0
0.000772 -0.000470 2742.0
0.000772 -0.000470 2743.0
0.000772 -0.000470 2744.0
0.000772 -0.000470 2745.0
0.000772 -0.000470 2746.0
0.000772 -0.000470 2747.0
0.000772 -0.000470 2748.0
0.000772 -0.000470 2749.0
0.000772 -0.000470 2750.0
0.000772 -0.000470 2751.0
0.000772 -0.000470 2752.0
0.000771 -0.000470 2753.0
0.000771 -0.000470 2754.0
0.000771 -0.000470 2755.0
0.000771 -0.000470 2756.0
0.000771 -0.000470 2757.0
0.000771 -0.000470 2758.0
0.000771 -0.000471 2759.0
0.000771 -0.000471 2760.0
0.000771 -0.000471 2761.0
0.000771 -0.000471 2762.0
0.000771 -0.000471 2763.0
0.000771 -0.000471 2764.0
0.000770 -0.000471 2765.0
0.000770 -0.000471 2766.0
0.000770 -0.000471 2767.0
0.000770 -0.000471 2768.0
0.000770 -0.000471 2769.0
0.000770 -0.000471 2770.0
0.000770 -0.000471 2771.0
0.000770 -0.000471 2772.0
0.000770 -0.000471 2773.0
0.000770 -0.000471 2774.0
0.000770 -0.000471 2775.0
0.000770 -0.000471 2776.0
0.000769 -0.000471 2777.0
0.000769 -0.000471 2778.0
0.000769 -0.000471 2779.0
0.000769 -0.000471 2780.0
0.000769 -0.000471 2781.0
0.000769 -0.000471 2782.0
0.000769 -0.000471 2783.0
0.000769 -0.000471 2784.0
0.000769 -0.000471 2785.0
0.000769 -0.000471 2786.0
0.000769 -0.000471 2787.0
0.000769 -0.000471 2788.0
0.000769 -0.000471 2789.0
0.000769 -0.000471 2790.0
0.000769 -0.000471 2791.0
0.000769 -0.000471 2792.0
0.000769 -0.000471 2793.0
0.000769 -0.000471 2794.0
0.000769 -0.000471 2795.0
0.000769 -0.000471 2796.0
0.000769 -0.000471 2797.0
0.000769 -0.000471 2798.0
0.000769 -0.000471 2799.0
0.000769 -0.000471 2800.0
0.000769 -0.000471 2801.0
0.000769 -0.000471 2802.0
0.000769 -0.000471 2803.0
0.000769 -0.000471 2804.0
0.000769 -0.000471 2805.0
0.000769 -0.000471 2806.0
0.000769 -0.000471 2807.0
0.000769 -0.000471 2808.0
0.000769 -0.000471 2809.0
0.000769 -0.000471 2810.0
0.000769 -0.000471 2811.0
0.000769 -0.000471 2812.0
0.000769 -0.000471 2813.0
0.000769 -0.000471 2814.0
0.000769 -0.000471 2815.0
0.000769 -0.000471 2816.0
0.000769 -0.000471 2817.0
0.000769 -0.000471 2818.0
0.000769 -0.000471 2819.0
0.000769 -0.000471 2820.0
0.000769 -0.000471 2821.0
0.000769 -0.000471 2822.0
0.000769 -0.000471 2823.0
0.000769 -0.000471 2824.0
0.000769 -0.000471 2825.0
0.000769 -0.000471 2826.0
0.000769 -0.000471 2827.0
0.000769 -0.000471 2828.0
0.000769 -0.000471 2829.0
0.000769 -0.000471 2830.0
0.000769 -0.000471 2831.0
0.000769 -0.000471 2832.0
0.000769 -0.000471 2833.0
0.000769 -0.000471 2834.0
0.000769 -0.000471 2835.0
0.000769 -0.000470 2836.0
0.000769 -0.000470 2837.0
0.000769 -0.000470 2838.0
0.000769 -0.000470 2839.0
0.000769 -0.000470 2840.0
0.000769 -0.000470 2841.0
0.000769 -0.000470 2842.0
0.000769 -0.000470 2843.0
0.000769 -0.000470 2844.0
0.000769 -0.000470 2845.0
0.000769 -0.000470 2846.0
0.000770 -0.000470 2847.0
0.000770 -0.000470 2848.0
0.000769 -0.000470 2849.0
0.000769 -0.000470 2850.0
0.000769 -0.000470 2851.0
0.000769 -0.000470 2852.0
0.000769 -0.000470 2853.0
0.000769 -0.000470 2854.0
0.000769 -0.000470 2855.0
0.000769 -0.000470 2856.0
0.000769 -0.000470 2857.0
0.000769 -0.000470 2858.0
0.000769 -0.000470 2859.0
0.000769 -0.000470 2860.0
0.000769 -0.000470 2861.0
0.000769 -0.000470 2862.0
0.000769 -0.000470 2863.0
0.000769 -0.000470 2864.0
0.000769 -0.000470 2865.0
0.000769 -0.000470 2866.0
0.000769 -0.000470 2867.0
0.000769 -0.000470 2868.0
0.000769 -0.000471 2869.0
0.000769 -0.000471 2870.0
0.000769 -0.000471 2871.0
0.000769 -0.000471 2872.0
0.000769 -0.000471 2873.0
0.000769 -0.000471 2874.0
0.000769 -0.000471 2875.0
0.000769 -0.000471 2876.0
0.000769 -0.000471 2877.0
0.000769 -0.000471 2878.0
0.000769 -0.000471 2879.0
0.000769 -0.000471 2880.0
0.000769 -0.000471 2881.0
0.000769 -0.000471 2882.0
0.000769 -0.000471 2883.0
0.000769 -0.000471 2884.0
0.000769 -0.000471 2885.0
0.000769 -0.000471 2886.0
0.000769 -0.000471 2887.0
0.000769 -0.000471 2888.0
0.000769 -0.000471 2889.0
0.000769 -0.000471 2890.0
0.000769 -0.000471 2891.0
0.000769 -0.000471 2892.0
0.000769 -0.000471 2893.0
0.000769 -0.000471 2894.0
0.000769 -0.000471 2895.0
0.000769 -0.000472 2896.0
0.000769 -0.000472 2897.0
0.000769 -0.000472 2898.0
0.000769 -0.000472 2899.0
0.000769 -0.000472 2900.0
0.000769 -0.000472 2901.0
0.000769 -0.000472 2902.0
0.000769 -0.000472 2903.0
0.000769 -0.000472 2904.0
0.000769 -0.000472 2905.0
0.000769 -0.000472 2906.0
0.000769 -0.000472 2907.0
0.000769 -0.000472 2908.0
0.000769 -0.000472 2909.0
0.000769 -0.000472 2910.0
0.000769 -0.000472 2911.0
0.000769 -0.000472 2912.0
0.000769 -0.000472 2913.0
0.000769 -0.000472 2914.0
0.000769 -0.000472 2915.0
0.000769 -0.000472 2916.0
0.000769 -0.000472 2917.0
0.000769 -0.000472 2918.0
0.000769 -0.000472 2919.0
0.000769 -0.000472 2920.0
0.000769 -0.000472 2921.0
0.000769 -0.000472 2922.0
0.000769 -0.000472 2923.0
0.000769 -0.000472 2924.0
0.000769 -0.000472 2925.0
0.000769 -0.000472 2926.0
0.000769 -0.000472 2927.0
0.000769 -0.000472 2928.0
0.000769 -0.000472 2929.0
0.000769 -0.000472 2930.0
0.000769 -0.000472 2931.0
0.000769 -0.000472 2932.0
0.000769 -0.000472 2933.0
0.000769 -0.000472 2934.0
0.000769 -0.000472 2935.0
0.000769 -0.000472 2936.0
0.000769 -0.000472 2937.0
0.000769 -0.000472 2938.0
0.000769 -0.000472 2939.0
0.000769 -0.000472 2940.0
0.000769 -0.000472 2941.0
0.000769 -0.000472 2942.0
0.000769 -0.000472 2943.0
0.000769 -0.000472 2944.0
0.000769 -0.000472 2945.0
0.000769 -0.000472 2946.0
0.000769 -0.000472 2947.0
0.000769 -0.000472 2948.0
0.000769 -0.000471 2949.0
0.000769 -0.000471 2950.0
0.000769 -0.000471 2951.0
0.000769 -0.000471 2952.0
0.000769 -0.000471 2953.0
0.000769 -0.000471 2954.0
0.000769 -0.000471 2955.0
0.000769 -0.000471 2956.0
0.000769 -0.000471 2957.0
0.000769 -0.000471 2958.0
0.000769 -0.000471 2959.0
0.000769 -0.000471 2960.0
0.000770 -0.000471 2961.0
0.000770 -0.000471 2962.0
0.000770 -0.000471 2963.0
0.000770 -0.000471 2964.0
0.000770 -0.000471 2965.0
0.000770 -0.000471 2966.0
0.000770 -0.000471 2967.0
0.000770 -0.000471 2968.0
0.000770 -0.000471 2969.0
0.000770 -0.000471 2970.0
0.000770 -0.000471 2971.0
0.000770 -0.000471 2972.0
0.000770 -0.000471 2973.0
0.000770 -0.000471 2974.0
0.000770 -0.000471 2975.0
0.000770 -0.000471 2976.0
0.000770 -0.000471 2977.0
0.000770 -0.000471 2978.0
0.000770 -0.000471 2979.0
0.000770 -0.000471 2980.0
0.000770 -0.000471 2981.0
0.000770 -0.000471 2982.0
0.000770 -0.000471 2983.0
0.000770 -0.000471 2984.0
0.000770 -0.000471 2985.0
0.000770 -0.000471 2986.0
0.000770 -0.000471 2987.0
0.000770 -0.000471 2988.0
0.000770 -0.000471 2989.0
0.000770 -0.000471 2990.0
0.000770 -0.000471 2991.0
0.000770 -0.000471 2992.0
0.000770 -0.000471 2993.0
0.000770 -0.000471 2994.0
0.000770 -0.000471 2995.0
0.000770 -0.000471 2996.0
0.000770 -0.000471 2997.0
0.000770 -0.000471 2998.0
0.000770 -0.000471 2999.0
0.000770 -0.000471 3000.0
0.000770 -0.000471 3001.0
0.000770 -0.000471 3002.0
0.000770 -0.000471 3003.0
0.000770 -0.000471 3004.0
0.000770 -0.000471 3005.0
0.000770 -0.000471 3006.0
0.000770 -0.000471 3007.0
0.000770 -0.000471 3008.0
0.000770 -0.000471 3009.0
0.000770 -0.000471 3010.0
0.000770 -0.000471 3011.0
0.000770 -0.000471 3012.0
0.000770 -0.000471 3013.0
0.000770 -0.000471 3014.0
0.000770 -0.000471 3015.0
0.000770 -0.000471 3016.0
0.000770 -0.000471 3017.0
0.000770 -0.000471 3018.0
0.000770 -0.000471 3019.0
0.000770 -0.000471 3020.0
0.000770 -0.000471 3021.0
0.000770 -0.000471 3022.0
0.000770 -0.000471 3023.0
0.000770 -0.000471 3024.0
0.000770 -0.000471 3025.0
0.000770 -0.000471 3026.0
0.000770 -0.000471 3027.0
0.000770 -0.000471 3028.0
0.000770 -0.000471 3029.0
0.000770 -0.000471 3030.0
0.000770 -0.000471 3031.0
0.000770 -0.000471 3032.0
0.000770 -0.000471 3033.0
0.000770 -0.000471 3034.0
0.000770 -0.000471 3035.0
0.000770 -0.000471 3036.0
0.000770 -0.000471 3037.0
0.000770 -0.000471 3038.0
0.000770 -0.000471 3039.0
0.000770 -0.000471 3040.0
0.000770 -0.000471 3041.0
0.000770 -0.000471 3042.0
0.000770 -0.000471 3043.0
0.000770 -0.000471 3044.0
0.000770 -0.000471 3045.0
0.000770 -0.000471 3046.0
0.000770 -0.000471 3047.0
0.000770 -0.000471 3048.0
0.000770 -0.000471 3049.0
0.000770 -0.000471 3050.0
0.000770 -0.000471 3051.0
0.000770 -0.000471 3052.0
0.000770 -0.000471 3053.0
0.000770 -0.000471 3054.0
0.000770 -0.000471 3055.0
0.000770 -0.000471 3056.0
0.000770 -0.000471 3057.0
0.000770 -0.000471 3058.0
0.000770 -0.000471 3059.0
0.000770 -0.000471 3060.0
0.000770 -0.000471 3061.0
0.000770 -0.000470 3062.0
0.000770 -0.000470 3063.0
0.000770 -0.000470 3064.0
0.000770 -0.000470 3065.0
0.000770 -0.000470 3066.0
0.000770 -0.000470 3067.0
0.000770 -0.000470 3068.0
0.000770 -0.000470 3069.0
0.000770 -0.000470 3070.0
0.000770 -0.000470 3071.0
0.000770 -0.000470 3072.0
0.000770 -0.000470 3073.0
0.000770 -0.000470 3074.0
0.000770 -0.000470 3075.0
0.000770 -0.000470 3076.0
0.000770 -0.000470 3077.0
0.000770 -0.000470 3078.0
0.000770 -0.000470 3079.0
0.000770 -0.000470 3080.0
0.000770 -0.000470 3081.0
0.000770 -0.000470 3082.0
0.000770 -0.000470 3083.0
0.000770 -0.000470 3084.0
0.000770 -0.000470 3085.0
0.000770 -0.000470 3086.0
0.000770 -0.000470 3087.0
0.000770 -0.000470 3088.0
0.000770 -0.000470 3089.0
0.000770 -0.000470 3090.0
0.000770 -0.000470 3091.0
0.000770 -0.000470 3092.0
0.000770 -0.000470 3093.0
0.000770 -0.000470 3094.0
0.000770 -0.000470 3095.0
0.000770 -0.000470 3096.0
0.000770 -0.000470 3097.0
0.000770 -0.000470 3098.0
0.000770 -0.000470 3099.0
0.000770 -0.000470 3100.0
0.000770 -0.000470 3101.0
0.000770 -0.000470 3102.0
0.000770 -0.000470 3103.0
0.000770 -0.000470 3104.0
0.000770 -0.000470 3105.0
0.000770 -0.000470 3106.0
0.000770 -0.000470 3107.0
0.000770 -0.000470 3108.0
0.000770 -0.000470 3109.0
0.000770 -0.000470 3110.0
0.000770 -0.000470 3111.0
0.000770 -0.000470 3112.0
0.000770 -0.000470 3113.0
0.000770 -0.000470 3114.0
0.000770 -0.000470 3115.0
0.000770 -0.000470 3116.0
0.000770 -0.000470 3117.0
0.000770 -0.000470 3118.0
0.000770 -0.000470 3119.0
0.000770 -0.000470 3120.0
0.000770 -0.000470 3121.0
0.000770 -0.000470 3122.0
0.000770 -0.000470 3123.0
0.000770 -0.000470 3124.0
0.000770 -0.000470 3125.0
0.000770 -0.000470 3126.0
0.000770 -0.000470 3127.0
0.000770 -0.000470 3128.0
0.000770 -0.000470 3129.0
0.000770 -0.000470 3130.0
0.000770 -0.000470 3131.0
0.000770 -0.000470 3132.0
0.000770 -0.000470 3133.0
0.000770 -0.000470 3134.0
0.000770 -0.000470 3135.0
0.000770 -0.000470 3136.0
0.000770 -0.000470 3137.0
0.000770 -0.000470 3138.0
0.000770 -0.000470 3139.0
0.000770 -0.000470 3140.0
0.000770 -0.000470 3141.0
0.000770 -0.000470 3142.0
0.000770 -0.000470 3143.0
0.000770 -0.000470 3144.0
0.000770 -0.000470 3145.0
0.000770 -0.000470 3146.0
0.000770 -0.000470 3147.0
0.000770 -0.000470 3148.0
0.000770 -0.000470 3149.0
0.000770 -0.000470 3150.0
0.000770 -0.000470 3151.0
0.000770 -0.000470 3152.0
0.000770 -0.000470 3153.0
0.000770 -0.000470 3154.0
0.000770 -0.000470 3155.0
0.000770 -0.000470 3156.0
0.000770 -0.000470 3157.0
0.000770 -0.000470 3158.0
0.000770 -0.000470 3159.0
0.000770 -0.000470 3160.0
0.000770 -0.000470 3161.0
0.000770 -0.000470 3162.0
0.000770 -0.000470 3163.0
0.000770 -0.000470 3164.0
0.000770 -0.000470 3165.0
0.000770 -0.000470 3166.0
0.000770 -0.000470 3167.0
0.000770 -0.000470 3168.0
0.000770 -0.000470 3169.0
0.000770 -0.000470 3170.0
0.000770 -0.000470 3171.0
0.000770 -0.000470 3172.0
0.000770 -0.000470 3173.0
0.000770 -0.000470 3174.0
0.000770 -0.000470 3175.0
0.000770 -0.000470 3176.0
0.000770 -0.000470 3177.0
0.000770 -0.000470 3178.0
0.000770 -0.000470 3179.0
0.000769 -0.000470 3180.0
0.000769 -0.000470 3181.0
0.000769 -0.000470 3182.0
0.000769 -0.000470 3183.0
0.000769 -0.000470 3184.0
0.000769 -0.000470 3185.0
0.000769 -0.000470 3186.0
0.000769 -0.000470 3187.0
0.000769 -0.000470 3188.0
0.000769 -0.000470 3189.0
0.000769 -0.000470 3190.0
0.000769 -0.000470 3191.0
0.000769 -0.000470 3192.0
0.000768 -0.000470 3193.0
0.000768 -0.000470 3194.0
0.000768 -0.000470 3195.0
0.000768 -0.000470 3196.0
0.000768 -0.000470 3197.0
0.000768 -0.000470 3198.0
0.000768 -0.000469 3199.0
0.000768 -0.000469 3200.0
0.000768 -0.000469 3201.0
0.000768 -0.000469 3202.0
0.000768 -0.000470 3203.0
0.000766 -0.000469 3204.0
0.000766 -0.000469 3205.0
0.000766 -0.000469 3206.0
0.000765 -0.000469 3207.0
0.000765 -0.000469 3208.0
0.000764 -0.000470 3209.0
0.000764 -0.000470 3210.0
0.000763 -0.000470 3211.0
0.000763 -0.000470 3212.0
0.000762 -0.000470 3213.0
0.000762 -0.000471 3214.0
0.000761 -0.000471 3215.0
0.000760 -0.000471 3216.0
0.000760 -0.000471 3217.0
0.000759 -0.000472 3218.0
0.000759 -0.000472 3219.0
0.000758 -0.000472 3220.0
0.000758 -0.000472 3221.0
0.000757 -0.000472 3222.0
0.000757 -0.000473 3223.0
0.000756 -0.000473 3224.0
0.000756 -0.000473 3225.0
0.000755 -0.000473 3226.0
0.000755 -0.000473 3227.0
0.000754 -0.000474 3228.0
0.000754 -0.000474 3229.0
0.000753 -0.000474 3230.0
0.000753 -0.000474 3231.0
0.000752 -0.000474 3232.0
0.000752 -0.000475 3233.0
0.000751 -0.000475 3234.0
0.000751 -0.000475 3235.0
0.000750 -0.000475 3236.0
0.000750 -0.000476 3237.0
0.000749 -0.000476 3238.0
0.000749 -0.000476 3239.0
0.000748 -0.000476 3240.0
0.000748 -0.000476 3241.0
0.000747 -0.000477 3242.0
0.000747 -0.000477 3243.0
0.000746 -0.000477 3244.0
0.000746 -0.000477 3245.0
0.000745 -0.000477 3246.0
0.000745 -0.000478 3247.0
0.000744 -0.000478 3248.0
0.000744 -0.000478 3249.0
0.000743 -0.000478 3250.0
0.000743 -0.000478 3251.0
0.000742 -0.000479 3252.0
0.000742 -0.000479 3253.0
0.000741 -0.000479 3254.0
0.000741 -0.000479 3255.0
0.000740 -0.000479 3256.0
0.000740 -0.000480 3257.0
0.000739 -0.000480 3258.0
0.000738 -0.000480 3259.0
0.000738 -0.000480 3260.0
0.000737 -0.000481 3261.0
0.000737 -0.000481 3262.0
0.000736 -0.000481 3263.0
0.000736 -0.000481 3264.0
0.000735 -0.000479 3265.0
0.000735 -0.000479 3266.0
0.000735 -0.000480 3267.0
0.000735 -0.000481 3268.0
0.000735 -0.000481 3269.0
0.000735 -0.000482 3270.0
0.000735 -0.000483 3271.0
0.000735 -0.000483 3272.0
0.000735 -0.000484 3273.0
0.000735 -0.000484 3274.0
0.000735 -0.000485 3275.0
0.000735 -0.000486 3276.0
0.000735 -0.000486 3277.0
0.000735 -0.000487 3278.0
0.000735 -0.000488 3279.0
0.000735 -0.000488 3280.0
0.000735 -0.000489 3281.0
0.000735 -0.000490 3282.0
0.000735 -0.000490 3283.0
0.000735 -0.000491 3284.0
0.000735 -0.000491 3285.0
0.000735 -0.000492 3286.0
0.000735 -0.000493 3287.0
0.000735 -0.000493 3288.0
0.000735 -0.000494 3289.0
0.000735 -0.000495 3290.0
0.000735 -0.000495 3291.0
0.000735 -0.000496 3292.0
0.000735 -0.000496 3293.0
0.000735 -0.000497 3294.0
0.000734 -0.000498 3295.0
0.000734 -0.000498 3296.0
0.000734 -0.000499 3297.0
0.000734 -0.000500 3298.0
0.000734 -0.000500 3299.0
0.000734 -0.000501 3300.0
0.000734 -0.000501 3301.0
0.000734 -0.000502 3302.0
0.000734 -0.000503 3303.0
0.000734 -0.000503 3304.0
0.000734 -0.000504 3305.0
0.000734 -0.000505 3306.0
0.000734 -0.000505 3307.0
0.000734 -0.000506 3308.0
0.000734 -0.000506 3309.0
0.000734 -0.000507 3310.0
0.000734 -0.000508 3311.0
0.000734 -0.000508 3312.0
0.000734 -0.000509 3313.0
0.000734 -0.000510 3314.0
0.000734 -0.000510 3315.0
0.000734 -0.000511 3316.0
0.000734 -0.000512 3317.0
0.000734 -0.000512 3318.0
0.000734 -0.000513 3319.0
0.000734 -0.000513 3320.0
0.000734 -0.000514 3321.0
0.000734 -0.000515 3322.0
0.000734 -0.000515 3323.0
0.000734 -0.000516 3324.0
0.000734 -0.000517 3325.0
0.000734 -0.000517 3326.0
0.000733 -0.000518 3327.0
0.000733 -0.000518 3328.0
0.000733 -0.000519 3329.0
0.000733 -0.000520 3330.0
0.000733 -0.000520 3331.0
0.000733 -0.000520 3332.0
0.000733 -0.000521 3333.0
0.000733 -0.000522 3334.0
0.000733 -0.000523 3335.0
0.000732 -0.000524 3336.0
0.000732 -0.000524 3337.0
0.000732 -0.000525 3338.0
0.000732 -0.000526 3339.0
0.000732 -0.000527 3340.0
0.000732 -0.000528 3341.0
0.000732 -0.000528 3342.0
0.000732 -0.000529 3343.0
0.000732 -0.000530 3344.0
0.000732 -0.000531 3345.0
0.000732 -0.000532 3346.0
0.000732 -0.000532 3347.0
0.000731 -0.000533 3348.0
0.000731 -0.000534 3349.0
0.000731 -0.000535 3350.0
0.000731 -0.000536 3351.0
0.000731 -0.000536 3352.0
0.000731 -0.000537 3353.0
0.000731 -0.000538 3354.0
0.000731 -0.000539 3355.0
0.000731 -0.000539 3356.0
0.000731 -0.000540 3357.0
0.000731 -0.000541 3358.0
0.000730 -0.000542 3359.0
0.000730 -0.000543 3360.0
0.000730 -0.000543 3361.0
0.000730 -0.000544 3362.0
0.000730 -0.000545 3363.0
0.000730 -0.000546 3364.0
0.000730 -0.000547 3365.0
0.000729 -0.000546 3366.0
0.000729 -0.000546 3367.0
0.000729 -0.000546 3368.0
0.000728 -0.000546 3369.0
0.000728 -0.000546 3370.0
0.000728 -0.000546 3371.0
0.000727 -0.000546 3372.0
0.000727 -0.000546 3373.0
0.000727 -0.000546 3374.0
0.000726 -0.000546 3375.0
0.000726 -0.000546 3376.0
0.000726 -0.000546 3377.0
0.000726 -0.000546 3378.0
0.000725 -0.000546 3379.0
0.000725 -0.000545 3380.0
0.000725 -0.000545 3381.0
0.000724 -0.000545 3382.0
0.000724 -0.000545 3383.0
0.000724 -0.000545 3384.0
0.000723 -0.000545 3385.0
0.000723 -0.000545 3386.0
0.000723 -0.000545 3387.0
0.000722 -0.000545 3388.0
0.000722 -0.000545 3389.0
0.000722 -0.000545 3390.0
0.000721 -0.000545 3391.0
0.000721 -0.000545 3392.0
0.000721 -0.000545 3393.0
0.000721 -0.000545 3394.0
0.000720 -0.000544 3395.0
0.000720 -0.000544 3396.0
0.000720 -0.000544 3397.0
0.000719 -0.000544 3398.0
0.000719 -0.000544 3399.0
0.000719 -0.000544 3400.0
0.000718 -0.000544 3401.0
0.000718 -0.000544 3402.0
0.000718 -0.000544 3403.0
0.000717 -0.000544 3404.0
0.000717 -0.000544 3405.0
0.000717 -0.000544 3406.0
0.000716 -0.000544 3407.0
0.000716 -0.000544 3408.0
0.000716 -0.000544 3409.0
0.000716 -0.000543 3410.0
0.000715 -0.000543 3411.0
0.000715 -0.000543 3412.0
0.000715 -0.000543 3413.0
0.000714 -0.000543 3414.0
0.000714 -0.000543 3415.0
0.000714 -0.000544 3416.0
0.000714 -0.000544 3417.0
0.000713 -0.000544 3418.0
0.000713 -0.000543 3419.0
0.000712 -0.000543 3420.0
0.000712 -0.000543 3421.0
0.000712 -0.000543 3422.0
0.000711 -0.000543 3423.0
0.000711 -0.000543 3424.0
0.000711 -0.000543 3425.0
0.000710 -0.000543 3426.0
0.000710 -0.000543 3427.0
0.000710 -0.000543 3428.0
0.000709 -0.000543 3429.0
0.000709 -0.000543 3430.0
0.000709 -0.000542 3431.0
0.000708 -0.000542 3432.0
0.000708 -0.000542 3433.0
0.000708 -0.000542 3434.0
0.000707 -0.000542 3435.0
0.000707 -0.000542 3436.0
0.000707 -0.000542 3437.0
0.000706 -0.000542 3438.0
0.000706 -0.000542 3439.0
0.000705 -0.000542 3440.0
0.000705 -0.000542 3441.0
0.000705 -0.000541 3442.0
0.000704 -0.000541 3443.0
0.000704 -0.000541 3444.0
0.000704 -0.000541 3445.0
0.000703 -0.000541 3446.0
0.000703 -0.000541 3447.0
0.000703 -0.000541 3448.0
0.000702 -0.000541 3449.0
0.000702 -0.000541 3450.0
0.000702 -0.000541 3451.0
0.000701 -0.000541 3452.0
0.000701 -0.000540 3453.0
0.000701 -0.000540 3454.0
0.000700 -0.000540 3455.0
0.000700 -0.000540 3456.0
0.000699 -0.000540 3457.0
0.000699 -0.000540 3458.0
0.000699 -0.000540 3459.0
0.000698 -0.000540 3460.0
0.000698 -0.000540 3461.0
0.000698 -0.000540 3462.0
0.000697 -0.000540 3463.0
0.000697 -0.000539 3464.0
0.000697 -0.000539 3465.0
0.000696 -0.000539 3466.0
0.000696 -0.000539 3467.0
0.000696 -0.000539 3468.0
0.000695 -0.000539 3469.0
0.000695 -0.000539 3470.0
0.000695 -0.000539 3471.0
0.000694 -0.000539 3472.0
0.000694 -0.000539 3473.0
0.000694 -0.000539 3474.0
0.000693 -0.000538 3475.0
0.000693 -0.000540 3476.0
0.000693 -0.000539 3477.0
0.000692 -0.000539 3478.0
0.000692 -0.000539 3479.0
0.000692 -0.000539 3480.0
0.000691 -0.000539 3481.0
0.000691 -0.000539 3482.0
0.000691 -0.000539 3483.0
0.000691 -0.000539 3484.0
0.000690 -0.000539 3485.0
0.000690 -0.000539 3486.0
0.000690 -0.000539 3487.0
0.000689 -0.000539 3488.0
0.000689 -0.000538 3489.0
0.000689 -0.000538 3490.0
0.000688 -0.000538 3491.0
0.000688 -0.000538 3492.0
0.000688 -0.000538 3493.0
0.000687 -0.000538 3494.0
0.000687 -0.000538 3495.0
0.000687 -0.000538 3496.0
0.000687 -0.000538 3497.0
0.000686 -0.000538 3498.0
0.000686 -0.000538 3499.0
0.000686 -0.000538 3500.0
0.000685 -0.000537 3501.0
0.000685 -0.000537 3502.0
0.000685 -0.000537 3503.0
0.000684 -0.000537 3504.0
0.000684 -0.000537 3505.0
0.000684 -0.000537 3506.0
0.000683 -0.000537 3507.0
0.000683 -0.000537 3508.0
0.000683 -0.000537 3509.0
0.000682 -0.000537 3510.0
0.000682 -0.000537 3511.0
0.000682 -0.000536 3512.0
0.000682 -0.000536 3513.0
0.000681 -0.000536 3514.0
0.000681 -0.000536 3515.0
0.000681 -0.000536 3516.0
0.000680 -0.000536 3517.0
0.000680 -0.000536 3518.0
0.000680 -0.000536 3519.0
0.000679 -0.000536 3520.0
0.000679 -0.000536 3521.0
0.000679 -0.000536 3522.0
0.000678 -0.000536 3523.0
0.000678 -0.000535 3524.0
0.000678 -0.000535 3525.0
0.000678 -0.000535 3526.0
0.000677 -0.000535 3527.0
0.000677 -0.000535 3528.0
0.000677 -0.000535 3529.0
0.000676 -0.000535 3530.0
0.000676 -0.000535 3531.0
0.000676 -0.000535 3532.0
0.000675 -0.000535 3533.0
0.000675 -0.000535 3534.0
0.000675 -0.000536 3535.0
0.000675 -0.000536 3536.0
0.000674 -0.000536 3537.0
0.000674 -0.000537 3538.0
0.000673 -0.000537 3539.0
0.000673 -0.000538 3540.0
0.000673 -0.000538 3541.0
0.000672 -0.000539 3542.0
0.000672 -0.000539 3543.0
0.000671 -0.000540 3544.0
0.000671 -0.000540 3545.0
0.000671 -0.000541 3546.0
0.000670 -0.000541 3547.0
0.000670 -0.000541 3548.0
0.000669 -0.000542 3549.0
0.000669 -0.000542 3550.0
0.000669 -0.000543 3551.0
0.000668 -0.000543 3552.0
0.000668 -0.000544 3553.0
0.000668 -0.000544 3554.0
0.000667 -0.000545 3555.0
0.000667 -0.000545 3556.0
0.000666 -0.000545 3557.0
0.000666 -0.000546 3558.0
0.000666 -0.000546 3559.0
0.000665 -0.000547 3560.0
0.000665 -0.000547 3561.0
0.000664 -0.000548 3562.0
0.000664 -0.000548 3563.0
0.000664 -0.000549 3564.0
0.000663 -0.000549 3565.0
0.000663 -0.000549 3566.0
0.000662 -0.000550 3567.0
0.000662 -0.000550 3568.0
0.000662 -0.000551 3569.0
0.000661 -0.000551 3570.0
0.000661 -0.000552 3571.0
0.000661 -0.000552 3572.0
0.000660 -0.000553 3573.0
0.000660 -0.000553 3574.0
0.000659 -0.000553 3575.0
0.000659 -0.000554 3576.0
0.000659 -0.000554 3577.0
0.000658 -0.000555 3578.0
0.000658 -0.000555 3579.0
0.000657 -0.000556 3580.0
0.000657 -0.000556 3581.0
0.000657 -0.000557 3582.0
0.000656 -0.000557 3583.0
0.000656 -0.000558 3584.0
0.000655 -0.000558 3585.0
0.000655 -0.000558 3586.0
0.000655 -0.000559 3587.0
0.000654 -0.000559 3588.0
0.000654 -0.000560 3589.0
0.000654 -0.000560 3590.0
0.000653 -0.000561 3591.0
0.000653 -0.000561 3592.0
0.000652 -0.000562 3593.0
0.000652 -0.000562 3594.0
0.000650 -0.000559 3595.0
