0.000696 -0.000631 7.0
0.000696 -0.000630 8.0
0.000696 -0.000628 9.0
0.000696 -0.000627 10.0
0.000697 -0.000626 11.0
0.000697 -0.000625 12.0
0.000697 -0.000624 13.0
0.000697 -0.000623 14.0
0.000697 -0.000622 15.0
0.000697 -0.000621 16.0
0.000697 -0.000619 17.0
0.000697 -0.000618 18.0
0.000697 -0.000617 19.0
0.000697 -0.000616 20.0
0.000698 -0.000615 21.0
0.000698 -0.000614 22.0
0.000698 -0.000613 23.0
0.000698 -0.000612 24.0
0.000698 -0.000611 25.0
0.000698 -0.000609 26.0
0.000698 -0.000608 27.0
0.000698 -0.000607 28.0
0.000698 -0.000606 29.0
0.000698 -0.000605 30.0
0.000699 -0.000604 31.0
0.000699 -0.000603 32.0
0.000699 -0.000602 33.0
0.000699 -0.000600 34.0
0.000699 -0.000599 35.0
0.000699 -0.000598 36.0
0.000699 -0.000597 37.0
0.000699 -0.000596 38.0
0.000699 -0.000595 39.0
0.000700 -0.000594 40.0
0.000700 -0.000593 41.0
0.000700 -0.000591 42.0
0.000700 -0.000590 43.0
0.000700 -0.000589 44.0
0.000700 -0.000588 45.0
0.000700 -0.000587 46.0
0.000700 -0.000586 47.0
0.000700 -0.000585 48.0
0.000700 -0.000584 49.0
0.000701 -0.000582 50.0
0.000701 -0.000581 51.0
0.000701 -0.000580 52.0
0.000701 -0.000579 53.0
0.000701 -0.000578 54.0
0.000701 -0.000577 55.0
0.000702 -0.000577 56.0
0.000702 -0.000576 57.0
0.000702 -0.000576 58.0
0.000703 -0.000575 59.0
0.000703 -0.000575 60.0
0.000703 -0.000574 61.0
0.000703 -0.000573 62.0
0.000703 -0.000573 63.0
0.000703 -0.000572 64.0
0.000703 -0.000571 65.0
0.000703 -0.000571 66.0
0.000703 -0.000570 67.0
0.000703 -0.000570 68.0
0.000703 -0.000569 69.0
0.000703 -0.000568 70.0
0.000703 -0.000568 71.0
0.000703 -0.000567 72.0
0.000704 -0.000567 73.0
0.000704 -0.000566 74.0
0.000704 -0.000565 75.0
0.000704 -0.000565 76.0
0.000704 -0.000564 77.0
0.000704 -0.000563 78.0
0.000704 -0.000563 79.0
0.000704 -0.000562 80.0
0.000704 -0.000562 81.0
0.000704 -0.000561 82.0
0.000704 -0.000560 83.0
0.000704 -0.000560 84.0
0.000704 -0.000559 85.0
0.000704 -0.000558 86.0
0.000704 -0.000558 87.0
0.000705 -0.000557 88.0
0.000705 -0.000557 89.0
0.000705 -0.000556 90.0
0.000705 -0.000555 91.0
0.000705 -0.000555 92.0
0.000705 -0.000554 93.0
0.000705 -0.000554 94.0
0.000705 -0.000553 95.0
0.000705 -0.000552 96.0
0.000705 -0.000552 97.0
0.000705 -0.000551 98.0
0.000705 -0.000550 99.0
0.000705 -0.000550 100.0
0.000705 -0.000549 101.0
0.000706 -0.000549 102.0
0.000706 -0.000548 103.0
0.000706 -0.000547 104.0
0.000706 -0.000547 105.0
0.000706 -0.000546 106.0
0.000706 -0.000546 107.0
0.000706 -0.000545 108.0
0.000706 -0.000544 109.0
0.000706 -0.000544 110.0
0.000706 -0.000543 111.0
0.000706 -0.000542 112.0
0.000706 -0.000542 113.0
0.000706 -0.000541 114.0
0.000706 -0.000541 115.0
0.000707 -0.000541 116.0
0.000707 -0.000541 117.0
0.000707 -0.000541 118.0
0.000707 -0.000541 119.0
0.000707 -0.000541 120.0
0.000707 -0.000541 121.0
0.000707 -0.000541 122.0
0.000707 -0.000541 123.0
0.000707 -0.000541 124.0
0.000707 -0.000541 125.0
0.000707 -0.000541 126.0
0.000707 -0.000541 127.0
0.000707 -0.000541 128.0
0.000707 -0.000541 129.0
0.000706 -0.000541 130.0
0.000706 -0.000541 131.0
0.000706 -0.000541 132.0
0.000706 -0.000541 133.0
0.000706 -0.000540 134.0
0.000706 -0.000540 135.0
0.000706 -0.000540 136.0
0.000706 -0.000540 137.0
0.000706 -0.000540 138.0
0.000706 -0.000540 139.0
0.000706 -0.000540 140.0
0.000706 -0.000540 141.0
0.000706 -0.000540 142.0
0.000706 -0.000540 143.0
0.000705 -0.000540 144.0
0.000705 -0.000540 145.0
0.000705 -0.000540 146.0
0.000705 -0.000540 147.0
0.000705 -0.000540 148.0
0.000705 -0.000540 149.0
0.000705 -0.000540 150.0
0.000705 -0.000540 151.0
0.000705 -0.000540 152.0
0.000705 -0.000540 153.0
0.000705 -0.000540 154.0
0.000705 -0.000540 155.0
0.000705 -0.000540 156.0
0.000705 -0.000540 157.0
0.000705 -0.000540 158.0
0.000704 -0.000540 159.0
0.000704 -0.000540 160.0
0.000704 -0.000540 161.0
0.000704 -0.000540 162.0
0.000704 -0.000540 163.0
0.000704 -0.000540 164.0
0.000704 -0.000540 165.0
0.000704 -0.000540 166.0
0.000704 -0.000540 167.0
0.000704 -0.000540 168.0
0.000704 -0.000540 169.0
0.000704 -0.000540 170.0
0.000704 -0.000540 171.0
0.000704 -0.000540 172.0
0.000703 -0.000540 173.0
0.000703 -0.000540 174.0
0.000703 -0.000540 175.0
0.000703 -0.000540 176.0
0.000703 -0.000540 177.0
0.000703 -0.000540 178.0
0.000703 -0.000540 179.0
0.000703 -0.000540 180.0
0.000703 -0.000540 181.0
0.000703 -0.000540 182.0
0.000703 -0.000540 183.0
0.000703 -0.000540 184.0
0.000703 -0.000540 185.0
0.000703 -0.000540 186.0
0.000703 -0.000540 187.0
0.000703 -0.000541 188.0
0.000703 -0.000541 189.0
0.000703 -0.000541 190.0
0.000703 -0.000541 191.0
0.000703 -0.000541 192.0
0.000703 -0.000541 193.0
0.000703 -0.000541 194.0
0.000703 -0.000541 195.0
0.000703 -0.000541 196.0
0.000703 -0.000541 197.0
0.000703 -0.000541 198.0
0.000703 -0.000541 199.0
0.000703 -0.000541 200.0
0.000703 -0.000541 201.0
0.000703 -0.000541 202.0
0.000703 -0.000541 203.0
0.000703 -0.000541 204.0
0.000703 -0.000541 205.0
0.000703 -0.000541 206.0
0.000703 -0.000541 207.0
0.000703 -0.000541 208.0
0.000703 -0.000541 209.0
0.000703 -0.000541 210.0
0.000703 -0.000541 211.0
0.000703 -0.000541 212.0
0.000703 -0.000542 213.0
0.000703 -0.000542 214.0
0.000703 -0.000542 215.0
0.000703 -0.000542 216.0
0.000703 -0.000542 217.0
0.000703 -0.000542 218.0
0.000703 -0.000542 219.0
0.000703 -0.000542 220.0
0.000703 -0.000542 221.0
0.000703 -0.000542 222.0
0.000703 -0.000542 223.0
0.000703 -0.000542 224.0
0.000703 -0.000542 225.0
0.000703 -0.000542 226.0
0.000703 -0.000542 227.0
0.000703 -0.000542 228.0
0.000703 -0.000542 229.0
0.000703 -0.000542 230.0
0.000703 -0.000542 231.0
0.000703 -0.000542 232.0
0.000703 -0.000542 233.0
0.000703 -0.000542 234.0
0.000703 -0.000542 235.0
0.000703 -0.000542 236.0
0.000703 -0.000542 237.0
0.000703 -0.000542 238.0
0.000703 -0.000542 239.0
0.000703 -0.000542 240.0
0.000703 -0.000543 241.0
0.000703 -0.000543 242.0
0.000703 -0.000543 243.0
0.000703 -0.000543 244.0
0.000703 -0.000543 245.0
0.000703 -0.000543 246.0
0.000703 -0.000543 247.0
0.000703 -0.000543 248.0
0.000703 -0.000543 249.0
0.000703 -0.000543 250.0
0.000703 -0.000543 251.0
0.000703 -0.000543 252.0
0.000703 -0.000543 253.0
0.000703 -0.000543 254.0
0.000703 -0.000543 255.0
0.000703 -0.000543 256.0
0.000703 -0.000543 257.0
0.000703 -0.000543 258.0
0.000703 -0.000543 259.0
0.000703 -0.000543 260.0
0.000703 -0.000543 261.0
0.000703 -0.000543 262.0
0.000703 -0.000543 263.0
0.000703 -0.000543 264.0
0.000703 -0.000543 265.0
0.000703 -0.000543 266.0
0.000703 -0.000543 267.0
0.000703 -0.000543 268.0
0.000703 -0.000543 269.0
0.000703 -0.000543 270.0
0.000703 -0.000543 271.0
0.000703 -0.000543 272.0
0.000703 -0.000543 273.0
0.000703 -0.000543 274.0
0.000703 -0.000543 275.0
0.000703 -0.000543 276.0
0.000703 -0.000543 277.0
0.000703 -0.000543 278.0
0.000703 -0.000543 279.0
0.000703 -0.000543 280.0
0.000703 -0.000543 281.0
0.000703 -0.000543 282.0
0.000703 -0.000543 283.0
0.000703 -0.000543 284.0
0.000703 -0.000543 285.0
0.000703 -0.000543 286.0
0.000703 -0.000543 287.0
0.000703 -0.000543 288.0
0.000703 -0.000543 289.0
0.000703 -0.000543 290.0
0.000703 -0.000543 291.0
0.000703 -0.000543 292.0
0.000702 -0.000543 293.0
0.000702 -0.000543 294.0
0.000702 -0.000543 295.0
0.000702 -0.000543 296.0
0.000702 -0.000543 297.0
0.000703 -0.000543 298.0
0.000703 -0.000543 299.0
0.000703 -0.000543 300.0
0.000703 -0.000543 301.0
0.000703 -0.000543 302.0
0.000703 -0.000543 303.0
0.000703 -0.000543 304.0
0.000703 -0.000543 305.0
0.000703 -0.000543 306.0
0.000703 -0.000543 307.0
0.000703 -0.000543 308.0
0.000703 -0.000543 309.0
0.000703 -0.000543 310.0
0.000703 -0.000543 311.0
0.000703 -0.000543 312.0
0.000703 -0.000543 313.0
0.000703 -0.000543 314.0
0.000703 -0.000543 315.0
0.000703 -0.000543 316.0
0.000703 -0.000543 317.0
0.000703 -0.000543 318.0
0.000703 -0.000543 319.0
0.000703 -0.000543 320.0
0.000703 -0.000543 321.0
0.000703 -0.000543 322.0
0.000703 -0.000543 323.0
0.000703 -0.000543 324.0
0.000703 -0.000543 325.0
0.000703 -0.000543 326.0
0.000703 -0.000543 327.0
0.000703 -0.000543 328.0
0.000703 -0.000543 329.0
0.000703 -0.000543 330.0
0.000703 -0.000543 331.0
0.000703 -0.000543 332.0
0.000703 -0.000543 333.0
0.000703 -0.000543 334.0
0.000703 -0.000543 335.0
0.000703 -0.000543 336.0
0.000703 -0.000543 337.0
0.000703 -0.000543 338.0
0.000703 -0.000543 339.0
0.000703 -0.000543 340.0
0.000703 -0.000543 341.0
0.000703 -0.000543 342.0
0.000703 -0.000543 343.0
0.000703 -0.000543 344.0
0.000703 -0.000543 345.0
0.000703 -0.000543 346.0
0.000703 -0.000543 347.0
0.000703 -0.000543 348.0
0.000703 -0.000543 349.0
0.000703 -0.000543 350.0
0.000703 -0.000543 351.0
0.000703 -0.000543 352.0
0.000703 -0.000543 353.0
0.000703 -0.000543 354.0
0.000703 -0.000543 355.0
0.000703 -0.000543 356.0
0.000703 -0.000543 357.0
0.000703 -0.000543 358.0
0.000703 -0.000543 359.0
0.000703 -0.000543 360.0
0.000703 -0.000543 361.0
0.000703 -0.000543 362.0
0.000703 -0.000543 363.0
0.000703 -0.000543 364.0
0.000703 -0.000543 365.0
0.000703 -0.000543 366.0
0.000703 -0.000543 367.0
0.000703 -0.000543 368.0
0.000703 -0.000543 369.0
0.000703 -0.000543 370.0
0.000703 -0.000543 371.0
0.000703 -0.000543 372.0
0.000703 -0.000543 373.0
0.000703 -0.000543 374.0
0.000703 -0.000543 375.0
0.000703 -0.000543 376.0
0.000703 -0.000543 377.0
0.000703 -0.000543 378.0
0.000703 -0.000543 379.0
0.000703 -0.000543 380.0
0.000703 -0.000543 381.0
0.000703 -0.000543 382.0
0.000703 -0.000543 383.0
0.000703 -0.000543 384.0
0.000703 -0.000542 385.0
0.000703 -0.000542 386.0
0.000703 -0.000542 387.0
0.000703 -0.000542 388.0
0.000703 -0.000542 389.0
0.000704 -0.000542 390.0
0.000704 -0.000542 391.0
0.000704 -0.000542 392.0
0.000704 -0.000542 393.0
0.000704 -0.000542 394.0
0.000704 -0.000542 395.0
0.000704 -0.000542 396.0
0.000704 -0.000542 397.0
0.000704 -0.000542 398.0
0.000704 -0.000542 399.0
0.000704 -0.000542 400.0
0.000704 -0.000542 401.0
0.000704 -0.000542 402.0
0.000704 -0.000542 403.0
0.000704 -0.000542 404.0
0.000704 -0.000542 405.0
0.000704 -0.000542 406.0
0.000704 -0.000542 407.0
0.000704 -0.000542 408.0
0.000704 -0.000542 409.0
0.000704 -0.000542 410.0
0.000704 -0.000542 411.0
0.000704 -0.000542 412.0
0.000704 -0.000542 413.0
0.000704 -0.000542 414.0
0.000704 -0.000542 415.0
0.000704 -0.000542 416.0
0.000704 -0.000542 417.0
0.000704 -0.000542 418.0
0.000704 -0.000542 419.0
0.000704 -0.000542 420.0
0.000704 -0.000542 421.0
0.000704 -0.000542 422.0
0.000704 -0.000542 423.0
0.000704 -0.000542 424.0
0.000704 -0.000542 425.0
0.000704 -0.000542 426.0
0.000704 -0.000542 427.0
0.000704 -0.000542 428.0
0.000704 -0.000542 429.0
0.000704 -0.000542 430.0
0.000704 -0.000542 431.0
0.000703 -0.000542 432.0
0.000703 -0.000542 433.0
0.000703 -0.000542 434.0
0.000703 -0.000542 435.0
0.000703 -0.000542 436.0
0.000703 -0.000542 437.0
0.000703 -0.000542 438.0
0.000703 -0.000541 439.0
0.000703 -0.000541 440.0
0.000703 -0.000541 441.0
0.000703 -0.000541 442.0
0.000703 -0.000541 443.0
0.000703 -0.000541 444.0
0.000703 -0.000541 445.0
0.000703 -0.000541 446.0
0.000703 -0.000541 447.0
0.000703 -0.000541 448.0
0.000703 -0.000541 449.0
0.000702 -0.000541 450.0
0.000702 -0.000541 451.0
0.000702 -0.000541 452.0
0.000702 -0.000541 453.0
0.000702 -0.000541 454.0
0.000702 -0.000541 455.0
0.000702 -0.000541 456.0
0.000702 -0.000541 457.0
0.000702 -0.000541 458.0
0.000702 -0.000541 459.0
0.000702 -0.000541 460.0
0.000702 -0.000541 461.0
0.000702 -0.000541 462.0
0.000702 -0.000541 463.0
0.000702 -0.000541 464.0
0.000702 -0.000541 465.0
0.000702 -0.000541 466.0
0.000702 -0.000541 467.0
0.000702 -0.000541 468.0
0.000701 -0.000541 469.0
0.000701 -0.000541 470.0
0.000701 -0.000541 471.0
0.000701 -0.000541 472.0
0.000701 -0.000541 473.0
0.000701 -0.000541 474.0
0.000701 -0.000541 475.0
0.000701 -0.000541 476.0
0.000701 -0.000541 477.0
0.000701 -0.000541 478.0
0.000701 -0.000540 479.0
0.000701 -0.000540 480.0
0.000701 -0.000541 481.0
0.000701 -0.000541 482.0
0.000700 -0.000541 483.0
0.000700 -0.000540 484.0
0.000700 -0.000540 485.0
0.000699 -0.000540 486.0
0.000699 -0.000540 487.0
0.000699 -0.000540 488.0
0.000699 -0.000540 489.0
0.000698 -0.000540 490.0
0.000698 -0.000540 491.0
0.000698 -0.000540 492.0
0.000698 -0.000540 493.0
0.000697 -0.000540 494.0
0.000697 -0.000539 495.0
0.000697 -0.000539 496.0
0.000697 -0.000539 497.0
0.000696 -0.000539 498.0
0.000696 -0.000539 499.0
0.000696 -0.000539 500.0
0.000696 -0.000539 501.0
0.000695 -0.000539 502.0
0.000695 -0.000539 503.0
0.000695 -0.000539 504.0
0.000695 -0.000539 505.0
0.000694 -0.000539 506.0
0.000694 -0.000538 507.0
0.000694 -0.000538 508.0
0.000694 -0.000538 509.0
0.000693 -0.000538 510.0
0.000693 -0.000538 511.0
0.000693 -0.000538 512.0
0.000693 -0.000538 513.0
0.000692 -0.000538 514.0
0.000692 -0.000538 515.0
0.000692 -0.000538 516.0
0.000692 -0.000538 517.0
0.000691 -0.000537 518.0
0.000691 -0.000537 519.0
0.000691 -0.000537 520.0
0.000690 -0.000537 521.0
0.000690 -0.000537 522.0
0.000690 -0.000537 523.0
0.000690 -0.000537 524.0
0.000689 -0.000537 525.0
0.000689 -0.000537 526.0
0.000689 -0.000537 527.0
0.000689 -0.000537 528.0
0.000688 -0.000536 529.0
0.000688 -0.000536 530.0
0.000688 -0.000536 531.0
0.000688 -0.000536 532.0
0.000687 -0.000536 533.0
0.000687 -0.000536 534.0
0.000687 -0.000537 535.0
0.000687 -0.000537 536.0
0.000687 -0.000536 537.0
0.000686 -0.000536 538.0
0.000686 -0.000536 539.0
0.000686 -0.000535 540.0
0.000686 -0.000535 541.0
0.000685 -0.000535 542.0
0.000685 -0.000534 543.0
0.000685 -0.000534 544.0
0.000685 -0.000534 545.0
0.000684 -0.000533 546.0
0.000684 -0.000533 547.0
0.000684 -0.000533 548.0
0.000684 -0.000532 549.0
0.000684 -0.000532 550.0
0.000683 -0.000532 551.0
0.000683 -0.000531 552.0
0.000683 -0.000531 553.0
0.000683 -0.000531 554.0
0.000682 -0.000530 555.0
0.000682 -0.000530 556.0
0.000682 -0.000530 557.0
0.000682 -0.000529 558.0
0.000682 -0.000529 559.0
0.000681 -0.000529 560.0
0.000681 -0.000528 561.0
0.000681 -0.000528 562.0
0.000681 -0.000528 563.0
0.000680 -0.000527 564.0
0.000680 -0.000527 565.0
0.000680 -0.000527 566.0
0.000680 -0.000526 567.0
0.000679 -0.000526 568.0
0.000679 -0.000526 569.0
0.000679 -0.000525 570.0
0.000679 -0.000525 571.0
0.000679 -0.000525 572.0
0.000678 -0.000524 573.0
0.000678 -0.000524 574.0
0.000678 -0.000523 575.0
0.000678 -0.000523 576.0
0.000677 -0.000523 577.0
0.000677 -0.000522 578.0
0.000677 -0.000522 579.0
0.000677 -0.000522 580.0
0.000677 -0.000521 581.0
0.000676 -0.000521 582.0
0.000676 -0.000521 583.0
0.000676 -0.000520 584.0
0.000676 -0.000520 585.0
0.000675 -0.000520 586.0
0.000675 -0.000519 587.0
0.000675 -0.000519 588.0
0.000675 -0.000519 589.0
0.000674 -0.000518 590.0
0.000674 -0.000518 591.0
0.000674 -0.000518 592.0
0.000674 -0.000517 593.0
0.000674 -0.000517 594.0
0.000673 -0.000517 595.0
0.000673 -0.000516 596.0
0.000673 -0.000516 597.0
0.000673 -0.000516 598.0
0.000672 -0.000515 599.0
0.000672 -0.000515 600.0
0.000670 -0.000517 601.0
0.000670 -0.000517 602.0
0.000669 -0.000517 603.0
0.000669 -0.000517 604.0
0.000668 -0.000517 605.0
0.000668 -0.000517 606.0
0.000667 -0.000517 607.0
0.000667 -0.000517 608.0
0.000666 -0.000517 609.0
0.000666 -0.000517 610.0
0.000665 -0.000517 611.0
0.000665 -0.000517 612.0
0.000664 -0.000517 613.0
0.000664 -0.000517 614.0
0.000663 -0.000517 615.0
0.000663 -0.000517 616.0
0.000662 -0.000517 617.0
0.000662 -0.000517 618.0
0.000661 -0.000517 619.0
0.000661 -0.000517 620.0
0.000660 -0.000517 621.0
0.000660 -0.000517 622.0
0.000659 -0.000518 623.0
0.000659 -0.000518 624.0
0.000658 -0.000518 625.0
0.000658 -0.000518 626.0
0.000657 -0.000518 627.0
0.000657 -0.000518 628.0
0.000656 -0.000518 629.0
0.000656 -0.000518 630.0
0.000655 -0.000518 631.0
0.000655 -0.000518 632.0
0.000654 -0.000518 633.0
0.000654 -0.000518 634.0
0.000653 -0.000518 635.0
0.000653 -0.000518 636.0
0.000652 -0.000518 637.0
0.000652 -0.000518 638.0
0.000651 -0.000518 639.0
0.000651 -0.000518 640.0
0.000650 -0.000518 641.0
0.000650 -0.000518 642.0
0.000649 -0.000518 643.0
0.000649 -0.000518 644.0
0.000648 -0.000518 645.0
0.000648 -0.000518 646.0
0.000647 -0.000518 647.0
0.000647 -0.000518 648.0
0.000646 -0.000518 649.0
0.000646 -0.000518 650.0
0.000645 -0.000518 651.0
0.000645 -0.000518 652.0
0.000644 -0.000518 653.0
0.000644 -0.000518 654.0
0.000643 -0.000518 655.0
0.000643 -0.000518 656.0
0.000643 -0.000518 657.0
0.000643 -0.000519 658.0
0.000642 -0.000519 659.0
0.000642 -0.000520 660.0
0.000642 -0.000520 661.0
0.000642 -0.000521 662.0
0.000641 -0.000521 663.0
0.000641 -0.000522 664.0
0.000641 -0.000522 665.0
0.000640 -0.000523 666.0
0.000640 -0.000523 667.0
0.000640 -0.000524 668.0
0.000639 -0.000524 669.0
0.000639 -0.000525 670.0
0.000639 -0.000525 671.0
0.000638 -0.000526 672.0
0.000638 -0.000526 673.0
0.000638 -0.000527 674.0
0.000638 -0.000527 675.0
0.000637 -0.000528 676.0
0.000637 -0.000528 677.0
0.000637 -0.000529 678.0
0.000636 -0.000529 679.0
0.000636 -0.000530 680.0
0.000636 -0.000530 681.0
0.000635 -0.000531 682.0
0.000635 -0.000531 683.0
0.000635 -0.000532 684.0
0.000634 -0.000532 685.0
0.000634 -0.000533 686.0
0.000634 -0.000533 687.0
0.000634 -0.000534 688.0
0.000633 -0.000534 689.0
0.000633 -0.000535 690.0
0.000633 -0.000535 691.0
0.000632 -0.000536 692.0
0.000632 -0.000536 693.0
0.000632 -0.000537 694.0
0.000631 -0.000537 695.0
0.000631 -0.000538 696.0
0.000631 -0.000538 697.0
0.000630 -0.000539 698.0
0.000630 -0.000539 699.0
0.000630 -0.000540 700.0
0.000629 -0.000540 701.0
0.000629 -0.000541 702.0
0.000629 -0.000541 703.0
0.000629 -0.000542 704.0
0.000628 -0.000542 705.0
0.000628 -0.000543 706.0
0.000628 -0.000543 707.0
0.000627 -0.000544 708.0
0.000627 -0.000544 709.0
0.000627 -0.000545 710.0
0.000626 -0.000545 711.0
0.000626 -0.000546 712.0
0.000626 -0.000546 713.0
0.000625 -0.000547 714.0
0.000625 -0.000547 715.0
0.000625 -0.000548 716.0
0.000625 -0.000548 717.0
0.000624 -0.000549 718.0
0.000624 -0.000549 719.0
0.000624 -0.000550 720.0
0.000623 -0.000550 721.0
0.000623 -0.000551 722.0
0.000620 -0.000548 723.0
0.000620 -0.000548 724.0
0.000620 -0.000547 725.0
0.000620 -0.000547 726.0
0.000620 -0.000547 727.0
0.000619 -0.000547 728.0
0.000619 -0.000546 729.0
0.000619 -0.000546 730.0
0.000619 -0.000546 731.0
0.000619 -0.000546 732.0
0.000619 -0.000546 733.0
0.000618 -0.000545 734.0
0.000618 -0.000545 735.0
0.000618 -0.000545 736.0
0.000618 -0.000545 737.0
0.000618 -0.000544 738.0
0.000618 -0.000544 739.0
0.000617 -0.000544 740.0
0.000617 -0.000544 741.0
0.000617 -0.000543 742.0
0.000617 -0.000543 743.0
0.000617 -0.000543 744.0
0.000617 -0.000543 745.0
0.000617 -0.000543 746.0
0.000616 -0.000542 747.0
0.000616 -0.000542 748.0
0.000616 -0.000542 749.0
0.000616 -0.000542 750.0
0.000616 -0.000541 751.0
0.000616 -0.000541 752.0
0.000615 -0.000541 753.0
0.000615 -0.000541 754.0
0.000615 -0.000541 755.0
0.000615 -0.000540 756.0
0.000615 -0.000540 757.0
0.000615 -0.000540 758.0
0.000614 -0.000540 759.0
0.000614 -0.000539 760.0
0.000614 -0.000539 761.0
0.000614 -0.000539 762.0
0.000614 -0.000539 763.0
0.000614 -0.000538 764.0
0.000614 -0.000538 765.0
0.000613 -0.000538 766.0
0.000613 -0.000538 767.0
0.000613 -0.000538 768.0
0.000613 -0.000537 769.0
0.000613 -0.000537 770.0
0.000613 -0.000537 771.0
0.000612 -0.000537 772.0
0.000612 -0.000536 773.0
0.000612 -0.000536 774.0
0.000612 -0.000536 775.0
0.000612 -0.000536 776.0
0.000611 -0.000537 777.0
0.000611 -0.000536 778.0
0.000611 -0.000536 779.0
0.000612 -0.000535 780.0
0.000612 -0.000535 781.0
0.000612 -0.000534 782.0
0.000613 -0.000534 783.0
0.000613 -0.000533 784.0
0.000613 -0.000533 785.0
0.000614 -0.000532 786.0
0.000614 -0.000532 787.0
0.000614 -0.000531 788.0
0.000614 -0.000531 789.0
0.000615 -0.000530 790.0
0.000615 -0.000530 791.0
0.000615 -0.000529 792.0
0.000616 -0.000529 793.0
0.000616 -0.000528 794.0
0.000616 -0.000528 795.0
0.000617 -0.000527 796.0
0.000617 -0.000527 797.0
0.000617 -0.000526 798.0
0.000618 -0.000526 799.0
0.000618 -0.000525 800.0
0.000618 -0.000524 801.0
0.000619 -0.000524 802.0
0.000619 -0.000523 803.0
0.000619 -0.000523 804.0
0.000619 -0.000522 805.0
0.000620 -0.000522 806.0
0.000620 -0.000521 807.0
0.000620 -0.000521 808.0
0.000621 -0.000520 809.0
0.000621 -0.000520 810.0
0.000621 -0.000519 811.0
0.000622 -0.000519 812.0
0.000622 -0.000518 813.0
0.000622 -0.000518 814.0
0.000623 -0.000517 815.0
0.000623 -0.000517 816.0
0.000623 -0.000516 817.0
0.000624 -0.000516 818.0
0.000624 -0.000515 819.0
0.000624 -0.000515 820.0
0.000624 -0.000514 821.0
0.000625 -0.000514 822.0
0.000625 -0.000513 823.0
0.000625 -0.000513 824.0
0.000626 -0.000512 825.0
0.000626 -0.000511 826.0
0.000626 -0.000511 827.0
0.000627 -0.000510 828.0
0.000627 -0.000510 829.0
0.000627 -0.000509 830.0
0.000628 -0.000509 831.0
0.000628 -0.000508 832.0
0.000628 -0.000508 833.0
0.000629 -0.000507 834.0
0.000629 -0.000507 835.0
0.000629 -0.000506 836.0
0.000629 -0.000506 837.0
0.000632 -0.000509 838.0
0.000632 -0.000508 839.0
0.000632 -0.000508 840.0
0.000632 -0.000508 841.0
0.000632 -0.000508 842.0
0.000631 -0.000507 843.0
0.000631 -0.000507 844.0
0.000631 -0.000507 845.0
0.000631 -0.000507 846.0
0.000631 -0.000506 847.0
0.000631 -0.000506 848.0
0.000631 -0.000506 849.0
0.000631 -0.000506 850.0
0.000630 -0.000505 851.0
0.000630 -0.000505 852.0
0.000630 -0.000505 853.0
0.000630 -0.000505 854.0
0.000630 -0.000504 855.0
0.000630 -0.000504 856.0
0.000630 -0.000504 857.0
0.000629 -0.000504 858.0
0.000629 -0.000503 859.0
0.000629 -0.000503 860.0
0.000629 -0.000503 861.0
0.000629 -0.000503 862.0
0.000629 -0.000503 863.0
0.000629 -0.000502 864.0
0.000628 -0.000502 865.0
0.000628 -0.000502 866.0
0.000628 -0.000502 867.0
0.000628 -0.000501 868.0
0.000628 -0.000501 869.0
0.000628 -0.000501 870.0
0.000628 -0.000501 871.0
0.000627 -0.000500 872.0
0.000627 -0.000500 873.0
0.000627 -0.000500 874.0
0.000627 -0.000500 875.0
0.000627 -0.000499 876.0
0.000627 -0.000499 877.0
0.000627 -0.000499 878.0
0.000626 -0.000499 879.0
0.000626 -0.000498 880.0
0.000626 -0.000498 881.0
0.000626 -0.000498 882.0
0.000626 -0.000498 883.0
0.000626 -0.000497 884.0
0.000626 -0.000497 885.0
0.000626 -0.000497 886.0
0.000625 -0.000497 887.0
0.000625 -0.000496 888.0
0.000625 -0.000496 889.0
0.000625 -0.000496 890.0
0.000625 -0.000496 891.0
0.000625 -0.000495 892.0
0.000625 -0.000495 893.0
0.000624 -0.000495 894.0
0.000624 -0.000495 895.0
0.000624 -0.000495 896.0
0.000624 -0.000494 897.0
0.000624 -0.000494 898.0
0.000624 -0.000494 899.0
0.000624 -0.000494 900.0
0.000623 -0.000493 901.0
0.000623 -0.000493 902.0
0.000622 -0.000494 903.0
0.000622 -0.000495 904.0
0.000622 -0.000495 905.0
0.000622 -0.000496 906.0
0.000621 -0.000496 907.0
0.000621 -0.000497 908.0
0.000621 -0.000498 909.0
0.000621 -0.000498 910.0
0.000621 -0.000499 911.0
0.000621 -0.000499 912.0
0.000621 -0.000500 913.0
0.000620 -0.000500 914.0
0.000620 -0.000501 915.0
0.000620 -0.000501 916.0
0.000620 -0.000502 917.0
0.000620 -0.000502 918.0
0.000620 -0.000503 919.0
0.000620 -0.000503 920.0
0.000619 -0.000504 921.0
0.000619 -0.000504 922.0
0.000619 -0.000505 923.0
0.000619 -0.000505 924.0
0.000619 -0.000506 925.0
0.000619 -0.000506 926.0
0.000619 -0.000507 927.0
0.000618 -0.000508 928.0
0.000618 -0.000508 929.0
0.000618 -0.000509 930.0
0.000618 -0.000509 931.0
0.000618 -0.000510 932.0
0.000618 -0.000510 933.0
0.000618 -0.000511 934.0
0.000617 -0.000511 935.0
0.000617 -0.000512 936.0
0.000617 -0.000512 937.0
0.000617 -0.000513 938.0
0.000617 -0.000513 939.0
0.000617 -0.000514 940.0
0.000617 -0.000514 941.0
0.000617 -0.000515 942.0
0.000616 -0.000515 943.0
0.000616 -0.000516 944.0
0.000616 -0.000516 945.0
0.000616 -0.000517 946.0
0.000616 -0.000518 947.0
0.000616 -0.000518 948.0
0.000616 -0.000519 949.0
0.000614 -0.000518 950.0
0.000615 -0.000519 951.0
0.000615 -0.000519 952.0
0.000616 -0.000520 953.0
0.000616 -0.000521 954.0
0.000617 -0.000522 955.0
0.000617 -0.000522 956.0
0.000618 -0.000523 957.0
0.000618 -0.000524 958.0
0.000619 -0.000525 959.0
0.000619 -0.000526 960.0
0.000620 -0.000526 961.0
0.000620 -0.000527 962.0
0.000621 -0.000528 963.0
0.000621 -0.000529 964.0
0.000622 -0.000529 965.0
0.000622 -0.000530 966.0
0.000623 -0.000531 967.0
0.000623 -0.000532 968.0
0.000624 -0.000532 969.0
0.000624 -0.000533 970.0
0.000625 -0.000534 971.0
0.000625 -0.000535 972.0
0.000626 -0.000535 973.0
0.000626 -0.000536 974.0
0.000627 -0.000537 975.0
0.000627 -0.000538 976.0
0.000628 -0.000539 977.0
0.000628 -0.000539 978.0
0.000629 -0.000540 979.0
0.000629 -0.000541 980.0
0.000630 -0.000542 981.0
0.000630 -0.000542 982.0
0.000631 -0.000543 983.0
0.000631 -0.000544 984.0
0.000632 -0.000545 985.0
0.000632 -0.000545 986.0
0.000633 -0.000546 987.0
0.000633 -0.000547 988.0
0.000634 -0.000548 989.0
0.000634 -0.000548 990.0
0.000635 -0.000549 991.0
0.000635 -0.000550 992.0
0.000636 -0.000551 993.0
0.000636 -0.000552 994.0
0.000637 -0.000552 995.0
0.000637 -0.000553 996.0
0.000638 -0.000554 997.0
0.000638 -0.000555 998.0
0.000639 -0.000555 999.0
0.000639 -0.000556 1000.0
0.000640 -0.000557 1001.0
0.000640 -0.000558 1002.0
0.000641 -0.000558 1003.0
0.000641 -0.000559 1004.0
0.000642 -0.000560 1005.0
0.000642 -0.000561 1006.0
0.000643 -0.000561 1007.0
0.000643 -0.000562 1008.0
0.000644 -0.000563 1009.0
0.000647 -0.000559 1010.0
0.000648 -0.000559 1011.0
0.000649 -0.000559 1012.0
0.000649 -0.000560 1013.0
0.000650 -0.000560 1014.0
0.000651 -0.000560 1015.0
0.000651 -0.000561 1016.0
0.000652 -0.000561 1017.0
0.000652 -0.000561 1018.0
0.000653 -0.000562 1019.0
0.000654 -0.000562 1020.0
0.000654 -0.000562 1021.0
0.000655 -0.000563 1022.0
0.000656 -0.000563 1023.0
0.000656 -0.000563 1024.0
0.000657 -0.000564 1025.0
0.000657 -0.000564 1026.0
0.000658 -0.000564 1027.0
0.000659 -0.000565 1028.0
0.000659 -0.000565 1029.0
0.000660 -0.000565 1030.0
0.000661 -0.000566 1031.0
0.000661 -0.000566 1032.0
0.000662 -0.000566 1033.0
0.000662 -0.000567 1034.0
0.000663 -0.000567 1035.0
0.000664 -0.000567 1036.0
0.000664 -0.000568 1037.0
0.000665 -0.000568 1038.0
0.000666 -0.000568 1039.0
0.000666 -0.000569 1040.0
0.000667 -0.000569 1041.0
0.000667 -0.000569 1042.0
0.000668 -0.000570 1043.0
0.000669 -0.000570 1044.0
0.000669 -0.000570 1045.0
0.000670 -0.000571 1046.0
0.000671 -0.000571 1047.0
0.000671 -0.000571 1048.0
0.000672 -0.000572 1049.0
0.000672 -0.000572 1050.0
0.000673 -0.000572 1051.0
0.000674 -0.000573 1052.0
0.000674 -0.000573 1053.0
0.000675 -0.000573 1054.0
0.000675 -0.000574 1055.0
0.000676 -0.000574 1056.0
0.000677 -0.000574 1057.0
0.000677 -0.000575 1058.0
0.000678 -0.000575 1059.0
0.000679 -0.000575 1060.0
0.000679 -0.000576 1061.0
0.000680 -0.000576 1062.0
0.000680 -0.000576 1063.0
0.000681 -0.000577 1064.0
0.000682 -0.000577 1065.0
0.000682 -0.000578 1066.0
0.000683 -0.000578 1067.0
0.000684 -0.000578 1068.0
0.000684 -0.000579 1069.0
0.000685 -0.000575 1070.0
0.000686 -0.000575 1071.0
0.000686 -0.000575 1072.0
0.000687 -0.000576 1073.0
0.000688 -0.000576 1074.0
0.000688 -0.000576 1075.0
0.000689 -0.000576 1076.0
0.000689 -0.000576 1077.0
0.000690 -0.000577 1078.0
0.000690 -0.000577 1079.0
0.000691 -0.000577 1080.0
0.000692 -0.000577 1081.0
0.000692 -0.000577 1082.0
0.000693 -0.000577 1083.0
0.000693 -0.000578 1084.0
0.000694 -0.000578 1085.0
0.000694 -0.000578 1086.0
0.000695 -0.000578 1087.0
0.000696 -0.000578 1088.0
0.000696 -0.000579 1089.0
0.000697 -0.000579 1090.0
0.000697 -0.000579 1091.0
0.000698 -0.000579 1092.0
0.000699 -0.000579 1093.0
0.000699 -0.000580 1094.0
0.000700 -0.000580 1095.0
0.000700 -0.000580 1096.0
0.000701 -0.000580 1097.0
0.000701 -0.000580 1098.0
0.000702 -0.000581 1099.0
0.000703 -0.000581 1100.0
0.000703 -0.000581 1101.0
0.000704 -0.000581 1102.0
0.000704 -0.000581 1103.0
0.000705 -0.000582 1104.0
0.000705 -0.000582 1105.0
0.000706 -0.000582 1106.0
0.000707 -0.000582 1107.0
0.000707 -0.000582 1108.0
0.000708 -0.000583 1109.0
0.000708 -0.000583 1110.0
0.000709 -0.000583 1111.0
0.000709 -0.000583 1112.0
0.000710 -0.000583 1113.0
0.000711 -0.000583 1114.0
0.000711 -0.000584 1115.0
0.000712 -0.000584 1116.0
0.000712 -0.000584 1117.0
0.000713 -0.000584 1118.0
0.000713 -0.000584 1119.0
0.000714 -0.000585 1120.0
0.000715 -0.000585 1121.0
0.000715 -0.000585 1122.0
0.000716 -0.000585 1123.0
0.000716 -0.000585 1124.0
0.000717 -0.000586 1125.0
0.000717 -0.000586 1126.0
0.000718 -0.000586 1127.0
0.000719 -0.000586 1128.0
0.000719 -0.000586 1129.0
0.000720 -0.000584 1130.0
0.000720 -0.000584 1131.0
0.000721 -0.000584 1132.0
0.000721 -0.000585 1133.0
0.000722 -0.000585 1134.0
0.000723 -0.000585 1135.0
0.000723 -0.000585 1136.0
0.000724 -0.000585 1137.0
0.000725 -0.000585 1138.0
0.000725 -0.000585 1139.0
0.000726 -0.000586 1140.0
0.000726 -0.000586 1141.0
0.000727 -0.000586 1142.0
0.000728 -0.000586 1143.0
0.000728 -0.000586 1144.0
0.000729 -0.000586 1145.0
0.000730 -0.000586 1146.0
0.000730 -0.000586 1147.0
0.000731 -0.000587 1148.0
0.000731 -0.000587 1149.0
0.000732 -0.000587 1150.0
0.000733 -0.000587 1151.0
0.000733 -0.000587 1152.0
0.000734 -0.000587 1153.0
0.000734 -0.000587 1154.0
0.000735 -0.000588 1155.0
0.000736 -0.000588 1156.0
0.000736 -0.000588 1157.0
0.000737 -0.000588 1158.0
0.000738 -0.000588 1159.0
0.000738 -0.000588 1160.0
0.000739 -0.000588 1161.0
0.000739 -0.000589 1162.0
0.000740 -0.000589 1163.0
0.000741 -0.000589 1164.0
0.000741 -0.000589 1165.0
0.000742 -0.000589 1166.0
0.000743 -0.000589 1167.0
0.000743 -0.000589 1168.0
0.000744 -0.000589 1169.0
0.000744 -0.000590 1170.0
0.000745 -0.000590 1171.0
0.000746 -0.000590 1172.0
0.000746 -0.000590 1173.0
0.000747 -0.000590 1174.0
0.000748 -0.000590 1175.0
0.000748 -0.000590 1176.0
0.000749 -0.000591 1177.0
0.000749 -0.000591 1178.0
0.000750 -0.000591 1179.0
0.000751 -0.000591 1180.0
0.000751 -0.000591 1181.0
0.000752 -0.000591 1182.0
0.000753 -0.000591 1183.0
0.000753 -0.000591 1184.0
0.000754 -0.000592 1185.0
0.000754 -0.000592 1186.0
0.000755 -0.000592 1187.0
0.000756 -0.000592 1188.0
0.000756 -0.000592 1189.0
0.000756 -0.000591 1190.0
0.000757 -0.000590 1191.0
0.000757 -0.000589 1192.0
0.000757 -0.000589 1193.0
0.000757 -0.000588 1194.0
0.000758 -0.000588 1195.0
0.000758 -0.000587 1196.0
0.000758 -0.000587 1197.0
0.000758 -0.000586 1198.0
0.000758 -0.000585 1199.0
0.000759 -0.000585 1200.0
0.000759 -0.000584 1201.0
0.000759 -0.000584 1202.0
0.000759 -0.000583 1203.0
0.000759 -0.000583 1204.0
0.000760 -0.000582 1205.0
0.000760 -0.000581 1206.0
0.000760 -0.000581 1207.0
0.000760 -0.000580 1208.0
0.000761 -0.000580 1209.0
0.000761 -0.000579 1210.0
0.000761 -0.000579 1211.0
0.000761 -0.000578 1212.0
0.000761 -0.000578 1213.0
0.000762 -0.000577 1214.0
0.000762 -0.000576 1215.0
0.000762 -0.000576 1216.0
0.000762 -0.000575 1217.0
0.000762 -0.000575 1218.0
0.000763 -0.000574 1219.0
0.000763 -0.000574 1220.0
0.000763 -0.000573 1221.0
0.000763 -0.000572 1222.0
0.000764 -0.000572 1223.0
0.000764 -0.000571 1224.0
0.000764 -0.000571 1225.0
0.000764 -0.000570 1226.0
0.000764 -0.000570 1227.0
0.000765 -0.000569 1228.0
0.000765 -0.000568 1229.0
0.000765 -0.000568 1230.0
0.000765 -0.000567 1231.0
0.000765 -0.000567 1232.0
0.000766 -0.000566 1233.0
0.000766 -0.000566 1234.0
0.000766 -0.000565 1235.0
0.000766 -0.000564 1236.0
0.000767 -0.000564 1237.0
0.000767 -0.000563 1238.0
0.000767 -0.000563 1239.0
0.000767 -0.000562 1240.0
0.000767 -0.000562 1241.0
0.000768 -0.000561 1242.0
0.000768 -0.000560 1243.0
0.000768 -0.000560 1244.0
0.000768 -0.000559 1245.0
0.000768 -0.000559 1246.0
0.000769 -0.000558 1247.0
0.000769 -0.000558 1248.0
0.000769 -0.000557 1249.0
0.000772 -0.000559 1250.0
0.000772 -0.000558 1251.0
0.000772 -0.000557 1252.0
0.000772 -0.000557 1253.0
0.000772 -0.000556 1254.0
0.000772 -0.000555 1255.0
0.000773 -0.000554 1256.0
0.000773 -0.000554 1257.0
0.000773 -0.000553 1258.0
0.000773 -0.000552 1259.0
0.000773 -0.000551 1260.0
0.000773 -0.000551 1261.0
0.000773 -0.000550 1262.0
0.000774 -0.000549 1263.0
0.000774 -0.000548 1264.0
0.000774 -0.000548 1265.0
0.000774 -0.000547 1266.0
0.000774 -0.000546 1267.0
0.000774 -0.000546 1268.0
0.000775 -0.000545 1269.0
0.000775 -0.000544 1270.0
0.000775 -0.000543 1271.0
0.000775 -0.000543 1272.0
0.000775 -0.000542 1273.0
0.000775 -0.000541 1274.0
0.000776 -0.000540 1275.0
0.000776 -0.000540 1276.0
0.000776 -0.000539 1277.0
0.000776 -0.000538 1278.0
0.000776 -0.000537 1279.0
0.000776 -0.000537 1280.0
0.000777 -0.000536 1281.0
0.000777 -0.000535 1282.0
0.000777 -0.000535 1283.0
0.000777 -0.000534 1284.0
0.000777 -0.000533 1285.0
0.000777 -0.000532 1286.0
0.000778 -0.000532 1287.0
0.000778 -0.000531 1288.0
0.000778 -0.000530 1289.0
0.000778 -0.000529 1290.0
0.000778 -0.000529 1291.0
0.000778 -0.000528 1292.0
0.000779 -0.000527 1293.0
0.000779 -0.000527 1294.0
0.000779 -0.000526 1295.0
0.000779 -0.000525 1296.0
0.000779 -0.000524 1297.0
0.000779 -0.000524 1298.0
0.000780 -0.000523 1299.0
0.000780 -0.000522 1300.0
0.000780 -0.000521 1301.0
0.000780 -0.000521 1302.0
0.000780 -0.000520 1303.0
0.000780 -0.000519 1304.0
0.000781 -0.000518 1305.0
0.000781 -0.000518 1306.0
0.000781 -0.000517 1307.0
0.000781 -0.000516 1308.0
0.000781 -0.000516 1309.0
0.000783 -0.000516 1310.0
0.000783 -0.000516 1311.0
0.000783 -0.000516 1312.0
0.000783 -0.000516 1313.0
0.000784 -0.000516 1314.0
0.000784 -0.000516 1315.0
0.000784 -0.000516 1316.0
0.000784 -0.000516 1317.0
0.000784 -0.000516 1318.0
0.000784 -0.000516 1319.0
0.000784 -0.000516 1320.0
0.000784 -0.000516 1321.0
0.000784 -0.000515 1322.0
0.000784 -0.000515 1323.0
0.000784 -0.000515 1324.0
0.000784 -0.000515 1325.0
0.000784 -0.000515 1326.0
0.000784 -0.000515 1327.0
0.000784 -0.000515 1328.0
0.000784 -0.000515 1329.0
0.000784 -0.000515 1330.0
0.000784 -0.000515 1331.0
0.000784 -0.000515 1332.0
0.000784 -0.000515 1333.0
0.000784 -0.000514 1334.0
0.000784 -0.000514 1335.0
0.000785 -0.000514 1336.0
0.000785 -0.000514 1337.0
0.000785 -0.000514 1338.0
0.000785 -0.000514 1339.0
0.000785 -0.000514 1340.0
0.000785 -0.000514 1341.0
0.000785 -0.000514 1342.0
0.000785 -0.000514 1343.0
0.000785 -0.000514 1344.0
0.000785 -0.000514 1345.0
0.000785 -0.000513 1346.0
0.000785 -0.000513 1347.0
0.000785 -0.000513 1348.0
0.000785 -0.000513 1349.0
0.000785 -0.000513 1350.0
0.000785 -0.000513 1351.0
0.000785 -0.000513 1352.0
0.000785 -0.000513 1353.0
0.000785 -0.000513 1354.0
0.000785 -0.000513 1355.0
0.000785 -0.000513 1356.0
0.000785 -0.000513 1357.0
0.000786 -0.000512 1358.0
0.000786 -0.000512 1359.0
0.000786 -0.000512 1360.0
0.000786 -0.000512 1361.0
0.000786 -0.000512 1362.0
0.000786 -0.000512 1363.0
0.000786 -0.000513 1364.0
0.000786 -0.000513 1365.0
0.000786 -0.000513 1366.0
0.000786 -0.000513 1367.0
0.000786 -0.000512 1368.0
0.000785 -0.000512 1369.0
0.000785 -0.000512 1370.0
0.000785 -0.000512 1371.0
0.000784 -0.000512 1372.0
0.000784 -0.000512 1373.0
0.000783 -0.000511 1374.0
0.000783 -0.000511 1375.0
0.000783 -0.000511 1376.0
0.000782 -0.000511 1377.0
0.000782 -0.000511 1378.0
0.000781 -0.000511 1379.0
0.000781 -0.000510 1380.0
0.000781 -0.000510 1381.0
0.000780 -0.000510 1382.0
0.000780 -0.000510 1383.0
0.000780 -0.000510 1384.0
0.000779 -0.000510 1385.0
0.000779 -0.000509 1386.0
0.000778 -0.000509 1387.0
0.000778 -0.000509 1388.0
0.000778 -0.000509 1389.0
0.000777 -0.000509 1390.0
0.000777 -0.000509 1391.0
0.000776 -0.000508 1392.0
0.000776 -0.000508 1393.0
0.000776 -0.000508 1394.0
0.000775 -0.000508 1395.0
0.000775 -0.000508 1396.0
0.000774 -0.000508 1397.0
0.000774 -0.000507 1398.0
0.000774 -0.000507 1399.0
0.000773 -0.000507 1400.0
0.000773 -0.000507 1401.0
0.000773 -0.000507 1402.0
0.000772 -0.000507 1403.0
0.000772 -0.000506 1404.0
0.000771 -0.000506 1405.0
0.000771 -0.000506 1406.0
0.000771 -0.000506 1407.0
0.000770 -0.000506 1408.0
0.000770 -0.000506 1409.0
0.000769 -0.000506 1410.0
0.000769 -0.000505 1411.0
0.000769 -0.000505 1412.0
0.000768 -0.000505 1413.0
0.000768 -0.000505 1414.0
0.000767 -0.000505 1415.0
0.000767 -0.000505 1416.0
0.000767 -0.000504 1417.0
0.000766 -0.000504 1418.0
0.000766 -0.000504 1419.0
0.000766 -0.000504 1420.0
0.000765 -0.000504 1421.0
0.000765 -0.000504 1422.0
0.000764 -0.000503 1423.0
0.000764 -0.000505 1424.0
0.000764 -0.000505 1425.0
0.000764 -0.000505 1426.0
0.000763 -0.000505 1427.0
0.000763 -0.000504 1428.0
0.000763 -0.000504 1429.0
0.000763 -0.000504 1430.0
0.000763 -0.000504 1431.0
0.000763 -0.000504 1432.0
0.000762 -0.000503 1433.0
0.000762 -0.000503 1434.0
0.000762 -0.000503 1435.0
0.000762 -0.000503 1436.0
0.000762 -0.000503 1437.0
0.000761 -0.000502 1438.0
0.000761 -0.000502 1439.0
0.000761 -0.000502 1440.0
0.000761 -0.000502 1441.0
0.000761 -0.000502 1442.0
0.000761 -0.000502 1443.0
0.000760 -0.000501 1444.0
0.000760 -0.000501 1445.0
0.000760 -0.000501 1446.0
0.000760 -0.000501 1447.0
0.000760 -0.000501 1448.0
0.000759 -0.000500 1449.0
0.000759 -0.000500 1450.0
0.000759 -0.000500 1451.0
0.000759 -0.000500 1452.0
0.000759 -0.000500 1453.0
0.000759 -0.000500 1454.0
0.000758 -0.000499 1455.0
0.000758 -0.000499 1456.0
0.000758 -0.000499 1457.0
0.000758 -0.000499 1458.0
0.000758 -0.000499 1459.0
0.000757 -0.000498 1460.0
0.000757 -0.000498 1461.0
0.000757 -0.000498 1462.0
0.000757 -0.000498 1463.0
0.000757 -0.000498 1464.0
0.000757 -0.000497 1465.0
0.000756 -0.000497 1466.0
0.000756 -0.000497 1467.0
0.000756 -0.000497 1468.0
0.000756 -0.000497 1469.0
0.000756 -0.000497 1470.0
0.000755 -0.000496 1471.0
0.000755 -0.000496 1472.0
0.000755 -0.000496 1473.0
0.000755 -0.000496 1474.0
0.000755 -0.000496 1475.0
0.000755 -0.000495 1476.0
0.000754 -0.000495 1477.0
0.000754 -0.000495 1478.0
0.000754 -0.000495 1479.0
0.000754 -0.000495 1480.0
0.000754 -0.000494 1481.0
0.000754 -0.000494 1482.0
0.000753 -0.000494 1483.0
0.000753 -0.000494 1484.0
0.000753 -0.000494 1485.0
0.000753 -0.000494 1486.0
0.000753 -0.000493 1487.0
0.000752 -0.000493 1488.0
0.000752 -0.000493 1489.0
0.000752 -0.000493 1490.0
0.000752 -0.000493 1491.0
0.000752 -0.000492 1492.0
0.000752 -0.000492 1493.0
0.000751 -0.000492 1494.0
0.000751 -0.000492 1495.0
0.000751 -0.000492 1496.0
0.000751 -0.000491 1497.0
0.000751 -0.000491 1498.0
0.000750 -0.000491 1499.0
0.000750 -0.000491 1500.0
0.000749 -0.000493 1501.0
0.000748 -0.000492 1502.0
0.000748 -0.000492 1503.0
0.000747 -0.000492 1504.0
0.000746 -0.000491 1505.0
0.000746 -0.000491 1506.0
0.000745 -0.000490 1507.0
0.000744 -0.000490 1508.0
0.000743 -0.000489 1509.0
0.000743 -0.000489 1510.0
0.000742 -0.000488 1511.0
0.000741 -0.000488 1512.0
0.000741 -0.000488 1513.0
0.000740 -0.000487 1514.0
0.000739 -0.000487 1515.0
0.000738 -0.000486 1516.0
0.000738 -0.000486 1517.0
0.000737 -0.000485 1518.0
0.000736 -0.000485 1519.0
0.000736 -0.000484 1520.0
0.000735 -0.000484 1521.0
0.000734 -0.000483 1522.0
0.000733 -0.000483 1523.0
0.000733 -0.000483 1524.0
0.000732 -0.000482 1525.0
0.000731 -0.000482 1526.0
0.000731 -0.000481 1527.0
0.000730 -0.000481 1528.0
0.000729 -0.000480 1529.0
0.000728 -0.000480 1530.0
0.000728 -0.000479 1531.0
0.000727 -0.000479 1532.0
0.000726 -0.000479 1533.0
0.000726 -0.000478 1534.0
0.000725 -0.000478 1535.0
0.000724 -0.000477 1536.0
0.000723 -0.000477 1537.0
0.000723 -0.000476 1538.0
0.000722 -0.000476 1539.0
0.000721 -0.000475 1540.0
0.000721 -0.000475 1541.0
0.000720 -0.000475 1542.0
0.000719 -0.000474 1543.0
0.000718 -0.000474 1544.0
0.000718 -0.000473 1545.0
0.000717 -0.000473 1546.0
0.000716 -0.000472 1547.0
0.000716 -0.000472 1548.0
0.000714 -0.000476 1549.0
0.000714 -0.000475 1550.0
0.000714 -0.000475 1551.0
0.000714 -0.000475 1552.0
0.000713 -0.000474 1553.0
0.000713 -0.000474 1554.0
0.000713 -0.000474 1555.0
0.000712 -0.000473 1556.0
0.000712 -0.000473 1557.0
0.000712 -0.000473 1558.0
0.000712 -0.000473 1559.0
0.000711 -0.000472 1560.0
0.000711 -0.000472 1561.0
0.000711 -0.000472 1562.0
0.000711 -0.000471 1563.0
0.000710 -0.000471 1564.0
0.000710 -0.000471 1565.0
0.000710 -0.000471 1566.0
0.000710 -0.000470 1567.0
0.000709 -0.000470 1568.0
0.000709 -0.000470 1569.0
0.000709 -0.000469 1570.0
0.000709 -0.000469 1571.0
0.000708 -0.000469 1572.0
0.000708 -0.000469 1573.0
0.000708 -0.000468 1574.0
0.000708 -0.000468 1575.0
0.000707 -0.000468 1576.0
0.000707 -0.000467 1577.0
0.000707 -0.000467 1578.0
0.000707 -0.000467 1579.0
0.000706 -0.000467 1580.0
0.000706 -0.000466 1581.0
0.000706 -0.000466 1582.0
0.000706 -0.000466 1583.0
0.000705 -0.000465 1584.0
0.000705 -0.000465 1585.0
0.000705 -0.000465 1586.0
0.000705 -0.000465 1587.0
0.000704 -0.000464 1588.0
0.000704 -0.000464 1589.0
0.000704 -0.000464 1590.0
0.000703 -0.000463 1591.0
0.000703 -0.000463 1592.0
0.000703 -0.000463 1593.0
0.000703 -0.000462 1594.0
0.000702 -0.000462 1595.0
0.000702 -0.000462 1596.0
0.000702 -0.000462 1597.0
0.000702 -0.000461 1598.0
0.000701 -0.000461 1599.0
0.000701 -0.000461 1600.0
0.000701 -0.000460 1601.0
0.000701 -0.000460 1602.0
0.000700 -0.000460 1603.0
0.000700 -0.000460 1604.0
0.000700 -0.000459 1605.0
0.000700 -0.000459 1606.0
0.000699 -0.000459 1607.0
0.000699 -0.000458 1608.0
0.000699 -0.000458 1609.0
0.000697 -0.000460 1610.0
0.000697 -0.000461 1611.0
0.000696 -0.000462 1612.0
0.000696 -0.000463 1613.0
0.000695 -0.000463 1614.0
0.000695 -0.000464 1615.0
0.000694 -0.000465 1616.0
0.000693 -0.000465 1617.0
0.000693 -0.000466 1618.0
0.000692 -0.000467 1619.0
0.000692 -0.000468 1620.0
0.000691 -0.000468 1621.0
0.000690 -0.000469 1622.0
0.000690 -0.000470 1623.0
0.000689 -0.000470 1624.0
0.000689 -0.000471 1625.0
0.000688 -0.000472 1626.0
0.000688 -0.000473 1627.0
0.000687 -0.000473 1628.0
0.000686 -0.000474 1629.0
0.000686 -0.000475 1630.0
0.000685 -0.000475 1631.0
0.000685 -0.000476 1632.0
0.000684 -0.000477 1633.0
0.000683 -0.000478 1634.0
0.000683 -0.000478 1635.0
0.000682 -0.000479 1636.0
0.000682 -0.000480 1637.0
0.000681 -0.000480 1638.0
0.000681 -0.000481 1639.0
0.000680 -0.000482 1640.0
0.000679 -0.000483 1641.0
0.000679 -0.000483 1642.0
0.000678 -0.000484 1643.0
0.000678 -0.000485 1644.0
0.000677 -0.000485 1645.0
0.000676 -0.000486 1646.0
0.000676 -0.000487 1647.0
0.000675 -0.000488 1648.0
0.000675 -0.000488 1649.0
0.000674 -0.000489 1650.0
0.000674 -0.000490 1651.0
0.000673 -0.000491 1652.0
0.000672 -0.000491 1653.0
0.000672 -0.000492 1654.0
0.000671 -0.000493 1655.0
0.000671 -0.000493 1656.0
0.000670 -0.000494 1657.0
0.000669 -0.000495 1658.0
0.000669 -0.000496 1659.0
0.000668 -0.000496 1660.0
0.000668 -0.000497 1661.0
0.000667 -0.000498 1662.0
0.000667 -0.000498 1663.0
0.000666 -0.000499 1664.0
0.000665 -0.000500 1665.0
0.000665 -0.000501 1666.0
0.000661 -0.000496 1667.0
0.000661 -0.000496 1668.0
0.000660 -0.000496 1669.0
0.000660 -0.000496 1670.0
0.000659 -0.000496 1671.0
0.000659 -0.000496 1672.0
0.000658 -0.000497 1673.0
0.000658 -0.000497 1674.0
0.000657 -0.000497 1675.0
0.000657 -0.000497 1676.0
0.000656 -0.000497 1677.0
0.000656 -0.000497 1678.0
0.000655 -0.000497 1679.0
0.000655 -0.000498 1680.0
0.000654 -0.000498 1681.0
0.000654 -0.000498 1682.0
0.000653 -0.000498 1683.0
0.000653 -0.000498 1684.0
0.000652 -0.000498 1685.0
0.000652 -0.000498 1686.0
0.000651 -0.000498 1687.0
0.000650 -0.000499 1688.0
0.000650 -0.000499 1689.0
0.000649 -0.000499 1690.0
0.000649 -0.000499 1691.0
0.000648 -0.000499 1692.0
0.000648 -0.000499 1693.0
0.000647 -0.000499 1694.0
0.000647 -0.000500 1695.0
0.000646 -0.000500 1696.0
0.000646 -0.000500 1697.0
0.000645 -0.000500 1698.0
0.000645 -0.000500 1699.0
0.000644 -0.000500 1700.0
0.000644 -0.000500 1701.0
0.000643 -0.000501 1702.0
0.000643 -0.000501 1703.0
0.000642 -0.000501 1704.0
0.000642 -0.000501 1705.0
0.000641 -0.000501 1706.0
0.000641 -0.000501 1707.0
0.000640 -0.000501 1708.0
0.000640 -0.000502 1709.0
0.000639 -0.000502 1710.0
0.000639 -0.000502 1711.0
0.000638 -0.000502 1712.0
0.000638 -0.000502 1713.0
0.000637 -0.000502 1714.0
0.000637 -0.000502 1715.0
0.000636 -0.000502 1716.0
0.000636 -0.000503 1717.0
0.000635 -0.000503 1718.0
0.000634 -0.000503 1719.0
0.000634 -0.000503 1720.0
0.000633 -0.000503 1721.0
0.000633 -0.000503 1722.0
0.000632 -0.000503 1723.0
0.000632 -0.000504 1724.0
0.000631 -0.000504 1725.0
0.000631 -0.000504 1726.0
0.000630 -0.000504 1727.0
0.000630 -0.000504 1728.0
0.000629 -0.000504 1729.0
0.000629 -0.000504 1730.0
0.000629 -0.000503 1731.0
0.000628 -0.000503 1732.0
0.000628 -0.000502 1733.0
0.000628 -0.000502 1734.0
0.000628 -0.000502 1735.0
0.000628 -0.000502 1736.0
0.000628 -0.000502 1737.0
0.000628 -0.000501 1738.0
0.000628 -0.000501 1739.0
0.000628 -0.000501 1740.0
0.000627 -0.000501 1741.0
0.000627 -0.000501 1742.0
0.000627 -0.000500 1743.0
0.000627 -0.000500 1744.0
0.000627 -0.000500 1745.0
0.000627 -0.000500 1746.0
0.000627 -0.000500 1747.0
0.000627 -0.000499 1748.0
0.000627 -0.000499 1749.0
0.000626 -0.000499 1750.0
0.000626 -0.000499 1751.0
0.000626 -0.000499 1752.0
0.000626 -0.000498 1753.0
0.000626 -0.000498 1754.0
0.000626 -0.000498 1755.0
0.000626 -0.000498 1756.0
0.000626 -0.000498 1757.0
0.000625 -0.000497 1758.0
0.000625 -0.000497 1759.0
0.000625 -0.000497 1760.0
0.000625 -0.000497 1761.0
0.000625 -0.000497 1762.0
0.000625 -0.000496 1763.0
0.000625 -0.000496 1764.0
0.000625 -0.000496 1765.0
0.000625 -0.000496 1766.0
0.000624 -0.000496 1767.0
0.000624 -0.000495 1768.0
0.000624 -0.000495 1769.0
0.000624 -0.000495 1770.0
0.000624 -0.000495 1771.0
0.000624 -0.000495 1772.0
0.000624 -0.000494 1773.0
0.000624 -0.000494 1774.0
0.000624 -0.000494 1775.0
0.000623 -0.000494 1776.0
0.000623 -0.000494 1777.0
0.000623 -0.000493 1778.0
0.000623 -0.000493 1779.0
0.000623 -0.000493 1780.0
0.000623 -0.000493 1781.0
0.000623 -0.000493 1782.0
0.000623 -0.000492 1783.0
0.000623 -0.000492 1784.0
0.000622 -0.000492 1785.0
0.000622 -0.000492 1786.0
0.000622 -0.000492 1787.0
0.000621 -0.000493 1788.0
0.000621 -0.000493 1789.0
0.000621 -0.000493 1790.0
0.000621 -0.000493 1791.0
0.000621 -0.000492 1792.0
0.000621 -0.000492 1793.0
0.000621 -0.000492 1794.0
0.000621 -0.000492 1795.0
0.000621 -0.000492 1796.0
0.000621 -0.000492 1797.0
0.000622 -0.000492 1798.0
0.000622 -0.000492 1799.0
0.000622 -0.000492 1800.0
0.000622 -0.000492 1801.0
0.000622 -0.000492 1802.0
0.000622 -0.000492 1803.0
0.000622 -0.000492 1804.0
0.000622 -0.000492 1805.0
0.000622 -0.000492 1806.0
0.000622 -0.000492 1807.0
0.000622 -0.000492 1808.0
0.000622 -0.000492 1809.0
0.000622 -0.000492 1810.0
0.000622 -0.000492 1811.0
0.000622 -0.000492 1812.0
0.000622 -0.000492 1813.0
0.000622 -0.000492 1814.0
0.000622 -0.000492 1815.0
0.000622 -0.000492 1816.0
0.000622 -0.000492 1817.0
0.000622 -0.000492 1818.0
0.000622 -0.000492 1819.0
0.000622 -0.000491 1820.0
0.000622 -0.000491 1821.0
0.000622 -0.000491 1822.0
0.000622 -0.000491 1823.0
0.000622 -0.000491 1824.0
0.000622 -0.000491 1825.0
0.000622 -0.000491 1826.0
0.000622 -0.000491 1827.0
0.000622 -0.000491 1828.0
0.000622 -0.000491 1829.0
0.000622 -0.000491 1830.0
0.000622 -0.000491 1831.0
0.000622 -0.000491 1832.0
0.000622 -0.000491 1833.0
0.000622 -0.000491 1834.0
0.000622 -0.000491 1835.0
0.000622 -0.000491 1836.0
0.000622 -0.000491 1837.0
0.000622 -0.000491 1838.0
0.000622 -0.000491 1839.0
0.000622 -0.000491 1840.0
0.000622 -0.000491 1841.0
0.000622 -0.000491 1842.0
0.000622 -0.000491 1843.0
0.000622 -0.000491 1844.0
0.000623 -0.000491 1845.0
0.000623 -0.000491 1846.0
0.000623 -0.000491 1847.0
0.000623 -0.000491 1848.0
0.000623 -0.000491 1849.0
0.000623 -0.000491 1850.0
0.000623 -0.000491 1851.0
0.000623 -0.000491 1852.0
0.000623 -0.000491 1853.0
0.000623 -0.000491 1854.0
0.000623 -0.000491 1855.0
0.000623 -0.000491 1856.0
0.000623 -0.000491 1857.0
0.000623 -0.000491 1858.0
0.000623 -0.000491 1859.0
0.000623 -0.000491 1860.0
0.000623 -0.000491 1861.0
0.000623 -0.000491 1862.0
0.000623 -0.000491 1863.0
0.000623 -0.000491 1864.0
0.000623 -0.000491 1865.0
0.000623 -0.000491 1866.0
0.000623 -0.000491 1867.0
0.000623 -0.000491 1868.0
0.000623 -0.000491 1869.0
0.000623 -0.000491 1870.0
0.000623 -0.000491 1871.0
0.000622 -0.000491 1872.0
0.000622 -0.000491 1873.0
0.000622 -0.000491 1874.0
0.000622 -0.000491 1875.0
0.000622 -0.000491 1876.0
0.000622 -0.000491 1877.0
0.000622 -0.000491 1878.0
0.000622 -0.000491 1879.0
0.000622 -0.000491 1880.0
0.000622 -0.000491 1881.0
0.000622 -0.000491 1882.0
0.000622 -0.000491 1883.0
0.000622 -0.000491 1884.0
0.000622 -0.000491 1885.0
0.000622 -0.000491 1886.0
0.000622 -0.000491 1887.0
0.000622 -0.000491 1888.0
0.000622 -0.000491 1889.0
0.000622 -0.000491 1890.0
0.000622 -0.000491 1891.0
0.000622 -0.000491 1892.0
0.000622 -0.000491 1893.0
0.000622 -0.000491 1894.0
0.000622 -0.000491 1895.0
0.000622 -0.000491 1896.0
0.000622 -0.000491 1897.0
0.000622 -0.000491 1898.0
0.000622 -0.000491 1899.0
0.000622 -0.000491 1900.0
0.000622 -0.000491 1901.0
0.000622 -0.000491 1902.0
0.000622 -0.000491 1903.0
0.000622 -0.000491 1904.0
0.000622 -0.000491 1905.0
0.000622 -0.000491 1906.0
0.000622 -0.000491 1907.0
0.000622 -0.000491 1908.0
0.000622 -0.000491 1909.0
0.000622 -0.000491 1910.0
0.000622 -0.000491 1911.0
0.000622 -0.000491 1912.0
0.000622 -0.000491 1913.0
0.000622 -0.000491 1914.0
0.000622 -0.000491 1915.0
0.000622 -0.000491 1916.0
0.000622 -0.000491 1917.0
0.000622 -0.000491 1918.0
0.000622 -0.000491 1919.0
0.000622 -0.000491 1920.0
0.000622 -0.000491 1921.0
0.000622 -0.000491 1922.0
0.000622 -0.000491 1923.0
0.000622 -0.000491 1924.0
0.000622 -0.000491 1925.0
0.000622 -0.000491 1926.0
0.000622 -0.000491 1927.0
0.000622 -0.000491 1928.0
0.000622 -0.000491 1929.0
0.000622 -0.000491 1930.0
0.000622 -0.000491 1931.0
0.000622 -0.000491 1932.0
0.000622 -0.000491 1933.0
0.000622 -0.000491 1934.0
0.000622 -0.000491 1935.0
0.000622 -0.000491 1936.0
0.000622 -0.000491 1937.0
0.000622 -0.000491 1938.0
0.000622 -0.000491 1939.0
0.000622 -0.000491 1940.0
0.000622 -0.000491 1941.0
0.000622 -0.000491 1942.0
0.000622 -0.000491 1943.0
0.000622 -0.000491 1944.0
0.000622 -0.000491 1945.0
0.000622 -0.000491 1946.0
0.000622 -0.000491 1947.0
0.000622 -0.000491 1948.0
0.000622 -0.000491 1949.0
0.000622 -0.000491 1950.0
0.000622 -0.000491 1951.0
0.000622 -0.000491 1952.0
0.000622 -0.000491 1953.0
0.000622 -0.000491 1954.0
0.000622 -0.000491 1955.0
0.000622 -0.000491 1956.0
0.000622 -0.000491 1957.0
0.000622 -0.000491 1958.0
0.000622 -0.000491 1959.0
0.000622 -0.000491 1960.0
0.000622 -0.000491 1961.0
0.000622 -0.000491 1962.0
0.000622 -0.000491 1963.0
0.000622 -0.000491 1964.0
0.000622 -0.000491 1965.0
0.000622 -0.000491 1966.0
0.000622 -0.000491 1967.0
0.000622 -0.000491 1968.0
0.000622 -0.000491 1969.0
0.000622 -0.000491 1970.0
0.000622 -0.000491 1971.0
0.000622 -0.000491 1972.0
0.000622 -0.000491 1973.0
0.000622 -0.000491 1974.0
0.000622 -0.000491 1975.0
0.000622 -0.000491 1976.0
0.000622 -0.000491 1977.0
0.000622 -0.000491 1978.0
0.000622 -0.000491 1979.0
0.000622 -0.000491 1980.0
0.000622 -0.000491 1981.0
0.000622 -0.000491 1982.0
0.000622 -0.000491 1983.0
0.000622 -0.000491 1984.0
0.000622 -0.000491 1985.0
0.000622 -0.000491 1986.0
0.000622 -0.000491 1987.0
0.000622 -0.000491 1988.0
0.000622 -0.000491 1989.0
0.000622 -0.000491 1990.0
0.000622 -0.000491 1991.0
0.000622 -0.000491 1992.0
0.000622 -0.000491 1993.0
0.000622 -0.000491 1994.0
0.000622 -0.000491 1995.0
0.000622 -0.000491 1996.0
0.000622 -0.000491 1997.0
0.000622 -0.000491 1998.0
0.000622 -0.000491 1999.0
0.000622 -0.000491 2000.0
0.000622 -0.000491 2001.0
0.000622 -0.000491 2002.0
0.000622 -0.000491 2003.0
0.000622 -0.000491 2004.0
0.000622 -0.000491 2005.0
0.000622 -0.000491 2006.0
0.000622 -0.000491 2007.0
0.000622 -0.000491 2008.0
0.000622 -0.000491 2009.0
0.000622 -0.000491 2010.0
0.000622 -0.000491 2011.0
0.000622 -0.000491 2012.0
0.000622 -0.000491 2013.0
0.000622 -0.000491 2014.0
0.000622 -0.000491 2015.0
0.000622 -0.000491 2016.0
0.000622 -0.000491 2017.0
0.000622 -0.000491 2018.0
0.000622 -0.000491 2019.0
0.000622 -0.000491 2020.0
0.000622 -0.000491 2021.0
0.000622 -0.000491 2022.0
0.000622 -0.000491 2023.0
0.000622 -0.000491 2024.0
0.000622 -0.000491 2025.0
0.000622 -0.000491 2026.0
0.000622 -0.000491 2027.0
0.000622 -0.000491 2028.0
0.000622 -0.000492 2029.0
0.000622 -0.000492 2030.0
0.000622 -0.000492 2031.0
0.000622 -0.000492 2032.0
0.000622 -0.000492 2033.0
0.000622 -0.000492 2034.0
0.000622 -0.000492 2035.0
0.000622 -0.000492 2036.0
0.000622 -0.000492 2037.0
0.000622 -0.000492 2038.0
0.000622 -0.000492 2039.0
0.000622 -0.000492 2040.0
0.000622 -0.000492 2041.0
0.000622 -0.000492 2042.0
0.000622 -0.000492 2043.0
0.000622 -0.000492 2044.0
0.000622 -0.000492 2045.0
0.000622 -0.000492 2046.0
0.000622 -0.000492 2047.0
0.000622 -0.000492 2048.0
0.000622 -0.000492 2049.0
0.000622 -0.000493 2050.0
0.000622 -0.000493 2051.0
0.000622 -0.000493 2052.0
0.000622 -0.000493 2053.0
0.000622 -0.000493 2054.0
0.000622 -0.000493 2055.0
0.000622 -0.000493 2056.0
0.000622 -0.000493 2057.0
0.000622 -0.000493 2058.0
0.000623 -0.000493 2059.0
0.000623 -0.000493 2060.0
0.000623 -0.000493 2061.0
0.000623 -0.000493 2062.0
0.000623 -0.000493 2063.0
0.000623 -0.000493 2064.0
0.000623 -0.000493 2065.0
0.000623 -0.000493 2066.0
0.000623 -0.000493 2067.0
0.000623 -0.000493 2068.0
0.000623 -0.000493 2069.0
0.000623 -0.000493 2070.0
0.000623 -0.000493 2071.0
0.000623 -0.000494 2072.0
0.000623 -0.000494 2073.0
0.000623 -0.000494 2074.0
0.000623 -0.000494 2075.0
0.000623 -0.000494 2076.0
0.000623 -0.000494 2077.0
0.000623 -0.000494 2078.0
0.000623 -0.000494 2079.0
0.000623 -0.000494 2080.0
0.000623 -0.000494 2081.0
0.000623 -0.000494 2082.0
0.000623 -0.000494 2083.0
0.000623 -0.000494 2084.0
0.000623 -0.000494 2085.0
0.000623 -0.000494 2086.0
0.000623 -0.000494 2087.0
0.000623 -0.000494 2088.0
0.000623 -0.000494 2089.0
0.000623 -0.000494 2090.0
0.000623 -0.000494 2091.0
0.000623 -0.000494 2092.0
0.000623 -0.000494 2093.0
0.000623 -0.000494 2094.0
0.000623 -0.000494 2095.0
0.000623 -0.000494 2096.0
0.000623 -0.000494 2097.0
0.000623 -0.000494 2098.0
0.000623 -0.000494 2099.0
0.000623 -0.000494 2100.0
0.000623 -0.000494 2101.0
0.000623 -0.000494 2102.0
0.000623 -0.000494 2103.0
0.000623 -0.000494 2104.0
0.000623 -0.000494 2105.0
0.000623 -0.000494 2106.0
0.000623 -0.000494 2107.0
0.000623 -0.000494 2108.0
0.000623 -0.000494 2109.0
0.000623 -0.000494 2110.0
0.000623 -0.000494 2111.0
0.000623 -0.000494 2112.0
0.000623 -0.000494 2113.0
0.000623 -0.000494 2114.0
0.000623 -0.000494 2115.0
0.000623 -0.000494 2116.0
0.000623 -0.000494 2117.0
0.000623 -0.000494 2118.0
0.000623 -0.000494 2119.0
0.000623 -0.000494 2120.0
0.000623 -0.000494 2121.0
0.000623 -0.000494 2122.0
0.000623 -0.000494 2123.0
0.000623 -0.000494 2124.0
0.000623 -0.000494 2125.0
0.000623 -0.000494 2126.0
0.000623 -0.000494 2127.0
0.000623 -0.000494 2128.0
0.000623 -0.000494 2129.0
0.000623 -0.000494 2130.0
0.000623 -0.000494 2131.0
0.000623 -0.000494 2132.0
0.000623 -0.000494 2133.0
0.000623 -0.000494 2134.0
0.000623 -0.000494 2135.0
0.000623 -0.000494 2136.0
0.000623 -0.000494 2137.0
0.000623 -0.000494 2138.0
0.000623 -0.000494 2139.0
0.000623 -0.000494 2140.0
0.000623 -0.000494 2141.0
0.000622 -0.000494 2142.0
0.000622 -0.000494 2143.0
0.000622 -0.000494 2144.0
0.000622 -0.000494 2145.0
0.000622 -0.000494 2146.0
0.000622 -0.000494 2147.0
0.000622 -0.000494 2148.0
0.000622 -0.000494 2149.0
0.000622 -0.000494 2150.0
0.000622 -0.000494 2151.0
0.000622 -0.000494 2152.0
0.000622 -0.000494 2153.0
0.000622 -0.000494 2154.0
0.000622 -0.000494 2155.0
0.000622 -0.000494 2156.0
0.000622 -0.000494 2157.0
0.000622 -0.000494 2158.0
0.000622 -0.000494 2159.0
0.000622 -0.000494 2160.0
0.000622 -0.000494 2161.0
0.000622 -0.000494 2162.0
0.000622 -0.000494 2163.0
0.000622 -0.000494 2164.0
0.000622 -0.000494 2165.0
0.000622 -0.000494 2166.0
0.000622 -0.000494 2167.0
0.000622 -0.000494 2168.0
0.000622 -0.000494 2169.0
0.000622 -0.000494 2170.0
0.000622 -0.000494 2171.0
0.000622 -0.000494 2172.0
0.000622 -0.000494 2173.0
0.000622 -0.000494 2174.0
0.000622 -0.000494 2175.0
0.000622 -0.000494 2176.0
0.000622 -0.000494 2177.0
0.000622 -0.000494 2178.0
0.000622 -0.000494 2179.0
0.000622 -0.000494 2180.0
0.000622 -0.000494 2181.0
0.000622 -0.000494 2182.0
0.000622 -0.000494 2183.0
0.000622 -0.000494 2184.0
0.000622 -0.000494 2185.0
0.000622 -0.000494 2186.0
0.000622 -0.000494 2187.0
0.000622 -0.000494 2188.0
0.000622 -0.000494 2189.0
0.000622 -0.000494 2190.0
0.000622 -0.000494 2191.0
0.000622 -0.000494 2192.0
0.000622 -0.000494 2193.0
0.000622 -0.000494 2194.0
0.000622 -0.000494 2195.0
0.000622 -0.000494 2196.0
0.000622 -0.000494 2197.0
0.000622 -0.000494 2198.0
0.000622 -0.000494 2199.0
0.000622 -0.000494 2200.0
0.000622 -0.000494 2201.0
0.000622 -0.000494 2202.0
0.000622 -0.000494 2203.0
0.000622 -0.000494 2204.0
0.000622 -0.000494 2205.0
0.000622 -0.000494 2206.0
0.000622 -0.000494 2207.0
0.000622 -0.000494 2208.0
0.000622 -0.000494 2209.0
0.000622 -0.000494 2210.0
0.000622 -0.000494 2211.0
0.000623 -0.000494 2212.0
0.000623 -0.000494 2213.0
0.000623 -0.000494 2214.0
0.000623 -0.000494 2215.0
0.000623 -0.000494 2216.0
0.000623 -0.000494 2217.0
0.000623 -0.000494 2218.0
0.000623 -0.000494 2219.0
0.000623 -0.000494 2220.0
0.000623 -0.000494 2221.0
0.000623 -0.000494 2222.0
0.000623 -0.000494 2223.0
0.000623 -0.000494 2224.0
0.000623 -0.000494 2225.0
0.000623 -0.000494 2226.0
0.000623 -0.000494 2227.0
0.000623 -0.000494 2228.0
0.000623 -0.000494 2229.0
0.000623 -0.000494 2230.0
0.000623 -0.000494 2231.0
0.000623 -0.000494 2232.0
0.000623 -0.000494 2233.0
0.000623 -0.000494 2234.0
0.000623 -0.000494 2235.0
0.000623 -0.000494 2236.0
0.000623 -0.000494 2237.0
0.000623 -0.000494 2238.0
0.000623 -0.000494 2239.0
0.000623 -0.000494 2240.0
0.000623 -0.000494 2241.0
0.000623 -0.000494 2242.0
0.000623 -0.000494 2243.0
0.000623 -0.000494 2244.0
0.000623 -0.000494 2245.0
0.000623 -0.000494 2246.0
0.000623 -0.000494 2247.0
0.000623 -0.000494 2248.0
0.000623 -0.000494 2249.0
0.000623 -0.000494 2250.0
0.000623 -0.000494 2251.0
0.000623 -0.000494 2252.0
0.000623 -0.000494 2253.0
0.000623 -0.000494 2254.0
0.000623 -0.000494 2255.0
0.000623 -0.000494 2256.0
0.000623 -0.000494 2257.0
0.000623 -0.000494 2258.0
0.000623 -0.000494 2259.0
0.000623 -0.000494 2260.0
0.000623 -0.000494 2261.0
0.000623 -0.000494 2262.0
0.000623 -0.000495 2263.0
0.000622 -0.000495 2264.0
0.000622 -0.000496 2265.0
0.000621 -0.000497 2266.0
0.000621 -0.000497 2267.0
0.000620 -0.000498 2268.0
0.000620 -0.000498 2269.0
0.000620 -0.000499 2270.0
0.000619 -0.000499 2271.0
0.000619 -0.000500 2272.0
0.000618 -0.000500 2273.0
0.000618 -0.000501 2274.0
0.000617 -0.000502 2275.0
0.000617 -0.000502 2276.0
0.000617 -0.000503 2277.0
0.000616 -0.000503 2278.0
0.000616 -0.000504 2279.0
0.000615 -0.000504 2280.0
0.000615 -0.000505 2281.0
0.000614 -0.000505 2282.0
0.000614 -0.000506 2283.0
0.000614 -0.000507 2284.0
0.000613 -0.000507 2285.0
0.000613 -0.000508 2286.0
0.000612 -0.000508 2287.0
0.000612 -0.000509 2288.0
0.000611 -0.000509 2289.0
0.000611 -0.000510 2290.0
0.000611 -0.000510 2291.0
0.000610 -0.000511 2292.0
0.000610 -0.000511 2293.0
0.000609 -0.000512 2294.0
0.000609 -0.000513 2295.0
0.000608 -0.000513 2296.0
0.000608 -0.000514 2297.0
0.000608 -0.000514 2298.0
0.000607 -0.000515 2299.0
0.000607 -0.000515 2300.0
0.000606 -0.000516 2301.0
0.000606 -0.000516 2302.0
0.000605 -0.000517 2303.0
0.000605 -0.000518 2304.0
0.000605 -0.000518 2305.0
0.000604 -0.000519 2306.0
0.000604 -0.000519 2307.0
0.000603 -0.000520 2308.0
0.000603 -0.000520 2309.0
0.000602 -0.000521 2310.0
0.000600 -0.000518 2311.0
0.000600 -0.000519 2312.0
0.000599 -0.000520 2313.0
0.000599 -0.000521 2314.0
0.000598 -0.000522 2315.0
0.000598 -0.000523 2316.0
0.000597 -0.000524 2317.0
0.000596 -0.000525 2318.0
0.000596 -0.000526 2319.0
0.000595 -0.000527 2320.0
0.000595 -0.000528 2321.0
0.000594 -0.000529 2322.0
0.000594 -0.000530 2323.0
0.000593 -0.000531 2324.0
0.000593 -0.000532 2325.0
0.000592 -0.000533 2326.0
0.000592 -0.000534 2327.0
0.000591 -0.000535 2328.0
0.000591 -0.000536 2329.0
0.000590 -0.000537 2330.0
0.000590 -0.000538 2331.0
0.000589 -0.000539 2332.0
0.000589 -0.000540 2333.0
0.000588 -0.000541 2334.0
0.000588 -0.000543 2335.0
0.000587 -0.000544 2336.0
0.000587 -0.000545 2337.0
0.000586 -0.000546 2338.0
0.000586 -0.000547 2339.0
0.000585 -0.000548 2340.0
0.000585 -0.000549 2341.0
0.000584 -0.000550 2342.0
0.000583 -0.000551 2343.0
0.000583 -0.000552 2344.0
0.000582 -0.000553 2345.0
0.000582 -0.000554 2346.0
0.000581 -0.000555 2347.0
0.000581 -0.000556 2348.0
0.000580 -0.000557 2349.0
0.000580 -0.000558 2350.0
0.000579 -0.000559 2351.0
0.000579 -0.000560 2352.0
0.000578 -0.000561 2353.0
0.000578 -0.000562 2354.0
0.000577 -0.000563 2355.0
0.000577 -0.000564 2356.0
0.000576 -0.000565 2357.0
0.000576 -0.000566 2358.0
0.000575 -0.000567 2359.0
0.000575 -0.000568 2360.0
0.000574 -0.000569 2361.0
0.000574 -0.000570 2362.0
0.000573 -0.000571 2363.0
0.000573 -0.000572 2364.0
0.000572 -0.000573 2365.0
0.000572 -0.000575 2366.0
0.000571 -0.000576 2367.0
0.000571 -0.000577 2368.0
0.000570 -0.000578 2369.0
0.000569 -0.000579 2370.0
0.000564 -0.000574 2371.0
0.000564 -0.000575 2372.0
0.000565 -0.000576 2373.0
0.000565 -0.000576 2374.0
0.000565 -0.000577 2375.0
0.000565 -0.000578 2376.0
0.000565 -0.000579 2377.0
0.000565 -0.000579 2378.0
0.000565 -0.000580 2379.0
0.000565 -0.000581 2380.0
0.000565 -0.000582 2381.0
0.000565 -0.000582 2382.0
0.000565 -0.000583 2383.0
0.000565 -0.000584 2384.0
0.000565 -0.000585 2385.0
0.000565 -0.000585 2386.0
0.000565 -0.000586 2387.0
0.000565 -0.000587 2388.0
0.000565 -0.000588 2389.0
0.000566 -0.000588 2390.0
0.000566 -0.000589 2391.0
0.000566 -0.000590 2392.0
0.000566 -0.000591 2393.0
0.000566 -0.000591 2394.0
0.000566 -0.000592 2395.0
0.000566 -0.000593 2396.0
0.000566 -0.000594 2397.0
0.000566 -0.000594 2398.0
0.000566 -0.000595 2399.0
0.000566 -0.000596 2400.0
0.000566 -0.000597 2401.0
0.000566 -0.000597 2402.0
0.000566 -0.000598 2403.0
0.000566 -0.000599 2404.0
0.000566 -0.000600 2405.0
0.000566 -0.000600 2406.0
0.000567 -0.000601 2407.0
0.000567 -0.000602 2408.0
0.000567 -0.000602 2409.0
0.000567 -0.000603 2410.0
0.000567 -0.000604 2411.0
0.000567 -0.000605 2412.0
0.000567 -0.000605 2413.0
0.000567 -0.000606 2414.0
0.000567 -0.000607 2415.0
0.000567 -0.000608 2416.0
0.000567 -0.000608 2417.0
0.000567 -0.000609 2418.0
0.000567 -0.000610 2419.0
0.000567 -0.000611 2420.0
0.000567 -0.000611 2421.0
0.000567 -0.000612 2422.0
0.000567 -0.000613 2423.0
0.000568 -0.000614 2424.0
0.000568 -0.000614 2425.0
0.000568 -0.000615 2426.0
0.000568 -0.000616 2427.0
0.000568 -0.000617 2428.0
0.000568 -0.000617 2429.0
0.000568 -0.000618 2430.0
0.000569 -0.000618 2431.0
0.000569 -0.000619 2432.0
0.000569 -0.000619 2433.0
0.000569 -0.000620 2434.0
0.000569 -0.000620 2435.0
0.000569 -0.000621 2436.0
0.000569 -0.000621 2437.0
0.000568 -0.000622 2438.0
0.000568 -0.000622 2439.0
0.000568 -0.000623 2440.0
0.000568 -0.000623 2441.0
0.000568 -0.000624 2442.0
0.000568 -0.000625 2443.0
0.000568 -0.000625 2444.0
0.000568 -0.000626 2445.0
0.000568 -0.000626 2446.0
0.000568 -0.000627 2447.0
0.000568 -0.000627 2448.0
0.000568 -0.000628 2449.0
0.000568 -0.000628 2450.0
0.000568 -0.000629 2451.0
0.000568 -0.000629 2452.0
0.000568 -0.000630 2453.0
0.000568 -0.000631 2454.0
0.000568 -0.000631 2455.0
0.000568 -0.000632 2456.0
0.000568 -0.000632 2457.0
0.000568 -0.000633 2458.0
0.000568 -0.000633 2459.0
0.000568 -0.000634 2460.0
0.000568 -0.000634 2461.0
0.000568 -0.000635 2462.0
0.000567 -0.000636 2463.0
0.000567 -0.000636 2464.0
0.000567 -0.000637 2465.0
0.000567 -0.000637 2466.0
0.000567 -0.000638 2467.0
0.000567 -0.000638 2468.0
0.000567 -0.000639 2469.0
0.000567 -0.000639 2470.0
0.000567 -0.000640 2471.0
0.000567 -0.000640 2472.0
0.000567 -0.000641 2473.0
0.000567 -0.000642 2474.0
0.000567 -0.000642 2475.0
0.000567 -0.000643 2476.0
0.000567 -0.000643 2477.0
0.000567 -0.000644 2478.0
0.000567 -0.000644 2479.0
0.000567 -0.000645 2480.0
0.000567 -0.000645 2481.0
0.000567 -0.000646 2482.0
0.000567 -0.000646 2483.0
0.000567 -0.000647 2484.0
0.000567 -0.000648 2485.0
0.000567 -0.000648 2486.0
0.000567 -0.000649 2487.0
0.000567 -0.000649 2488.0
0.000566 -0.000650 2489.0
0.000566 -0.000650 2490.0
0.000566 -0.000651 2491.0
0.000566 -0.000651 2492.0
0.000566 -0.000652 2493.0
0.000566 -0.000652 2494.0
0.000566 -0.000653 2495.0
0.000566 -0.000653 2496.0
0.000566 -0.000653 2497.0
0.000566 -0.000654 2498.0
0.000566 -0.000654 2499.0
0.000566 -0.000654 2500.0
0.000566 -0.000655 2501.0
0.000566 -0.000655 2502.0
0.000566 -0.000655 2503.0
0.000566 -0.000655 2504.0
0.000566 -0.000656 2505.0
0.000567 -0.000656 2506.0
0.000567 -0.000656 2507.0
0.000567 -0.000657 2508.0
0.000567 -0.000657 2509.0
0.000567 -0.000657 2510.0
0.000567 -0.000658 2511.0
0.000567 -0.000658 2512.0
0.000567 -0.000658 2513.0
0.000567 -0.000659 2514.0
0.000567 -0.000659 2515.0
0.000568 -0.000659 2516.0
0.000568 -0.000660 2517.0
0.000568 -0.000660 2518.0
0.000568 -0.000660 2519.0
0.000568 -0.000661 2520.0
0.000568 -0.000661 2521.0
0.000568 -0.000661 2522.0
0.000568 -0.000661 2523.0
0.000568 -0.000662 2524.0
0.000568 -0.000662 2525.0
0.000569 -0.000662 2526.0
0.000569 -0.000663 2527.0
0.000569 -0.000663 2528.0
0.000569 -0.000663 2529.0
0.000569 -0.000664 2530.0
0.000569 -0.000664 2531.0
0.000569 -0.000664 2532.0
0.000569 -0.000665 2533.0
0.000569 -0.000665 2534.0
0.000569 -0.000665 2535.0
0.000570 -0.000666 2536.0
0.000570 -0.000666 2537.0
0.000570 -0.000666 2538.0
0.000570 -0.000667 2539.0
0.000570 -0.000667 2540.0
0.000570 -0.000667 2541.0
0.000570 -0.000667 2542.0
0.000570 -0.000668 2543.0
0.000570 -0.000668 2544.0
0.000570 -0.000668 2545.0
0.000571 -0.000669 2546.0
0.000571 -0.000669 2547.0
0.000571 -0.000669 2548.0
0.000571 -0.000670 2549.0
0.000571 -0.000670 2550.0
0.000571 -0.000670 2551.0
0.000572 -0.000670 2552.0
0.000572 -0.000670 2553.0
0.000572 -0.000670 2554.0
0.000572 -0.000670 2555.0
0.000572 -0.000670 2556.0
0.000572 -0.000670 2557.0
0.000572 -0.000670 2558.0
0.000572 -0.000670 2559.0
0.000572 -0.000670 2560.0
0.000572 -0.000670 2561.0
0.000572 -0.000670 2562.0
0.000572 -0.000670 2563.0
0.000572 -0.000670 2564.0
0.000572 -0.000670 2565.0
0.000572 -0.000670 2566.0
0.000572 -0.000670 2567.0
0.000572 -0.000670 2568.0
0.000572 -0.000670 2569.0
0.000572 -0.000670 2570.0
0.000572 -0.000670 2571.0
0.000572 -0.000670 2572.0
0.000572 -0.000670 2573.0
0.000572 -0.000670 2574.0
0.000572 -0.000670 2575.0
0.000572 -0.000670 2576.0
0.000572 -0.000670 2577.0
0.000572 -0.000670 2578.0
0.000572 -0.000670 2579.0
0.000572 -0.000670 2580.0
0.000572 -0.000670 2581.0
0.000572 -0.000670 2582.0
0.000572 -0.000670 2583.0
0.000572 -0.000670 2584.0
0.000572 -0.000670 2585.0
0.000572 -0.000670 2586.0
0.000572 -0.000670 2587.0
0.000572 -0.000670 2588.0
0.000572 -0.000670 2589.0
0.000572 -0.000670 2590.0
0.000572 -0.000670 2591.0
0.000572 -0.000670 2592.0
0.000572 -0.000670 2593.0
0.000572 -0.000670 2594.0
0.000572 -0.000670 2595.0
0.000572 -0.000670 2596.0
0.000572 -0.000670 2597.0
0.000572 -0.000670 2598.0
0.000572 -0.000670 2599.0
0.000572 -0.000670 2600.0
0.000572 -0.000670 2601.0
0.000572 -0.000670 2602.0
0.000572 -0.000670 2603.0
0.000572 -0.000670 2604.0
0.000572 -0.000670 2605.0
0.000572 -0.000670 2606.0
0.000572 -0.000670 2607.0
0.000572 -0.000670 2608.0
0.000572 -0.000670 2609.0
0.000572 -0.000670 2610.0
0.000572 -0.000670 2611.0
0.000572 -0.000670 2612.0
0.000572 -0.000670 2613.0
0.000572 -0.000670 2614.0
0.000572 -0.000670 2615.0
0.000572 -0.000670 2616.0
0.000572 -0.000670 2617.0
0.000572 -0.000670 2618.0
0.000572 -0.000670 2619.0
0.000572 -0.000670 2620.0
0.000572 -0.000670 2621.0
0.000572 -0.000670 2622.0
0.000572 -0.000670 2623.0
0.000572 -0.000670 2624.0
0.000572 -0.000670 2625.0
0.000572 -0.000670 2626.0
0.000572 -0.000670 2627.0
0.000572 -0.000670 2628.0
0.000572 -0.000670 2629.0
0.000572 -0.000669 2630.0
0.000572 -0.000669 2631.0
0.000572 -0.000669 2632.0
0.000572 -0.000669 2633.0
0.000572 -0.000669 2634.0
0.000572 -0.000669 2635.0
0.000572 -0.000669 2636.0
0.000572 -0.000669 2637.0
0.000572 -0.000668 2638.0
0.000572 -0.000668 2639.0
0.000572 -0.000668 2640.0
0.000572 -0.000668 2641.0
0.000572 -0.000668 2642.0
0.000573 -0.000667 2643.0
0.000573 -0.000667 2644.0
0.000573 -0.000667 2645.0
0.000573 -0.000667 2646.0
0.000573 -0.000666 2647.0
0.000573 -0.000666 2648.0
0.000573 -0.000666 2649.0
0.000573 -0.000666 2650.0
0.000573 -0.000666 2651.0
0.000573 -0.000665 2652.0
0.000573 -0.000665 2653.0
0.000573 -0.000665 2654.0
0.000573 -0.000665 2655.0
0.000573 -0.000664 2656.0
0.000573 -0.000664 2657.0
0.000573 -0.000664 2658.0
0.000573 -0.000664 2659.0
0.000573 -0.000663 2660.0
0.000573 -0.000663 2661.0
0.000573 -0.000663 2662.0
0.000573 -0.000663 2663.0
0.000573 -0.000663 2664.0
0.000573 -0.000662 2665.0
0.000573 -0.000662 2666.0
0.000573 -0.000662 2667.0
0.000573 -0.000662 2668.0
0.000573 -0.000661 2669.0
0.000573 -0.000661 2670.0
0.000573 -0.000661 2671.0
0.000573 -0.000661 2672.0
0.000573 -0.000661 2673.0
0.000573 -0.000660 2674.0
0.000573 -0.000660 2675.0
0.000574 -0.000660 2676.0
0.000574 -0.000660 2677.0
0.000574 -0.000659 2678.0
0.000574 -0.000659 2679.0
0.000574 -0.000659 2680.0
0.000574 -0.000659 2681.0
0.000574 -0.000659 2682.0
0.000574 -0.000658 2683.0
0.000574 -0.000658 2684.0
0.000574 -0.000658 2685.0
0.000574 -0.000658 2686.0
0.000574 -0.000657 2687.0
0.000574 -0.000657 2688.0
0.000574 -0.000657 2689.0
0.000574 -0.000657 2690.0
0.000574 -0.000657 2691.0
0.000573 -0.000657 2692.0
0.000573 -0.000657 2693.0
0.000572 -0.000656 2694.0
0.000572 -0.000656 2695.0
0.000572 -0.000656 2696.0
0.000571 -0.000656 2697.0
0.000571 -0.000656 2698.0
0.000571 -0.000655 2699.0
0.000570 -0.000655 2700.0
0.000570 -0.000655 2701.0
0.000570 -0.000655 2702.0
0.000569 -0.000655 2703.0
0.000569 -0.000655 2704.0
0.000568 -0.000654 2705.0
0.000568 -0.000654 2706.0
0.000568 -0.000654 2707.0
0.000567 -0.000654 2708.0
0.000567 -0.000655 2709.0
0.000567 -0.000654 2710.0
0.000567 -0.000654 2711.0
0.000567 -0.000654 2712.0
0.000567 -0.000653 2713.0
0.000567 -0.000653 2714.0
0.000567 -0.000653 2715.0
0.000567 -0.000653 2716.0
0.000567 -0.000652 2717.0
0.000567 -0.000652 2718.0
0.000567 -0.000652 2719.0
0.000567 -0.000652 2720.0
0.000567 -0.000651 2721.0
0.000567 -0.000651 2722.0
0.000567 -0.000651 2723.0
0.000567 -0.000651 2724.0
0.000567 -0.000650 2725.0
0.000567 -0.000650 2726.0
0.000567 -0.000650 2727.0
0.000567 -0.000649 2728.0
0.000567 -0.000649 2729.0
0.000567 -0.000649 2730.0
0.000567 -0.000649 2731.0
0.000567 -0.000648 2732.0
0.000567 -0.000648 2733.0
0.000567 -0.000648 2734.0
0.000567 -0.000648 2735.0
0.000567 -0.000647 2736.0
0.000567 -0.000647 2737.0
0.000567 -0.000647 2738.0
0.000567 -0.000646 2739.0
0.000567 -0.000646 2740.0
0.000567 -0.000646 2741.0
0.000567 -0.000646 2742.0
0.000567 -0.000645 2743.0
0.000567 -0.000645 2744.0
0.000566 -0.000645 2745.0
0.000566 -0.000645 2746.0
0.000566 -0.000644 2747.0
0.000566 -0.000644 2748.0
0.000566 -0.000644 2749.0
0.000566 -0.000644 2750.0
0.000566 -0.000643 2751.0
0.000566 -0.000643 2752.0
0.000566 -0.000643 2753.0
0.000566 -0.000642 2754.0
0.000566 -0.000642 2755.0
0.000566 -0.000642 2756.0
0.000566 -0.000642 2757.0
0.000566 -0.000641 2758.0
0.000566 -0.000641 2759.0
0.000566 -0.000641 2760.0
0.000566 -0.000641 2761.0
0.000566 -0.000640 2762.0
0.000566 -0.000640 2763.0
0.000566 -0.000640 2764.0
0.000566 -0.000640 2765.0
0.000566 -0.000639 2766.0
0.000566 -0.000639 2767.0
0.000566 -0.000639 2768.0
0.000566 -0.000639 2769.0
0.000566 -0.000638 2770.0
0.000566 -0.000638 2771.0
0.000566 -0.000637 2772.0
0.000566 -0.000636 2773.0
0.000566 -0.000636 2774.0
0.000566 -0.000635 2775.0
0.000566 -0.000635 2776.0
0.000566 -0.000634 2777.0
0.000566 -0.000634 2778.0
0.000566 -0.000633 2779.0
0.000566 -0.000632 2780.0
0.000566 -0.000632 2781.0
0.000566 -0.000631 2782.0
0.000566 -0.000631 2783.0
0.000565 -0.000630 2784.0
0.000565 -0.000630 2785.0
0.000565 -0.000629 2786.0
0.000565 -0.000628 2787.0
0.000565 -0.000628 2788.0
0.000565 -0.000627 2789.0
0.000565 -0.000627 2790.0
0.000565 -0.000626 2791.0
0.000565 -0.000626 2792.0
0.000565 -0.000625 2793.0
0.000565 -0.000624 2794.0
0.000565 -0.000624 2795.0
0.000565 -0.000623 2796.0
0.000565 -0.000623 2797.0
0.000565 -0.000622 2798.0
0.000565 -0.000622 2799.0
0.000565 -0.000621 2800.0
0.000565 -0.000620 2801.0
0.000565 -0.000620 2802.0
0.000565 -0.000619 2803.0
0.000565 -0.000619 2804.0
0.000565 -0.000618 2805.0
0.000565 -0.000618 2806.0
0.000565 -0.000617 2807.0
0.000565 -0.000616 2808.0
0.000565 -0.000616 2809.0
0.000565 -0.000615 2810.0
0.000565 -0.000615 2811.0
0.000565 -0.000614 2812.0
0.000565 -0.000614 2813.0
0.000565 -0.000613 2814.0
0.000565 -0.000612 2815.0
0.000565 -0.000612 2816.0
0.000565 -0.000611 2817.0
0.000565 -0.000611 2818.0
0.000565 -0.000610 2819.0
0.000565 -0.000610 2820.0
0.000565 -0.000609 2821.0
0.000565 -0.000608 2822.0
0.000565 -0.000608 2823.0
0.000565 -0.000607 2824.0
0.000565 -0.000607 2825.0
0.000565 -0.000606 2826.0
0.000565 -0.000605 2827.0
0.000565 -0.000605 2828.0
0.000565 -0.000604 2829.0
0.000564 -0.000604 2830.0
0.000564 -0.000604 2831.0
0.000564 -0.000604 2832.0
0.000564 -0.000603 2833.0
0.000564 -0.000603 2834.0
0.000564 -0.000603 2835.0
0.000564 -0.000603 2836.0
0.000564 -0.000602 2837.0
0.000564 -0.000602 2838.0
0.000564 -0.000602 2839.0
0.000564 -0.000601 2840.0
0.000564 -0.000601 2841.0
0.000564 -0.000601 2842.0
0.000564 -0.000600 2843.0
0.000564 -0.000600 2844.0
0.000564 -0.000600 2845.0
0.000564 -0.000600 2846.0
0.000564 -0.000599 2847.0
0.000564 -0.000599 2848.0
0.000564 -0.000599 2849.0
0.000564 -0.000598 2850.0
0.000564 -0.000598 2851.0
0.000564 -0.000598 2852.0
0.000564 -0.000598 2853.0
0.000564 -0.000597 2854.0
0.000564 -0.000597 2855.0
0.000564 -0.000597 2856.0
0.000564 -0.000596 2857.0
0.000564 -0.000596 2858.0
0.000564 -0.000596 2859.0
0.000563 -0.000595 2860.0
0.000563 -0.000595 2861.0
0.000563 -0.000595 2862.0
0.000563 -0.000595 2863.0
0.000563 -0.000594 2864.0
0.000563 -0.000594 2865.0
0.000563 -0.000594 2866.0
0.000563 -0.000593 2867.0
0.000563 -0.000593 2868.0
0.000563 -0.000593 2869.0
0.000563 -0.000592 2870.0
0.000563 -0.000592 2871.0
0.000563 -0.000592 2872.0
0.000563 -0.000592 2873.0
0.000563 -0.000591 2874.0
0.000563 -0.000591 2875.0
0.000563 -0.000591 2876.0
0.000563 -0.000590 2877.0
0.000563 -0.000590 2878.0
0.000563 -0.000590 2879.0
0.000563 -0.000589 2880.0
0.000563 -0.000589 2881.0
0.000563 -0.000589 2882.0
0.000563 -0.000589 2883.0
0.000563 -0.000588 2884.0
0.000563 -0.000588 2885.0
0.000563 -0.000588 2886.0
0.000563 -0.000587 2887.0
0.000563 -0.000587 2888.0
0.000563 -0.000587 2889.0
0.000562 -0.000587 2890.0
0.000562 -0.000587 2891.0
0.000561 -0.000587 2892.0
0.000560 -0.000586 2893.0
0.000559 -0.000586 2894.0
0.000558 -0.000586 2895.0
0.000557 -0.000586 2896.0
0.000556 -0.000586 2897.0
0.000555 -0.000586 2898.0
0.000554 -0.000586 2899.0
0.000554 -0.000585 2900.0
0.000553 -0.000585 2901.0
0.000552 -0.000585 2902.0
0.000551 -0.000585 2903.0
0.000550 -0.000585 2904.0
0.000549 -0.000585 2905.0
0.000548 -0.000585 2906.0
0.000547 -0.000585 2907.0
0.000546 -0.000584 2908.0
0.000546 -0.000584 2909.0
0.000545 -0.000584 2910.0
0.000544 -0.000584 2911.0
0.000543 -0.000584 2912.0
0.000542 -0.000584 2913.0
0.000541 -0.000584 2914.0
0.000540 -0.000583 2915.0
0.000539 -0.000583 2916.0
0.000539 -0.000584 2917.0
0.000539 -0.000584 2918.0
0.000538 -0.000584 2919.0
0.000537 -0.000584 2920.0
0.000536 -0.000584 2921.0
0.000535 -0.000584 2922.0
0.000535 -0.000583 2923.0
0.000534 -0.000583 2924.0
0.000533 -0.000583 2925.0
0.000532 -0.000583 2926.0
0.000532 -0.000583 2927.0
0.000531 -0.000583 2928.0
0.000530 -0.000583 2929.0
0.000529 -0.000583 2930.0
0.000529 -0.000583 2931.0
0.000528 -0.000583 2932.0
0.000527 -0.000582 2933.0
0.000526 -0.000582 2934.0
0.000526 -0.000582 2935.0
0.000525 -0.000582 2936.0
0.000524 -0.000582 2937.0
0.000523 -0.000582 2938.0
0.000523 -0.000582 2939.0
0.000522 -0.000582 2940.0
0.000521 -0.000582 2941.0
0.000520 -0.000582 2942.0
0.000520 -0.000581 2943.0
0.000519 -0.000581 2944.0
0.000518 -0.000581 2945.0
0.000517 -0.000581 2946.0
0.000517 -0.000581 2947.0
0.000516 -0.000581 2948.0
0.000515 -0.000581 2949.0
0.000514 -0.000581 2950.0
0.000514 -0.000581 2951.0
0.000513 -0.000581 2952.0
0.000512 -0.000580 2953.0
0.000511 -0.000580 2954.0
0.000511 -0.000580 2955.0
0.000510 -0.000580 2956.0
0.000509 -0.000580 2957.0
0.000508 -0.000580 2958.0
0.000508 -0.000580 2959.0
0.000507 -0.000580 2960.0
0.000506 -0.000580 2961.0
0.000505 -0.000580 2962.0
0.000504 -0.000580 2963.0
0.000504 -0.000579 2964.0
0.000503 -0.000579 2965.0
0.000502 -0.000579 2966.0
0.000501 -0.000579 2967.0
0.000501 -0.000579 2968.0
0.000500 -0.000579 2969.0
0.000499 -0.000579 2970.0
0.000498 -0.000579 2971.0
0.000498 -0.000579 2972.0
0.000497 -0.000579 2973.0
0.000496 -0.000578 2974.0
0.000495 -0.000578 2975.0
0.000495 -0.000578 2976.0
0.000495 -0.000579 2977.0
0.000494 -0.000579 2978.0
0.000494 -0.000579 2979.0
0.000493 -0.000579 2980.0
0.000492 -0.000579 2981.0
0.000492 -0.000579 2982.0
0.000491 -0.000579 2983.0
0.000491 -0.000579 2984.0
0.000490 -0.000579 2985.0
0.000490 -0.000579 2986.0
0.000489 -0.000579 2987.0
0.000489 -0.000579 2988.0
0.000488 -0.000579 2989.0
0.000488 -0.000579 2990.0
0.000487 -0.000579 2991.0
0.000487 -0.000579 2992.0
0.000486 -0.000578 2993.0
0.000486 -0.000578 2994.0
0.000485 -0.000578 2995.0
0.000485 -0.000578 2996.0
0.000484 -0.000578 2997.0
0.000484 -0.000578 2998.0
0.000483 -0.000578 2999.0
0.000483 -0.000578 3000.0
0.000482 -0.000578 3001.0
0.000482 -0.000578 3002.0
0.000481 -0.000578 3003.0
0.000481 -0.000578 3004.0
0.000480 -0.000578 3005.0
0.000480 -0.000578 3006.0
0.000479 -0.000578 3007.0
0.000478 -0.000578 3008.0
0.000478 -0.000577 3009.0
0.000477 -0.000577 3010.0
0.000477 -0.000577 3011.0
0.000476 -0.000577 3012.0
0.000476 -0.000577 3013.0
0.000475 -0.000577 3014.0
0.000475 -0.000577 3015.0
0.000474 -0.000577 3016.0
0.000474 -0.000577 3017.0
0.000473 -0.000577 3018.0
0.000473 -0.000577 3019.0
0.000472 -0.000577 3020.0
0.000472 -0.000577 3021.0
0.000471 -0.000577 3022.0
0.000471 -0.000577 3023.0
0.000470 -0.000577 3024.0
0.000470 -0.000577 3025.0
0.000469 -0.000576 3026.0
0.000469 -0.000576 3027.0
0.000468 -0.000576 3028.0
0.000468 -0.000576 3029.0
0.000467 -0.000576 3030.0
0.000467 -0.000576 3031.0
0.000466 -0.000576 3032.0
0.000466 -0.000576 3033.0
0.000465 -0.000576 3034.0
0.000464 -0.000576 3035.0
0.000464 -0.000576 3036.0
0.000464 -0.000577 3037.0
0.000464 -0.000577 3038.0
0.000463 -0.000576 3039.0
0.000463 -0.000576 3040.0
0.000463 -0.000576 3041.0
0.000462 -0.000576 3042.0
0.000462 -0.000576 3043.0
0.000462 -0.000576 3044.0
0.000461 -0.000576 3045.0
0.000461 -0.000576 3046.0
0.000461 -0.000576 3047.0
0.000460 -0.000576 3048.0
0.000460 -0.000576 3049.0
0.000460 -0.000576 3050.0
0.000459 -0.000576 3051.0
0.000459 -0.000576 3052.0
0.000459 -0.000576 3053.0
0.000458 -0.000576 3054.0
0.000458 -0.000576 3055.0
0.000458 -0.000576 3056.0
0.000457 -0.000576 3057.0
0.000457 -0.000576 3058.0
0.000457 -0.000576 3059.0
0.000456 -0.000576 3060.0
0.000456 -0.000576 3061.0
0.000456 -0.000576 3062.0
0.000455 -0.000576 3063.0
0.000455 -0.000576 3064.0
0.000455 -0.000576 3065.0
0.000454 -0.000576 3066.0
0.000454 -0.000576 3067.0
0.000454 -0.000576 3068.0
0.000453 -0.000575 3069.0
0.000453 -0.000575 3070.0
0.000453 -0.000575 3071.0
0.000452 -0.000575 3072.0
0.000452 -0.000575 3073.0
0.000452 -0.000575 3074.0
0.000451 -0.000575 3075.0
0.000451 -0.000575 3076.0
0.000451 -0.000575 3077.0
0.000450 -0.000575 3078.0
0.000450 -0.000575 3079.0
0.000450 -0.000575 3080.0
0.000449 -0.000575 3081.0
0.000449 -0.000575 3082.0
0.000449 -0.000575 3083.0
0.000448 -0.000575 3084.0
0.000448 -0.000575 3085.0
0.000448 -0.000575 3086.0
0.000447 -0.000575 3087.0
0.000447 -0.000575 3088.0
0.000447 -0.000575 3089.0
0.000446 -0.000575 3090.0
0.000446 -0.000575 3091.0
0.000446 -0.000575 3092.0
0.000445 -0.000575 3093.0
0.000445 -0.000575 3094.0
0.000445 -0.000575 3095.0
0.000445 -0.000575 3096.0
0.000445 -0.000575 3097.0
0.000445 -0.000575 3098.0
0.000445 -0.000575 3099.0
0.000445 -0.000575 3100.0
0.000445 -0.000575 3101.0
0.000445 -0.000575 3102.0
0.000445 -0.000575 3103.0
0.000445 -0.000575 3104.0
0.000445 -0.000576 3105.0
0.000445 -0.000576 3106.0
0.000445 -0.000576 3107.0
0.000445 -0.000576 3108.0
0.000445 -0.000576 3109.0
0.000445 -0.000577 3110.0
0.000445 -0.000577 3111.0
0.000445 -0.000577 3112.0
0.000445 -0.000577 3113.0
0.000445 -0.000578 3114.0
0.000445 -0.000578 3115.0
0.000444 -0.000578 3116.0
0.000444 -0.000578 3117.0
0.000444 -0.000578 3118.0
0.000444 -0.000579 3119.0
0.000444 -0.000579 3120.0
0.000444 -0.000579 3121.0
0.000444 -0.000579 3122.0
0.000444 -0.000579 3123.0
0.000444 -0.000580 3124.0
0.000444 -0.000580 3125.0
0.000444 -0.000580 3126.0
0.000444 -0.000580 3127.0
0.000444 -0.000580 3128.0
0.000444 -0.000581 3129.0
0.000444 -0.000581 3130.0
0.000444 -0.000581 3131.0
0.000444 -0.000581 3132.0
0.000444 -0.000581 3133.0
0.000444 -0.000582 3134.0
0.000444 -0.000582 3135.0
0.000444 -0.000582 3136.0
0.000444 -0.000582 3137.0
0.000443 -0.000582 3138.0
0.000443 -0.000583 3139.0
0.000443 -0.000584 3140.0
0.000443 -0.000584 3141.0
0.000443 -0.000585 3142.0
0.000443 -0.000585 3143.0
0.000443 -0.000586 3144.0
0.000443 -0.000586 3145.0
0.000443 -0.000587 3146.0
0.000443 -0.000587 3147.0
0.000443 -0.000588 3148.0
0.000443 -0.000588 3149.0
0.000443 -0.000589 3150.0
0.000443 -0.000589 3151.0
0.000443 -0.000590 3152.0
0.000443 -0.000591 3153.0
0.000443 -0.000591 3154.0
0.000443 -0.000592 3155.0
0.000443 -0.000592 3156.0
0.000443 -0.000593 3157.0
0.000443 -0.000593 3158.0
0.000443 -0.000594 3159.0
0.000443 -0.000594 3160.0
0.000443 -0.000595 3161.0
0.000443 -0.000595 3162.0
0.000443 -0.000596 3163.0
0.000443 -0.000596 3164.0
0.000443 -0.000597 3165.0
0.000443 -0.000597 3166.0
0.000443 -0.000598 3167.0
0.000443 -0.000599 3168.0
0.000443 -0.000599 3169.0
0.000443 -0.000600 3170.0
0.000443 -0.000600 3171.0
0.000443 -0.000601 3172.0
0.000443 -0.000601 3173.0
0.000443 -0.000602 3174.0
0.000443 -0.000602 3175.0
0.000443 -0.000603 3176.0
0.000443 -0.000603 3177.0
0.000443 -0.000604 3178.0
0.000443 -0.000604 3179.0
0.000442 -0.000605 3180.0
0.000442 -0.000605 3181.0
0.000442 -0.000606 3182.0
0.000442 -0.000607 3183.0
0.000442 -0.000607 3184.0
0.000442 -0.000608 3185.0
0.000442 -0.000608 3186.0
0.000442 -0.000609 3187.0
0.000442 -0.000609 3188.0
0.000442 -0.000610 3189.0
0.000442 -0.000610 3190.0
0.000442 -0.000611 3191.0
0.000442 -0.000611 3192.0
0.000442 -0.000612 3193.0
0.000442 -0.000612 3194.0
0.000442 -0.000613 3195.0
0.000442 -0.000613 3196.0
0.000442 -0.000614 3197.0
0.000442 -0.000615 3198.0
0.000442 -0.000615 3199.0
0.000442 -0.000615 3200.0
0.000442 -0.000615 3201.0
0.000442 -0.000616 3202.0
0.000442 -0.000616 3203.0
0.000442 -0.000616 3204.0
0.000442 -0.000617 3205.0
0.000442 -0.000617 3206.0
0.000442 -0.000618 3207.0
0.000442 -0.000618 3208.0
0.000441 -0.000618 3209.0
0.000441 -0.000619 3210.0
0.000441 -0.000619 3211.0
0.000441 -0.000619 3212.0
0.000441 -0.000620 3213.0
0.000441 -0.000620 3214.0
0.000441 -0.000620 3215.0
0.000441 -0.000621 3216.0
0.000441 -0.000621 3217.0
0.000441 -0.000621 3218.0
0.000441 -0.000622 3219.0
0.000441 -0.000622 3220.0
0.000441 -0.000622 3221.0
0.000441 -0.000623 3222.0
0.000441 -0.000623 3223.0
0.000441 -0.000623 3224.0
0.000441 -0.000624 3225.0
0.000441 -0.000624 3226.0
0.000441 -0.000624 3227.0
0.000441 -0.000625 3228.0
0.000441 -0.000625 3229.0
0.000441 -0.000626 3230.0
0.000441 -0.000626 3231.0
0.000441 -0.000626 3232.0
0.000441 -0.000627 3233.0
0.000441 -0.000627 3234.0
0.000441 -0.000627 3235.0
0.000441 -0.000628 3236.0
0.000441 -0.000628 3237.0
0.000441 -0.000628 3238.0
0.000441 -0.000629 3239.0
0.000441 -0.000629 3240.0
0.000441 -0.000629 3241.0
0.000441 -0.000630 3242.0
0.000441 -0.000630 3243.0
0.000441 -0.000630 3244.0
0.000441 -0.000631 3245.0
0.000441 -0.000631 3246.0
0.000441 -0.000631 3247.0
0.000441 -0.000632 3248.0
0.000441 -0.000632 3249.0
0.000441 -0.000633 3250.0
0.000441 -0.000633 3251.0
0.000441 -0.000633 3252.0
0.000441 -0.000634 3253.0
0.000441 -0.000634 3254.0
0.000441 -0.000634 3255.0
0.000441 -0.000635 3256.0
0.000441 -0.000635 3257.0
0.000441 -0.000635 3258.0
0.000441 -0.000636 3259.0
0.000441 -0.000636 3260.0
0.000441 -0.000636 3261.0
0.000441 -0.000637 3262.0
0.000441 -0.000637 3263.0
0.000441 -0.000637 3264.0
0.000440 -0.000638 3265.0
0.000440 -0.000638 3266.0
0.000440 -0.000638 3267.0
0.000440 -0.000639 3268.0
0.000440 -0.000639 3269.0
0.000440 -0.000639 3270.0
0.000439 -0.000639 3271.0
0.000438 -0.000640 3272.0
0.000438 -0.000640 3273.0
0.000437 -0.000640 3274.0
0.000436 -0.000640 3275.0
0.000435 -0.000640 3276.0
0.000434 -0.000641 3277.0
0.000433 -0.000641 3278.0
0.000432 -0.000641 3279.0
0.000431 -0.000641 3280.0
0.000431 -0.000642 3281.0
0.000430 -0.000642 3282.0
0.000429 -0.000642 3283.0
0.000428 -0.000642 3284.0
0.000427 -0.000642 3285.0
0.000427 -0.000642 3286.0
0.000426 -0.000642 3287.0
0.000426 -0.000642 3288.0
0.000425 -0.000642 3289.0
0.000424 -0.000641 3290.0
0.000423 -0.000641 3291.0
0.000423 -0.000641 3292.0
0.000422 -0.000641 3293.0
0.000421 -0.000641 3294.0
0.000421 -0.000641 3295.0
0.000420 -0.000641 3296.0
0.000419 -0.000641 3297.0
0.000418 -0.000641 3298.0
0.000418 -0.000641 3299.0
0.000417 -0.000640 3300.0
0.000416 -0.000640 3301.0
0.000415 -0.000640 3302.0
0.000415 -0.000640 3303.0
0.000414 -0.000640 3304.0
0.000413 -0.000640 3305.0
0.000413 -0.000640 3306.0
0.000412 -0.000640 3307.0
0.000411 -0.000640 3308.0
0.000410 -0.000640 3309.0
0.000410 -0.000640 3310.0
0.000409 -0.000639 3311.0
0.000408 -0.000639 3312.0
0.000407 -0.000639 3313.0
0.000407 -0.000639 3314.0
0.000406 -0.000639 3315.0
0.000405 -0.000639 3316.0
0.000405 -0.000639 3317.0
0.000404 -0.000639 3318.0
0.000403 -0.000639 3319.0
0.000402 -0.000639 3320.0
0.000402 -0.000639 3321.0
0.000401 -0.000638 3322.0
0.000400 -0.000638 3323.0
0.000399 -0.000638 3324.0
0.000399 -0.000638 3325.0
0.000398 -0.000638 3326.0
0.000397 -0.000638 3327.0
0.000397 -0.000638 3328.0
0.000396 -0.000638 3329.0
0.000395 -0.000638 3330.0
0.000394 -0.000638 3331.0
0.000394 -0.000637 3332.0
0.000393 -0.000637 3333.0
0.000392 -0.000637 3334.0
0.000391 -0.000637 3335.0
0.000391 -0.000637 3336.0
0.000390 -0.000637 3337.0
0.000389 -0.000637 3338.0
0.000389 -0.000637 3339.0
0.000388 -0.000637 3340.0
0.000387 -0.000637 3341.0
0.000386 -0.000637 3342.0
0.000386 -0.000636 3343.0
0.000385 -0.000636 3344.0
0.000384 -0.000636 3345.0
0.000384 -0.000637 3346.0
0.000383 -0.000638 3347.0
0.000382 -0.000638 3348.0
0.000382 -0.000638 3349.0
0.000381 -0.000638 3350.0
0.000380 -0.000639 3351.0
0.000379 -0.000639 3352.0
0.000379 -0.000639 3353.0
0.000378 -0.000640 3354.0
0.000377 -0.000640 3355.0
0.000376 -0.000640 3356.0
0.000375 -0.000640 3357.0
0.000375 -0.000641 3358.0
0.000374 -0.000641 3359.0
0.000373 -0.000641 3360.0
0.000372 -0.000641 3361.0
0.000371 -0.000642 3362.0
0.000371 -0.000642 3363.0
0.000370 -0.000642 3364.0
0.000369 -0.000643 3365.0
0.000368 -0.000643 3366.0
0.000368 -0.000643 3367.0
0.000367 -0.000643 3368.0
0.000366 -0.000644 3369.0
0.000365 -0.000644 3370.0
0.000364 -0.000644 3371.0
0.000364 -0.000644 3372.0
0.000363 -0.000645 3373.0
0.000362 -0.000645 3374.0
0.000361 -0.000645 3375.0
0.000360 -0.000646 3376.0
0.000360 -0.000646 3377.0
0.000359 -0.000646 3378.0
0.000358 -0.000646 3379.0
0.000357 -0.000647 3380.0
0.000356 -0.000647 3381.0
0.000356 -0.000647 3382.0
0.000355 -0.000647 3383.0
0.000354 -0.000648 3384.0
0.000353 -0.000648 3385.0
0.000353 -0.000648 3386.0
0.000352 -0.000649 3387.0
0.000351 -0.000649 3388.0
0.000350 -0.000649 3389.0
0.000349 -0.000649 3390.0
0.000349 -0.000650 3391.0
0.000348 -0.000650 3392.0
0.000347 -0.000650 3393.0
0.000346 -0.000650 3394.0
0.000345 -0.000651 3395.0
0.000345 -0.000651 3396.0
0.000344 -0.000651 3397.0
0.000343 -0.000651 3398.0
0.000342 -0.000652 3399.0
0.000341 -0.000652 3400.0
0.000341 -0.000649 3401.0
0.000340 -0.000650 3402.0
0.000339 -0.000651 3403.0
0.000338 -0.000653 3404.0
0.000337 -0.000654 3405.0
0.000337 -0.000655 3406.0
0.000336 -0.000656 3407.0
0.000335 -0.000657 3408.0
0.000334 -0.000658 3409.0
0.000333 -0.000659 3410.0
0.000332 -0.000660 3411.0
0.000331 -0.000662 3412.0
0.000331 -0.000663 3413.0
0.000330 -0.000664 3414.0
0.000329 -0.000665 3415.0
0.000328 -0.000666 3416.0
0.000327 -0.000667 3417.0
0.000326 -0.000668 3418.0
0.000325 -0.000669 3419.0
0.000325 -0.000671 3420.0
0.000324 -0.000672 3421.0
0.000323 -0.000673 3422.0
0.000322 -0.000674 3423.0
0.000321 -0.000675 3424.0
0.000320 -0.000676 3425.0
0.000319 -0.000677 3426.0
0.000319 -0.000678 3427.0
0.000318 -0.000680 3428.0
0.000317 -0.000681 3429.0
0.000316 -0.000682 3430.0
0.000315 -0.000683 3431.0
0.000314 -0.000684 3432.0
0.000313 -0.000685 3433.0
0.000313 -0.000686 3434.0
0.000312 -0.000687 3435.0
0.000311 -0.000689 3436.0
0.000310 -0.000690 3437.0
0.000309 -0.000691 3438.0
0.000308 -0.000692 3439.0
0.000307 -0.000693 3440.0
0.000307 -0.000694 3441.0
0.000306 -0.000695 3442.0
0.000305 -0.000696 3443.0
0.000304 -0.000698 3444.0
0.000303 -0.000699 3445.0
0.000302 -0.000700 3446.0
0.000301 -0.000701 3447.0
0.000301 -0.000702 3448.0
0.000300 -0.000703 3449.0
0.000299 -0.000704 3450.0
0.000298 -0.000705 3451.0
0.000297 -0.000707 3452.0
0.000296 -0.000708 3453.0
0.000295 -0.000709 3454.0
0.000295 -0.000710 3455.0
0.000294 -0.000711 3456.0
0.000293 -0.000712 3457.0
0.000292 -0.000713 3458.0
0.000291 -0.000714 3459.0
0.000290 -0.000716 3460.0
0.000284 -0.000708 3461.0
0.000284 -0.000709 3462.0
0.000283 -0.000710 3463.0
0.000283 -0.000712 3464.0
0.000282 -0.000713 3465.0
0.000282 -0.000714 3466.0
0.000281 -0.000716 3467.0
0.000280 -0.000717 3468.0
0.000280 -0.000718 3469.0
0.000279 -0.000719 3470.0
0.000279 -0.000721 3471.0
0.000278 -0.000722 3472.0
0.000277 -0.000723 3473.0
0.000277 -0.000724 3474.0
0.000276 -0.000726 3475.0
0.000276 -0.000727 3476.0
0.000275 -0.000728 3477.0
0.000274 -0.000730 3478.0
0.000274 -0.000731 3479.0
0.000273 -0.000732 3480.0
0.000273 -0.000733 3481.0
0.000272 -0.000735 3482.0
0.000271 -0.000736 3483.0
0.000271 -0.000737 3484.0
0.000270 -0.000738 3485.0
0.000270 -0.000740 3486.0
0.000269 -0.000741 3487.0
0.000268 -0.000742 3488.0
0.000268 -0.000744 3489.0
0.000267 -0.000745 3490.0
0.000267 -0.000746 3491.0
0.000266 -0.000747 3492.0
0.000265 -0.000749 3493.0
0.000265 -0.000750 3494.0
0.000264 -0.000751 3495.0
0.000264 -0.000753 3496.0
0.000263 -0.000754 3497.0
0.000262 -0.000755 3498.0
0.000262 -0.000756 3499.0
0.000261 -0.000758 3500.0
0.000261 -0.000759 3501.0
0.000260 -0.000760 3502.0
0.000259 -0.000761 3503.0
0.000259 -0.000763 3504.0
0.000258 -0.000764 3505.0
0.000258 -0.000765 3506.0
0.000257 -0.000767 3507.0
0.000257 -0.000768 3508.0
0.000256 -0.000769 3509.0
0.000255 -0.000770 3510.0
0.000255 -0.000772 3511.0
0.000254 -0.000773 3512.0
0.000254 -0.000774 3513.0
0.000253 -0.000775 3514.0
0.000252 -0.000777 3515.0
0.000252 -0.000778 3516.0
0.000251 -0.000779 3517.0
0.000251 -0.000781 3518.0
0.000250 -0.000782 3519.0
0.000249 -0.000783 3520.0
0.000243 -0.000778 3521.0
0.000243 -0.000778 3522.0
0.000243 -0.000779 3523.0
0.000242 -0.000779 3524.0
0.000242 -0.000779 3525.0
0.000242 -0.000779 3526.0
0.000242 -0.000780 3527.0
0.000241 -0.000780 3528.0
0.000241 -0.000780 3529.0
0.000241 -0.000780 3530.0
0.000240 -0.000781 3531.0
0.000240 -0.000781 3532.0
0.000240 -0.000781 3533.0
0.000240 -0.000781 3534.0
0.000239 -0.000782 3535.0
0.000239 -0.000782 3536.0
0.000239 -0.000782 3537.0
0.000238 -0.000782 3538.0
0.000238 -0.000783 3539.0
0.000238 -0.000783 3540.0
0.000238 -0.000783 3541.0
0.000237 -0.000784 3542.0
0.000237 -0.000784 3543.0
0.000237 -0.000784 3544.0
0.000236 -0.000784 3545.0
0.000236 -0.000785 3546.0
0.000236 -0.000785 3547.0
0.000236 -0.000785 3548.0
0.000235 -0.000785 3549.0
0.000235 -0.000786 3550.0
0.000235 -0.000786 3551.0
0.000234 -0.000786 3552.0
0.000234 -0.000786 3553.0
0.000234 -0.000787 3554.0
0.000234 -0.000787 3555.0
0.000233 -0.000787 3556.0
0.000233 -0.000787 3557.0
0.000233 -0.000788 3558.0
0.000232 -0.000788 3559.0
0.000232 -0.000788 3560.0
0.000232 -0.000788 3561.0
0.000232 -0.000789 3562.0
0.000231 -0.000789 3563.0
0.000231 -0.000789 3564.0
0.000231 -0.000789 3565.0
0.000230 -0.000790 3566.0
0.000230 -0.000790 3567.0
0.000230 -0.000790 3568.0
0.000230 -0.000790 3569.0
0.000229 -0.000791 3570.0
0.000229 -0.000791 3571.0
0.000229 -0.000791 3572.0
0.000229 -0.000792 3573.0
0.000228 -0.000792 3574.0
0.000228 -0.000792 3575.0
0.000228 -0.000792 3576.0
0.000227 -0.000793 3577.0
0.000227 -0.000793 3578.0
0.000227 -0.000793 3579.0
0.000227 -0.000793 3580.0
0.000226 -0.000794 3581.0
0.000225 -0.000791 3582.0
0.000225 -0.000791 3583.0
0.000225 -0.000791 3584.0
0.000225 -0.000791 3585.0
0.000225 -0.000791 3586.0
0.000225 -0.000791 3587.0
0.000225 -0.000791 3588.0
0.000225 -0.000791 3589.0
0.000225 -0.000791 3590.0
0.000225 -0.000791 3591.0
0.000225 -0.000791 3592.0
0.000225 -0.000791 3593.0
0.000225 -0.000791 3594.0
0.000225 -0.000791 3595.0
0.000225 -0.000791 3596.0
0.000225 -0.000791 3597.0
