0.000696 -0.000555 12.0
0.000695 -0.000555 13.0
0.000695 -0.000555 14.0
0.000695 -0.000555 15.0
0.000695 -0.000555 16.0
0.000695 -0.000555 17.0
0.000695 -0.000556 18.0
0.000695 -0.000556 19.0
0.000694 -0.000556 20.0
0.000694 -0.000556 21.0
0.000694 -0.000556 22.0
0.000694 -0.000556 23.0
0.000694 -0.000557 24.0
0.000694 -0.000557 25.0
0.000694 -0.000557 26.0
0.000694 -0.000557 27.0
0.000693 -0.000557 28.0
0.000693 -0.000557 29.0
0.000693 -0.000557 30.0
0.000693 -0.000558 31.0
0.000693 -0.000558 32.0
0.000693 -0.000558 33.0
0.000693 -0.000558 34.0
0.000692 -0.000558 35.0
0.000692 -0.000558 36.0
0.000692 -0.000559 37.0
0.000692 -0.000559 38.0
0.000692 -0.000559 39.0
0.000692 -0.000559 40.0
0.000692 -0.000559 41.0
0.000692 -0.000559 42.0
0.000691 -0.000560 43.0
0.000691 -0.000560 44.0
0.000691 -0.000560 45.0
0.000691 -0.000560 46.0
0.000691 -0.000560 47.0
0.000691 -0.000560 48.0
0.000691 -0.000561 49.0
0.000690 -0.000561 50.0
0.000690 -0.000561 51.0
0.000690 -0.000561 52.0
0.000690 -0.000561 53.0
0.000690 -0.000561 54.0
0.000690 -0.000561 55.0
0.000690 -0.000562 56.0
0.000689 -0.000562 57.0
0.000689 -0.000562 58.0
0.000689 -0.000562 59.0
0.000689 -0.000562 60.0
0.000689 -0.000562 61.0
0.000689 -0.000563 62.0
0.000689 -0.000563 63.0
0.000689 -0.000563 64.0
0.000688 -0.000563 65.0
0.000688 -0.000563 66.0
0.000688 -0.000563 67.0
0.000688 -0.000564 68.0
0.000688 -0.000564 69.0
0.000688 -0.000564 70.0
0.000688 -0.000564 71.0
0.000687 -0.000564 72.0
0.000687 -0.000564 73.0
0.000686 -0.000563 74.0
0.000686 -0.000563 75.0
0.000686 -0.000564 76.0
0.000686 -0.000564 77.0
0.000686 -0.000564 78.0
0.000686 -0.000564 79.0
0.000685 -0.000565 80.0
0.000685 -0.000565 81.0
0.000685 -0.000565 82.0
0.000685 -0.000565 83.0
0.000685 -0.000565 84.0
0.000684 -0.000566 85.0
0.000684 -0.000566 86.0
0.000684 -0.000566 87.0
0.000684 -0.000566 88.0
0.000684 -0.000567 89.0
0.000683 -0.000567 90.0
0.000683 -0.000567 91.0
0.000683 -0.000567 92.0
0.000683 -0.000567 93.0
0.000683 -0.000568 94.0
0.000682 -0.000568 95.0
0.000682 -0.000568 96.0
0.000682 -0.000568 97.0
0.000682 -0.000569 98.0
0.000682 -0.000569 99.0
0.000682 -0.000569 100.0
0.000681 -0.000569 101.0
0.000681 -0.000570 102.0
0.000681 -0.000570 103.0
0.000681 -0.000570 104.0
0.000681 -0.000570 105.0
0.000680 -0.000570 106.0
0.000680 -0.000571 107.0
0.000680 -0.000571 108.0
0.000680 -0.000571 109.0
0.000680 -0.000571 110.0
0.000679 -0.000572 111.0
0.000679 -0.000572 112.0
0.000679 -0.000572 113.0
0.000679 -0.000572 114.0
0.000679 -0.000573 115.0
0.000678 -0.000573 116.0
0.000678 -0.000573 117.0
0.000678 -0.000573 118.0
0.000678 -0.000573 119.0
0.000678 -0.000574 120.0
0.000678 -0.000574 121.0
0.000677 -0.000574 122.0
0.000677 -0.000574 123.0
0.000677 -0.000575 124.0
0.000677 -0.000575 125.0
0.000677 -0.000575 126.0
0.000676 -0.000575 127.0
0.000676 -0.000575 128.0
0.000676 -0.000576 129.0
0.000676 -0.000576 130.0
0.000676 -0.000576 131.0
0.000675 -0.000575 132.0
0.000675 -0.000574 133.0
0.000675 -0.000574 134.0
0.000675 -0.000574 135.0
0.000675 -0.000574 136.0
0.000675 -0.000574 137.0
0.000675 -0.000574 138.0
0.000675 -0.000573 139.0
0.000675 -0.000573 140.0
0.000675 -0.000573 141.0
0.000675 -0.000573 142.0
0.000675 -0.000573 143.0
0.000675 -0.000572 144.0
0.000674 -0.000572 145.0
0.000674 -0.000572 146.0
0.000674 -0.000572 147.0
0.000674 -0.000572 148.0
0.000674 -0.000572 149.0
0.000674 -0.000571 150.0
0.000674 -0.000571 151.0
0.000674 -0.000571 152.0
0.000674 -0.000571 153.0
0.000674 -0.000571 154.0
0.000674 -0.000571 155.0
0.000674 -0.000570 156.0
0.000674 -0.000570 157.0
0.000674 -0.000570 158.0
0.000674 -0.000570 159.0
0.000674 -0.000570 160.0
0.000674 -0.000569 161.0
0.000674 -0.000569 162.0
0.000674 -0.000569 163.0
0.000674 -0.000569 164.0
0.000674 -0.000569 165.0
0.000674 -0.000569 166.0
0.000674 -0.000568 167.0
0.000674 -0.000568 168.0
0.000674 -0.000568 169.0
0.000674 -0.000568 170.0
0.000674 -0.000568 171.0
0.000674 -0.000568 172.0
0.000674 -0.000567 173.0
0.000674 -0.000567 174.0
0.000674 -0.000567 175.0
0.000674 -0.000567 176.0
0.000674 -0.000567 177.0
0.000674 -0.000566 178.0
0.000674 -0.000566 179.0
0.000674 -0.000566 180.0
0.000674 -0.000566 181.0
0.000674 -0.000566 182.0
0.000674 -0.000566 183.0
0.000674 -0.000565 184.0
0.000674 -0.000565 185.0
0.000674 -0.000565 186.0
0.000674 -0.000565 187.0
0.000674 -0.000565 188.0
0.000674 -0.000565 189.0
0.000674 -0.000564 190.0
0.000674 -0.000564 191.0
0.000674 -0.000564 192.0
0.000674 -0.000564 193.0
0.000674 -0.000564 194.0
0.000674 -0.000564 195.0
0.000674 -0.000564 196.0
0.000674 -0.000564 197.0
0.000674 -0.000564 198.0
0.000674 -0.000563 199.0
0.000674 -0.000563 200.0
0.000674 -0.000563 201.0
0.000675 -0.000563 202.0
0.000675 -0.000563 203.0
0.000675 -0.000563 204.0
0.000675 -0.000563 205.0
0.000675 -0.000563 206.0
0.000675 -0.000563 207.0
0.000675 -0.000562 208.0
0.000675 -0.000562 209.0
0.000675 -0.000562 210.0
0.000675 -0.000562 211.0
0.000675 -0.000562 212.0
0.000675 -0.000562 213.0
0.000675 -0.000562 214.0
0.000675 -0.000562 215.0
0.000675 -0.000562 216.0
0.000675 -0.000562 217.0
0.000675 -0.000561 218.0
0.000675 -0.000561 219.0
0.000675 -0.000561 220.0
0.000675 -0.000561 221.0
0.000675 -0.000561 222.0
0.000675 -0.000561 223.0
0.000675 -0.000561 224.0
0.000675 -0.000561 225.0
0.000675 -0.000561 226.0
0.000675 -0.000560 227.0
0.000675 -0.000560 228.0
0.000675 -0.000560 229.0
0.000675 -0.000560 230.0
0.000675 -0.000560 231.0
0.000675 -0.000560 232.0
0.000675 -0.000560 233.0
0.000675 -0.000560 234.0
0.000675 -0.000560 235.0
0.000675 -0.000560 236.0
0.000675 -0.000559 237.0
0.000675 -0.000559 238.0
0.000675 -0.000559 239.0
0.000675 -0.000559 240.0
0.000675 -0.000559 241.0
0.000675 -0.000559 242.0
0.000675 -0.000559 243.0
0.000675 -0.000559 244.0
0.000675 -0.000559 245.0
0.000675 -0.000558 246.0
0.000675 -0.000558 247.0
0.000675 -0.000558 248.0
0.000675 -0.000558 249.0
0.000675 -0.000558 250.0
0.000675 -0.000558 251.0
0.000675 -0.000558 252.0
0.000676 -0.000558 253.0
0.000676 -0.000557 254.0
0.000676 -0.000556 255.0
0.000676 -0.000556 256.0
0.000676 -0.000555 257.0
0.000676 -0.000554 258.0
0.000676 -0.000553 259.0
0.000676 -0.000552 260.0
0.000676 -0.000552 261.0
0.000677 -0.000551 262.0
0.000677 -0.000551 263.0
0.000677 -0.000551 264.0
0.000677 -0.000551 265.0
0.000677 -0.000551 266.0
0.000678 -0.000551 267.0
0.000678 -0.000551 268.0
0.000678 -0.000551 269.0
0.000678 -0.000551 270.0
0.000678 -0.000551 271.0
0.000679 -0.000551 272.0
0.000679 -0.000551 273.0
0.000679 -0.000551 274.0
0.000679 -0.000551 275.0
0.000679 -0.000551 276.0
0.000680 -0.000551 277.0
0.000680 -0.000551 278.0
0.000680 -0.000551 279.0
0.000680 -0.000551 280.0
0.000681 -0.000551 281.0
0.000681 -0.000551 282.0
0.000681 -0.000551 283.0
0.000681 -0.000551 284.0
0.000681 -0.000551 285.0
0.000682 -0.000551 286.0
0.000682 -0.000551 287.0
0.000682 -0.000551 288.0
0.000682 -0.000552 289.0
0.000682 -0.000552 290.0
0.000683 -0.000552 291.0
0.000683 -0.000552 292.0
0.000683 -0.000552 293.0
0.000683 -0.000552 294.0
0.000683 -0.000552 295.0
0.000684 -0.000552 296.0
0.000684 -0.000552 297.0
0.000684 -0.000552 298.0
0.000684 -0.000552 299.0
0.000685 -0.000552 300.0
0.000685 -0.000552 301.0
0.000685 -0.000552 302.0
0.000685 -0.000552 303.0
0.000685 -0.000552 304.0
0.000686 -0.000552 305.0
0.000686 -0.000552 306.0
0.000686 -0.000552 307.0
0.000686 -0.000552 308.0
0.000686 -0.000552 309.0
0.000687 -0.000552 310.0
0.000687 -0.000552 311.0
0.000687 -0.000552 312.0
0.000687 -0.000552 313.0
0.000688 -0.000552 314.0
0.000688 -0.000552 315.0
0.000688 -0.000552 316.0
0.000688 -0.000552 317.0
0.000688 -0.000552 318.0
0.000689 -0.000552 319.0
0.000689 -0.000552 320.0
0.000689 -0.000552 321.0
0.000689 -0.000552 322.0
0.000689 -0.000552 323.0
0.000689 -0.000552 324.0
0.000690 -0.000552 325.0
0.000690 -0.000552 326.0
0.000690 -0.000552 327.0
0.000691 -0.000552 328.0
0.000691 -0.000551 329.0
0.000691 -0.000551 330.0
0.000691 -0.000551 331.0
0.000692 -0.000551 332.0
0.000692 -0.000551 333.0
0.000692 -0.000551 334.0
0.000693 -0.000551 335.0
0.000693 -0.000550 336.0
0.000693 -0.000550 337.0
0.000693 -0.000550 338.0
0.000694 -0.000550 339.0
0.000694 -0.000550 340.0
0.000694 -0.000550 341.0
0.000694 -0.000550 342.0
0.000695 -0.000550 343.0
0.000695 -0.000549 344.0
0.000695 -0.000549 345.0
0.000696 -0.000549 346.0
0.000696 -0.000549 347.0
0.000696 -0.000549 348.0
0.000696 -0.000549 349.0
0.000697 -0.000549 350.0
0.000697 -0.000548 351.0
0.000697 -0.000548 352.0
0.000698 -0.000548 353.0
0.000698 -0.000548 354.0
0.000698 -0.000548 355.0
0.000698 -0.000548 356.0
0.000699 -0.000548 357.0
0.000699 -0.000547 358.0
0.000699 -0.000547 359.0
0.000700 -0.000547 360.0
0.000700 -0.000547 361.0
0.000700 -0.000547 362.0
0.000700 -0.000547 363.0
0.000701 -0.000547 364.0
0.000701 -0.000547 365.0
0.000701 -0.000546 366.0
0.000701 -0.000546 367.0
0.000702 -0.000546 368.0
0.000702 -0.000546 369.0
0.000702 -0.000546 370.0
0.000703 -0.000546 371.0
0.000703 -0.000546 372.0
0.000703 -0.000545 373.0
0.000703 -0.000545 374.0
0.000704 -0.000545 375.0
0.000704 -0.000545 376.0
0.000704 -0.000545 377.0
0.000705 -0.000545 378.0
0.000705 -0.000545 379.0
0.000705 -0.000545 380.0
0.000705 -0.000544 381.0
0.000706 -0.000544 382.0
0.000706 -0.000544 383.0
0.000706 -0.000544 384.0
0.000707 -0.000545 385.0
0.000707 -0.000545 386.0
0.000707 -0.000545 387.0
0.000707 -0.000545 388.0
0.000707 -0.000545 389.0
0.000707 -0.000545 390.0
0.000706 -0.000545 391.0
0.000706 -0.000545 392.0
0.000706 -0.000545 393.0
0.000706 -0.000545 394.0
0.000706 -0.000545 395.0
0.000706 -0.000545 396.0
0.000706 -0.000545 397.0
0.000706 -0.000545 398.0
0.000706 -0.000545 399.0
0.000706 -0.000545 400.0
0.000706 -0.000545 401.0
0.000706 -0.000544 402.0
0.000706 -0.000544 403.0
0.000706 -0.000544 404.0
0.000706 -0.000544 405.0
0.000706 -0.000544 406.0
0.000706 -0.000544 407.0
0.000706 -0.000544 408.0
0.000706 -0.000544 409.0
0.000706 -0.000544 410.0
0.000706 -0.000544 411.0
0.000706 -0.000544 412.0
0.000706 -0.000544 413.0
0.000706 -0.000544 414.0
0.000706 -0.000544 415.0
0.000706 -0.000544 416.0
0.000706 -0.000544 417.0
0.000706 -0.000544 418.0
0.000706 -0.000544 419.0
0.000706 -0.000543 420.0
0.000706 -0.000543 421.0
0.000706 -0.000543 422.0
0.000706 -0.000543 423.0
0.000706 -0.000543 424.0
0.000706 -0.000543 425.0
0.000706 -0.000543 426.0
0.000705 -0.000543 427.0
0.000705 -0.000543 428.0
0.000705 -0.000543 429.0
0.000705 -0.000543 430.0
0.000705 -0.000543 431.0
0.000705 -0.000543 432.0
0.000705 -0.000543 433.0
0.000705 -0.000543 434.0
0.000705 -0.000543 435.0
0.000705 -0.000543 436.0
0.000705 -0.000543 437.0
0.000705 -0.000542 438.0
0.000705 -0.000542 439.0
0.000705 -0.000542 440.0
0.000705 -0.000542 441.0
0.000705 -0.000542 442.0
0.000705 -0.000542 443.0
0.000705 -0.000542 444.0
0.000705 -0.000542 445.0
0.000705 -0.000542 446.0
0.000705 -0.000542 447.0
0.000705 -0.000542 448.0
0.000705 -0.000542 449.0
0.000705 -0.000542 450.0
0.000705 -0.000542 451.0
0.000705 -0.000542 452.0
0.000705 -0.000543 453.0
0.000705 -0.000543 454.0
0.000705 -0.000543 455.0
0.000705 -0.000543 456.0
0.000705 -0.000543 457.0
0.000705 -0.000543 458.0
0.000705 -0.000543 459.0
0.000704 -0.000543 460.0
0.000704 -0.000543 461.0
0.000704 -0.000543 462.0
0.000704 -0.000543 463.0
0.000704 -0.000543 464.0
0.000704 -0.000543 465.0
0.000704 -0.000543 466.0
0.000704 -0.000543 467.0
0.000704 -0.000543 468.0
0.000704 -0.000543 469.0
0.000704 -0.000543 470.0
0.000704 -0.000543 471.0
0.000704 -0.000543 472.0
0.000704 -0.000543 473.0
0.000704 -0.000543 474.0
0.000704 -0.000543 475.0
0.000704 -0.000543 476.0
0.000704 -0.000543 477.0
0.000704 -0.000543 478.0
0.000704 -0.000543 479.0
0.000704 -0.000543 480.0
0.000704 -0.000543 481.0
0.000704 -0.000543 482.0
0.000704 -0.000543 483.0
0.000704 -0.000543 484.0
0.000704 -0.000543 485.0
0.000704 -0.000543 486.0
0.000704 -0.000543 487.0
0.000704 -0.000543 488.0
0.000704 -0.000543 489.0
0.000704 -0.000543 490.0
0.000704 -0.000543 491.0
0.000704 -0.000543 492.0
0.000704 -0.000543 493.0
0.000704 -0.000543 494.0
0.000704 -0.000543 495.0
0.000704 -0.000543 496.0
0.000704 -0.000543 497.0
0.000704 -0.000543 498.0
0.000704 -0.000543 499.0
0.000704 -0.000543 500.0
0.000704 -0.000543 501.0
0.000704 -0.000543 502.0
0.000704 -0.000543 503.0
0.000704 -0.000543 504.0
0.000704 -0.000543 505.0
0.000704 -0.000543 506.0
0.000704 -0.000543 507.0
0.000704 -0.000543 508.0
0.000704 -0.000543 509.0
0.000704 -0.000543 510.0
0.000704 -0.000543 511.0
0.000704 -0.000543 512.0
0.000704 -0.000543 513.0
0.000704 -0.000543 514.0
0.000704 -0.000543 515.0
0.000704 -0.000543 516.0
0.000704 -0.000543 517.0
0.000704 -0.000543 518.0
0.000704 -0.000543 519.0
0.000704 -0.000543 520.0
0.000704 -0.000543 521.0
0.000704 -0.000543 522.0
0.000704 -0.000543 523.0
0.000704 -0.000543 524.0
0.000704 -0.000543 525.0
0.000704 -0.000543 526.0
0.000704 -0.000543 527.0
0.000704 -0.000543 528.0
0.000704 -0.000543 529.0
0.000704 -0.000543 530.0
0.000704 -0.000543 531.0
0.000704 -0.000543 532.0
0.000704 -0.000543 533.0
0.000704 -0.000543 534.0
0.000704 -0.000542 535.0
0.000704 -0.000542 536.0
0.000704 -0.000542 537.0
0.000704 -0.000542 538.0
0.000704 -0.000542 539.0
0.000704 -0.000542 540.0
0.000704 -0.000542 541.0
0.000704 -0.000542 542.0
0.000704 -0.000542 543.0
0.000704 -0.000542 544.0
0.000705 -0.000542 545.0
0.000705 -0.000542 546.0
0.000705 -0.000542 547.0
0.000705 -0.000542 548.0
0.000705 -0.000542 549.0
0.000705 -0.000542 550.0
0.000705 -0.000542 551.0
0.000705 -0.000542 552.0
0.000705 -0.000542 553.0
0.000705 -0.000542 554.0
0.000705 -0.000542 555.0
0.000705 -0.000542 556.0
0.000705 -0.000542 557.0
0.000705 -0.000542 558.0
0.000705 -0.000542 559.0
0.000705 -0.000542 560.0
0.000705 -0.000542 561.0
0.000705 -0.000542 562.0
0.000705 -0.000542 563.0
0.000705 -0.000542 564.0
0.000705 -0.000542 565.0
0.000705 -0.000542 566.0
0.000705 -0.000542 567.0
0.000705 -0.000542 568.0
0.000705 -0.000542 569.0
0.000705 -0.000542 570.0
0.000705 -0.000542 571.0
0.000705 -0.000542 572.0
0.000705 -0.000542 573.0
0.000705 -0.000542 574.0
0.000705 -0.000542 575.0
0.000705 -0.000542 576.0
0.000705 -0.000542 577.0
0.000705 -0.000542 578.0
0.000705 -0.000542 579.0
0.000705 -0.000542 580.0
0.000705 -0.000542 581.0
0.000705 -0.000542 582.0
0.000705 -0.000542 583.0
0.000705 -0.000542 584.0
0.000705 -0.000542 585.0
0.000705 -0.000543 586.0
0.000705 -0.000543 587.0
0.000705 -0.000543 588.0
0.000705 -0.000543 589.0
0.000705 -0.000543 590.0
0.000705 -0.000543 591.0
0.000705 -0.000543 592.0
0.000705 -0.000543 593.0
0.000705 -0.000543 594.0
0.000705 -0.000543 595.0
0.000705 -0.000543 596.0
0.000705 -0.000543 597.0
0.000705 -0.000543 598.0
0.000705 -0.000543 599.0
0.000705 -0.000543 600.0
0.000705 -0.000543 601.0
0.000705 -0.000543 602.0
0.000705 -0.000543 603.0
0.000705 -0.000543 604.0
0.000705 -0.000543 605.0
0.000704 -0.000543 606.0
0.000704 -0.000543 607.0
0.000704 -0.000543 608.0
0.000704 -0.000543 609.0
0.000704 -0.000543 610.0
0.000704 -0.000543 611.0
0.000704 -0.000543 612.0
0.000704 -0.000543 613.0
0.000704 -0.000543 614.0
0.000704 -0.000543 615.0
0.000704 -0.000543 616.0
0.000704 -0.000543 617.0
0.000704 -0.000543 618.0
0.000704 -0.000544 619.0
0.000704 -0.000544 620.0
0.000704 -0.000544 621.0
0.000704 -0.000544 622.0
0.000704 -0.000544 623.0
0.000704 -0.000544 624.0
0.000704 -0.000544 625.0
0.000704 -0.000544 626.0
0.000704 -0.000544 627.0
0.000704 -0.000544 628.0
0.000704 -0.000544 629.0
0.000704 -0.000544 630.0
0.000704 -0.000544 631.0
0.000704 -0.000544 632.0
0.000704 -0.000544 633.0
0.000704 -0.000544 634.0
0.000704 -0.000544 635.0
0.000704 -0.000544 636.0
0.000704 -0.000544 637.0
0.000704 -0.000544 638.0
0.000704 -0.000544 639.0
0.000704 -0.000544 640.0
0.000704 -0.000544 641.0
0.000704 -0.000544 642.0
0.000704 -0.000545 643.0
0.000704 -0.000545 644.0
0.000704 -0.000546 645.0
0.000704 -0.000547 646.0
0.000703 -0.000547 647.0
0.000703 -0.000548 648.0
0.000703 -0.000548 649.0
0.000703 -0.000549 650.0
0.000703 -0.000549 651.0
0.000703 -0.000550 652.0
0.000703 -0.000550 653.0
0.000703 -0.000551 654.0
0.000703 -0.000552 655.0
0.000702 -0.000552 656.0
0.000702 -0.000553 657.0
0.000702 -0.000553 658.0
0.000702 -0.000554 659.0
0.000702 -0.000554 660.0
0.000702 -0.000555 661.0
0.000702 -0.000555 662.0
0.000702 -0.000556 663.0
0.000702 -0.000557 664.0
0.000701 -0.000557 665.0
0.000701 -0.000558 666.0
0.000701 -0.000558 667.0
0.000701 -0.000559 668.0
0.000701 -0.000559 669.0
0.000701 -0.000560 670.0
0.000701 -0.000560 671.0
0.000701 -0.000561 672.0
0.000700 -0.000562 673.0
0.000700 -0.000562 674.0
0.000700 -0.000563 675.0
0.000700 -0.000563 676.0
0.000700 -0.000564 677.0
0.000700 -0.000564 678.0
0.000700 -0.000565 679.0
0.000700 -0.000565 680.0
0.000700 -0.000566 681.0
0.000699 -0.000567 682.0
0.000699 -0.000567 683.0
0.000699 -0.000568 684.0
0.000699 -0.000568 685.0
0.000699 -0.000569 686.0
0.000699 -0.000569 687.0
0.000699 -0.000570 688.0
0.000699 -0.000570 689.0
0.000699 -0.000571 690.0
0.000698 -0.000572 691.0
0.000698 -0.000572 692.0
0.000698 -0.000573 693.0
0.000698 -0.000573 694.0
0.000698 -0.000574 695.0
0.000698 -0.000574 696.0
0.000698 -0.000575 697.0
0.000698 -0.000575 698.0
0.000698 -0.000576 699.0
0.000697 -0.000577 700.0
0.000696 -0.000576 701.0
0.000696 -0.000577 702.0
0.000696 -0.000578 703.0
0.000696 -0.000579 704.0
0.000695 -0.000580 705.0
0.000695 -0.000581 706.0
0.000695 -0.000583 707.0
0.000695 -0.000584 708.0
0.000695 -0.000585 709.0
0.000695 -0.000586 710.0
0.000695 -0.000587 711.0
0.000695 -0.000588 712.0
0.000695 -0.000589 713.0
0.000695 -0.000590 714.0
0.000694 -0.000591 715.0
0.000694 -0.000593 716.0
0.000694 -0.000594 717.0
0.000694 -0.000595 718.0
0.000694 -0.000596 719.0
0.000694 -0.000597 720.0
0.000694 -0.000598 721.0
0.000694 -0.000599 722.0
0.000694 -0.000600 723.0
0.000694 -0.000601 724.0
0.000693 -0.000602 725.0
0.000693 -0.000604 726.0
0.000693 -0.000605 727.0
0.000693 -0.000606 728.0
0.000693 -0.000607 729.0
0.000693 -0.000608 730.0
0.000693 -0.000609 731.0
0.000693 -0.000610 732.0
0.000693 -0.000611 733.0
0.000693 -0.000612 734.0
0.000692 -0.000614 735.0
0.000692 -0.000615 736.0
0.000692 -0.000616 737.0
0.000692 -0.000617 738.0
0.000692 -0.000618 739.0
0.000692 -0.000619 740.0
0.000692 -0.000620 741.0
0.000692 -0.000621 742.0
0.000692 -0.000622 743.0
0.000692 -0.000624 744.0
0.000691 -0.000625 745.0
0.000691 -0.000626 746.0
0.000691 -0.000627 747.0
0.000691 -0.000628 748.0
0.000691 -0.000629 749.0
0.000691 -0.000630 750.0
0.000691 -0.000631 751.0
0.000691 -0.000632 752.0
0.000691 -0.000633 753.0
0.000690 -0.000635 754.0
0.000690 -0.000636 755.0
0.000690 -0.000637 756.0
0.000690 -0.000638 757.0
0.000690 -0.000639 758.0
0.000690 -0.000640 759.0
0.000690 -0.000641 760.0
0.000688 -0.000641 761.0
0.000688 -0.000642 762.0
0.000688 -0.000643 763.0
0.000688 -0.000644 764.0
0.000688 -0.000645 765.0
0.000688 -0.000646 766.0
0.000688 -0.000647 767.0
0.000688 -0.000648 768.0
0.000688 -0.000649 769.0
0.000688 -0.000650 770.0
0.000688 -0.000651 771.0
0.000687 -0.000652 772.0
0.000687 -0.000653 773.0
0.000687 -0.000654 774.0
0.000687 -0.000655 775.0
0.000687 -0.000656 776.0
0.000687 -0.000657 777.0
0.000687 -0.000658 778.0
0.000687 -0.000659 779.0
0.000687 -0.000660 780.0
0.000687 -0.000661 781.0
0.000687 -0.000662 782.0
0.000686 -0.000663 783.0
0.000686 -0.000664 784.0
0.000686 -0.000665 785.0
0.000686 -0.000666 786.0
0.000686 -0.000667 787.0
0.000686 -0.000668 788.0
0.000686 -0.000669 789.0
0.000686 -0.000670 790.0
0.000686 -0.000671 791.0
0.000686 -0.000672 792.0
0.000686 -0.000673 793.0
0.000686 -0.000674 794.0
0.000685 -0.000675 795.0
0.000685 -0.000676 796.0
0.000685 -0.000677 797.0
0.000685 -0.000678 798.0
0.000685 -0.000679 799.0
0.000685 -0.000680 800.0
0.000685 -0.000681 801.0
0.000685 -0.000682 802.0
0.000685 -0.000683 803.0
0.000685 -0.000684 804.0
0.000685 -0.000685 805.0
0.000685 -0.000686 806.0
0.000684 -0.000686 807.0
0.000684 -0.000687 808.0
0.000684 -0.000688 809.0
0.000684 -0.000689 810.0
0.000684 -0.000690 811.0
0.000684 -0.000691 812.0
0.000684 -0.000692 813.0
0.000684 -0.000693 814.0
0.000684 -0.000694 815.0
0.000684 -0.000695 816.0
0.000684 -0.000696 817.0
0.000684 -0.000697 818.0
0.000683 -0.000698 819.0
0.000683 -0.000699 820.0
0.000682 -0.000699 821.0
0.000682 -0.000701 822.0
0.000682 -0.000703 823.0
0.000681 -0.000705 824.0
0.000681 -0.000707 825.0
0.000681 -0.000708 826.0
0.000681 -0.000710 827.0
0.000681 -0.000712 828.0
0.000680 -0.000714 829.0
0.000680 -0.000716 830.0
0.000680 -0.000718 831.0
0.000680 -0.000720 832.0
0.000680 -0.000721 833.0
0.000679 -0.000723 834.0
0.000679 -0.000725 835.0
0.000679 -0.000727 836.0
0.000679 -0.000729 837.0
0.000679 -0.000731 838.0
0.000678 -0.000733 839.0
0.000678 -0.000734 840.0
0.000678 -0.000736 841.0
0.000678 -0.000738 842.0
0.000677 -0.000740 843.0
0.000677 -0.000742 844.0
0.000677 -0.000744 845.0
0.000677 -0.000746 846.0
0.000677 -0.000747 847.0
0.000676 -0.000749 848.0
0.000676 -0.000751 849.0
0.000676 -0.000753 850.0
0.000676 -0.000755 851.0
0.000676 -0.000757 852.0
0.000675 -0.000759 853.0
0.000675 -0.000760 854.0
0.000675 -0.000762 855.0
0.000675 -0.000764 856.0
0.000675 -0.000766 857.0
0.000674 -0.000768 858.0
0.000674 -0.000770 859.0
0.000674 -0.000772 860.0
0.000674 -0.000773 861.0
0.000673 -0.000775 862.0
0.000673 -0.000777 863.0
0.000673 -0.000779 864.0
0.000673 -0.000781 865.0
0.000673 -0.000783 866.0
0.000672 -0.000785 867.0
0.000672 -0.000786 868.0
0.000672 -0.000788 869.0
0.000672 -0.000790 870.0
0.000672 -0.000792 871.0
0.000671 -0.000794 872.0
0.000671 -0.000796 873.0
0.000671 -0.000798 874.0
0.000671 -0.000799 875.0
0.000671 -0.000801 876.0
0.000670 -0.000803 877.0
0.000670 -0.000805 878.0
0.000670 -0.000807 879.0
0.000670 -0.000809 880.0
0.000670 -0.000811 881.0
0.000666 -0.000810 882.0
0.000666 -0.000810 883.0
0.000666 -0.000811 884.0
0.000666 -0.000811 885.0
0.000666 -0.000811 886.0
0.000666 -0.000811 887.0
0.000666 -0.000812 888.0
0.000666 -0.000812 889.0
0.000666 -0.000812 890.0
0.000666 -0.000813 891.0
0.000666 -0.000813 892.0
0.000666 -0.000813 893.0
0.000666 -0.000814 894.0
0.000666 -0.000814 895.0
0.000666 -0.000814 896.0
0.000666 -0.000815 897.0
0.000666 -0.000815 898.0
0.000666 -0.000815 899.0
0.000666 -0.000815 900.0
0.000666 -0.000816 901.0
0.000666 -0.000816 902.0
0.000666 -0.000816 903.0
0.000666 -0.000817 904.0
0.000665 -0.000817 905.0
0.000665 -0.000817 906.0
0.000665 -0.000818 907.0
0.000665 -0.000818 908.0
0.000665 -0.000818 909.0
0.000665 -0.000819 910.0
0.000665 -0.000819 911.0
0.000665 -0.000819 912.0
0.000665 -0.000820 913.0
0.000665 -0.000820 914.0
0.000665 -0.000820 915.0
0.000665 -0.000820 916.0
0.000665 -0.000821 917.0
0.000665 -0.000821 918.0
0.000665 -0.000821 919.0
0.000665 -0.000822 920.0
0.000665 -0.000822 921.0
0.000665 -0.000822 922.0
0.000665 -0.000823 923.0
0.000665 -0.000823 924.0
0.000665 -0.000823 925.0
0.000665 -0.000824 926.0
0.000665 -0.000824 927.0
0.000665 -0.000824 928.0
0.000665 -0.000824 929.0
0.000665 -0.000825 930.0
0.000665 -0.000825 931.0
0.000665 -0.000825 932.0
0.000664 -0.000826 933.0
0.000664 -0.000826 934.0
0.000664 -0.000826 935.0
0.000664 -0.000827 936.0
0.000664 -0.000827 937.0
0.000664 -0.000827 938.0
0.000664 -0.000828 939.0
0.000664 -0.000828 940.0
0.000664 -0.000828 941.0
0.000664 -0.000828 942.0
0.000663 -0.000828 943.0
0.000662 -0.000828 944.0
0.000661 -0.000828 945.0
0.000660 -0.000828 946.0
0.000659 -0.000827 947.0
0.000658 -0.000827 948.0
0.000657 -0.000827 949.0
0.000656 -0.000827 950.0
0.000655 -0.000827 951.0
0.000654 -0.000827 952.0
0.000653 -0.000827 953.0
0.000652 -0.000826 954.0
0.000651 -0.000826 955.0
0.000650 -0.000826 956.0
0.000649 -0.000826 957.0
0.000648 -0.000826 958.0
0.000647 -0.000826 959.0
0.000646 -0.000826 960.0
0.000645 -0.000826 961.0
0.000644 -0.000825 962.0
0.000643 -0.000825 963.0
0.000642 -0.000825 964.0
0.000641 -0.000825 965.0
0.000640 -0.000825 966.0
0.000639 -0.000825 967.0
0.000638 -0.000825 968.0
0.000637 -0.000824 969.0
0.000636 -0.000824 970.0
0.000635 -0.000824 971.0
0.000634 -0.000824 972.0
0.000633 -0.000824 973.0
0.000632 -0.000824 974.0
0.000631 -0.000824 975.0
0.000630 -0.000823 976.0
0.000629 -0.000823 977.0
0.000628 -0.000823 978.0
0.000627 -0.000823 979.0
0.000626 -0.000823 980.0
0.000625 -0.000823 981.0
0.000624 -0.000823 982.0
0.000623 -0.000823 983.0
0.000622 -0.000822 984.0
0.000621 -0.000822 985.0
0.000620 -0.000822 986.0
0.000619 -0.000822 987.0
0.000618 -0.000822 988.0
0.000617 -0.000822 989.0
0.000616 -0.000822 990.0
0.000615 -0.000821 991.0
0.000614 -0.000821 992.0
0.000613 -0.000821 993.0
0.000612 -0.000821 994.0
0.000611 -0.000821 995.0
0.000610 -0.000821 996.0
0.000609 -0.000821 997.0
0.000608 -0.000820 998.0
0.000607 -0.000820 999.0
0.000606 -0.000820 1000.0
0.000605 -0.000820 1001.0
0.000605 -0.000822 1002.0
0.000605 -0.000823 1003.0
0.000605 -0.000824 1004.0
0.000604 -0.000824 1005.0
0.000604 -0.000825 1006.0
0.000604 -0.000826 1007.0
0.000603 -0.000827 1008.0
0.000603 -0.000828 1009.0
0.000603 -0.000829 1010.0
0.000602 -0.000830 1011.0
0.000602 -0.000831 1012.0
0.000602 -0.000832 1013.0
0.000601 -0.000833 1014.0
0.000601 -0.000834 1015.0
0.000601 -0.000835 1016.0
0.000600 -0.000836 1017.0
0.000600 -0.000836 1018.0
0.000600 -0.000837 1019.0
0.000599 -0.000838 1020.0
0.000599 -0.000839 1021.0
0.000599 -0.000840 1022.0
0.000598 -0.000841 1023.0
0.000598 -0.000842 1024.0
0.000598 -0.000843 1025.0
0.000597 -0.000844 1026.0
0.000597 -0.000845 1027.0
0.000597 -0.000846 1028.0
0.000596 -0.000847 1029.0
0.000596 -0.000847 1030.0
0.000596 -0.000848 1031.0
0.000595 -0.000849 1032.0
0.000595 -0.000850 1033.0
0.000595 -0.000851 1034.0
0.000594 -0.000852 1035.0
0.000594 -0.000853 1036.0
0.000594 -0.000854 1037.0
0.000593 -0.000855 1038.0
0.000593 -0.000856 1039.0
0.000593 -0.000857 1040.0
0.000592 -0.000858 1041.0
0.000592 -0.000859 1042.0
0.000592 -0.000859 1043.0
0.000591 -0.000860 1044.0
0.000591 -0.000861 1045.0
0.000591 -0.000862 1046.0
0.000590 -0.000863 1047.0
0.000590 -0.000864 1048.0
0.000590 -0.000865 1049.0
0.000589 -0.000866 1050.0
0.000589 -0.000867 1051.0
0.000589 -0.000868 1052.0
0.000588 -0.000869 1053.0
0.000588 -0.000870 1054.0
0.000588 -0.000871 1055.0
0.000587 -0.000871 1056.0
0.000587 -0.000872 1057.0
0.000587 -0.000873 1058.0
0.000586 -0.000874 1059.0
0.000586 -0.000875 1060.0
0.000586 -0.000876 1061.0
0.000582 -0.000874 1062.0
0.000581 -0.000874 1063.0
0.000580 -0.000875 1064.0
0.000580 -0.000876 1065.0
0.000579 -0.000877 1066.0
0.000578 -0.000877 1067.0
0.000577 -0.000878 1068.0
0.000577 -0.000879 1069.0
0.000576 -0.000880 1070.0
0.000575 -0.000880 1071.0
0.000575 -0.000881 1072.0
0.000574 -0.000882 1073.0
0.000573 -0.000883 1074.0
0.000572 -0.000884 1075.0
0.000572 -0.000884 1076.0
0.000571 -0.000885 1077.0
0.000570 -0.000886 1078.0
0.000569 -0.000887 1079.0
0.000569 -0.000887 1080.0
0.000568 -0.000888 1081.0
0.000567 -0.000889 1082.0
0.000567 -0.000890 1083.0
0.000566 -0.000890 1084.0
0.000565 -0.000891 1085.0
0.000564 -0.000889 1086.0
0.000563 -0.000890 1087.0
0.000563 -0.000891 1088.0
0.000563 -0.000892 1089.0
0.000562 -0.000893 1090.0
0.000562 -0.000894 1091.0
0.000561 -0.000896 1092.0
0.000561 -0.000897 1093.0
0.000561 -0.000898 1094.0
0.000560 -0.000899 1095.0
0.000560 -0.000900 1096.0
0.000560 -0.000901 1097.0
0.000559 -0.000902 1098.0
0.000559 -0.000904 1099.0
0.000558 -0.000905 1100.0
0.000558 -0.000906 1101.0
0.000558 -0.000907 1102.0
0.000557 -0.000908 1103.0
0.000557 -0.000909 1104.0
0.000557 -0.000910 1105.0
0.000556 -0.000912 1106.0
0.000556 -0.000913 1107.0
0.000556 -0.000914 1108.0
0.000555 -0.000915 1109.0
0.000555 -0.000916 1110.0
0.000554 -0.000917 1111.0
0.000554 -0.000918 1112.0
0.000554 -0.000920 1113.0
0.000553 -0.000921 1114.0
0.000553 -0.000922 1115.0
0.000553 -0.000923 1116.0
0.000552 -0.000924 1117.0
0.000552 -0.000925 1118.0
0.000551 -0.000926 1119.0
0.000551 -0.000928 1120.0
0.000551 -0.000929 1121.0
0.000550 -0.000930 1122.0
0.000550 -0.000931 1123.0
0.000550 -0.000932 1124.0
0.000549 -0.000933 1125.0
0.000549 -0.000934 1126.0
0.000548 -0.000936 1127.0
0.000548 -0.000937 1128.0
0.000548 -0.000938 1129.0
0.000547 -0.000939 1130.0
0.000547 -0.000940 1131.0
0.000547 -0.000941 1132.0
0.000546 -0.000943 1133.0
0.000546 -0.000944 1134.0
0.000546 -0.000945 1135.0
0.000545 -0.000946 1136.0
0.000545 -0.000947 1137.0
0.000544 -0.000948 1138.0
0.000544 -0.000949 1139.0
0.000544 -0.000951 1140.0
0.000543 -0.000952 1141.0
0.000543 -0.000953 1142.0
0.000543 -0.000954 1143.0
0.000542 -0.000955 1144.0
0.000542 -0.000956 1145.0
0.000537 -0.000954 1146.0
0.000537 -0.000954 1147.0
0.000537 -0.000955 1148.0
0.000537 -0.000956 1149.0
0.000537 -0.000957 1150.0
0.000537 -0.000958 1151.0
0.000537 -0.000959 1152.0
0.000537 -0.000960 1153.0
0.000537 -0.000960 1154.0
0.000537 -0.000961 1155.0
0.000537 -0.000962 1156.0
0.000537 -0.000963 1157.0
0.000537 -0.000964 1158.0
0.000537 -0.000965 1159.0
0.000537 -0.000966 1160.0
0.000537 -0.000967 1161.0
0.000537 -0.000967 1162.0
0.000537 -0.000968 1163.0
0.000537 -0.000969 1164.0
0.000537 -0.000970 1165.0
0.000537 -0.000971 1166.0
0.000536 -0.000972 1167.0
0.000536 -0.000973 1168.0
0.000536 -0.000973 1169.0
0.000536 -0.000974 1170.0
0.000536 -0.000975 1171.0
0.000536 -0.000976 1172.0
0.000536 -0.000977 1173.0
0.000536 -0.000978 1174.0
0.000536 -0.000979 1175.0
0.000536 -0.000979 1176.0
0.000536 -0.000980 1177.0
0.000536 -0.000981 1178.0
0.000536 -0.000982 1179.0
0.000536 -0.000983 1180.0
0.000536 -0.000984 1181.0
0.000536 -0.000985 1182.0
0.000536 -0.000985 1183.0
0.000536 -0.000986 1184.0
0.000536 -0.000987 1185.0
0.000536 -0.000988 1186.0
0.000536 -0.000989 1187.0
0.000536 -0.000990 1188.0
0.000536 -0.000991 1189.0
0.000536 -0.000991 1190.0
0.000536 -0.000992 1191.0
0.000536 -0.000993 1192.0
0.000535 -0.000994 1193.0
0.000535 -0.000995 1194.0
0.000535 -0.000996 1195.0
0.000535 -0.000997 1196.0
0.000535 -0.000997 1197.0
0.000535 -0.000998 1198.0
0.000535 -0.000999 1199.0
0.000535 -0.001000 1200.0
0.000535 -0.001001 1201.0
0.000535 -0.001002 1202.0
0.000535 -0.001003 1203.0
0.000535 -0.001003 1204.0
0.000535 -0.001004 1205.0
0.000534 -0.001004 1206.0
0.000534 -0.001006 1207.0
0.000534 -0.001008 1208.0
0.000534 -0.001010 1209.0
0.000534 -0.001012 1210.0
0.000534 -0.001013 1211.0
0.000534 -0.001015 1212.0
0.000534 -0.001017 1213.0
0.000534 -0.001019 1214.0
0.000534 -0.001021 1215.0
0.000534 -0.001023 1216.0
0.000534 -0.001024 1217.0
0.000534 -0.001026 1218.0
0.000534 -0.001028 1219.0
0.000534 -0.001030 1220.0
0.000534 -0.001032 1221.0
0.000534 -0.001034 1222.0
0.000533 -0.001035 1223.0
0.000533 -0.001037 1224.0
0.000533 -0.001039 1225.0
0.000533 -0.001041 1226.0
0.000533 -0.001043 1227.0
0.000533 -0.001045 1228.0
0.000533 -0.001046 1229.0
0.000533 -0.001048 1230.0
0.000533 -0.001050 1231.0
0.000533 -0.001052 1232.0
0.000533 -0.001054 1233.0
0.000533 -0.001056 1234.0
0.000533 -0.001057 1235.0
0.000533 -0.001059 1236.0
0.000533 -0.001061 1237.0
0.000533 -0.001063 1238.0
0.000532 -0.001065 1239.0
0.000532 -0.001067 1240.0
0.000532 -0.001068 1241.0
0.000532 -0.001070 1242.0
0.000532 -0.001072 1243.0
0.000532 -0.001074 1244.0
0.000532 -0.001076 1245.0
0.000532 -0.001077 1246.0
0.000532 -0.001079 1247.0
0.000532 -0.001081 1248.0
0.000532 -0.001083 1249.0
0.000532 -0.001085 1250.0
0.000532 -0.001087 1251.0
0.000532 -0.001088 1252.0
0.000532 -0.001090 1253.0
0.000532 -0.001092 1254.0
0.000532 -0.001094 1255.0
0.000531 -0.001096 1256.0
0.000531 -0.001098 1257.0
0.000531 -0.001099 1258.0
0.000531 -0.001101 1259.0
0.000531 -0.001103 1260.0
0.000531 -0.001105 1261.0
0.000531 -0.001107 1262.0
0.000531 -0.001109 1263.0
0.000531 -0.001110 1264.0
0.000531 -0.001112 1265.0
0.000530 -0.001112 1266.0
0.000530 -0.001114 1267.0
0.000530 -0.001116 1268.0
0.000530 -0.001118 1269.0
0.000530 -0.001120 1270.0
0.000530 -0.001121 1271.0
0.000530 -0.001123 1272.0
0.000530 -0.001125 1273.0
0.000529 -0.001127 1274.0
0.000529 -0.001129 1275.0
0.000529 -0.001131 1276.0
0.000529 -0.001132 1277.0
0.000529 -0.001134 1278.0
0.000529 -0.001136 1279.0
0.000529 -0.001138 1280.0
0.000529 -0.001140 1281.0
0.000529 -0.001142 1282.0
0.000529 -0.001144 1283.0
0.000529 -0.001145 1284.0
0.000529 -0.001147 1285.0
0.000529 -0.001149 1286.0
0.000529 -0.001151 1287.0
0.000529 -0.001153 1288.0
0.000529 -0.001155 1289.0
0.000529 -0.001156 1290.0
0.000528 -0.001158 1291.0
0.000528 -0.001160 1292.0
0.000528 -0.001162 1293.0
0.000528 -0.001164 1294.0
0.000528 -0.001166 1295.0
0.000528 -0.001167 1296.0
0.000528 -0.001169 1297.0
0.000528 -0.001171 1298.0
0.000528 -0.001173 1299.0
0.000528 -0.001175 1300.0
0.000528 -0.001177 1301.0
0.000528 -0.001179 1302.0
0.000528 -0.001180 1303.0
0.000528 -0.001182 1304.0
0.000528 -0.001184 1305.0
0.000528 -0.001186 1306.0
0.000528 -0.001188 1307.0
0.000527 -0.001190 1308.0
0.000527 -0.001191 1309.0
0.000527 -0.001193 1310.0
0.000527 -0.001195 1311.0
0.000527 -0.001197 1312.0
0.000527 -0.001199 1313.0
0.000527 -0.001201 1314.0
0.000527 -0.001202 1315.0
0.000527 -0.001204 1316.0
0.000527 -0.001206 1317.0
0.000527 -0.001208 1318.0
0.000527 -0.001210 1319.0
0.000527 -0.001212 1320.0
0.000527 -0.001214 1321.0
0.000527 -0.001215 1322.0
0.000527 -0.001217 1323.0
0.000526 -0.001219 1324.0
0.000526 -0.001221 1325.0
0.000526 -0.001223 1326.0
0.000525 -0.001223 1327.0
0.000525 -0.001223 1328.0
0.000525 -0.001223 1329.0
0.000525 -0.001223 1330.0
0.000524 -0.001223 1331.0
0.000524 -0.001224 1332.0
0.000524 -0.001224 1333.0
0.000523 -0.001224 1334.0
0.000523 -0.001224 1335.0
0.000523 -0.001224 1336.0
0.000523 -0.001225 1337.0
0.000522 -0.001225 1338.0
0.000522 -0.001225 1339.0
0.000522 -0.001225 1340.0
0.000522 -0.001225 1341.0
0.000521 -0.001226 1342.0
0.000521 -0.001226 1343.0
0.000521 -0.001226 1344.0
0.000520 -0.001226 1345.0
0.000520 -0.001226 1346.0
0.000520 -0.001227 1347.0
0.000520 -0.001227 1348.0
0.000519 -0.001227 1349.0
0.000519 -0.001227 1350.0
0.000519 -0.001227 1351.0
0.000519 -0.001228 1352.0
0.000518 -0.001228 1353.0
0.000518 -0.001228 1354.0
0.000518 -0.001228 1355.0
0.000517 -0.001228 1356.0
0.000517 -0.001229 1357.0
0.000517 -0.001229 1358.0
0.000517 -0.001229 1359.0
0.000516 -0.001229 1360.0
0.000516 -0.001229 1361.0
0.000516 -0.001230 1362.0
0.000516 -0.001230 1363.0
0.000515 -0.001230 1364.0
0.000515 -0.001230 1365.0
0.000515 -0.001230 1366.0
0.000514 -0.001231 1367.0
0.000514 -0.001231 1368.0
0.000514 -0.001231 1369.0
0.000514 -0.001231 1370.0
0.000513 -0.001231 1371.0
0.000513 -0.001232 1372.0
0.000513 -0.001232 1373.0
0.000512 -0.001232 1374.0
0.000512 -0.001232 1375.0
0.000512 -0.001232 1376.0
0.000512 -0.001233 1377.0
0.000511 -0.001233 1378.0
0.000511 -0.001233 1379.0
0.000511 -0.001233 1380.0
0.000511 -0.001233 1381.0
0.000510 -0.001234 1382.0
0.000510 -0.001234 1383.0
0.000510 -0.001234 1384.0
0.000509 -0.001234 1385.0
0.000509 -0.001234 1386.0
0.000508 -0.001232 1387.0
0.000508 -0.001232 1388.0
0.000508 -0.001232 1389.0
0.000508 -0.001232 1390.0
0.000508 -0.001232 1391.0
0.000508 -0.001232 1392.0
0.000508 -0.001232 1393.0
0.000508 -0.001232 1394.0
0.000508 -0.001232 1395.0
0.000508 -0.001232 1396.0
0.000508 -0.001232 1397.0
0.000508 -0.001232 1398.0
0.000508 -0.001232 1399.0
0.000508 -0.001232 1400.0
0.000508 -0.001232 1401.0
0.000508 -0.001232 1402.0
0.000508 -0.001232 1403.0
0.000508 -0.001232 1404.0
0.000508 -0.001232 1405.0
0.000508 -0.001232 1406.0
0.000508 -0.001232 1407.0
0.000508 -0.001232 1408.0
0.000508 -0.001232 1409.0
0.000508 -0.001232 1410.0
0.000508 -0.001232 1411.0
0.000508 -0.001232 1412.0
0.000508 -0.001232 1413.0
0.000508 -0.001232 1414.0
0.000508 -0.001232 1415.0
0.000508 -0.001232 1416.0
0.000508 -0.001232 1417.0
0.000508 -0.001232 1418.0
0.000508 -0.001232 1419.0
0.000508 -0.001232 1420.0
0.000508 -0.001232 1421.0
0.000508 -0.001232 1422.0
0.000508 -0.001232 1423.0
0.000508 -0.001231 1424.0
0.000509 -0.001231 1425.0
0.000509 -0.001231 1426.0
0.000509 -0.001231 1427.0
0.000509 -0.001230 1428.0
0.000510 -0.001230 1429.0
0.000510 -0.001230 1430.0
0.000510 -0.001230 1431.0
0.000511 -0.001229 1432.0
0.000511 -0.001229 1433.0
0.000511 -0.001229 1434.0
0.000511 -0.001229 1435.0
0.000512 -0.001228 1436.0
0.000512 -0.001228 1437.0
0.000512 -0.001228 1438.0
0.000512 -0.001228 1439.0
0.000513 -0.001227 1440.0
0.000513 -0.001227 1441.0
0.000513 -0.001227 1442.0
0.000513 -0.001226 1443.0
0.000514 -0.001226 1444.0
0.000514 -0.001226 1445.0
0.000514 -0.001226 1446.0
0.000514 -0.001225 1447.0
0.000515 -0.001225 1448.0
0.000515 -0.001225 1449.0
0.000515 -0.001225 1450.0
0.000516 -0.001224 1451.0
0.000516 -0.001224 1452.0
0.000516 -0.001224 1453.0
0.000516 -0.001224 1454.0
0.000517 -0.001223 1455.0
0.000517 -0.001223 1456.0
0.000517 -0.001223 1457.0
0.000517 -0.001223 1458.0
0.000518 -0.001222 1459.0
0.000518 -0.001222 1460.0
0.000518 -0.001222 1461.0
0.000518 -0.001222 1462.0
0.000519 -0.001221 1463.0
0.000519 -0.001221 1464.0
0.000519 -0.001221 1465.0
0.000519 -0.001221 1466.0
0.000520 -0.001220 1467.0
0.000520 -0.001220 1468.0
0.000520 -0.001220 1469.0
0.000521 -0.001220 1470.0
0.000521 -0.001219 1471.0
0.000521 -0.001219 1472.0
0.000521 -0.001219 1473.0
0.000522 -0.001219 1474.0
0.000522 -0.001218 1475.0
0.000522 -0.001218 1476.0
0.000522 -0.001218 1477.0
0.000523 -0.001218 1478.0
0.000523 -0.001217 1479.0
0.000523 -0.001217 1480.0
0.000523 -0.001217 1481.0
0.000525 -0.001219 1482.0
0.000525 -0.001218 1483.0
0.000525 -0.001217 1484.0
0.000525 -0.001217 1485.0
0.000525 -0.001216 1486.0
0.000525 -0.001215 1487.0
0.000525 -0.001214 1488.0
0.000525 -0.001214 1489.0
0.000525 -0.001213 1490.0
0.000525 -0.001212 1491.0
0.000525 -0.001211 1492.0
0.000525 -0.001211 1493.0
0.000525 -0.001210 1494.0
0.000525 -0.001209 1495.0
0.000525 -0.001208 1496.0
0.000525 -0.001208 1497.0
0.000525 -0.001207 1498.0
0.000525 -0.001206 1499.0
0.000525 -0.001205 1500.0
0.000525 -0.001205 1501.0
0.000525 -0.001204 1502.0
0.000525 -0.001203 1503.0
0.000525 -0.001202 1504.0
0.000525 -0.001202 1505.0
0.000525 -0.001201 1506.0
0.000525 -0.001200 1507.0
0.000525 -0.001199 1508.0
0.000525 -0.001199 1509.0
0.000525 -0.001198 1510.0
0.000525 -0.001197 1511.0
0.000525 -0.001196 1512.0
0.000525 -0.001196 1513.0
0.000525 -0.001195 1514.0
0.000526 -0.001194 1515.0
0.000526 -0.001193 1516.0
0.000526 -0.001193 1517.0
0.000526 -0.001192 1518.0
0.000526 -0.001191 1519.0
0.000526 -0.001190 1520.0
0.000526 -0.001190 1521.0
0.000526 -0.001189 1522.0
0.000526 -0.001188 1523.0
0.000526 -0.001187 1524.0
0.000526 -0.001187 1525.0
0.000526 -0.001186 1526.0
0.000526 -0.001185 1527.0
0.000526 -0.001185 1528.0
0.000526 -0.001184 1529.0
0.000526 -0.001183 1530.0
0.000526 -0.001182 1531.0
0.000526 -0.001182 1532.0
0.000526 -0.001181 1533.0
0.000526 -0.001180 1534.0
0.000526 -0.001179 1535.0
0.000526 -0.001179 1536.0
0.000526 -0.001178 1537.0
0.000526 -0.001177 1538.0
0.000526 -0.001176 1539.0
0.000526 -0.001176 1540.0
0.000526 -0.001175 1541.0
0.000527 -0.001175 1542.0
0.000527 -0.001174 1543.0
0.000527 -0.001174 1544.0
0.000527 -0.001173 1545.0
0.000527 -0.001172 1546.0
0.000527 -0.001172 1547.0
0.000527 -0.001171 1548.0
0.000527 -0.001170 1549.0
0.000527 -0.001170 1550.0
0.000527 -0.001169 1551.0
0.000527 -0.001168 1552.0
0.000527 -0.001168 1553.0
0.000527 -0.001167 1554.0
0.000527 -0.001166 1555.0
0.000527 -0.001166 1556.0
0.000527 -0.001165 1557.0
0.000527 -0.001164 1558.0
0.000527 -0.001164 1559.0
0.000527 -0.001163 1560.0
0.000527 -0.001163 1561.0
0.000527 -0.001162 1562.0
0.000527 -0.001161 1563.0
0.000527 -0.001161 1564.0
0.000527 -0.001160 1565.0
0.000527 -0.001159 1566.0
0.000527 -0.001159 1567.0
0.000527 -0.001158 1568.0
0.000527 -0.001157 1569.0
0.000527 -0.001157 1570.0
0.000527 -0.001156 1571.0
0.000527 -0.001155 1572.0
0.000527 -0.001155 1573.0
0.000527 -0.001154 1574.0
0.000527 -0.001154 1575.0
0.000527 -0.001153 1576.0
0.000528 -0.001153 1577.0
0.000528 -0.001152 1578.0
0.000528 -0.001151 1579.0
0.000528 -0.001151 1580.0
0.000528 -0.001150 1581.0
0.000528 -0.001149 1582.0
0.000528 -0.001148 1583.0
0.000528 -0.001147 1584.0
0.000528 -0.001147 1585.0
0.000528 -0.001146 1586.0
0.000528 -0.001145 1587.0
0.000528 -0.001144 1588.0
0.000528 -0.001144 1589.0
0.000528 -0.001143 1590.0
0.000528 -0.001142 1591.0
0.000528 -0.001141 1592.0
0.000528 -0.001140 1593.0
0.000528 -0.001140 1594.0
0.000528 -0.001139 1595.0
0.000528 -0.001138 1596.0
0.000528 -0.001137 1597.0
0.000528 -0.001137 1598.0
0.000528 -0.001136 1599.0
0.000528 -0.001135 1600.0
0.000528 -0.001134 1601.0
0.000528 -0.001133 1602.0
0.000528 -0.001133 1603.0
0.000528 -0.001132 1604.0
0.000528 -0.001131 1605.0
0.000528 -0.001130 1606.0
0.000528 -0.001130 1607.0
0.000529 -0.001129 1608.0
0.000529 -0.001128 1609.0
0.000529 -0.001127 1610.0
0.000529 -0.001126 1611.0
0.000529 -0.001126 1612.0
0.000529 -0.001125 1613.0
0.000529 -0.001124 1614.0
0.000529 -0.001123 1615.0
0.000529 -0.001123 1616.0
0.000529 -0.001122 1617.0
0.000529 -0.001121 1618.0
0.000529 -0.001120 1619.0
0.000529 -0.001119 1620.0
0.000529 -0.001119 1621.0
0.000529 -0.001118 1622.0
0.000529 -0.001117 1623.0
0.000529 -0.001116 1624.0
0.000529 -0.001116 1625.0
0.000529 -0.001115 1626.0
0.000529 -0.001114 1627.0
0.000529 -0.001113 1628.0
0.000529 -0.001112 1629.0
0.000529 -0.001112 1630.0
0.000529 -0.001111 1631.0
0.000530 -0.001111 1632.0
0.000530 -0.001111 1633.0
0.000530 -0.001111 1634.0
0.000530 -0.001111 1635.0
0.000530 -0.001111 1636.0
0.000530 -0.001111 1637.0
0.000530 -0.001111 1638.0
0.000530 -0.001111 1639.0
0.000530 -0.001111 1640.0
0.000530 -0.001111 1641.0
0.000530 -0.001112 1642.0
0.000530 -0.001112 1643.0
0.000530 -0.001112 1644.0
0.000530 -0.001112 1645.0
0.000530 -0.001112 1646.0
0.000530 -0.001112 1647.0
0.000530 -0.001112 1648.0
0.000530 -0.001112 1649.0
0.000530 -0.001112 1650.0
0.000530 -0.001112 1651.0
0.000530 -0.001112 1652.0
0.000530 -0.001112 1653.0
0.000530 -0.001112 1654.0
0.000530 -0.001112 1655.0
0.000530 -0.001112 1656.0
0.000530 -0.001112 1657.0
0.000530 -0.001113 1658.0
0.000530 -0.001113 1659.0
0.000530 -0.001113 1660.0
0.000530 -0.001113 1661.0
0.000530 -0.001113 1662.0
0.000530 -0.001113 1663.0
0.000530 -0.001113 1664.0
0.000530 -0.001113 1665.0
0.000530 -0.001113 1666.0
0.000530 -0.001113 1667.0
0.000530 -0.001113 1668.0
0.000530 -0.001113 1669.0
0.000530 -0.001113 1670.0
0.000530 -0.001113 1671.0
0.000530 -0.001113 1672.0
0.000530 -0.001113 1673.0
0.000530 -0.001113 1674.0
0.000530 -0.001113 1675.0
0.000530 -0.001113 1676.0
0.000530 -0.001113 1677.0
0.000530 -0.001113 1678.0
0.000530 -0.001113 1679.0
0.000530 -0.001113 1680.0
0.000530 -0.001113 1681.0
0.000530 -0.001113 1682.0
0.000530 -0.001113 1683.0
0.000530 -0.001113 1684.0
0.000530 -0.001113 1685.0
0.000530 -0.001113 1686.0
0.000530 -0.001113 1687.0
0.000530 -0.001113 1688.0
0.000530 -0.001113 1689.0
0.000530 -0.001113 1690.0
0.000530 -0.001113 1691.0
0.000530 -0.001113 1692.0
0.000530 -0.001113 1693.0
0.000530 -0.001113 1694.0
0.000530 -0.001113 1695.0
0.000530 -0.001113 1696.0
0.000530 -0.001113 1697.0
0.000530 -0.001113 1698.0
0.000530 -0.001113 1699.0
0.000530 -0.001113 1700.0
0.000530 -0.001113 1701.0
0.000530 -0.001113 1702.0
0.000530 -0.001113 1703.0
0.000530 -0.001113 1704.0
0.000530 -0.001113 1705.0
0.000530 -0.001113 1706.0
0.000530 -0.001113 1707.0
0.000530 -0.001113 1708.0
0.000530 -0.001113 1709.0
0.000530 -0.001113 1710.0
0.000530 -0.001113 1711.0
0.000530 -0.001113 1712.0
0.000530 -0.001113 1713.0
0.000530 -0.001113 1714.0
0.000530 -0.001113 1715.0
0.000530 -0.001113 1716.0
0.000530 -0.001113 1717.0
0.000530 -0.001113 1718.0
0.000530 -0.001113 1719.0
0.000530 -0.001113 1720.0
0.000530 -0.001113 1721.0
0.000530 -0.001113 1722.0
0.000530 -0.001113 1723.0
0.000530 -0.001113 1724.0
0.000530 -0.001113 1725.0
0.000530 -0.001113 1726.0
0.000530 -0.001113 1727.0
0.000530 -0.001113 1728.0
0.000530 -0.001113 1729.0
0.000530 -0.001113 1730.0
0.000530 -0.001113 1731.0
0.000530 -0.001113 1732.0
0.000530 -0.001113 1733.0
0.000530 -0.001113 1734.0
0.000530 -0.001113 1735.0
0.000530 -0.001113 1736.0
0.000530 -0.001113 1737.0
0.000530 -0.001113 1738.0
0.000530 -0.001113 1739.0
0.000530 -0.001113 1740.0
0.000530 -0.001113 1741.0
0.000530 -0.001113 1742.0
0.000530 -0.001113 1743.0
0.000530 -0.001113 1744.0
0.000530 -0.001113 1745.0
0.000530 -0.001113 1746.0
0.000530 -0.001113 1747.0
0.000530 -0.001113 1748.0
0.000530 -0.001113 1749.0
0.000530 -0.001113 1750.0
0.000530 -0.001113 1751.0
0.000530 -0.001113 1752.0
0.000530 -0.001113 1753.0
0.000530 -0.001113 1754.0
0.000530 -0.001113 1755.0
0.000530 -0.001113 1756.0
0.000530 -0.001113 1757.0
0.000530 -0.001113 1758.0
0.000530 -0.001113 1759.0
0.000530 -0.001113 1760.0
0.000530 -0.001113 1761.0
0.000530 -0.001113 1762.0
0.000530 -0.001113 1763.0
0.000530 -0.001113 1764.0
0.000530 -0.001113 1765.0
0.000530 -0.001113 1766.0
0.000530 -0.001113 1767.0
0.000530 -0.001113 1768.0
0.000530 -0.001113 1769.0
0.000530 -0.001113 1770.0
0.000530 -0.001113 1771.0
0.000530 -0.001113 1772.0
0.000530 -0.001113 1773.0
0.000530 -0.001113 1774.0
0.000530 -0.001113 1775.0
0.000530 -0.001113 1776.0
0.000530 -0.001113 1777.0
0.000530 -0.001113 1778.0
0.000530 -0.001113 1779.0
0.000530 -0.001113 1780.0
0.000530 -0.001113 1781.0
0.000530 -0.001113 1782.0
0.000530 -0.001113 1783.0
0.000530 -0.001113 1784.0
0.000530 -0.001113 1785.0
0.000530 -0.001113 1786.0
0.000530 -0.001113 1787.0
0.000530 -0.001113 1788.0
0.000530 -0.001113 1789.0
0.000530 -0.001113 1790.0
0.000530 -0.001113 1791.0
0.000530 -0.001113 1792.0
0.000530 -0.001113 1793.0
0.000530 -0.001113 1794.0
0.000530 -0.001113 1795.0
0.000530 -0.001113 1796.0
0.000530 -0.001113 1797.0
0.000530 -0.001113 1798.0
0.000530 -0.001113 1799.0
0.000530 -0.001113 1800.0
0.000530 -0.001113 1801.0
0.000530 -0.001113 1802.0
0.000530 -0.001113 1803.0
0.000530 -0.001113 1804.0
0.000530 -0.001113 1805.0
0.000530 -0.001113 1806.0
0.000530 -0.001113 1807.0
0.000530 -0.001113 1808.0
0.000530 -0.001113 1809.0
0.000530 -0.001113 1810.0
0.000530 -0.001113 1811.0
0.000530 -0.001113 1812.0
0.000530 -0.001113 1813.0
0.000530 -0.001113 1814.0
0.000530 -0.001113 1815.0
0.000530 -0.001113 1816.0
0.000530 -0.001113 1817.0
0.000530 -0.001113 1818.0
0.000530 -0.001113 1819.0
0.000530 -0.001113 1820.0
0.000530 -0.001113 1821.0
0.000530 -0.001113 1822.0
0.000530 -0.001113 1823.0
0.000530 -0.001113 1824.0
0.000530 -0.001113 1825.0
0.000530 -0.001113 1826.0
0.000530 -0.001113 1827.0
0.000530 -0.001113 1828.0
0.000530 -0.001113 1829.0
0.000530 -0.001113 1830.0
0.000530 -0.001113 1831.0
0.000530 -0.001113 1832.0
0.000530 -0.001113 1833.0
0.000530 -0.001113 1834.0
0.000530 -0.001113 1835.0
0.000530 -0.001113 1836.0
0.000530 -0.001113 1837.0
0.000530 -0.001113 1838.0
0.000530 -0.001113 1839.0
0.000530 -0.001113 1840.0
0.000530 -0.001113 1841.0
0.000530 -0.001113 1842.0
0.000530 -0.001113 1843.0
0.000530 -0.001113 1844.0
0.000530 -0.001113 1845.0
0.000530 -0.001113 1846.0
0.000530 -0.001113 1847.0
0.000530 -0.001113 1848.0
0.000530 -0.001113 1849.0
0.000530 -0.001113 1850.0
0.000530 -0.001113 1851.0
0.000530 -0.001113 1852.0
0.000530 -0.001113 1853.0
0.000530 -0.001113 1854.0
0.000530 -0.001113 1855.0
0.000530 -0.001113 1856.0
0.000530 -0.001112 1857.0
0.000530 -0.001112 1858.0
0.000530 -0.001111 1859.0
0.000530 -0.001111 1860.0
0.000530 -0.001110 1861.0
0.000530 -0.001109 1862.0
0.000530 -0.001109 1863.0
0.000530 -0.001108 1864.0
0.000530 -0.001107 1865.0
0.000530 -0.001107 1866.0
0.000530 -0.001106 1867.0
0.000530 -0.001106 1868.0
0.000530 -0.001105 1869.0
0.000530 -0.001104 1870.0
0.000530 -0.001104 1871.0
0.000530 -0.001103 1872.0
0.000530 -0.001103 1873.0
0.000530 -0.001102 1874.0
0.000530 -0.001101 1875.0
0.000530 -0.001101 1876.0
0.000530 -0.001100 1877.0
0.000530 -0.001099 1878.0
0.000530 -0.001099 1879.0
0.000530 -0.001098 1880.0
0.000530 -0.001098 1881.0
0.000530 -0.001097 1882.0
0.000530 -0.001096 1883.0
0.000530 -0.001096 1884.0
0.000530 -0.001095 1885.0
0.000530 -0.001094 1886.0
0.000530 -0.001094 1887.0
0.000530 -0.001093 1888.0
0.000530 -0.001093 1889.0
0.000530 -0.001092 1890.0
0.000530 -0.001091 1891.0
0.000530 -0.001091 1892.0
0.000530 -0.001090 1893.0
0.000531 -0.001090 1894.0
0.000531 -0.001089 1895.0
0.000531 -0.001088 1896.0
0.000531 -0.001088 1897.0
0.000531 -0.001087 1898.0
0.000531 -0.001086 1899.0
0.000531 -0.001086 1900.0
0.000531 -0.001085 1901.0
0.000531 -0.001085 1902.0
0.000531 -0.001084 1903.0
0.000531 -0.001083 1904.0
0.000531 -0.001083 1905.0
0.000531 -0.001082 1906.0
0.000531 -0.001081 1907.0
0.000531 -0.001081 1908.0
0.000531 -0.001080 1909.0
0.000531 -0.001080 1910.0
0.000531 -0.001079 1911.0
0.000531 -0.001079 1912.0
0.000531 -0.001078 1913.0
0.000531 -0.001077 1914.0
0.000531 -0.001076 1915.0
0.000531 -0.001075 1916.0
0.000531 -0.001074 1917.0
0.000531 -0.001073 1918.0
0.000531 -0.001072 1919.0
0.000531 -0.001071 1920.0
0.000531 -0.001070 1921.0
0.000531 -0.001069 1922.0
0.000531 -0.001068 1923.0
0.000531 -0.001067 1924.0
0.000531 -0.001066 1925.0
0.000531 -0.001065 1926.0
0.000531 -0.001064 1927.0
0.000531 -0.001063 1928.0
0.000532 -0.001062 1929.0
0.000532 -0.001061 1930.0
0.000532 -0.001060 1931.0
0.000532 -0.001059 1932.0
0.000532 -0.001058 1933.0
0.000532 -0.001057 1934.0
0.000532 -0.001056 1935.0
0.000532 -0.001055 1936.0
0.000532 -0.001054 1937.0
0.000532 -0.001053 1938.0
0.000532 -0.001051 1939.0
0.000532 -0.001050 1940.0
0.000532 -0.001049 1941.0
0.000532 -0.001048 1942.0
0.000532 -0.001047 1943.0
0.000532 -0.001046 1944.0
0.000532 -0.001045 1945.0
0.000532 -0.001044 1946.0
0.000532 -0.001043 1947.0
0.000532 -0.001042 1948.0
0.000532 -0.001041 1949.0
0.000532 -0.001040 1950.0
0.000532 -0.001039 1951.0
0.000532 -0.001038 1952.0
0.000532 -0.001037 1953.0
0.000532 -0.001036 1954.0
0.000532 -0.001035 1955.0
0.000532 -0.001034 1956.0
0.000533 -0.001033 1957.0
0.000533 -0.001032 1958.0
0.000533 -0.001031 1959.0
0.000533 -0.001030 1960.0
0.000533 -0.001029 1961.0
0.000533 -0.001028 1962.0
0.000533 -0.001027 1963.0
0.000533 -0.001026 1964.0
0.000533 -0.001025 1965.0
0.000533 -0.001024 1966.0
0.000533 -0.001023 1967.0
0.000533 -0.001022 1968.0
0.000533 -0.001021 1969.0
0.000533 -0.001020 1970.0
0.000533 -0.001019 1971.0
0.000533 -0.001018 1972.0
0.000534 -0.001018 1973.0
0.000534 -0.001017 1974.0
0.000534 -0.001016 1975.0
0.000534 -0.001016 1976.0
0.000534 -0.001015 1977.0
0.000534 -0.001014 1978.0
0.000534 -0.001013 1979.0
0.000534 -0.001012 1980.0
0.000534 -0.001012 1981.0
0.000534 -0.001011 1982.0
0.000534 -0.001010 1983.0
0.000534 -0.001009 1984.0
0.000534 -0.001008 1985.0
0.000534 -0.001008 1986.0
0.000534 -0.001007 1987.0
0.000534 -0.001006 1988.0
0.000534 -0.001005 1989.0
0.000534 -0.001005 1990.0
0.000534 -0.001004 1991.0
0.000534 -0.001003 1992.0
0.000534 -0.001002 1993.0
0.000534 -0.001001 1994.0
0.000534 -0.001001 1995.0
0.000534 -0.001000 1996.0
0.000534 -0.000999 1997.0
0.000534 -0.000998 1998.0
0.000534 -0.000997 1999.0
0.000534 -0.000997 2000.0
0.000534 -0.000996 2001.0
0.000534 -0.000995 2002.0
0.000534 -0.000994 2003.0
0.000534 -0.000994 2004.0
0.000534 -0.000993 2005.0
0.000534 -0.000992 2006.0
0.000535 -0.000991 2007.0
0.000535 -0.000990 2008.0
0.000535 -0.000990 2009.0
0.000535 -0.000989 2010.0
0.000535 -0.000988 2011.0
0.000535 -0.000987 2012.0
0.000535 -0.000986 2013.0
0.000535 -0.000986 2014.0
0.000535 -0.000985 2015.0
0.000535 -0.000984 2016.0
0.000535 -0.000983 2017.0
0.000535 -0.000983 2018.0
0.000535 -0.000982 2019.0
0.000535 -0.000981 2020.0
0.000535 -0.000980 2021.0
0.000535 -0.000979 2022.0
0.000535 -0.000979 2023.0
0.000535 -0.000978 2024.0
0.000535 -0.000977 2025.0
0.000535 -0.000976 2026.0
0.000535 -0.000975 2027.0
0.000535 -0.000975 2028.0
0.000535 -0.000974 2029.0
0.000535 -0.000973 2030.0
0.000535 -0.000972 2031.0
0.000535 -0.000972 2032.0
0.000535 -0.000971 2033.0
0.000535 -0.000970 2034.0
0.000535 -0.000969 2035.0
0.000535 -0.000968 2036.0
0.000536 -0.000968 2037.0
0.000536 -0.000967 2038.0
0.000536 -0.000966 2039.0
0.000536 -0.000965 2040.0
0.000536 -0.000963 2041.0
0.000536 -0.000962 2042.0
0.000536 -0.000961 2043.0
0.000536 -0.000959 2044.0
0.000536 -0.000958 2045.0
0.000536 -0.000957 2046.0
0.000536 -0.000955 2047.0
0.000536 -0.000954 2048.0
0.000536 -0.000953 2049.0
0.000536 -0.000952 2050.0
0.000536 -0.000950 2051.0
0.000536 -0.000949 2052.0
0.000536 -0.000948 2053.0
0.000536 -0.000946 2054.0
0.000536 -0.000945 2055.0
0.000536 -0.000944 2056.0
0.000536 -0.000943 2057.0
0.000536 -0.000941 2058.0
0.000536 -0.000940 2059.0
0.000536 -0.000939 2060.0
0.000536 -0.000937 2061.0
0.000536 -0.000936 2062.0
0.000536 -0.000935 2063.0
0.000536 -0.000934 2064.0
0.000536 -0.000932 2065.0
0.000536 -0.000931 2066.0
0.000536 -0.000930 2067.0
0.000536 -0.000928 2068.0
0.000536 -0.000927 2069.0
0.000536 -0.000926 2070.0
0.000536 -0.000924 2071.0
0.000536 -0.000923 2072.0
0.000536 -0.000922 2073.0
0.000536 -0.000921 2074.0
0.000536 -0.000919 2075.0
0.000536 -0.000918 2076.0
0.000536 -0.000917 2077.0
0.000536 -0.000915 2078.0
0.000536 -0.000914 2079.0
0.000536 -0.000913 2080.0
0.000536 -0.000912 2081.0
0.000536 -0.000910 2082.0
0.000536 -0.000909 2083.0
0.000536 -0.000908 2084.0
0.000536 -0.000906 2085.0
0.000536 -0.000905 2086.0
0.000536 -0.000904 2087.0
0.000536 -0.000902 2088.0
0.000536 -0.000901 2089.0
0.000536 -0.000900 2090.0
0.000536 -0.000899 2091.0
0.000536 -0.000897 2092.0
0.000536 -0.000897 2093.0
0.000536 -0.000897 2094.0
0.000537 -0.000896 2095.0
0.000537 -0.000896 2096.0
0.000537 -0.000895 2097.0
0.000538 -0.000895 2098.0
0.000538 -0.000894 2099.0
0.000539 -0.000894 2100.0
0.000539 -0.000893 2101.0
0.000539 -0.000893 2102.0
0.000540 -0.000893 2103.0
0.000540 -0.000892 2104.0
0.000540 -0.000892 2105.0
0.000541 -0.000891 2106.0
0.000541 -0.000891 2107.0
0.000542 -0.000890 2108.0
0.000542 -0.000890 2109.0
0.000542 -0.000889 2110.0
0.000543 -0.000889 2111.0
0.000543 -0.000888 2112.0
0.000544 -0.000888 2113.0
0.000544 -0.000887 2114.0
0.000544 -0.000887 2115.0
0.000545 -0.000886 2116.0
0.000545 -0.000886 2117.0
0.000545 -0.000885 2118.0
0.000546 -0.000885 2119.0
0.000546 -0.000884 2120.0
0.000547 -0.000884 2121.0
0.000547 -0.000883 2122.0
0.000547 -0.000883 2123.0
0.000548 -0.000882 2124.0
0.000548 -0.000882 2125.0
0.000549 -0.000881 2126.0
0.000549 -0.000881 2127.0
0.000549 -0.000880 2128.0
0.000550 -0.000880 2129.0
0.000550 -0.000880 2130.0
0.000550 -0.000879 2131.0
0.000551 -0.000879 2132.0
0.000551 -0.000878 2133.0
0.000552 -0.000878 2134.0
0.000552 -0.000877 2135.0
0.000552 -0.000877 2136.0
0.000553 -0.000876 2137.0
0.000553 -0.000876 2138.0
0.000553 -0.000875 2139.0
0.000554 -0.000875 2140.0
0.000554 -0.000874 2141.0
0.000555 -0.000874 2142.0
0.000555 -0.000873 2143.0
0.000555 -0.000873 2144.0
0.000556 -0.000872 2145.0
0.000556 -0.000872 2146.0
0.000557 -0.000871 2147.0
0.000557 -0.000871 2148.0
0.000557 -0.000870 2149.0
0.000558 -0.000870 2150.0
0.000558 -0.000869 2151.0
0.000558 -0.000869 2152.0
0.000559 -0.000868 2153.0
0.000561 -0.000872 2154.0
0.000561 -0.000871 2155.0
0.000561 -0.000870 2156.0
0.000562 -0.000870 2157.0
0.000562 -0.000869 2158.0
0.000562 -0.000868 2159.0
0.000562 -0.000867 2160.0
0.000562 -0.000867 2161.0
0.000562 -0.000866 2162.0
0.000562 -0.000865 2163.0
0.000562 -0.000864 2164.0
0.000562 -0.000864 2165.0
0.000562 -0.000863 2166.0
0.000562 -0.000862 2167.0
0.000562 -0.000861 2168.0
0.000562 -0.000861 2169.0
0.000563 -0.000860 2170.0
0.000563 -0.000859 2171.0
0.000563 -0.000858 2172.0
0.000563 -0.000858 2173.0
0.000563 -0.000857 2174.0
0.000563 -0.000856 2175.0
0.000563 -0.000855 2176.0
0.000563 -0.000855 2177.0
0.000563 -0.000854 2178.0
0.000563 -0.000853 2179.0
0.000563 -0.000852 2180.0
0.000563 -0.000852 2181.0
0.000563 -0.000851 2182.0
0.000564 -0.000850 2183.0
0.000564 -0.000849 2184.0
0.000564 -0.000849 2185.0
0.000564 -0.000848 2186.0
0.000564 -0.000847 2187.0
0.000564 -0.000846 2188.0
0.000564 -0.000846 2189.0
0.000564 -0.000845 2190.0
0.000564 -0.000844 2191.0
0.000564 -0.000844 2192.0
0.000564 -0.000843 2193.0
0.000564 -0.000842 2194.0
0.000565 -0.000841 2195.0
0.000565 -0.000841 2196.0
0.000565 -0.000840 2197.0
0.000565 -0.000839 2198.0
0.000565 -0.000838 2199.0
0.000565 -0.000838 2200.0
0.000565 -0.000837 2201.0
0.000565 -0.000836 2202.0
0.000565 -0.000835 2203.0
0.000565 -0.000835 2204.0
0.000565 -0.000834 2205.0
0.000565 -0.000833 2206.0
0.000565 -0.000832 2207.0
0.000566 -0.000832 2208.0
0.000566 -0.000831 2209.0
0.000566 -0.000830 2210.0
0.000566 -0.000829 2211.0
0.000566 -0.000829 2212.0
0.000566 -0.000828 2213.0
0.000567 -0.000828 2214.0
0.000567 -0.000828 2215.0
0.000568 -0.000828 2216.0
0.000568 -0.000827 2217.0
0.000568 -0.000827 2218.0
0.000569 -0.000827 2219.0
0.000569 -0.000827 2220.0
0.000570 -0.000827 2221.0
0.000570 -0.000826 2222.0
0.000570 -0.000826 2223.0
0.000571 -0.000826 2224.0
0.000571 -0.000826 2225.0
0.000571 -0.000825 2226.0
0.000572 -0.000825 2227.0
0.000572 -0.000825 2228.0
0.000572 -0.000825 2229.0
0.000573 -0.000825 2230.0
0.000573 -0.000824 2231.0
0.000573 -0.000824 2232.0
0.000574 -0.000824 2233.0
0.000574 -0.000824 2234.0
0.000575 -0.000824 2235.0
0.000575 -0.000823 2236.0
0.000575 -0.000823 2237.0
0.000576 -0.000823 2238.0
0.000576 -0.000823 2239.0
0.000576 -0.000822 2240.0
0.000577 -0.000822 2241.0
0.000577 -0.000822 2242.0
0.000577 -0.000822 2243.0
0.000578 -0.000822 2244.0
0.000578 -0.000821 2245.0
0.000578 -0.000821 2246.0
0.000579 -0.000821 2247.0
0.000579 -0.000821 2248.0
0.000580 -0.000821 2249.0
0.000580 -0.000820 2250.0
0.000580 -0.000820 2251.0
0.000581 -0.000820 2252.0
0.000581 -0.000820 2253.0
0.000581 -0.000820 2254.0
0.000582 -0.000819 2255.0
0.000582 -0.000819 2256.0
0.000582 -0.000819 2257.0
0.000583 -0.000819 2258.0
0.000583 -0.000818 2259.0
0.000583 -0.000818 2260.0
0.000584 -0.000818 2261.0
0.000584 -0.000818 2262.0
0.000585 -0.000818 2263.0
0.000585 -0.000817 2264.0
0.000585 -0.000817 2265.0
0.000586 -0.000817 2266.0
0.000586 -0.000817 2267.0
0.000586 -0.000817 2268.0
0.000587 -0.000816 2269.0
0.000587 -0.000816 2270.0
0.000587 -0.000816 2271.0
0.000588 -0.000816 2272.0
0.000588 -0.000815 2273.0
0.000589 -0.000818 2274.0
0.000589 -0.000818 2275.0
0.000590 -0.000818 2276.0
0.000590 -0.000818 2277.0
0.000591 -0.000818 2278.0
0.000591 -0.000818 2279.0
0.000592 -0.000818 2280.0
0.000592 -0.000818 2281.0
0.000593 -0.000819 2282.0
0.000593 -0.000819 2283.0
0.000593 -0.000819 2284.0
0.000594 -0.000819 2285.0
0.000594 -0.000819 2286.0
0.000595 -0.000819 2287.0
0.000595 -0.000819 2288.0
0.000596 -0.000819 2289.0
0.000596 -0.000820 2290.0
0.000597 -0.000820 2291.0
0.000597 -0.000820 2292.0
0.000598 -0.000820 2293.0
0.000598 -0.000820 2294.0
0.000599 -0.000820 2295.0
0.000599 -0.000820 2296.0
0.000599 -0.000820 2297.0
0.000600 -0.000820 2298.0
0.000600 -0.000821 2299.0
0.000601 -0.000821 2300.0
0.000601 -0.000821 2301.0
0.000602 -0.000821 2302.0
0.000602 -0.000821 2303.0
0.000603 -0.000821 2304.0
0.000603 -0.000821 2305.0
0.000604 -0.000821 2306.0
0.000604 -0.000821 2307.0
0.000604 -0.000822 2308.0
0.000605 -0.000822 2309.0
0.000605 -0.000822 2310.0
0.000606 -0.000822 2311.0
0.000606 -0.000822 2312.0
0.000607 -0.000822 2313.0
0.000607 -0.000822 2314.0
0.000608 -0.000822 2315.0
0.000608 -0.000822 2316.0
0.000609 -0.000823 2317.0
0.000609 -0.000823 2318.0
0.000610 -0.000823 2319.0
0.000610 -0.000823 2320.0
0.000610 -0.000823 2321.0
0.000611 -0.000823 2322.0
0.000611 -0.000823 2323.0
0.000612 -0.000823 2324.0
0.000612 -0.000824 2325.0
0.000613 -0.000824 2326.0
0.000613 -0.000824 2327.0
0.000614 -0.000824 2328.0
0.000614 -0.000824 2329.0
0.000615 -0.000824 2330.0
0.000615 -0.000824 2331.0
0.000616 -0.000824 2332.0
0.000616 -0.000824 2333.0
0.000616 -0.000823 2334.0
0.000617 -0.000823 2335.0
0.000617 -0.000823 2336.0
0.000618 -0.000824 2337.0
0.000619 -0.000824 2338.0
0.000619 -0.000824 2339.0
0.000620 -0.000824 2340.0
0.000621 -0.000824 2341.0
0.000621 -0.000824 2342.0
0.000622 -0.000825 2343.0
0.000622 -0.000825 2344.0
0.000623 -0.000825 2345.0
0.000624 -0.000825 2346.0
0.000624 -0.000825 2347.0
0.000625 -0.000825 2348.0
0.000626 -0.000825 2349.0
0.000626 -0.000826 2350.0
0.000627 -0.000826 2351.0
0.000627 -0.000826 2352.0
0.000628 -0.000826 2353.0
0.000629 -0.000826 2354.0
0.000629 -0.000826 2355.0
0.000630 -0.000827 2356.0
0.000631 -0.000827 2357.0
0.000631 -0.000827 2358.0
0.000632 -0.000827 2359.0
0.000632 -0.000827 2360.0
0.000633 -0.000827 2361.0
0.000634 -0.000828 2362.0
0.000634 -0.000828 2363.0
0.000635 -0.000828 2364.0
0.000636 -0.000828 2365.0
0.000636 -0.000828 2366.0
0.000637 -0.000828 2367.0
0.000637 -0.000829 2368.0
0.000638 -0.000829 2369.0
0.000639 -0.000829 2370.0
0.000639 -0.000829 2371.0
0.000640 -0.000829 2372.0
0.000641 -0.000829 2373.0
0.000641 -0.000830 2374.0
0.000642 -0.000830 2375.0
0.000642 -0.000830 2376.0
0.000643 -0.000830 2377.0
0.000644 -0.000830 2378.0
0.000644 -0.000830 2379.0
0.000645 -0.000830 2380.0
0.000646 -0.000831 2381.0
0.000646 -0.000831 2382.0
0.000647 -0.000831 2383.0
0.000647 -0.000831 2384.0
0.000648 -0.000831 2385.0
0.000649 -0.000831 2386.0
0.000649 -0.000832 2387.0
0.000650 -0.000832 2388.0
0.000651 -0.000832 2389.0
0.000651 -0.000832 2390.0
0.000652 -0.000832 2391.0
0.000652 -0.000832 2392.0
0.000653 -0.000833 2393.0
0.000653 -0.000831 2394.0
0.000653 -0.000830 2395.0
0.000654 -0.000829 2396.0
0.000654 -0.000828 2397.0
0.000654 -0.000828 2398.0
0.000654 -0.000827 2399.0
0.000654 -0.000826 2400.0
0.000655 -0.000825 2401.0
0.000655 -0.000824 2402.0
0.000655 -0.000824 2403.0
0.000655 -0.000823 2404.0
0.000655 -0.000822 2405.0
0.000656 -0.000821 2406.0
0.000656 -0.000820 2407.0
0.000656 -0.000820 2408.0
0.000656 -0.000819 2409.0
0.000656 -0.000818 2410.0
0.000657 -0.000817 2411.0
0.000657 -0.000816 2412.0
0.000657 -0.000816 2413.0
0.000657 -0.000815 2414.0
0.000657 -0.000814 2415.0
0.000658 -0.000813 2416.0
0.000658 -0.000812 2417.0
0.000658 -0.000812 2418.0
0.000658 -0.000811 2419.0
0.000659 -0.000810 2420.0
0.000659 -0.000809 2421.0
0.000659 -0.000808 2422.0
0.000659 -0.000808 2423.0
0.000659 -0.000807 2424.0
0.000660 -0.000806 2425.0
0.000660 -0.000805 2426.0
0.000660 -0.000805 2427.0
0.000660 -0.000804 2428.0
0.000660 -0.000803 2429.0
0.000661 -0.000802 2430.0
0.000661 -0.000801 2431.0
0.000661 -0.000801 2432.0
0.000661 -0.000800 2433.0
0.000661 -0.000799 2434.0
0.000662 -0.000798 2435.0
0.000662 -0.000797 2436.0
0.000662 -0.000797 2437.0
0.000662 -0.000796 2438.0
0.000662 -0.000795 2439.0
0.000663 -0.000794 2440.0
0.000663 -0.000793 2441.0
0.000663 -0.000793 2442.0
0.000663 -0.000792 2443.0
0.000663 -0.000791 2444.0
0.000664 -0.000790 2445.0
0.000664 -0.000789 2446.0
0.000664 -0.000789 2447.0
0.000664 -0.000788 2448.0
0.000664 -0.000787 2449.0
0.000665 -0.000786 2450.0
0.000665 -0.000785 2451.0
0.000665 -0.000785 2452.0
0.000665 -0.000784 2453.0
0.000668 -0.000785 2454.0
0.000668 -0.000784 2455.0
0.000668 -0.000783 2456.0
0.000668 -0.000781 2457.0
0.000668 -0.000780 2458.0
0.000669 -0.000779 2459.0
0.000669 -0.000777 2460.0
0.000669 -0.000776 2461.0
0.000669 -0.000775 2462.0
0.000669 -0.000774 2463.0
0.000669 -0.000772 2464.0
0.000669 -0.000771 2465.0
0.000670 -0.000770 2466.0
0.000670 -0.000769 2467.0
0.000670 -0.000767 2468.0
0.000670 -0.000766 2469.0
0.000670 -0.000765 2470.0
0.000670 -0.000763 2471.0
0.000671 -0.000762 2472.0
0.000671 -0.000761 2473.0
0.000671 -0.000760 2474.0
0.000671 -0.000758 2475.0
0.000671 -0.000757 2476.0
0.000671 -0.000756 2477.0
0.000671 -0.000755 2478.0
0.000672 -0.000753 2479.0
0.000672 -0.000752 2480.0
0.000672 -0.000751 2481.0
0.000672 -0.000750 2482.0
0.000672 -0.000748 2483.0
0.000672 -0.000747 2484.0
0.000673 -0.000746 2485.0
0.000673 -0.000744 2486.0
0.000673 -0.000743 2487.0
0.000673 -0.000742 2488.0
0.000673 -0.000741 2489.0
0.000673 -0.000739 2490.0
0.000673 -0.000738 2491.0
0.000674 -0.000737 2492.0
0.000674 -0.000736 2493.0
0.000674 -0.000734 2494.0
0.000674 -0.000733 2495.0
0.000674 -0.000732 2496.0
0.000674 -0.000731 2497.0
0.000675 -0.000729 2498.0
0.000675 -0.000728 2499.0
0.000675 -0.000727 2500.0
0.000675 -0.000725 2501.0
0.000675 -0.000724 2502.0
0.000675 -0.000723 2503.0
0.000675 -0.000722 2504.0
0.000676 -0.000720 2505.0
0.000676 -0.000719 2506.0
0.000676 -0.000718 2507.0
0.000676 -0.000717 2508.0
0.000676 -0.000715 2509.0
0.000676 -0.000714 2510.0
0.000676 -0.000713 2511.0
0.000677 -0.000712 2512.0
0.000677 -0.000710 2513.0
0.000677 -0.000709 2514.0
0.000679 -0.000709 2515.0
0.000679 -0.000709 2516.0
0.000679 -0.000708 2517.0
0.000679 -0.000707 2518.0
0.000679 -0.000707 2519.0
0.000680 -0.000706 2520.0
0.000680 -0.000705 2521.0
0.000680 -0.000705 2522.0
0.000680 -0.000704 2523.0
0.000680 -0.000703 2524.0
0.000680 -0.000703 2525.0
0.000680 -0.000702 2526.0
0.000680 -0.000701 2527.0
0.000680 -0.000701 2528.0
0.000680 -0.000700 2529.0
0.000680 -0.000699 2530.0
0.000680 -0.000698 2531.0
0.000680 -0.000698 2532.0
0.000681 -0.000697 2533.0
0.000681 -0.000696 2534.0
0.000681 -0.000696 2535.0
0.000681 -0.000695 2536.0
0.000681 -0.000694 2537.0
0.000681 -0.000694 2538.0
0.000681 -0.000693 2539.0
0.000681 -0.000692 2540.0
0.000681 -0.000692 2541.0
0.000681 -0.000691 2542.0
0.000681 -0.000690 2543.0
0.000681 -0.000690 2544.0
0.000681 -0.000689 2545.0
0.000681 -0.000688 2546.0
0.000682 -0.000687 2547.0
0.000682 -0.000687 2548.0
0.000682 -0.000686 2549.0
0.000682 -0.000685 2550.0
0.000682 -0.000685 2551.0
0.000682 -0.000684 2552.0
0.000682 -0.000683 2553.0
0.000682 -0.000683 2554.0
0.000682 -0.000682 2555.0
0.000682 -0.000681 2556.0
0.000682 -0.000681 2557.0
0.000682 -0.000680 2558.0
0.000682 -0.000679 2559.0
0.000682 -0.000679 2560.0
0.000683 -0.000678 2561.0
0.000683 -0.000677 2562.0
0.000683 -0.000676 2563.0
0.000683 -0.000676 2564.0
0.000683 -0.000675 2565.0
0.000683 -0.000674 2566.0
0.000683 -0.000674 2567.0
0.000683 -0.000673 2568.0
0.000683 -0.000672 2569.0
0.000683 -0.000672 2570.0
0.000683 -0.000671 2571.0
0.000683 -0.000670 2572.0
0.000683 -0.000670 2573.0
0.000683 -0.000669 2574.0
0.000685 -0.000669 2575.0
0.000685 -0.000669 2576.0
0.000685 -0.000668 2577.0
0.000685 -0.000668 2578.0
0.000685 -0.000667 2579.0
0.000685 -0.000667 2580.0
0.000685 -0.000666 2581.0
0.000686 -0.000666 2582.0
0.000686 -0.000665 2583.0
0.000686 -0.000665 2584.0
0.000686 -0.000664 2585.0
0.000686 -0.000664 2586.0
0.000686 -0.000663 2587.0
0.000686 -0.000662 2588.0
0.000687 -0.000662 2589.0
0.000687 -0.000661 2590.0
0.000687 -0.000661 2591.0
0.000687 -0.000660 2592.0
0.000687 -0.000660 2593.0
0.000687 -0.000659 2594.0
0.000687 -0.000659 2595.0
0.000688 -0.000658 2596.0
0.000688 -0.000658 2597.0
0.000688 -0.000657 2598.0
0.000688 -0.000657 2599.0
0.000688 -0.000656 2600.0
0.000688 -0.000656 2601.0
0.000688 -0.000655 2602.0
0.000689 -0.000655 2603.0
0.000689 -0.000654 2604.0
0.000689 -0.000654 2605.0
0.000689 -0.000653 2606.0
0.000689 -0.000653 2607.0
0.000689 -0.000652 2608.0
0.000689 -0.000652 2609.0
0.000690 -0.000651 2610.0
0.000690 -0.000651 2611.0
0.000690 -0.000650 2612.0
0.000690 -0.000650 2613.0
0.000690 -0.000649 2614.0
0.000690 -0.000649 2615.0
0.000690 -0.000648 2616.0
0.000691 -0.000648 2617.0
0.000691 -0.000647 2618.0
0.000691 -0.000647 2619.0
0.000691 -0.000646 2620.0
0.000691 -0.000646 2621.0
0.000691 -0.000645 2622.0
0.000691 -0.000645 2623.0
0.000692 -0.000644 2624.0
0.000692 -0.000644 2625.0
0.000692 -0.000643 2626.0
0.000692 -0.000642 2627.0
0.000692 -0.000642 2628.0
0.000692 -0.000641 2629.0
0.000693 -0.000641 2630.0
0.000693 -0.000640 2631.0
0.000693 -0.000640 2632.0
0.000693 -0.000639 2633.0
0.000693 -0.000639 2634.0
0.000693 -0.000638 2635.0
0.000695 -0.000639 2636.0
0.000695 -0.000638 2637.0
0.000695 -0.000637 2638.0
0.000695 -0.000636 2639.0
0.000696 -0.000635 2640.0
0.000696 -0.000634 2641.0
0.000696 -0.000632 2642.0
0.000696 -0.000631 2643.0
0.000696 -0.000630 2644.0
0.000696 -0.000629 2645.0
0.000696 -0.000628 2646.0
0.000696 -0.000627 2647.0
0.000697 -0.000625 2648.0
0.000697 -0.000624 2649.0
0.000697 -0.000623 2650.0
0.000697 -0.000622 2651.0
0.000697 -0.000621 2652.0
0.000697 -0.000620 2653.0
0.000697 -0.000618 2654.0
0.000697 -0.000617 2655.0
0.000698 -0.000616 2656.0
0.000698 -0.000615 2657.0
0.000698 -0.000614 2658.0
0.000698 -0.000613 2659.0
0.000698 -0.000611 2660.0
0.000698 -0.000610 2661.0
0.000698 -0.000609 2662.0
0.000698 -0.000608 2663.0
0.000699 -0.000607 2664.0
0.000699 -0.000606 2665.0
0.000699 -0.000604 2666.0
0.000699 -0.000603 2667.0
0.000699 -0.000602 2668.0
0.000699 -0.000601 2669.0
0.000699 -0.000600 2670.0
0.000699 -0.000599 2671.0
0.000700 -0.000597 2672.0
0.000700 -0.000596 2673.0
0.000700 -0.000595 2674.0
0.000700 -0.000594 2675.0
0.000700 -0.000593 2676.0
0.000700 -0.000592 2677.0
0.000700 -0.000591 2678.0
0.000700 -0.000589 2679.0
0.000700 -0.000588 2680.0
0.000701 -0.000587 2681.0
0.000701 -0.000586 2682.0
0.000701 -0.000585 2683.0
0.000701 -0.000584 2684.0
0.000701 -0.000582 2685.0
0.000701 -0.000581 2686.0
0.000701 -0.000580 2687.0
0.000701 -0.000579 2688.0
0.000702 -0.000578 2689.0
0.000702 -0.000577 2690.0
0.000702 -0.000575 2691.0
0.000702 -0.000574 2692.0
0.000702 -0.000573 2693.0
0.000702 -0.000572 2694.0
0.000702 -0.000571 2695.0
0.000704 -0.000571 2696.0
0.000704 -0.000571 2697.0
0.000704 -0.000570 2698.0
0.000704 -0.000570 2699.0
0.000704 -0.000569 2700.0
0.000704 -0.000569 2701.0
0.000704 -0.000568 2702.0
0.000704 -0.000568 2703.0
0.000704 -0.000567 2704.0
0.000704 -0.000567 2705.0
0.000704 -0.000566 2706.0
0.000704 -0.000566 2707.0
0.000704 -0.000565 2708.0
0.000704 -0.000565 2709.0
0.000704 -0.000564 2710.0
0.000704 -0.000564 2711.0
0.000704 -0.000563 2712.0
0.000704 -0.000563 2713.0
0.000704 -0.000562 2714.0
0.000704 -0.000562 2715.0
0.000704 -0.000561 2716.0
0.000704 -0.000561 2717.0
0.000704 -0.000560 2718.0
0.000704 -0.000560 2719.0
0.000704 -0.000559 2720.0
0.000704 -0.000559 2721.0
0.000704 -0.000558 2722.0
0.000704 -0.000558 2723.0
0.000704 -0.000557 2724.0
0.000704 -0.000557 2725.0
0.000704 -0.000556 2726.0
0.000704 -0.000556 2727.0
0.000704 -0.000555 2728.0
0.000704 -0.000555 2729.0
0.000704 -0.000554 2730.0
0.000704 -0.000554 2731.0
0.000704 -0.000553 2732.0
0.000704 -0.000553 2733.0
0.000704 -0.000552 2734.0
0.000704 -0.000552 2735.0
0.000703 -0.000551 2736.0
0.000703 -0.000551 2737.0
0.000703 -0.000550 2738.0
0.000703 -0.000550 2739.0
0.000703 -0.000549 2740.0
0.000703 -0.000549 2741.0
0.000703 -0.000548 2742.0
0.000703 -0.000548 2743.0
0.000703 -0.000547 2744.0
0.000703 -0.000547 2745.0
0.000703 -0.000546 2746.0
0.000703 -0.000546 2747.0
0.000703 -0.000545 2748.0
0.000703 -0.000545 2749.0
0.000703 -0.000544 2750.0
0.000703 -0.000544 2751.0
0.000703 -0.000543 2752.0
0.000703 -0.000543 2753.0
0.000703 -0.000542 2754.0
0.000703 -0.000542 2755.0
0.000703 -0.000542 2756.0
0.000703 -0.000542 2757.0
0.000703 -0.000542 2758.0
0.000703 -0.000542 2759.0
0.000703 -0.000542 2760.0
0.000703 -0.000542 2761.0
0.000703 -0.000542 2762.0
0.000703 -0.000542 2763.0
0.000703 -0.000542 2764.0
0.000703 -0.000542 2765.0
0.000703 -0.000542 2766.0
0.000703 -0.000542 2767.0
0.000703 -0.000542 2768.0
0.000703 -0.000542 2769.0
0.000703 -0.000542 2770.0
0.000703 -0.000542 2771.0
0.000703 -0.000542 2772.0
0.000703 -0.000542 2773.0
0.000703 -0.000542 2774.0
0.000703 -0.000542 2775.0
0.000703 -0.000542 2776.0
0.000703 -0.000542 2777.0
0.000703 -0.000542 2778.0
0.000704 -0.000542 2779.0
0.000703 -0.000542 2780.0
0.000703 -0.000542 2781.0
0.000703 -0.000542 2782.0
0.000702 -0.000542 2783.0
0.000702 -0.000542 2784.0
0.000702 -0.000542 2785.0
0.000702 -0.000542 2786.0
0.000701 -0.000542 2787.0
0.000701 -0.000541 2788.0
0.000701 -0.000541 2789.0
0.000700 -0.000541 2790.0
0.000700 -0.000541 2791.0
0.000700 -0.000541 2792.0
0.000700 -0.000541 2793.0
0.000699 -0.000541 2794.0
0.000699 -0.000541 2795.0
0.000699 -0.000541 2796.0
0.000698 -0.000541 2797.0
0.000698 -0.000541 2798.0
0.000698 -0.000540 2799.0
0.000698 -0.000540 2800.0
0.000697 -0.000540 2801.0
0.000697 -0.000540 2802.0
0.000697 -0.000540 2803.0
0.000696 -0.000540 2804.0
0.000696 -0.000540 2805.0
0.000696 -0.000540 2806.0
0.000696 -0.000540 2807.0
0.000695 -0.000540 2808.0
0.000695 -0.000540 2809.0
0.000695 -0.000539 2810.0
0.000694 -0.000539 2811.0
0.000694 -0.000539 2812.0
0.000694 -0.000539 2813.0
0.000694 -0.000539 2814.0
0.000693 -0.000539 2815.0
0.000693 -0.000539 2816.0
0.000693 -0.000539 2817.0
0.000692 -0.000539 2818.0
0.000692 -0.000539 2819.0
0.000692 -0.000539 2820.0
0.000692 -0.000538 2821.0
0.000691 -0.000538 2822.0
0.000691 -0.000538 2823.0
0.000691 -0.000538 2824.0
0.000690 -0.000538 2825.0
0.000690 -0.000538 2826.0
0.000690 -0.000538 2827.0
0.000690 -0.000538 2828.0
0.000689 -0.000538 2829.0
0.000689 -0.000538 2830.0
0.000689 -0.000537 2831.0
0.000688 -0.000537 2832.0
0.000688 -0.000537 2833.0
0.000688 -0.000537 2834.0
0.000688 -0.000537 2835.0
0.000687 -0.000537 2836.0
0.000687 -0.000537 2837.0
0.000687 -0.000537 2838.0
0.000686 -0.000538 2839.0
0.000686 -0.000537 2840.0
0.000686 -0.000537 2841.0
0.000685 -0.000536 2842.0
0.000685 -0.000536 2843.0
0.000685 -0.000535 2844.0
0.000684 -0.000535 2845.0
0.000684 -0.000534 2846.0
0.000683 -0.000533 2847.0
0.000683 -0.000533 2848.0
0.000683 -0.000532 2849.0
0.000682 -0.000532 2850.0
0.000682 -0.000531 2851.0
0.000682 -0.000531 2852.0
0.000681 -0.000530 2853.0
0.000681 -0.000530 2854.0
0.000680 -0.000529 2855.0
0.000680 -0.000529 2856.0
0.000680 -0.000528 2857.0
0.000679 -0.000527 2858.0
0.000679 -0.000527 2859.0
0.000679 -0.000526 2860.0
0.000678 -0.000526 2861.0
0.000678 -0.000525 2862.0
0.000677 -0.000525 2863.0
0.000677 -0.000524 2864.0
0.000677 -0.000524 2865.0
0.000676 -0.000523 2866.0
0.000676 -0.000522 2867.0
0.000676 -0.000522 2868.0
0.000675 -0.000521 2869.0
0.000675 -0.000521 2870.0
0.000674 -0.000520 2871.0
0.000674 -0.000520 2872.0
0.000674 -0.000519 2873.0
0.000673 -0.000519 2874.0
0.000673 -0.000518 2875.0
0.000673 -0.000517 2876.0
0.000672 -0.000517 2877.0
0.000672 -0.000516 2878.0
0.000671 -0.000516 2879.0
0.000671 -0.000515 2880.0
0.000671 -0.000515 2881.0
0.000670 -0.000514 2882.0
0.000670 -0.000514 2883.0
0.000670 -0.000513 2884.0
0.000669 -0.000512 2885.0
0.000669 -0.000512 2886.0
0.000668 -0.000511 2887.0
0.000668 -0.000511 2888.0
0.000668 -0.000510 2889.0
0.000667 -0.000510 2890.0
0.000667 -0.000509 2891.0
0.000667 -0.000509 2892.0
0.000666 -0.000508 2893.0
0.000666 -0.000508 2894.0
0.000665 -0.000507 2895.0
0.000665 -0.000506 2896.0
0.000665 -0.000506 2897.0
0.000664 -0.000505 2898.0
0.000662 -0.000509 2899.0
0.000661 -0.000509 2900.0
0.000661 -0.000509 2901.0
0.000661 -0.000509 2902.0
0.000660 -0.000510 2903.0
0.000660 -0.000510 2904.0
0.000660 -0.000510 2905.0
0.000659 -0.000510 2906.0
0.000659 -0.000510 2907.0
0.000659 -0.000511 2908.0
0.000658 -0.000511 2909.0
0.000658 -0.000511 2910.0
0.000658 -0.000511 2911.0
0.000657 -0.000512 2912.0
0.000657 -0.000512 2913.0
0.000657 -0.000512 2914.0
0.000656 -0.000512 2915.0
0.000656 -0.000512 2916.0
0.000656 -0.000513 2917.0
0.000655 -0.000513 2918.0
0.000655 -0.000513 2919.0
0.000655 -0.000513 2920.0
0.000655 -0.000514 2921.0
0.000654 -0.000514 2922.0
0.000654 -0.000514 2923.0
0.000654 -0.000514 2924.0
0.000653 -0.000514 2925.0
0.000653 -0.000515 2926.0
0.000653 -0.000515 2927.0
0.000652 -0.000515 2928.0
0.000652 -0.000515 2929.0
0.000652 -0.000516 2930.0
0.000651 -0.000516 2931.0
0.000651 -0.000516 2932.0
0.000651 -0.000516 2933.0
0.000650 -0.000516 2934.0
0.000650 -0.000517 2935.0
0.000650 -0.000517 2936.0
0.000649 -0.000517 2937.0
0.000649 -0.000517 2938.0
0.000649 -0.000518 2939.0
0.000649 -0.000518 2940.0
0.000648 -0.000518 2941.0
0.000648 -0.000518 2942.0
0.000648 -0.000518 2943.0
0.000647 -0.000519 2944.0
0.000647 -0.000519 2945.0
0.000647 -0.000519 2946.0
0.000646 -0.000519 2947.0
0.000646 -0.000520 2948.0
0.000646 -0.000520 2949.0
0.000645 -0.000520 2950.0
0.000645 -0.000520 2951.0
0.000645 -0.000520 2952.0
0.000644 -0.000521 2953.0
0.000644 -0.000521 2954.0
0.000644 -0.000521 2955.0
0.000643 -0.000521 2956.0
0.000643 -0.000522 2957.0
0.000643 -0.000522 2958.0
0.000642 -0.000520 2959.0
0.000642 -0.000519 2960.0
0.000641 -0.000519 2961.0
0.000641 -0.000518 2962.0
0.000641 -0.000518 2963.0
0.000641 -0.000517 2964.0
0.000640 -0.000517 2965.0
0.000640 -0.000516 2966.0
0.000640 -0.000516 2967.0
0.000639 -0.000515 2968.0
0.000639 -0.000515 2969.0
0.000639 -0.000514 2970.0
0.000639 -0.000514 2971.0
0.000638 -0.000513 2972.0
0.000638 -0.000513 2973.0
0.000638 -0.000512 2974.0
0.000637 -0.000512 2975.0
0.000637 -0.000512 2976.0
0.000637 -0.000511 2977.0
0.000636 -0.000511 2978.0
0.000636 -0.000510 2979.0
0.000636 -0.000510 2980.0
0.000636 -0.000509 2981.0
0.000635 -0.000509 2982.0
0.000635 -0.000508 2983.0
0.000635 -0.000508 2984.0
0.000634 -0.000507 2985.0
0.000634 -0.000507 2986.0
0.000634 -0.000506 2987.0
0.000634 -0.000506 2988.0
0.000633 -0.000505 2989.0
0.000633 -0.000505 2990.0
0.000633 -0.000504 2991.0
0.000632 -0.000504 2992.0
0.000632 -0.000503 2993.0
0.000632 -0.000503 2994.0
0.000632 -0.000503 2995.0
0.000631 -0.000502 2996.0
0.000631 -0.000502 2997.0
0.000631 -0.000501 2998.0
0.000630 -0.000501 2999.0
0.000630 -0.000500 3000.0
0.000630 -0.000500 3001.0
0.000630 -0.000499 3002.0
0.000629 -0.000499 3003.0
0.000629 -0.000498 3004.0
0.000629 -0.000498 3005.0
0.000628 -0.000497 3006.0
0.000628 -0.000497 3007.0
0.000628 -0.000496 3008.0
0.000628 -0.000496 3009.0
0.000627 -0.000495 3010.0
0.000627 -0.000495 3011.0
0.000627 -0.000494 3012.0
0.000626 -0.000494 3013.0
0.000626 -0.000494 3014.0
0.000626 -0.000493 3015.0
0.000626 -0.000493 3016.0
0.000625 -0.000492 3017.0
0.000625 -0.000492 3018.0
0.000623 -0.000494 3019.0
0.000623 -0.000494 3020.0
0.000623 -0.000494 3021.0
0.000623 -0.000494 3022.0
0.000623 -0.000494 3023.0
0.000623 -0.000494 3024.0
0.000623 -0.000494 3025.0
0.000623 -0.000494 3026.0
0.000623 -0.000494 3027.0
0.000623 -0.000494 3028.0
0.000623 -0.000494 3029.0
0.000623 -0.000494 3030.0
0.000623 -0.000494 3031.0
0.000623 -0.000494 3032.0
0.000623 -0.000494 3033.0
0.000623 -0.000494 3034.0
0.000623 -0.000494 3035.0
0.000623 -0.000494 3036.0
0.000623 -0.000494 3037.0
0.000623 -0.000494 3038.0
0.000623 -0.000494 3039.0
0.000623 -0.000494 3040.0
0.000623 -0.000494 3041.0
0.000623 -0.000494 3042.0
0.000623 -0.000494 3043.0
0.000623 -0.000494 3044.0
0.000623 -0.000494 3045.0
0.000623 -0.000494 3046.0
0.000623 -0.000494 3047.0
0.000623 -0.000494 3048.0
0.000623 -0.000494 3049.0
0.000623 -0.000494 3050.0
0.000623 -0.000494 3051.0
0.000622 -0.000495 3052.0
0.000622 -0.000495 3053.0
0.000622 -0.000496 3054.0
0.000621 -0.000497 3055.0
0.000621 -0.000497 3056.0
0.000621 -0.000498 3057.0
0.000620 -0.000498 3058.0
0.000620 -0.000499 3059.0
0.000620 -0.000500 3060.0
0.000619 -0.000500 3061.0
0.000619 -0.000501 3062.0
0.000619 -0.000501 3063.0
0.000618 -0.000502 3064.0
0.000618 -0.000503 3065.0
0.000618 -0.000503 3066.0
0.000617 -0.000504 3067.0
0.000617 -0.000504 3068.0
0.000617 -0.000505 3069.0
0.000616 -0.000506 3070.0
0.000616 -0.000506 3071.0
0.000616 -0.000507 3072.0
0.000615 -0.000507 3073.0
0.000615 -0.000508 3074.0
0.000615 -0.000509 3075.0
0.000614 -0.000509 3076.0
0.000614 -0.000510 3077.0
0.000614 -0.000510 3078.0
0.000613 -0.000511 3079.0
0.000613 -0.000512 3080.0
0.000613 -0.000512 3081.0
0.000612 -0.000513 3082.0
0.000612 -0.000513 3083.0
0.000611 -0.000514 3084.0
0.000611 -0.000515 3085.0
0.000611 -0.000515 3086.0
0.000610 -0.000516 3087.0
0.000610 -0.000516 3088.0
0.000610 -0.000517 3089.0
0.000609 -0.000518 3090.0
0.000609 -0.000518 3091.0
0.000609 -0.000519 3092.0
0.000608 -0.000519 3093.0
0.000608 -0.000520 3094.0
0.000608 -0.000520 3095.0
0.000607 -0.000521 3096.0
0.000607 -0.000522 3097.0
0.000607 -0.000522 3098.0
0.000606 -0.000523 3099.0
0.000606 -0.000523 3100.0
0.000606 -0.000524 3101.0
0.000605 -0.000525 3102.0
0.000605 -0.000525 3103.0
0.000605 -0.000526 3104.0
0.000604 -0.000526 3105.0
0.000604 -0.000527 3106.0
0.000604 -0.000528 3107.0
0.000603 -0.000528 3108.0
0.000603 -0.000529 3109.0
0.000603 -0.000529 3110.0
0.000602 -0.000530 3111.0
0.000599 -0.000527 3112.0
0.000599 -0.000527 3113.0
0.000599 -0.000528 3114.0
0.000598 -0.000528 3115.0
0.000598 -0.000529 3116.0
0.000598 -0.000529 3117.0
0.000598 -0.000530 3118.0
0.000597 -0.000530 3119.0
0.000597 -0.000531 3120.0
0.000597 -0.000531 3121.0
0.000596 -0.000531 3122.0
0.000596 -0.000532 3123.0
0.000596 -0.000532 3124.0
0.000596 -0.000533 3125.0
0.000595 -0.000533 3126.0
0.000595 -0.000534 3127.0
0.000595 -0.000534 3128.0
0.000594 -0.000535 3129.0
0.000594 -0.000535 3130.0
0.000594 -0.000535 3131.0
0.000594 -0.000536 3132.0
0.000593 -0.000536 3133.0
0.000593 -0.000537 3134.0
0.000593 -0.000537 3135.0
0.000593 -0.000538 3136.0
0.000592 -0.000538 3137.0
0.000592 -0.000539 3138.0
0.000592 -0.000539 3139.0
0.000591 -0.000540 3140.0
0.000591 -0.000540 3141.0
0.000591 -0.000540 3142.0
0.000591 -0.000541 3143.0
0.000590 -0.000541 3144.0
0.000590 -0.000542 3145.0
0.000590 -0.000542 3146.0
0.000590 -0.000543 3147.0
0.000589 -0.000543 3148.0
0.000589 -0.000544 3149.0
0.000589 -0.000544 3150.0
0.000588 -0.000544 3151.0
0.000588 -0.000545 3152.0
0.000588 -0.000545 3153.0
0.000588 -0.000546 3154.0
0.000587 -0.000546 3155.0
0.000587 -0.000547 3156.0
0.000587 -0.000547 3157.0
0.000586 -0.000548 3158.0
0.000586 -0.000548 3159.0
0.000586 -0.000548 3160.0
0.000586 -0.000549 3161.0
0.000585 -0.000549 3162.0
0.000585 -0.000550 3163.0
0.000585 -0.000550 3164.0
0.000585 -0.000551 3165.0
0.000584 -0.000551 3166.0
0.000584 -0.000552 3167.0
0.000584 -0.000552 3168.0
0.000583 -0.000552 3169.0
0.000583 -0.000553 3170.0
0.000583 -0.000553 3171.0
0.000581 -0.000551 3172.0
0.000580 -0.000551 3173.0
0.000580 -0.000552 3174.0
0.000580 -0.000552 3175.0
0.000580 -0.000552 3176.0
0.000579 -0.000552 3177.0
0.000579 -0.000553 3178.0
0.000579 -0.000553 3179.0
0.000579 -0.000553 3180.0
0.000579 -0.000554 3181.0
0.000578 -0.000554 3182.0
0.000578 -0.000554 3183.0
0.000578 -0.000555 3184.0
0.000578 -0.000555 3185.0
0.000577 -0.000555 3186.0
0.000577 -0.000556 3187.0
0.000577 -0.000556 3188.0
0.000577 -0.000556 3189.0
0.000577 -0.000557 3190.0
0.000576 -0.000557 3191.0
0.000576 -0.000557 3192.0
0.000576 -0.000558 3193.0
0.000576 -0.000558 3194.0
0.000575 -0.000558 3195.0
0.000575 -0.000558 3196.0
0.000575 -0.000559 3197.0
0.000575 -0.000559 3198.0
0.000574 -0.000559 3199.0
0.000574 -0.000560 3200.0
0.000574 -0.000560 3201.0
0.000574 -0.000560 3202.0
0.000574 -0.000561 3203.0
0.000573 -0.000561 3204.0
0.000573 -0.000561 3205.0
0.000573 -0.000562 3206.0
0.000573 -0.000562 3207.0
0.000572 -0.000562 3208.0
0.000572 -0.000563 3209.0
0.000572 -0.000563 3210.0
0.000572 -0.000563 3211.0
0.000571 -0.000563 3212.0
0.000571 -0.000564 3213.0
0.000571 -0.000564 3214.0
0.000571 -0.000564 3215.0
0.000571 -0.000565 3216.0
0.000570 -0.000565 3217.0
0.000570 -0.000565 3218.0
0.000570 -0.000566 3219.0
0.000570 -0.000566 3220.0
0.000569 -0.000566 3221.0
0.000569 -0.000567 3222.0
0.000569 -0.000567 3223.0
0.000569 -0.000567 3224.0
0.000569 -0.000568 3225.0
0.000568 -0.000568 3226.0
0.000568 -0.000568 3227.0
0.000568 -0.000568 3228.0
0.000568 -0.000569 3229.0
0.000567 -0.000569 3230.0
0.000567 -0.000569 3231.0
0.000567 -0.000570 3232.0
0.000567 -0.000570 3233.0
0.000565 -0.000568 3234.0
0.000564 -0.000568 3235.0
0.000564 -0.000568 3236.0
0.000563 -0.000568 3237.0
0.000563 -0.000568 3238.0
0.000562 -0.000568 3239.0
0.000561 -0.000568 3240.0
0.000561 -0.000568 3241.0
0.000560 -0.000568 3242.0
0.000560 -0.000568 3243.0
0.000559 -0.000568 3244.0
0.000558 -0.000568 3245.0
0.000558 -0.000568 3246.0
0.000557 -0.000568 3247.0
0.000557 -0.000568 3248.0
0.000556 -0.000568 3249.0
0.000555 -0.000568 3250.0
0.000555 -0.000568 3251.0
0.000554 -0.000568 3252.0
0.000553 -0.000568 3253.0
0.000553 -0.000568 3254.0
0.000552 -0.000568 3255.0
0.000552 -0.000568 3256.0
0.000551 -0.000568 3257.0
0.000550 -0.000568 3258.0
0.000550 -0.000568 3259.0
0.000549 -0.000568 3260.0
0.000549 -0.000568 3261.0
0.000548 -0.000568 3262.0
0.000547 -0.000568 3263.0
0.000547 -0.000567 3264.0
0.000546 -0.000567 3265.0
0.000546 -0.000567 3266.0
0.000545 -0.000567 3267.0
0.000544 -0.000567 3268.0
0.000544 -0.000567 3269.0
0.000543 -0.000567 3270.0
0.000543 -0.000567 3271.0
0.000542 -0.000567 3272.0
0.000541 -0.000567 3273.0
0.000541 -0.000567 3274.0
0.000540 -0.000567 3275.0
0.000540 -0.000567 3276.0
0.000539 -0.000567 3277.0
0.000538 -0.000567 3278.0
0.000538 -0.000567 3279.0
0.000537 -0.000567 3280.0
0.000536 -0.000567 3281.0
0.000536 -0.000567 3282.0
0.000535 -0.000567 3283.0
0.000535 -0.000567 3284.0
0.000534 -0.000567 3285.0
0.000533 -0.000567 3286.0
0.000533 -0.000567 3287.0
0.000532 -0.000567 3288.0
0.000532 -0.000567 3289.0
0.000531 -0.000567 3290.0
0.000530 -0.000567 3291.0
0.000530 -0.000567 3292.0
0.000529 -0.000567 3293.0
0.000529 -0.000567 3294.0
0.000529 -0.000568 3295.0
0.000529 -0.000568 3296.0
0.000529 -0.000569 3297.0
0.000529 -0.000570 3298.0
0.000528 -0.000570 3299.0
0.000528 -0.000571 3300.0
0.000528 -0.000571 3301.0
0.000528 -0.000572 3302.0
0.000528 -0.000572 3303.0
0.000528 -0.000573 3304.0
0.000527 -0.000574 3305.0
0.000527 -0.000574 3306.0
0.000527 -0.000575 3307.0
0.000527 -0.000575 3308.0
0.000527 -0.000576 3309.0
0.000527 -0.000576 3310.0
0.000526 -0.000577 3311.0
0.000526 -0.000578 3312.0
0.000526 -0.000578 3313.0
0.000526 -0.000579 3314.0
0.000526 -0.000579 3315.0
0.000526 -0.000580 3316.0
0.000526 -0.000580 3317.0
0.000525 -0.000581 3318.0
0.000525 -0.000582 3319.0
0.000525 -0.000582 3320.0
0.000525 -0.000583 3321.0
0.000525 -0.000583 3322.0
0.000525 -0.000584 3323.0
0.000524 -0.000584 3324.0
0.000524 -0.000585 3325.0
0.000524 -0.000586 3326.0
0.000524 -0.000586 3327.0
0.000524 -0.000587 3328.0
0.000524 -0.000587 3329.0
0.000523 -0.000588 3330.0
0.000523 -0.000588 3331.0
0.000523 -0.000589 3332.0
0.000523 -0.000590 3333.0
0.000523 -0.000590 3334.0
0.000523 -0.000591 3335.0
0.000522 -0.000591 3336.0
0.000522 -0.000592 3337.0
0.000522 -0.000592 3338.0
0.000522 -0.000593 3339.0
0.000522 -0.000593 3340.0
0.000522 -0.000594 3341.0
0.000521 -0.000595 3342.0
0.000521 -0.000595 3343.0
0.000521 -0.000596 3344.0
0.000521 -0.000596 3345.0
0.000521 -0.000597 3346.0
0.000521 -0.000597 3347.0
0.000521 -0.000598 3348.0
0.000520 -0.000599 3349.0
0.000520 -0.000599 3350.0
0.000520 -0.000600 3351.0
0.000520 -0.000600 3352.0
0.000520 -0.000601 3353.0
0.000520 -0.000601 3354.0
0.000517 -0.000600 3355.0
0.000517 -0.000601 3356.0
0.000517 -0.000601 3357.0
0.000517 -0.000601 3358.0
0.000517 -0.000601 3359.0
0.000517 -0.000602 3360.0
0.000517 -0.000602 3361.0
0.000517 -0.000602 3362.0
0.000517 -0.000602 3363.0
0.000517 -0.000603 3364.0
0.000517 -0.000603 3365.0
0.000517 -0.000603 3366.0
0.000517 -0.000603 3367.0
0.000517 -0.000603 3368.0
0.000517 -0.000604 3369.0
0.000517 -0.000604 3370.0
0.000517 -0.000604 3371.0
0.000517 -0.000604 3372.0
0.000517 -0.000605 3373.0
0.000517 -0.000605 3374.0
0.000517 -0.000605 3375.0
0.000517 -0.000605 3376.0
0.000517 -0.000606 3377.0
0.000517 -0.000606 3378.0
0.000517 -0.000606 3379.0
0.000517 -0.000606 3380.0
0.000517 -0.000607 3381.0
0.000517 -0.000607 3382.0
0.000517 -0.000607 3383.0
0.000517 -0.000607 3384.0
0.000517 -0.000607 3385.0
0.000517 -0.000608 3386.0
0.000517 -0.000608 3387.0
0.000517 -0.000608 3388.0
0.000517 -0.000608 3389.0
0.000517 -0.000609 3390.0
0.000517 -0.000609 3391.0
0.000517 -0.000609 3392.0
0.000517 -0.000609 3393.0
0.000517 -0.000610 3394.0
0.000517 -0.000610 3395.0
0.000517 -0.000610 3396.0
0.000517 -0.000610 3397.0
0.000517 -0.000610 3398.0
0.000517 -0.000611 3399.0
0.000517 -0.000611 3400.0
0.000517 -0.000611 3401.0
0.000517 -0.000611 3402.0
0.000517 -0.000612 3403.0
0.000517 -0.000612 3404.0
0.000517 -0.000612 3405.0
0.000517 -0.000612 3406.0
0.000517 -0.000613 3407.0
0.000517 -0.000613 3408.0
0.000517 -0.000613 3409.0
0.000517 -0.000613 3410.0
0.000517 -0.000614 3411.0
0.000517 -0.000614 3412.0
0.000517 -0.000614 3413.0
0.000517 -0.000614 3414.0
0.000517 -0.000614 3415.0
0.000517 -0.000614 3416.0
0.000517 -0.000614 3417.0
0.000516 -0.000615 3418.0
0.000516 -0.000615 3419.0
0.000516 -0.000615 3420.0
0.000516 -0.000615 3421.0
0.000516 -0.000615 3422.0
0.000516 -0.000615 3423.0
0.000516 -0.000615 3424.0
0.000516 -0.000615 3425.0
0.000516 -0.000616 3426.0
0.000516 -0.000616 3427.0
0.000516 -0.000616 3428.0
0.000516 -0.000616 3429.0
0.000516 -0.000616 3430.0
0.000516 -0.000616 3431.0
0.000516 -0.000616 3432.0
0.000516 -0.000616 3433.0
0.000515 -0.000616 3434.0
0.000514 -0.000616 3435.0
0.000514 -0.000616 3436.0
0.000513 -0.000616 3437.0
0.000513 -0.000616 3438.0
0.000512 -0.000615 3439.0
0.000512 -0.000615 3440.0
0.000511 -0.000615 3441.0
0.000511 -0.000615 3442.0
0.000510 -0.000615 3443.0
0.000510 -0.000615 3444.0
0.000509 -0.000615 3445.0
0.000509 -0.000615 3446.0
0.000508 -0.000615 3447.0
0.000508 -0.000615 3448.0
0.000507 -0.000615 3449.0
0.000507 -0.000615 3450.0
0.000506 -0.000615 3451.0
0.000506 -0.000615 3452.0
0.000505 -0.000614 3453.0
0.000505 -0.000614 3454.0
0.000504 -0.000614 3455.0
0.000504 -0.000614 3456.0
0.000503 -0.000614 3457.0
0.000503 -0.000614 3458.0
0.000502 -0.000614 3459.0
0.000502 -0.000614 3460.0
0.000501 -0.000614 3461.0
0.000501 -0.000614 3462.0
0.000500 -0.000614 3463.0
0.000499 -0.000614 3464.0
0.000499 -0.000614 3465.0
0.000498 -0.000614 3466.0
0.000498 -0.000614 3467.0
0.000497 -0.000613 3468.0
0.000497 -0.000613 3469.0
0.000496 -0.000613 3470.0
0.000496 -0.000613 3471.0
0.000495 -0.000613 3472.0
0.000495 -0.000613 3473.0
0.000494 -0.000613 3474.0
0.000494 -0.000613 3475.0
0.000493 -0.000613 3476.0
0.000493 -0.000613 3477.0
0.000492 -0.000613 3478.0
0.000492 -0.000613 3479.0
0.000491 -0.000613 3480.0
0.000491 -0.000613 3481.0
0.000490 -0.000613 3482.0
0.000490 -0.000612 3483.0
0.000489 -0.000612 3484.0
0.000489 -0.000612 3485.0
0.000488 -0.000612 3486.0
0.000488 -0.000612 3487.0
0.000487 -0.000612 3488.0
0.000487 -0.000612 3489.0
0.000486 -0.000612 3490.0
0.000486 -0.000612 3491.0
0.000485 -0.000612 3492.0
0.000485 -0.000613 3493.0
0.000485 -0.000612 3494.0
0.000485 -0.000612 3495.0
0.000485 -0.000612 3496.0
0.000485 -0.000612 3497.0
0.000485 -0.000611 3498.0
0.000485 -0.000611 3499.0
0.000484 -0.000611 3500.0
0.000484 -0.000610 3501.0
0.000484 -0.000610 3502.0
0.000484 -0.000610 3503.0
0.000484 -0.000610 3504.0
0.000484 -0.000609 3505.0
0.000484 -0.000609 3506.0
0.000484 -0.000609 3507.0
0.000484 -0.000608 3508.0
0.000484 -0.000608 3509.0
0.000484 -0.000608 3510.0
0.000484 -0.000608 3511.0
0.000484 -0.000607 3512.0
0.000484 -0.000607 3513.0
0.000483 -0.000607 3514.0
0.000483 -0.000606 3515.0
0.000483 -0.000606 3516.0
0.000483 -0.000606 3517.0
0.000483 -0.000606 3518.0
0.000483 -0.000605 3519.0
0.000483 -0.000605 3520.0
0.000483 -0.000605 3521.0
0.000483 -0.000605 3522.0
0.000483 -0.000604 3523.0
0.000483 -0.000604 3524.0
0.000483 -0.000604 3525.0
0.000483 -0.000603 3526.0
0.000483 -0.000603 3527.0
0.000482 -0.000603 3528.0
0.000482 -0.000603 3529.0
0.000482 -0.000602 3530.0
0.000482 -0.000602 3531.0
0.000482 -0.000602 3532.0
0.000482 -0.000601 3533.0
0.000482 -0.000601 3534.0
0.000482 -0.000601 3535.0
0.000482 -0.000601 3536.0
0.000482 -0.000600 3537.0
0.000482 -0.000600 3538.0
0.000482 -0.000600 3539.0
0.000482 -0.000599 3540.0
0.000482 -0.000599 3541.0
0.000481 -0.000599 3542.0
0.000481 -0.000599 3543.0
0.000481 -0.000598 3544.0
0.000481 -0.000598 3545.0
0.000481 -0.000598 3546.0
0.000481 -0.000598 3547.0
0.000481 -0.000597 3548.0
0.000481 -0.000597 3549.0
0.000481 -0.000597 3550.0
0.000481 -0.000596 3551.0
0.000481 -0.000596 3552.0
0.000480 -0.000597 3553.0
