0.000596 -0.000756 28.0
0.000596 -0.000756 29.0
0.000596 -0.000756 30.0
0.000596 -0.000756 31.0
0.000596 -0.000756 32.0
0.000596 -0.000756 33.0
0.000596 -0.000756 34.0
0.000596 -0.000756 35.0
0.000596 -0.000756 36.0
0.000596 -0.000756 37.0
0.000596 -0.000756 38.0
0.000596 -0.000756 39.0
0.000596 -0.000756 40.0
0.000596 -0.000756 41.0
0.000596 -0.000756 42.0
0.000596 -0.000756 43.0
0.000596 -0.000756 44.0
0.000596 -0.000756 45.0
0.000596 -0.000756 46.0
0.000596 -0.000756 47.0
0.000596 -0.000756 48.0
0.000596 -0.000756 49.0
0.000596 -0.000756 50.0
0.000596 -0.000756 51.0
0.000596 -0.000756 52.0
0.000596 -0.000756 53.0
0.000596 -0.000756 54.0
0.000596 -0.000756 55.0
0.000596 -0.000756 56.0
0.000596 -0.000756 57.0
0.000596 -0.000756 58.0
0.000596 -0.000756 59.0
0.000596 -0.000756 60.0
0.000596 -0.000756 61.0
0.000596 -0.000756 62.0
0.000596 -0.000756 63.0
0.000596 -0.000756 64.0
0.000596 -0.000756 65.0
0.000596 -0.000756 66.0
0.000596 -0.000756 67.0
0.000596 -0.000756 68.0
0.000596 -0.000756 69.0
0.000596 -0.000756 70.0
0.000596 -0.000756 71.0
0.000596 -0.000756 72.0
0.000596 -0.000756 73.0
0.000596 -0.000756 74.0
0.000596 -0.000756 75.0
0.000596 -0.000756 76.0
0.000596 -0.000756 77.0
0.000596 -0.000756 78.0
0.000596 -0.000756 79.0
0.000596 -0.000756 80.0
0.000596 -0.000756 81.0
0.000596 -0.000756 82.0
0.000596 -0.000756 83.0
0.000596 -0.000756 84.0
0.000596 -0.000756 85.0
0.000596 -0.000756 86.0
0.000596 -0.000756 87.0
0.000596 -0.000756 88.0
0.000596 -0.000757 89.0
0.000596 -0.000757 90.0
0.000596 -0.000756 91.0
0.000596 -0.000756 92.0
0.000596 -0.000756 93.0
0.000596 -0.000756 94.0
0.000596 -0.000756 95.0
0.000596 -0.000757 96.0
0.000596 -0.000757 97.0
0.000596 -0.000757 98.0
0.000596 -0.000757 99.0
0.000596 -0.000757 100.0
0.000596 -0.000757 101.0
0.000596 -0.000757 102.0
0.000596 -0.000757 103.0
0.000596 -0.000757 104.0
0.000596 -0.000757 105.0
0.000596 -0.000757 106.0
0.000596 -0.000757 107.0
0.000596 -0.000757 108.0
0.000596 -0.000757 109.0
0.000596 -0.000757 110.0
0.000596 -0.000757 111.0
0.000596 -0.000757 112.0
0.000596 -0.000757 113.0
0.000596 -0.000757 114.0
0.000596 -0.000757 115.0
0.000596 -0.000757 116.0
0.000596 -0.000757 117.0
0.000596 -0.000757 118.0
0.000596 -0.000757 119.0
0.000596 -0.000757 120.0
0.000596 -0.000757 121.0
0.000596 -0.000757 122.0
0.000596 -0.000757 123.0
0.000596 -0.000757 124.0
0.000596 -0.000757 125.0
0.000596 -0.000757 126.0
0.000596 -0.000757 127.0
0.000596 -0.000757 128.0
0.000596 -0.000757 129.0
0.000596 -0.000757 130.0
0.000596 -0.000757 131.0
0.000596 -0.000757 132.0
0.000596 -0.000757 133.0
0.000596 -0.000757 134.0
0.000595 -0.000757 135.0
0.000595 -0.000757 136.0
0.000595 -0.000757 137.0
0.000595 -0.000757 138.0
0.000595 -0.000757 139.0
0.000595 -0.000757 140.0
0.000595 -0.000757 141.0
0.000595 -0.000757 142.0
0.000595 -0.000757 143.0
0.000595 -0.000757 144.0
0.000595 -0.000757 145.0
0.000595 -0.000757 146.0
0.000595 -0.000757 147.0
0.000595 -0.000757 148.0
0.000595 -0.000757 149.0
0.000595 -0.000757 150.0
0.000595 -0.000757 151.0
0.000595 -0.000757 152.0
0.000595 -0.000757 153.0
0.000595 -0.000757 154.0
0.000595 -0.000757 155.0
0.000595 -0.000757 156.0
0.000595 -0.000757 157.0
0.000595 -0.000757 158.0
0.000595 -0.000757 159.0
0.000595 -0.000756 160.0
0.000595 -0.000756 161.0
0.000595 -0.000756 162.0
0.000595 -0.000756 163.0
0.000595 -0.000756 164.0
0.000595 -0.000756 165.0
0.000595 -0.000756 166.0
0.000595 -0.000756 167.0
0.000595 -0.000756 168.0
0.000595 -0.000756 169.0
0.000595 -0.000756 170.0
0.000595 -0.000756 171.0
0.000595 -0.000756 172.0
0.000595 -0.000756 173.0
0.000595 -0.000756 174.0
0.000595 -0.000756 175.0
0.000595 -0.000756 176.0
0.000595 -0.000756 177.0
0.000595 -0.000756 178.0
0.000595 -0.000756 179.0
0.000595 -0.000756 180.0
0.000595 -0.000756 181.0
0.000595 -0.000756 182.0
0.000595 -0.000756 183.0
0.000595 -0.000756 184.0
0.000595 -0.000756 185.0
0.000595 -0.000756 186.0
0.000595 -0.000756 187.0
0.000595 -0.000755 188.0
0.000595 -0.000755 189.0
0.000595 -0.000755 190.0
0.000595 -0.000755 191.0
0.000595 -0.000755 192.0
0.000595 -0.000755 193.0
0.000595 -0.000755 194.0
0.000594 -0.000755 195.0
0.000594 -0.000755 196.0
0.000594 -0.000755 197.0
0.000594 -0.000755 198.0
0.000594 -0.000755 199.0
0.000594 -0.000755 200.0
0.000594 -0.000755 201.0
0.000594 -0.000755 202.0
0.000594 -0.000755 203.0
0.000594 -0.000755 204.0
0.000594 -0.000755 205.0
0.000594 -0.000755 206.0
0.000594 -0.000755 207.0
0.000594 -0.000755 208.0
0.000594 -0.000755 209.0
0.000594 -0.000755 210.0
0.000594 -0.000755 211.0
0.000594 -0.000755 212.0
0.000594 -0.000755 213.0
0.000594 -0.000755 214.0
0.000594 -0.000755 215.0
0.000594 -0.000754 216.0
0.000594 -0.000754 217.0
0.000594 -0.000754 218.0
0.000594 -0.000754 219.0
0.000594 -0.000754 220.0
0.000594 -0.000754 221.0
0.000594 -0.000754 222.0
0.000594 -0.000754 223.0
0.000594 -0.000754 224.0
0.000594 -0.000754 225.0
0.000594 -0.000754 226.0
0.000594 -0.000754 227.0
0.000594 -0.000754 228.0
0.000594 -0.000754 229.0
0.000594 -0.000754 230.0
0.000594 -0.000754 231.0
0.000594 -0.000754 232.0
0.000594 -0.000754 233.0
0.000594 -0.000754 234.0
0.000594 -0.000754 235.0
0.000594 -0.000754 236.0
0.000594 -0.000753 237.0
0.000594 -0.000753 238.0
0.000594 -0.000752 239.0
0.000594 -0.000752 240.0
0.000594 -0.000751 241.0
0.000594 -0.000751 242.0
0.000594 -0.000751 243.0
0.000594 -0.000750 244.0
0.000593 -0.000750 245.0
0.000593 -0.000749 246.0
0.000593 -0.000749 247.0
0.000593 -0.000748 248.0
0.000593 -0.000748 249.0
0.000593 -0.000748 250.0
0.000593 -0.000747 251.0
0.000593 -0.000747 252.0
0.000593 -0.000746 253.0
0.000593 -0.000746 254.0
0.000593 -0.000745 255.0
0.000593 -0.000745 256.0
0.000593 -0.000745 257.0
0.000593 -0.000744 258.0
0.000593 -0.000744 259.0
0.000593 -0.000743 260.0
0.000593 -0.000743 261.0
0.000593 -0.000742 262.0
0.000593 -0.000742 263.0
0.000594 -0.000741 264.0
0.000594 -0.000740 265.0
0.000594 -0.000739 266.0
0.000594 -0.000738 267.0
0.000594 -0.000737 268.0
0.000594 -0.000736 269.0
0.000594 -0.000735 270.0
0.000594 -0.000734 271.0
0.000594 -0.000733 272.0
0.000594 -0.000732 273.0
0.000595 -0.000731 274.0
0.000595 -0.000730 275.0
0.000595 -0.000729 276.0
0.000595 -0.000728 277.0
0.000595 -0.000727 278.0
0.000595 -0.000726 279.0
0.000595 -0.000725 280.0
0.000595 -0.000724 281.0
0.000595 -0.000723 282.0
0.000596 -0.000722 283.0
0.000596 -0.000721 284.0
0.000596 -0.000720 285.0
0.000596 -0.000718 286.0
0.000596 -0.000717 287.0
0.000596 -0.000716 288.0
0.000596 -0.000715 289.0
0.000596 -0.000714 290.0
0.000596 -0.000713 291.0
0.000596 -0.000712 292.0
0.000597 -0.000711 293.0
0.000597 -0.000710 294.0
0.000597 -0.000709 295.0
0.000597 -0.000708 296.0
0.000597 -0.000707 297.0
0.000597 -0.000706 298.0
0.000597 -0.000705 299.0
0.000597 -0.000704 300.0
0.000597 -0.000703 301.0
0.000597 -0.000702 302.0
0.000598 -0.000701 303.0
0.000598 -0.000700 304.0
0.000598 -0.000699 305.0
0.000598 -0.000698 306.0
0.000598 -0.000697 307.0
0.000598 -0.000696 308.0
0.000598 -0.000695 309.0
0.000598 -0.000693 310.0
0.000598 -0.000692 311.0
0.000599 -0.000691 312.0
0.000599 -0.000690 313.0
0.000599 -0.000689 314.0
0.000599 -0.000688 315.0
0.000599 -0.000687 316.0
0.000600 -0.000687 317.0
0.000600 -0.000687 318.0
0.000600 -0.000686 319.0
0.000601 -0.000685 320.0
0.000601 -0.000684 321.0
0.000601 -0.000683 322.0
0.000601 -0.000682 323.0
0.000601 -0.000681 324.0
0.000601 -0.000680 325.0
0.000601 -0.000679 326.0
0.000601 -0.000678 327.0
0.000601 -0.000677 328.0
0.000601 -0.000676 329.0
0.000601 -0.000675 330.0
0.000602 -0.000674 331.0
0.000602 -0.000673 332.0
0.000602 -0.000673 333.0
0.000602 -0.000672 334.0
0.000602 -0.000671 335.0
0.000602 -0.000670 336.0
0.000602 -0.000669 337.0
0.000602 -0.000668 338.0
0.000602 -0.000667 339.0
0.000602 -0.000666 340.0
0.000602 -0.000665 341.0
0.000603 -0.000664 342.0
0.000603 -0.000663 343.0
0.000603 -0.000662 344.0
0.000603 -0.000661 345.0
0.000603 -0.000660 346.0
0.000603 -0.000660 347.0
0.000603 -0.000659 348.0
0.000603 -0.000658 349.0
0.000603 -0.000657 350.0
0.000603 -0.000656 351.0
0.000604 -0.000655 352.0
0.000604 -0.000654 353.0
0.000604 -0.000653 354.0
0.000604 -0.000652 355.0
0.000604 -0.000651 356.0
0.000604 -0.000650 357.0
0.000604 -0.000649 358.0
0.000604 -0.000648 359.0
0.000604 -0.000647 360.0
0.000604 -0.000646 361.0
0.000604 -0.000646 362.0
0.000605 -0.000645 363.0
0.000605 -0.000644 364.0
0.000605 -0.000643 365.0
0.000605 -0.000642 366.0
0.000605 -0.000641 367.0
0.000605 -0.000640 368.0
0.000605 -0.000639 369.0
0.000605 -0.000638 370.0
0.000605 -0.000637 371.0
0.000605 -0.000636 372.0
0.000605 -0.000635 373.0
0.000606 -0.000634 374.0
0.000606 -0.000633 375.0
0.000606 -0.000632 376.0
0.000606 -0.000632 377.0
0.000606 -0.000631 378.0
0.000606 -0.000630 379.0
0.000606 -0.000629 380.0
0.000606 -0.000628 381.0
0.000608 -0.000628 382.0
0.000609 -0.000628 383.0
0.000610 -0.000629 384.0
0.000611 -0.000629 385.0
0.000612 -0.000629 386.0
0.000613 -0.000629 387.0
0.000614 -0.000629 388.0
0.000615 -0.000630 389.0
0.000616 -0.000630 390.0
0.000617 -0.000630 391.0
0.000618 -0.000630 392.0
0.000619 -0.000631 393.0
0.000620 -0.000631 394.0
0.000621 -0.000631 395.0
0.000622 -0.000631 396.0
0.000622 -0.000631 397.0
0.000623 -0.000632 398.0
0.000624 -0.000632 399.0
0.000625 -0.000632 400.0
0.000626 -0.000632 401.0
0.000627 -0.000632 402.0
0.000628 -0.000633 403.0
0.000629 -0.000633 404.0
0.000630 -0.000633 405.0
0.000631 -0.000633 406.0
0.000632 -0.000634 407.0
0.000633 -0.000634 408.0
0.000634 -0.000634 409.0
0.000635 -0.000634 410.0
0.000636 -0.000634 411.0
0.000637 -0.000635 412.0
0.000638 -0.000635 413.0
0.000639 -0.000635 414.0
0.000640 -0.000635 415.0
0.000641 -0.000636 416.0
0.000642 -0.000636 417.0
0.000643 -0.000636 418.0
0.000644 -0.000636 419.0
0.000645 -0.000636 420.0
0.000646 -0.000637 421.0
0.000647 -0.000637 422.0
0.000648 -0.000637 423.0
0.000649 -0.000637 424.0
0.000650 -0.000638 425.0
0.000651 -0.000638 426.0
0.000652 -0.000638 427.0
0.000653 -0.000638 428.0
0.000654 -0.000638 429.0
0.000655 -0.000639 430.0
0.000656 -0.000639 431.0
0.000657 -0.000639 432.0
0.000658 -0.000639 433.0
0.000659 -0.000640 434.0
0.000660 -0.000640 435.0
0.000661 -0.000640 436.0
0.000662 -0.000640 437.0
0.000663 -0.000640 438.0
0.000664 -0.000641 439.0
0.000665 -0.000641 440.0
0.000666 -0.000641 441.0
0.000667 -0.000641 442.0
0.000668 -0.000642 443.0
0.000669 -0.000642 444.0
0.000670 -0.000642 445.0
0.000671 -0.000642 446.0
0.000672 -0.000642 447.0
0.000673 -0.000643 448.0
0.000673 -0.000640 449.0
0.000674 -0.000639 450.0
0.000675 -0.000639 451.0
0.000676 -0.000639 452.0
0.000677 -0.000638 453.0
0.000677 -0.000638 454.0
0.000678 -0.000637 455.0
0.000679 -0.000637 456.0
0.000680 -0.000637 457.0
0.000681 -0.000636 458.0
0.000681 -0.000636 459.0
0.000682 -0.000635 460.0
0.000683 -0.000635 461.0
0.000684 -0.000635 462.0
0.000685 -0.000634 463.0
0.000685 -0.000634 464.0
0.000686 -0.000634 465.0
0.000687 -0.000633 466.0
0.000688 -0.000633 467.0
0.000689 -0.000632 468.0
0.000689 -0.000632 469.0
0.000690 -0.000632 470.0
0.000691 -0.000631 471.0
0.000692 -0.000631 472.0
0.000693 -0.000631 473.0
0.000693 -0.000630 474.0
0.000694 -0.000630 475.0
0.000695 -0.000629 476.0
0.000696 -0.000629 477.0
0.000697 -0.000629 478.0
0.000697 -0.000628 479.0
0.000698 -0.000628 480.0
0.000699 -0.000627 481.0
0.000700 -0.000627 482.0
0.000701 -0.000627 483.0
0.000701 -0.000626 484.0
0.000702 -0.000626 485.0
0.000703 -0.000626 486.0
0.000704 -0.000625 487.0
0.000704 -0.000625 488.0
0.000705 -0.000624 489.0
0.000706 -0.000624 490.0
0.000707 -0.000624 491.0
0.000708 -0.000623 492.0
0.000708 -0.000623 493.0
0.000709 -0.000622 494.0
0.000710 -0.000622 495.0
0.000711 -0.000622 496.0
0.000712 -0.000625 497.0
0.000712 -0.000624 498.0
0.000712 -0.000623 499.0
0.000712 -0.000623 500.0
0.000712 -0.000622 501.0
0.000712 -0.000621 502.0
0.000712 -0.000620 503.0
0.000712 -0.000619 504.0
0.000712 -0.000619 505.0
0.000713 -0.000618 506.0
0.000713 -0.000617 507.0
0.000713 -0.000616 508.0
0.000713 -0.000616 509.0
0.000713 -0.000615 510.0
0.000713 -0.000614 511.0
0.000713 -0.000613 512.0
0.000713 -0.000612 513.0
0.000713 -0.000612 514.0
0.000713 -0.000611 515.0
0.000713 -0.000610 516.0
0.000713 -0.000609 517.0
0.000713 -0.000608 518.0
0.000714 -0.000608 519.0
0.000714 -0.000607 520.0
0.000714 -0.000606 521.0
0.000714 -0.000605 522.0
0.000714 -0.000604 523.0
0.000714 -0.000604 524.0
0.000714 -0.000603 525.0
0.000714 -0.000602 526.0
0.000714 -0.000601 527.0
0.000714 -0.000601 528.0
0.000714 -0.000600 529.0
0.000714 -0.000599 530.0
0.000715 -0.000598 531.0
0.000715 -0.000597 532.0
0.000715 -0.000597 533.0
0.000715 -0.000596 534.0
0.000715 -0.000595 535.0
0.000715 -0.000594 536.0
0.000715 -0.000593 537.0
0.000715 -0.000593 538.0
0.000715 -0.000592 539.0
0.000715 -0.000591 540.0
0.000715 -0.000590 541.0
0.000715 -0.000589 542.0
0.000715 -0.000589 543.0
0.000716 -0.000588 544.0
0.000716 -0.000587 545.0
0.000716 -0.000586 546.0
0.000716 -0.000586 547.0
0.000716 -0.000585 548.0
0.000716 -0.000584 549.0
0.000716 -0.000583 550.0
0.000716 -0.000582 551.0
0.000716 -0.000582 552.0
0.000716 -0.000581 553.0
0.000716 -0.000580 554.0
0.000716 -0.000579 555.0
0.000717 -0.000578 556.0
0.000718 -0.000579 557.0
0.000718 -0.000578 558.0
0.000718 -0.000577 559.0
0.000718 -0.000576 560.0
0.000718 -0.000575 561.0
0.000718 -0.000574 562.0
0.000718 -0.000573 563.0
0.000718 -0.000572 564.0
0.000719 -0.000571 565.0
0.000719 -0.000570 566.0
0.000719 -0.000569 567.0
0.000719 -0.000568 568.0
0.000719 -0.000567 569.0
0.000719 -0.000566 570.0
0.000719 -0.000565 571.0
0.000719 -0.000564 572.0
0.000719 -0.000564 573.0
0.000720 -0.000563 574.0
0.000720 -0.000562 575.0
0.000720 -0.000561 576.0
0.000720 -0.000560 577.0
0.000720 -0.000559 578.0
0.000720 -0.000558 579.0
0.000720 -0.000557 580.0
0.000720 -0.000556 581.0
0.000720 -0.000555 582.0
0.000721 -0.000554 583.0
0.000721 -0.000553 584.0
0.000721 -0.000552 585.0
0.000721 -0.000551 586.0
0.000721 -0.000550 587.0
0.000721 -0.000549 588.0
0.000721 -0.000548 589.0
0.000721 -0.000547 590.0
0.000721 -0.000547 591.0
0.000721 -0.000546 592.0
0.000722 -0.000545 593.0
0.000722 -0.000544 594.0
0.000722 -0.000543 595.0
0.000722 -0.000542 596.0
0.000722 -0.000541 597.0
0.000722 -0.000540 598.0
0.000722 -0.000539 599.0
0.000722 -0.000538 600.0
0.000722 -0.000537 601.0
0.000723 -0.000536 602.0
0.000723 -0.000535 603.0
0.000723 -0.000534 604.0
0.000723 -0.000533 605.0
0.000723 -0.000532 606.0
0.000723 -0.000531 607.0
0.000723 -0.000530 608.0
0.000723 -0.000529 609.0
0.000723 -0.000529 610.0
0.000724 -0.000528 611.0
0.000724 -0.000527 612.0
0.000724 -0.000526 613.0
0.000724 -0.000525 614.0
0.000724 -0.000524 615.0
0.000724 -0.000523 616.0
0.000726 -0.000523 617.0
0.000726 -0.000523 618.0
0.000726 -0.000522 619.0
0.000726 -0.000522 620.0
0.000726 -0.000521 621.0
0.000726 -0.000521 622.0
0.000726 -0.000521 623.0
0.000727 -0.000520 624.0
0.000727 -0.000520 625.0
0.000727 -0.000519 626.0
0.000727 -0.000519 627.0
0.000727 -0.000518 628.0
0.000727 -0.000518 629.0
0.000727 -0.000518 630.0
0.000727 -0.000517 631.0
0.000727 -0.000517 632.0
0.000728 -0.000516 633.0
0.000728 -0.000516 634.0
0.000728 -0.000515 635.0
0.000728 -0.000515 636.0
0.000728 -0.000514 637.0
0.000728 -0.000514 638.0
0.000728 -0.000514 639.0
0.000728 -0.000513 640.0
0.000729 -0.000513 641.0
0.000729 -0.000512 642.0
0.000729 -0.000512 643.0
0.000729 -0.000511 644.0
0.000729 -0.000511 645.0
0.000729 -0.000511 646.0
0.000729 -0.000510 647.0
0.000729 -0.000510 648.0
0.000729 -0.000509 649.0
0.000730 -0.000509 650.0
0.000730 -0.000508 651.0
0.000730 -0.000508 652.0
0.000730 -0.000508 653.0
0.000730 -0.000507 654.0
0.000730 -0.000507 655.0
0.000730 -0.000506 656.0
0.000730 -0.000506 657.0
0.000731 -0.000505 658.0
0.000731 -0.000505 659.0
0.000731 -0.000504 660.0
0.000731 -0.000504 661.0
0.000731 -0.000504 662.0
0.000731 -0.000503 663.0
0.000731 -0.000503 664.0
0.000731 -0.000502 665.0
0.000732 -0.000502 666.0
0.000732 -0.000501 667.0
0.000732 -0.000501 668.0
0.000732 -0.000501 669.0
0.000732 -0.000500 670.0
0.000732 -0.000500 671.0
0.000732 -0.000499 672.0
0.000732 -0.000499 673.0
0.000732 -0.000498 674.0
0.000733 -0.000498 675.0
0.000733 -0.000498 676.0
0.000734 -0.000498 677.0
0.000735 -0.000498 678.0
0.000735 -0.000498 679.0
0.000735 -0.000497 680.0
0.000736 -0.000497 681.0
0.000736 -0.000496 682.0
0.000737 -0.000496 683.0
0.000737 -0.000496 684.0
0.000737 -0.000495 685.0
0.000738 -0.000495 686.0
0.000738 -0.000495 687.0
0.000738 -0.000494 688.0
0.000739 -0.000494 689.0
0.000739 -0.000494 690.0
0.000740 -0.000493 691.0
0.000740 -0.000493 692.0
0.000740 -0.000492 693.0
0.000741 -0.000492 694.0
0.000741 -0.000492 695.0
0.000742 -0.000491 696.0
0.000742 -0.000491 697.0
0.000742 -0.000491 698.0
0.000743 -0.000490 699.0
0.000743 -0.000490 700.0
0.000744 -0.000489 701.0
0.000744 -0.000489 702.0
0.000744 -0.000489 703.0
0.000745 -0.000488 704.0
0.000745 -0.000488 705.0
0.000745 -0.000488 706.0
0.000746 -0.000487 707.0
0.000746 -0.000487 708.0
0.000747 -0.000487 709.0
0.000747 -0.000486 710.0
0.000747 -0.000486 711.0
0.000748 -0.000485 712.0
0.000748 -0.000485 713.0
0.000749 -0.000485 714.0
0.000749 -0.000484 715.0
0.000749 -0.000484 716.0
0.000750 -0.000484 717.0
0.000750 -0.000483 718.0
0.000751 -0.000483 719.0
0.000751 -0.000483 720.0
0.000751 -0.000482 721.0
0.000752 -0.000482 722.0
0.000752 -0.000481 723.0
0.000752 -0.000481 724.0
0.000753 -0.000481 725.0
0.000753 -0.000480 726.0
0.000754 -0.000480 727.0
0.000754 -0.000480 728.0
0.000754 -0.000479 729.0
0.000755 -0.000479 730.0
0.000755 -0.000479 731.0
0.000756 -0.000478 732.0
0.000756 -0.000478 733.0
0.000756 -0.000477 734.0
0.000757 -0.000477 735.0
0.000757 -0.000477 736.0
0.000758 -0.000476 737.0
0.000759 -0.000480 738.0
0.000759 -0.000479 739.0
0.000759 -0.000479 740.0
0.000759 -0.000479 741.0
0.000759 -0.000479 742.0
0.000759 -0.000479 743.0
0.000759 -0.000479 744.0
0.000759 -0.000478 745.0
0.000759 -0.000478 746.0
0.000759 -0.000478 747.0
0.000759 -0.000478 748.0
0.000759 -0.000478 749.0
0.000759 -0.000478 750.0
0.000759 -0.000478 751.0
0.000759 -0.000477 752.0
0.000759 -0.000477 753.0
0.000759 -0.000477 754.0
0.000759 -0.000477 755.0
0.000759 -0.000477 756.0
0.000759 -0.000477 757.0
0.000759 -0.000476 758.0
0.000759 -0.000476 759.0
0.000759 -0.000476 760.0
0.000759 -0.000476 761.0
0.000759 -0.000476 762.0
0.000759 -0.000476 763.0
0.000759 -0.000475 764.0
0.000759 -0.000475 765.0
0.000759 -0.000475 766.0
0.000759 -0.000475 767.0
0.000759 -0.000475 768.0
0.000759 -0.000475 769.0
0.000759 -0.000475 770.0
0.000759 -0.000474 771.0
0.000759 -0.000474 772.0
0.000759 -0.000474 773.0
0.000759 -0.000474 774.0
0.000759 -0.000474 775.0
0.000759 -0.000474 776.0
0.000759 -0.000473 777.0
0.000759 -0.000473 778.0
0.000759 -0.000473 779.0
0.000759 -0.000473 780.0
0.000759 -0.000473 781.0
0.000759 -0.000473 782.0
0.000759 -0.000473 783.0
0.000759 -0.000472 784.0
0.000759 -0.000472 785.0
0.000759 -0.000472 786.0
0.000759 -0.000472 787.0
0.000759 -0.000472 788.0
0.000759 -0.000472 789.0
0.000759 -0.000471 790.0
0.000759 -0.000471 791.0
0.000759 -0.000471 792.0
0.000759 -0.000471 793.0
0.000759 -0.000471 794.0
0.000759 -0.000471 795.0
0.000759 -0.000471 796.0
0.000759 -0.000470 797.0
0.000759 -0.000470 798.0
0.000759 -0.000470 799.0
0.000759 -0.000470 800.0
0.000759 -0.000470 801.0
0.000759 -0.000470 802.0
0.000759 -0.000469 803.0
0.000759 -0.000469 804.0
0.000759 -0.000469 805.0
0.000759 -0.000469 806.0
0.000759 -0.000469 807.0
0.000759 -0.000469 808.0
0.000759 -0.000468 809.0
0.000759 -0.000468 810.0
0.000759 -0.000468 811.0
0.000759 -0.000468 812.0
0.000759 -0.000467 813.0
0.000758 -0.000467 814.0
0.000758 -0.000467 815.0
0.000758 -0.000467 816.0
0.000758 -0.000467 817.0
0.000758 -0.000467 818.0
0.000758 -0.000467 819.0
0.000758 -0.000467 820.0
0.000758 -0.000467 821.0
0.000758 -0.000467 822.0
0.000758 -0.000467 823.0
0.000758 -0.000467 824.0
0.000758 -0.000467 825.0
0.000758 -0.000467 826.0
0.000758 -0.000466 827.0
0.000758 -0.000466 828.0
0.000758 -0.000466 829.0
0.000758 -0.000466 830.0
0.000758 -0.000466 831.0
0.000758 -0.000466 832.0
0.000758 -0.000466 833.0
0.000758 -0.000466 834.0
0.000758 -0.000466 835.0
0.000758 -0.000466 836.0
0.000758 -0.000466 837.0
0.000758 -0.000466 838.0
0.000758 -0.000466 839.0
0.000758 -0.000465 840.0
0.000758 -0.000465 841.0
0.000758 -0.000465 842.0
0.000758 -0.000465 843.0
0.000757 -0.000465 844.0
0.000757 -0.000465 845.0
0.000757 -0.000465 846.0
0.000757 -0.000465 847.0
0.000757 -0.000465 848.0
0.000757 -0.000465 849.0
0.000757 -0.000465 850.0
0.000757 -0.000465 851.0
0.000757 -0.000465 852.0
0.000757 -0.000465 853.0
0.000757 -0.000464 854.0
0.000757 -0.000464 855.0
0.000757 -0.000465 856.0
0.000757 -0.000465 857.0
0.000757 -0.000465 858.0
0.000757 -0.000465 859.0
0.000757 -0.000465 860.0
0.000757 -0.000465 861.0
0.000757 -0.000465 862.0
0.000757 -0.000465 863.0
0.000756 -0.000465 864.0
0.000756 -0.000465 865.0
0.000755 -0.000465 866.0
0.000755 -0.000465 867.0
0.000754 -0.000465 868.0
0.000754 -0.000464 869.0
0.000753 -0.000464 870.0
0.000753 -0.000464 871.0
0.000753 -0.000464 872.0
0.000752 -0.000464 873.0
0.000752 -0.000464 874.0
0.000751 -0.000463 875.0
0.000751 -0.000463 876.0
0.000750 -0.000463 877.0
0.000750 -0.000463 878.0
0.000749 -0.000463 879.0
0.000749 -0.000463 880.0
0.000748 -0.000462 881.0
0.000748 -0.000462 882.0
0.000747 -0.000462 883.0
0.000747 -0.000462 884.0
0.000747 -0.000462 885.0
0.000746 -0.000462 886.0
0.000746 -0.000462 887.0
0.000745 -0.000461 888.0
0.000745 -0.000461 889.0
0.000744 -0.000461 890.0
0.000744 -0.000461 891.0
0.000743 -0.000461 892.0
0.000743 -0.000461 893.0
0.000742 -0.000460 894.0
0.000742 -0.000460 895.0
0.000742 -0.000460 896.0
0.000741 -0.000460 897.0
0.000741 -0.000460 898.0
0.000740 -0.000460 899.0
0.000740 -0.000459 900.0
0.000739 -0.000459 901.0
0.000739 -0.000459 902.0
0.000738 -0.000459 903.0
0.000738 -0.000459 904.0
0.000737 -0.000459 905.0
0.000737 -0.000459 906.0
0.000736 -0.000458 907.0
0.000736 -0.000458 908.0
0.000736 -0.000458 909.0
0.000735 -0.000458 910.0
0.000735 -0.000458 911.0
0.000734 -0.000458 912.0
0.000734 -0.000457 913.0
0.000733 -0.000457 914.0
0.000733 -0.000457 915.0
0.000732 -0.000457 916.0
0.000732 -0.000457 917.0
0.000731 -0.000457 918.0
0.000731 -0.000456 919.0
0.000731 -0.000456 920.0
0.000730 -0.000456 921.0
0.000730 -0.000456 922.0
0.000729 -0.000456 923.0
0.000729 -0.000456 924.0
0.000728 -0.000455 925.0
0.000728 -0.000455 926.0
0.000727 -0.000455 927.0
0.000727 -0.000455 928.0
0.000726 -0.000455 929.0
0.000726 -0.000455 930.0
0.000725 -0.000455 931.0
0.000725 -0.000454 932.0
0.000725 -0.000454 933.0
0.000724 -0.000454 934.0
0.000724 -0.000454 935.0
0.000723 -0.000454 936.0
0.000723 -0.000454 937.0
0.000722 -0.000453 938.0
0.000722 -0.000453 939.0
0.000721 -0.000453 940.0
0.000721 -0.000453 941.0
0.000720 -0.000453 942.0
0.000720 -0.000453 943.0
0.000720 -0.000452 944.0
0.000719 -0.000452 945.0
0.000719 -0.000452 946.0
0.000718 -0.000452 947.0
0.000718 -0.000452 948.0
0.000717 -0.000452 949.0
0.000717 -0.000451 950.0
0.000716 -0.000451 951.0
0.000716 -0.000451 952.0
0.000715 -0.000451 953.0
0.000715 -0.000451 954.0
0.000714 -0.000451 955.0
0.000714 -0.000451 956.0
0.000714 -0.000450 957.0
0.000713 -0.000450 958.0
0.000713 -0.000450 959.0
0.000712 -0.000450 960.0
0.000712 -0.000450 961.0
0.000711 -0.000450 962.0
0.000711 -0.000449 963.0
0.000710 -0.000449 964.0
0.000710 -0.000449 965.0
0.000709 -0.000449 966.0
0.000709 -0.000449 967.0
0.000709 -0.000449 968.0
0.000708 -0.000448 969.0
0.000708 -0.000448 970.0
0.000707 -0.000448 971.0
0.000707 -0.000448 972.0
0.000706 -0.000448 973.0
0.000706 -0.000448 974.0
0.000705 -0.000447 975.0
0.000705 -0.000447 976.0
0.000704 -0.000447 977.0
0.000704 -0.000447 978.0
0.000703 -0.000447 979.0
0.000703 -0.000447 980.0
0.000703 -0.000447 981.0
0.000702 -0.000446 982.0
0.000702 -0.000446 983.0
0.000701 -0.000446 984.0
0.000701 -0.000446 985.0
0.000700 -0.000450 986.0
0.000700 -0.000450 987.0
0.000700 -0.000451 988.0
0.000700 -0.000451 989.0
0.000700 -0.000452 990.0
0.000699 -0.000453 991.0
0.000699 -0.000453 992.0
0.000699 -0.000454 993.0
0.000699 -0.000454 994.0
0.000699 -0.000455 995.0
0.000699 -0.000456 996.0
0.000699 -0.000456 997.0
0.000699 -0.000457 998.0
0.000698 -0.000457 999.0
0.000698 -0.000458 1000.0
0.000698 -0.000459 1001.0
0.000698 -0.000459 1002.0
0.000698 -0.000460 1003.0
0.000698 -0.000460 1004.0
0.000698 -0.000461 1005.0
0.000698 -0.000461 1006.0
0.000697 -0.000462 1007.0
0.000697 -0.000463 1008.0
0.000697 -0.000463 1009.0
0.000697 -0.000464 1010.0
0.000697 -0.000464 1011.0
0.000697 -0.000465 1012.0
0.000697 -0.000466 1013.0
0.000697 -0.000466 1014.0
0.000697 -0.000467 1015.0
0.000696 -0.000467 1016.0
0.000696 -0.000468 1017.0
0.000696 -0.000469 1018.0
0.000696 -0.000469 1019.0
0.000696 -0.000470 1020.0
0.000696 -0.000470 1021.0
0.000696 -0.000471 1022.0
0.000696 -0.000472 1023.0
0.000695 -0.000472 1024.0
0.000695 -0.000473 1025.0
0.000695 -0.000473 1026.0
0.000695 -0.000474 1027.0
0.000695 -0.000474 1028.0
0.000695 -0.000475 1029.0
0.000695 -0.000476 1030.0
0.000695 -0.000476 1031.0
0.000695 -0.000477 1032.0
0.000694 -0.000477 1033.0
0.000694 -0.000478 1034.0
0.000694 -0.000479 1035.0
0.000694 -0.000479 1036.0
0.000694 -0.000480 1037.0
0.000694 -0.000480 1038.0
0.000694 -0.000481 1039.0
0.000694 -0.000482 1040.0
0.000693 -0.000482 1041.0
0.000693 -0.000483 1042.0
0.000692 -0.000482 1043.0
0.000692 -0.000483 1044.0
0.000691 -0.000483 1045.0
0.000691 -0.000483 1046.0
0.000691 -0.000483 1047.0
0.000691 -0.000484 1048.0
0.000691 -0.000484 1049.0
0.000690 -0.000484 1050.0
0.000690 -0.000485 1051.0
0.000690 -0.000485 1052.0
0.000690 -0.000485 1053.0
0.000689 -0.000486 1054.0
0.000689 -0.000486 1055.0
0.000689 -0.000486 1056.0
0.000689 -0.000487 1057.0
0.000689 -0.000487 1058.0
0.000688 -0.000487 1059.0
0.000688 -0.000487 1060.0
0.000688 -0.000488 1061.0
0.000688 -0.000488 1062.0
0.000688 -0.000488 1063.0
0.000687 -0.000489 1064.0
0.000687 -0.000489 1065.0
0.000687 -0.000489 1066.0
0.000687 -0.000490 1067.0
0.000687 -0.000490 1068.0
0.000686 -0.000490 1069.0
0.000686 -0.000491 1070.0
0.000686 -0.000491 1071.0
0.000686 -0.000491 1072.0
0.000685 -0.000491 1073.0
0.000685 -0.000492 1074.0
0.000685 -0.000492 1075.0
0.000685 -0.000492 1076.0
0.000685 -0.000493 1077.0
0.000684 -0.000493 1078.0
0.000684 -0.000493 1079.0
0.000684 -0.000494 1080.0
0.000684 -0.000494 1081.0
0.000684 -0.000494 1082.0
0.000683 -0.000495 1083.0
0.000683 -0.000495 1084.0
0.000683 -0.000495 1085.0
0.000683 -0.000495 1086.0
0.000683 -0.000496 1087.0
0.000682 -0.000496 1088.0
0.000682 -0.000496 1089.0
0.000682 -0.000497 1090.0
0.000682 -0.000497 1091.0
0.000681 -0.000497 1092.0
0.000681 -0.000498 1093.0
0.000681 -0.000498 1094.0
0.000681 -0.000498 1095.0
0.000681 -0.000499 1096.0
0.000680 -0.000499 1097.0
0.000680 -0.000499 1098.0
0.000680 -0.000500 1099.0
0.000680 -0.000500 1100.0
0.000680 -0.000500 1101.0
0.000679 -0.000500 1102.0
0.000678 -0.000499 1103.0
0.000677 -0.000500 1104.0
0.000677 -0.000501 1105.0
0.000676 -0.000501 1106.0
0.000675 -0.000502 1107.0
0.000675 -0.000503 1108.0
0.000674 -0.000504 1109.0
0.000674 -0.000505 1110.0
0.000673 -0.000506 1111.0
0.000672 -0.000507 1112.0
0.000672 -0.000508 1113.0
0.000671 -0.000509 1114.0
0.000671 -0.000510 1115.0
0.000670 -0.000511 1116.0
0.000669 -0.000512 1117.0
0.000669 -0.000513 1118.0
0.000668 -0.000514 1119.0
0.000668 -0.000515 1120.0
0.000667 -0.000516 1121.0
0.000666 -0.000517 1122.0
0.000666 -0.000518 1123.0
0.000665 -0.000519 1124.0
0.000665 -0.000520 1125.0
0.000664 -0.000521 1126.0
0.000663 -0.000522 1127.0
0.000663 -0.000523 1128.0
0.000662 -0.000524 1129.0
0.000662 -0.000525 1130.0
0.000661 -0.000526 1131.0
0.000660 -0.000527 1132.0
0.000660 -0.000528 1133.0
0.000659 -0.000529 1134.0
0.000659 -0.000530 1135.0
0.000658 -0.000531 1136.0
0.000657 -0.000532 1137.0
0.000657 -0.000533 1138.0
0.000656 -0.000534 1139.0
0.000656 -0.000535 1140.0
0.000655 -0.000536 1141.0
0.000654 -0.000537 1142.0
0.000654 -0.000538 1143.0
0.000653 -0.000539 1144.0
0.000653 -0.000540 1145.0
0.000652 -0.000541 1146.0
0.000651 -0.000542 1147.0
0.000651 -0.000543 1148.0
0.000650 -0.000544 1149.0
0.000650 -0.000545 1150.0
0.000649 -0.000546 1151.0
0.000648 -0.000546 1152.0
0.000648 -0.000547 1153.0
0.000647 -0.000548 1154.0
0.000647 -0.000549 1155.0
0.000646 -0.000550 1156.0
0.000645 -0.000551 1157.0
0.000645 -0.000552 1158.0
0.000644 -0.000553 1159.0
0.000644 -0.000554 1160.0
0.000643 -0.000555 1161.0
0.000642 -0.000556 1162.0
0.000637 -0.000551 1163.0
0.000637 -0.000551 1164.0
0.000637 -0.000552 1165.0
0.000637 -0.000552 1166.0
0.000636 -0.000553 1167.0
0.000636 -0.000553 1168.0
0.000636 -0.000554 1169.0
0.000635 -0.000554 1170.0
0.000635 -0.000555 1171.0
0.000635 -0.000555 1172.0
0.000634 -0.000556 1173.0
0.000634 -0.000556 1174.0
0.000634 -0.000557 1175.0
0.000634 -0.000557 1176.0
0.000633 -0.000558 1177.0
0.000633 -0.000558 1178.0
0.000633 -0.000559 1179.0
0.000632 -0.000559 1180.0
0.000632 -0.000560 1181.0
0.000632 -0.000560 1182.0
0.000631 -0.000561 1183.0
0.000631 -0.000561 1184.0
0.000631 -0.000562 1185.0
0.000631 -0.000562 1186.0
0.000630 -0.000563 1187.0
0.000630 -0.000563 1188.0
0.000630 -0.000564 1189.0
0.000629 -0.000564 1190.0
0.000629 -0.000565 1191.0
0.000629 -0.000565 1192.0
0.000628 -0.000566 1193.0
0.000628 -0.000566 1194.0
0.000628 -0.000567 1195.0
0.000628 -0.000567 1196.0
0.000627 -0.000568 1197.0
0.000627 -0.000568 1198.0
0.000627 -0.000569 1199.0
0.000626 -0.000569 1200.0
0.000626 -0.000570 1201.0
0.000626 -0.000570 1202.0
0.000625 -0.000570 1203.0
0.000625 -0.000571 1204.0
0.000625 -0.000571 1205.0
0.000625 -0.000572 1206.0
0.000624 -0.000572 1207.0
0.000624 -0.000573 1208.0
0.000624 -0.000573 1209.0
0.000623 -0.000574 1210.0
0.000623 -0.000574 1211.0
0.000623 -0.000575 1212.0
0.000622 -0.000575 1213.0
0.000622 -0.000576 1214.0
0.000622 -0.000576 1215.0
0.000622 -0.000577 1216.0
0.000621 -0.000577 1217.0
0.000621 -0.000578 1218.0
0.000621 -0.000578 1219.0
0.000620 -0.000579 1220.0
0.000620 -0.000579 1221.0
0.000620 -0.000580 1222.0
0.000619 -0.000580 1223.0
0.000617 -0.000578 1224.0
0.000617 -0.000578 1225.0
0.000616 -0.000579 1226.0
0.000616 -0.000579 1227.0
0.000615 -0.000580 1228.0
0.000615 -0.000580 1229.0
0.000615 -0.000581 1230.0
0.000614 -0.000581 1231.0
0.000614 -0.000582 1232.0
0.000614 -0.000583 1233.0
0.000613 -0.000583 1234.0
0.000613 -0.000584 1235.0
0.000613 -0.000584 1236.0
0.000612 -0.000585 1237.0
0.000612 -0.000585 1238.0
0.000612 -0.000586 1239.0
0.000611 -0.000586 1240.0
0.000611 -0.000587 1241.0
0.000611 -0.000588 1242.0
0.000610 -0.000588 1243.0
0.000610 -0.000589 1244.0
0.000609 -0.000589 1245.0
0.000609 -0.000590 1246.0
0.000609 -0.000590 1247.0
0.000608 -0.000591 1248.0
0.000608 -0.000591 1249.0
0.000608 -0.000592 1250.0
0.000607 -0.000592 1251.0
0.000607 -0.000593 1252.0
0.000607 -0.000594 1253.0
0.000606 -0.000594 1254.0
0.000606 -0.000595 1255.0
0.000606 -0.000595 1256.0
0.000605 -0.000596 1257.0
0.000605 -0.000596 1258.0
0.000605 -0.000597 1259.0
0.000604 -0.000597 1260.0
0.000604 -0.000598 1261.0
0.000603 -0.000599 1262.0
0.000603 -0.000599 1263.0
0.000603 -0.000600 1264.0
0.000602 -0.000600 1265.0
0.000602 -0.000601 1266.0
0.000602 -0.000601 1267.0
0.000601 -0.000602 1268.0
0.000601 -0.000602 1269.0
0.000601 -0.000603 1270.0
0.000600 -0.000604 1271.0
0.000600 -0.000604 1272.0
0.000600 -0.000605 1273.0
0.000599 -0.000605 1274.0
0.000599 -0.000606 1275.0
0.000598 -0.000606 1276.0
0.000598 -0.000607 1277.0
0.000598 -0.000607 1278.0
0.000597 -0.000608 1279.0
0.000597 -0.000608 1280.0
0.000597 -0.000609 1281.0
0.000596 -0.000610 1282.0
0.000596 -0.000610 1283.0
0.000593 -0.000607 1284.0
0.000593 -0.000607 1285.0
0.000593 -0.000607 1286.0
0.000593 -0.000608 1287.0
0.000593 -0.000608 1288.0
0.000593 -0.000608 1289.0
0.000593 -0.000608 1290.0
0.000592 -0.000608 1291.0
0.000592 -0.000608 1292.0
0.000592 -0.000609 1293.0
0.000592 -0.000609 1294.0
0.000592 -0.000609 1295.0
0.000592 -0.000609 1296.0
0.000592 -0.000609 1297.0
0.000592 -0.000609 1298.0
0.000591 -0.000610 1299.0
0.000591 -0.000610 1300.0
0.000591 -0.000610 1301.0
0.000591 -0.000610 1302.0
0.000591 -0.000610 1303.0
0.000591 -0.000611 1304.0
0.000591 -0.000611 1305.0
0.000591 -0.000611 1306.0
0.000591 -0.000611 1307.0
0.000590 -0.000611 1308.0
0.000590 -0.000611 1309.0
0.000590 -0.000612 1310.0
0.000590 -0.000612 1311.0
0.000590 -0.000612 1312.0
0.000590 -0.000612 1313.0
0.000590 -0.000612 1314.0
0.000590 -0.000612 1315.0
0.000590 -0.000613 1316.0
0.000589 -0.000613 1317.0
0.000589 -0.000613 1318.0
0.000589 -0.000613 1319.0
0.000589 -0.000613 1320.0
0.000589 -0.000614 1321.0
0.000589 -0.000614 1322.0
0.000589 -0.000614 1323.0
0.000589 -0.000614 1324.0
0.000588 -0.000614 1325.0
0.000588 -0.000614 1326.0
0.000588 -0.000615 1327.0
0.000588 -0.000615 1328.0
0.000588 -0.000615 1329.0
0.000588 -0.000615 1330.0
0.000588 -0.000615 1331.0
0.000588 -0.000615 1332.0
0.000588 -0.000616 1333.0
0.000587 -0.000616 1334.0
0.000587 -0.000616 1335.0
0.000587 -0.000616 1336.0
0.000587 -0.000616 1337.0
0.000587 -0.000617 1338.0
0.000587 -0.000617 1339.0
0.000587 -0.000617 1340.0
0.000587 -0.000617 1341.0
0.000587 -0.000617 1342.0
0.000586 -0.000617 1343.0
0.000586 -0.000616 1344.0
0.000585 -0.000617 1345.0
0.000585 -0.000617 1346.0
0.000585 -0.000617 1347.0
0.000585 -0.000617 1348.0
0.000585 -0.000617 1349.0
0.000585 -0.000617 1350.0
0.000585 -0.000617 1351.0
0.000585 -0.000618 1352.0
0.000584 -0.000618 1353.0
0.000584 -0.000618 1354.0
0.000584 -0.000618 1355.0
0.000584 -0.000618 1356.0
0.000584 -0.000618 1357.0
0.000584 -0.000619 1358.0
0.000584 -0.000619 1359.0
0.000584 -0.000619 1360.0
0.000583 -0.000619 1361.0
0.000583 -0.000619 1362.0
0.000583 -0.000619 1363.0
0.000583 -0.000620 1364.0
0.000583 -0.000620 1365.0
0.000583 -0.000620 1366.0
0.000583 -0.000620 1367.0
0.000583 -0.000620 1368.0
0.000583 -0.000620 1369.0
0.000582 -0.000621 1370.0
0.000582 -0.000621 1371.0
0.000582 -0.000621 1372.0
0.000582 -0.000621 1373.0
0.000582 -0.000621 1374.0
0.000582 -0.000621 1375.0
0.000582 -0.000621 1376.0
0.000582 -0.000622 1377.0
0.000581 -0.000622 1378.0
0.000581 -0.000622 1379.0
0.000581 -0.000622 1380.0
0.000581 -0.000622 1381.0
0.000581 -0.000622 1382.0
0.000581 -0.000623 1383.0
0.000581 -0.000623 1384.0
0.000581 -0.000623 1385.0
0.000580 -0.000622 1386.0
0.000580 -0.000622 1387.0
0.000579 -0.000622 1388.0
0.000579 -0.000621 1389.0
0.000578 -0.000621 1390.0
0.000578 -0.000621 1391.0
0.000578 -0.000621 1392.0
0.000577 -0.000620 1393.0
0.000577 -0.000620 1394.0
0.000576 -0.000620 1395.0
0.000576 -0.000620 1396.0
0.000575 -0.000619 1397.0
0.000575 -0.000619 1398.0
0.000575 -0.000619 1399.0
0.000574 -0.000619 1400.0
0.000574 -0.000618 1401.0
0.000573 -0.000618 1402.0
0.000573 -0.000618 1403.0
0.000572 -0.000618 1404.0
0.000572 -0.000617 1405.0
0.000572 -0.000617 1406.0
0.000571 -0.000617 1407.0
0.000571 -0.000617 1408.0
0.000570 -0.000616 1409.0
0.000570 -0.000616 1410.0
0.000570 -0.000616 1411.0
0.000569 -0.000616 1412.0
0.000569 -0.000615 1413.0
0.000568 -0.000615 1414.0
0.000568 -0.000615 1415.0
0.000567 -0.000615 1416.0
0.000567 -0.000614 1417.0
0.000567 -0.000614 1418.0
0.000566 -0.000614 1419.0
0.000566 -0.000614 1420.0
0.000565 -0.000613 1421.0
0.000565 -0.000613 1422.0
0.000565 -0.000613 1423.0
0.000564 -0.000613 1424.0
0.000564 -0.000612 1425.0
0.000563 -0.000612 1426.0
0.000563 -0.000612 1427.0
0.000562 -0.000612 1428.0
0.000562 -0.000611 1429.0
0.000562 -0.000611 1430.0
0.000561 -0.000611 1431.0
0.000561 -0.000611 1432.0
0.000560 -0.000610 1433.0
0.000560 -0.000610 1434.0
0.000560 -0.000610 1435.0
0.000559 -0.000609 1436.0
0.000559 -0.000609 1437.0
0.000558 -0.000609 1438.0
0.000558 -0.000609 1439.0
0.000557 -0.000608 1440.0
0.000557 -0.000608 1441.0
0.000557 -0.000608 1442.0
0.000556 -0.000608 1443.0
0.000556 -0.000607 1444.0
0.000555 -0.000607 1445.0
0.000554 -0.000610 1446.0
0.000554 -0.000609 1447.0
0.000554 -0.000609 1448.0
0.000553 -0.000608 1449.0
0.000553 -0.000608 1450.0
0.000552 -0.000607 1451.0
0.000552 -0.000607 1452.0
0.000551 -0.000606 1453.0
0.000551 -0.000606 1454.0
0.000550 -0.000606 1455.0
0.000550 -0.000605 1456.0
0.000549 -0.000605 1457.0
0.000549 -0.000604 1458.0
0.000549 -0.000604 1459.0
0.000548 -0.000603 1460.0
0.000548 -0.000603 1461.0
0.000547 -0.000602 1462.0
0.000547 -0.000602 1463.0
0.000546 -0.000601 1464.0
0.000546 -0.000601 1465.0
0.000545 -0.000600 1466.0
0.000545 -0.000600 1467.0
0.000544 -0.000599 1468.0
0.000544 -0.000599 1469.0
0.000544 -0.000598 1470.0
0.000543 -0.000598 1471.0
0.000543 -0.000597 1472.0
0.000542 -0.000597 1473.0
0.000542 -0.000596 1474.0
0.000541 -0.000596 1475.0
0.000541 -0.000595 1476.0
0.000540 -0.000595 1477.0
0.000540 -0.000595 1478.0
0.000540 -0.000594 1479.0
0.000539 -0.000594 1480.0
0.000539 -0.000593 1481.0
0.000538 -0.000593 1482.0
0.000538 -0.000592 1483.0
0.000537 -0.000592 1484.0
0.000537 -0.000591 1485.0
0.000536 -0.000591 1486.0
0.000536 -0.000590 1487.0
0.000535 -0.000590 1488.0
0.000535 -0.000589 1489.0
0.000535 -0.000589 1490.0
0.000534 -0.000588 1491.0
0.000534 -0.000588 1492.0
0.000533 -0.000587 1493.0
0.000533 -0.000587 1494.0
0.000532 -0.000586 1495.0
0.000532 -0.000586 1496.0
0.000531 -0.000585 1497.0
0.000531 -0.000585 1498.0
0.000531 -0.000584 1499.0
0.000530 -0.000584 1500.0
0.000530 -0.000583 1501.0
0.000529 -0.000583 1502.0
0.000529 -0.000583 1503.0
0.000528 -0.000582 1504.0
0.000528 -0.000582 1505.0
0.000527 -0.000581 1506.0
0.000527 -0.000581 1507.0
0.000526 -0.000580 1508.0
0.000526 -0.000580 1509.0
0.000526 -0.000579 1510.0
0.000525 -0.000579 1511.0
0.000525 -0.000578 1512.0
0.000522 -0.000582 1513.0
0.000522 -0.000582 1514.0
0.000521 -0.000582 1515.0
0.000521 -0.000582 1516.0
0.000521 -0.000582 1517.0
0.000520 -0.000582 1518.0
0.000520 -0.000582 1519.0
0.000520 -0.000582 1520.0
0.000520 -0.000582 1521.0
0.000519 -0.000582 1522.0
0.000519 -0.000582 1523.0
0.000519 -0.000582 1524.0
0.000518 -0.000582 1525.0
0.000518 -0.000582 1526.0
0.000518 -0.000582 1527.0
0.000517 -0.000582 1528.0
0.000517 -0.000582 1529.0
0.000517 -0.000582 1530.0
0.000516 -0.000582 1531.0
0.000516 -0.000582 1532.0
0.000516 -0.000582 1533.0
0.000516 -0.000582 1534.0
0.000515 -0.000582 1535.0
0.000515 -0.000582 1536.0
0.000515 -0.000582 1537.0
0.000514 -0.000582 1538.0
0.000514 -0.000581 1539.0
0.000514 -0.000581 1540.0
0.000513 -0.000581 1541.0
0.000513 -0.000581 1542.0
0.000513 -0.000581 1543.0
0.000512 -0.000581 1544.0
0.000512 -0.000581 1545.0
0.000512 -0.000581 1546.0
0.000511 -0.000581 1547.0
0.000511 -0.000581 1548.0
0.000511 -0.000581 1549.0
0.000511 -0.000581 1550.0
0.000510 -0.000581 1551.0
0.000510 -0.000581 1552.0
0.000510 -0.000581 1553.0
0.000509 -0.000581 1554.0
0.000509 -0.000581 1555.0
0.000509 -0.000581 1556.0
0.000508 -0.000581 1557.0
0.000508 -0.000581 1558.0
0.000508 -0.000581 1559.0
0.000507 -0.000581 1560.0
0.000507 -0.000581 1561.0
0.000507 -0.000581 1562.0
0.000506 -0.000581 1563.0
0.000506 -0.000580 1564.0
0.000506 -0.000580 1565.0
0.000506 -0.000580 1566.0
0.000505 -0.000580 1567.0
0.000505 -0.000581 1568.0
0.000505 -0.000581 1569.0
0.000504 -0.000581 1570.0
0.000504 -0.000581 1571.0
0.000504 -0.000581 1572.0
0.000503 -0.000581 1573.0
0.000503 -0.000581 1574.0
0.000502 -0.000580 1575.0
0.000502 -0.000580 1576.0
0.000502 -0.000580 1577.0
0.000501 -0.000580 1578.0
0.000501 -0.000580 1579.0
0.000500 -0.000580 1580.0
0.000500 -0.000580 1581.0
0.000500 -0.000580 1582.0
0.000499 -0.000580 1583.0
0.000499 -0.000580 1584.0
0.000498 -0.000580 1585.0
0.000498 -0.000580 1586.0
0.000498 -0.000580 1587.0
0.000497 -0.000580 1588.0
0.000497 -0.000580 1589.0
0.000496 -0.000580 1590.0
0.000496 -0.000580 1591.0
0.000496 -0.000580 1592.0
0.000495 -0.000580 1593.0
0.000495 -0.000580 1594.0
0.000494 -0.000579 1595.0
0.000494 -0.000579 1596.0
0.000494 -0.000579 1597.0
0.000493 -0.000579 1598.0
0.000493 -0.000579 1599.0
0.000493 -0.000579 1600.0
0.000492 -0.000579 1601.0
0.000492 -0.000579 1602.0
0.000491 -0.000579 1603.0
0.000491 -0.000579 1604.0
0.000491 -0.000579 1605.0
0.000490 -0.000579 1606.0
0.000490 -0.000579 1607.0
0.000489 -0.000579 1608.0
0.000489 -0.000579 1609.0
0.000489 -0.000579 1610.0
0.000488 -0.000579 1611.0
0.000488 -0.000579 1612.0
0.000487 -0.000579 1613.0
0.000487 -0.000579 1614.0
0.000487 -0.000578 1615.0
0.000486 -0.000578 1616.0
0.000486 -0.000578 1617.0
0.000485 -0.000578 1618.0
0.000485 -0.000578 1619.0
0.000485 -0.000578 1620.0
0.000484 -0.000578 1621.0
0.000484 -0.000578 1622.0
0.000483 -0.000578 1623.0
0.000483 -0.000578 1624.0
0.000483 -0.000578 1625.0
0.000482 -0.000578 1626.0
0.000482 -0.000578 1627.0
0.000482 -0.000578 1628.0
0.000481 -0.000578 1629.0
0.000481 -0.000578 1630.0
0.000480 -0.000578 1631.0
0.000480 -0.000578 1632.0
0.000479 -0.000578 1633.0
0.000479 -0.000578 1634.0
0.000479 -0.000578 1635.0
0.000478 -0.000578 1636.0
0.000478 -0.000578 1637.0
0.000477 -0.000578 1638.0
0.000477 -0.000578 1639.0
0.000476 -0.000578 1640.0
0.000476 -0.000578 1641.0
0.000475 -0.000578 1642.0
0.000475 -0.000578 1643.0
0.000475 -0.000578 1644.0
0.000474 -0.000578 1645.0
0.000474 -0.000578 1646.0
0.000473 -0.000577 1647.0
0.000473 -0.000577 1648.0
0.000472 -0.000577 1649.0
0.000472 -0.000577 1650.0
0.000471 -0.000577 1651.0
0.000471 -0.000577 1652.0
0.000470 -0.000577 1653.0
0.000470 -0.000577 1654.0
0.000470 -0.000577 1655.0
0.000469 -0.000577 1656.0
0.000469 -0.000577 1657.0
0.000468 -0.000577 1658.0
0.000468 -0.000577 1659.0
0.000467 -0.000577 1660.0
0.000467 -0.000577 1661.0
0.000466 -0.000577 1662.0
0.000466 -0.000577 1663.0
0.000466 -0.000577 1664.0
0.000465 -0.000577 1665.0
0.000465 -0.000576 1666.0
0.000464 -0.000576 1667.0
0.000464 -0.000576 1668.0
0.000463 -0.000576 1669.0
0.000463 -0.000576 1670.0
0.000462 -0.000576 1671.0
0.000462 -0.000576 1672.0
0.000461 -0.000576 1673.0
0.000461 -0.000576 1674.0
0.000461 -0.000576 1675.0
0.000460 -0.000576 1676.0
0.000460 -0.000576 1677.0
0.000460 -0.000576 1678.0
0.000459 -0.000576 1679.0
0.000459 -0.000576 1680.0
0.000458 -0.000576 1681.0
0.000457 -0.000576 1682.0
0.000457 -0.000576 1683.0
0.000456 -0.000576 1684.0
0.000455 -0.000576 1685.0
0.000454 -0.000576 1686.0
0.000453 -0.000576 1687.0
0.000452 -0.000575 1688.0
0.000451 -0.000575 1689.0
0.000450 -0.000575 1690.0
0.000449 -0.000575 1691.0
0.000448 -0.000575 1692.0
0.000448 -0.000575 1693.0
0.000447 -0.000575 1694.0
0.000446 -0.000575 1695.0
0.000445 -0.000575 1696.0
0.000444 -0.000574 1697.0
0.000443 -0.000574 1698.0
0.000442 -0.000574 1699.0
0.000441 -0.000574 1700.0
0.000440 -0.000574 1701.0
0.000440 -0.000574 1702.0
0.000439 -0.000574 1703.0
0.000438 -0.000574 1704.0
0.000437 -0.000574 1705.0
0.000436 -0.000573 1706.0
0.000435 -0.000573 1707.0
0.000434 -0.000573 1708.0
0.000433 -0.000573 1709.0
0.000432 -0.000573 1710.0
0.000431 -0.000573 1711.0
0.000431 -0.000573 1712.0
0.000430 -0.000573 1713.0
0.000429 -0.000573 1714.0
0.000428 -0.000572 1715.0
0.000427 -0.000572 1716.0
0.000426 -0.000572 1717.0
0.000425 -0.000572 1718.0
0.000424 -0.000572 1719.0
0.000423 -0.000572 1720.0
0.000422 -0.000572 1721.0
0.000422 -0.000572 1722.0
0.000421 -0.000572 1723.0
0.000420 -0.000571 1724.0
0.000419 -0.000571 1725.0
0.000418 -0.000571 1726.0
0.000417 -0.000571 1727.0
0.000417 -0.000572 1728.0
0.000417 -0.000572 1729.0
0.000416 -0.000571 1730.0
0.000416 -0.000570 1731.0
0.000416 -0.000570 1732.0
0.000416 -0.000569 1733.0
0.000415 -0.000569 1734.0
0.000415 -0.000568 1735.0
0.000415 -0.000568 1736.0
0.000415 -0.000567 1737.0
0.000414 -0.000567 1738.0
0.000414 -0.000566 1739.0
0.000414 -0.000565 1740.0
0.000414 -0.000565 1741.0
0.000413 -0.000564 1742.0
0.000413 -0.000564 1743.0
0.000413 -0.000563 1744.0
0.000412 -0.000563 1745.0
0.000412 -0.000562 1746.0
0.000412 -0.000561 1747.0
0.000412 -0.000561 1748.0
0.000411 -0.000560 1749.0
0.000411 -0.000560 1750.0
0.000411 -0.000559 1751.0
0.000411 -0.000559 1752.0
0.000410 -0.000558 1753.0
0.000410 -0.000557 1754.0
0.000410 -0.000557 1755.0
0.000410 -0.000556 1756.0
0.000409 -0.000556 1757.0
0.000409 -0.000555 1758.0
0.000409 -0.000555 1759.0
0.000409 -0.000554 1760.0
0.000408 -0.000553 1761.0
0.000408 -0.000553 1762.0
0.000408 -0.000552 1763.0
0.000407 -0.000552 1764.0
0.000407 -0.000551 1765.0
0.000407 -0.000551 1766.0
0.000407 -0.000550 1767.0
0.000406 -0.000549 1768.0
0.000406 -0.000549 1769.0
0.000406 -0.000548 1770.0
0.000406 -0.000548 1771.0
0.000405 -0.000547 1772.0
0.000405 -0.000547 1773.0
0.000405 -0.000546 1774.0
0.000405 -0.000546 1775.0
0.000404 -0.000545 1776.0
0.000404 -0.000544 1777.0
0.000404 -0.000544 1778.0
0.000404 -0.000543 1779.0
0.000403 -0.000543 1780.0
0.000403 -0.000542 1781.0
0.000403 -0.000542 1782.0
0.000403 -0.000541 1783.0
0.000402 -0.000540 1784.0
0.000402 -0.000540 1785.0
0.000402 -0.000539 1786.0
0.000401 -0.000539 1787.0
0.000399 -0.000541 1788.0
0.000399 -0.000539 1789.0
0.000399 -0.000538 1790.0
0.000399 -0.000536 1791.0
0.000399 -0.000535 1792.0
0.000399 -0.000533 1793.0
0.000400 -0.000532 1794.0
0.000400 -0.000530 1795.0
0.000400 -0.000529 1796.0
0.000400 -0.000527 1797.0
0.000400 -0.000526 1798.0
0.000400 -0.000524 1799.0
0.000400 -0.000523 1800.0
0.000401 -0.000521 1801.0
0.000401 -0.000520 1802.0
0.000401 -0.000519 1803.0
0.000401 -0.000517 1804.0
0.000401 -0.000516 1805.0
0.000401 -0.000514 1806.0
0.000401 -0.000513 1807.0
0.000401 -0.000511 1808.0
0.000402 -0.000510 1809.0
0.000402 -0.000508 1810.0
0.000402 -0.000507 1811.0
0.000402 -0.000505 1812.0
0.000402 -0.000504 1813.0
0.000402 -0.000502 1814.0
0.000402 -0.000501 1815.0
0.000403 -0.000499 1816.0
0.000403 -0.000498 1817.0
0.000403 -0.000496 1818.0
0.000403 -0.000495 1819.0
0.000403 -0.000493 1820.0
0.000403 -0.000492 1821.0
0.000403 -0.000490 1822.0
0.000404 -0.000489 1823.0
0.000404 -0.000487 1824.0
0.000404 -0.000486 1825.0
0.000404 -0.000484 1826.0
0.000404 -0.000483 1827.0
0.000404 -0.000481 1828.0
0.000404 -0.000480 1829.0
0.000404 -0.000478 1830.0
0.000405 -0.000477 1831.0
0.000405 -0.000475 1832.0
0.000405 -0.000474 1833.0
0.000405 -0.000472 1834.0
0.000405 -0.000471 1835.0
0.000405 -0.000469 1836.0
0.000405 -0.000468 1837.0
0.000406 -0.000466 1838.0
0.000406 -0.000465 1839.0
0.000406 -0.000463 1840.0
0.000406 -0.000462 1841.0
0.000406 -0.000460 1842.0
0.000406 -0.000459 1843.0
0.000406 -0.000457 1844.0
0.000407 -0.000456 1845.0
0.000407 -0.000454 1846.0
0.000407 -0.000453 1847.0
0.000407 -0.000451 1848.0
0.000409 -0.000452 1849.0
0.000409 -0.000451 1850.0
0.000409 -0.000450 1851.0
0.000410 -0.000450 1852.0
0.000410 -0.000449 1853.0
0.000410 -0.000448 1854.0
0.000410 -0.000448 1855.0
0.000410 -0.000447 1856.0
0.000411 -0.000446 1857.0
0.000411 -0.000446 1858.0
0.000411 -0.000445 1859.0
0.000411 -0.000444 1860.0
0.000411 -0.000444 1861.0
0.000412 -0.000443 1862.0
0.000412 -0.000443 1863.0
0.000412 -0.000442 1864.0
0.000412 -0.000441 1865.0
0.000413 -0.000441 1866.0
0.000413 -0.000440 1867.0
0.000413 -0.000439 1868.0
0.000413 -0.000439 1869.0
0.000413 -0.000438 1870.0
0.000414 -0.000437 1871.0
0.000414 -0.000437 1872.0
0.000414 -0.000436 1873.0
0.000414 -0.000435 1874.0
0.000414 -0.000435 1875.0
0.000415 -0.000434 1876.0
0.000415 -0.000433 1877.0
0.000415 -0.000433 1878.0
0.000415 -0.000432 1879.0
0.000415 -0.000431 1880.0
0.000416 -0.000431 1881.0
0.000416 -0.000430 1882.0
0.000416 -0.000429 1883.0
0.000416 -0.000429 1884.0
0.000417 -0.000428 1885.0
0.000417 -0.000428 1886.0
0.000417 -0.000427 1887.0
0.000417 -0.000426 1888.0
0.000417 -0.000426 1889.0
0.000418 -0.000425 1890.0
0.000418 -0.000424 1891.0
0.000418 -0.000424 1892.0
0.000418 -0.000423 1893.0
0.000418 -0.000422 1894.0
0.000419 -0.000422 1895.0
0.000419 -0.000421 1896.0
0.000419 -0.000420 1897.0
0.000419 -0.000420 1898.0
0.000419 -0.000419 1899.0
0.000420 -0.000418 1900.0
0.000420 -0.000418 1901.0
0.000420 -0.000417 1902.0
0.000420 -0.000416 1903.0
0.000421 -0.000416 1904.0
0.000421 -0.000415 1905.0
0.000421 -0.000414 1906.0
0.000421 -0.000414 1907.0
0.000421 -0.000413 1908.0
0.000424 -0.000415 1909.0
0.000424 -0.000415 1910.0
0.000424 -0.000415 1911.0
0.000424 -0.000415 1912.0
0.000424 -0.000415 1913.0
0.000424 -0.000416 1914.0
0.000424 -0.000416 1915.0
0.000424 -0.000416 1916.0
0.000424 -0.000416 1917.0
0.000424 -0.000417 1918.0
0.000424 -0.000417 1919.0
0.000424 -0.000417 1920.0
0.000424 -0.000417 1921.0
0.000424 -0.000417 1922.0
0.000424 -0.000418 1923.0
0.000424 -0.000418 1924.0
0.000424 -0.000418 1925.0
0.000424 -0.000418 1926.0
0.000424 -0.000418 1927.0
0.000424 -0.000419 1928.0
0.000424 -0.000419 1929.0
0.000424 -0.000419 1930.0
0.000424 -0.000419 1931.0
0.000424 -0.000419 1932.0
0.000424 -0.000420 1933.0
0.000424 -0.000420 1934.0
0.000424 -0.000420 1935.0
0.000424 -0.000420 1936.0
0.000424 -0.000421 1937.0
0.000424 -0.000421 1938.0
0.000424 -0.000421 1939.0
0.000424 -0.000421 1940.0
0.000424 -0.000421 1941.0
0.000424 -0.000422 1942.0
0.000424 -0.000422 1943.0
0.000424 -0.000422 1944.0
0.000424 -0.000422 1945.0
0.000424 -0.000422 1946.0
0.000424 -0.000423 1947.0
0.000424 -0.000423 1948.0
0.000424 -0.000423 1949.0
0.000424 -0.000423 1950.0
0.000424 -0.000423 1951.0
0.000424 -0.000424 1952.0
0.000424 -0.000424 1953.0
0.000425 -0.000424 1954.0
0.000425 -0.000424 1955.0
0.000425 -0.000425 1956.0
0.000425 -0.000425 1957.0
0.000425 -0.000425 1958.0
0.000425 -0.000425 1959.0
0.000425 -0.000425 1960.0
0.000425 -0.000426 1961.0
0.000425 -0.000426 1962.0
0.000425 -0.000426 1963.0
0.000425 -0.000426 1964.0
0.000425 -0.000426 1965.0
0.000425 -0.000427 1966.0
0.000425 -0.000427 1967.0
0.000425 -0.000427 1968.0
0.000425 -0.000427 1969.0
0.000425 -0.000428 1970.0
0.000425 -0.000428 1971.0
0.000425 -0.000428 1972.0
0.000425 -0.000428 1973.0
0.000425 -0.000428 1974.0
0.000425 -0.000429 1975.0
0.000425 -0.000429 1976.0
0.000425 -0.000429 1977.0
0.000425 -0.000429 1978.0
0.000425 -0.000429 1979.0
0.000425 -0.000429 1980.0
0.000425 -0.000429 1981.0
0.000425 -0.000429 1982.0
0.000425 -0.000429 1983.0
0.000425 -0.000429 1984.0
0.000425 -0.000429 1985.0
0.000425 -0.000429 1986.0
0.000425 -0.000429 1987.0
0.000425 -0.000429 1988.0
0.000425 -0.000429 1989.0
0.000425 -0.000429 1990.0
0.000425 -0.000429 1991.0
0.000425 -0.000429 1992.0
0.000425 -0.000429 1993.0
0.000425 -0.000429 1994.0
0.000425 -0.000429 1995.0
0.000425 -0.000429 1996.0
0.000425 -0.000429 1997.0
0.000425 -0.000429 1998.0
0.000425 -0.000429 1999.0
0.000425 -0.000429 2000.0
0.000425 -0.000429 2001.0
0.000425 -0.000429 2002.0
0.000425 -0.000429 2003.0
0.000425 -0.000429 2004.0
0.000425 -0.000429 2005.0
0.000425 -0.000429 2006.0
0.000425 -0.000429 2007.0
0.000425 -0.000429 2008.0
0.000425 -0.000429 2009.0
0.000425 -0.000429 2010.0
0.000425 -0.000429 2011.0
0.000425 -0.000429 2012.0
0.000425 -0.000429 2013.0
0.000425 -0.000429 2014.0
0.000425 -0.000429 2015.0
0.000425 -0.000429 2016.0
0.000425 -0.000429 2017.0
0.000425 -0.000429 2018.0
0.000425 -0.000429 2019.0
0.000425 -0.000429 2020.0
0.000425 -0.000429 2021.0
0.000425 -0.000429 2022.0
0.000425 -0.000429 2023.0
0.000425 -0.000429 2024.0
0.000425 -0.000429 2025.0
0.000425 -0.000429 2026.0
0.000425 -0.000429 2027.0
0.000425 -0.000429 2028.0
0.000425 -0.000429 2029.0
0.000425 -0.000429 2030.0
0.000425 -0.000429 2031.0
0.000425 -0.000429 2032.0
0.000425 -0.000429 2033.0
0.000425 -0.000429 2034.0
0.000425 -0.000429 2035.0
0.000425 -0.000429 2036.0
0.000425 -0.000429 2037.0
0.000425 -0.000428 2038.0
0.000425 -0.000428 2039.0
0.000425 -0.000428 2040.0
0.000425 -0.000428 2041.0
0.000425 -0.000428 2042.0
0.000425 -0.000428 2043.0
0.000425 -0.000428 2044.0
0.000425 -0.000428 2045.0
0.000425 -0.000428 2046.0
0.000425 -0.000428 2047.0
0.000425 -0.000428 2048.0
0.000425 -0.000428 2049.0
0.000425 -0.000428 2050.0
0.000424 -0.000428 2051.0
0.000424 -0.000428 2052.0
0.000424 -0.000428 2053.0
0.000424 -0.000428 2054.0
0.000424 -0.000428 2055.0
0.000424 -0.000428 2056.0
0.000424 -0.000428 2057.0
0.000424 -0.000428 2058.0
0.000424 -0.000428 2059.0
0.000424 -0.000428 2060.0
0.000424 -0.000428 2061.0
0.000424 -0.000428 2062.0
0.000424 -0.000428 2063.0
0.000424 -0.000428 2064.0
0.000424 -0.000428 2065.0
0.000424 -0.000428 2066.0
0.000424 -0.000428 2067.0
0.000424 -0.000428 2068.0
0.000424 -0.000428 2069.0
0.000424 -0.000428 2070.0
0.000424 -0.000428 2071.0
0.000424 -0.000428 2072.0
0.000424 -0.000428 2073.0
0.000424 -0.000428 2074.0
0.000424 -0.000428 2075.0
0.000424 -0.000428 2076.0
0.000424 -0.000428 2077.0
0.000424 -0.000428 2078.0
0.000424 -0.000428 2079.0
0.000424 -0.000428 2080.0
0.000424 -0.000428 2081.0
0.000424 -0.000428 2082.0
0.000424 -0.000428 2083.0
0.000424 -0.000428 2084.0
0.000424 -0.000428 2085.0
0.000424 -0.000428 2086.0
0.000424 -0.000428 2087.0
0.000424 -0.000428 2088.0
0.000424 -0.000428 2089.0
0.000424 -0.000428 2090.0
0.000424 -0.000428 2091.0
0.000424 -0.000428 2092.0
0.000424 -0.000428 2093.0
0.000424 -0.000428 2094.0
0.000424 -0.000428 2095.0
0.000424 -0.000428 2096.0
0.000424 -0.000428 2097.0
0.000424 -0.000428 2098.0
0.000424 -0.000428 2099.0
0.000424 -0.000428 2100.0
0.000424 -0.000428 2101.0
0.000424 -0.000428 2102.0
0.000424 -0.000428 2103.0
0.000424 -0.000428 2104.0
0.000424 -0.000428 2105.0
0.000424 -0.000428 2106.0
0.000424 -0.000428 2107.0
0.000424 -0.000428 2108.0
0.000424 -0.000428 2109.0
0.000424 -0.000428 2110.0
0.000424 -0.000428 2111.0
0.000424 -0.000428 2112.0
0.000424 -0.000428 2113.0
0.000424 -0.000428 2114.0
0.000424 -0.000428 2115.0
0.000424 -0.000428 2116.0
0.000424 -0.000428 2117.0
0.000424 -0.000428 2118.0
0.000424 -0.000428 2119.0
0.000424 -0.000428 2120.0
0.000424 -0.000428 2121.0
0.000424 -0.000428 2122.0
0.000424 -0.000428 2123.0
0.000424 -0.000428 2124.0
0.000424 -0.000428 2125.0
0.000424 -0.000428 2126.0
0.000424 -0.000428 2127.0
0.000424 -0.000428 2128.0
0.000424 -0.000428 2129.0
0.000424 -0.000428 2130.0
0.000424 -0.000428 2131.0
0.000424 -0.000428 2132.0
0.000424 -0.000428 2133.0
0.000424 -0.000428 2134.0
0.000424 -0.000428 2135.0
0.000424 -0.000428 2136.0
0.000424 -0.000428 2137.0
0.000424 -0.000428 2138.0
0.000424 -0.000428 2139.0
0.000424 -0.000428 2140.0
0.000424 -0.000428 2141.0
0.000424 -0.000428 2142.0
0.000424 -0.000428 2143.0
0.000424 -0.000428 2144.0
0.000424 -0.000428 2145.0
0.000424 -0.000428 2146.0
0.000424 -0.000428 2147.0
0.000424 -0.000428 2148.0
0.000424 -0.000428 2149.0
0.000424 -0.000428 2150.0
0.000424 -0.000428 2151.0
0.000424 -0.000428 2152.0
0.000424 -0.000428 2153.0
0.000424 -0.000428 2154.0
0.000424 -0.000428 2155.0
0.000424 -0.000428 2156.0
0.000424 -0.000428 2157.0
0.000424 -0.000428 2158.0
0.000424 -0.000428 2159.0
0.000424 -0.000428 2160.0
0.000424 -0.000428 2161.0
0.000424 -0.000428 2162.0
0.000424 -0.000428 2163.0
0.000424 -0.000428 2164.0
0.000424 -0.000428 2165.0
0.000424 -0.000428 2166.0
0.000424 -0.000428 2167.0
0.000424 -0.000428 2168.0
0.000424 -0.000428 2169.0
0.000424 -0.000428 2170.0
0.000424 -0.000428 2171.0
0.000424 -0.000428 2172.0
0.000424 -0.000428 2173.0
0.000424 -0.000428 2174.0
0.000424 -0.000428 2175.0
0.000424 -0.000428 2176.0
0.000424 -0.000428 2177.0
0.000424 -0.000428 2178.0
0.000424 -0.000428 2179.0
0.000424 -0.000428 2180.0
0.000424 -0.000428 2181.0
0.000424 -0.000428 2182.0
0.000424 -0.000428 2183.0
0.000424 -0.000428 2184.0
0.000424 -0.000428 2185.0
0.000424 -0.000428 2186.0
0.000424 -0.000428 2187.0
0.000424 -0.000428 2188.0
0.000424 -0.000428 2189.0
0.000424 -0.000428 2190.0
0.000424 -0.000428 2191.0
0.000424 -0.000428 2192.0
0.000424 -0.000428 2193.0
0.000424 -0.000428 2194.0
0.000424 -0.000428 2195.0
0.000424 -0.000428 2196.0
0.000424 -0.000428 2197.0
0.000424 -0.000428 2198.0
0.000424 -0.000428 2199.0
0.000424 -0.000428 2200.0
0.000424 -0.000428 2201.0
0.000424 -0.000428 2202.0
0.000424 -0.000428 2203.0
0.000424 -0.000428 2204.0
0.000424 -0.000428 2205.0
0.000424 -0.000428 2206.0
0.000424 -0.000428 2207.0
0.000424 -0.000428 2208.0
0.000424 -0.000428 2209.0
0.000424 -0.000428 2210.0
0.000424 -0.000428 2211.0
0.000424 -0.000428 2212.0
0.000424 -0.000428 2213.0
0.000424 -0.000428 2214.0
0.000424 -0.000428 2215.0
0.000424 -0.000428 2216.0
0.000424 -0.000428 2217.0
0.000424 -0.000428 2218.0
0.000424 -0.000428 2219.0
0.000424 -0.000428 2220.0
0.000424 -0.000428 2221.0
0.000424 -0.000428 2222.0
0.000424 -0.000429 2223.0
0.000424 -0.000429 2224.0
0.000424 -0.000429 2225.0
0.000424 -0.000429 2226.0
0.000424 -0.000429 2227.0
0.000424 -0.000429 2228.0
0.000424 -0.000429 2229.0
0.000424 -0.000429 2230.0
0.000424 -0.000429 2231.0
0.000424 -0.000429 2232.0
0.000424 -0.000429 2233.0
0.000424 -0.000429 2234.0
0.000424 -0.000429 2235.0
0.000424 -0.000429 2236.0
0.000424 -0.000429 2237.0
0.000424 -0.000429 2238.0
0.000424 -0.000429 2239.0
0.000423 -0.000429 2240.0
0.000423 -0.000429 2241.0
0.000423 -0.000429 2242.0
0.000423 -0.000429 2243.0
0.000423 -0.000429 2244.0
0.000423 -0.000429 2245.0
0.000423 -0.000429 2246.0
0.000423 -0.000429 2247.0
0.000423 -0.000429 2248.0
0.000423 -0.000429 2249.0
0.000423 -0.000429 2250.0
0.000423 -0.000429 2251.0
0.000423 -0.000429 2252.0
0.000423 -0.000429 2253.0
0.000423 -0.000429 2254.0
0.000423 -0.000429 2255.0
0.000423 -0.000429 2256.0
0.000423 -0.000429 2257.0
0.000423 -0.000429 2258.0
0.000423 -0.000429 2259.0
0.000423 -0.000429 2260.0
0.000423 -0.000429 2261.0
0.000423 -0.000429 2262.0
0.000423 -0.000429 2263.0
0.000423 -0.000429 2264.0
0.000423 -0.000429 2265.0
0.000423 -0.000429 2266.0
0.000423 -0.000429 2267.0
0.000423 -0.000429 2268.0
0.000423 -0.000429 2269.0
0.000423 -0.000429 2270.0
0.000423 -0.000429 2271.0
0.000423 -0.000429 2272.0
0.000423 -0.000429 2273.0
0.000423 -0.000429 2274.0
0.000423 -0.000429 2275.0
0.000423 -0.000429 2276.0
0.000423 -0.000429 2277.0
0.000423 -0.000429 2278.0
0.000423 -0.000429 2279.0
0.000423 -0.000429 2280.0
0.000423 -0.000429 2281.0
0.000423 -0.000429 2282.0
0.000423 -0.000429 2283.0
0.000423 -0.000429 2284.0
0.000423 -0.000429 2285.0
0.000423 -0.000429 2286.0
0.000423 -0.000429 2287.0
0.000423 -0.000429 2288.0
0.000423 -0.000429 2289.0
0.000423 -0.000429 2290.0
0.000423 -0.000429 2291.0
0.000423 -0.000429 2292.0
0.000423 -0.000429 2293.0
0.000423 -0.000429 2294.0
0.000423 -0.000429 2295.0
0.000423 -0.000429 2296.0
0.000423 -0.000429 2297.0
0.000423 -0.000429 2298.0
0.000423 -0.000429 2299.0
0.000423 -0.000429 2300.0
0.000423 -0.000429 2301.0
0.000423 -0.000429 2302.0
0.000423 -0.000429 2303.0
0.000423 -0.000429 2304.0
0.000423 -0.000429 2305.0
0.000423 -0.000429 2306.0
0.000423 -0.000429 2307.0
0.000423 -0.000429 2308.0
0.000423 -0.000429 2309.0
0.000423 -0.000429 2310.0
0.000423 -0.000429 2311.0
0.000423 -0.000429 2312.0
0.000423 -0.000429 2313.0
0.000423 -0.000428 2314.0
0.000423 -0.000428 2315.0
0.000423 -0.000428 2316.0
0.000423 -0.000428 2317.0
0.000423 -0.000428 2318.0
0.000423 -0.000428 2319.0
0.000423 -0.000428 2320.0
0.000423 -0.000428 2321.0
0.000423 -0.000428 2322.0
0.000423 -0.000428 2323.0
0.000423 -0.000428 2324.0
0.000423 -0.000428 2325.0
0.000423 -0.000428 2326.0
0.000423 -0.000428 2327.0
0.000423 -0.000428 2328.0
0.000423 -0.000428 2329.0
0.000423 -0.000428 2330.0
0.000423 -0.000428 2331.0
0.000423 -0.000428 2332.0
0.000423 -0.000428 2333.0
0.000423 -0.000428 2334.0
0.000423 -0.000428 2335.0
0.000423 -0.000428 2336.0
0.000423 -0.000428 2337.0
0.000423 -0.000428 2338.0
0.000423 -0.000428 2339.0
0.000423 -0.000428 2340.0
0.000423 -0.000428 2341.0
0.000423 -0.000428 2342.0
0.000423 -0.000428 2343.0
0.000423 -0.000428 2344.0
0.000423 -0.000428 2345.0
0.000423 -0.000428 2346.0
0.000423 -0.000428 2347.0
0.000423 -0.000428 2348.0
0.000423 -0.000428 2349.0
0.000423 -0.000428 2350.0
0.000423 -0.000428 2351.0
0.000423 -0.000428 2352.0
0.000423 -0.000428 2353.0
0.000423 -0.000428 2354.0
0.000423 -0.000428 2355.0
0.000423 -0.000428 2356.0
0.000423 -0.000428 2357.0
0.000423 -0.000428 2358.0
0.000423 -0.000428 2359.0
0.000423 -0.000428 2360.0
0.000423 -0.000428 2361.0
0.000423 -0.000428 2362.0
0.000423 -0.000428 2363.0
0.000423 -0.000428 2364.0
0.000423 -0.000428 2365.0
0.000423 -0.000428 2366.0
0.000423 -0.000428 2367.0
0.000423 -0.000428 2368.0
0.000423 -0.000428 2369.0
0.000423 -0.000428 2370.0
0.000423 -0.000428 2371.0
0.000423 -0.000428 2372.0
0.000423 -0.000428 2373.0
0.000423 -0.000428 2374.0
0.000423 -0.000428 2375.0
0.000423 -0.000428 2376.0
0.000423 -0.000428 2377.0
0.000423 -0.000428 2378.0
0.000423 -0.000428 2379.0
0.000423 -0.000428 2380.0
0.000423 -0.000428 2381.0
0.000423 -0.000428 2382.0
0.000423 -0.000428 2383.0
0.000423 -0.000428 2384.0
0.000423 -0.000428 2385.0
0.000423 -0.000428 2386.0
0.000423 -0.000428 2387.0
0.000423 -0.000428 2388.0
0.000423 -0.000428 2389.0
0.000423 -0.000428 2390.0
0.000423 -0.000428 2391.0
0.000423 -0.000428 2392.0
0.000423 -0.000428 2393.0
0.000423 -0.000428 2394.0
0.000423 -0.000428 2395.0
0.000423 -0.000428 2396.0
0.000423 -0.000428 2397.0
0.000423 -0.000428 2398.0
0.000423 -0.000428 2399.0
0.000423 -0.000428 2400.0
0.000423 -0.000428 2401.0
0.000423 -0.000428 2402.0
0.000423 -0.000428 2403.0
0.000423 -0.000428 2404.0
0.000423 -0.000428 2405.0
0.000423 -0.000428 2406.0
0.000423 -0.000428 2407.0
0.000423 -0.000427 2408.0
0.000423 -0.000427 2409.0
0.000423 -0.000427 2410.0
0.000423 -0.000427 2411.0
0.000423 -0.000427 2412.0
0.000423 -0.000427 2413.0
0.000423 -0.000427 2414.0
0.000423 -0.000427 2415.0
0.000423 -0.000427 2416.0
0.000423 -0.000427 2417.0
0.000423 -0.000427 2418.0
0.000423 -0.000427 2419.0
0.000423 -0.000427 2420.0
0.000423 -0.000427 2421.0
0.000423 -0.000427 2422.0
0.000423 -0.000427 2423.0
0.000423 -0.000427 2424.0
0.000423 -0.000427 2425.0
0.000423 -0.000427 2426.0
0.000423 -0.000426 2427.0
0.000423 -0.000426 2428.0
0.000423 -0.000426 2429.0
0.000423 -0.000426 2430.0
0.000423 -0.000426 2431.0
0.000423 -0.000426 2432.0
0.000423 -0.000426 2433.0
0.000423 -0.000426 2434.0
0.000423 -0.000426 2435.0
0.000423 -0.000426 2436.0
0.000423 -0.000426 2437.0
0.000423 -0.000426 2438.0
0.000423 -0.000426 2439.0
0.000423 -0.000426 2440.0
0.000423 -0.000426 2441.0
0.000423 -0.000426 2442.0
0.000423 -0.000426 2443.0
0.000423 -0.000426 2444.0
0.000423 -0.000426 2445.0
0.000423 -0.000425 2446.0
0.000422 -0.000425 2447.0
0.000422 -0.000425 2448.0
0.000422 -0.000425 2449.0
0.000422 -0.000425 2450.0
0.000422 -0.000425 2451.0
0.000422 -0.000425 2452.0
0.000422 -0.000425 2453.0
0.000422 -0.000425 2454.0
0.000422 -0.000425 2455.0
0.000422 -0.000425 2456.0
