0.000688 -0.000617 24.0
0.000688 -0.000616 25.0
0.000688 -0.000615 26.0
0.000688 -0.000614 27.0
0.000688 -0.000614 28.0
0.000688 -0.000613 29.0
0.000688 -0.000612 30.0
0.000688 -0.000612 31.0
0.000688 -0.000611 32.0
0.000688 -0.000610 33.0
0.000688 -0.000609 34.0
0.000688 -0.000609 35.0
0.000688 -0.000608 36.0
0.000688 -0.000607 37.0
0.000688 -0.000607 38.0
0.000688 -0.000606 39.0
0.000688 -0.000605 40.0
0.000688 -0.000604 41.0
0.000688 -0.000604 42.0
0.000688 -0.000603 43.0
0.000688 -0.000602 44.0
0.000688 -0.000602 45.0
0.000688 -0.000601 46.0
0.000688 -0.000600 47.0
0.000688 -0.000599 48.0
0.000688 -0.000599 49.0
0.000688 -0.000598 50.0
0.000688 -0.000597 51.0
0.000688 -0.000597 52.0
0.000688 -0.000596 53.0
0.000688 -0.000595 54.0
0.000688 -0.000595 55.0
0.000688 -0.000594 56.0
0.000688 -0.000593 57.0
0.000688 -0.000592 58.0
0.000688 -0.000592 59.0
0.000688 -0.000591 60.0
0.000688 -0.000590 61.0
0.000688 -0.000590 62.0
0.000688 -0.000589 63.0
0.000688 -0.000588 64.0
0.000688 -0.000587 65.0
0.000688 -0.000587 66.0
0.000688 -0.000586 67.0
0.000688 -0.000585 68.0
0.000688 -0.000585 69.0
0.000688 -0.000584 70.0
0.000688 -0.000583 71.0
0.000688 -0.000582 72.0
0.000688 -0.000582 73.0
0.000688 -0.000581 74.0
0.000688 -0.000580 75.0
0.000688 -0.000580 76.0
0.000688 -0.000579 77.0
0.000688 -0.000578 78.0
0.000688 -0.000577 79.0
0.000688 -0.000577 80.0
0.000688 -0.000576 81.0
0.000688 -0.000575 82.0
0.000688 -0.000575 83.0
0.000688 -0.000575 84.0
0.000688 -0.000574 85.0
0.000688 -0.000574 86.0
0.000688 -0.000573 87.0
0.000688 -0.000572 88.0
0.000688 -0.000572 89.0
0.000688 -0.000571 90.0
0.000688 -0.000571 91.0
0.000688 -0.000570 92.0
0.000688 -0.000569 93.0
0.000688 -0.000569 94.0
0.000688 -0.000568 95.0
0.000689 -0.000568 96.0
0.000689 -0.000567 97.0
0.000689 -0.000567 98.0
0.000689 -0.000566 99.0
0.000689 -0.000565 100.0
0.000689 -0.000565 101.0
0.000689 -0.000564 102.0
0.000689 -0.000564 103.0
0.000689 -0.000563 104.0
0.000689 -0.000562 105.0
0.000689 -0.000562 106.0
0.000689 -0.000561 107.0
0.000689 -0.000561 108.0
0.000690 -0.000560 109.0
0.000690 -0.000560 110.0
0.000690 -0.000559 111.0
0.000690 -0.000558 112.0
0.000690 -0.000558 113.0
0.000690 -0.000557 114.0
0.000690 -0.000557 115.0
0.000690 -0.000556 116.0
0.000690 -0.000555 117.0
0.000690 -0.000555 118.0
0.000690 -0.000554 119.0
0.000690 -0.000554 120.0
0.000690 -0.000553 121.0
0.000691 -0.000553 122.0
0.000691 -0.000552 123.0
0.000691 -0.000551 124.0
0.000691 -0.000551 125.0
0.000691 -0.000550 126.0
0.000691 -0.000550 127.0
0.000691 -0.000549 128.0
0.000691 -0.000548 129.0
0.000691 -0.000548 130.0
0.000691 -0.000547 131.0
0.000691 -0.000547 132.0
0.000691 -0.000546 133.0
0.000691 -0.000545 134.0
0.000691 -0.000545 135.0
0.000692 -0.000544 136.0
0.000692 -0.000544 137.0
0.000692 -0.000543 138.0
0.000692 -0.000543 139.0
0.000692 -0.000542 140.0
0.000692 -0.000541 141.0
0.000692 -0.000541 142.0
0.000693 -0.000541 143.0
0.000693 -0.000541 144.0
0.000693 -0.000541 145.0
0.000693 -0.000541 146.0
0.000693 -0.000541 147.0
0.000693 -0.000541 148.0
0.000693 -0.000541 149.0
0.000693 -0.000541 150.0
0.000693 -0.000541 151.0
0.000693 -0.000540 152.0
0.000693 -0.000540 153.0
0.000693 -0.000540 154.0
0.000693 -0.000540 155.0
0.000693 -0.000540 156.0
0.000693 -0.000540 157.0
0.000693 -0.000540 158.0
0.000694 -0.000540 159.0
0.000694 -0.000540 160.0
0.000694 -0.000540 161.0
0.000694 -0.000540 162.0
0.000694 -0.000540 163.0
0.000694 -0.000540 164.0
0.000694 -0.000540 165.0
0.000694 -0.000540 166.0
0.000694 -0.000540 167.0
0.000694 -0.000539 168.0
0.000694 -0.000539 169.0
0.000694 -0.000539 170.0
0.000694 -0.000539 171.0
0.000694 -0.000539 172.0
0.000694 -0.000539 173.0
0.000694 -0.000539 174.0
0.000694 -0.000539 175.0
0.000694 -0.000539 176.0
0.000694 -0.000539 177.0
0.000694 -0.000539 178.0
0.000694 -0.000539 179.0
0.000694 -0.000539 180.0
0.000694 -0.000539 181.0
0.000694 -0.000539 182.0
0.000694 -0.000538 183.0
0.000694 -0.000539 184.0
0.000694 -0.000539 185.0
0.000694 -0.000539 186.0
0.000694 -0.000539 187.0
0.000694 -0.000539 188.0
0.000694 -0.000539 189.0
0.000694 -0.000539 190.0
0.000694 -0.000539 191.0
0.000694 -0.000539 192.0
0.000694 -0.000539 193.0
0.000694 -0.000538 194.0
0.000694 -0.000538 195.0
0.000694 -0.000538 196.0
0.000695 -0.000538 197.0
0.000695 -0.000537 198.0
0.000695 -0.000537 199.0
0.000695 -0.000537 200.0
0.000695 -0.000537 201.0
0.000695 -0.000537 202.0
0.000695 -0.000536 203.0
0.000695 -0.000536 204.0
0.000695 -0.000536 205.0
0.000695 -0.000536 206.0
0.000696 -0.000535 207.0
0.000696 -0.000535 208.0
0.000696 -0.000535 209.0
0.000696 -0.000535 210.0
0.000696 -0.000535 211.0
0.000696 -0.000534 212.0
0.000696 -0.000534 213.0
0.000696 -0.000534 214.0
0.000696 -0.000534 215.0
0.000696 -0.000533 216.0
0.000697 -0.000533 217.0
0.000697 -0.000533 218.0
0.000697 -0.000533 219.0
0.000697 -0.000532 220.0
0.000697 -0.000532 221.0
0.000697 -0.000532 222.0
0.000697 -0.000532 223.0
0.000697 -0.000532 224.0
0.000697 -0.000531 225.0
0.000697 -0.000531 226.0
0.000698 -0.000531 227.0
0.000698 -0.000531 228.0
0.000698 -0.000530 229.0
0.000698 -0.000530 230.0
0.000698 -0.000530 231.0
0.000698 -0.000530 232.0
0.000698 -0.000530 233.0
0.000698 -0.000529 234.0
0.000698 -0.000529 235.0
0.000698 -0.000529 236.0
0.000699 -0.000529 237.0
0.000699 -0.000528 238.0
0.000699 -0.000528 239.0
0.000699 -0.000528 240.0
0.000699 -0.000528 241.0
0.000699 -0.000527 242.0
0.000699 -0.000527 243.0
0.000699 -0.000527 244.0
0.000699 -0.000527 245.0
0.000700 -0.000528 246.0
0.000701 -0.000528 247.0
0.000701 -0.000528 248.0
0.000701 -0.000528 249.0
0.000701 -0.000528 250.0
0.000702 -0.000528 251.0
0.000702 -0.000528 252.0
0.000702 -0.000529 253.0
0.000703 -0.000529 254.0
0.000703 -0.000529 255.0
0.000703 -0.000529 256.0
0.000703 -0.000529 257.0
0.000704 -0.000529 258.0
0.000704 -0.000529 259.0
0.000704 -0.000530 260.0
0.000704 -0.000530 261.0
0.000705 -0.000530 262.0
0.000705 -0.000530 263.0
0.000705 -0.000530 264.0
0.000706 -0.000530 265.0
0.000706 -0.000530 266.0
0.000706 -0.000531 267.0
0.000706 -0.000531 268.0
0.000707 -0.000531 269.0
0.000707 -0.000531 270.0
0.000707 -0.000531 271.0
0.000707 -0.000531 272.0
0.000708 -0.000531 273.0
0.000708 -0.000532 274.0
0.000708 -0.000532 275.0
0.000709 -0.000532 276.0
0.000709 -0.000532 277.0
0.000709 -0.000532 278.0
0.000709 -0.000532 279.0
0.000710 -0.000532 280.0
0.000710 -0.000533 281.0
0.000710 -0.000533 282.0
0.000711 -0.000533 283.0
0.000711 -0.000533 284.0
0.000711 -0.000533 285.0
0.000711 -0.000533 286.0
0.000712 -0.000534 287.0
0.000712 -0.000534 288.0
0.000712 -0.000534 289.0
0.000712 -0.000534 290.0
0.000713 -0.000534 291.0
0.000713 -0.000534 292.0
0.000713 -0.000534 293.0
0.000714 -0.000535 294.0
0.000714 -0.000535 295.0
0.000714 -0.000535 296.0
0.000714 -0.000535 297.0
0.000715 -0.000535 298.0
0.000715 -0.000535 299.0
0.000715 -0.000535 300.0
0.000715 -0.000536 301.0
0.000716 -0.000536 302.0
0.000716 -0.000536 303.0
0.000716 -0.000536 304.0
0.000717 -0.000536 305.0
0.000717 -0.000535 306.0
0.000717 -0.000535 307.0
0.000717 -0.000535 308.0
0.000717 -0.000535 309.0
0.000717 -0.000535 310.0
0.000717 -0.000535 311.0
0.000717 -0.000535 312.0
0.000717 -0.000534 313.0
0.000717 -0.000534 314.0
0.000717 -0.000534 315.0
0.000717 -0.000534 316.0
0.000717 -0.000534 317.0
0.000717 -0.000534 318.0
0.000717 -0.000534 319.0
0.000717 -0.000534 320.0
0.000717 -0.000534 321.0
0.000717 -0.000534 322.0
0.000717 -0.000534 323.0
0.000717 -0.000534 324.0
0.000717 -0.000534 325.0
0.000717 -0.000534 326.0
0.000717 -0.000534 327.0
0.000717 -0.000534 328.0
0.000717 -0.000534 329.0
0.000717 -0.000534 330.0
0.000717 -0.000534 331.0
0.000717 -0.000534 332.0
0.000717 -0.000534 333.0
0.000717 -0.000534 334.0
0.000717 -0.000534 335.0
0.000717 -0.000534 336.0
0.000717 -0.000534 337.0
0.000717 -0.000534 338.0
0.000717 -0.000534 339.0
0.000717 -0.000534 340.0
0.000717 -0.000534 341.0
0.000717 -0.000534 342.0
0.000717 -0.000534 343.0
0.000717 -0.000534 344.0
0.000717 -0.000534 345.0
0.000717 -0.000534 346.0
0.000718 -0.000534 347.0
0.000718 -0.000534 348.0
0.000718 -0.000534 349.0
0.000718 -0.000534 350.0
0.000718 -0.000534 351.0
0.000718 -0.000534 352.0
0.000718 -0.000534 353.0
0.000718 -0.000534 354.0
0.000718 -0.000534 355.0
0.000718 -0.000534 356.0
0.000718 -0.000534 357.0
0.000718 -0.000534 358.0
0.000718 -0.000534 359.0
0.000718 -0.000534 360.0
0.000718 -0.000534 361.0
0.000718 -0.000534 362.0
0.000718 -0.000534 363.0
0.000718 -0.000534 364.0
0.000718 -0.000534 365.0
0.000718 -0.000534 366.0
0.000718 -0.000534 367.0
0.000718 -0.000534 368.0
0.000718 -0.000534 369.0
0.000718 -0.000534 370.0
0.000718 -0.000535 371.0
0.000717 -0.000535 372.0
0.000717 -0.000535 373.0
0.000717 -0.000535 374.0
0.000717 -0.000535 375.0
0.000717 -0.000535 376.0
0.000717 -0.000536 377.0
0.000717 -0.000536 378.0
0.000717 -0.000536 379.0
0.000717 -0.000536 380.0
0.000717 -0.000536 381.0
0.000717 -0.000536 382.0
0.000717 -0.000537 383.0
0.000717 -0.000537 384.0
0.000717 -0.000537 385.0
0.000717 -0.000537 386.0
0.000717 -0.000537 387.0
0.000717 -0.000537 388.0
0.000717 -0.000538 389.0
0.000717 -0.000538 390.0
0.000717 -0.000538 391.0
0.000716 -0.000538 392.0
0.000716 -0.000538 393.0
0.000716 -0.000538 394.0
0.000716 -0.000539 395.0
0.000716 -0.000539 396.0
0.000716 -0.000539 397.0
0.000716 -0.000539 398.0
0.000716 -0.000539 399.0
0.000716 -0.000539 400.0
0.000716 -0.000540 401.0
0.000716 -0.000540 402.0
0.000716 -0.000540 403.0
0.000716 -0.000540 404.0
0.000716 -0.000540 405.0
0.000716 -0.000540 406.0
0.000716 -0.000541 407.0
0.000716 -0.000541 408.0
0.000716 -0.000541 409.0
0.000716 -0.000541 410.0
0.000716 -0.000541 411.0
0.000715 -0.000541 412.0
0.000715 -0.000542 413.0
0.000715 -0.000542 414.0
0.000715 -0.000542 415.0
0.000715 -0.000542 416.0
0.000715 -0.000542 417.0
0.000715 -0.000542 418.0
0.000715 -0.000543 419.0
0.000715 -0.000543 420.0
0.000715 -0.000543 421.0
0.000715 -0.000543 422.0
0.000715 -0.000543 423.0
0.000715 -0.000543 424.0
0.000715 -0.000544 425.0
0.000715 -0.000544 426.0
0.000715 -0.000544 427.0
0.000715 -0.000544 428.0
0.000715 -0.000544 429.0
0.000715 -0.000544 430.0
0.000715 -0.000545 431.0
0.000714 -0.000544 432.0
0.000714 -0.000544 433.0
0.000714 -0.000543 434.0
0.000714 -0.000543 435.0
0.000714 -0.000542 436.0
0.000714 -0.000542 437.0
0.000714 -0.000541 438.0
0.000713 -0.000540 439.0
0.000713 -0.000540 440.0
0.000713 -0.000539 441.0
0.000713 -0.000539 442.0
0.000713 -0.000538 443.0
0.000713 -0.000538 444.0
0.000713 -0.000537 445.0
0.000713 -0.000537 446.0
0.000713 -0.000536 447.0
0.000713 -0.000535 448.0
0.000713 -0.000535 449.0
0.000713 -0.000534 450.0
0.000713 -0.000534 451.0
0.000713 -0.000533 452.0
0.000713 -0.000533 453.0
0.000713 -0.000532 454.0
0.000713 -0.000532 455.0
0.000713 -0.000531 456.0
0.000713 -0.000531 457.0
0.000713 -0.000530 458.0
0.000713 -0.000529 459.0
0.000713 -0.000529 460.0
0.000713 -0.000528 461.0
0.000712 -0.000528 462.0
0.000712 -0.000527 463.0
0.000712 -0.000527 464.0
0.000712 -0.000526 465.0
0.000712 -0.000526 466.0
0.000712 -0.000525 467.0
0.000712 -0.000524 468.0
0.000712 -0.000524 469.0
0.000712 -0.000523 470.0
0.000712 -0.000523 471.0
0.000712 -0.000522 472.0
0.000712 -0.000522 473.0
0.000712 -0.000521 474.0
0.000712 -0.000521 475.0
0.000712 -0.000520 476.0
0.000712 -0.000520 477.0
0.000712 -0.000519 478.0
0.000712 -0.000518 479.0
0.000712 -0.000518 480.0
0.000712 -0.000517 481.0
0.000712 -0.000517 482.0
0.000712 -0.000516 483.0
0.000711 -0.000516 484.0
0.000711 -0.000515 485.0
0.000711 -0.000515 486.0
0.000711 -0.000515 487.0
0.000711 -0.000514 488.0
0.000711 -0.000514 489.0
0.000711 -0.000513 490.0
0.000711 -0.000513 491.0
0.000711 -0.000512 492.0
0.000712 -0.000511 493.0
0.000712 -0.000511 494.0
0.000712 -0.000510 495.0
0.000712 -0.000510 496.0
0.000712 -0.000509 497.0
0.000712 -0.000509 498.0
0.000712 -0.000508 499.0
0.000712 -0.000508 500.0
0.000712 -0.000507 501.0
0.000712 -0.000507 502.0
0.000713 -0.000506 503.0
0.000713 -0.000506 504.0
0.000713 -0.000505 505.0
0.000713 -0.000505 506.0
0.000713 -0.000504 507.0
0.000713 -0.000504 508.0
0.000713 -0.000503 509.0
0.000713 -0.000502 510.0
0.000713 -0.000502 511.0
0.000714 -0.000501 512.0
0.000714 -0.000501 513.0
0.000714 -0.000500 514.0
0.000714 -0.000500 515.0
0.000714 -0.000499 516.0
0.000714 -0.000499 517.0
0.000714 -0.000498 518.0
0.000714 -0.000498 519.0
0.000714 -0.000497 520.0
0.000714 -0.000497 521.0
0.000715 -0.000496 522.0
0.000715 -0.000496 523.0
0.000715 -0.000495 524.0
0.000715 -0.000495 525.0
0.000715 -0.000494 526.0
0.000715 -0.000493 527.0
0.000715 -0.000493 528.0
0.000715 -0.000492 529.0
0.000715 -0.000492 530.0
0.000715 -0.000491 531.0
0.000716 -0.000491 532.0
0.000716 -0.000490 533.0
0.000716 -0.000490 534.0
0.000716 -0.000489 535.0
0.000716 -0.000489 536.0
0.000716 -0.000488 537.0
0.000716 -0.000488 538.0
0.000716 -0.000487 539.0
0.000716 -0.000487 540.0
0.000716 -0.000486 541.0
0.000717 -0.000485 542.0
0.000717 -0.000485 543.0
0.000717 -0.000484 544.0
0.000717 -0.000484 545.0
0.000718 -0.000484 546.0
0.000718 -0.000484 547.0
0.000718 -0.000484 548.0
0.000718 -0.000484 549.0
0.000718 -0.000484 550.0
0.000718 -0.000483 551.0
0.000718 -0.000483 552.0
0.000718 -0.000483 553.0
0.000718 -0.000483 554.0
0.000718 -0.000483 555.0
0.000718 -0.000482 556.0
0.000718 -0.000482 557.0
0.000718 -0.000482 558.0
0.000718 -0.000482 559.0
0.000719 -0.000482 560.0
0.000719 -0.000481 561.0
0.000719 -0.000481 562.0
0.000719 -0.000481 563.0
0.000719 -0.000481 564.0
0.000719 -0.000481 565.0
0.000719 -0.000480 566.0
0.000719 -0.000480 567.0
0.000719 -0.000480 568.0
0.000719 -0.000480 569.0
0.000719 -0.000480 570.0
0.000719 -0.000480 571.0
0.000719 -0.000479 572.0
0.000719 -0.000479 573.0
0.000719 -0.000479 574.0
0.000719 -0.000479 575.0
0.000719 -0.000479 576.0
0.000719 -0.000478 577.0
0.000719 -0.000478 578.0
0.000719 -0.000478 579.0
0.000719 -0.000478 580.0
0.000719 -0.000478 581.0
0.000719 -0.000477 582.0
0.000719 -0.000477 583.0
0.000719 -0.000477 584.0
0.000719 -0.000477 585.0
0.000719 -0.000477 586.0
0.000719 -0.000476 587.0
0.000719 -0.000476 588.0
0.000719 -0.000476 589.0
0.000719 -0.000476 590.0
0.000719 -0.000476 591.0
0.000719 -0.000475 592.0
0.000719 -0.000475 593.0
0.000719 -0.000475 594.0
0.000719 -0.000475 595.0
0.000719 -0.000475 596.0
0.000719 -0.000474 597.0
0.000719 -0.000474 598.0
0.000719 -0.000474 599.0
0.000719 -0.000474 600.0
0.000719 -0.000474 601.0
0.000719 -0.000473 602.0
0.000719 -0.000473 603.0
0.000719 -0.000473 604.0
0.000719 -0.000473 605.0
0.000719 -0.000473 606.0
0.000719 -0.000473 607.0
0.000719 -0.000473 608.0
0.000719 -0.000473 609.0
0.000719 -0.000473 610.0
0.000719 -0.000473 611.0
0.000720 -0.000473 612.0
0.000720 -0.000473 613.0
0.000720 -0.000473 614.0
0.000720 -0.000473 615.0
0.000720 -0.000473 616.0
0.000720 -0.000472 617.0
0.000720 -0.000472 618.0
0.000720 -0.000472 619.0
0.000720 -0.000472 620.0
0.000720 -0.000472 621.0
0.000720 -0.000472 622.0
0.000720 -0.000472 623.0
0.000720 -0.000472 624.0
0.000720 -0.000472 625.0
0.000720 -0.000472 626.0
0.000720 -0.000472 627.0
0.000720 -0.000472 628.0
0.000720 -0.000472 629.0
0.000720 -0.000472 630.0
0.000720 -0.000472 631.0
0.000720 -0.000472 632.0
0.000720 -0.000472 633.0
0.000720 -0.000472 634.0
0.000720 -0.000472 635.0
0.000720 -0.000472 636.0
0.000720 -0.000472 637.0
0.000720 -0.000472 638.0
0.000720 -0.000472 639.0
0.000720 -0.000472 640.0
0.000720 -0.000471 641.0
0.000720 -0.000471 642.0
0.000720 -0.000471 643.0
0.000721 -0.000471 644.0
0.000721 -0.000471 645.0
0.000721 -0.000471 646.0
0.000721 -0.000471 647.0
0.000721 -0.000471 648.0
0.000721 -0.000471 649.0
0.000721 -0.000471 650.0
0.000721 -0.000471 651.0
0.000721 -0.000471 652.0
0.000721 -0.000471 653.0
0.000721 -0.000471 654.0
0.000721 -0.000471 655.0
0.000721 -0.000471 656.0
0.000721 -0.000471 657.0
0.000721 -0.000471 658.0
0.000721 -0.000471 659.0
0.000721 -0.000471 660.0
0.000721 -0.000471 661.0
0.000721 -0.000471 662.0
0.000721 -0.000471 663.0
0.000721 -0.000471 664.0
0.000721 -0.000471 665.0
0.000721 -0.000470 666.0
0.000721 -0.000471 667.0
0.000721 -0.000471 668.0
0.000721 -0.000471 669.0
0.000722 -0.000471 670.0
0.000722 -0.000471 671.0
0.000722 -0.000471 672.0
0.000722 -0.000471 673.0
0.000722 -0.000471 674.0
0.000722 -0.000471 675.0
0.000722 -0.000471 676.0
0.000722 -0.000471 677.0
0.000722 -0.000471 678.0
0.000722 -0.000471 679.0
0.000722 -0.000471 680.0
0.000722 -0.000471 681.0
0.000722 -0.000471 682.0
0.000722 -0.000471 683.0
0.000722 -0.000471 684.0
0.000722 -0.000472 685.0
0.000722 -0.000472 686.0
0.000722 -0.000472 687.0
0.000722 -0.000472 688.0
0.000722 -0.000472 689.0
0.000722 -0.000472 690.0
0.000722 -0.000472 691.0
0.000722 -0.000472 692.0
0.000722 -0.000472 693.0
0.000722 -0.000472 694.0
0.000722 -0.000472 695.0
0.000722 -0.000472 696.0
0.000722 -0.000472 697.0
0.000722 -0.000472 698.0
0.000722 -0.000472 699.0
0.000722 -0.000472 700.0
0.000722 -0.000472 701.0
0.000722 -0.000472 702.0
0.000722 -0.000472 703.0
0.000722 -0.000472 704.0
0.000723 -0.000472 705.0
0.000723 -0.000472 706.0
0.000723 -0.000472 707.0
0.000723 -0.000473 708.0
0.000723 -0.000473 709.0
0.000723 -0.000473 710.0
0.000723 -0.000473 711.0
0.000723 -0.000473 712.0
0.000723 -0.000473 713.0
0.000723 -0.000473 714.0
0.000723 -0.000473 715.0
0.000723 -0.000473 716.0
0.000723 -0.000473 717.0
0.000723 -0.000473 718.0
0.000723 -0.000473 719.0
0.000723 -0.000473 720.0
0.000723 -0.000473 721.0
0.000723 -0.000473 722.0
0.000723 -0.000473 723.0
0.000723 -0.000473 724.0
0.000723 -0.000473 725.0
0.000723 -0.000473 726.0
0.000723 -0.000473 727.0
0.000723 -0.000473 728.0
0.000723 -0.000473 729.0
0.000723 -0.000473 730.0
0.000723 -0.000473 731.0
0.000723 -0.000473 732.0
0.000723 -0.000473 733.0
0.000723 -0.000473 734.0
0.000723 -0.000473 735.0
0.000723 -0.000473 736.0
0.000723 -0.000473 737.0
0.000723 -0.000473 738.0
0.000723 -0.000473 739.0
0.000723 -0.000473 740.0
0.000723 -0.000473 741.0
0.000723 -0.000473 742.0
0.000723 -0.000473 743.0
0.000723 -0.000473 744.0
0.000723 -0.000473 745.0
0.000723 -0.000473 746.0
0.000723 -0.000473 747.0
0.000723 -0.000473 748.0
0.000723 -0.000473 749.0
0.000723 -0.000473 750.0
0.000723 -0.000473 751.0
0.000723 -0.000473 752.0
0.000723 -0.000473 753.0
0.000723 -0.000473 754.0
0.000723 -0.000472 755.0
0.000723 -0.000472 756.0
0.000723 -0.000472 757.0
0.000723 -0.000472 758.0
0.000723 -0.000472 759.0
0.000723 -0.000472 760.0
0.000723 -0.000472 761.0
0.000723 -0.000472 762.0
0.000723 -0.000472 763.0
0.000723 -0.000472 764.0
0.000723 -0.000472 765.0
0.000723 -0.000472 766.0
0.000723 -0.000472 767.0
0.000723 -0.000472 768.0
0.000723 -0.000472 769.0
0.000723 -0.000472 770.0
0.000723 -0.000472 771.0
0.000723 -0.000472 772.0
0.000723 -0.000472 773.0
0.000723 -0.000472 774.0
0.000723 -0.000472 775.0
0.000723 -0.000472 776.0
0.000723 -0.000472 777.0
0.000723 -0.000472 778.0
0.000723 -0.000472 779.0
0.000723 -0.000472 780.0
0.000723 -0.000472 781.0
0.000723 -0.000472 782.0
0.000723 -0.000472 783.0
0.000723 -0.000472 784.0
0.000723 -0.000472 785.0
0.000723 -0.000472 786.0
0.000722 -0.000472 787.0
0.000722 -0.000472 788.0
0.000722 -0.000472 789.0
0.000722 -0.000472 790.0
0.000722 -0.000472 791.0
0.000722 -0.000472 792.0
0.000722 -0.000472 793.0
0.000722 -0.000472 794.0
0.000722 -0.000472 795.0
0.000722 -0.000472 796.0
0.000722 -0.000472 797.0
0.000722 -0.000472 798.0
0.000722 -0.000472 799.0
0.000722 -0.000472 800.0
0.000722 -0.000472 801.0
0.000722 -0.000472 802.0
0.000722 -0.000472 803.0
0.000722 -0.000472 804.0
0.000722 -0.000472 805.0
0.000722 -0.000472 806.0
0.000722 -0.000472 807.0
0.000723 -0.000472 808.0
0.000723 -0.000472 809.0
0.000723 -0.000472 810.0
0.000723 -0.000472 811.0
0.000723 -0.000472 812.0
0.000723 -0.000472 813.0
0.000723 -0.000472 814.0
0.000723 -0.000472 815.0
0.000723 -0.000472 816.0
0.000723 -0.000472 817.0
0.000723 -0.000472 818.0
0.000723 -0.000472 819.0
0.000723 -0.000472 820.0
0.000723 -0.000472 821.0
0.000723 -0.000472 822.0
0.000723 -0.000472 823.0
0.000723 -0.000472 824.0
0.000723 -0.000472 825.0
0.000723 -0.000472 826.0
0.000723 -0.000472 827.0
0.000723 -0.000472 828.0
0.000723 -0.000472 829.0
0.000723 -0.000472 830.0
0.000723 -0.000472 831.0
0.000723 -0.000472 832.0
0.000723 -0.000472 833.0
0.000723 -0.000472 834.0
0.000723 -0.000472 835.0
0.000723 -0.000472 836.0
0.000723 -0.000472 837.0
0.000723 -0.000472 838.0
0.000723 -0.000472 839.0
0.000723 -0.000472 840.0
0.000723 -0.000472 841.0
0.000723 -0.000472 842.0
0.000723 -0.000472 843.0
0.000723 -0.000472 844.0
0.000723 -0.000472 845.0
0.000723 -0.000472 846.0
0.000723 -0.000472 847.0
0.000723 -0.000472 848.0
0.000723 -0.000472 849.0
0.000723 -0.000472 850.0
0.000723 -0.000472 851.0
0.000723 -0.000472 852.0
0.000723 -0.000471 853.0
0.000723 -0.000471 854.0
0.000723 -0.000471 855.0
0.000723 -0.000471 856.0
0.000723 -0.000471 857.0
0.000723 -0.000471 858.0
0.000723 -0.000471 859.0
0.000723 -0.000471 860.0
0.000723 -0.000471 861.0
0.000723 -0.000471 862.0
0.000723 -0.000471 863.0
0.000723 -0.000471 864.0
0.000723 -0.000471 865.0
0.000723 -0.000471 866.0
0.000723 -0.000470 867.0
0.000723 -0.000470 868.0
0.000723 -0.000470 869.0
0.000723 -0.000470 870.0
0.000723 -0.000470 871.0
0.000723 -0.000470 872.0
0.000723 -0.000470 873.0
0.000723 -0.000470 874.0
0.000723 -0.000470 875.0
0.000723 -0.000470 876.0
0.000723 -0.000470 877.0
0.000723 -0.000470 878.0
0.000723 -0.000470 879.0
0.000723 -0.000469 880.0
0.000723 -0.000469 881.0
0.000723 -0.000469 882.0
0.000723 -0.000469 883.0
0.000723 -0.000469 884.0
0.000723 -0.000469 885.0
0.000723 -0.000469 886.0
0.000723 -0.000469 887.0
0.000723 -0.000469 888.0
0.000723 -0.000469 889.0
0.000723 -0.000468 890.0
0.000724 -0.000468 891.0
0.000724 -0.000468 892.0
0.000724 -0.000468 893.0
0.000724 -0.000467 894.0
0.000724 -0.000467 895.0
0.000724 -0.000467 896.0
0.000724 -0.000466 897.0
0.000725 -0.000466 898.0
0.000725 -0.000466 899.0
0.000725 -0.000466 900.0
0.000725 -0.000465 901.0
0.000725 -0.000465 902.0
0.000725 -0.000465 903.0
0.000725 -0.000464 904.0
0.000725 -0.000464 905.0
0.000726 -0.000464 906.0
0.000726 -0.000464 907.0
0.000726 -0.000463 908.0
0.000726 -0.000463 909.0
0.000726 -0.000463 910.0
0.000726 -0.000463 911.0
0.000726 -0.000462 912.0
0.000727 -0.000462 913.0
0.000727 -0.000462 914.0
0.000727 -0.000461 915.0
0.000727 -0.000461 916.0
0.000727 -0.000461 917.0
0.000727 -0.000461 918.0
0.000727 -0.000460 919.0
0.000728 -0.000460 920.0
0.000728 -0.000460 921.0
0.000728 -0.000459 922.0
0.000728 -0.000459 923.0
0.000728 -0.000459 924.0
0.000728 -0.000459 925.0
0.000728 -0.000458 926.0
0.000729 -0.000458 927.0
0.000729 -0.000458 928.0
0.000730 -0.000459 929.0
