0.000621 -0.000635 42.0
0.000621 -0.000635 43.0
0.000621 -0.000635 44.0
0.000621 -0.000635 45.0
0.000621 -0.000636 46.0
0.000621 -0.000636 47.0
0.000621 -0.000636 48.0
0.000621 -0.000637 49.0
0.000620 -0.000637 50.0
0.000620 -0.000637 51.0
0.000620 -0.000637 52.0
0.000620 -0.000638 53.0
0.000620 -0.000638 54.0
0.000620 -0.000638 55.0
0.000620 -0.000639 56.0
0.000619 -0.000639 57.0
0.000619 -0.000639 58.0
0.000619 -0.000639 59.0
0.000619 -0.000640 60.0
0.000619 -0.000640 61.0
0.000619 -0.000640 62.0
0.000619 -0.000641 63.0
0.000618 -0.000641 64.0
0.000618 -0.000641 65.0
0.000618 -0.000641 66.0
0.000618 -0.000642 67.0
0.000618 -0.000642 68.0
0.000618 -0.000642 69.0
0.000618 -0.000643 70.0
0.000618 -0.000643 71.0
0.000617 -0.000643 72.0
0.000617 -0.000643 73.0
0.000617 -0.000644 74.0
0.000617 -0.000644 75.0
0.000617 -0.000644 76.0
0.000617 -0.000645 77.0
0.000617 -0.000645 78.0
0.000616 -0.000645 79.0
0.000616 -0.000645 80.0
0.000616 -0.000646 81.0
0.000616 -0.000646 82.0
0.000616 -0.000646 83.0
0.000616 -0.000646 84.0
0.000616 -0.000647 85.0
0.000616 -0.000647 86.0
0.000615 -0.000647 87.0
0.000615 -0.000648 88.0
0.000615 -0.000648 89.0
0.000615 -0.000648 90.0
0.000615 -0.000648 91.0
0.000615 -0.000649 92.0
0.000615 -0.000649 93.0
0.000614 -0.000649 94.0
0.000614 -0.000650 95.0
0.000614 -0.000650 96.0
0.000614 -0.000650 97.0
0.000614 -0.000650 98.0
0.000614 -0.000651 99.0
0.000614 -0.000651 100.0
0.000614 -0.000651 101.0
0.000613 -0.000652 102.0
0.000612 -0.000650 103.0
0.000612 -0.000651 104.0
0.000612 -0.000652 105.0
0.000612 -0.000654 106.0
0.000612 -0.000655 107.0
0.000611 -0.000656 108.0
0.000611 -0.000657 109.0
0.000611 -0.000658 110.0
0.000611 -0.000659 111.0
0.000611 -0.000660 112.0
0.000611 -0.000661 113.0
0.000611 -0.000662 114.0
0.000611 -0.000663 115.0
0.000611 -0.000664 116.0
0.000610 -0.000665 117.0
0.000610 -0.000666 118.0
0.000610 -0.000667 119.0
0.000610 -0.000668 120.0
0.000610 -0.000669 121.0
0.000610 -0.000670 122.0
0.000610 -0.000671 123.0
0.000610 -0.000672 124.0
0.000610 -0.000673 125.0
0.000610 -0.000674 126.0
0.000609 -0.000675 127.0
0.000609 -0.000676 128.0
0.000609 -0.000677 129.0
0.000609 -0.000678 130.0
0.000609 -0.000679 131.0
0.000609 -0.000680 132.0
0.000609 -0.000681 133.0
0.000609 -0.000682 134.0
0.000609 -0.000683 135.0
0.000608 -0.000685 136.0
0.000608 -0.000686 137.0
0.000608 -0.000687 138.0
0.000608 -0.000688 139.0
0.000608 -0.000689 140.0
0.000608 -0.000690 141.0
0.000608 -0.000691 142.0
0.000608 -0.000692 143.0
0.000608 -0.000693 144.0
0.000607 -0.000694 145.0
0.000607 -0.000695 146.0
0.000607 -0.000696 147.0
0.000607 -0.000697 148.0
0.000607 -0.000698 149.0
0.000607 -0.000699 150.0
0.000607 -0.000700 151.0
0.000607 -0.000701 152.0
0.000607 -0.000702 153.0
0.000606 -0.000703 154.0
0.000606 -0.000704 155.0
0.000606 -0.000705 156.0
0.000606 -0.000706 157.0
0.000606 -0.000707 158.0
0.000606 -0.000708 159.0
0.000606 -0.000709 160.0
0.000606 -0.000710 161.0
0.000606 -0.000711 162.0
0.000604 -0.000711 163.0
0.000604 -0.000712 164.0
0.000604 -0.000713 165.0
0.000604 -0.000714 166.0
0.000604 -0.000716 167.0
0.000603 -0.000717 168.0
0.000603 -0.000718 169.0
0.000603 -0.000719 170.0
0.000603 -0.000720 171.0
0.000603 -0.000721 172.0
0.000603 -0.000722 173.0
0.000603 -0.000723 174.0
0.000603 -0.000725 175.0
0.000603 -0.000726 176.0
0.000602 -0.000727 177.0
0.000602 -0.000728 178.0
0.000602 -0.000729 179.0
0.000602 -0.000730 180.0
0.000602 -0.000731 181.0
0.000602 -0.000732 182.0
0.000602 -0.000734 183.0
0.000602 -0.000735 184.0
0.000602 -0.000736 185.0
0.000602 -0.000737 186.0
0.000601 -0.000738 187.0
0.000601 -0.000739 188.0
0.000601 -0.000740 189.0
0.000601 -0.000741 190.0
0.000601 -0.000743 191.0
0.000601 -0.000744 192.0
0.000601 -0.000745 193.0
0.000601 -0.000746 194.0
0.000601 -0.000747 195.0
0.000600 -0.000748 196.0
0.000600 -0.000749 197.0
0.000600 -0.000751 198.0
0.000600 -0.000752 199.0
0.000600 -0.000753 200.0
0.000600 -0.000754 201.0
0.000600 -0.000755 202.0
0.000600 -0.000756 203.0
0.000600 -0.000757 204.0
0.000599 -0.000758 205.0
0.000599 -0.000760 206.0
0.000599 -0.000761 207.0
0.000599 -0.000762 208.0
0.000599 -0.000763 209.0
0.000599 -0.000764 210.0
0.000599 -0.000765 211.0
0.000599 -0.000766 212.0
0.000599 -0.000767 213.0
0.000598 -0.000769 214.0
0.000598 -0.000770 215.0
0.000598 -0.000771 216.0
0.000598 -0.000772 217.0
0.000598 -0.000773 218.0
0.000598 -0.000774 219.0
0.000598 -0.000775 220.0
0.000598 -0.000776 221.0
0.000598 -0.000778 222.0
0.000598 -0.000779 223.0
0.000597 -0.000780 224.0
0.000597 -0.000781 225.0
0.000597 -0.000782 226.0
0.000597 -0.000783 227.0
0.000597 -0.000784 228.0
0.000597 -0.000785 229.0
0.000597 -0.000787 230.0
0.000597 -0.000788 231.0
0.000597 -0.000789 232.0
0.000596 -0.000790 233.0
0.000596 -0.000791 234.0
0.000596 -0.000792 235.0
0.000594 -0.000792 236.0
0.000594 -0.000793 237.0
0.000594 -0.000795 238.0
0.000594 -0.000796 239.0
0.000594 -0.000798 240.0
0.000593 -0.000800 241.0
0.000593 -0.000801 242.0
0.000593 -0.000803 243.0
0.000593 -0.000804 244.0
0.000593 -0.000806 245.0
0.000593 -0.000807 246.0
0.000592 -0.000809 247.0
0.000592 -0.000810 248.0
0.000592 -0.000812 249.0
0.000592 -0.000813 250.0
0.000592 -0.000815 251.0
0.000592 -0.000817 252.0
0.000591 -0.000818 253.0
0.000591 -0.000820 254.0
0.000591 -0.000821 255.0
0.000591 -0.000823 256.0
0.000591 -0.000824 257.0
0.000591 -0.000826 258.0
0.000590 -0.000827 259.0
0.000590 -0.000829 260.0
0.000590 -0.000830 261.0
0.000590 -0.000832 262.0
0.000590 -0.000834 263.0
0.000590 -0.000835 264.0
0.000589 -0.000837 265.0
0.000589 -0.000838 266.0
0.000589 -0.000840 267.0
0.000589 -0.000841 268.0
0.000589 -0.000843 269.0
0.000589 -0.000844 270.0
0.000588 -0.000846 271.0
0.000588 -0.000847 272.0
0.000588 -0.000849 273.0
0.000588 -0.000851 274.0
0.000588 -0.000852 275.0
0.000588 -0.000854 276.0
0.000587 -0.000855 277.0
0.000587 -0.000857 278.0
0.000587 -0.000858 279.0
0.000587 -0.000860 280.0
0.000587 -0.000861 281.0
0.000587 -0.000863 282.0
0.000586 -0.000865 283.0
0.000584 -0.000864 284.0
0.000584 -0.000865 285.0
0.000583 -0.000866 286.0
0.000583 -0.000866 287.0
0.000582 -0.000867 288.0
0.000582 -0.000868 289.0
0.000581 -0.000868 290.0
0.000581 -0.000869 291.0
0.000580 -0.000870 292.0
0.000580 -0.000871 293.0
0.000579 -0.000871 294.0
0.000579 -0.000872 295.0
0.000578 -0.000873 296.0
0.000578 -0.000873 297.0
0.000577 -0.000874 298.0
0.000576 -0.000875 299.0
0.000576 -0.000876 300.0
0.000575 -0.000876 301.0
0.000575 -0.000877 302.0
0.000574 -0.000878 303.0
0.000574 -0.000878 304.0
0.000573 -0.000879 305.0
0.000573 -0.000880 306.0
0.000572 -0.000881 307.0
0.000572 -0.000881 308.0
0.000571 -0.000882 309.0
0.000571 -0.000883 310.0
0.000570 -0.000883 311.0
0.000570 -0.000884 312.0
0.000569 -0.000885 313.0
0.000568 -0.000886 314.0
0.000568 -0.000886 315.0
0.000567 -0.000887 316.0
0.000567 -0.000888 317.0
0.000566 -0.000889 318.0
0.000566 -0.000889 319.0
0.000565 -0.000890 320.0
0.000565 -0.000891 321.0
0.000564 -0.000891 322.0
0.000564 -0.000892 323.0
0.000563 -0.000893 324.0
0.000563 -0.000894 325.0
0.000562 -0.000894 326.0
0.000562 -0.000895 327.0
0.000561 -0.000896 328.0
0.000561 -0.000896 329.0
0.000560 -0.000897 330.0
0.000559 -0.000898 331.0
0.000559 -0.000899 332.0
0.000558 -0.000899 333.0
0.000558 -0.000900 334.0
0.000557 -0.000901 335.0
0.000557 -0.000901 336.0
0.000556 -0.000902 337.0
0.000556 -0.000903 338.0
0.000555 -0.000904 339.0
0.000555 -0.000904 340.0
0.000554 -0.000905 341.0
0.000554 -0.000906 342.0
0.000553 -0.000906 343.0
0.000549 -0.000902 344.0
0.000549 -0.000902 345.0
0.000549 -0.000903 346.0
0.000549 -0.000904 347.0
0.000549 -0.000904 348.0
0.000549 -0.000905 349.0
0.000549 -0.000905 350.0
0.000548 -0.000906 351.0
0.000548 -0.000907 352.0
0.000548 -0.000907 353.0
0.000548 -0.000908 354.0
0.000548 -0.000909 355.0
0.000548 -0.000909 356.0
0.000548 -0.000910 357.0
0.000547 -0.000910 358.0
0.000547 -0.000911 359.0
0.000547 -0.000912 360.0
0.000547 -0.000912 361.0
0.000547 -0.000913 362.0
0.000547 -0.000913 363.0
0.000547 -0.000914 364.0
0.000546 -0.000915 365.0
0.000546 -0.000915 366.0
0.000546 -0.000916 367.0
0.000546 -0.000917 368.0
0.000546 -0.000917 369.0
0.000546 -0.000918 370.0
0.000546 -0.000918 371.0
0.000545 -0.000919 372.0
0.000545 -0.000920 373.0
0.000545 -0.000920 374.0
0.000545 -0.000921 375.0
0.000545 -0.000922 376.0
0.000545 -0.000922 377.0
0.000545 -0.000923 378.0
0.000544 -0.000923 379.0
0.000544 -0.000924 380.0
0.000544 -0.000925 381.0
0.000544 -0.000925 382.0
0.000544 -0.000926 383.0
0.000544 -0.000927 384.0
0.000544 -0.000927 385.0
0.000543 -0.000928 386.0
0.000543 -0.000928 387.0
0.000543 -0.000929 388.0
0.000543 -0.000930 389.0
0.000543 -0.000930 390.0
0.000543 -0.000931 391.0
0.000543 -0.000931 392.0
0.000542 -0.000932 393.0
0.000542 -0.000933 394.0
0.000542 -0.000933 395.0
0.000542 -0.000934 396.0
0.000542 -0.000935 397.0
0.000542 -0.000935 398.0
0.000542 -0.000936 399.0
0.000541 -0.000936 400.0
0.000541 -0.000937 401.0
0.000541 -0.000938 402.0
0.000541 -0.000938 403.0
0.000541 -0.000939 404.0
0.000541 -0.000940 405.0
0.000540 -0.000940 406.0
0.000540 -0.000941 407.0
0.000540 -0.000941 408.0
0.000540 -0.000942 409.0
0.000540 -0.000943 410.0
0.000538 -0.000942 411.0
0.000538 -0.000942 412.0
0.000538 -0.000943 413.0
0.000538 -0.000944 414.0
0.000538 -0.000944 415.0
0.000538 -0.000945 416.0
0.000538 -0.000946 417.0
0.000538 -0.000946 418.0
0.000537 -0.000947 419.0
0.000537 -0.000948 420.0
0.000537 -0.000948 421.0
0.000537 -0.000949 422.0
0.000537 -0.000950 423.0
0.000537 -0.000950 424.0
0.000537 -0.000951 425.0
0.000537 -0.000951 426.0
0.000537 -0.000952 427.0
0.000537 -0.000953 428.0
0.000537 -0.000953 429.0
0.000537 -0.000954 430.0
0.000537 -0.000955 431.0
0.000537 -0.000955 432.0
0.000537 -0.000956 433.0
0.000537 -0.000957 434.0
0.000537 -0.000957 435.0
0.000537 -0.000958 436.0
0.000537 -0.000959 437.0
0.000537 -0.000959 438.0
0.000537 -0.000960 439.0
0.000537 -0.000961 440.0
0.000537 -0.000961 441.0
0.000537 -0.000962 442.0
0.000537 -0.000963 443.0
0.000537 -0.000963 444.0
0.000537 -0.000964 445.0
0.000537 -0.000964 446.0
0.000537 -0.000965 447.0
0.000537 -0.000966 448.0
0.000537 -0.000966 449.0
0.000537 -0.000967 450.0
0.000536 -0.000968 451.0
0.000536 -0.000968 452.0
0.000536 -0.000969 453.0
0.000536 -0.000970 454.0
0.000536 -0.000970 455.0
0.000536 -0.000971 456.0
0.000536 -0.000972 457.0
0.000536 -0.000972 458.0
0.000536 -0.000973 459.0
0.000536 -0.000974 460.0
0.000536 -0.000974 461.0
0.000536 -0.000975 462.0
0.000536 -0.000976 463.0
0.000536 -0.000975 464.0
0.000536 -0.000976 465.0
0.000536 -0.000977 466.0
0.000536 -0.000978 467.0
0.000536 -0.000979 468.0
0.000536 -0.000980 469.0
0.000536 -0.000981 470.0
0.000535 -0.000982 471.0
0.000535 -0.000983 472.0
0.000535 -0.000984 473.0
0.000535 -0.000985 474.0
0.000535 -0.000986 475.0
0.000535 -0.000987 476.0
0.000535 -0.000988 477.0
0.000535 -0.000989 478.0
0.000535 -0.000990 479.0
0.000535 -0.000991 480.0
0.000535 -0.000992 481.0
0.000535 -0.000993 482.0
0.000535 -0.000993 483.0
0.000535 -0.000994 484.0
0.000535 -0.000995 485.0
0.000535 -0.000996 486.0
0.000535 -0.000997 487.0
0.000535 -0.000998 488.0
0.000535 -0.000999 489.0
0.000535 -0.001000 490.0
0.000535 -0.001001 491.0
0.000535 -0.001002 492.0
0.000535 -0.001003 493.0
0.000535 -0.001004 494.0
0.000535 -0.001005 495.0
0.000535 -0.001006 496.0
0.000535 -0.001007 497.0
0.000535 -0.001008 498.0
0.000535 -0.001009 499.0
0.000535 -0.001010 500.0
0.000534 -0.001011 501.0
0.000534 -0.001011 502.0
0.000534 -0.001012 503.0
0.000534 -0.001013 504.0
0.000534 -0.001014 505.0
0.000534 -0.001015 506.0
0.000534 -0.001016 507.0
0.000534 -0.001017 508.0
0.000534 -0.001018 509.0
0.000534 -0.001019 510.0
0.000534 -0.001020 511.0
0.000534 -0.001021 512.0
0.000534 -0.001022 513.0
0.000534 -0.001023 514.0
0.000534 -0.001024 515.0
0.000534 -0.001025 516.0
0.000534 -0.001026 517.0
0.000534 -0.001027 518.0
0.000534 -0.001028 519.0
0.000534 -0.001029 520.0
0.000534 -0.001029 521.0
0.000534 -0.001030 522.0
0.000534 -0.001031 523.0
0.000534 -0.001032 524.0
0.000534 -0.001033 525.0
0.000534 -0.001034 526.0
0.000534 -0.001035 527.0
0.000534 -0.001036 528.0
0.000534 -0.001037 529.0
0.000534 -0.001038 530.0
0.000534 -0.001039 531.0
0.000533 -0.001040 532.0
0.000533 -0.001041 533.0
0.000533 -0.001042 534.0
0.000533 -0.001043 535.0
0.000533 -0.001044 536.0
0.000533 -0.001045 537.0
0.000533 -0.001046 538.0
0.000533 -0.001047 539.0
0.000533 -0.001047 540.0
0.000533 -0.001048 541.0
0.000533 -0.001049 542.0
0.000533 -0.001050 543.0
0.000533 -0.001051 544.0
0.000533 -0.001052 545.0
0.000533 -0.001053 546.0
0.000533 -0.001054 547.0
0.000533 -0.001055 548.0
0.000533 -0.001056 549.0
0.000533 -0.001057 550.0
0.000533 -0.001058 551.0
0.000533 -0.001059 552.0
0.000532 -0.001059 553.0
0.000532 -0.001060 554.0
0.000532 -0.001061 555.0
0.000532 -0.001062 556.0
0.000532 -0.001063 557.0
0.000532 -0.001064 558.0
0.000532 -0.001065 559.0
0.000532 -0.001066 560.0
0.000532 -0.001066 561.0
0.000532 -0.001067 562.0
0.000532 -0.001068 563.0
0.000532 -0.001069 564.0
0.000532 -0.001070 565.0
0.000532 -0.001071 566.0
0.000532 -0.001072 567.0
0.000532 -0.001073 568.0
0.000532 -0.001074 569.0
0.000532 -0.001075 570.0
0.000531 -0.001076 571.0
0.000531 -0.001077 572.0
0.000531 -0.001078 573.0
0.000531 -0.001079 574.0
0.000531 -0.001080 575.0
0.000531 -0.001081 576.0
0.000531 -0.001082 577.0
0.000531 -0.001083 578.0
0.000531 -0.001084 579.0
0.000531 -0.001085 580.0
0.000531 -0.001086 581.0
0.000531 -0.001087 582.0
0.000531 -0.001088 583.0
0.000531 -0.001089 584.0
0.000531 -0.001089 585.0
0.000531 -0.001090 586.0
0.000531 -0.001091 587.0
0.000531 -0.001092 588.0
0.000531 -0.001093 589.0
0.000531 -0.001094 590.0
0.000531 -0.001095 591.0
0.000531 -0.001096 592.0
0.000531 -0.001097 593.0
0.000531 -0.001098 594.0
0.000531 -0.001099 595.0
0.000531 -0.001100 596.0
0.000531 -0.001101 597.0
0.000531 -0.001102 598.0
0.000531 -0.001103 599.0
0.000531 -0.001104 600.0
0.000531 -0.001105 601.0
0.000530 -0.001106 602.0
0.000530 -0.001107 603.0
0.000530 -0.001108 604.0
0.000530 -0.001109 605.0
0.000530 -0.001110 606.0
0.000530 -0.001111 607.0
0.000530 -0.001112 608.0
0.000530 -0.001112 609.0
0.000530 -0.001113 610.0
0.000530 -0.001114 611.0
0.000530 -0.001115 612.0
0.000530 -0.001115 613.0
0.000530 -0.001116 614.0
0.000529 -0.001117 615.0
0.000529 -0.001118 616.0
0.000529 -0.001119 617.0
0.000529 -0.001120 618.0
0.000529 -0.001121 619.0
0.000529 -0.001122 620.0
0.000528 -0.001123 621.0
0.000528 -0.001124 622.0
0.000528 -0.001125 623.0
0.000528 -0.001125 624.0
0.000528 -0.001126 625.0
0.000528 -0.001127 626.0
0.000528 -0.001128 627.0
0.000527 -0.001129 628.0
0.000527 -0.001130 629.0
0.000527 -0.001131 630.0
0.000527 -0.001132 631.0
0.000527 -0.001133 632.0
0.000527 -0.001134 633.0
0.000527 -0.001135 634.0
0.000526 -0.001136 635.0
0.000526 -0.001137 636.0
0.000526 -0.001137 637.0
0.000526 -0.001138 638.0
0.000526 -0.001139 639.0
0.000526 -0.001140 640.0
0.000526 -0.001141 641.0
0.000525 -0.001142 642.0
0.000525 -0.001143 643.0
0.000525 -0.001144 644.0
0.000525 -0.001145 645.0
0.000525 -0.001146 646.0
0.000525 -0.001147 647.0
0.000525 -0.001148 648.0
0.000524 -0.001149 649.0
0.000524 -0.001149 650.0
0.000524 -0.001150 651.0
0.000524 -0.001151 652.0
0.000524 -0.001152 653.0
0.000524 -0.001153 654.0
0.000524 -0.001154 655.0
0.000523 -0.001155 656.0
0.000523 -0.001156 657.0
0.000523 -0.001157 658.0
0.000523 -0.001158 659.0
0.000523 -0.001159 660.0
0.000523 -0.001160 661.0
0.000523 -0.001160 662.0
0.000522 -0.001161 663.0
0.000522 -0.001162 664.0
0.000522 -0.001163 665.0
0.000522 -0.001164 666.0
0.000522 -0.001165 667.0
0.000522 -0.001166 668.0
0.000522 -0.001167 669.0
0.000521 -0.001168 670.0
0.000521 -0.001169 671.0
0.000521 -0.001170 672.0
0.000521 -0.001171 673.0
0.000521 -0.001172 674.0
0.000521 -0.001172 675.0
0.000521 -0.001173 676.0
0.000520 -0.001174 677.0
0.000520 -0.001175 678.0
0.000520 -0.001176 679.0
0.000520 -0.001177 680.0
0.000520 -0.001178 681.0
0.000520 -0.001179 682.0
0.000519 -0.001180 683.0
0.000519 -0.001181 684.0
0.000519 -0.001182 685.0
0.000519 -0.001183 686.0
0.000519 -0.001184 687.0
0.000519 -0.001184 688.0
0.000519 -0.001185 689.0
0.000518 -0.001186 690.0
0.000518 -0.001187 691.0
0.000518 -0.001188 692.0
0.000518 -0.001189 693.0
0.000518 -0.001190 694.0
0.000518 -0.001191 695.0
0.000518 -0.001192 696.0
0.000517 -0.001193 697.0
0.000517 -0.001194 698.0
0.000517 -0.001195 699.0
0.000517 -0.001195 700.0
0.000517 -0.001196 701.0
0.000517 -0.001197 702.0
0.000517 -0.001198 703.0
0.000516 -0.001199 704.0
0.000516 -0.001200 705.0
0.000516 -0.001201 706.0
0.000516 -0.001202 707.0
0.000516 -0.001203 708.0
0.000516 -0.001204 709.0
0.000516 -0.001205 710.0
0.000515 -0.001206 711.0
0.000515 -0.001207 712.0
0.000515 -0.001207 713.0
0.000515 -0.001208 714.0
0.000515 -0.001209 715.0
0.000515 -0.001210 716.0
0.000515 -0.001211 717.0
0.000514 -0.001212 718.0
0.000514 -0.001213 719.0
0.000514 -0.001214 720.0
0.000514 -0.001215 721.0
0.000514 -0.001216 722.0
0.000514 -0.001217 723.0
0.000514 -0.001218 724.0
0.000513 -0.001219 725.0
0.000513 -0.001219 726.0
0.000513 -0.001220 727.0
0.000513 -0.001221 728.0
0.000513 -0.001222 729.0
0.000513 -0.001223 730.0
0.000513 -0.001224 731.0
0.000512 -0.001225 732.0
0.000512 -0.001226 733.0
0.000512 -0.001227 734.0
0.000512 -0.001228 735.0
0.000512 -0.001229 736.0
0.000512 -0.001230 737.0
0.000512 -0.001230 738.0
0.000511 -0.001231 739.0
0.000511 -0.001232 740.0
0.000511 -0.001233 741.0
0.000511 -0.001234 742.0
0.000511 -0.001235 743.0
0.000511 -0.001236 744.0
0.000510 -0.001237 745.0
0.000510 -0.001238 746.0
0.000510 -0.001239 747.0
0.000510 -0.001240 748.0
0.000510 -0.001241 749.0
0.000510 -0.001242 750.0
0.000510 -0.001242 751.0
0.000509 -0.001243 752.0
0.000509 -0.001244 753.0
0.000509 -0.001245 754.0
0.000509 -0.001246 755.0
0.000509 -0.001247 756.0
0.000509 -0.001248 757.0
0.000509 -0.001249 758.0
0.000508 -0.001250 759.0
0.000508 -0.001251 760.0
0.000508 -0.001252 761.0
0.000508 -0.001253 762.0
0.000508 -0.001254 763.0
0.000508 -0.001254 764.0
0.000508 -0.001255 765.0
0.000507 -0.001256 766.0
0.000507 -0.001257 767.0
0.000507 -0.001258 768.0
0.000507 -0.001259 769.0
0.000507 -0.001260 770.0
0.000507 -0.001261 771.0
0.000507 -0.001262 772.0
0.000506 -0.001263 773.0
0.000506 -0.001264 774.0
0.000506 -0.001265 775.0
0.000506 -0.001265 776.0
0.000506 -0.001266 777.0
0.000506 -0.001267 778.0
0.000506 -0.001268 779.0
0.000505 -0.001269 780.0
0.000505 -0.001270 781.0
0.000505 -0.001271 782.0
0.000505 -0.001272 783.0
0.000505 -0.001273 784.0
0.000505 -0.001274 785.0
0.000505 -0.001275 786.0
0.000504 -0.001276 787.0
0.000504 -0.001277 788.0
0.000504 -0.001277 789.0
0.000504 -0.001278 790.0
0.000504 -0.001279 791.0
0.000504 -0.001280 792.0
0.000504 -0.001281 793.0
0.000503 -0.001282 794.0
0.000503 -0.001283 795.0
0.000497 -0.001281 796.0
0.000497 -0.001281 797.0
0.000497 -0.001281 798.0
0.000497 -0.001281 799.0
0.000497 -0.001281 800.0
0.000497 -0.001281 801.0
0.000497 -0.001281 802.0
0.000497 -0.001281 803.0
0.000497 -0.001281 804.0
0.000497 -0.001281 805.0
0.000497 -0.001281 806.0
0.000497 -0.001281 807.0
0.000497 -0.001281 808.0
0.000497 -0.001281 809.0
0.000497 -0.001281 810.0
0.000497 -0.001281 811.0
0.000497 -0.001281 812.0
0.000497 -0.001281 813.0
0.000497 -0.001281 814.0
0.000497 -0.001281 815.0
0.000497 -0.001281 816.0
0.000497 -0.001281 817.0
0.000497 -0.001281 818.0
0.000497 -0.001281 819.0
0.000497 -0.001281 820.0
0.000497 -0.001281 821.0
0.000497 -0.001281 822.0
0.000497 -0.001281 823.0
0.000497 -0.001281 824.0
0.000497 -0.001281 825.0
0.000497 -0.001281 826.0
0.000497 -0.001281 827.0
0.000497 -0.001281 828.0
0.000497 -0.001281 829.0
0.000497 -0.001281 830.0
0.000497 -0.001281 831.0
0.000497 -0.001281 832.0
0.000497 -0.001281 833.0
0.000497 -0.001281 834.0
0.000497 -0.001281 835.0
0.000497 -0.001281 836.0
0.000497 -0.001281 837.0
0.000497 -0.001281 838.0
0.000497 -0.001281 839.0
0.000497 -0.001281 840.0
0.000497 -0.001281 841.0
0.000497 -0.001281 842.0
0.000497 -0.001281 843.0
0.000497 -0.001281 844.0
0.000497 -0.001281 845.0
0.000497 -0.001281 846.0
0.000497 -0.001281 847.0
0.000497 -0.001281 848.0
0.000497 -0.001281 849.0
0.000497 -0.001281 850.0
0.000496 -0.001281 851.0
0.000496 -0.001281 852.0
0.000496 -0.001281 853.0
0.000496 -0.001281 854.0
0.000496 -0.001281 855.0
0.000496 -0.001281 856.0
0.000496 -0.001281 857.0
0.000496 -0.001281 858.0
0.000496 -0.001281 859.0
0.000496 -0.001281 860.0
0.000496 -0.001281 861.0
0.000496 -0.001281 862.0
0.000496 -0.001281 863.0
0.000496 -0.001281 864.0
0.000496 -0.001281 865.0
0.000496 -0.001281 866.0
0.000496 -0.001281 867.0
0.000496 -0.001281 868.0
0.000496 -0.001281 869.0
0.000496 -0.001281 870.0
0.000496 -0.001281 871.0
0.000496 -0.001281 872.0
0.000496 -0.001281 873.0
0.000496 -0.001281 874.0
0.000495 -0.001281 875.0
0.000495 -0.001281 876.0
0.000495 -0.001281 877.0
0.000495 -0.001281 878.0
0.000495 -0.001281 879.0
0.000495 -0.001281 880.0
0.000495 -0.001281 881.0
0.000495 -0.001281 882.0
0.000495 -0.001281 883.0
0.000495 -0.001281 884.0
0.000495 -0.001281 885.0
0.000495 -0.001281 886.0
0.000495 -0.001281 887.0
0.000495 -0.001281 888.0
0.000495 -0.001281 889.0
0.000495 -0.001281 890.0
0.000495 -0.001281 891.0
0.000495 -0.001281 892.0
0.000495 -0.001281 893.0
0.000495 -0.001281 894.0
0.000495 -0.001281 895.0
0.000495 -0.001281 896.0
0.000495 -0.001281 897.0
0.000494 -0.001281 898.0
0.000494 -0.001281 899.0
0.000494 -0.001281 900.0
0.000494 -0.001281 901.0
0.000494 -0.001281 902.0
0.000494 -0.001281 903.0
0.000494 -0.001281 904.0
0.000494 -0.001281 905.0
0.000494 -0.001281 906.0
0.000494 -0.001281 907.0
0.000494 -0.001281 908.0
0.000494 -0.001281 909.0
0.000494 -0.001281 910.0
0.000494 -0.001281 911.0
0.000494 -0.001282 912.0
0.000494 -0.001282 913.0
0.000494 -0.001282 914.0
0.000495 -0.001282 915.0
0.000495 -0.001283 916.0
0.000495 -0.001283 917.0
0.000495 -0.001283 918.0
0.000495 -0.001284 919.0
0.000495 -0.001284 920.0
0.000495 -0.001284 921.0
0.000495 -0.001284 922.0
0.000496 -0.001285 923.0
0.000496 -0.001285 924.0
0.000496 -0.001285 925.0
0.000496 -0.001285 926.0
0.000496 -0.001286 927.0
0.000496 -0.001286 928.0
0.000496 -0.001286 929.0
0.000496 -0.001287 930.0
0.000496 -0.001287 931.0
0.000497 -0.001287 932.0
0.000497 -0.001287 933.0
0.000497 -0.001288 934.0
0.000497 -0.001288 935.0
0.000497 -0.001288 936.0
0.000497 -0.001288 937.0
0.000497 -0.001289 938.0
0.000497 -0.001289 939.0
0.000498 -0.001289 940.0
0.000498 -0.001290 941.0
0.000498 -0.001290 942.0
0.000498 -0.001290 943.0
0.000498 -0.001290 944.0
0.000498 -0.001291 945.0
0.000498 -0.001291 946.0
0.000498 -0.001291 947.0
0.000498 -0.001291 948.0
0.000499 -0.001292 949.0
0.000499 -0.001292 950.0
0.000499 -0.001292 951.0
0.000499 -0.001293 952.0
0.000499 -0.001293 953.0
0.000499 -0.001293 954.0
0.000499 -0.001293 955.0
0.000499 -0.001294 956.0
0.000499 -0.001294 957.0
0.000500 -0.001294 958.0
0.000500 -0.001295 959.0
0.000500 -0.001295 960.0
0.000500 -0.001295 961.0
0.000500 -0.001295 962.0
0.000500 -0.001296 963.0
0.000500 -0.001296 964.0
0.000500 -0.001296 965.0
0.000501 -0.001296 966.0
0.000501 -0.001297 967.0
0.000501 -0.001297 968.0
0.000501 -0.001297 969.0
0.000501 -0.001298 970.0
0.000501 -0.001298 971.0
0.000501 -0.001298 972.0
0.000501 -0.001298 973.0
0.000501 -0.001299 974.0
0.000502 -0.001299 975.0
0.000503 -0.001298 976.0
0.000503 -0.001298 977.0
0.000503 -0.001297 978.0
0.000503 -0.001297 979.0
0.000503 -0.001297 980.0
0.000503 -0.001297 981.0
0.000503 -0.001297 982.0
0.000503 -0.001296 983.0
0.000503 -0.001296 984.0
0.000503 -0.001296 985.0
0.000503 -0.001296 986.0
0.000503 -0.001296 987.0
0.000502 -0.001295 988.0
0.000502 -0.001295 989.0
0.000502 -0.001295 990.0
0.000502 -0.001295 991.0
0.000502 -0.001295 992.0
0.000502 -0.001294 993.0
0.000502 -0.001294 994.0
0.000502 -0.001294 995.0
0.000502 -0.001294 996.0
0.000502 -0.001294 997.0
0.000502 -0.001293 998.0
0.000502 -0.001293 999.0
0.000502 -0.001293 1000.0
0.000502 -0.001293 1001.0
0.000502 -0.001293 1002.0
0.000502 -0.001292 1003.0
0.000502 -0.001292 1004.0
0.000502 -0.001292 1005.0
0.000502 -0.001292 1006.0
0.000502 -0.001292 1007.0
0.000502 -0.001291 1008.0
0.000502 -0.001291 1009.0
0.000502 -0.001291 1010.0
0.000502 -0.001291 1011.0
0.000502 -0.001291 1012.0
0.000502 -0.001290 1013.0
0.000501 -0.001290 1014.0
0.000501 -0.001290 1015.0
0.000501 -0.001290 1016.0
0.000501 -0.001290 1017.0
0.000501 -0.001289 1018.0
0.000501 -0.001289 1019.0
0.000501 -0.001289 1020.0
0.000501 -0.001289 1021.0
0.000501 -0.001289 1022.0
0.000501 -0.001288 1023.0
0.000501 -0.001288 1024.0
0.000501 -0.001288 1025.0
0.000501 -0.001288 1026.0
0.000501 -0.001288 1027.0
0.000501 -0.001287 1028.0
0.000501 -0.001287 1029.0
0.000501 -0.001287 1030.0
0.000501 -0.001287 1031.0
0.000501 -0.001287 1032.0
0.000501 -0.001286 1033.0
0.000501 -0.001286 1034.0
0.000501 -0.001286 1035.0
0.000501 -0.001286 1036.0
0.000501 -0.001286 1037.0
0.000501 -0.001285 1038.0
0.000501 -0.001285 1039.0
0.000500 -0.001285 1040.0
0.000500 -0.001285 1041.0
0.000500 -0.001285 1042.0
0.000500 -0.001284 1043.0
0.000500 -0.001284 1044.0
0.000500 -0.001284 1045.0
0.000500 -0.001284 1046.0
0.000500 -0.001284 1047.0
0.000500 -0.001283 1048.0
0.000500 -0.001283 1049.0
0.000500 -0.001283 1050.0
0.000500 -0.001283 1051.0
0.000500 -0.001283 1052.0
0.000500 -0.001282 1053.0
0.000500 -0.001282 1054.0
0.000500 -0.001282 1055.0
0.000500 -0.001282 1056.0
0.000500 -0.001282 1057.0
0.000500 -0.001281 1058.0
0.000500 -0.001281 1059.0
0.000500 -0.001281 1060.0
0.000499 -0.001281 1061.0
0.000499 -0.001281 1062.0
0.000499 -0.001281 1063.0
0.000499 -0.001281 1064.0
0.000499 -0.001281 1065.0
0.000499 -0.001281 1066.0
0.000499 -0.001281 1067.0
0.000499 -0.001281 1068.0
0.000499 -0.001281 1069.0
0.000499 -0.001281 1070.0
0.000499 -0.001281 1071.0
0.000499 -0.001281 1072.0
0.000499 -0.001281 1073.0
0.000499 -0.001281 1074.0
0.000499 -0.001281 1075.0
0.000499 -0.001281 1076.0
0.000499 -0.001281 1077.0
0.000499 -0.001281 1078.0
0.000499 -0.001281 1079.0
0.000499 -0.001281 1080.0
0.000499 -0.001281 1081.0
0.000498 -0.001281 1082.0
0.000498 -0.001281 1083.0
0.000498 -0.001281 1084.0
0.000498 -0.001281 1085.0
0.000498 -0.001281 1086.0
0.000498 -0.001281 1087.0
0.000498 -0.001281 1088.0
0.000498 -0.001281 1089.0
0.000498 -0.001281 1090.0
0.000498 -0.001281 1091.0
0.000498 -0.001281 1092.0
0.000498 -0.001281 1093.0
0.000498 -0.001281 1094.0
0.000498 -0.001281 1095.0
0.000498 -0.001281 1096.0
0.000498 -0.001281 1097.0
0.000498 -0.001281 1098.0
0.000498 -0.001281 1099.0
0.000498 -0.001281 1100.0
0.000498 -0.001281 1101.0
0.000498 -0.001281 1102.0
0.000498 -0.001281 1103.0
0.000498 -0.001281 1104.0
0.000498 -0.001281 1105.0
0.000498 -0.001281 1106.0
0.000498 -0.001281 1107.0
0.000498 -0.001281 1108.0
0.000498 -0.001281 1109.0
0.000498 -0.001281 1110.0
0.000498 -0.001281 1111.0
0.000498 -0.001281 1112.0
0.000498 -0.001281 1113.0
0.000498 -0.001281 1114.0
0.000498 -0.001281 1115.0
0.000498 -0.001281 1116.0
0.000498 -0.001281 1117.0
0.000498 -0.001281 1118.0
0.000498 -0.001281 1119.0
0.000498 -0.001281 1120.0
0.000498 -0.001281 1121.0
0.000498 -0.001281 1122.0
0.000498 -0.001281 1123.0
0.000498 -0.001281 1124.0
0.000498 -0.001281 1125.0
0.000498 -0.001281 1126.0
0.000498 -0.001281 1127.0
0.000498 -0.001281 1128.0
0.000498 -0.001281 1129.0
0.000498 -0.001281 1130.0
0.000498 -0.001281 1131.0
0.000498 -0.001281 1132.0
0.000498 -0.001281 1133.0
0.000498 -0.001281 1134.0
0.000498 -0.001281 1135.0
0.000498 -0.001281 1136.0
0.000498 -0.001281 1137.0
0.000498 -0.001281 1138.0
0.000498 -0.001281 1139.0
0.000498 -0.001281 1140.0
0.000498 -0.001281 1141.0
0.000498 -0.001281 1142.0
0.000498 -0.001281 1143.0
0.000498 -0.001281 1144.0
0.000498 -0.001281 1145.0
0.000498 -0.001281 1146.0
0.000498 -0.001281 1147.0
0.000498 -0.001281 1148.0
0.000498 -0.001281 1149.0
0.000498 -0.001281 1150.0
0.000498 -0.001281 1151.0
0.000498 -0.001281 1152.0
0.000498 -0.001281 1153.0
0.000498 -0.001281 1154.0
0.000498 -0.001281 1155.0
0.000498 -0.001281 1156.0
0.000498 -0.001281 1157.0
0.000498 -0.001281 1158.0
0.000498 -0.001281 1159.0
0.000498 -0.001281 1160.0
0.000498 -0.001281 1161.0
0.000498 -0.001281 1162.0
0.000497 -0.001281 1163.0
0.000497 -0.001281 1164.0
0.000497 -0.001281 1165.0
0.000497 -0.001281 1166.0
0.000497 -0.001281 1167.0
0.000497 -0.001281 1168.0
0.000497 -0.001281 1169.0
0.000497 -0.001281 1170.0
0.000497 -0.001281 1171.0
0.000497 -0.001281 1172.0
0.000497 -0.001281 1173.0
0.000497 -0.001281 1174.0
0.000497 -0.001281 1175.0
0.000497 -0.001281 1176.0
0.000497 -0.001281 1177.0
0.000496 -0.001281 1178.0
0.000496 -0.001281 1179.0
0.000496 -0.001281 1180.0
0.000496 -0.001281 1181.0
0.000496 -0.001281 1182.0
0.000496 -0.001281 1183.0
0.000496 -0.001281 1184.0
0.000496 -0.001281 1185.0
0.000496 -0.001281 1186.0
0.000496 -0.001281 1187.0
0.000496 -0.001281 1188.0
0.000496 -0.001281 1189.0
0.000496 -0.001281 1190.0
0.000496 -0.001281 1191.0
0.000496 -0.001281 1192.0
0.000495 -0.001281 1193.0
0.000495 -0.001281 1194.0
0.000495 -0.001281 1195.0
0.000495 -0.001281 1196.0
0.000495 -0.001281 1197.0
0.000495 -0.001281 1198.0
0.000495 -0.001281 1199.0
0.000495 -0.001281 1200.0
0.000495 -0.001281 1201.0
0.000495 -0.001281 1202.0
0.000495 -0.001281 1203.0
0.000495 -0.001281 1204.0
0.000495 -0.001281 1205.0
0.000495 -0.001281 1206.0
0.000495 -0.001281 1207.0
0.000494 -0.001281 1208.0
0.000494 -0.001281 1209.0
0.000494 -0.001281 1210.0
0.000494 -0.001281 1211.0
0.000494 -0.001281 1212.0
0.000494 -0.001281 1213.0
0.000494 -0.001281 1214.0
0.000494 -0.001281 1215.0
0.000494 -0.001281 1216.0
0.000494 -0.001281 1217.0
0.000494 -0.001281 1218.0
0.000494 -0.001281 1219.0
0.000494 -0.001281 1220.0
0.000494 -0.001281 1221.0
0.000494 -0.001281 1222.0
0.000493 -0.001281 1223.0
0.000493 -0.001281 1224.0
0.000493 -0.001281 1225.0
0.000493 -0.001281 1226.0
0.000493 -0.001281 1227.0
0.000493 -0.001281 1228.0
0.000493 -0.001281 1229.0
0.000493 -0.001281 1230.0
0.000493 -0.001281 1231.0
0.000493 -0.001281 1232.0
0.000493 -0.001281 1233.0
0.000493 -0.001281 1234.0
0.000493 -0.001281 1235.0
0.000493 -0.001281 1236.0
0.000493 -0.001281 1237.0
0.000493 -0.001281 1238.0
0.000493 -0.001281 1239.0
0.000493 -0.001281 1240.0
0.000493 -0.001281 1241.0
0.000493 -0.001281 1242.0
0.000493 -0.001281 1243.0
0.000493 -0.001281 1244.0
0.000493 -0.001281 1245.0
0.000493 -0.001281 1246.0
0.000493 -0.001281 1247.0
0.000493 -0.001281 1248.0
0.000493 -0.001281 1249.0
0.000494 -0.001281 1250.0
0.000495 -0.001280 1251.0
0.000495 -0.001280 1252.0
0.000496 -0.001280 1253.0
0.000496 -0.001280 1254.0
0.000497 -0.001280 1255.0
0.000498 -0.001279 1256.0
0.000498 -0.001279 1257.0
0.000499 -0.001279 1258.0
0.000500 -0.001279 1259.0
0.000500 -0.001279 1260.0
0.000501 -0.001278 1261.0
0.000501 -0.001278 1262.0
0.000502 -0.001278 1263.0
0.000503 -0.001278 1264.0
0.000503 -0.001278 1265.0
0.000504 -0.001278 1266.0
0.000505 -0.001277 1267.0
0.000505 -0.001277 1268.0
0.000506 -0.001277 1269.0
0.000506 -0.001277 1270.0
0.000507 -0.001277 1271.0
0.000508 -0.001276 1272.0
0.000508 -0.001276 1273.0
0.000509 -0.001276 1274.0
0.000509 -0.001276 1275.0
0.000510 -0.001276 1276.0
0.000511 -0.001275 1277.0
0.000511 -0.001275 1278.0
0.000512 -0.001275 1279.0
0.000513 -0.001275 1280.0
0.000513 -0.001275 1281.0
0.000514 -0.001274 1282.0
0.000514 -0.001274 1283.0
0.000515 -0.001274 1284.0
0.000516 -0.001274 1285.0
0.000516 -0.001274 1286.0
0.000517 -0.001273 1287.0
0.000518 -0.001273 1288.0
0.000518 -0.001273 1289.0
0.000519 -0.001273 1290.0
0.000519 -0.001273 1291.0
0.000520 -0.001272 1292.0
0.000521 -0.001272 1293.0
0.000521 -0.001272 1294.0
0.000522 -0.001272 1295.0
0.000522 -0.001274 1296.0
0.000522 -0.001272 1297.0
0.000522 -0.001271 1298.0
0.000522 -0.001270 1299.0
0.000522 -0.001269 1300.0
0.000522 -0.001268 1301.0
0.000522 -0.001267 1302.0
0.000523 -0.001265 1303.0
0.000523 -0.001264 1304.0
0.000523 -0.001263 1305.0
0.000523 -0.001262 1306.0
0.000523 -0.001261 1307.0
0.000523 -0.001259 1308.0
0.000523 -0.001258 1309.0
0.000523 -0.001257 1310.0
0.000523 -0.001256 1311.0
0.000523 -0.001255 1312.0
0.000523 -0.001253 1313.0
0.000523 -0.001252 1314.0
0.000523 -0.001251 1315.0
0.000523 -0.001250 1316.0
0.000523 -0.001249 1317.0
0.000523 -0.001247 1318.0
0.000523 -0.001246 1319.0
0.000523 -0.001245 1320.0
0.000523 -0.001244 1321.0
0.000523 -0.001243 1322.0
0.000523 -0.001242 1323.0
0.000523 -0.001240 1324.0
0.000523 -0.001239 1325.0
0.000524 -0.001238 1326.0
0.000524 -0.001237 1327.0
0.000524 -0.001236 1328.0
0.000524 -0.001234 1329.0
0.000524 -0.001233 1330.0
0.000524 -0.001232 1331.0
0.000524 -0.001231 1332.0
0.000524 -0.001230 1333.0
0.000524 -0.001228 1334.0
0.000524 -0.001227 1335.0
0.000524 -0.001226 1336.0
0.000524 -0.001225 1337.0
0.000524 -0.001224 1338.0
0.000524 -0.001222 1339.0
0.000524 -0.001221 1340.0
0.000524 -0.001220 1341.0
0.000524 -0.001219 1342.0
0.000524 -0.001218 1343.0
0.000524 -0.001217 1344.0
0.000524 -0.001215 1345.0
0.000524 -0.001214 1346.0
0.000524 -0.001213 1347.0
0.000525 -0.001212 1348.0
0.000525 -0.001211 1349.0
0.000525 -0.001209 1350.0
0.000525 -0.001208 1351.0
0.000525 -0.001207 1352.0
0.000525 -0.001206 1353.0
0.000525 -0.001206 1354.0
0.000525 -0.001205 1355.0
0.000525 -0.001203 1356.0
0.000526 -0.001202 1357.0
0.000526 -0.001201 1358.0
0.000526 -0.001200 1359.0
0.000526 -0.001198 1360.0
0.000526 -0.001197 1361.0
0.000526 -0.001196 1362.0
0.000526 -0.001195 1363.0
0.000526 -0.001193 1364.0
0.000526 -0.001192 1365.0
0.000526 -0.001191 1366.0
0.000526 -0.001190 1367.0
0.000526 -0.001189 1368.0
0.000526 -0.001187 1369.0
0.000526 -0.001186 1370.0
0.000526 -0.001185 1371.0
0.000526 -0.001184 1372.0
0.000526 -0.001182 1373.0
0.000526 -0.001181 1374.0
0.000526 -0.001180 1375.0
0.000526 -0.001179 1376.0
0.000526 -0.001177 1377.0
0.000526 -0.001176 1378.0
0.000526 -0.001175 1379.0
0.000526 -0.001174 1380.0
0.000526 -0.001173 1381.0
0.000527 -0.001171 1382.0
0.000527 -0.001170 1383.0
0.000527 -0.001169 1384.0
0.000527 -0.001168 1385.0
0.000527 -0.001166 1386.0
0.000527 -0.001165 1387.0
0.000527 -0.001164 1388.0
0.000527 -0.001163 1389.0
0.000527 -0.001161 1390.0
0.000527 -0.001160 1391.0
0.000527 -0.001159 1392.0
0.000527 -0.001158 1393.0
0.000527 -0.001156 1394.0
0.000527 -0.001155 1395.0
0.000527 -0.001154 1396.0
0.000527 -0.001153 1397.0
0.000527 -0.001152 1398.0
0.000527 -0.001150 1399.0
0.000527 -0.001149 1400.0
0.000527 -0.001148 1401.0
0.000527 -0.001147 1402.0
0.000527 -0.001145 1403.0
0.000527 -0.001144 1404.0
0.000527 -0.001143 1405.0
0.000527 -0.001142 1406.0
0.000528 -0.001140 1407.0
0.000528 -0.001139 1408.0
0.000528 -0.001138 1409.0
0.000528 -0.001137 1410.0
0.000528 -0.001136 1411.0
0.000528 -0.001134 1412.0
0.000528 -0.001133 1413.0
0.000528 -0.001132 1414.0
0.000528 -0.001131 1415.0
0.000528 -0.001129 1416.0
0.000528 -0.001128 1417.0
0.000528 -0.001127 1418.0
0.000528 -0.001126 1419.0
0.000528 -0.001124 1420.0
0.000528 -0.001123 1421.0
0.000528 -0.001122 1422.0
0.000528 -0.001121 1423.0
0.000529 -0.001121 1424.0
0.000529 -0.001120 1425.0
0.000529 -0.001118 1426.0
0.000529 -0.001117 1427.0
0.000529 -0.001116 1428.0
0.000529 -0.001115 1429.0
0.000529 -0.001114 1430.0
0.000529 -0.001113 1431.0
0.000529 -0.001112 1432.0
0.000529 -0.001110 1433.0
0.000529 -0.001109 1434.0
0.000529 -0.001108 1435.0
0.000529 -0.001107 1436.0
0.000529 -0.001106 1437.0
0.000529 -0.001105 1438.0
0.000530 -0.001103 1439.0
0.000530 -0.001102 1440.0
0.000530 -0.001101 1441.0
0.000530 -0.001100 1442.0
0.000530 -0.001099 1443.0
0.000530 -0.001098 1444.0
0.000530 -0.001097 1445.0
0.000530 -0.001095 1446.0
0.000530 -0.001094 1447.0
0.000530 -0.001093 1448.0
0.000530 -0.001092 1449.0
0.000530 -0.001091 1450.0
0.000530 -0.001090 1451.0
0.000530 -0.001089 1452.0
0.000530 -0.001087 1453.0
0.000530 -0.001086 1454.0
0.000530 -0.001085 1455.0
0.000530 -0.001084 1456.0
0.000530 -0.001083 1457.0
0.000530 -0.001082 1458.0
0.000530 -0.001081 1459.0
0.000530 -0.001079 1460.0
0.000530 -0.001078 1461.0
0.000531 -0.001077 1462.0
0.000531 -0.001076 1463.0
0.000531 -0.001075 1464.0
0.000531 -0.001074 1465.0
0.000531 -0.001072 1466.0
0.000531 -0.001071 1467.0
0.000531 -0.001070 1468.0
0.000531 -0.001069 1469.0
0.000531 -0.001068 1470.0
0.000531 -0.001067 1471.0
0.000531 -0.001066 1472.0
0.000531 -0.001064 1473.0
0.000531 -0.001063 1474.0
0.000531 -0.001062 1475.0
0.000531 -0.001061 1476.0
0.000531 -0.001060 1477.0
0.000531 -0.001059 1478.0
0.000531 -0.001058 1479.0
0.000531 -0.001056 1480.0
0.000531 -0.001055 1481.0
0.000531 -0.001054 1482.0
0.000532 -0.001054 1483.0
0.000532 -0.001053 1484.0
0.000532 -0.001051 1485.0
0.000532 -0.001050 1486.0
0.000532 -0.001048 1487.0
0.000532 -0.001047 1488.0
0.000532 -0.001046 1489.0
0.000532 -0.001044 1490.0
0.000532 -0.001043 1491.0
0.000532 -0.001041 1492.0
0.000532 -0.001040 1493.0
0.000533 -0.001039 1494.0
0.000533 -0.001037 1495.0
0.000533 -0.001036 1496.0
0.000533 -0.001034 1497.0
0.000533 -0.001033 1498.0
0.000533 -0.001031 1499.0
0.000533 -0.001030 1500.0
0.000533 -0.001029 1501.0
0.000533 -0.001027 1502.0
0.000533 -0.001026 1503.0
0.000533 -0.001024 1504.0
0.000533 -0.001023 1505.0
0.000533 -0.001022 1506.0
0.000533 -0.001020 1507.0
0.000533 -0.001019 1508.0
0.000533 -0.001017 1509.0
0.000533 -0.001016 1510.0
0.000533 -0.001015 1511.0
0.000533 -0.001013 1512.0
0.000534 -0.001012 1513.0
0.000534 -0.001010 1514.0
0.000534 -0.001009 1515.0
0.000534 -0.001007 1516.0
0.000534 -0.001006 1517.0
0.000534 -0.001005 1518.0
0.000534 -0.001003 1519.0
0.000534 -0.001002 1520.0
0.000534 -0.001000 1521.0
0.000534 -0.000999 1522.0
0.000534 -0.000998 1523.0
0.000534 -0.000996 1524.0
0.000534 -0.000995 1525.0
0.000534 -0.000993 1526.0
0.000534 -0.000992 1527.0
0.000534 -0.000990 1528.0
0.000534 -0.000989 1529.0
0.000534 -0.000988 1530.0
0.000534 -0.000986 1531.0
0.000534 -0.000985 1532.0
0.000535 -0.000983 1533.0
0.000535 -0.000982 1534.0
0.000535 -0.000981 1535.0
0.000535 -0.000979 1536.0
0.000535 -0.000978 1537.0
0.000535 -0.000978 1538.0
0.000536 -0.000977 1539.0
0.000536 -0.000976 1540.0
0.000536 -0.000975 1541.0
0.000536 -0.000974 1542.0
0.000536 -0.000973 1543.0
0.000536 -0.000972 1544.0
0.000536 -0.000971 1545.0
0.000536 -0.000970 1546.0
0.000537 -0.000969 1547.0
0.000537 -0.000968 1548.0
0.000537 -0.000967 1549.0
0.000537 -0.000966 1550.0
0.000537 -0.000965 1551.0
0.000537 -0.000964 1552.0
0.000537 -0.000963 1553.0
0.000537 -0.000962 1554.0
0.000538 -0.000961 1555.0
0.000538 -0.000960 1556.0
0.000538 -0.000959 1557.0
0.000538 -0.000959 1558.0
0.000538 -0.000958 1559.0
0.000538 -0.000957 1560.0
0.000538 -0.000956 1561.0
0.000538 -0.000955 1562.0
0.000539 -0.000954 1563.0
0.000539 -0.000953 1564.0
0.000539 -0.000952 1565.0
0.000539 -0.000951 1566.0
0.000539 -0.000950 1567.0
0.000539 -0.000949 1568.0
0.000539 -0.000948 1569.0
0.000539 -0.000947 1570.0
0.000540 -0.000946 1571.0
0.000540 -0.000945 1572.0
0.000540 -0.000944 1573.0
0.000540 -0.000943 1574.0
0.000540 -0.000942 1575.0
0.000540 -0.000941 1576.0
0.000540 -0.000940 1577.0
0.000540 -0.000939 1578.0
0.000541 -0.000938 1579.0
0.000541 -0.000937 1580.0
0.000541 -0.000936 1581.0
0.000541 -0.000935 1582.0
0.000541 -0.000934 1583.0
0.000541 -0.000933 1584.0
0.000541 -0.000932 1585.0
0.000541 -0.000931 1586.0
0.000542 -0.000931 1587.0
0.000542 -0.000930 1588.0
0.000542 -0.000929 1589.0
0.000542 -0.000928 1590.0
0.000542 -0.000927 1591.0
0.000542 -0.000926 1592.0
0.000542 -0.000925 1593.0
0.000542 -0.000924 1594.0
0.000543 -0.000923 1595.0
0.000543 -0.000922 1596.0
0.000543 -0.000921 1597.0
0.000543 -0.000920 1598.0
0.000543 -0.000919 1599.0
0.000543 -0.000918 1600.0
0.000543 -0.000917 1601.0
0.000543 -0.000916 1602.0
0.000545 -0.000916 1603.0
0.000546 -0.000916 1604.0
0.000546 -0.000915 1605.0
0.000547 -0.000914 1606.0
0.000547 -0.000913 1607.0
0.000548 -0.000912 1608.0
0.000548 -0.000912 1609.0
0.000549 -0.000911 1610.0
0.000549 -0.000910 1611.0
0.000550 -0.000909 1612.0
0.000550 -0.000908 1613.0
0.000550 -0.000908 1614.0
0.000551 -0.000907 1615.0
0.000551 -0.000906 1616.0
0.000552 -0.000905 1617.0
0.000552 -0.000904 1618.0
0.000553 -0.000904 1619.0
0.000553 -0.000903 1620.0
0.000554 -0.000902 1621.0
0.000554 -0.000901 1622.0
0.000554 -0.000900 1623.0
0.000555 -0.000900 1624.0
0.000555 -0.000899 1625.0
0.000556 -0.000898 1626.0
0.000556 -0.000897 1627.0
0.000557 -0.000896 1628.0
0.000557 -0.000895 1629.0
0.000558 -0.000895 1630.0
0.000558 -0.000894 1631.0
0.000558 -0.000893 1632.0
0.000559 -0.000892 1633.0
0.000559 -0.000891 1634.0
0.000560 -0.000891 1635.0
0.000560 -0.000890 1636.0
0.000561 -0.000889 1637.0
0.000561 -0.000888 1638.0
0.000562 -0.000887 1639.0
0.000562 -0.000887 1640.0
0.000562 -0.000886 1641.0
0.000563 -0.000885 1642.0
0.000563 -0.000884 1643.0
0.000564 -0.000883 1644.0
0.000564 -0.000883 1645.0
0.000565 -0.000882 1646.0
0.000565 -0.000881 1647.0
0.000566 -0.000880 1648.0
0.000566 -0.000879 1649.0
0.000567 -0.000879 1650.0
0.000567 -0.000878 1651.0
0.000567 -0.000877 1652.0
0.000568 -0.000876 1653.0
0.000568 -0.000875 1654.0
0.000569 -0.000874 1655.0
0.000569 -0.000874 1656.0
0.000570 -0.000873 1657.0
0.000570 -0.000872 1658.0
0.000571 -0.000871 1659.0
0.000571 -0.000870 1660.0
0.000571 -0.000870 1661.0
0.000572 -0.000869 1662.0
0.000572 -0.000868 1663.0
0.000573 -0.000867 1664.0
0.000573 -0.000866 1665.0
0.000577 -0.000871 1666.0
0.000578 -0.000869 1667.0
0.000578 -0.000867 1668.0
0.000578 -0.000866 1669.0
0.000578 -0.000864 1670.0
0.000578 -0.000863 1671.0
0.000578 -0.000861 1672.0
0.000578 -0.000860 1673.0
0.000579 -0.000858 1674.0
0.000579 -0.000857 1675.0
0.000579 -0.000855 1676.0
0.000579 -0.000854 1677.0
0.000579 -0.000852 1678.0
0.000579 -0.000851 1679.0
0.000579 -0.000849 1680.0
0.000580 -0.000848 1681.0
0.000580 -0.000846 1682.0
0.000580 -0.000845 1683.0
0.000580 -0.000843 1684.0
0.000580 -0.000842 1685.0
0.000580 -0.000840 1686.0
0.000580 -0.000839 1687.0
0.000581 -0.000837 1688.0
0.000581 -0.000836 1689.0
0.000581 -0.000834 1690.0
0.000581 -0.000833 1691.0
0.000581 -0.000831 1692.0
0.000581 -0.000830 1693.0
0.000581 -0.000828 1694.0
0.000582 -0.000827 1695.0
0.000582 -0.000825 1696.0
0.000582 -0.000824 1697.0
0.000582 -0.000822 1698.0
0.000582 -0.000821 1699.0
0.000582 -0.000819 1700.0
0.000582 -0.000818 1701.0
0.000583 -0.000816 1702.0
0.000583 -0.000815 1703.0
0.000583 -0.000813 1704.0
0.000583 -0.000812 1705.0
0.000583 -0.000810 1706.0
0.000583 -0.000809 1707.0
0.000583 -0.000807 1708.0
0.000584 -0.000806 1709.0
0.000584 -0.000804 1710.0
0.000584 -0.000803 1711.0
0.000584 -0.000801 1712.0
0.000584 -0.000799 1713.0
0.000584 -0.000798 1714.0
0.000584 -0.000796 1715.0
0.000585 -0.000795 1716.0
0.000585 -0.000793 1717.0
0.000585 -0.000792 1718.0
0.000585 -0.000790 1719.0
0.000585 -0.000789 1720.0
0.000585 -0.000787 1721.0
0.000585 -0.000786 1722.0
0.000586 -0.000784 1723.0
0.000586 -0.000783 1724.0
0.000588 -0.000783 1725.0
0.000588 -0.000782 1726.0
0.000588 -0.000781 1727.0
0.000588 -0.000780 1728.0
0.000588 -0.000779 1729.0
0.000588 -0.000778 1730.0
0.000588 -0.000776 1731.0
0.000589 -0.000775 1732.0
0.000589 -0.000774 1733.0
0.000589 -0.000773 1734.0
0.000589 -0.000772 1735.0
0.000589 -0.000771 1736.0
0.000589 -0.000770 1737.0
0.000589 -0.000769 1738.0
0.000589 -0.000767 1739.0
0.000590 -0.000766 1740.0
0.000590 -0.000765 1741.0
0.000590 -0.000764 1742.0
0.000590 -0.000763 1743.0
0.000590 -0.000762 1744.0
0.000590 -0.000761 1745.0
0.000590 -0.000760 1746.0
0.000590 -0.000758 1747.0
0.000590 -0.000757 1748.0
0.000591 -0.000756 1749.0
0.000591 -0.000755 1750.0
0.000591 -0.000754 1751.0
0.000591 -0.000753 1752.0
0.000591 -0.000752 1753.0
0.000591 -0.000751 1754.0
0.000591 -0.000749 1755.0
0.000591 -0.000748 1756.0
0.000592 -0.000747 1757.0
0.000592 -0.000746 1758.0
0.000592 -0.000745 1759.0
0.000592 -0.000744 1760.0
0.000592 -0.000743 1761.0
0.000592 -0.000742 1762.0
0.000592 -0.000740 1763.0
0.000592 -0.000739 1764.0
0.000593 -0.000738 1765.0
0.000593 -0.000737 1766.0
0.000593 -0.000736 1767.0
0.000593 -0.000735 1768.0
0.000593 -0.000734 1769.0
0.000593 -0.000733 1770.0
0.000593 -0.000731 1771.0
0.000593 -0.000730 1772.0
0.000593 -0.000729 1773.0
0.000594 -0.000728 1774.0
0.000594 -0.000727 1775.0
0.000595 -0.000727 1776.0
0.000595 -0.000726 1777.0
0.000595 -0.000725 1778.0
0.000595 -0.000724 1779.0
0.000596 -0.000723 1780.0
0.000596 -0.000722 1781.0
0.000596 -0.000721 1782.0
0.000596 -0.000720 1783.0
0.000596 -0.000720 1784.0
0.000596 -0.000719 1785.0
0.000596 -0.000718 1786.0
0.000596 -0.000717 1787.0
0.000596 -0.000716 1788.0
0.000596 -0.000715 1789.0
0.000596 -0.000714 1790.0
0.000597 -0.000713 1791.0
0.000597 -0.000712 1792.0
0.000597 -0.000711 1793.0
0.000597 -0.000710 1794.0
0.000597 -0.000709 1795.0
0.000597 -0.000708 1796.0
0.000597 -0.000707 1797.0
0.000597 -0.000706 1798.0
0.000597 -0.000705 1799.0
0.000597 -0.000704 1800.0
0.000598 -0.000703 1801.0
0.000598 -0.000702 1802.0
0.000598 -0.000701 1803.0
0.000598 -0.000700 1804.0
0.000598 -0.000699 1805.0
0.000598 -0.000698 1806.0
0.000598 -0.000698 1807.0
0.000598 -0.000697 1808.0
0.000598 -0.000696 1809.0
0.000598 -0.000695 1810.0
0.000599 -0.000694 1811.0
0.000599 -0.000693 1812.0
0.000599 -0.000692 1813.0
0.000599 -0.000691 1814.0
0.000599 -0.000690 1815.0
0.000599 -0.000689 1816.0
0.000599 -0.000688 1817.0
0.000599 -0.000687 1818.0
0.000599 -0.000686 1819.0
0.000599 -0.000685 1820.0
0.000599 -0.000684 1821.0
0.000600 -0.000683 1822.0
0.000600 -0.000682 1823.0
0.000600 -0.000681 1824.0
0.000600 -0.000680 1825.0
0.000600 -0.000679 1826.0
0.000600 -0.000678 1827.0
0.000600 -0.000677 1828.0
0.000600 -0.000676 1829.0
0.000600 -0.000675 1830.0
0.000600 -0.000675 1831.0
0.000601 -0.000674 1832.0
0.000601 -0.000673 1833.0
0.000601 -0.000672 1834.0
0.000601 -0.000671 1835.0
0.000601 -0.000670 1836.0
0.000601 -0.000669 1837.0
0.000601 -0.000668 1838.0
0.000601 -0.000667 1839.0
0.000603 -0.000667 1840.0
0.000603 -0.000667 1841.0
0.000603 -0.000666 1842.0
0.000603 -0.000666 1843.0
0.000603 -0.000666 1844.0
0.000603 -0.000665 1845.0
0.000603 -0.000665 1846.0
0.000603 -0.000665 1847.0
0.000603 -0.000664 1848.0
0.000603 -0.000664 1849.0
0.000603 -0.000663 1850.0
0.000603 -0.000663 1851.0
0.000603 -0.000663 1852.0
0.000603 -0.000662 1853.0
0.000603 -0.000662 1854.0
0.000603 -0.000662 1855.0
0.000603 -0.000661 1856.0
0.000603 -0.000661 1857.0
0.000603 -0.000660 1858.0
0.000603 -0.000660 1859.0
0.000603 -0.000660 1860.0
0.000603 -0.000659 1861.0
0.000603 -0.000659 1862.0
0.000604 -0.000659 1863.0
0.000604 -0.000658 1864.0
0.000604 -0.000658 1865.0
0.000604 -0.000658 1866.0
0.000604 -0.000657 1867.0
0.000604 -0.000657 1868.0
0.000604 -0.000656 1869.0
0.000604 -0.000656 1870.0
0.000604 -0.000656 1871.0
0.000604 -0.000655 1872.0
0.000604 -0.000655 1873.0
0.000604 -0.000655 1874.0
0.000604 -0.000654 1875.0
0.000604 -0.000654 1876.0
0.000604 -0.000653 1877.0
0.000604 -0.000653 1878.0
0.000604 -0.000653 1879.0
0.000604 -0.000652 1880.0
0.000604 -0.000652 1881.0
0.000604 -0.000652 1882.0
0.000604 -0.000651 1883.0
0.000604 -0.000651 1884.0
0.000604 -0.000651 1885.0
0.000604 -0.000650 1886.0
0.000604 -0.000650 1887.0
0.000604 -0.000649 1888.0
0.000604 -0.000649 1889.0
0.000604 -0.000649 1890.0
0.000605 -0.000648 1891.0
0.000605 -0.000648 1892.0
0.000605 -0.000648 1893.0
0.000605 -0.000647 1894.0
0.000605 -0.000647 1895.0
0.000605 -0.000646 1896.0
0.000605 -0.000646 1897.0
0.000605 -0.000646 1898.0
0.000605 -0.000645 1899.0
0.000605 -0.000645 1900.0
0.000605 -0.000645 1901.0
0.000605 -0.000645 1902.0
0.000605 -0.000645 1903.0
0.000605 -0.000645 1904.0
0.000605 -0.000645 1905.0
0.000605 -0.000644 1906.0
0.000605 -0.000644 1907.0
0.000605 -0.000644 1908.0
0.000606 -0.000644 1909.0
0.000606 -0.000644 1910.0
0.000606 -0.000644 1911.0
0.000606 -0.000643 1912.0
0.000606 -0.000643 1913.0
0.000606 -0.000643 1914.0
0.000606 -0.000643 1915.0
0.000606 -0.000643 1916.0
0.000606 -0.000643 1917.0
0.000606 -0.000642 1918.0
0.000606 -0.000642 1919.0
0.000606 -0.000642 1920.0
0.000606 -0.000642 1921.0
0.000606 -0.000642 1922.0
0.000606 -0.000642 1923.0
0.000606 -0.000641 1924.0
0.000606 -0.000641 1925.0
0.000606 -0.000641 1926.0
0.000606 -0.000641 1927.0
0.000606 -0.000641 1928.0
0.000606 -0.000641 1929.0
0.000606 -0.000640 1930.0
0.000606 -0.000640 1931.0
0.000606 -0.000640 1932.0
0.000606 -0.000640 1933.0
0.000607 -0.000639 1934.0
0.000607 -0.000638 1935.0
0.000607 -0.000637 1936.0
0.000607 -0.000637 1937.0
0.000607 -0.000636 1938.0
0.000607 -0.000635 1939.0
0.000608 -0.000634 1940.0
0.000608 -0.000634 1941.0
0.000608 -0.000633 1942.0
0.000608 -0.000632 1943.0
0.000608 -0.000631 1944.0
0.000609 -0.000631 1945.0
0.000609 -0.000630 1946.0
0.000609 -0.000629 1947.0
0.000609 -0.000628 1948.0
0.000609 -0.000628 1949.0
0.000609 -0.000627 1950.0
0.000610 -0.000626 1951.0
0.000610 -0.000625 1952.0
0.000610 -0.000625 1953.0
0.000610 -0.000624 1954.0
0.000610 -0.000623 1955.0
0.000611 -0.000622 1956.0
0.000611 -0.000622 1957.0
0.000611 -0.000621 1958.0
0.000611 -0.000620 1959.0
0.000611 -0.000619 1960.0
0.000612 -0.000619 1961.0
0.000612 -0.000618 1962.0
0.000612 -0.000617 1963.0
0.000612 -0.000616 1964.0
0.000612 -0.000616 1965.0
0.000612 -0.000615 1966.0
0.000613 -0.000614 1967.0
0.000613 -0.000613 1968.0
0.000613 -0.000613 1969.0
0.000613 -0.000612 1970.0
0.000613 -0.000611 1971.0
0.000614 -0.000610 1972.0
0.000614 -0.000610 1973.0
0.000614 -0.000609 1974.0
0.000614 -0.000608 1975.0
0.000614 -0.000607 1976.0
0.000614 -0.000607 1977.0
0.000615 -0.000606 1978.0
0.000615 -0.000605 1979.0
0.000615 -0.000604 1980.0
0.000615 -0.000604 1981.0
0.000615 -0.000603 1982.0
0.000616 -0.000602 1983.0
0.000616 -0.000601 1984.0
0.000616 -0.000601 1985.0
0.000616 -0.000600 1986.0
0.000616 -0.000599 1987.0
0.000619 -0.000600 1988.0
0.000618 -0.000599 1989.0
0.000618 -0.000598 1990.0
0.000618 -0.000598 1991.0
0.000617 -0.000597 1992.0
0.000617 -0.000596 1993.0
0.000617 -0.000595 1994.0
0.000617 -0.000594 1995.0
0.000616 -0.000593 1996.0
0.000616 -0.000592 1997.0
0.000616 -0.000592 1998.0
0.000616 -0.000591 1999.0
0.000615 -0.000590 2000.0
0.000615 -0.000589 2001.0
0.000615 -0.000588 2002.0
0.000614 -0.000587 2003.0
0.000614 -0.000587 2004.0
0.000614 -0.000586 2005.0
0.000614 -0.000585 2006.0
0.000613 -0.000584 2007.0
0.000613 -0.000583 2008.0
0.000613 -0.000582 2009.0
0.000612 -0.000581 2010.0
0.000612 -0.000581 2011.0
0.000612 -0.000580 2012.0
0.000612 -0.000579 2013.0
0.000611 -0.000578 2014.0
0.000611 -0.000577 2015.0
0.000611 -0.000576 2016.0
0.000611 -0.000575 2017.0
0.000610 -0.000575 2018.0
0.000610 -0.000574 2019.0
0.000610 -0.000573 2020.0
0.000609 -0.000572 2021.0
0.000609 -0.000571 2022.0
0.000609 -0.000570 2023.0
0.000609 -0.000569 2024.0
0.000608 -0.000569 2025.0
0.000608 -0.000568 2026.0
0.000608 -0.000567 2027.0
0.000607 -0.000566 2028.0
0.000607 -0.000565 2029.0
0.000607 -0.000564 2030.0
0.000607 -0.000564 2031.0
0.000606 -0.000563 2032.0
0.000606 -0.000562 2033.0
0.000606 -0.000561 2034.0
0.000605 -0.000560 2035.0
0.000605 -0.000559 2036.0
0.000605 -0.000558 2037.0
0.000605 -0.000558 2038.0
0.000604 -0.000557 2039.0
0.000604 -0.000556 2040.0
0.000604 -0.000555 2041.0
0.000604 -0.000554 2042.0
0.000603 -0.000553 2043.0
0.000603 -0.000552 2044.0
0.000603 -0.000552 2045.0
0.000602 -0.000551 2046.0
0.000602 -0.000550 2047.0
0.000599 -0.000552 2048.0
0.000599 -0.000551 2049.0
0.000600 -0.000550 2050.0
0.000600 -0.000549 2051.0
0.000601 -0.000548 2052.0
0.000602 -0.000547 2053.0
0.000602 -0.000546 2054.0
0.000603 -0.000545 2055.0
0.000603 -0.000544 2056.0
0.000604 -0.000544 2057.0
0.000605 -0.000543 2058.0
0.000605 -0.000542 2059.0
0.000606 -0.000541 2060.0
0.000606 -0.000540 2061.0
0.000607 -0.000539 2062.0
0.000607 -0.000538 2063.0
0.000608 -0.000537 2064.0
0.000609 -0.000536 2065.0
0.000609 -0.000535 2066.0
0.000610 -0.000534 2067.0
0.000610 -0.000533 2068.0
0.000611 -0.000532 2069.0
0.000612 -0.000531 2070.0
0.000612 -0.000531 2071.0
0.000613 -0.000530 2072.0
0.000613 -0.000529 2073.0
0.000614 -0.000528 2074.0
0.000614 -0.000527 2075.0
0.000615 -0.000526 2076.0
0.000616 -0.000525 2077.0
0.000616 -0.000524 2078.0
0.000617 -0.000523 2079.0
0.000617 -0.000522 2080.0
0.000618 -0.000521 2081.0
0.000618 -0.000520 2082.0
0.000619 -0.000519 2083.0
0.000620 -0.000519 2084.0
0.000620 -0.000518 2085.0
0.000621 -0.000517 2086.0
0.000621 -0.000516 2087.0
0.000622 -0.000515 2088.0
0.000623 -0.000514 2089.0
0.000623 -0.000513 2090.0
0.000624 -0.000512 2091.0
0.000624 -0.000511 2092.0
0.000625 -0.000510 2093.0
0.000625 -0.000509 2094.0
0.000626 -0.000508 2095.0
0.000627 -0.000507 2096.0
0.000627 -0.000506 2097.0
0.000628 -0.000506 2098.0
0.000628 -0.000505 2099.0
0.000629 -0.000504 2100.0
0.000630 -0.000503 2101.0
0.000630 -0.000502 2102.0
0.000631 -0.000501 2103.0
0.000631 -0.000500 2104.0
0.000632 -0.000499 2105.0
0.000632 -0.000498 2106.0
0.000633 -0.000497 2107.0
0.000634 -0.000496 2108.0
0.000638 -0.000502 2109.0
0.000639 -0.000501 2110.0
0.000639 -0.000500 2111.0
0.000640 -0.000499 2112.0
0.000640 -0.000499 2113.0
0.000641 -0.000498 2114.0
0.000641 -0.000497 2115.0
0.000642 -0.000496 2116.0
0.000642 -0.000496 2117.0
0.000643 -0.000495 2118.0
0.000643 -0.000494 2119.0
0.000644 -0.000493 2120.0
0.000644 -0.000493 2121.0
0.000644 -0.000492 2122.0
0.000645 -0.000491 2123.0
0.000645 -0.000490 2124.0
0.000646 -0.000490 2125.0
0.000646 -0.000489 2126.0
0.000647 -0.000488 2127.0
0.000647 -0.000487 2128.0
0.000648 -0.000487 2129.0
0.000648 -0.000486 2130.0
0.000649 -0.000485 2131.0
0.000649 -0.000484 2132.0
0.000650 -0.000484 2133.0
0.000650 -0.000483 2134.0
0.000651 -0.000482 2135.0
0.000651 -0.000481 2136.0
0.000652 -0.000480 2137.0
0.000652 -0.000480 2138.0
0.000653 -0.000479 2139.0
0.000653 -0.000478 2140.0
0.000653 -0.000477 2141.0
0.000654 -0.000477 2142.0
0.000654 -0.000476 2143.0
0.000655 -0.000475 2144.0
0.000655 -0.000474 2145.0
0.000656 -0.000474 2146.0
0.000656 -0.000473 2147.0
0.000657 -0.000472 2148.0
0.000657 -0.000471 2149.0
0.000658 -0.000471 2150.0
0.000658 -0.000470 2151.0
0.000659 -0.000469 2152.0
0.000659 -0.000468 2153.0
0.000660 -0.000468 2154.0
0.000660 -0.000467 2155.0
0.000661 -0.000466 2156.0
0.000661 -0.000465 2157.0
0.000661 -0.000465 2158.0
0.000662 -0.000464 2159.0
0.000662 -0.000463 2160.0
0.000663 -0.000462 2161.0
0.000663 -0.000462 2162.0
0.000664 -0.000461 2163.0
0.000664 -0.000460 2164.0
0.000665 -0.000459 2165.0
0.000665 -0.000459 2166.0
0.000666 -0.000458 2167.0
0.000666 -0.000457 2168.0
0.000670 -0.000461 2169.0
0.000670 -0.000461 2170.0
0.000670 -0.000461 2171.0
0.000670 -0.000461 2172.0
0.000670 -0.000461 2173.0
0.000670 -0.000461 2174.0
0.000670 -0.000461 2175.0
0.000670 -0.000461 2176.0
0.000671 -0.000460 2177.0
0.000671 -0.000460 2178.0
0.000671 -0.000460 2179.0
0.000671 -0.000460 2180.0
0.000671 -0.000460 2181.0
0.000671 -0.000460 2182.0
0.000671 -0.000460 2183.0
0.000671 -0.000460 2184.0
0.000671 -0.000460 2185.0
0.000671 -0.000460 2186.0
0.000671 -0.000459 2187.0
0.000671 -0.000459 2188.0
0.000671 -0.000459 2189.0
0.000671 -0.000459 2190.0
0.000672 -0.000459 2191.0
0.000672 -0.000459 2192.0
0.000672 -0.000459 2193.0
0.000672 -0.000459 2194.0
0.000672 -0.000459 2195.0
0.000672 -0.000458 2196.0
0.000672 -0.000458 2197.0
0.000672 -0.000458 2198.0
0.000672 -0.000458 2199.0
0.000672 -0.000458 2200.0
0.000672 -0.000458 2201.0
0.000672 -0.000458 2202.0
0.000672 -0.000458 2203.0
0.000672 -0.000458 2204.0
0.000673 -0.000457 2205.0
0.000673 -0.000457 2206.0
0.000673 -0.000457 2207.0
0.000673 -0.000457 2208.0
0.000673 -0.000457 2209.0
0.000673 -0.000457 2210.0
0.000673 -0.000457 2211.0
0.000673 -0.000457 2212.0
0.000673 -0.000457 2213.0
0.000673 -0.000457 2214.0
0.000673 -0.000456 2215.0
0.000673 -0.000456 2216.0
0.000673 -0.000456 2217.0
0.000674 -0.000456 2218.0
0.000674 -0.000456 2219.0
0.000674 -0.000456 2220.0
0.000674 -0.000456 2221.0
0.000674 -0.000456 2222.0
0.000674 -0.000456 2223.0
0.000674 -0.000455 2224.0
0.000674 -0.000455 2225.0
0.000674 -0.000455 2226.0
0.000674 -0.000455 2227.0
0.000674 -0.000455 2228.0
0.000675 -0.000456 2229.0
0.000675 -0.000456 2230.0
0.000675 -0.000456 2231.0
0.000675 -0.000456 2232.0
0.000675 -0.000456 2233.0
0.000675 -0.000456 2234.0
0.000675 -0.000456 2235.0
0.000675 -0.000456 2236.0
0.000675 -0.000456 2237.0
0.000675 -0.000456 2238.0
0.000675 -0.000456 2239.0
0.000675 -0.000456 2240.0
0.000675 -0.000456 2241.0
0.000675 -0.000456 2242.0
0.000675 -0.000456 2243.0
0.000675 -0.000456 2244.0
0.000675 -0.000456 2245.0
0.000675 -0.000456 2246.0
0.000675 -0.000456 2247.0
0.000675 -0.000456 2248.0
0.000675 -0.000456 2249.0
0.000675 -0.000456 2250.0
0.000675 -0.000456 2251.0
0.000675 -0.000456 2252.0
0.000675 -0.000456 2253.0
0.000675 -0.000456 2254.0
0.000675 -0.000456 2255.0
0.000675 -0.000456 2256.0
0.000675 -0.000456 2257.0
0.000675 -0.000456 2258.0
0.000675 -0.000456 2259.0
0.000675 -0.000456 2260.0
0.000675 -0.000456 2261.0
0.000675 -0.000456 2262.0
0.000675 -0.000456 2263.0
0.000675 -0.000456 2264.0
0.000675 -0.000456 2265.0
0.000675 -0.000456 2266.0
0.000675 -0.000456 2267.0
0.000675 -0.000456 2268.0
0.000675 -0.000456 2269.0
0.000675 -0.000456 2270.0
0.000675 -0.000456 2271.0
0.000675 -0.000456 2272.0
0.000675 -0.000456 2273.0
0.000675 -0.000456 2274.0
0.000675 -0.000456 2275.0
0.000675 -0.000456 2276.0
0.000675 -0.000456 2277.0
0.000675 -0.000456 2278.0
0.000675 -0.000456 2279.0
0.000675 -0.000456 2280.0
0.000675 -0.000456 2281.0
0.000675 -0.000456 2282.0
0.000675 -0.000456 2283.0
0.000675 -0.000456 2284.0
0.000675 -0.000456 2285.0
0.000675 -0.000456 2286.0
0.000675 -0.000456 2287.0
0.000675 -0.000456 2288.0
0.000675 -0.000456 2289.0
0.000675 -0.000456 2290.0
0.000675 -0.000456 2291.0
0.000675 -0.000456 2292.0
0.000675 -0.000456 2293.0
0.000675 -0.000456 2294.0
0.000675 -0.000456 2295.0
0.000675 -0.000456 2296.0
0.000675 -0.000456 2297.0
0.000675 -0.000456 2298.0
0.000675 -0.000456 2299.0
0.000675 -0.000456 2300.0
0.000675 -0.000456 2301.0
0.000675 -0.000456 2302.0
0.000675 -0.000456 2303.0
0.000675 -0.000456 2304.0
0.000675 -0.000456 2305.0
0.000675 -0.000456 2306.0
0.000675 -0.000456 2307.0
0.000675 -0.000456 2308.0
0.000675 -0.000456 2309.0
0.000675 -0.000456 2310.0
0.000675 -0.000456 2311.0
0.000675 -0.000456 2312.0
0.000675 -0.000456 2313.0
0.000675 -0.000456 2314.0
0.000675 -0.000456 2315.0
0.000675 -0.000456 2316.0
0.000675 -0.000456 2317.0
0.000675 -0.000456 2318.0
0.000675 -0.000456 2319.0
0.000675 -0.000456 2320.0
0.000675 -0.000456 2321.0
0.000675 -0.000456 2322.0
0.000675 -0.000456 2323.0
0.000675 -0.000456 2324.0
0.000675 -0.000456 2325.0
0.000675 -0.000456 2326.0
0.000675 -0.000456 2327.0
0.000675 -0.000456 2328.0
0.000675 -0.000456 2329.0
0.000675 -0.000456 2330.0
0.000675 -0.000456 2331.0
0.000675 -0.000456 2332.0
0.000675 -0.000456 2333.0
0.000675 -0.000456 2334.0
0.000675 -0.000456 2335.0
0.000675 -0.000455 2336.0
0.000675 -0.000455 2337.0
0.000675 -0.000455 2338.0
0.000675 -0.000455 2339.0
0.000675 -0.000455 2340.0
0.000675 -0.000455 2341.0
0.000675 -0.000455 2342.0
0.000675 -0.000455 2343.0
0.000675 -0.000455 2344.0
0.000675 -0.000455 2345.0
0.000675 -0.000455 2346.0
0.000675 -0.000455 2347.0
0.000675 -0.000455 2348.0
0.000675 -0.000455 2349.0
0.000675 -0.000455 2350.0
0.000675 -0.000455 2351.0
0.000675 -0.000455 2352.0
0.000675 -0.000455 2353.0
0.000675 -0.000455 2354.0
0.000675 -0.000455 2355.0
0.000675 -0.000455 2356.0
0.000675 -0.000455 2357.0
0.000675 -0.000455 2358.0
0.000675 -0.000455 2359.0
0.000675 -0.000455 2360.0
0.000675 -0.000455 2361.0
0.000675 -0.000455 2362.0
0.000675 -0.000455 2363.0
0.000675 -0.000455 2364.0
0.000675 -0.000455 2365.0
0.000675 -0.000455 2366.0
0.000675 -0.000455 2367.0
0.000675 -0.000455 2368.0
0.000675 -0.000455 2369.0
0.000675 -0.000455 2370.0
0.000675 -0.000455 2371.0
0.000675 -0.000455 2372.0
0.000675 -0.000455 2373.0
0.000675 -0.000455 2374.0
0.000675 -0.000455 2375.0
0.000675 -0.000455 2376.0
0.000675 -0.000455 2377.0
0.000675 -0.000455 2378.0
0.000675 -0.000454 2379.0
0.000675 -0.000454 2380.0
0.000675 -0.000454 2381.0
0.000675 -0.000454 2382.0
0.000675 -0.000455 2383.0
0.000676 -0.000454 2384.0
0.000676 -0.000454 2385.0
0.000676 -0.000453 2386.0
0.000676 -0.000453 2387.0
0.000676 -0.000452 2388.0
0.000676 -0.000452 2389.0
0.000676 -0.000451 2390.0
0.000676 -0.000451 2391.0
0.000676 -0.000450 2392.0
0.000676 -0.000450 2393.0
0.000676 -0.000449 2394.0
0.000676 -0.000449 2395.0
0.000676 -0.000448 2396.0
0.000676 -0.000448 2397.0
0.000676 -0.000447 2398.0
0.000676 -0.000447 2399.0
0.000676 -0.000447 2400.0
0.000676 -0.000446 2401.0
0.000676 -0.000446 2402.0
0.000676 -0.000445 2403.0
0.000676 -0.000445 2404.0
0.000676 -0.000444 2405.0
0.000676 -0.000444 2406.0
0.000676 -0.000443 2407.0
0.000676 -0.000443 2408.0
0.000676 -0.000442 2409.0
0.000677 -0.000442 2410.0
0.000677 -0.000441 2411.0
0.000677 -0.000441 2412.0
0.000677 -0.000440 2413.0
0.000677 -0.000440 2414.0
0.000677 -0.000440 2415.0
0.000677 -0.000439 2416.0
0.000677 -0.000439 2417.0
0.000677 -0.000438 2418.0
0.000677 -0.000438 2419.0
0.000677 -0.000437 2420.0
0.000677 -0.000437 2421.0
0.000677 -0.000436 2422.0
0.000677 -0.000436 2423.0
0.000677 -0.000435 2424.0
0.000677 -0.000435 2425.0
0.000677 -0.000434 2426.0
0.000677 -0.000434 2427.0
0.000677 -0.000433 2428.0
0.000677 -0.000433 2429.0
0.000677 -0.000432 2430.0
0.000677 -0.000432 2431.0
0.000677 -0.000432 2432.0
0.000677 -0.000431 2433.0
0.000677 -0.000431 2434.0
0.000677 -0.000430 2435.0
0.000678 -0.000430 2436.0
0.000678 -0.000429 2437.0
0.000678 -0.000429 2438.0
0.000678 -0.000428 2439.0
0.000678 -0.000428 2440.0
0.000678 -0.000427 2441.0
0.000678 -0.000427 2442.0
0.000678 -0.000427 2443.0
0.000678 -0.000427 2444.0
0.000679 -0.000427 2445.0
0.000679 -0.000426 2446.0
0.000679 -0.000426 2447.0
0.000679 -0.000426 2448.0
0.000679 -0.000426 2449.0
0.000679 -0.000426 2450.0
0.000679 -0.000426 2451.0
0.000679 -0.000426 2452.0
0.000679 -0.000425 2453.0
0.000679 -0.000425 2454.0
0.000679 -0.000425 2455.0
0.000679 -0.000425 2456.0
0.000679 -0.000425 2457.0
0.000680 -0.000425 2458.0
0.000680 -0.000425 2459.0
0.000680 -0.000424 2460.0
0.000680 -0.000424 2461.0
0.000680 -0.000424 2462.0
0.000680 -0.000424 2463.0
0.000680 -0.000424 2464.0
0.000680 -0.000424 2465.0
0.000680 -0.000424 2466.0
0.000680 -0.000423 2467.0
0.000680 -0.000423 2468.0
0.000680 -0.000423 2469.0
0.000681 -0.000423 2470.0
0.000681 -0.000423 2471.0
0.000681 -0.000424 2472.0
0.000681 -0.000424 2473.0
0.000681 -0.000424 2474.0
0.000681 -0.000424 2475.0
0.000681 -0.000425 2476.0
0.000681 -0.000425 2477.0
0.000682 -0.000425 2478.0
0.000682 -0.000425 2479.0
0.000682 -0.000426 2480.0
0.000682 -0.000426 2481.0
0.000682 -0.000426 2482.0
0.000682 -0.000426 2483.0
0.000682 -0.000427 2484.0
0.000682 -0.000427 2485.0
0.000682 -0.000427 2486.0
0.000682 -0.000427 2487.0
0.000682 -0.000428 2488.0
0.000682 -0.000428 2489.0
0.000683 -0.000428 2490.0
0.000683 -0.000428 2491.0
0.000683 -0.000429 2492.0
0.000683 -0.000429 2493.0
0.000683 -0.000429 2494.0
0.000683 -0.000429 2495.0
0.000683 -0.000430 2496.0
0.000683 -0.000430 2497.0
0.000683 -0.000430 2498.0
0.000683 -0.000431 2499.0
0.000683 -0.000431 2500.0
0.000684 -0.000431 2501.0
0.000684 -0.000431 2502.0
0.000684 -0.000432 2503.0
0.000684 -0.000432 2504.0
0.000684 -0.000432 2505.0
0.000684 -0.000432 2506.0
0.000684 -0.000433 2507.0
0.000684 -0.000433 2508.0
0.000684 -0.000433 2509.0
0.000684 -0.000433 2510.0
0.000684 -0.000434 2511.0
0.000685 -0.000434 2512.0
0.000685 -0.000434 2513.0
0.000685 -0.000434 2514.0
0.000685 -0.000435 2515.0
0.000685 -0.000435 2516.0
0.000685 -0.000435 2517.0
0.000685 -0.000435 2518.0
0.000685 -0.000436 2519.0
0.000685 -0.000436 2520.0
0.000685 -0.000436 2521.0
0.000685 -0.000436 2522.0
0.000685 -0.000437 2523.0
0.000686 -0.000437 2524.0
0.000686 -0.000437 2525.0
0.000686 -0.000437 2526.0
0.000686 -0.000438 2527.0
0.000686 -0.000438 2528.0
0.000686 -0.000438 2529.0
0.000686 -0.000438 2530.0
0.000686 -0.000439 2531.0
0.000686 -0.000439 2532.0
0.000687 -0.000438 2533.0
0.000688 -0.000439 2534.0
0.000688 -0.000439 2535.0
0.000688 -0.000440 2536.0
0.000688 -0.000440 2537.0
0.000688 -0.000441 2538.0
0.000688 -0.000442 2539.0
0.000688 -0.000442 2540.0
0.000689 -0.000443 2541.0
0.000689 -0.000443 2542.0
0.000689 -0.000444 2543.0
0.000689 -0.000444 2544.0
0.000689 -0.000445 2545.0
0.000689 -0.000445 2546.0
0.000690 -0.000446 2547.0
0.000690 -0.000446 2548.0
0.000690 -0.000447 2549.0
0.000690 -0.000448 2550.0
0.000690 -0.000448 2551.0
0.000690 -0.000449 2552.0
0.000691 -0.000449 2553.0
0.000691 -0.000450 2554.0
0.000691 -0.000450 2555.0
0.000691 -0.000451 2556.0
0.000691 -0.000451 2557.0
0.000691 -0.000452 2558.0
0.000692 -0.000452 2559.0
0.000692 -0.000453 2560.0
0.000692 -0.000453 2561.0
0.000692 -0.000454 2562.0
0.000692 -0.000455 2563.0
0.000692 -0.000455 2564.0
0.000693 -0.000456 2565.0
0.000693 -0.000456 2566.0
0.000693 -0.000457 2567.0
0.000693 -0.000457 2568.0
0.000693 -0.000458 2569.0
0.000693 -0.000458 2570.0
0.000694 -0.000459 2571.0
0.000694 -0.000459 2572.0
0.000694 -0.000460 2573.0
0.000694 -0.000460 2574.0
0.000694 -0.000461 2575.0
0.000694 -0.000462 2576.0
0.000695 -0.000462 2577.0
0.000695 -0.000463 2578.0
0.000695 -0.000463 2579.0
0.000695 -0.000464 2580.0
0.000695 -0.000464 2581.0
0.000695 -0.000465 2582.0
0.000695 -0.000465 2583.0
0.000696 -0.000466 2584.0
0.000696 -0.000466 2585.0
0.000696 -0.000467 2586.0
0.000696 -0.000467 2587.0
0.000696 -0.000468 2588.0
0.000696 -0.000469 2589.0
0.000697 -0.000469 2590.0
0.000697 -0.000470 2591.0
0.000697 -0.000470 2592.0
0.000697 -0.000471 2593.0
0.000697 -0.000471 2594.0
0.000697 -0.000472 2595.0
0.000698 -0.000472 2596.0
0.000698 -0.000473 2597.0
0.000698 -0.000473 2598.0
0.000698 -0.000474 2599.0
0.000700 -0.000473 2600.0
0.000701 -0.000473 2601.0
0.000701 -0.000474 2602.0
0.000701 -0.000475 2603.0
0.000702 -0.000475 2604.0
0.000702 -0.000476 2605.0
0.000702 -0.000477 2606.0
0.000703 -0.000477 2607.0
0.000703 -0.000478 2608.0
0.000703 -0.000479 2609.0
0.000704 -0.000479 2610.0
0.000704 -0.000480 2611.0
0.000704 -0.000481 2612.0
0.000704 -0.000481 2613.0
0.000705 -0.000482 2614.0
0.000705 -0.000482 2615.0
0.000705 -0.000483 2616.0
0.000706 -0.000484 2617.0
0.000706 -0.000484 2618.0
0.000706 -0.000485 2619.0
0.000707 -0.000486 2620.0
0.000707 -0.000486 2621.0
0.000707 -0.000487 2622.0
0.000708 -0.000488 2623.0
0.000708 -0.000488 2624.0
0.000708 -0.000489 2625.0
0.000709 -0.000490 2626.0
0.000709 -0.000490 2627.0
0.000709 -0.000491 2628.0
0.000709 -0.000492 2629.0
0.000710 -0.000492 2630.0
0.000710 -0.000493 2631.0
0.000710 -0.000494 2632.0
0.000711 -0.000494 2633.0
0.000711 -0.000495 2634.0
0.000711 -0.000495 2635.0
0.000712 -0.000496 2636.0
0.000712 -0.000497 2637.0
0.000712 -0.000497 2638.0
0.000713 -0.000498 2639.0
0.000713 -0.000499 2640.0
0.000713 -0.000499 2641.0
0.000714 -0.000500 2642.0
0.000714 -0.000501 2643.0
0.000714 -0.000501 2644.0
0.000714 -0.000502 2645.0
0.000715 -0.000503 2646.0
0.000715 -0.000503 2647.0
0.000715 -0.000504 2648.0
0.000718 -0.000502 2649.0
0.000718 -0.000502 2650.0
0.000718 -0.000503 2651.0
0.000718 -0.000503 2652.0
0.000718 -0.000504 2653.0
0.000718 -0.000504 2654.0
0.000718 -0.000505 2655.0
0.000718 -0.000505 2656.0
0.000718 -0.000506 2657.0
0.000718 -0.000506 2658.0
0.000718 -0.000507 2659.0
0.000718 -0.000507 2660.0
0.000718 -0.000508 2661.0
0.000718 -0.000508 2662.0
0.000718 -0.000508 2663.0
0.000718 -0.000509 2664.0
0.000718 -0.000509 2665.0
0.000718 -0.000510 2666.0
0.000718 -0.000510 2667.0
0.000718 -0.000511 2668.0
0.000718 -0.000511 2669.0
0.000718 -0.000512 2670.0
0.000718 -0.000512 2671.0
0.000718 -0.000513 2672.0
0.000718 -0.000513 2673.0
0.000718 -0.000514 2674.0
0.000718 -0.000514 2675.0
0.000718 -0.000515 2676.0
0.000718 -0.000515 2677.0
0.000718 -0.000516 2678.0
0.000718 -0.000516 2679.0
0.000718 -0.000517 2680.0
0.000718 -0.000517 2681.0
0.000718 -0.000518 2682.0
0.000718 -0.000518 2683.0
0.000718 -0.000519 2684.0
0.000718 -0.000519 2685.0
0.000718 -0.000520 2686.0
0.000718 -0.000520 2687.0
0.000718 -0.000520 2688.0
0.000718 -0.000521 2689.0
0.000718 -0.000521 2690.0
0.000718 -0.000522 2691.0
0.000718 -0.000522 2692.0
0.000718 -0.000523 2693.0
0.000718 -0.000523 2694.0
0.000718 -0.000524 2695.0
0.000718 -0.000524 2696.0
0.000718 -0.000525 2697.0
0.000718 -0.000525 2698.0
0.000717 -0.000526 2699.0
0.000717 -0.000526 2700.0
0.000717 -0.000527 2701.0
0.000717 -0.000527 2702.0
0.000717 -0.000528 2703.0
0.000717 -0.000528 2704.0
0.000717 -0.000529 2705.0
0.000717 -0.000529 2706.0
0.000717 -0.000530 2707.0
0.000717 -0.000530 2708.0
0.000717 -0.000530 2709.0
0.000717 -0.000530 2710.0
0.000717 -0.000531 2711.0
0.000717 -0.000531 2712.0
0.000717 -0.000532 2713.0
0.000717 -0.000532 2714.0
0.000717 -0.000533 2715.0
0.000717 -0.000533 2716.0
0.000717 -0.000534 2717.0
0.000717 -0.000534 2718.0
0.000717 -0.000535 2719.0
0.000716 -0.000535 2720.0
0.000716 -0.000535 2721.0
0.000716 -0.000536 2722.0
0.000716 -0.000536 2723.0
0.000716 -0.000537 2724.0
0.000716 -0.000537 2725.0
0.000716 -0.000538 2726.0
0.000716 -0.000538 2727.0
0.000716 -0.000539 2728.0
0.000716 -0.000539 2729.0
0.000716 -0.000539 2730.0
0.000716 -0.000540 2731.0
0.000716 -0.000540 2732.0
0.000716 -0.000541 2733.0
0.000716 -0.000541 2734.0
0.000715 -0.000542 2735.0
0.000715 -0.000542 2736.0
0.000715 -0.000543 2737.0
0.000715 -0.000543 2738.0
0.000715 -0.000543 2739.0
0.000715 -0.000544 2740.0
0.000715 -0.000544 2741.0
0.000715 -0.000545 2742.0
0.000715 -0.000545 2743.0
0.000715 -0.000546 2744.0
0.000715 -0.000546 2745.0
0.000715 -0.000547 2746.0
0.000715 -0.000547 2747.0
0.000715 -0.000548 2748.0
0.000715 -0.000548 2749.0
0.000714 -0.000548 2750.0
0.000714 -0.000549 2751.0
0.000714 -0.000549 2752.0
0.000714 -0.000550 2753.0
0.000714 -0.000550 2754.0
0.000714 -0.000551 2755.0
0.000713 -0.000550 2756.0
0.000713 -0.000551 2757.0
0.000713 -0.000551 2758.0
0.000713 -0.000551 2759.0
0.000713 -0.000551 2760.0
0.000713 -0.000552 2761.0
0.000713 -0.000552 2762.0
0.000713 -0.000552 2763.0
0.000713 -0.000552 2764.0
0.000713 -0.000552 2765.0
0.000713 -0.000553 2766.0
0.000713 -0.000553 2767.0
0.000713 -0.000553 2768.0
0.000713 -0.000553 2769.0
0.000713 -0.000554 2770.0
0.000712 -0.000554 2771.0
0.000712 -0.000554 2772.0
0.000712 -0.000554 2773.0
0.000712 -0.000555 2774.0
0.000712 -0.000555 2775.0
0.000712 -0.000555 2776.0
0.000712 -0.000556 2777.0
0.000712 -0.000556 2778.0
0.000711 -0.000556 2779.0
0.000711 -0.000556 2780.0
0.000711 -0.000557 2781.0
0.000711 -0.000557 2782.0
0.000711 -0.000557 2783.0
0.000711 -0.000558 2784.0
0.000711 -0.000558 2785.0
0.000711 -0.000558 2786.0
0.000710 -0.000558 2787.0
0.000710 -0.000559 2788.0
0.000710 -0.000559 2789.0
0.000710 -0.000559 2790.0
0.000710 -0.000559 2791.0
0.000710 -0.000560 2792.0
0.000710 -0.000560 2793.0
0.000710 -0.000560 2794.0
0.000709 -0.000561 2795.0
0.000709 -0.000561 2796.0
0.000709 -0.000561 2797.0
0.000709 -0.000561 2798.0
0.000709 -0.000562 2799.0
0.000709 -0.000562 2800.0
0.000709 -0.000562 2801.0
0.000709 -0.000562 2802.0
0.000708 -0.000563 2803.0
0.000708 -0.000563 2804.0
0.000708 -0.000563 2805.0
0.000708 -0.000564 2806.0
0.000708 -0.000564 2807.0
0.000708 -0.000564 2808.0
0.000708 -0.000564 2809.0
0.000708 -0.000565 2810.0
0.000707 -0.000565 2811.0
0.000707 -0.000565 2812.0
0.000707 -0.000565 2813.0
0.000707 -0.000566 2814.0
0.000707 -0.000566 2815.0
0.000707 -0.000566 2816.0
0.000707 -0.000567 2817.0
0.000707 -0.000567 2818.0
0.000706 -0.000567 2819.0
0.000706 -0.000567 2820.0
0.000706 -0.000568 2821.0
0.000706 -0.000568 2822.0
0.000706 -0.000568 2823.0
0.000706 -0.000569 2824.0
0.000704 -0.000567 2825.0
0.000705 -0.000567 2826.0
0.000705 -0.000566 2827.0
0.000705 -0.000565 2828.0
0.000705 -0.000564 2829.0
0.000705 -0.000563 2830.0
0.000705 -0.000562 2831.0
0.000705 -0.000562 2832.0
0.000705 -0.000561 2833.0
0.000705 -0.000560 2834.0
0.000705 -0.000559 2835.0
0.000705 -0.000558 2836.0
0.000705 -0.000557 2837.0
0.000706 -0.000556 2838.0
0.000706 -0.000556 2839.0
0.000706 -0.000555 2840.0
0.000706 -0.000554 2841.0
0.000706 -0.000553 2842.0
0.000706 -0.000552 2843.0
0.000706 -0.000551 2844.0
0.000706 -0.000550 2845.0
0.000706 -0.000550 2846.0
0.000706 -0.000549 2847.0
0.000706 -0.000548 2848.0
0.000706 -0.000547 2849.0
0.000706 -0.000546 2850.0
0.000707 -0.000545 2851.0
0.000707 -0.000545 2852.0
0.000707 -0.000544 2853.0
0.000707 -0.000543 2854.0
0.000707 -0.000542 2855.0
0.000707 -0.000541 2856.0
0.000707 -0.000540 2857.0
0.000707 -0.000539 2858.0
0.000707 -0.000539 2859.0
0.000707 -0.000538 2860.0
0.000707 -0.000537 2861.0
0.000707 -0.000536 2862.0
0.000708 -0.000535 2863.0
0.000708 -0.000534 2864.0
0.000708 -0.000534 2865.0
0.000708 -0.000533 2866.0
0.000708 -0.000532 2867.0
0.000708 -0.000531 2868.0
0.000708 -0.000530 2869.0
0.000708 -0.000529 2870.0
0.000708 -0.000528 2871.0
0.000708 -0.000528 2872.0
0.000708 -0.000527 2873.0
0.000708 -0.000526 2874.0
0.000708 -0.000525 2875.0
0.000709 -0.000524 2876.0
0.000709 -0.000523 2877.0
0.000709 -0.000522 2878.0
0.000709 -0.000522 2879.0
0.000709 -0.000521 2880.0
0.000709 -0.000520 2881.0
0.000709 -0.000519 2882.0
0.000709 -0.000518 2883.0
0.000709 -0.000517 2884.0
0.000710 -0.000518 2885.0
0.000710 -0.000517 2886.0
0.000709 -0.000517 2887.0
0.000709 -0.000516 2888.0
0.000708 -0.000516 2889.0
0.000708 -0.000515 2890.0
0.000707 -0.000515 2891.0
0.000707 -0.000515 2892.0
0.000706 -0.000514 2893.0
0.000706 -0.000514 2894.0
0.000705 -0.000513 2895.0
0.000705 -0.000513 2896.0
0.000704 -0.000512 2897.0
0.000704 -0.000512 2898.0
0.000703 -0.000511 2899.0
0.000703 -0.000511 2900.0
0.000702 -0.000511 2901.0
0.000702 -0.000510 2902.0
0.000701 -0.000510 2903.0
0.000701 -0.000509 2904.0
0.000700 -0.000509 2905.0
0.000700 -0.000508 2906.0
0.000699 -0.000508 2907.0
0.000699 -0.000508 2908.0
0.000698 -0.000507 2909.0
0.000698 -0.000507 2910.0
0.000697 -0.000506 2911.0
0.000697 -0.000506 2912.0
0.000696 -0.000505 2913.0
0.000696 -0.000505 2914.0
0.000695 -0.000505 2915.0
0.000695 -0.000504 2916.0
0.000694 -0.000504 2917.0
0.000694 -0.000503 2918.0
0.000693 -0.000503 2919.0
0.000693 -0.000502 2920.0
0.000692 -0.000502 2921.0
0.000692 -0.000501 2922.0
0.000691 -0.000501 2923.0
0.000691 -0.000501 2924.0
0.000690 -0.000500 2925.0
0.000690 -0.000500 2926.0
0.000689 -0.000499 2927.0
0.000689 -0.000499 2928.0
0.000688 -0.000498 2929.0
0.000688 -0.000498 2930.0
0.000687 -0.000498 2931.0
0.000687 -0.000497 2932.0
0.000686 -0.000497 2933.0
0.000686 -0.000496 2934.0
0.000685 -0.000496 2935.0
0.000685 -0.000495 2936.0
0.000684 -0.000495 2937.0
0.000684 -0.000494 2938.0
0.000683 -0.000494 2939.0
0.000683 -0.000494 2940.0
0.000682 -0.000493 2941.0
0.000682 -0.000493 2942.0
0.000681 -0.000492 2943.0
0.000681 -0.000492 2944.0
0.000680 -0.000491 2945.0
0.000678 -0.000495 2946.0
0.000678 -0.000495 2947.0
0.000678 -0.000494 2948.0
0.000678 -0.000494 2949.0
0.000678 -0.000493 2950.0
0.000678 -0.000492 2951.0
0.000677 -0.000492 2952.0
0.000677 -0.000491 2953.0
0.000677 -0.000491 2954.0
0.000677 -0.000490 2955.0
0.000677 -0.000490 2956.0
0.000677 -0.000489 2957.0
0.000677 -0.000488 2958.0
0.000677 -0.000488 2959.0
0.000677 -0.000487 2960.0
0.000677 -0.000487 2961.0
0.000676 -0.000486 2962.0
0.000676 -0.000485 2963.0
0.000676 -0.000485 2964.0
0.000676 -0.000484 2965.0
0.000676 -0.000484 2966.0
0.000676 -0.000483 2967.0
0.000676 -0.000482 2968.0
0.000676 -0.000482 2969.0
0.000676 -0.000481 2970.0
0.000675 -0.000481 2971.0
0.000675 -0.000480 2972.0
0.000675 -0.000480 2973.0
0.000675 -0.000479 2974.0
0.000675 -0.000478 2975.0
0.000675 -0.000478 2976.0
0.000675 -0.000477 2977.0
0.000675 -0.000477 2978.0
0.000675 -0.000476 2979.0
0.000674 -0.000475 2980.0
0.000674 -0.000475 2981.0
0.000674 -0.000474 2982.0
0.000674 -0.000474 2983.0
0.000674 -0.000473 2984.0
0.000674 -0.000472 2985.0
0.000674 -0.000472 2986.0
0.000674 -0.000471 2987.0
0.000674 -0.000471 2988.0
0.000673 -0.000470 2989.0
0.000673 -0.000470 2990.0
0.000673 -0.000469 2991.0
0.000673 -0.000468 2992.0
0.000673 -0.000468 2993.0
0.000673 -0.000467 2994.0
0.000673 -0.000467 2995.0
0.000673 -0.000466 2996.0
0.000673 -0.000465 2997.0
0.000673 -0.000465 2998.0
0.000672 -0.000464 2999.0
0.000672 -0.000464 3000.0
0.000672 -0.000463 3001.0
0.000672 -0.000462 3002.0
0.000672 -0.000462 3003.0
0.000672 -0.000461 3004.0
0.000672 -0.000461 3005.0
0.000670 -0.000461 3006.0
0.000670 -0.000461 3007.0
0.000671 -0.000460 3008.0
0.000671 -0.000460 3009.0
0.000671 -0.000459 3010.0
0.000671 -0.000459 3011.0
0.000671 -0.000459 3012.0
0.000672 -0.000458 3013.0
0.000672 -0.000458 3014.0
0.000672 -0.000457 3015.0
0.000672 -0.000457 3016.0
0.000672 -0.000456 3017.0
0.000672 -0.000456 3018.0
0.000673 -0.000456 3019.0
0.000673 -0.000455 3020.0
0.000673 -0.000455 3021.0
0.000673 -0.000454 3022.0
0.000673 -0.000454 3023.0
0.000674 -0.000453 3024.0
0.000674 -0.000453 3025.0
0.000674 -0.000453 3026.0
0.000674 -0.000452 3027.0
0.000674 -0.000452 3028.0
0.000674 -0.000451 3029.0
0.000675 -0.000451 3030.0
0.000675 -0.000450 3031.0
0.000675 -0.000450 3032.0
0.000675 -0.000450 3033.0
0.000675 -0.000449 3034.0
0.000676 -0.000449 3035.0
0.000676 -0.000448 3036.0
0.000676 -0.000448 3037.0
0.000676 -0.000447 3038.0
0.000676 -0.000447 3039.0
0.000676 -0.000447 3040.0
0.000677 -0.000446 3041.0
0.000677 -0.000446 3042.0
0.000677 -0.000445 3043.0
0.000677 -0.000445 3044.0
0.000677 -0.000444 3045.0
0.000678 -0.000444 3046.0
0.000678 -0.000443 3047.0
0.000678 -0.000443 3048.0
0.000678 -0.000443 3049.0
0.000678 -0.000442 3050.0
0.000678 -0.000442 3051.0
0.000679 -0.000441 3052.0
0.000679 -0.000441 3053.0
0.000679 -0.000440 3054.0
0.000679 -0.000440 3055.0
0.000679 -0.000440 3056.0
0.000680 -0.000439 3057.0
0.000680 -0.000439 3058.0
0.000680 -0.000438 3059.0
0.000680 -0.000438 3060.0
0.000680 -0.000437 3061.0
0.000680 -0.000437 3062.0
0.000681 -0.000437 3063.0
0.000681 -0.000436 3064.0
0.000681 -0.000436 3065.0
0.000681 -0.000435 3066.0
0.000681 -0.000435 3067.0
0.000682 -0.000434 3068.0
0.000682 -0.000434 3069.0
0.000684 -0.000436 3070.0
0.000684 -0.000435 3071.0
0.000683 -0.000435 3072.0
0.000683 -0.000434 3073.0
0.000683 -0.000434 3074.0
0.000683 -0.000434 3075.0
0.000682 -0.000433 3076.0
0.000682 -0.000433 3077.0
0.000682 -0.000433 3078.0
0.000682 -0.000432 3079.0
0.000682 -0.000432 3080.0
0.000681 -0.000432 3081.0
0.000681 -0.000431 3082.0
0.000681 -0.000431 3083.0
0.000681 -0.000431 3084.0
0.000680 -0.000430 3085.0
0.000680 -0.000430 3086.0
0.000680 -0.000429 3087.0
0.000680 -0.000429 3088.0
0.000679 -0.000429 3089.0
0.000679 -0.000428 3090.0
0.000679 -0.000428 3091.0
0.000679 -0.000428 3092.0
0.000679 -0.000427 3093.0
0.000678 -0.000427 3094.0
0.000678 -0.000427 3095.0
0.000678 -0.000426 3096.0
0.000678 -0.000426 3097.0
0.000677 -0.000425 3098.0
0.000677 -0.000425 3099.0
0.000677 -0.000425 3100.0
0.000677 -0.000424 3101.0
0.000677 -0.000424 3102.0
0.000676 -0.000424 3103.0
0.000676 -0.000423 3104.0
0.000676 -0.000423 3105.0
0.000676 -0.000423 3106.0
0.000675 -0.000422 3107.0
0.000675 -0.000422 3108.0
0.000675 -0.000421 3109.0
0.000675 -0.000421 3110.0
0.000674 -0.000421 3111.0
0.000674 -0.000420 3112.0
0.000674 -0.000420 3113.0
0.000674 -0.000420 3114.0
0.000674 -0.000419 3115.0
0.000673 -0.000419 3116.0
0.000673 -0.000419 3117.0
0.000673 -0.000418 3118.0
0.000673 -0.000418 3119.0
0.000672 -0.000418 3120.0
0.000672 -0.000417 3121.0
0.000672 -0.000417 3122.0
0.000672 -0.000416 3123.0
0.000671 -0.000416 3124.0
0.000671 -0.000416 3125.0
0.000671 -0.000415 3126.0
0.000669 -0.000417 3127.0
0.000669 -0.000417 3128.0
0.000669 -0.000416 3129.0
0.000668 -0.000416 3130.0
0.000668 -0.000416 3131.0
0.000668 -0.000415 3132.0
0.000668 -0.000415 3133.0
0.000667 -0.000414 3134.0
0.000667 -0.000414 3135.0
0.000667 -0.000413 3136.0
0.000666 -0.000413 3137.0
0.000666 -0.000412 3138.0
0.000666 -0.000412 3139.0
0.000666 -0.000412 3140.0
0.000665 -0.000411 3141.0
0.000665 -0.000411 3142.0
0.000665 -0.000410 3143.0
0.000664 -0.000410 3144.0
0.000664 -0.000409 3145.0
0.000664 -0.000409 3146.0
0.000664 -0.000408 3147.0
0.000663 -0.000408 3148.0
0.000663 -0.000408 3149.0
0.000663 -0.000407 3150.0
0.000662 -0.000407 3151.0
0.000662 -0.000406 3152.0
0.000662 -0.000406 3153.0
0.000662 -0.000405 3154.0
0.000661 -0.000405 3155.0
0.000661 -0.000404 3156.0
0.000661 -0.000404 3157.0
0.000660 -0.000404 3158.0
0.000660 -0.000403 3159.0
0.000660 -0.000403 3160.0
0.000660 -0.000402 3161.0
0.000659 -0.000402 3162.0
0.000659 -0.000401 3163.0
0.000659 -0.000401 3164.0
0.000658 -0.000401 3165.0
0.000658 -0.000400 3166.0
0.000658 -0.000400 3167.0
0.000658 -0.000399 3168.0
0.000657 -0.000399 3169.0
0.000657 -0.000398 3170.0
0.000657 -0.000398 3171.0
0.000656 -0.000397 3172.0
0.000656 -0.000397 3173.0
0.000656 -0.000397 3174.0
0.000656 -0.000396 3175.0
0.000655 -0.000396 3176.0
0.000655 -0.000395 3177.0
0.000655 -0.000395 3178.0
0.000654 -0.000394 3179.0
0.000654 -0.000394 3180.0
0.000654 -0.000393 3181.0
0.000654 -0.000393 3182.0
0.000653 -0.000393 3183.0
0.000653 -0.000392 3184.0
0.000653 -0.000392 3185.0
0.000653 -0.000391 3186.0
0.000652 -0.000391 3187.0
0.000650 -0.000393 3188.0
0.000650 -0.000394 3189.0
0.000649 -0.000394 3190.0
0.000649 -0.000394 3191.0
0.000649 -0.000394 3192.0
0.000648 -0.000394 3193.0
0.000648 -0.000394 3194.0
0.000648 -0.000395 3195.0
0.000648 -0.000395 3196.0
0.000647 -0.000395 3197.0
0.000647 -0.000395 3198.0
0.000647 -0.000395 3199.0
0.000646 -0.000395 3200.0
0.000646 -0.000396 3201.0
0.000646 -0.000396 3202.0
0.000646 -0.000396 3203.0
0.000645 -0.000396 3204.0
0.000645 -0.000396 3205.0
0.000645 -0.000397 3206.0
0.000644 -0.000397 3207.0
0.000644 -0.000397 3208.0
0.000644 -0.000397 3209.0
0.000644 -0.000397 3210.0
0.000643 -0.000397 3211.0
0.000643 -0.000398 3212.0
0.000643 -0.000398 3213.0
0.000642 -0.000398 3214.0
0.000642 -0.000398 3215.0
0.000642 -0.000398 3216.0
0.000641 -0.000399 3217.0
0.000641 -0.000399 3218.0
0.000641 -0.000399 3219.0
0.000641 -0.000399 3220.0
0.000640 -0.000399 3221.0
0.000640 -0.000399 3222.0
0.000640 -0.000400 3223.0
0.000639 -0.000400 3224.0
0.000639 -0.000400 3225.0
0.000639 -0.000400 3226.0
0.000639 -0.000400 3227.0
0.000638 -0.000401 3228.0
0.000638 -0.000401 3229.0
0.000638 -0.000401 3230.0
0.000637 -0.000401 3231.0
0.000637 -0.000401 3232.0
0.000637 -0.000401 3233.0
0.000637 -0.000402 3234.0
0.000636 -0.000402 3235.0
0.000636 -0.000402 3236.0
0.000636 -0.000402 3237.0
0.000635 -0.000402 3238.0
0.000635 -0.000402 3239.0
0.000635 -0.000403 3240.0
0.000634 -0.000403 3241.0
0.000634 -0.000403 3242.0
0.000634 -0.000403 3243.0
0.000634 -0.000403 3244.0
0.000633 -0.000404 3245.0
0.000633 -0.000404 3246.0
0.000633 -0.000404 3247.0
0.000632 -0.000404 3248.0
0.000632 -0.000402 3249.0
0.000632 -0.000403 3250.0
0.000631 -0.000403 3251.0
0.000631 -0.000403 3252.0
0.000631 -0.000404 3253.0
0.000631 -0.000404 3254.0
0.000631 -0.000404 3255.0
0.000630 -0.000405 3256.0
0.000630 -0.000405 3257.0
0.000630 -0.000405 3258.0
0.000630 -0.000406 3259.0
0.000629 -0.000406 3260.0
0.000629 -0.000406 3261.0
0.000629 -0.000407 3262.0
0.000629 -0.000407 3263.0
0.000629 -0.000407 3264.0
0.000628 -0.000408 3265.0
0.000628 -0.000408 3266.0
0.000628 -0.000408 3267.0
0.000628 -0.000409 3268.0
0.000628 -0.000409 3269.0
0.000627 -0.000410 3270.0
0.000627 -0.000410 3271.0
0.000627 -0.000410 3272.0
0.000627 -0.000411 3273.0
0.000626 -0.000411 3274.0
0.000626 -0.000411 3275.0
0.000626 -0.000412 3276.0
0.000626 -0.000412 3277.0
0.000626 -0.000412 3278.0
0.000625 -0.000413 3279.0
0.000625 -0.000413 3280.0
0.000625 -0.000413 3281.0
0.000625 -0.000414 3282.0
0.000625 -0.000414 3283.0
0.000624 -0.000414 3284.0
0.000624 -0.000415 3285.0
0.000624 -0.000415 3286.0
0.000624 -0.000415 3287.0
0.000623 -0.000416 3288.0
0.000623 -0.000416 3289.0
0.000623 -0.000417 3290.0
0.000623 -0.000417 3291.0
0.000623 -0.000417 3292.0
0.000622 -0.000418 3293.0
0.000622 -0.000418 3294.0
0.000622 -0.000418 3295.0
0.000622 -0.000419 3296.0
0.000622 -0.000419 3297.0
0.000621 -0.000419 3298.0
0.000621 -0.000420 3299.0
0.000621 -0.000420 3300.0
0.000621 -0.000420 3301.0
0.000620 -0.000421 3302.0
0.000620 -0.000421 3303.0
0.000620 -0.000421 3304.0
0.000620 -0.000422 3305.0
0.000620 -0.000422 3306.0
0.000619 -0.000422 3307.0
0.000619 -0.000423 3308.0
0.000619 -0.000423 3309.0
0.000617 -0.000421 3310.0
0.000616 -0.000421 3311.0
0.000616 -0.000422 3312.0
0.000615 -0.000422 3313.0
0.000614 -0.000422 3314.0
0.000614 -0.000422 3315.0
0.000613 -0.000423 3316.0
0.000612 -0.000423 3317.0
0.000612 -0.000423 3318.0
0.000611 -0.000423 3319.0
0.000610 -0.000424 3320.0
0.000609 -0.000424 3321.0
0.000609 -0.000424 3322.0
0.000608 -0.000424 3323.0
0.000607 -0.000425 3324.0
0.000607 -0.000425 3325.0
0.000606 -0.000425 3326.0
0.000605 -0.000425 3327.0
0.000605 -0.000425 3328.0
0.000604 -0.000426 3329.0
0.000603 -0.000426 3330.0
0.000602 -0.000426 3331.0
0.000602 -0.000426 3332.0
0.000601 -0.000427 3333.0
0.000600 -0.000427 3334.0
0.000600 -0.000427 3335.0
0.000599 -0.000427 3336.0
0.000598 -0.000428 3337.0
0.000598 -0.000428 3338.0
0.000597 -0.000428 3339.0
0.000596 -0.000428 3340.0
0.000595 -0.000429 3341.0
0.000595 -0.000429 3342.0
0.000594 -0.000429 3343.0
0.000593 -0.000429 3344.0
0.000593 -0.000429 3345.0
0.000592 -0.000430 3346.0
0.000591 -0.000430 3347.0
0.000591 -0.000430 3348.0
0.000590 -0.000430 3349.0
0.000589 -0.000431 3350.0
0.000588 -0.000431 3351.0
0.000588 -0.000431 3352.0
0.000587 -0.000431 3353.0
0.000586 -0.000432 3354.0
0.000586 -0.000432 3355.0
0.000585 -0.000432 3356.0
0.000584 -0.000432 3357.0
0.000583 -0.000433 3358.0
0.000583 -0.000433 3359.0
0.000582 -0.000433 3360.0
0.000581 -0.000433 3361.0
0.000581 -0.000433 3362.0
0.000580 -0.000434 3363.0
0.000579 -0.000434 3364.0
0.000579 -0.000434 3365.0
0.000578 -0.000434 3366.0
0.000577 -0.000435 3367.0
0.000576 -0.000435 3368.0
0.000576 -0.000435 3369.0
0.000575 -0.000435 3370.0
0.000574 -0.000436 3371.0
0.000574 -0.000436 3372.0
0.000573 -0.000436 3373.0
0.000572 -0.000436 3374.0
0.000572 -0.000437 3375.0
0.000571 -0.000437 3376.0
0.000570 -0.000437 3377.0
0.000569 -0.000437 3378.0
0.000569 -0.000438 3379.0
0.000568 -0.000438 3380.0
0.000567 -0.000438 3381.0
0.000567 -0.000438 3382.0
0.000566 -0.000438 3383.0
0.000565 -0.000439 3384.0
0.000565 -0.000439 3385.0
0.000564 -0.000439 3386.0
0.000563 -0.000439 3387.0
0.000562 -0.000440 3388.0
0.000562 -0.000440 3389.0
0.000561 -0.000440 3390.0
0.000560 -0.000440 3391.0
0.000560 -0.000441 3392.0
0.000559 -0.000441 3393.0
0.000558 -0.000441 3394.0
0.000557 -0.000441 3395.0
0.000557 -0.000442 3396.0
0.000556 -0.000442 3397.0
0.000555 -0.000442 3398.0
0.000555 -0.000442 3399.0
0.000554 -0.000442 3400.0
0.000553 -0.000443 3401.0
0.000553 -0.000443 3402.0
0.000552 -0.000439 3403.0
0.000550 -0.000438 3404.0
0.000548 -0.000437 3405.0
0.000546 -0.000436 3406.0
0.000544 -0.000436 3407.0
0.000543 -0.000435 3408.0
0.000541 -0.000434 3409.0
0.000539 -0.000433 3410.0
0.000537 -0.000432 3411.0
0.000535 -0.000432 3412.0
0.000533 -0.000431 3413.0
0.000532 -0.000430 3414.0
0.000530 -0.000429 3415.0
0.000528 -0.000428 3416.0
0.000526 -0.000428 3417.0
0.000524 -0.000427 3418.0
0.000522 -0.000426 3419.0
0.000521 -0.000425 3420.0
0.000519 -0.000424 3421.0
0.000517 -0.000424 3422.0
0.000515 -0.000423 3423.0
0.000513 -0.000422 3424.0
0.000511 -0.000421 3425.0
0.000510 -0.000420 3426.0
0.000508 -0.000420 3427.0
0.000506 -0.000419 3428.0
0.000504 -0.000418 3429.0
0.000502 -0.000417 3430.0
0.000500 -0.000417 3431.0
0.000499 -0.000416 3432.0
0.000497 -0.000415 3433.0
0.000495 -0.000414 3434.0
0.000493 -0.000413 3435.0
0.000491 -0.000413 3436.0
0.000489 -0.000412 3437.0
0.000488 -0.000411 3438.0
0.000486 -0.000410 3439.0
0.000484 -0.000409 3440.0
0.000482 -0.000409 3441.0
0.000480 -0.000408 3442.0
0.000478 -0.000407 3443.0
0.000477 -0.000406 3444.0
0.000475 -0.000405 3445.0
0.000473 -0.000405 3446.0
0.000471 -0.000404 3447.0
0.000469 -0.000403 3448.0
0.000467 -0.000402 3449.0
0.000466 -0.000401 3450.0
0.000464 -0.000401 3451.0
0.000462 -0.000400 3452.0
0.000460 -0.000399 3453.0
0.000458 -0.000398 3454.0
0.000456 -0.000398 3455.0
0.000455 -0.000405 3456.0
