0.000605 -0.000743 76.0
0.000605 -0.000743 77.0
0.000605 -0.000743 78.0
0.000605 -0.000743 79.0
0.000605 -0.000743 80.0
0.000605 -0.000743 81.0
0.000605 -0.000743 82.0
0.000605 -0.000743 83.0
0.000605 -0.000743 84.0
0.000605 -0.000743 85.0
0.000605 -0.000743 86.0
0.000605 -0.000743 87.0
0.000605 -0.000743 88.0
0.000605 -0.000743 89.0
0.000605 -0.000743 90.0
0.000605 -0.000743 91.0
0.000605 -0.000743 92.0
0.000605 -0.000743 93.0
0.000605 -0.000743 94.0
0.000605 -0.000743 95.0
0.000605 -0.000743 96.0
0.000605 -0.000743 97.0
0.000605 -0.000743 98.0
0.000605 -0.000743 99.0
0.000605 -0.000743 100.0
0.000605 -0.000743 101.0
0.000605 -0.000743 102.0
0.000605 -0.000743 103.0
0.000605 -0.000743 104.0
0.000605 -0.000743 105.0
0.000605 -0.000743 106.0
0.000605 -0.000743 107.0
0.000605 -0.000743 108.0
0.000605 -0.000743 109.0
0.000605 -0.000743 110.0
0.000605 -0.000743 111.0
0.000605 -0.000743 112.0
0.000605 -0.000743 113.0
0.000605 -0.000743 114.0
0.000605 -0.000743 115.0
0.000605 -0.000743 116.0
0.000605 -0.000743 117.0
0.000605 -0.000743 118.0
0.000605 -0.000743 119.0
0.000605 -0.000743 120.0
0.000605 -0.000743 121.0
0.000605 -0.000743 122.0
0.000605 -0.000743 123.0
0.000605 -0.000743 124.0
0.000605 -0.000743 125.0
0.000605 -0.000743 126.0
0.000605 -0.000743 127.0
0.000605 -0.000743 128.0
0.000605 -0.000743 129.0
0.000605 -0.000743 130.0
0.000605 -0.000743 131.0
0.000605 -0.000743 132.0
0.000605 -0.000743 133.0
0.000605 -0.000743 134.0
0.000605 -0.000743 135.0
0.000605 -0.000743 136.0
0.000605 -0.000743 137.0
0.000605 -0.000743 138.0
0.000605 -0.000743 139.0
0.000605 -0.000743 140.0
0.000605 -0.000743 141.0
0.000605 -0.000743 142.0
0.000605 -0.000743 143.0
0.000605 -0.000743 144.0
0.000605 -0.000743 145.0
0.000605 -0.000743 146.0
0.000605 -0.000743 147.0
0.000605 -0.000743 148.0
0.000605 -0.000743 149.0
0.000605 -0.000743 150.0
0.000605 -0.000743 151.0
0.000605 -0.000743 152.0
0.000605 -0.000743 153.0
0.000605 -0.000743 154.0
0.000605 -0.000743 155.0
0.000605 -0.000743 156.0
0.000605 -0.000743 157.0
0.000605 -0.000743 158.0
0.000605 -0.000743 159.0
0.000605 -0.000743 160.0
0.000605 -0.000743 161.0
0.000605 -0.000743 162.0
0.000605 -0.000743 163.0
0.000605 -0.000743 164.0
0.000605 -0.000743 165.0
0.000605 -0.000743 166.0
0.000604 -0.000743 167.0
0.000604 -0.000743 168.0
0.000604 -0.000743 169.0
0.000604 -0.000743 170.0
0.000604 -0.000743 171.0
0.000604 -0.000743 172.0
0.000604 -0.000742 173.0
0.000604 -0.000742 174.0
0.000604 -0.000742 175.0
0.000603 -0.000742 176.0
0.000603 -0.000742 177.0
0.000603 -0.000742 178.0
0.000603 -0.000742 179.0
0.000603 -0.000742 180.0
0.000603 -0.000742 181.0
0.000603 -0.000742 182.0
0.000603 -0.000742 183.0
0.000603 -0.000742 184.0
0.000602 -0.000742 185.0
0.000602 -0.000742 186.0
0.000602 -0.000742 187.0
0.000602 -0.000742 188.0
0.000602 -0.000742 189.0
0.000602 -0.000742 190.0
0.000602 -0.000742 191.0
0.000602 -0.000742 192.0
0.000602 -0.000742 193.0
0.000601 -0.000742 194.0
0.000601 -0.000742 195.0
0.000601 -0.000742 196.0
0.000601 -0.000742 197.0
0.000601 -0.000742 198.0
0.000601 -0.000741 199.0
0.000601 -0.000741 200.0
0.000601 -0.000741 201.0
0.000601 -0.000741 202.0
0.000601 -0.000740 203.0
0.000601 -0.000740 204.0
0.000601 -0.000740 205.0
0.000600 -0.000740 206.0
0.000600 -0.000740 207.0
0.000600 -0.000739 208.0
0.000600 -0.000739 209.0
0.000600 -0.000739 210.0
0.000600 -0.000739 211.0
0.000600 -0.000738 212.0
0.000600 -0.000738 213.0
0.000600 -0.000738 214.0
0.000600 -0.000738 215.0
0.000600 -0.000737 216.0
0.000599 -0.000737 217.0
0.000599 -0.000737 218.0
0.000599 -0.000737 219.0
0.000599 -0.000736 220.0
0.000599 -0.000736 221.0
0.000599 -0.000736 222.0
0.000599 -0.000736 223.0
0.000599 -0.000736 224.0
0.000599 -0.000735 225.0
0.000599 -0.000735 226.0
0.000599 -0.000735 227.0
0.000598 -0.000735 228.0
0.000598 -0.000734 229.0
0.000598 -0.000734 230.0
0.000598 -0.000734 231.0
0.000598 -0.000734 232.0
0.000598 -0.000733 233.0
0.000598 -0.000733 234.0
0.000598 -0.000733 235.0
0.000598 -0.000733 236.0
0.000598 -0.000733 237.0
0.000598 -0.000732 238.0
0.000597 -0.000732 239.0
0.000597 -0.000732 240.0
0.000597 -0.000732 241.0
0.000597 -0.000731 242.0
0.000597 -0.000731 243.0
0.000597 -0.000731 244.0
0.000597 -0.000731 245.0
0.000597 -0.000730 246.0
0.000597 -0.000730 247.0
0.000597 -0.000730 248.0
0.000597 -0.000730 249.0
0.000596 -0.000730 250.0
0.000596 -0.000729 251.0
0.000596 -0.000729 252.0
0.000596 -0.000729 253.0
0.000596 -0.000729 254.0
0.000596 -0.000728 255.0
0.000595 -0.000729 256.0
0.000595 -0.000728 257.0
0.000595 -0.000728 258.0
0.000595 -0.000727 259.0
0.000595 -0.000726 260.0
0.000595 -0.000726 261.0
0.000595 -0.000725 262.0
0.000595 -0.000724 263.0
0.000596 -0.000724 264.0
0.000596 -0.000723 265.0
0.000596 -0.000722 266.0
0.000596 -0.000721 267.0
0.000596 -0.000721 268.0
0.000596 -0.000720 269.0
0.000596 -0.000719 270.0
0.000596 -0.000719 271.0
0.000596 -0.000718 272.0
0.000596 -0.000717 273.0
0.000596 -0.000717 274.0
0.000596 -0.000716 275.0
0.000596 -0.000715 276.0
0.000596 -0.000715 277.0
0.000597 -0.000714 278.0
0.000597 -0.000713 279.0
0.000597 -0.000713 280.0
0.000597 -0.000712 281.0
0.000597 -0.000711 282.0
0.000597 -0.000710 283.0
0.000597 -0.000710 284.0
0.000597 -0.000709 285.0
0.000597 -0.000708 286.0
0.000597 -0.000708 287.0
0.000597 -0.000707 288.0
0.000597 -0.000706 289.0
0.000597 -0.000706 290.0
0.000597 -0.000705 291.0
0.000598 -0.000704 292.0
0.000598 -0.000704 293.0
0.000598 -0.000703 294.0
0.000598 -0.000702 295.0
0.000598 -0.000702 296.0
0.000598 -0.000701 297.0
0.000598 -0.000700 298.0
0.000598 -0.000699 299.0
0.000598 -0.000699 300.0
0.000598 -0.000698 301.0
0.000598 -0.000697 302.0
0.000598 -0.000697 303.0
0.000598 -0.000696 304.0
0.000598 -0.000695 305.0
0.000599 -0.000695 306.0
0.000599 -0.000694 307.0
0.000599 -0.000693 308.0
0.000599 -0.000693 309.0
0.000599 -0.000692 310.0
0.000599 -0.000691 311.0
0.000599 -0.000690 312.0
0.000599 -0.000690 313.0
0.000599 -0.000689 314.0
0.000599 -0.000688 315.0
0.000599 -0.000688 316.0
0.000600 -0.000688 317.0
0.000600 -0.000687 318.0
0.000600 -0.000687 319.0
0.000600 -0.000686 320.0
0.000601 -0.000685 321.0
0.000601 -0.000685 322.0
0.000601 -0.000684 323.0
0.000601 -0.000683 324.0
0.000601 -0.000683 325.0
0.000601 -0.000682 326.0
0.000601 -0.000681 327.0
0.000601 -0.000681 328.0
0.000601 -0.000680 329.0
0.000601 -0.000679 330.0
0.000601 -0.000679 331.0
0.000601 -0.000678 332.0
0.000601 -0.000677 333.0
0.000601 -0.000677 334.0
0.000602 -0.000676 335.0
0.000602 -0.000675 336.0
0.000602 -0.000675 337.0
0.000602 -0.000674 338.0
0.000602 -0.000673 339.0
0.000602 -0.000673 340.0
0.000602 -0.000672 341.0
0.000602 -0.000671 342.0
0.000602 -0.000671 343.0
0.000602 -0.000670 344.0
0.000602 -0.000669 345.0
0.000602 -0.000669 346.0
0.000602 -0.000668 347.0
0.000602 -0.000667 348.0
0.000603 -0.000667 349.0
0.000603 -0.000666 350.0
0.000603 -0.000665 351.0
0.000603 -0.000665 352.0
0.000603 -0.000664 353.0
0.000603 -0.000664 354.0
0.000603 -0.000663 355.0
0.000603 -0.000662 356.0
0.000603 -0.000662 357.0
0.000603 -0.000661 358.0
0.000603 -0.000660 359.0
0.000603 -0.000660 360.0
0.000603 -0.000659 361.0
0.000603 -0.000658 362.0
0.000603 -0.000658 363.0
0.000604 -0.000657 364.0
0.000604 -0.000656 365.0
0.000604 -0.000656 366.0
0.000604 -0.000655 367.0
0.000604 -0.000654 368.0
0.000604 -0.000654 369.0
0.000604 -0.000653 370.0
0.000604 -0.000652 371.0
0.000604 -0.000652 372.0
0.000604 -0.000651 373.0
0.000604 -0.000650 374.0
0.000604 -0.000650 375.0
0.000604 -0.000649 376.0
0.000604 -0.000648 377.0
0.000605 -0.000648 378.0
0.000605 -0.000647 379.0
0.000605 -0.000646 380.0
0.000605 -0.000646 381.0
0.000605 -0.000645 382.0
0.000605 -0.000644 383.0
0.000605 -0.000644 384.0
0.000605 -0.000643 385.0
0.000605 -0.000642 386.0
0.000605 -0.000642 387.0
0.000605 -0.000641 388.0
0.000605 -0.000640 389.0
0.000607 -0.000641 390.0
0.000606 -0.000641 391.0
0.000606 -0.000640 392.0
0.000606 -0.000640 393.0
0.000606 -0.000640 394.0
0.000605 -0.000640 395.0
0.000605 -0.000640 396.0
0.000605 -0.000640 397.0
0.000604 -0.000640 398.0
0.000604 -0.000640 399.0
0.000604 -0.000640 400.0
0.000604 -0.000640 401.0
0.000603 -0.000639 402.0
0.000603 -0.000639 403.0
0.000603 -0.000639 404.0
0.000603 -0.000639 405.0
0.000602 -0.000639 406.0
0.000602 -0.000639 407.0
0.000602 -0.000639 408.0
0.000602 -0.000639 409.0
0.000601 -0.000639 410.0
0.000601 -0.000638 411.0
0.000601 -0.000638 412.0
0.000600 -0.000638 413.0
0.000600 -0.000638 414.0
0.000600 -0.000638 415.0
0.000600 -0.000638 416.0
0.000599 -0.000638 417.0
0.000599 -0.000638 418.0
0.000599 -0.000638 419.0
0.000599 -0.000638 420.0
0.000598 -0.000637 421.0
0.000598 -0.000637 422.0
0.000598 -0.000637 423.0
0.000598 -0.000637 424.0
0.000597 -0.000637 425.0
0.000597 -0.000637 426.0
0.000597 -0.000637 427.0
0.000597 -0.000637 428.0
0.000596 -0.000637 429.0
0.000596 -0.000637 430.0
0.000596 -0.000636 431.0
0.000595 -0.000636 432.0
0.000595 -0.000636 433.0
0.000595 -0.000636 434.0
0.000595 -0.000636 435.0
0.000594 -0.000636 436.0
0.000594 -0.000636 437.0
0.000594 -0.000636 438.0
0.000594 -0.000636 439.0
0.000593 -0.000636 440.0
0.000593 -0.000635 441.0
0.000593 -0.000635 442.0
0.000593 -0.000636 443.0
0.000592 -0.000636 444.0
0.000592 -0.000636 445.0
0.000591 -0.000636 446.0
0.000591 -0.000636 447.0
0.000590 -0.000636 448.0
0.000590 -0.000636 449.0
0.000589 -0.000637 450.0
0.000589 -0.000637 451.0
0.000588 -0.000637 452.0
0.000588 -0.000637 453.0
0.000587 -0.000637 454.0
0.000587 -0.000637 455.0
0.000587 -0.000637 456.0
0.000586 -0.000637 457.0
0.000586 -0.000637 458.0
0.000585 -0.000637 459.0
0.000585 -0.000637 460.0
0.000584 -0.000637 461.0
0.000584 -0.000637 462.0
0.000583 -0.000637 463.0
0.000583 -0.000637 464.0
0.000582 -0.000637 465.0
0.000582 -0.000637 466.0
0.000581 -0.000637 467.0
0.000581 -0.000637 468.0
0.000580 -0.000637 469.0
0.000580 -0.000637 470.0
0.000580 -0.000637 471.0
0.000579 -0.000637 472.0
0.000579 -0.000637 473.0
0.000578 -0.000637 474.0
0.000578 -0.000637 475.0
0.000577 -0.000637 476.0
0.000577 -0.000637 477.0
0.000576 -0.000637 478.0
0.000576 -0.000637 479.0
0.000575 -0.000637 480.0
0.000575 -0.000637 481.0
0.000574 -0.000637 482.0
0.000574 -0.000637 483.0
0.000573 -0.000637 484.0
0.000573 -0.000637 485.0
0.000573 -0.000637 486.0
0.000572 -0.000637 487.0
0.000572 -0.000637 488.0
0.000571 -0.000637 489.0
0.000571 -0.000638 490.0
0.000570 -0.000638 491.0
0.000570 -0.000638 492.0
0.000569 -0.000638 493.0
0.000569 -0.000638 494.0
0.000568 -0.000638 495.0
0.000568 -0.000638 496.0
0.000567 -0.000638 497.0
0.000567 -0.000637 498.0
0.000567 -0.000637 499.0
0.000567 -0.000637 500.0
0.000567 -0.000637 501.0
0.000567 -0.000637 502.0
0.000567 -0.000637 503.0
0.000566 -0.000636 504.0
0.000566 -0.000636 505.0
0.000566 -0.000636 506.0
0.000566 -0.000636 507.0
0.000566 -0.000636 508.0
0.000566 -0.000636 509.0
0.000566 -0.000635 510.0
0.000565 -0.000635 511.0
0.000565 -0.000635 512.0
0.000565 -0.000635 513.0
0.000565 -0.000635 514.0
0.000565 -0.000635 515.0
0.000565 -0.000634 516.0
0.000565 -0.000634 517.0
0.000564 -0.000634 518.0
0.000564 -0.000634 519.0
0.000564 -0.000634 520.0
0.000564 -0.000634 521.0
0.000564 -0.000633 522.0
0.000564 -0.000633 523.0
0.000564 -0.000633 524.0
0.000563 -0.000633 525.0
0.000563 -0.000633 526.0
0.000563 -0.000633 527.0
0.000563 -0.000632 528.0
0.000563 -0.000632 529.0
0.000563 -0.000632 530.0
0.000563 -0.000632 531.0
0.000562 -0.000632 532.0
0.000562 -0.000632 533.0
0.000562 -0.000631 534.0
0.000562 -0.000631 535.0
0.000562 -0.000631 536.0
0.000562 -0.000631 537.0
0.000562 -0.000631 538.0
0.000561 -0.000631 539.0
0.000561 -0.000630 540.0
0.000561 -0.000630 541.0
0.000561 -0.000630 542.0
0.000561 -0.000630 543.0
0.000561 -0.000630 544.0
0.000561 -0.000630 545.0
0.000560 -0.000629 546.0
0.000560 -0.000629 547.0
0.000560 -0.000629 548.0
0.000560 -0.000629 549.0
0.000560 -0.000629 550.0
0.000559 -0.000630 551.0
0.000559 -0.000630 552.0
0.000559 -0.000630 553.0
0.000559 -0.000630 554.0
0.000559 -0.000630 555.0
0.000559 -0.000630 556.0
0.000559 -0.000630 557.0
0.000559 -0.000630 558.0
0.000559 -0.000631 559.0
0.000559 -0.000631 560.0
0.000559 -0.000631 561.0
0.000559 -0.000631 562.0
0.000559 -0.000631 563.0
0.000560 -0.000631 564.0
0.000560 -0.000631 565.0
0.000560 -0.000631 566.0
0.000560 -0.000631 567.0
0.000560 -0.000631 568.0
0.000560 -0.000632 569.0
0.000560 -0.000632 570.0
0.000560 -0.000632 571.0
0.000560 -0.000632 572.0
0.000560 -0.000632 573.0
0.000560 -0.000632 574.0
0.000560 -0.000632 575.0
0.000560 -0.000632 576.0
0.000560 -0.000632 577.0
0.000560 -0.000632 578.0
0.000560 -0.000632 579.0
0.000560 -0.000633 580.0
0.000560 -0.000633 581.0
0.000560 -0.000633 582.0
0.000560 -0.000633 583.0
0.000560 -0.000633 584.0
0.000560 -0.000633 585.0
0.000560 -0.000633 586.0
0.000560 -0.000633 587.0
0.000561 -0.000633 588.0
0.000561 -0.000633 589.0
0.000561 -0.000634 590.0
0.000561 -0.000634 591.0
0.000561 -0.000634 592.0
0.000561 -0.000634 593.0
0.000561 -0.000634 594.0
0.000561 -0.000634 595.0
0.000561 -0.000634 596.0
0.000561 -0.000634 597.0
0.000561 -0.000634 598.0
0.000561 -0.000634 599.0
0.000561 -0.000635 600.0
0.000561 -0.000635 601.0
0.000561 -0.000635 602.0
0.000561 -0.000635 603.0
0.000561 -0.000635 604.0
0.000561 -0.000635 605.0
0.000561 -0.000635 606.0
0.000561 -0.000635 607.0
0.000561 -0.000635 608.0
0.000561 -0.000635 609.0
0.000561 -0.000636 610.0
0.000561 -0.000636 611.0
0.000561 -0.000636 612.0
0.000562 -0.000635 613.0
0.000562 -0.000635 614.0
0.000562 -0.000635 615.0
0.000562 -0.000635 616.0
0.000562 -0.000635 617.0
0.000562 -0.000636 618.0
0.000562 -0.000636 619.0
0.000562 -0.000636 620.0
0.000562 -0.000636 621.0
0.000562 -0.000636 622.0
0.000562 -0.000636 623.0
0.000562 -0.000636 624.0
0.000562 -0.000636 625.0
0.000562 -0.000636 626.0
0.000562 -0.000636 627.0
0.000562 -0.000636 628.0
0.000562 -0.000636 629.0
0.000562 -0.000636 630.0
0.000563 -0.000636 631.0
0.000563 -0.000636 632.0
0.000563 -0.000636 633.0
0.000563 -0.000636 634.0
0.000563 -0.000636 635.0
0.000563 -0.000636 636.0
0.000563 -0.000636 637.0
0.000563 -0.000636 638.0
0.000563 -0.000636 639.0
0.000563 -0.000636 640.0
0.000563 -0.000636 641.0
0.000563 -0.000636 642.0
0.000563 -0.000636 643.0
0.000563 -0.000636 644.0
0.000563 -0.000636 645.0
0.000563 -0.000636 646.0
0.000563 -0.000636 647.0
0.000563 -0.000636 648.0
0.000563 -0.000636 649.0
0.000563 -0.000636 650.0
0.000563 -0.000636 651.0
0.000563 -0.000636 652.0
0.000563 -0.000636 653.0
0.000563 -0.000636 654.0
0.000563 -0.000636 655.0
0.000563 -0.000636 656.0
0.000563 -0.000636 657.0
0.000563 -0.000636 658.0
0.000563 -0.000636 659.0
0.000563 -0.000636 660.0
0.000563 -0.000636 661.0
0.000563 -0.000636 662.0
0.000564 -0.000636 663.0
0.000564 -0.000636 664.0
0.000564 -0.000636 665.0
0.000564 -0.000636 666.0
0.000564 -0.000637 667.0
0.000564 -0.000637 668.0
0.000564 -0.000637 669.0
0.000564 -0.000637 670.0
0.000564 -0.000637 671.0
0.000564 -0.000637 672.0
0.000564 -0.000636 673.0
0.000564 -0.000636 674.0
0.000565 -0.000637 675.0
0.000565 -0.000637 676.0
0.000565 -0.000637 677.0
0.000566 -0.000637 678.0
0.000566 -0.000637 679.0
0.000566 -0.000637 680.0
0.000566 -0.000637 681.0
0.000567 -0.000637 682.0
0.000567 -0.000637 683.0
0.000567 -0.000637 684.0
0.000568 -0.000637 685.0
0.000568 -0.000637 686.0
0.000568 -0.000637 687.0
0.000569 -0.000637 688.0
0.000569 -0.000637 689.0
0.000569 -0.000637 690.0
0.000570 -0.000637 691.0
0.000570 -0.000638 692.0
0.000570 -0.000638 693.0
0.000571 -0.000638 694.0
0.000571 -0.000638 695.0
0.000571 -0.000638 696.0
0.000572 -0.000638 697.0
0.000572 -0.000638 698.0
0.000572 -0.000638 699.0
0.000573 -0.000638 700.0
0.000573 -0.000638 701.0
0.000573 -0.000638 702.0
0.000574 -0.000638 703.0
0.000574 -0.000638 704.0
0.000574 -0.000638 705.0
0.000575 -0.000638 706.0
0.000575 -0.000638 707.0
0.000575 -0.000638 708.0
0.000576 -0.000639 709.0
0.000576 -0.000639 710.0
0.000576 -0.000639 711.0
0.000577 -0.000639 712.0
0.000577 -0.000639 713.0
0.000577 -0.000639 714.0
0.000578 -0.000639 715.0
0.000578 -0.000638 716.0
0.000578 -0.000638 717.0
0.000578 -0.000638 718.0
0.000578 -0.000638 719.0
0.000579 -0.000638 720.0
0.000579 -0.000637 721.0
0.000579 -0.000637 722.0
0.000580 -0.000637 723.0
0.000580 -0.000637 724.0
0.000580 -0.000637 725.0
0.000580 -0.000636 726.0
0.000581 -0.000636 727.0
0.000581 -0.000636 728.0
0.000581 -0.000636 729.0
0.000582 -0.000636 730.0
0.000582 -0.000635 731.0
0.000582 -0.000635 732.0
0.000582 -0.000635 733.0
0.000583 -0.000635 734.0
0.000583 -0.000635 735.0
0.000583 -0.000635 736.0
0.000583 -0.000634 737.0
0.000584 -0.000634 738.0
0.000584 -0.000634 739.0
0.000584 -0.000634 740.0
0.000585 -0.000634 741.0
0.000585 -0.000633 742.0
0.000585 -0.000633 743.0
0.000585 -0.000633 744.0
0.000586 -0.000633 745.0
0.000586 -0.000633 746.0
0.000586 -0.000632 747.0
0.000587 -0.000632 748.0
0.000587 -0.000632 749.0
0.000587 -0.000632 750.0
0.000587 -0.000632 751.0
0.000588 -0.000631 752.0
0.000588 -0.000631 753.0
0.000588 -0.000631 754.0
0.000589 -0.000631 755.0
0.000589 -0.000631 756.0
0.000589 -0.000630 757.0
0.000589 -0.000630 758.0
0.000590 -0.000630 759.0
0.000590 -0.000630 760.0
0.000590 -0.000630 761.0
0.000590 -0.000629 762.0
0.000591 -0.000629 763.0
0.000591 -0.000629 764.0
0.000591 -0.000629 765.0
0.000592 -0.000629 766.0
0.000592 -0.000628 767.0
0.000592 -0.000628 768.0
0.000592 -0.000628 769.0
0.000593 -0.000628 770.0
0.000593 -0.000628 771.0
0.000593 -0.000628 772.0
0.000594 -0.000627 773.0
0.000594 -0.000627 774.0
0.000595 -0.000629 775.0
0.000595 -0.000629 776.0
0.000596 -0.000629 777.0
0.000597 -0.000629 778.0
0.000597 -0.000629 779.0
0.000598 -0.000629 780.0
0.000599 -0.000629 781.0
0.000600 -0.000630 782.0
0.000600 -0.000630 783.0
0.000601 -0.000630 784.0
0.000602 -0.000630 785.0
0.000602 -0.000630 786.0
0.000603 -0.000630 787.0
0.000604 -0.000630 788.0
0.000605 -0.000630 789.0
0.000605 -0.000630 790.0
0.000606 -0.000630 791.0
0.000607 -0.000630 792.0
0.000607 -0.000630 793.0
0.000608 -0.000630 794.0
0.000609 -0.000630 795.0
0.000610 -0.000630 796.0
0.000610 -0.000631 797.0
0.000611 -0.000631 798.0
0.000612 -0.000631 799.0
0.000612 -0.000631 800.0
0.000613 -0.000631 801.0
0.000614 -0.000631 802.0
0.000615 -0.000631 803.0
0.000615 -0.000631 804.0
0.000616 -0.000631 805.0
0.000617 -0.000631 806.0
0.000617 -0.000631 807.0
0.000618 -0.000631 808.0
0.000619 -0.000631 809.0
0.000619 -0.000631 810.0
0.000620 -0.000632 811.0
0.000621 -0.000632 812.0
0.000622 -0.000632 813.0
0.000622 -0.000632 814.0
0.000623 -0.000632 815.0
0.000624 -0.000632 816.0
0.000624 -0.000632 817.0
0.000625 -0.000632 818.0
0.000626 -0.000632 819.0
0.000627 -0.000632 820.0
0.000627 -0.000632 821.0
0.000628 -0.000632 822.0
0.000629 -0.000632 823.0
0.000629 -0.000632 824.0
0.000630 -0.000633 825.0
0.000631 -0.000633 826.0
0.000632 -0.000633 827.0
0.000632 -0.000633 828.0
0.000633 -0.000633 829.0
0.000634 -0.000633 830.0
0.000634 -0.000633 831.0
0.000635 -0.000633 832.0
0.000636 -0.000633 833.0
0.000637 -0.000633 834.0
0.000637 -0.000633 835.0
0.000637 -0.000632 836.0
0.000638 -0.000633 837.0
0.000639 -0.000633 838.0
0.000640 -0.000633 839.0
0.000640 -0.000633 840.0
0.000641 -0.000633 841.0
0.000642 -0.000634 842.0
0.000643 -0.000634 843.0
0.000644 -0.000634 844.0
0.000644 -0.000634 845.0
0.000645 -0.000634 846.0
0.000646 -0.000635 847.0
0.000647 -0.000635 848.0
0.000647 -0.000635 849.0
0.000648 -0.000635 850.0
0.000649 -0.000635 851.0
0.000650 -0.000636 852.0
0.000651 -0.000636 853.0
0.000651 -0.000636 854.0
0.000652 -0.000636 855.0
0.000653 -0.000636 856.0
0.000654 -0.000637 857.0
0.000655 -0.000637 858.0
0.000655 -0.000637 859.0
0.000656 -0.000637 860.0
0.000657 -0.000637 861.0
0.000658 -0.000638 862.0
0.000658 -0.000638 863.0
0.000659 -0.000638 864.0
0.000660 -0.000638 865.0
0.000661 -0.000638 866.0
0.000662 -0.000639 867.0
0.000662 -0.000639 868.0
0.000663 -0.000639 869.0
0.000664 -0.000639 870.0
0.000665 -0.000639 871.0
0.000665 -0.000640 872.0
0.000666 -0.000640 873.0
0.000667 -0.000640 874.0
0.000668 -0.000640 875.0
0.000669 -0.000640 876.0
0.000669 -0.000641 877.0
0.000670 -0.000641 878.0
0.000671 -0.000641 879.0
0.000672 -0.000641 880.0
0.000673 -0.000641 881.0
0.000673 -0.000642 882.0
0.000674 -0.000642 883.0
0.000675 -0.000642 884.0
0.000676 -0.000642 885.0
0.000676 -0.000642 886.0
0.000677 -0.000643 887.0
0.000678 -0.000643 888.0
0.000679 -0.000643 889.0
0.000680 -0.000643 890.0
0.000680 -0.000643 891.0
0.000681 -0.000644 892.0
0.000682 -0.000644 893.0
0.000683 -0.000644 894.0
0.000684 -0.000644 895.0
0.000684 -0.000642 896.0
0.000685 -0.000642 897.0
0.000685 -0.000642 898.0
0.000686 -0.000642 899.0
0.000687 -0.000643 900.0
0.000688 -0.000643 901.0
0.000688 -0.000643 902.0
0.000689 -0.000643 903.0
0.000690 -0.000643 904.0
0.000691 -0.000643 905.0
0.000691 -0.000644 906.0
0.000692 -0.000644 907.0
0.000693 -0.000644 908.0
0.000693 -0.000644 909.0
0.000694 -0.000644 910.0
0.000695 -0.000645 911.0
0.000696 -0.000645 912.0
0.000696 -0.000645 913.0
0.000697 -0.000645 914.0
0.000698 -0.000645 915.0
0.000699 -0.000646 916.0
0.000699 -0.000646 917.0
0.000700 -0.000646 918.0
0.000701 -0.000646 919.0
0.000702 -0.000646 920.0
0.000702 -0.000646 921.0
0.000703 -0.000647 922.0
0.000704 -0.000647 923.0
0.000705 -0.000647 924.0
0.000705 -0.000647 925.0
0.000706 -0.000647 926.0
0.000707 -0.000648 927.0
0.000708 -0.000648 928.0
0.000708 -0.000648 929.0
0.000709 -0.000648 930.0
0.000710 -0.000648 931.0
0.000711 -0.000649 932.0
0.000711 -0.000649 933.0
0.000712 -0.000649 934.0
0.000713 -0.000649 935.0
0.000713 -0.000649 936.0
0.000714 -0.000649 937.0
0.000715 -0.000650 938.0
0.000716 -0.000650 939.0
0.000716 -0.000650 940.0
0.000717 -0.000650 941.0
0.000718 -0.000650 942.0
0.000719 -0.000651 943.0
0.000719 -0.000651 944.0
0.000720 -0.000651 945.0
0.000721 -0.000651 946.0
0.000722 -0.000651 947.0
0.000722 -0.000652 948.0
0.000723 -0.000652 949.0
0.000724 -0.000652 950.0
0.000725 -0.000652 951.0
0.000725 -0.000652 952.0
0.000726 -0.000652 953.0
0.000727 -0.000653 954.0
0.000728 -0.000653 955.0
0.000728 -0.000653 956.0
0.000729 -0.000653 957.0
0.000730 -0.000653 958.0
0.000730 -0.000651 959.0
0.000730 -0.000651 960.0
0.000731 -0.000651 961.0
0.000731 -0.000651 962.0
0.000731 -0.000651 963.0
0.000732 -0.000652 964.0
0.000732 -0.000652 965.0
0.000732 -0.000652 966.0
0.000733 -0.000652 967.0
0.000733 -0.000652 968.0
0.000734 -0.000652 969.0
0.000734 -0.000652 970.0
0.000734 -0.000652 971.0
0.000735 -0.000652 972.0
0.000735 -0.000652 973.0
0.000735 -0.000653 974.0
0.000736 -0.000653 975.0
0.000736 -0.000653 976.0
0.000736 -0.000653 977.0
0.000737 -0.000653 978.0
0.000737 -0.000653 979.0
0.000737 -0.000653 980.0
0.000738 -0.000653 981.0
0.000738 -0.000653 982.0
0.000738 -0.000653 983.0
0.000739 -0.000653 984.0
0.000739 -0.000654 985.0
0.000739 -0.000654 986.0
0.000740 -0.000654 987.0
0.000740 -0.000654 988.0
0.000740 -0.000654 989.0
0.000741 -0.000654 990.0
0.000741 -0.000654 991.0
0.000741 -0.000654 992.0
0.000742 -0.000654 993.0
0.000742 -0.000654 994.0
0.000742 -0.000655 995.0
0.000743 -0.000655 996.0
0.000743 -0.000655 997.0
0.000743 -0.000655 998.0
0.000744 -0.000655 999.0
0.000744 -0.000655 1000.0
0.000744 -0.000655 1001.0
0.000745 -0.000655 1002.0
0.000745 -0.000655 1003.0
0.000745 -0.000655 1004.0
0.000746 -0.000655 1005.0
0.000746 -0.000656 1006.0
0.000746 -0.000656 1007.0
0.000747 -0.000656 1008.0
0.000747 -0.000656 1009.0
0.000747 -0.000656 1010.0
0.000748 -0.000656 1011.0
0.000748 -0.000656 1012.0
0.000749 -0.000656 1013.0
0.000749 -0.000656 1014.0
0.000749 -0.000656 1015.0
0.000750 -0.000656 1016.0
0.000750 -0.000657 1017.0
0.000750 -0.000656 1018.0
0.000751 -0.000656 1019.0
0.000751 -0.000656 1020.0
0.000752 -0.000656 1021.0
0.000752 -0.000656 1022.0
0.000753 -0.000656 1023.0
0.000753 -0.000656 1024.0
0.000754 -0.000656 1025.0
0.000754 -0.000656 1026.0
0.000755 -0.000657 1027.0
0.000755 -0.000657 1028.0
0.000756 -0.000657 1029.0
0.000756 -0.000657 1030.0
0.000757 -0.000657 1031.0
0.000757 -0.000657 1032.0
0.000758 -0.000657 1033.0
0.000758 -0.000657 1034.0
0.000759 -0.000658 1035.0
0.000759 -0.000658 1036.0
0.000760 -0.000658 1037.0
0.000761 -0.000658 1038.0
0.000761 -0.000658 1039.0
0.000762 -0.000658 1040.0
0.000762 -0.000658 1041.0
0.000763 -0.000658 1042.0
0.000763 -0.000659 1043.0
0.000764 -0.000659 1044.0
0.000764 -0.000659 1045.0
0.000765 -0.000659 1046.0
0.000765 -0.000659 1047.0
0.000766 -0.000659 1048.0
0.000766 -0.000659 1049.0
0.000767 -0.000659 1050.0
0.000767 -0.000660 1051.0
0.000768 -0.000660 1052.0
0.000768 -0.000660 1053.0
0.000769 -0.000660 1054.0
0.000769 -0.000660 1055.0
0.000770 -0.000660 1056.0
0.000770 -0.000660 1057.0
0.000771 -0.000660 1058.0
0.000772 -0.000660 1059.0
0.000772 -0.000661 1060.0
0.000773 -0.000661 1061.0
0.000773 -0.000661 1062.0
0.000774 -0.000661 1063.0
0.000774 -0.000661 1064.0
0.000775 -0.000661 1065.0
0.000775 -0.000661 1066.0
0.000776 -0.000661 1067.0
0.000776 -0.000662 1068.0
0.000777 -0.000662 1069.0
0.000777 -0.000662 1070.0
0.000778 -0.000662 1071.0
0.000778 -0.000662 1072.0
0.000779 -0.000662 1073.0
0.000779 -0.000662 1074.0
0.000780 -0.000662 1075.0
0.000780 -0.000663 1076.0
0.000781 -0.000663 1077.0
0.000781 -0.000663 1078.0
0.000782 -0.000661 1079.0
0.000782 -0.000662 1080.0
0.000782 -0.000662 1081.0
0.000782 -0.000662 1082.0
0.000782 -0.000663 1083.0
0.000782 -0.000663 1084.0
0.000782 -0.000663 1085.0
0.000782 -0.000663 1086.0
0.000782 -0.000664 1087.0
0.000782 -0.000664 1088.0
0.000782 -0.000664 1089.0
0.000782 -0.000665 1090.0
0.000782 -0.000665 1091.0
0.000782 -0.000665 1092.0
0.000782 -0.000666 1093.0
0.000782 -0.000666 1094.0
0.000783 -0.000666 1095.0
0.000783 -0.000667 1096.0
0.000783 -0.000667 1097.0
0.000783 -0.000667 1098.0
0.000783 -0.000667 1099.0
0.000783 -0.000668 1100.0
0.000783 -0.000668 1101.0
0.000783 -0.000668 1102.0
0.000783 -0.000669 1103.0
0.000783 -0.000669 1104.0
0.000783 -0.000669 1105.0
0.000783 -0.000670 1106.0
0.000783 -0.000670 1107.0
0.000783 -0.000670 1108.0
0.000783 -0.000670 1109.0
0.000783 -0.000671 1110.0
0.000783 -0.000671 1111.0
0.000783 -0.000671 1112.0
0.000783 -0.000672 1113.0
0.000784 -0.000672 1114.0
0.000784 -0.000672 1115.0
0.000784 -0.000673 1116.0
0.000784 -0.000673 1117.0
0.000784 -0.000673 1118.0
0.000784 -0.000673 1119.0
0.000784 -0.000674 1120.0
0.000784 -0.000674 1121.0
0.000784 -0.000674 1122.0
0.000784 -0.000675 1123.0
0.000784 -0.000675 1124.0
0.000784 -0.000675 1125.0
0.000784 -0.000676 1126.0
0.000784 -0.000676 1127.0
0.000784 -0.000676 1128.0
0.000784 -0.000677 1129.0
0.000784 -0.000677 1130.0
0.000784 -0.000677 1131.0
0.000785 -0.000677 1132.0
0.000785 -0.000678 1133.0
0.000785 -0.000678 1134.0
0.000785 -0.000678 1135.0
0.000785 -0.000679 1136.0
0.000785 -0.000679 1137.0
0.000785 -0.000679 1138.0
0.000786 -0.000679 1139.0
0.000786 -0.000680 1140.0
0.000785 -0.000680 1141.0
0.000785 -0.000681 1142.0
0.000785 -0.000682 1143.0
0.000785 -0.000682 1144.0
0.000785 -0.000683 1145.0
0.000785 -0.000684 1146.0
0.000785 -0.000684 1147.0
0.000785 -0.000685 1148.0
0.000785 -0.000685 1149.0
0.000785 -0.000686 1150.0
0.000785 -0.000687 1151.0
0.000785 -0.000687 1152.0
0.000785 -0.000688 1153.0
0.000785 -0.000689 1154.0
0.000784 -0.000689 1155.0
0.000784 -0.000690 1156.0
0.000784 -0.000691 1157.0
0.000784 -0.000691 1158.0
0.000784 -0.000692 1159.0
0.000784 -0.000693 1160.0
0.000784 -0.000693 1161.0
0.000784 -0.000694 1162.0
0.000784 -0.000695 1163.0
0.000784 -0.000695 1164.0
0.000784 -0.000696 1165.0
0.000784 -0.000696 1166.0
0.000784 -0.000697 1167.0
0.000784 -0.000698 1168.0
0.000783 -0.000698 1169.0
0.000783 -0.000699 1170.0
0.000783 -0.000700 1171.0
0.000783 -0.000700 1172.0
0.000783 -0.000701 1173.0
0.000783 -0.000702 1174.0
0.000783 -0.000702 1175.0
0.000783 -0.000703 1176.0
0.000783 -0.000704 1177.0
0.000783 -0.000704 1178.0
0.000783 -0.000705 1179.0
0.000783 -0.000706 1180.0
0.000783 -0.000706 1181.0
0.000783 -0.000707 1182.0
0.000782 -0.000708 1183.0
0.000782 -0.000708 1184.0
0.000782 -0.000709 1185.0
0.000782 -0.000709 1186.0
0.000782 -0.000710 1187.0
0.000782 -0.000711 1188.0
0.000782 -0.000711 1189.0
0.000782 -0.000712 1190.0
0.000781 -0.000712 1191.0
0.000781 -0.000712 1192.0
0.000781 -0.000713 1193.0
0.000781 -0.000713 1194.0
0.000781 -0.000714 1195.0
0.000781 -0.000714 1196.0
0.000781 -0.000714 1197.0
0.000781 -0.000715 1198.0
0.000781 -0.000715 1199.0
0.000781 -0.000716 1200.0
0.000781 -0.000716 1201.0
0.000781 -0.000717 1202.0
0.000781 -0.000717 1203.0
0.000781 -0.000717 1204.0
0.000781 -0.000718 1205.0
0.000781 -0.000718 1206.0
0.000781 -0.000719 1207.0
0.000781 -0.000719 1208.0
0.000781 -0.000720 1209.0
0.000781 -0.000720 1210.0
0.000781 -0.000720 1211.0
0.000781 -0.000721 1212.0
0.000781 -0.000721 1213.0
0.000780 -0.000722 1214.0
0.000780 -0.000722 1215.0
0.000780 -0.000723 1216.0
0.000780 -0.000723 1217.0
0.000780 -0.000723 1218.0
0.000780 -0.000724 1219.0
0.000780 -0.000724 1220.0
0.000780 -0.000725 1221.0
0.000780 -0.000725 1222.0
0.000780 -0.000726 1223.0
0.000780 -0.000726 1224.0
0.000780 -0.000727 1225.0
0.000780 -0.000727 1226.0
0.000780 -0.000727 1227.0
0.000780 -0.000728 1228.0
0.000780 -0.000728 1229.0
0.000780 -0.000729 1230.0
0.000780 -0.000729 1231.0
0.000780 -0.000730 1232.0
0.000780 -0.000730 1233.0
0.000780 -0.000730 1234.0
0.000780 -0.000731 1235.0
0.000780 -0.000731 1236.0
0.000780 -0.000732 1237.0
0.000780 -0.000732 1238.0
0.000780 -0.000733 1239.0
0.000780 -0.000733 1240.0
0.000780 -0.000733 1241.0
0.000780 -0.000734 1242.0
0.000780 -0.000734 1243.0
0.000780 -0.000735 1244.0
0.000780 -0.000735 1245.0
0.000780 -0.000736 1246.0
0.000780 -0.000736 1247.0
0.000780 -0.000736 1248.0
0.000780 -0.000737 1249.0
0.000780 -0.000737 1250.0
0.000780 -0.000738 1251.0
0.000780 -0.000738 1252.0
0.000780 -0.000739 1253.0
0.000779 -0.000739 1254.0
0.000779 -0.000738 1255.0
0.000780 -0.000737 1256.0
0.000780 -0.000737 1257.0
0.000780 -0.000736 1258.0
0.000780 -0.000736 1259.0
0.000780 -0.000735 1260.0
0.000780 -0.000734 1261.0
0.000780 -0.000734 1262.0
0.000781 -0.000733 1263.0
0.000781 -0.000733 1264.0
0.000781 -0.000732 1265.0
0.000781 -0.000731 1266.0
0.000781 -0.000731 1267.0
0.000781 -0.000730 1268.0
0.000781 -0.000730 1269.0
0.000782 -0.000729 1270.0
0.000782 -0.000728 1271.0
0.000782 -0.000728 1272.0
0.000782 -0.000727 1273.0
0.000782 -0.000727 1274.0
0.000782 -0.000726 1275.0
0.000782 -0.000725 1276.0
0.000783 -0.000725 1277.0
0.000783 -0.000724 1278.0
0.000783 -0.000724 1279.0
0.000783 -0.000723 1280.0
0.000783 -0.000722 1281.0
0.000783 -0.000722 1282.0
0.000783 -0.000721 1283.0
0.000784 -0.000721 1284.0
0.000784 -0.000720 1285.0
0.000784 -0.000719 1286.0
0.000784 -0.000719 1287.0
0.000784 -0.000718 1288.0
0.000784 -0.000718 1289.0
0.000784 -0.000717 1290.0
0.000785 -0.000716 1291.0
0.000785 -0.000716 1292.0
0.000785 -0.000715 1293.0
0.000785 -0.000715 1294.0
0.000785 -0.000714 1295.0
0.000785 -0.000713 1296.0
0.000785 -0.000713 1297.0
0.000786 -0.000712 1298.0
0.000786 -0.000712 1299.0
0.000786 -0.000711 1300.0
0.000786 -0.000710 1301.0
0.000786 -0.000710 1302.0
0.000786 -0.000709 1303.0
0.000786 -0.000709 1304.0
0.000787 -0.000708 1305.0
0.000787 -0.000707 1306.0
0.000787 -0.000707 1307.0
0.000789 -0.000708 1308.0
0.000789 -0.000707 1309.0
0.000789 -0.000706 1310.0
0.000789 -0.000705 1311.0
0.000789 -0.000705 1312.0
0.000789 -0.000704 1313.0
0.000789 -0.000703 1314.0
0.000789 -0.000703 1315.0
0.000789 -0.000702 1316.0
0.000789 -0.000701 1317.0
0.000789 -0.000700 1318.0
0.000789 -0.000700 1319.0
0.000790 -0.000699 1320.0
0.000790 -0.000698 1321.0
0.000790 -0.000698 1322.0
0.000790 -0.000697 1323.0
0.000790 -0.000696 1324.0
0.000790 -0.000695 1325.0
0.000790 -0.000695 1326.0
0.000790 -0.000694 1327.0
0.000790 -0.000693 1328.0
0.000790 -0.000693 1329.0
0.000790 -0.000692 1330.0
0.000790 -0.000691 1331.0
0.000790 -0.000690 1332.0
0.000791 -0.000690 1333.0
0.000791 -0.000689 1334.0
0.000791 -0.000688 1335.0
0.000791 -0.000688 1336.0
0.000791 -0.000687 1337.0
0.000791 -0.000686 1338.0
0.000791 -0.000685 1339.0
0.000791 -0.000685 1340.0
0.000791 -0.000684 1341.0
0.000791 -0.000683 1342.0
0.000791 -0.000683 1343.0
0.000791 -0.000682 1344.0
0.000791 -0.000681 1345.0
0.000791 -0.000680 1346.0
0.000792 -0.000680 1347.0
0.000792 -0.000679 1348.0
0.000792 -0.000678 1349.0
0.000792 -0.000678 1350.0
0.000792 -0.000677 1351.0
0.000792 -0.000676 1352.0
0.000792 -0.000675 1353.0
0.000792 -0.000675 1354.0
0.000792 -0.000674 1355.0
0.000792 -0.000673 1356.0
0.000792 -0.000673 1357.0
0.000792 -0.000672 1358.0
0.000792 -0.000671 1359.0
0.000793 -0.000670 1360.0
0.000793 -0.000670 1361.0
0.000793 -0.000669 1362.0
0.000793 -0.000668 1363.0
0.000793 -0.000668 1364.0
0.000793 -0.000667 1365.0
0.000793 -0.000666 1366.0
0.000793 -0.000665 1367.0
0.000793 -0.000665 1368.0
0.000794 -0.000665 1369.0
0.000794 -0.000665 1370.0
0.000794 -0.000664 1371.0
0.000794 -0.000664 1372.0
0.000794 -0.000664 1373.0
0.000794 -0.000664 1374.0
0.000794 -0.000664 1375.0
0.000794 -0.000663 1376.0
0.000794 -0.000663 1377.0
0.000794 -0.000663 1378.0
0.000794 -0.000663 1379.0
0.000794 -0.000662 1380.0
0.000794 -0.000662 1381.0
0.000794 -0.000662 1382.0
0.000794 -0.000662 1383.0
0.000793 -0.000662 1384.0
0.000793 -0.000661 1385.0
0.000793 -0.000661 1386.0
0.000793 -0.000661 1387.0
0.000793 -0.000661 1388.0
0.000793 -0.000660 1389.0
0.000793 -0.000660 1390.0
0.000793 -0.000660 1391.0
0.000793 -0.000660 1392.0
0.000793 -0.000659 1393.0
0.000793 -0.000659 1394.0
0.000793 -0.000659 1395.0
0.000793 -0.000659 1396.0
0.000793 -0.000659 1397.0
0.000793 -0.000658 1398.0
0.000793 -0.000658 1399.0
0.000793 -0.000658 1400.0
0.000793 -0.000658 1401.0
0.000793 -0.000657 1402.0
0.000793 -0.000657 1403.0
0.000792 -0.000657 1404.0
0.000792 -0.000657 1405.0
0.000792 -0.000657 1406.0
0.000792 -0.000656 1407.0
0.000792 -0.000656 1408.0
0.000792 -0.000656 1409.0
0.000792 -0.000656 1410.0
0.000792 -0.000655 1411.0
0.000792 -0.000655 1412.0
0.000792 -0.000655 1413.0
0.000792 -0.000655 1414.0
0.000792 -0.000654 1415.0
0.000792 -0.000654 1416.0
0.000792 -0.000654 1417.0
0.000792 -0.000654 1418.0
0.000792 -0.000654 1419.0
0.000792 -0.000653 1420.0
0.000792 -0.000653 1421.0
0.000792 -0.000653 1422.0
0.000791 -0.000653 1423.0
0.000791 -0.000652 1424.0
0.000791 -0.000652 1425.0
0.000791 -0.000652 1426.0
0.000791 -0.000652 1427.0
0.000791 -0.000652 1428.0
0.000791 -0.000651 1429.0
0.000791 -0.000651 1430.0
0.000791 -0.000651 1431.0
0.000791 -0.000651 1432.0
0.000791 -0.000650 1433.0
0.000790 -0.000651 1434.0
0.000790 -0.000651 1435.0
0.000790 -0.000651 1436.0
0.000790 -0.000651 1437.0
0.000790 -0.000651 1438.0
0.000790 -0.000651 1439.0
0.000790 -0.000651 1440.0
0.000790 -0.000651 1441.0
0.000790 -0.000651 1442.0
0.000790 -0.000651 1443.0
0.000790 -0.000651 1444.0
0.000790 -0.000651 1445.0
0.000790 -0.000651 1446.0
0.000790 -0.000651 1447.0
0.000790 -0.000651 1448.0
0.000790 -0.000651 1449.0
0.000790 -0.000651 1450.0
0.000790 -0.000651 1451.0
0.000790 -0.000651 1452.0
0.000790 -0.000651 1453.0
0.000790 -0.000651 1454.0
0.000790 -0.000651 1455.0
0.000790 -0.000652 1456.0
0.000790 -0.000652 1457.0
0.000790 -0.000653 1458.0
0.000791 -0.000653 1459.0
0.000791 -0.000654 1460.0
0.000791 -0.000654 1461.0
0.000791 -0.000655 1462.0
0.000791 -0.000655 1463.0
0.000791 -0.000656 1464.0
0.000791 -0.000656 1465.0
0.000791 -0.000657 1466.0
0.000791 -0.000657 1467.0
0.000791 -0.000658 1468.0
0.000791 -0.000658 1469.0
0.000792 -0.000659 1470.0
0.000792 -0.000659 1471.0
0.000792 -0.000660 1472.0
0.000792 -0.000660 1473.0
0.000792 -0.000661 1474.0
0.000792 -0.000661 1475.0
0.000792 -0.000662 1476.0
0.000792 -0.000662 1477.0
0.000792 -0.000663 1478.0
0.000792 -0.000663 1479.0
0.000792 -0.000664 1480.0
0.000793 -0.000664 1481.0
0.000793 -0.000665 1482.0
0.000793 -0.000665 1483.0
0.000793 -0.000666 1484.0
0.000793 -0.000666 1485.0
0.000793 -0.000667 1486.0
0.000793 -0.000667 1487.0
0.000793 -0.000668 1488.0
0.000793 -0.000668 1489.0
0.000793 -0.000669 1490.0
0.000794 -0.000669 1491.0
0.000794 -0.000670 1492.0
0.000794 -0.000670 1493.0
0.000794 -0.000671 1494.0
0.000794 -0.000671 1495.0
0.000794 -0.000672 1496.0
0.000794 -0.000672 1497.0
0.000794 -0.000673 1498.0
0.000794 -0.000673 1499.0
0.000794 -0.000674 1500.0
0.000794 -0.000674 1501.0
0.000795 -0.000674 1502.0
0.000795 -0.000675 1503.0
0.000795 -0.000675 1504.0
0.000795 -0.000676 1505.0
0.000795 -0.000676 1506.0
0.000795 -0.000677 1507.0
0.000795 -0.000677 1508.0
0.000795 -0.000678 1509.0
0.000795 -0.000678 1510.0
0.000795 -0.000679 1511.0
0.000795 -0.000679 1512.0
0.000796 -0.000680 1513.0
0.000796 -0.000680 1514.0
0.000796 -0.000681 1515.0
0.000796 -0.000681 1516.0
0.000796 -0.000682 1517.0
0.000796 -0.000682 1518.0
0.000796 -0.000683 1519.0
0.000796 -0.000683 1520.0
0.000796 -0.000684 1521.0
0.000796 -0.000684 1522.0
0.000796 -0.000685 1523.0
0.000797 -0.000685 1524.0
0.000797 -0.000686 1525.0
0.000797 -0.000686 1526.0
0.000797 -0.000687 1527.0
0.000797 -0.000687 1528.0
0.000797 -0.000688 1529.0
0.000797 -0.000688 1530.0
0.000797 -0.000689 1531.0
0.000799 -0.000688 1532.0
0.000799 -0.000689 1533.0
0.000799 -0.000690 1534.0
0.000799 -0.000690 1535.0
0.000799 -0.000691 1536.0
0.000799 -0.000692 1537.0
0.000798 -0.000692 1538.0
0.000798 -0.000693 1539.0
0.000798 -0.000694 1540.0
0.000798 -0.000694 1541.0
0.000798 -0.000695 1542.0
0.000798 -0.000696 1543.0
0.000798 -0.000697 1544.0
0.000798 -0.000697 1545.0
0.000798 -0.000698 1546.0
0.000798 -0.000699 1547.0
0.000798 -0.000699 1548.0
0.000798 -0.000700 1549.0
0.000798 -0.000701 1550.0
0.000798 -0.000701 1551.0
0.000797 -0.000702 1552.0
0.000797 -0.000703 1553.0
0.000797 -0.000703 1554.0
0.000797 -0.000704 1555.0
0.000797 -0.000705 1556.0
0.000797 -0.000705 1557.0
0.000797 -0.000706 1558.0
0.000797 -0.000707 1559.0
0.000797 -0.000707 1560.0
0.000797 -0.000708 1561.0
0.000797 -0.000709 1562.0
0.000797 -0.000709 1563.0
0.000797 -0.000710 1564.0
0.000797 -0.000711 1565.0
0.000797 -0.000712 1566.0
0.000796 -0.000712 1567.0
0.000796 -0.000713 1568.0
0.000796 -0.000714 1569.0
0.000796 -0.000714 1570.0
0.000796 -0.000715 1571.0
0.000796 -0.000716 1572.0
0.000796 -0.000716 1573.0
0.000796 -0.000717 1574.0
0.000796 -0.000718 1575.0
0.000796 -0.000718 1576.0
0.000796 -0.000719 1577.0
0.000796 -0.000720 1578.0
0.000796 -0.000720 1579.0
0.000796 -0.000721 1580.0
0.000795 -0.000722 1581.0
0.000795 -0.000722 1582.0
0.000795 -0.000723 1583.0
0.000795 -0.000724 1584.0
0.000795 -0.000725 1585.0
0.000795 -0.000725 1586.0
0.000795 -0.000726 1587.0
0.000795 -0.000727 1588.0
0.000795 -0.000727 1589.0
0.000795 -0.000728 1590.0
0.000795 -0.000729 1591.0
0.000794 -0.000728 1592.0
0.000794 -0.000729 1593.0
0.000794 -0.000730 1594.0
0.000794 -0.000730 1595.0
0.000793 -0.000731 1596.0
0.000793 -0.000731 1597.0
0.000793 -0.000732 1598.0
0.000793 -0.000732 1599.0
0.000793 -0.000733 1600.0
0.000793 -0.000734 1601.0
0.000793 -0.000734 1602.0
0.000793 -0.000734 1603.0
0.000793 -0.000735 1604.0
0.000793 -0.000735 1605.0
0.000793 -0.000736 1606.0
0.000793 -0.000736 1607.0
0.000793 -0.000737 1608.0
0.000793 -0.000737 1609.0
0.000793 -0.000738 1610.0
0.000793 -0.000738 1611.0
0.000792 -0.000738 1612.0
0.000792 -0.000739 1613.0
0.000792 -0.000739 1614.0
0.000792 -0.000740 1615.0
0.000792 -0.000740 1616.0
0.000792 -0.000741 1617.0
0.000792 -0.000741 1618.0
0.000792 -0.000742 1619.0
0.000792 -0.000742 1620.0
0.000792 -0.000743 1621.0
0.000792 -0.000743 1622.0
0.000792 -0.000744 1623.0
0.000792 -0.000744 1624.0
0.000792 -0.000745 1625.0
0.000792 -0.000745 1626.0
0.000792 -0.000746 1627.0
0.000792 -0.000746 1628.0
0.000792 -0.000747 1629.0
0.000792 -0.000747 1630.0
0.000792 -0.000748 1631.0
0.000792 -0.000748 1632.0
0.000791 -0.000749 1633.0
0.000791 -0.000749 1634.0
0.000791 -0.000750 1635.0
0.000791 -0.000750 1636.0
0.000791 -0.000751 1637.0
0.000791 -0.000751 1638.0
0.000791 -0.000752 1639.0
0.000791 -0.000752 1640.0
0.000791 -0.000753 1641.0
0.000791 -0.000753 1642.0
0.000791 -0.000754 1643.0
0.000791 -0.000754 1644.0
0.000791 -0.000755 1645.0
0.000791 -0.000755 1646.0
0.000791 -0.000756 1647.0
0.000791 -0.000756 1648.0
0.000791 -0.000757 1649.0
0.000791 -0.000757 1650.0
0.000791 -0.000758 1651.0
0.000791 -0.000758 1652.0
0.000790 -0.000758 1653.0
0.000790 -0.000759 1654.0
0.000790 -0.000759 1655.0
0.000790 -0.000760 1656.0
0.000790 -0.000760 1657.0
0.000790 -0.000761 1658.0
0.000790 -0.000761 1659.0
0.000790 -0.000762 1660.0
0.000790 -0.000762 1661.0
0.000790 -0.000763 1662.0
0.000790 -0.000763 1663.0
0.000790 -0.000764 1664.0
0.000790 -0.000764 1665.0
0.000790 -0.000765 1666.0
0.000789 -0.000765 1667.0
0.000789 -0.000765 1668.0
0.000789 -0.000766 1669.0
0.000788 -0.000766 1670.0
0.000788 -0.000767 1671.0
0.000788 -0.000767 1672.0
0.000788 -0.000768 1673.0
0.000788 -0.000768 1674.0
0.000787 -0.000768 1675.0
0.000787 -0.000769 1676.0
0.000787 -0.000769 1677.0
0.000787 -0.000770 1678.0
0.000786 -0.000770 1679.0
0.000786 -0.000771 1680.0
0.000786 -0.000771 1681.0
0.000786 -0.000772 1682.0
0.000785 -0.000772 1683.0
0.000785 -0.000773 1684.0
0.000785 -0.000773 1685.0
0.000785 -0.000774 1686.0
0.000785 -0.000774 1687.0
0.000784 -0.000775 1688.0
0.000784 -0.000775 1689.0
0.000784 -0.000775 1690.0
0.000784 -0.000776 1691.0
0.000783 -0.000776 1692.0
0.000783 -0.000777 1693.0
0.000783 -0.000777 1694.0
0.000783 -0.000778 1695.0
0.000783 -0.000778 1696.0
0.000782 -0.000779 1697.0
0.000782 -0.000779 1698.0
0.000782 -0.000780 1699.0
0.000782 -0.000780 1700.0
0.000781 -0.000781 1701.0
0.000781 -0.000781 1702.0
0.000781 -0.000781 1703.0
0.000781 -0.000782 1704.0
0.000781 -0.000782 1705.0
0.000780 -0.000783 1706.0
0.000780 -0.000783 1707.0
0.000780 -0.000784 1708.0
0.000780 -0.000784 1709.0
0.000779 -0.000785 1710.0
0.000779 -0.000785 1711.0
0.000779 -0.000786 1712.0
0.000779 -0.000786 1713.0
0.000778 -0.000787 1714.0
0.000778 -0.000787 1715.0
0.000778 -0.000788 1716.0
0.000778 -0.000788 1717.0
0.000778 -0.000788 1718.0
0.000777 -0.000789 1719.0
0.000777 -0.000789 1720.0
0.000777 -0.000790 1721.0
0.000777 -0.000790 1722.0
0.000776 -0.000791 1723.0
0.000776 -0.000791 1724.0
0.000776 -0.000792 1725.0
0.000774 -0.000790 1726.0
0.000773 -0.000790 1727.0
0.000773 -0.000790 1728.0
0.000772 -0.000789 1729.0
0.000772 -0.000789 1730.0
0.000771 -0.000789 1731.0
0.000770 -0.000789 1732.0
0.000770 -0.000789 1733.0
0.000769 -0.000789 1734.0
0.000769 -0.000789 1735.0
0.000768 -0.000788 1736.0
0.000768 -0.000788 1737.0
0.000767 -0.000788 1738.0
0.000767 -0.000788 1739.0
0.000766 -0.000788 1740.0
0.000765 -0.000788 1741.0
0.000765 -0.000788 1742.0
0.000764 -0.000787 1743.0
0.000764 -0.000787 1744.0
0.000763 -0.000787 1745.0
0.000763 -0.000787 1746.0
0.000762 -0.000787 1747.0
0.000761 -0.000787 1748.0
0.000761 -0.000787 1749.0
0.000760 -0.000786 1750.0
0.000760 -0.000786 1751.0
0.000759 -0.000786 1752.0
0.000759 -0.000786 1753.0
0.000758 -0.000786 1754.0
0.000758 -0.000786 1755.0
0.000757 -0.000786 1756.0
0.000756 -0.000785 1757.0
0.000756 -0.000785 1758.0
0.000755 -0.000785 1759.0
0.000755 -0.000785 1760.0
0.000754 -0.000785 1761.0
0.000754 -0.000785 1762.0
0.000753 -0.000785 1763.0
0.000753 -0.000784 1764.0
0.000752 -0.000784 1765.0
0.000751 -0.000784 1766.0
0.000751 -0.000784 1767.0
0.000750 -0.000784 1768.0
0.000750 -0.000784 1769.0
0.000749 -0.000784 1770.0
0.000749 -0.000783 1771.0
0.000748 -0.000783 1772.0
0.000747 -0.000783 1773.0
0.000747 -0.000783 1774.0
0.000746 -0.000783 1775.0
0.000746 -0.000783 1776.0
0.000745 -0.000783 1777.0
0.000745 -0.000782 1778.0
0.000744 -0.000782 1779.0
0.000744 -0.000782 1780.0
0.000743 -0.000782 1781.0
0.000743 -0.000783 1782.0
0.000742 -0.000783 1783.0
0.000742 -0.000783 1784.0
0.000741 -0.000783 1785.0
0.000741 -0.000783 1786.0
0.000740 -0.000783 1787.0
0.000740 -0.000783 1788.0
0.000739 -0.000783 1789.0
0.000739 -0.000782 1790.0
0.000738 -0.000782 1791.0
0.000737 -0.000782 1792.0
0.000737 -0.000782 1793.0
0.000736 -0.000782 1794.0
0.000736 -0.000782 1795.0
0.000735 -0.000782 1796.0
0.000735 -0.000782 1797.0
0.000734 -0.000781 1798.0
0.000734 -0.000781 1799.0
0.000733 -0.000781 1800.0
0.000733 -0.000781 1801.0
0.000732 -0.000781 1802.0
0.000732 -0.000781 1803.0
0.000731 -0.000781 1804.0
0.000731 -0.000781 1805.0
0.000730 -0.000780 1806.0
0.000730 -0.000780 1807.0
0.000729 -0.000780 1808.0
0.000729 -0.000780 1809.0
0.000728 -0.000780 1810.0
0.000727 -0.000780 1811.0
0.000727 -0.000780 1812.0
0.000726 -0.000780 1813.0
0.000726 -0.000779 1814.0
0.000725 -0.000779 1815.0
0.000725 -0.000779 1816.0
0.000724 -0.000779 1817.0
0.000724 -0.000779 1818.0
0.000723 -0.000779 1819.0
0.000723 -0.000779 1820.0
0.000722 -0.000778 1821.0
0.000722 -0.000778 1822.0
0.000721 -0.000778 1823.0
0.000721 -0.000778 1824.0
0.000720 -0.000778 1825.0
0.000720 -0.000778 1826.0
0.000719 -0.000778 1827.0
0.000718 -0.000778 1828.0
0.000718 -0.000777 1829.0
0.000717 -0.000777 1830.0
0.000717 -0.000777 1831.0
0.000716 -0.000777 1832.0
0.000716 -0.000777 1833.0
0.000715 -0.000777 1834.0
0.000715 -0.000777 1835.0
0.000714 -0.000777 1836.0
0.000714 -0.000776 1837.0
0.000713 -0.000776 1838.0
0.000713 -0.000776 1839.0
0.000712 -0.000776 1840.0
0.000712 -0.000776 1841.0
0.000711 -0.000777 1842.0
0.000711 -0.000778 1843.0
0.000711 -0.000778 1844.0
0.000711 -0.000779 1845.0
0.000711 -0.000779 1846.0
0.000710 -0.000780 1847.0
0.000710 -0.000780 1848.0
0.000710 -0.000781 1849.0
0.000710 -0.000781 1850.0
0.000709 -0.000782 1851.0
0.000709 -0.000782 1852.0
0.000709 -0.000783 1853.0
0.000709 -0.000783 1854.0
0.000709 -0.000784 1855.0
0.000708 -0.000784 1856.0
0.000708 -0.000785 1857.0
0.000708 -0.000785 1858.0
0.000708 -0.000786 1859.0
0.000707 -0.000786 1860.0
0.000707 -0.000787 1861.0
0.000707 -0.000787 1862.0
0.000707 -0.000788 1863.0
0.000707 -0.000788 1864.0
0.000706 -0.000788 1865.0
0.000706 -0.000789 1866.0
0.000706 -0.000789 1867.0
0.000706 -0.000790 1868.0
0.000706 -0.000790 1869.0
0.000705 -0.000791 1870.0
0.000705 -0.000791 1871.0
0.000705 -0.000792 1872.0
0.000705 -0.000792 1873.0
0.000704 -0.000793 1874.0
0.000704 -0.000793 1875.0
0.000704 -0.000794 1876.0
0.000704 -0.000794 1877.0
0.000704 -0.000795 1878.0
0.000703 -0.000795 1879.0
0.000703 -0.000796 1880.0
0.000703 -0.000796 1881.0
0.000703 -0.000797 1882.0
0.000703 -0.000797 1883.0
0.000702 -0.000798 1884.0
0.000702 -0.000798 1885.0
0.000702 -0.000799 1886.0
0.000702 -0.000799 1887.0
0.000701 -0.000800 1888.0
0.000701 -0.000800 1889.0
0.000701 -0.000800 1890.0
0.000701 -0.000801 1891.0
0.000701 -0.000801 1892.0
0.000700 -0.000802 1893.0
0.000700 -0.000802 1894.0
0.000700 -0.000803 1895.0
0.000700 -0.000803 1896.0
0.000699 -0.000804 1897.0
0.000699 -0.000804 1898.0
0.000699 -0.000805 1899.0
0.000699 -0.000805 1900.0
0.000699 -0.000806 1901.0
0.000696 -0.000804 1902.0
0.000696 -0.000805 1903.0
0.000696 -0.000806 1904.0
0.000696 -0.000807 1905.0
0.000695 -0.000808 1906.0
0.000695 -0.000809 1907.0
0.000695 -0.000810 1908.0
0.000694 -0.000811 1909.0
0.000694 -0.000812 1910.0
0.000694 -0.000812 1911.0
0.000694 -0.000813 1912.0
0.000693 -0.000814 1913.0
0.000693 -0.000815 1914.0
0.000693 -0.000816 1915.0
0.000693 -0.000817 1916.0
0.000692 -0.000818 1917.0
0.000692 -0.000819 1918.0
0.000692 -0.000820 1919.0
0.000692 -0.000821 1920.0
0.000691 -0.000822 1921.0
0.000691 -0.000823 1922.0
0.000691 -0.000824 1923.0
0.000691 -0.000825 1924.0
0.000690 -0.000826 1925.0
0.000690 -0.000827 1926.0
0.000690 -0.000828 1927.0
0.000689 -0.000828 1928.0
0.000689 -0.000829 1929.0
0.000689 -0.000830 1930.0
0.000689 -0.000831 1931.0
0.000688 -0.000832 1932.0
0.000687 -0.000831 1933.0
0.000686 -0.000831 1934.0
0.000686 -0.000831 1935.0
0.000685 -0.000831 1936.0
0.000685 -0.000831 1937.0
0.000685 -0.000831 1938.0
0.000684 -0.000831 1939.0
0.000684 -0.000831 1940.0
0.000683 -0.000831 1941.0
0.000683 -0.000831 1942.0
0.000682 -0.000831 1943.0
0.000682 -0.000831 1944.0
0.000682 -0.000831 1945.0
0.000681 -0.000831 1946.0
0.000681 -0.000831 1947.0
0.000680 -0.000831 1948.0
0.000680 -0.000831 1949.0
0.000680 -0.000831 1950.0
0.000679 -0.000831 1951.0
0.000679 -0.000831 1952.0
0.000678 -0.000831 1953.0
0.000678 -0.000831 1954.0
0.000677 -0.000831 1955.0
0.000677 -0.000831 1956.0
0.000677 -0.000831 1957.0
0.000676 -0.000831 1958.0
0.000676 -0.000831 1959.0
0.000675 -0.000831 1960.0
0.000675 -0.000831 1961.0
0.000674 -0.000831 1962.0
0.000674 -0.000831 1963.0
0.000674 -0.000831 1964.0
0.000673 -0.000831 1965.0
0.000673 -0.000831 1966.0
0.000672 -0.000831 1967.0
0.000672 -0.000831 1968.0
0.000672 -0.000831 1969.0
0.000671 -0.000831 1970.0
0.000671 -0.000831 1971.0
0.000670 -0.000831 1972.0
0.000670 -0.000831 1973.0
0.000669 -0.000831 1974.0
0.000669 -0.000831 1975.0
0.000669 -0.000831 1976.0
0.000668 -0.000831 1977.0
0.000668 -0.000831 1978.0
0.000667 -0.000831 1979.0
0.000667 -0.000831 1980.0
0.000666 -0.000831 1981.0
0.000666 -0.000831 1982.0
0.000666 -0.000831 1983.0
0.000665 -0.000831 1984.0
0.000665 -0.000831 1985.0
0.000664 -0.000831 1986.0
0.000664 -0.000831 1987.0
0.000664 -0.000831 1988.0
0.000663 -0.000831 1989.0
0.000663 -0.000831 1990.0
0.000662 -0.000831 1991.0
0.000662 -0.000831 1992.0
0.000661 -0.000831 1993.0
0.000661 -0.000831 1994.0
0.000661 -0.000831 1995.0
0.000660 -0.000831 1996.0
0.000660 -0.000831 1997.0
0.000659 -0.000831 1998.0
0.000659 -0.000831 1999.0
0.000658 -0.000832 2000.0
0.000657 -0.000832 2001.0
0.000657 -0.000832 2002.0
0.000656 -0.000832 2003.0
0.000655 -0.000832 2004.0
0.000655 -0.000832 2005.0
0.000654 -0.000832 2006.0
0.000653 -0.000832 2007.0
0.000653 -0.000832 2008.0
0.000652 -0.000832 2009.0
0.000652 -0.000832 2010.0
0.000651 -0.000832 2011.0
0.000650 -0.000833 2012.0
0.000650 -0.000833 2013.0
0.000649 -0.000833 2014.0
0.000648 -0.000833 2015.0
0.000648 -0.000833 2016.0
0.000647 -0.000833 2017.0
0.000647 -0.000833 2018.0
0.000646 -0.000833 2019.0
0.000645 -0.000833 2020.0
0.000645 -0.000833 2021.0
0.000644 -0.000833 2022.0
0.000643 -0.000833 2023.0
0.000643 -0.000834 2024.0
0.000642 -0.000834 2025.0
0.000642 -0.000834 2026.0
0.000641 -0.000834 2027.0
0.000640 -0.000834 2028.0
0.000640 -0.000834 2029.0
0.000639 -0.000834 2030.0
0.000638 -0.000834 2031.0
0.000638 -0.000834 2032.0
0.000637 -0.000834 2033.0
0.000637 -0.000834 2034.0
0.000636 -0.000834 2035.0
0.000635 -0.000835 2036.0
0.000635 -0.000835 2037.0
0.000634 -0.000835 2038.0
0.000633 -0.000835 2039.0
0.000633 -0.000835 2040.0
0.000632 -0.000835 2041.0
0.000632 -0.000835 2042.0
0.000631 -0.000835 2043.0
0.000630 -0.000835 2044.0
0.000630 -0.000835 2045.0
0.000629 -0.000835 2046.0
0.000628 -0.000835 2047.0
0.000628 -0.000836 2048.0
0.000627 -0.000836 2049.0
0.000626 -0.000836 2050.0
0.000626 -0.000836 2051.0
0.000625 -0.000836 2052.0
0.000625 -0.000836 2053.0
0.000624 -0.000836 2054.0
0.000623 -0.000836 2055.0
0.000623 -0.000836 2056.0
0.000622 -0.000836 2057.0
0.000621 -0.000836 2058.0
0.000621 -0.000836 2059.0
0.000620 -0.000837 2060.0
0.000620 -0.000837 2061.0
0.000619 -0.000837 2062.0
0.000618 -0.000837 2063.0
0.000618 -0.000837 2064.0
0.000617 -0.000837 2065.0
0.000616 -0.000837 2066.0
0.000616 -0.000837 2067.0
0.000615 -0.000837 2068.0
0.000615 -0.000837 2069.0
0.000614 -0.000837 2070.0
0.000613 -0.000838 2071.0
0.000613 -0.000838 2072.0
0.000612 -0.000838 2073.0
0.000611 -0.000838 2074.0
0.000611 -0.000838 2075.0
0.000611 -0.000836 2076.0
0.000611 -0.000838 2077.0
0.000610 -0.000839 2078.0
0.000610 -0.000841 2079.0
0.000610 -0.000842 2080.0
0.000610 -0.000844 2081.0
0.000610 -0.000845 2082.0
0.000610 -0.000846 2083.0
0.000610 -0.000848 2084.0
0.000609 -0.000849 2085.0
0.000609 -0.000851 2086.0
0.000609 -0.000852 2087.0
0.000609 -0.000853 2088.0
0.000609 -0.000855 2089.0
0.000609 -0.000856 2090.0
0.000609 -0.000858 2091.0
0.000608 -0.000859 2092.0
0.000608 -0.000860 2093.0
0.000608 -0.000862 2094.0
0.000608 -0.000863 2095.0
0.000608 -0.000865 2096.0
0.000608 -0.000866 2097.0
0.000608 -0.000867 2098.0
0.000607 -0.000869 2099.0
0.000607 -0.000870 2100.0
0.000607 -0.000872 2101.0
0.000607 -0.000873 2102.0
0.000607 -0.000874 2103.0
0.000607 -0.000876 2104.0
0.000607 -0.000877 2105.0
0.000607 -0.000879 2106.0
0.000606 -0.000880 2107.0
0.000606 -0.000881 2108.0
0.000606 -0.000883 2109.0
0.000606 -0.000884 2110.0
0.000606 -0.000886 2111.0
0.000606 -0.000887 2112.0
0.000606 -0.000888 2113.0
0.000604 -0.000888 2114.0
0.000604 -0.000890 2115.0
0.000604 -0.000891 2116.0
0.000604 -0.000893 2117.0
0.000604 -0.000894 2118.0
0.000604 -0.000896 2119.0
0.000603 -0.000897 2120.0
0.000603 -0.000899 2121.0
0.000603 -0.000900 2122.0
0.000603 -0.000902 2123.0
0.000603 -0.000903 2124.0
0.000603 -0.000905 2125.0
0.000603 -0.000906 2126.0
0.000602 -0.000908 2127.0
0.000602 -0.000909 2128.0
0.000602 -0.000911 2129.0
0.000602 -0.000912 2130.0
0.000602 -0.000914 2131.0
0.000602 -0.000915 2132.0
0.000602 -0.000917 2133.0
0.000601 -0.000918 2134.0
0.000601 -0.000920 2135.0
0.000601 -0.000921 2136.0
0.000601 -0.000923 2137.0
0.000601 -0.000924 2138.0
0.000601 -0.000926 2139.0
0.000601 -0.000927 2140.0
0.000600 -0.000929 2141.0
0.000600 -0.000930 2142.0
0.000600 -0.000932 2143.0
0.000600 -0.000933 2144.0
0.000600 -0.000935 2145.0
0.000600 -0.000936 2146.0
0.000600 -0.000938 2147.0
0.000599 -0.000939 2148.0
0.000599 -0.000941 2149.0
0.000599 -0.000942 2150.0
0.000599 -0.000944 2151.0
0.000599 -0.000945 2152.0
0.000599 -0.000947 2153.0
0.000599 -0.000948 2154.0
0.000598 -0.000950 2155.0
0.000598 -0.000951 2156.0
0.000598 -0.000953 2157.0
0.000598 -0.000954 2158.0
0.000598 -0.000956 2159.0
0.000598 -0.000957 2160.0
0.000598 -0.000959 2161.0
0.000597 -0.000960 2162.0
0.000597 -0.000962 2163.0
0.000597 -0.000963 2164.0
0.000597 -0.000965 2165.0
0.000597 -0.000966 2166.0
0.000597 -0.000968 2167.0
0.000597 -0.000969 2168.0
0.000596 -0.000971 2169.0
0.000596 -0.000972 2170.0
0.000596 -0.000974 2171.0
0.000596 -0.000975 2172.0
0.000596 -0.000977 2173.0
0.000596 -0.000978 2174.0
0.000594 -0.000978 2175.0
0.000593 -0.000979 2176.0
0.000593 -0.000980 2177.0
0.000593 -0.000981 2178.0
0.000593 -0.000982 2179.0
0.000593 -0.000982 2180.0
0.000593 -0.000983 2181.0
0.000593 -0.000984 2182.0
0.000593 -0.000985 2183.0
0.000593 -0.000986 2184.0
0.000593 -0.000987 2185.0
0.000593 -0.000988 2186.0
0.000593 -0.000989 2187.0
0.000593 -0.000990 2188.0
0.000593 -0.000991 2189.0
0.000593 -0.000992 2190.0
0.000593 -0.000993 2191.0
0.000593 -0.000994 2192.0
0.000593 -0.000995 2193.0
0.000593 -0.000996 2194.0
0.000593 -0.000997 2195.0
0.000593 -0.000998 2196.0
0.000593 -0.000999 2197.0
0.000593 -0.001000 2198.0
0.000593 -0.001001 2199.0
0.000593 -0.001001 2200.0
0.000593 -0.001002 2201.0
0.000593 -0.001003 2202.0
0.000593 -0.001004 2203.0
0.000593 -0.001005 2204.0
0.000593 -0.001006 2205.0
0.000592 -0.001007 2206.0
0.000592 -0.001008 2207.0
0.000592 -0.001009 2208.0
0.000592 -0.001010 2209.0
0.000592 -0.001011 2210.0
0.000592 -0.001012 2211.0
0.000592 -0.001013 2212.0
0.000592 -0.001014 2213.0
0.000592 -0.001015 2214.0
0.000592 -0.001016 2215.0
0.000592 -0.001017 2216.0
0.000592 -0.001018 2217.0
0.000592 -0.001019 2218.0
0.000592 -0.001020 2219.0
0.000592 -0.001021 2220.0
0.000592 -0.001021 2221.0
0.000592 -0.001022 2222.0
0.000592 -0.001023 2223.0
0.000592 -0.001024 2224.0
0.000592 -0.001025 2225.0
0.000592 -0.001026 2226.0
0.000592 -0.001027 2227.0
0.000592 -0.001028 2228.0
0.000592 -0.001029 2229.0
0.000592 -0.001030 2230.0
0.000592 -0.001031 2231.0
0.000592 -0.001032 2232.0
0.000592 -0.001033 2233.0
0.000592 -0.001034 2234.0
0.000591 -0.001034 2235.0
0.000591 -0.001034 2236.0
0.000591 -0.001035 2237.0
0.000591 -0.001035 2238.0
0.000591 -0.001036 2239.0
0.000591 -0.001037 2240.0
0.000592 -0.001037 2241.0
0.000592 -0.001038 2242.0
0.000592 -0.001038 2243.0
0.000592 -0.001039 2244.0
0.000592 -0.001039 2245.0
0.000592 -0.001040 2246.0
0.000592 -0.001040 2247.0
0.000592 -0.001041 2248.0
0.000592 -0.001042 2249.0
0.000592 -0.001042 2250.0
0.000592 -0.001043 2251.0
0.000592 -0.001043 2252.0
0.000593 -0.001044 2253.0
0.000593 -0.001044 2254.0
0.000593 -0.001045 2255.0
0.000593 -0.001045 2256.0
0.000593 -0.001046 2257.0
0.000593 -0.001047 2258.0
0.000593 -0.001047 2259.0
0.000593 -0.001048 2260.0
0.000593 -0.001048 2261.0
0.000593 -0.001049 2262.0
0.000593 -0.001049 2263.0
0.000593 -0.001050 2264.0
0.000593 -0.001050 2265.0
0.000594 -0.001051 2266.0
0.000594 -0.001051 2267.0
0.000594 -0.001052 2268.0
0.000594 -0.001053 2269.0
0.000594 -0.001053 2270.0
0.000594 -0.001054 2271.0
0.000594 -0.001054 2272.0
0.000594 -0.001055 2273.0
0.000594 -0.001055 2274.0
0.000594 -0.001056 2275.0
0.000594 -0.001056 2276.0
0.000594 -0.001057 2277.0
0.000595 -0.001058 2278.0
0.000595 -0.001058 2279.0
0.000595 -0.001059 2280.0
0.000595 -0.001059 2281.0
0.000595 -0.001060 2282.0
0.000595 -0.001060 2283.0
0.000595 -0.001061 2284.0
0.000595 -0.001061 2285.0
0.000595 -0.001062 2286.0
0.000595 -0.001063 2287.0
0.000595 -0.001063 2288.0
0.000595 -0.001064 2289.0
0.000596 -0.001064 2290.0
0.000596 -0.001065 2291.0
0.000596 -0.001065 2292.0
0.000596 -0.001066 2293.0
0.000596 -0.001066 2294.0
0.000596 -0.001067 2295.0
0.000596 -0.001068 2296.0
0.000596 -0.001068 2297.0
0.000596 -0.001069 2298.0
0.000596 -0.001069 2299.0
0.000596 -0.001070 2300.0
0.000596 -0.001070 2301.0
0.000597 -0.001071 2302.0
0.000597 -0.001071 2303.0
0.000597 -0.001072 2304.0
0.000597 -0.001072 2305.0
0.000597 -0.001073 2306.0
0.000598 -0.001073 2307.0
0.000598 -0.001073 2308.0
0.000598 -0.001073 2309.0
0.000598 -0.001073 2310.0
0.000598 -0.001073 2311.0
0.000598 -0.001073 2312.0
0.000598 -0.001073 2313.0
0.000599 -0.001073 2314.0
0.000599 -0.001073 2315.0
0.000599 -0.001073 2316.0
0.000599 -0.001073 2317.0
0.000599 -0.001073 2318.0
0.000599 -0.001073 2319.0
0.000599 -0.001073 2320.0
0.000599 -0.001073 2321.0
0.000599 -0.001073 2322.0
0.000599 -0.001073 2323.0
0.000599 -0.001073 2324.0
0.000600 -0.001073 2325.0
0.000600 -0.001073 2326.0
0.000600 -0.001073 2327.0
0.000600 -0.001073 2328.0
0.000600 -0.001073 2329.0
0.000600 -0.001073 2330.0
0.000601 -0.001073 2331.0
0.000601 -0.001073 2332.0
0.000602 -0.001073 2333.0
0.000603 -0.001073 2334.0
0.000604 -0.001073 2335.0
0.000604 -0.001073 2336.0
0.000605 -0.001073 2337.0
0.000606 -0.001073 2338.0
0.000607 -0.001073 2339.0
0.000607 -0.001073 2340.0
0.000608 -0.001074 2341.0
0.000609 -0.001074 2342.0
0.000609 -0.001074 2343.0
0.000610 -0.001074 2344.0
0.000611 -0.001074 2345.0
0.000612 -0.001074 2346.0
0.000612 -0.001074 2347.0
0.000613 -0.001074 2348.0
0.000614 -0.001074 2349.0
0.000615 -0.001074 2350.0
0.000615 -0.001074 2351.0
0.000616 -0.001074 2352.0
0.000617 -0.001074 2353.0
0.000617 -0.001074 2354.0
0.000618 -0.001074 2355.0
0.000619 -0.001075 2356.0
0.000620 -0.001075 2357.0
0.000620 -0.001075 2358.0
0.000621 -0.001075 2359.0
0.000622 -0.001075 2360.0
0.000623 -0.001075 2361.0
0.000623 -0.001075 2362.0
0.000624 -0.001075 2363.0
0.000625 -0.001075 2364.0
0.000625 -0.001075 2365.0
0.000626 -0.001075 2366.0
0.000627 -0.001075 2367.0
0.000628 -0.001075 2368.0
0.000628 -0.001075 2369.0
0.000629 -0.001075 2370.0
0.000630 -0.001076 2371.0
0.000631 -0.001076 2372.0
0.000631 -0.001076 2373.0
0.000632 -0.001076 2374.0
0.000633 -0.001076 2375.0
0.000633 -0.001076 2376.0
0.000634 -0.001076 2377.0
0.000635 -0.001076 2378.0
0.000636 -0.001076 2379.0
0.000636 -0.001076 2380.0
0.000637 -0.001076 2381.0
0.000638 -0.001076 2382.0
0.000639 -0.001076 2383.0
0.000639 -0.001076 2384.0
0.000640 -0.001077 2385.0
0.000640 -0.001076 2386.0
0.000641 -0.001076 2387.0
0.000641 -0.001076 2388.0
0.000642 -0.001076 2389.0
0.000642 -0.001076 2390.0
0.000643 -0.001076 2391.0
0.000644 -0.001076 2392.0
0.000644 -0.001076 2393.0
0.000645 -0.001076 2394.0
0.000646 -0.001076 2395.0
0.000646 -0.001076 2396.0
0.000647 -0.001076 2397.0
0.000647 -0.001076 2398.0
0.000648 -0.001076 2399.0
0.000649 -0.001076 2400.0
0.000649 -0.001076 2401.0
0.000650 -0.001076 2402.0
0.000651 -0.001076 2403.0
0.000651 -0.001076 2404.0
0.000652 -0.001076 2405.0
0.000652 -0.001076 2406.0
0.000653 -0.001076 2407.0
0.000654 -0.001076 2408.0
0.000654 -0.001076 2409.0
0.000655 -0.001076 2410.0
0.000655 -0.001076 2411.0
0.000656 -0.001076 2412.0
0.000657 -0.001076 2413.0
0.000657 -0.001076 2414.0
0.000658 -0.001076 2415.0
0.000659 -0.001076 2416.0
0.000659 -0.001076 2417.0
0.000660 -0.001076 2418.0
0.000660 -0.001076 2419.0
0.000661 -0.001076 2420.0
0.000662 -0.001076 2421.0
0.000662 -0.001076 2422.0
0.000663 -0.001076 2423.0
0.000663 -0.001076 2424.0
0.000664 -0.001076 2425.0
0.000665 -0.001076 2426.0
0.000665 -0.001076 2427.0
0.000666 -0.001076 2428.0
0.000667 -0.001076 2429.0
0.000667 -0.001076 2430.0
0.000668 -0.001076 2431.0
0.000668 -0.001076 2432.0
0.000669 -0.001076 2433.0
0.000670 -0.001076 2434.0
0.000670 -0.001076 2435.0
0.000671 -0.001076 2436.0
0.000672 -0.001076 2437.0
0.000672 -0.001076 2438.0
0.000673 -0.001076 2439.0
0.000673 -0.001076 2440.0
0.000674 -0.001076 2441.0
0.000675 -0.001076 2442.0
0.000675 -0.001076 2443.0
0.000676 -0.001076 2444.0
0.000676 -0.001076 2445.0
0.000677 -0.001076 2446.0
0.000677 -0.001076 2447.0
0.000677 -0.001075 2448.0
0.000677 -0.001075 2449.0
0.000677 -0.001075 2450.0
0.000677 -0.001075 2451.0
0.000677 -0.001075 2452.0
0.000677 -0.001074 2453.0
0.000677 -0.001074 2454.0
0.000677 -0.001074 2455.0
0.000677 -0.001074 2456.0
0.000677 -0.001074 2457.0
0.000677 -0.001074 2458.0
0.000677 -0.001073 2459.0
0.000677 -0.001073 2460.0
0.000677 -0.001073 2461.0
0.000677 -0.001073 2462.0
0.000677 -0.001073 2463.0
0.000677 -0.001072 2464.0
0.000677 -0.001072 2465.0
0.000677 -0.001072 2466.0
0.000677 -0.001072 2467.0
0.000677 -0.001072 2468.0
0.000677 -0.001071 2469.0
0.000677 -0.001071 2470.0
0.000677 -0.001071 2471.0
0.000677 -0.001071 2472.0
0.000677 -0.001071 2473.0
0.000677 -0.001071 2474.0
0.000677 -0.001070 2475.0
0.000677 -0.001070 2476.0
0.000677 -0.001070 2477.0
0.000677 -0.001070 2478.0
0.000677 -0.001070 2479.0
0.000677 -0.001069 2480.0
0.000677 -0.001069 2481.0
0.000677 -0.001069 2482.0
0.000677 -0.001069 2483.0
0.000677 -0.001069 2484.0
0.000677 -0.001068 2485.0
0.000677 -0.001068 2486.0
0.000677 -0.001068 2487.0
0.000677 -0.001068 2488.0
0.000677 -0.001068 2489.0
0.000677 -0.001068 2490.0
0.000677 -0.001067 2491.0
0.000677 -0.001067 2492.0
0.000677 -0.001067 2493.0
0.000677 -0.001067 2494.0
0.000677 -0.001067 2495.0
0.000677 -0.001066 2496.0
0.000677 -0.001066 2497.0
0.000677 -0.001066 2498.0
0.000677 -0.001066 2499.0
0.000677 -0.001066 2500.0
0.000677 -0.001065 2501.0
0.000677 -0.001065 2502.0
0.000677 -0.001065 2503.0
0.000677 -0.001065 2504.0
0.000677 -0.001065 2505.0
0.000677 -0.001065 2506.0
0.000677 -0.001064 2507.0
0.000677 -0.001064 2508.0
0.000677 -0.001064 2509.0
0.000677 -0.001064 2510.0
0.000676 -0.001064 2511.0
0.000676 -0.001064 2512.0
0.000675 -0.001064 2513.0
0.000675 -0.001064 2514.0
0.000674 -0.001064 2515.0
0.000674 -0.001064 2516.0
0.000673 -0.001064 2517.0
0.000673 -0.001064 2518.0
0.000672 -0.001064 2519.0
0.000672 -0.001064 2520.0
0.000671 -0.001064 2521.0
0.000671 -0.001064 2522.0
0.000671 -0.001064 2523.0
0.000670 -0.001064 2524.0
0.000670 -0.001064 2525.0
0.000669 -0.001064 2526.0
0.000669 -0.001064 2527.0
0.000668 -0.001064 2528.0
0.000668 -0.001064 2529.0
0.000667 -0.001064 2530.0
0.000667 -0.001064 2531.0
0.000666 -0.001064 2532.0
0.000666 -0.001064 2533.0
0.000665 -0.001064 2534.0
0.000665 -0.001064 2535.0
0.000664 -0.001064 2536.0
0.000664 -0.001064 2537.0
0.000664 -0.001064 2538.0
0.000663 -0.001063 2539.0
0.000663 -0.001063 2540.0
0.000662 -0.001063 2541.0
0.000662 -0.001063 2542.0
0.000661 -0.001063 2543.0
0.000661 -0.001063 2544.0
0.000660 -0.001063 2545.0
0.000660 -0.001063 2546.0
0.000659 -0.001063 2547.0
0.000659 -0.001063 2548.0
0.000658 -0.001063 2549.0
0.000658 -0.001063 2550.0
0.000658 -0.001063 2551.0
0.000657 -0.001063 2552.0
0.000657 -0.001063 2553.0
0.000656 -0.001063 2554.0
0.000656 -0.001063 2555.0
0.000655 -0.001063 2556.0
0.000655 -0.001063 2557.0
0.000654 -0.001063 2558.0
0.000654 -0.001063 2559.0
0.000653 -0.001063 2560.0
0.000653 -0.001063 2561.0
0.000652 -0.001063 2562.0
0.000652 -0.001063 2563.0
0.000651 -0.001063 2564.0
0.000651 -0.001063 2565.0
0.000651 -0.001063 2566.0
0.000650 -0.001063 2567.0
0.000650 -0.001063 2568.0
0.000649 -0.001063 2569.0
0.000649 -0.001063 2570.0
0.000649 -0.001063 2571.0
0.000649 -0.001064 2572.0
0.000649 -0.001064 2573.0
0.000649 -0.001065 2574.0
0.000649 -0.001066 2575.0
0.000649 -0.001066 2576.0
0.000649 -0.001067 2577.0
0.000648 -0.001068 2578.0
0.000648 -0.001068 2579.0
0.000648 -0.001069 2580.0
0.000648 -0.001070 2581.0
0.000648 -0.001070 2582.0
0.000648 -0.001071 2583.0
0.000648 -0.001072 2584.0
0.000648 -0.001073 2585.0
0.000648 -0.001073 2586.0
0.000648 -0.001074 2587.0
0.000648 -0.001075 2588.0
0.000648 -0.001075 2589.0
0.000648 -0.001076 2590.0
0.000648 -0.001077 2591.0
0.000648 -0.001077 2592.0
0.000648 -0.001078 2593.0
0.000648 -0.001079 2594.0
0.000648 -0.001079 2595.0
0.000648 -0.001080 2596.0
0.000648 -0.001081 2597.0
0.000648 -0.001081 2598.0
0.000648 -0.001082 2599.0
0.000648 -0.001083 2600.0
0.000648 -0.001083 2601.0
0.000648 -0.001084 2602.0
0.000648 -0.001085 2603.0
0.000648 -0.001085 2604.0
0.000648 -0.001086 2605.0
0.000648 -0.001087 2606.0
0.000648 -0.001088 2607.0
0.000648 -0.001088 2608.0
0.000648 -0.001089 2609.0
0.000647 -0.001090 2610.0
0.000647 -0.001090 2611.0
0.000647 -0.001091 2612.0
0.000647 -0.001092 2613.0
0.000647 -0.001092 2614.0
0.000647 -0.001093 2615.0
0.000647 -0.001094 2616.0
0.000647 -0.001094 2617.0
0.000647 -0.001095 2618.0
0.000647 -0.001096 2619.0
0.000647 -0.001096 2620.0
0.000647 -0.001097 2621.0
0.000647 -0.001098 2622.0
0.000647 -0.001098 2623.0
0.000647 -0.001098 2624.0
0.000647 -0.001099 2625.0
0.000647 -0.001099 2626.0
0.000647 -0.001100 2627.0
0.000647 -0.001101 2628.0
0.000647 -0.001101 2629.0
0.000647 -0.001102 2630.0
0.000647 -0.001102 2631.0
0.000647 -0.001103 2632.0
0.000647 -0.001103 2633.0
0.000647 -0.001104 2634.0
0.000646 -0.001104 2635.0
0.000646 -0.001105 2636.0
0.000646 -0.001105 2637.0
0.000646 -0.001106 2638.0
0.000646 -0.001106 2639.0
0.000646 -0.001107 2640.0
0.000646 -0.001108 2641.0
0.000646 -0.001108 2642.0
0.000646 -0.001109 2643.0
0.000646 -0.001109 2644.0
0.000646 -0.001110 2645.0
0.000646 -0.001110 2646.0
0.000646 -0.001111 2647.0
0.000646 -0.001111 2648.0
0.000646 -0.001112 2649.0
0.000646 -0.001112 2650.0
0.000646 -0.001113 2651.0
0.000646 -0.001113 2652.0
0.000646 -0.001114 2653.0
0.000646 -0.001115 2654.0
0.000646 -0.001115 2655.0
0.000646 -0.001116 2656.0
0.000646 -0.001116 2657.0
0.000646 -0.001117 2658.0
0.000646 -0.001117 2659.0
0.000646 -0.001118 2660.0
0.000646 -0.001118 2661.0
0.000646 -0.001119 2662.0
0.000646 -0.001119 2663.0
0.000646 -0.001120 2664.0
0.000646 -0.001120 2665.0
0.000646 -0.001121 2666.0
0.000646 -0.001122 2667.0
0.000646 -0.001122 2668.0
0.000646 -0.001123 2669.0
0.000646 -0.001123 2670.0
0.000646 -0.001124 2671.0
0.000646 -0.001124 2672.0
0.000646 -0.001125 2673.0
0.000646 -0.001125 2674.0
0.000646 -0.001126 2675.0
0.000646 -0.001126 2676.0
0.000646 -0.001127 2677.0
0.000646 -0.001127 2678.0
0.000645 -0.001128 2679.0
0.000645 -0.001129 2680.0
0.000645 -0.001130 2681.0
0.000645 -0.001131 2682.0
0.000645 -0.001132 2683.0
0.000645 -0.001132 2684.0
0.000645 -0.001133 2685.0
0.000645 -0.001134 2686.0
0.000645 -0.001135 2687.0
0.000645 -0.001136 2688.0
0.000645 -0.001137 2689.0
0.000645 -0.001138 2690.0
0.000645 -0.001139 2691.0
0.000645 -0.001140 2692.0
0.000645 -0.001141 2693.0
0.000645 -0.001142 2694.0
0.000645 -0.001143 2695.0
0.000645 -0.001144 2696.0
0.000645 -0.001144 2697.0
0.000645 -0.001145 2698.0
0.000645 -0.001146 2699.0
0.000645 -0.001147 2700.0
0.000645 -0.001148 2701.0
0.000645 -0.001149 2702.0
0.000645 -0.001150 2703.0
0.000645 -0.001151 2704.0
0.000645 -0.001152 2705.0
0.000645 -0.001153 2706.0
0.000645 -0.001154 2707.0
0.000645 -0.001155 2708.0
0.000644 -0.001156 2709.0
0.000644 -0.001157 2710.0
0.000644 -0.001157 2711.0
0.000644 -0.001158 2712.0
0.000644 -0.001159 2713.0
0.000644 -0.001160 2714.0
0.000644 -0.001161 2715.0
0.000644 -0.001162 2716.0
0.000644 -0.001163 2717.0
0.000644 -0.001164 2718.0
0.000644 -0.001165 2719.0
0.000644 -0.001166 2720.0
0.000644 -0.001167 2721.0
0.000644 -0.001168 2722.0
0.000644 -0.001169 2723.0
0.000644 -0.001169 2724.0
0.000644 -0.001170 2725.0
0.000644 -0.001171 2726.0
0.000644 -0.001172 2727.0
0.000644 -0.001173 2728.0
0.000644 -0.001174 2729.0
0.000644 -0.001175 2730.0
0.000644 -0.001176 2731.0
0.000644 -0.001177 2732.0
0.000644 -0.001178 2733.0
0.000644 -0.001179 2734.0
0.000644 -0.001180 2735.0
0.000644 -0.001181 2736.0
0.000644 -0.001182 2737.0
0.000643 -0.001182 2738.0
0.000643 -0.001182 2739.0
0.000643 -0.001184 2740.0
0.000643 -0.001185 2741.0
0.000643 -0.001186 2742.0
0.000643 -0.001187 2743.0
0.000643 -0.001188 2744.0
0.000643 -0.001189 2745.0
0.000643 -0.001190 2746.0
0.000643 -0.001191 2747.0
0.000643 -0.001193 2748.0
0.000643 -0.001194 2749.0
0.000643 -0.001195 2750.0
0.000643 -0.001196 2751.0
0.000643 -0.001197 2752.0
0.000643 -0.001198 2753.0
0.000643 -0.001199 2754.0
0.000643 -0.001200 2755.0
0.000643 -0.001201 2756.0
0.000643 -0.001203 2757.0
0.000642 -0.001204 2758.0
0.000642 -0.001205 2759.0
0.000642 -0.001206 2760.0
0.000642 -0.001207 2761.0
0.000642 -0.001208 2762.0
0.000642 -0.001209 2763.0
0.000642 -0.001210 2764.0
0.000642 -0.001212 2765.0
0.000642 -0.001213 2766.0
0.000642 -0.001214 2767.0
0.000642 -0.001215 2768.0
0.000642 -0.001216 2769.0
0.000642 -0.001217 2770.0
0.000642 -0.001218 2771.0
0.000642 -0.001219 2772.0
0.000642 -0.001221 2773.0
0.000642 -0.001222 2774.0
0.000642 -0.001223 2775.0
0.000642 -0.001224 2776.0
0.000642 -0.001225 2777.0
0.000642 -0.001226 2778.0
0.000642 -0.001227 2779.0
0.000642 -0.001228 2780.0
0.000642 -0.001229 2781.0
0.000642 -0.001231 2782.0
0.000642 -0.001232 2783.0
0.000642 -0.001233 2784.0
0.000642 -0.001234 2785.0
0.000642 -0.001235 2786.0
0.000642 -0.001236 2787.0
0.000642 -0.001237 2788.0
0.000642 -0.001238 2789.0
0.000642 -0.001240 2790.0
0.000642 -0.001241 2791.0
0.000642 -0.001242 2792.0
0.000642 -0.001243 2793.0
0.000642 -0.001244 2794.0
0.000642 -0.001245 2795.0
0.000642 -0.001246 2796.0
0.000642 -0.001247 2797.0
0.000641 -0.001249 2798.0
0.000641 -0.001248 2799.0
0.000641 -0.001249 2800.0
0.000641 -0.001249 2801.0
0.000641 -0.001249 2802.0
0.000641 -0.001249 2803.0
0.000641 -0.001249 2804.0
0.000640 -0.001249 2805.0
0.000640 -0.001249 2806.0
0.000640 -0.001249 2807.0
0.000640 -0.001249 2808.0
0.000640 -0.001249 2809.0
0.000640 -0.001249 2810.0
0.000640 -0.001249 2811.0
0.000640 -0.001249 2812.0
0.000640 -0.001249 2813.0
0.000639 -0.001250 2814.0
0.000639 -0.001250 2815.0
0.000639 -0.001250 2816.0
0.000639 -0.001250 2817.0
0.000639 -0.001250 2818.0
0.000639 -0.001250 2819.0
0.000639 -0.001250 2820.0
0.000639 -0.001250 2821.0
0.000639 -0.001250 2822.0
0.000638 -0.001250 2823.0
0.000638 -0.001250 2824.0
0.000638 -0.001250 2825.0
0.000638 -0.001250 2826.0
0.000638 -0.001250 2827.0
0.000638 -0.001251 2828.0
0.000638 -0.001251 2829.0
0.000638 -0.001251 2830.0
0.000637 -0.001251 2831.0
0.000637 -0.001251 2832.0
0.000637 -0.001251 2833.0
0.000637 -0.001251 2834.0
0.000637 -0.001251 2835.0
0.000637 -0.001251 2836.0
0.000637 -0.001251 2837.0
0.000637 -0.001251 2838.0
0.000637 -0.001251 2839.0
0.000636 -0.001251 2840.0
0.000636 -0.001251 2841.0
0.000636 -0.001252 2842.0
0.000636 -0.001252 2843.0
0.000636 -0.001252 2844.0
0.000636 -0.001252 2845.0
0.000636 -0.001252 2846.0
0.000636 -0.001252 2847.0
0.000636 -0.001252 2848.0
0.000635 -0.001252 2849.0
0.000635 -0.001252 2850.0
0.000635 -0.001252 2851.0
0.000635 -0.001252 2852.0
0.000635 -0.001252 2853.0
0.000635 -0.001252 2854.0
0.000635 -0.001252 2855.0
0.000635 -0.001253 2856.0
0.000635 -0.001253 2857.0
0.000634 -0.001253 2858.0
0.000634 -0.001253 2859.0
0.000634 -0.001253 2860.0
0.000634 -0.001253 2861.0
0.000634 -0.001253 2862.0
0.000634 -0.001253 2863.0
0.000634 -0.001253 2864.0
0.000634 -0.001253 2865.0
0.000634 -0.001253 2866.0
0.000633 -0.001253 2867.0
0.000633 -0.001253 2868.0
0.000633 -0.001253 2869.0
0.000633 -0.001254 2870.0
0.000633 -0.001254 2871.0
0.000633 -0.001254 2872.0
0.000633 -0.001254 2873.0
0.000633 -0.001254 2874.0
0.000633 -0.001254 2875.0
0.000632 -0.001254 2876.0
0.000632 -0.001254 2877.0
0.000632 -0.001254 2878.0
0.000632 -0.001254 2879.0
0.000632 -0.001254 2880.0
0.000632 -0.001254 2881.0
0.000632 -0.001254 2882.0
0.000632 -0.001254 2883.0
0.000632 -0.001255 2884.0
0.000631 -0.001255 2885.0
0.000631 -0.001255 2886.0
0.000631 -0.001255 2887.0
0.000631 -0.001255 2888.0
0.000631 -0.001255 2889.0
0.000631 -0.001255 2890.0
0.000631 -0.001255 2891.0
0.000631 -0.001255 2892.0
0.000631 -0.001255 2893.0
0.000630 -0.001255 2894.0
0.000630 -0.001255 2895.0
0.000630 -0.001255 2896.0
0.000630 -0.001255 2897.0
0.000630 -0.001256 2898.0
0.000630 -0.001256 2899.0
0.000630 -0.001256 2900.0
0.000630 -0.001256 2901.0
0.000630 -0.001256 2902.0
0.000629 -0.001256 2903.0
0.000629 -0.001256 2904.0
0.000629 -0.001256 2905.0
0.000629 -0.001256 2906.0
0.000629 -0.001256 2907.0
0.000629 -0.001256 2908.0
0.000629 -0.001256 2909.0
0.000629 -0.001256 2910.0
0.000629 -0.001256 2911.0
0.000628 -0.001257 2912.0
0.000628 -0.001257 2913.0
0.000628 -0.001257 2914.0
0.000628 -0.001257 2915.0
0.000628 -0.001257 2916.0
0.000628 -0.001257 2917.0
0.000628 -0.001257 2918.0
0.000628 -0.001257 2919.0
0.000627 -0.001257 2920.0
0.000627 -0.001257 2921.0
0.000627 -0.001257 2922.0
0.000627 -0.001257 2923.0
0.000627 -0.001257 2924.0
0.000627 -0.001257 2925.0
0.000627 -0.001258 2926.0
0.000627 -0.001258 2927.0
0.000627 -0.001258 2928.0
0.000626 -0.001258 2929.0
0.000626 -0.001258 2930.0
0.000626 -0.001258 2931.0
0.000626 -0.001258 2932.0
0.000626 -0.001258 2933.0
0.000626 -0.001258 2934.0
0.000626 -0.001258 2935.0
0.000626 -0.001258 2936.0
0.000626 -0.001258 2937.0
0.000625 -0.001258 2938.0
0.000625 -0.001258 2939.0
0.000625 -0.001259 2940.0
0.000625 -0.001259 2941.0
0.000625 -0.001259 2942.0
0.000625 -0.001259 2943.0
0.000625 -0.001259 2944.0
0.000625 -0.001259 2945.0
0.000625 -0.001259 2946.0
0.000624 -0.001259 2947.0
0.000624 -0.001259 2948.0
0.000624 -0.001259 2949.0
0.000624 -0.001259 2950.0
0.000624 -0.001259 2951.0
0.000624 -0.001259 2952.0
0.000624 -0.001259 2953.0
0.000624 -0.001260 2954.0
0.000624 -0.001260 2955.0
0.000623 -0.001260 2956.0
0.000623 -0.001260 2957.0
0.000623 -0.001260 2958.0
0.000623 -0.001260 2959.0
0.000623 -0.001260 2960.0
0.000623 -0.001260 2961.0
0.000623 -0.001260 2962.0
0.000623 -0.001260 2963.0
0.000623 -0.001260 2964.0
0.000622 -0.001260 2965.0
0.000622 -0.001260 2966.0
0.000622 -0.001260 2967.0
0.000622 -0.001261 2968.0
0.000622 -0.001261 2969.0
0.000622 -0.001261 2970.0
0.000622 -0.001261 2971.0
0.000622 -0.001261 2972.0
0.000622 -0.001261 2973.0
0.000621 -0.001261 2974.0
0.000621 -0.001261 2975.0
0.000621 -0.001261 2976.0
0.000621 -0.001261 2977.0
0.000621 -0.001261 2978.0
0.000621 -0.001261 2979.0
0.000621 -0.001261 2980.0
0.000621 -0.001261 2981.0
0.000621 -0.001262 2982.0
0.000620 -0.001262 2983.0
0.000620 -0.001262 2984.0
0.000620 -0.001262 2985.0
0.000620 -0.001262 2986.0
0.000620 -0.001262 2987.0
0.000620 -0.001262 2988.0
0.000620 -0.001262 2989.0
0.000620 -0.001262 2990.0
0.000620 -0.001262 2991.0
0.000619 -0.001262 2992.0
0.000619 -0.001262 2993.0
0.000619 -0.001262 2994.0
0.000619 -0.001262 2995.0
0.000619 -0.001263 2996.0
0.000619 -0.001263 2997.0
0.000619 -0.001263 2998.0
0.000619 -0.001263 2999.0
0.000618 -0.001263 3000.0
0.000618 -0.001263 3001.0
0.000618 -0.001263 3002.0
0.000618 -0.001263 3003.0
0.000618 -0.001263 3004.0
0.000618 -0.001263 3005.0
0.000618 -0.001263 3006.0
0.000618 -0.001263 3007.0
0.000618 -0.001263 3008.0
0.000617 -0.001263 3009.0
0.000617 -0.001264 3010.0
0.000617 -0.001264 3011.0
0.000617 -0.001264 3012.0
0.000617 -0.001264 3013.0
0.000617 -0.001264 3014.0
0.000617 -0.001264 3015.0
0.000617 -0.001264 3016.0
0.000617 -0.001264 3017.0
0.000616 -0.001264 3018.0
0.000616 -0.001264 3019.0
0.000616 -0.001264 3020.0
0.000616 -0.001264 3021.0
0.000616 -0.001264 3022.0
0.000616 -0.001264 3023.0
0.000616 -0.001265 3024.0
0.000616 -0.001265 3025.0
0.000616 -0.001265 3026.0
0.000615 -0.001265 3027.0
0.000615 -0.001265 3028.0
0.000615 -0.001265 3029.0
0.000615 -0.001265 3030.0
0.000615 -0.001265 3031.0
0.000615 -0.001265 3032.0
0.000615 -0.001265 3033.0
0.000615 -0.001265 3034.0
0.000615 -0.001265 3035.0
0.000614 -0.001265 3036.0
0.000614 -0.001265 3037.0
0.000614 -0.001265 3038.0
0.000614 -0.001266 3039.0
0.000614 -0.001266 3040.0
0.000614 -0.001266 3041.0
0.000614 -0.001266 3042.0
0.000614 -0.001266 3043.0
0.000614 -0.001266 3044.0
0.000613 -0.001266 3045.0
0.000613 -0.001266 3046.0
0.000613 -0.001266 3047.0
0.000613 -0.001266 3048.0
0.000613 -0.001266 3049.0
0.000613 -0.001266 3050.0
0.000613 -0.001266 3051.0
0.000613 -0.001266 3052.0
0.000613 -0.001267 3053.0
0.000612 -0.001267 3054.0
0.000612 -0.001267 3055.0
0.000612 -0.001267 3056.0
0.000612 -0.001267 3057.0
0.000612 -0.001267 3058.0
0.000612 -0.001267 3059.0
0.000612 -0.001267 3060.0
0.000612 -0.001267 3061.0
0.000612 -0.001267 3062.0
0.000610 -0.001264 3063.0
0.000610 -0.001263 3064.0
0.000610 -0.001262 3065.0
0.000610 -0.001262 3066.0
0.000610 -0.001261 3067.0
0.000610 -0.001260 3068.0
0.000610 -0.001259 3069.0
0.000610 -0.001258 3070.0
0.000609 -0.001259 3071.0
0.000611 -0.001257 3072.0
0.000613 -0.001256 3073.0
0.000614 -0.001255 3074.0
0.000614 -0.001256 3075.0
0.000615 -0.001255 3076.0
0.000615 -0.001255 3077.0
0.000615 -0.001254 3078.0
0.000616 -0.001254 3079.0
0.000616 -0.001253 3080.0
0.000617 -0.001253 3081.0
0.000617 -0.001252 3082.0
0.000617 -0.001252 3083.0
0.000618 -0.001252 3084.0
0.000618 -0.001251 3085.0
0.000619 -0.001251 3086.0
0.000619 -0.001250 3087.0
0.000619 -0.001250 3088.0
0.000620 -0.001249 3089.0
0.000620 -0.001249 3090.0
0.000621 -0.001248 3091.0
0.000621 -0.001248 3092.0
0.000621 -0.001247 3093.0
0.000622 -0.001247 3094.0
0.000622 -0.001246 3095.0
0.000622 -0.001246 3096.0
0.000623 -0.001245 3097.0
0.000623 -0.001245 3098.0
0.000624 -0.001245 3099.0
0.000624 -0.001244 3100.0
0.000624 -0.001244 3101.0
0.000625 -0.001243 3102.0
0.000625 -0.001243 3103.0
0.000626 -0.001242 3104.0
0.000626 -0.001242 3105.0
0.000626 -0.001241 3106.0
0.000627 -0.001241 3107.0
0.000627 -0.001240 3108.0
0.000627 -0.001240 3109.0
0.000628 -0.001239 3110.0
0.000628 -0.001239 3111.0
0.000629 -0.001238 3112.0
0.000629 -0.001238 3113.0
0.000629 -0.001238 3114.0
0.000630 -0.001237 3115.0
0.000630 -0.001237 3116.0
0.000631 -0.001236 3117.0
0.000631 -0.001236 3118.0
0.000631 -0.001235 3119.0
0.000632 -0.001235 3120.0
0.000632 -0.001234 3121.0
0.000633 -0.001234 3122.0
0.000633 -0.001233 3123.0
0.000633 -0.001233 3124.0
0.000634 -0.001232 3125.0
0.000634 -0.001232 3126.0
0.000634 -0.001231 3127.0
0.000635 -0.001231 3128.0
0.000635 -0.001231 3129.0
0.000636 -0.001230 3130.0
0.000636 -0.001230 3131.0
0.000636 -0.001229 3132.0
0.000637 -0.001229 3133.0
0.000637 -0.001228 3134.0
0.000638 -0.001228 3135.0
0.000640 -0.001231 3136.0
0.000640 -0.001230 3137.0
0.000640 -0.001229 3138.0
0.000640 -0.001228 3139.0
0.000640 -0.001227 3140.0
0.000640 -0.001227 3141.0
0.000640 -0.001226 3142.0
0.000640 -0.001225 3143.0
0.000640 -0.001224 3144.0
0.000640 -0.001223 3145.0
0.000640 -0.001222 3146.0
0.000640 -0.001221 3147.0
0.000640 -0.001220 3148.0
0.000640 -0.001219 3149.0
0.000640 -0.001218 3150.0
0.000640 -0.001217 3151.0
0.000641 -0.001216 3152.0
0.000641 -0.001215 3153.0
0.000641 -0.001214 3154.0
0.000641 -0.001214 3155.0
0.000641 -0.001213 3156.0
0.000641 -0.001212 3157.0
0.000641 -0.001211 3158.0
0.000641 -0.001210 3159.0
0.000641 -0.001209 3160.0
0.000641 -0.001208 3161.0
0.000641 -0.001207 3162.0
0.000641 -0.001206 3163.0
0.000641 -0.001205 3164.0
0.000641 -0.001204 3165.0
0.000641 -0.001203 3166.0
0.000641 -0.001202 3167.0
0.000641 -0.001201 3168.0
0.000641 -0.001201 3169.0
0.000641 -0.001200 3170.0
0.000641 -0.001199 3171.0
0.000641 -0.001198 3172.0
0.000641 -0.001197 3173.0
0.000641 -0.001196 3174.0
0.000641 -0.001195 3175.0
0.000641 -0.001194 3176.0
0.000641 -0.001193 3177.0
0.000641 -0.001192 3178.0
0.000642 -0.001191 3179.0
0.000642 -0.001190 3180.0
0.000642 -0.001189 3181.0
0.000642 -0.001189 3182.0
0.000642 -0.001188 3183.0
0.000642 -0.001187 3184.0
0.000642 -0.001186 3185.0
0.000642 -0.001185 3186.0
0.000642 -0.001184 3187.0
0.000642 -0.001183 3188.0
0.000642 -0.001182 3189.0
0.000642 -0.001181 3190.0
0.000642 -0.001180 3191.0
0.000642 -0.001179 3192.0
0.000642 -0.001178 3193.0
0.000642 -0.001177 3194.0
0.000642 -0.001176 3195.0
0.000643 -0.001176 3196.0
0.000643 -0.001176 3197.0
0.000643 -0.001175 3198.0
0.000643 -0.001175 3199.0
0.000643 -0.001174 3200.0
0.000643 -0.001174 3201.0
0.000643 -0.001173 3202.0
0.000643 -0.001173 3203.0
0.000643 -0.001172 3204.0
0.000643 -0.001172 3205.0
0.000643 -0.001171 3206.0
0.000643 -0.001171 3207.0
0.000643 -0.001170 3208.0
0.000643 -0.001170 3209.0
0.000643 -0.001169 3210.0
0.000643 -0.001169 3211.0
0.000643 -0.001168 3212.0
0.000643 -0.001168 3213.0
0.000643 -0.001167 3214.0
0.000643 -0.001167 3215.0
0.000643 -0.001166 3216.0
0.000643 -0.001166 3217.0
0.000643 -0.001165 3218.0
0.000643 -0.001165 3219.0
0.000643 -0.001164 3220.0
0.000643 -0.001164 3221.0
0.000643 -0.001163 3222.0
0.000643 -0.001163 3223.0
0.000643 -0.001162 3224.0
0.000643 -0.001162 3225.0
0.000643 -0.001161 3226.0
0.000643 -0.001161 3227.0
0.000643 -0.001160 3228.0
0.000643 -0.001160 3229.0
0.000643 -0.001159 3230.0
0.000643 -0.001159 3231.0
0.000643 -0.001158 3232.0
0.000643 -0.001158 3233.0
0.000643 -0.001157 3234.0
0.000643 -0.001157 3235.0
0.000643 -0.001156 3236.0
0.000643 -0.001156 3237.0
0.000643 -0.001155 3238.0
0.000643 -0.001155 3239.0
0.000643 -0.001154 3240.0
0.000643 -0.001154 3241.0
0.000643 -0.001153 3242.0
0.000643 -0.001153 3243.0
0.000644 -0.001152 3244.0
0.000644 -0.001152 3245.0
0.000644 -0.001151 3246.0
0.000644 -0.001151 3247.0
0.000644 -0.001150 3248.0
0.000644 -0.001150 3249.0
0.000644 -0.001149 3250.0
0.000644 -0.001149 3251.0
0.000644 -0.001148 3252.0
0.000644 -0.001148 3253.0
0.000644 -0.001147 3254.0
0.000644 -0.001147 3255.0
0.000644 -0.001147 3256.0
0.000644 -0.001146 3257.0
0.000644 -0.001145 3258.0
0.000644 -0.001144 3259.0
0.000644 -0.001143 3260.0
0.000644 -0.001142 3261.0
0.000644 -0.001141 3262.0
0.000644 -0.001140 3263.0
0.000644 -0.001139 3264.0
0.000644 -0.001138 3265.0
0.000644 -0.001137 3266.0
0.000644 -0.001136 3267.0
0.000644 -0.001135 3268.0
0.000644 -0.001134 3269.0
0.000645 -0.001133 3270.0
0.000645 -0.001132 3271.0
0.000645 -0.001131 3272.0
0.000645 -0.001130 3273.0
0.000645 -0.001129 3274.0
0.000645 -0.001128 3275.0
0.000645 -0.001127 3276.0
0.000645 -0.001126 3277.0
0.000645 -0.001125 3278.0
0.000645 -0.001124 3279.0
0.000645 -0.001123 3280.0
0.000645 -0.001122 3281.0
0.000645 -0.001121 3282.0
0.000645 -0.001120 3283.0
0.000645 -0.001119 3284.0
0.000645 -0.001118 3285.0
0.000645 -0.001117 3286.0
0.000645 -0.001116 3287.0
0.000645 -0.001115 3288.0
0.000645 -0.001114 3289.0
0.000645 -0.001113 3290.0
0.000645 -0.001112 3291.0
0.000645 -0.001111 3292.0
0.000645 -0.001110 3293.0
0.000645 -0.001109 3294.0
0.000645 -0.001108 3295.0
0.000646 -0.001107 3296.0
0.000646 -0.001106 3297.0
0.000646 -0.001105 3298.0
0.000646 -0.001104 3299.0
0.000646 -0.001103 3300.0
0.000646 -0.001102 3301.0
0.000646 -0.001101 3302.0
0.000646 -0.001100 3303.0
0.000646 -0.001100 3304.0
0.000646 -0.001099 3305.0
0.000646 -0.001098 3306.0
0.000646 -0.001097 3307.0
0.000646 -0.001096 3308.0
0.000646 -0.001095 3309.0
0.000646 -0.001094 3310.0
0.000646 -0.001093 3311.0
0.000646 -0.001092 3312.0
0.000646 -0.001091 3313.0
0.000646 -0.001090 3314.0
0.000646 -0.001089 3315.0
0.000647 -0.001089 3316.0
0.000647 -0.001088 3317.0
0.000647 -0.001088 3318.0
0.000647 -0.001088 3319.0
0.000647 -0.001087 3320.0
0.000647 -0.001087 3321.0
0.000647 -0.001087 3322.0
0.000647 -0.001086 3323.0
0.000647 -0.001086 3324.0
0.000647 -0.001086 3325.0
0.000647 -0.001085 3326.0
0.000647 -0.001085 3327.0
0.000647 -0.001084 3328.0
0.000647 -0.001084 3329.0
0.000647 -0.001084 3330.0
0.000648 -0.001083 3331.0
0.000648 -0.001083 3332.0
0.000648 -0.001083 3333.0
0.000648 -0.001082 3334.0
0.000648 -0.001082 3335.0
0.000648 -0.001082 3336.0
0.000648 -0.001081 3337.0
0.000648 -0.001081 3338.0
0.000648 -0.001080 3339.0
0.000648 -0.001080 3340.0
0.000648 -0.001080 3341.0
0.000648 -0.001079 3342.0
0.000648 -0.001079 3343.0
0.000648 -0.001079 3344.0
0.000648 -0.001078 3345.0
0.000648 -0.001078 3346.0
0.000648 -0.001078 3347.0
0.000648 -0.001077 3348.0
0.000648 -0.001077 3349.0
0.000648 -0.001077 3350.0
0.000648 -0.001076 3351.0
0.000649 -0.001076 3352.0
0.000649 -0.001075 3353.0
0.000649 -0.001075 3354.0
0.000649 -0.001075 3355.0
0.000649 -0.001074 3356.0
0.000649 -0.001074 3357.0
0.000649 -0.001074 3358.0
0.000649 -0.001073 3359.0
0.000649 -0.001073 3360.0
0.000649 -0.001073 3361.0
0.000649 -0.001072 3362.0
0.000649 -0.001072 3363.0
0.000649 -0.001071 3364.0
0.000649 -0.001071 3365.0
0.000649 -0.001071 3366.0
0.000649 -0.001070 3367.0
0.000649 -0.001070 3368.0
0.000649 -0.001070 3369.0
0.000649 -0.001069 3370.0
0.000649 -0.001069 3371.0
0.000649 -0.001069 3372.0
0.000649 -0.001068 3373.0
0.000650 -0.001068 3374.0
0.000650 -0.001068 3375.0
0.000650 -0.001068 3376.0
0.000650 -0.001068 3377.0
0.000650 -0.001068 3378.0
0.000650 -0.001068 3379.0
0.000650 -0.001068 3380.0
0.000650 -0.001068 3381.0
0.000650 -0.001068 3382.0
0.000650 -0.001068 3383.0
0.000650 -0.001068 3384.0
0.000650 -0.001068 3385.0
0.000650 -0.001068 3386.0
0.000650 -0.001068 3387.0
0.000650 -0.001068 3388.0
0.000650 -0.001068 3389.0
0.000650 -0.001068 3390.0
0.000650 -0.001068 3391.0
0.000650 -0.001068 3392.0
0.000650 -0.001068 3393.0
0.000650 -0.001068 3394.0
0.000650 -0.001067 3395.0
0.000650 -0.001067 3396.0
0.000650 -0.001067 3397.0
0.000650 -0.001067 3398.0
0.000650 -0.001067 3399.0
0.000650 -0.001067 3400.0
0.000650 -0.001067 3401.0
0.000650 -0.001067 3402.0
0.000650 -0.001067 3403.0
0.000650 -0.001067 3404.0
0.000650 -0.001067 3405.0
0.000650 -0.001067 3406.0
0.000650 -0.001067 3407.0
0.000650 -0.001067 3408.0
0.000650 -0.001067 3409.0
0.000650 -0.001067 3410.0
0.000650 -0.001067 3411.0
0.000650 -0.001067 3412.0
0.000650 -0.001067 3413.0
0.000650 -0.001067 3414.0
0.000650 -0.001067 3415.0
0.000650 -0.001067 3416.0
0.000650 -0.001067 3417.0
0.000650 -0.001067 3418.0
0.000650 -0.001067 3419.0
0.000650 -0.001067 3420.0
0.000650 -0.001067 3421.0
0.000650 -0.001067 3422.0
0.000650 -0.001067 3423.0
0.000650 -0.001067 3424.0
0.000650 -0.001067 3425.0
0.000650 -0.001067 3426.0
0.000650 -0.001067 3427.0
0.000650 -0.001067 3428.0
0.000650 -0.001067 3429.0
0.000650 -0.001067 3430.0
0.000650 -0.001067 3431.0
0.000650 -0.001067 3432.0
0.000650 -0.001067 3433.0
0.000650 -0.001067 3434.0
0.000650 -0.001067 3435.0
0.000650 -0.001067 3436.0
0.000650 -0.001067 3437.0
0.000651 -0.001067 3438.0
0.000651 -0.001067 3439.0
0.000651 -0.001066 3440.0
0.000652 -0.001066 3441.0
0.000652 -0.001066 3442.0
0.000652 -0.001066 3443.0
0.000652 -0.001065 3444.0
0.000653 -0.001065 3445.0
0.000653 -0.001065 3446.0
0.000653 -0.001065 3447.0
0.000654 -0.001064 3448.0
0.000654 -0.001064 3449.0
0.000654 -0.001064 3450.0
0.000655 -0.001064 3451.0
0.000655 -0.001063 3452.0
0.000655 -0.001063 3453.0
0.000655 -0.001063 3454.0
0.000656 -0.001063 3455.0
0.000656 -0.001062 3456.0
0.000656 -0.001062 3457.0
0.000657 -0.001062 3458.0
0.000657 -0.001062 3459.0
0.000657 -0.001061 3460.0
0.000657 -0.001061 3461.0
0.000658 -0.001061 3462.0
0.000658 -0.001060 3463.0
0.000658 -0.001060 3464.0
0.000659 -0.001060 3465.0
0.000659 -0.001060 3466.0
0.000659 -0.001059 3467.0
0.000660 -0.001059 3468.0
0.000660 -0.001059 3469.0
0.000660 -0.001059 3470.0
0.000660 -0.001058 3471.0
0.000661 -0.001058 3472.0
0.000661 -0.001058 3473.0
0.000661 -0.001058 3474.0
0.000662 -0.001057 3475.0
0.000662 -0.001057 3476.0
0.000662 -0.001057 3477.0
0.000662 -0.001057 3478.0
0.000663 -0.001056 3479.0
0.000663 -0.001056 3480.0
0.000663 -0.001056 3481.0
0.000664 -0.001056 3482.0
0.000664 -0.001055 3483.0
0.000664 -0.001055 3484.0
0.000664 -0.001055 3485.0
0.000665 -0.001055 3486.0
0.000665 -0.001054 3487.0
0.000665 -0.001054 3488.0
0.000666 -0.001054 3489.0
0.000666 -0.001054 3490.0
0.000666 -0.001053 3491.0
0.000667 -0.001053 3492.0
0.000667 -0.001053 3493.0
0.000667 -0.001053 3494.0
0.000667 -0.001052 3495.0
0.000668 -0.001052 3496.0
0.000668 -0.001052 3497.0
0.000668 -0.001052 3498.0
0.000669 -0.001051 3499.0
0.000669 -0.001051 3500.0
0.000669 -0.001051 3501.0
0.000669 -0.001051 3502.0
0.000670 -0.001050 3503.0
0.000671 -0.001053 3504.0
0.000671 -0.001052 3505.0
0.000671 -0.001052 3506.0
0.000671 -0.001052 3507.0
0.000671 -0.001051 3508.0
0.000672 -0.001051 3509.0
0.000672 -0.001050 3510.0
0.000672 -0.001050 3511.0
0.000672 -0.001049 3512.0
0.000672 -0.001049 3513.0
0.000672 -0.001049 3514.0
0.000672 -0.001048 3515.0
0.000672 -0.001048 3516.0
0.000672 -0.001047 3517.0
0.000672 -0.001047 3518.0
0.000673 -0.001047 3519.0
0.000673 -0.001046 3520.0
0.000673 -0.001046 3521.0
0.000673 -0.001045 3522.0
0.000673 -0.001045 3523.0
0.000673 -0.001044 3524.0
0.000673 -0.001044 3525.0
0.000673 -0.001044 3526.0
0.000673 -0.001043 3527.0
0.000673 -0.001043 3528.0
0.000674 -0.001042 3529.0
0.000674 -0.001042 3530.0
0.000674 -0.001042 3531.0
0.000674 -0.001041 3532.0
0.000674 -0.001041 3533.0
0.000674 -0.001040 3534.0
0.000674 -0.001040 3535.0
0.000674 -0.001039 3536.0
0.000674 -0.001039 3537.0
0.000675 -0.001039 3538.0
0.000675 -0.001038 3539.0
0.000675 -0.001038 3540.0
0.000675 -0.001037 3541.0
0.000675 -0.001037 3542.0
0.000675 -0.001037 3543.0
0.000675 -0.001036 3544.0
0.000675 -0.001036 3545.0
0.000675 -0.001035 3546.0
0.000675 -0.001035 3547.0
0.000676 -0.001034 3548.0
0.000676 -0.001034 3549.0
0.000676 -0.001034 3550.0
0.000676 -0.001033 3551.0
0.000676 -0.001033 3552.0
0.000676 -0.001032 3553.0
0.000676 -0.001032 3554.0
0.000676 -0.001031 3555.0
0.000676 -0.001031 3556.0
0.000676 -0.001031 3557.0
0.000677 -0.001030 3558.0
0.000677 -0.001030 3559.0
0.000677 -0.001029 3560.0
0.000677 -0.001029 3561.0
0.000677 -0.001029 3562.0
0.000677 -0.001028 3563.0
0.000677 -0.001028 3564.0
0.000677 -0.001027 3565.0
0.000677 -0.001027 3566.0
0.000677 -0.001026 3567.0
0.000678 -0.001026 3568.0
0.000678 -0.001026 3569.0
0.000678 -0.001025 3570.0
0.000678 -0.001025 3571.0
0.000679 -0.001025 3572.0
