0.000752 -0.000653 4.0
0.000752 -0.000654 5.0
0.000753 -0.000654 6.0
0.000753 -0.000654 7.0
0.000754 -0.000654 8.0
0.000755 -0.000654 9.0
0.000755 -0.000654 10.0
0.000756 -0.000655 11.0
0.000756 -0.000655 12.0
0.000757 -0.000655 13.0
0.000757 -0.000655 14.0
0.000758 -0.000655 15.0
0.000758 -0.000655 16.0
0.000759 -0.000656 17.0
0.000759 -0.000656 18.0
0.000760 -0.000656 19.0
0.000760 -0.000656 20.0
0.000761 -0.000656 21.0
0.000761 -0.000656 22.0
0.000762 -0.000657 23.0
0.000762 -0.000657 24.0
0.000763 -0.000657 25.0
0.000763 -0.000657 26.0
0.000764 -0.000657 27.0
0.000765 -0.000657 28.0
0.000765 -0.000658 29.0
0.000766 -0.000658 30.0
0.000766 -0.000658 31.0
0.000767 -0.000658 32.0
0.000767 -0.000658 33.0
0.000768 -0.000658 34.0
0.000768 -0.000659 35.0
0.000769 -0.000659 36.0
0.000769 -0.000659 37.0
0.000770 -0.000659 38.0
0.000770 -0.000659 39.0
0.000771 -0.000659 40.0
0.000771 -0.000660 41.0
0.000772 -0.000660 42.0
0.000772 -0.000660 43.0
0.000773 -0.000660 44.0
0.000773 -0.000660 45.0
0.000774 -0.000660 46.0
0.000774 -0.000660 47.0
0.000775 -0.000661 48.0
0.000776 -0.000661 49.0
0.000776 -0.000661 50.0
0.000777 -0.000661 51.0
0.000777 -0.000661 52.0
0.000778 -0.000661 53.0
0.000778 -0.000662 54.0
0.000779 -0.000662 55.0
0.000779 -0.000662 56.0
0.000780 -0.000662 57.0
0.000780 -0.000662 58.0
0.000781 -0.000662 59.0
0.000781 -0.000663 60.0
0.000782 -0.000663 61.0
0.000782 -0.000661 62.0
0.000782 -0.000660 63.0
0.000782 -0.000660 64.0
0.000783 -0.000659 65.0
0.000783 -0.000659 66.0
0.000783 -0.000658 67.0
0.000783 -0.000657 68.0
0.000783 -0.000657 69.0
0.000783 -0.000656 70.0
0.000783 -0.000656 71.0
0.000784 -0.000655 72.0
0.000784 -0.000654 73.0
0.000784 -0.000654 74.0
0.000784 -0.000653 75.0
0.000784 -0.000652 76.0
0.000784 -0.000652 77.0
0.000784 -0.000651 78.0
0.000785 -0.000651 79.0
0.000785 -0.000650 80.0
0.000785 -0.000649 81.0
0.000785 -0.000649 82.0
0.000785 -0.000648 83.0
0.000785 -0.000648 84.0
0.000785 -0.000647 85.0
0.000785 -0.000646 86.0
0.000786 -0.000646 87.0
0.000786 -0.000645 88.0
0.000786 -0.000645 89.0
0.000786 -0.000644 90.0
0.000786 -0.000643 91.0
0.000786 -0.000643 92.0
0.000786 -0.000642 93.0
0.000787 -0.000642 94.0
0.000787 -0.000641 95.0
0.000787 -0.000640 96.0
0.000787 -0.000640 97.0
0.000787 -0.000639 98.0
0.000787 -0.000638 99.0
0.000787 -0.000638 100.0
0.000788 -0.000637 101.0
0.000788 -0.000637 102.0
0.000788 -0.000636 103.0
0.000788 -0.000635 104.0
0.000788 -0.000635 105.0
0.000788 -0.000634 106.0
0.000788 -0.000634 107.0
0.000788 -0.000633 108.0
0.000789 -0.000632 109.0
0.000789 -0.000632 110.0
0.000789 -0.000631 111.0
0.000789 -0.000631 112.0
0.000789 -0.000630 113.0
0.000789 -0.000629 114.0
0.000789 -0.000629 115.0
0.000790 -0.000628 116.0
0.000790 -0.000628 117.0
0.000790 -0.000627 118.0
0.000790 -0.000626 119.0
0.000790 -0.000626 120.0
0.000790 -0.000625 121.0
0.000792 -0.000626 122.0
0.000792 -0.000625 123.0
0.000792 -0.000624 124.0
0.000792 -0.000623 125.0
0.000792 -0.000623 126.0
0.000793 -0.000622 127.0
0.000793 -0.000621 128.0
0.000793 -0.000620 129.0
0.000793 -0.000619 130.0
0.000793 -0.000618 131.0
0.000793 -0.000618 132.0
0.000793 -0.000617 133.0
0.000793 -0.000616 134.0
0.000793 -0.000615 135.0
0.000793 -0.000614 136.0
0.000793 -0.000613 137.0
0.000793 -0.000613 138.0
0.000794 -0.000612 139.0
0.000794 -0.000611 140.0
0.000794 -0.000610 141.0
0.000794 -0.000609 142.0
0.000794 -0.000608 143.0
0.000794 -0.000608 144.0
0.000794 -0.000607 145.0
0.000794 -0.000606 146.0
0.000794 -0.000605 147.0
0.000794 -0.000604 148.0
0.000794 -0.000603 149.0
0.000795 -0.000603 150.0
0.000795 -0.000602 151.0
0.000795 -0.000601 152.0
0.000795 -0.000600 153.0
0.000795 -0.000599 154.0
0.000795 -0.000598 155.0
0.000795 -0.000598 156.0
0.000795 -0.000597 157.0
0.000795 -0.000596 158.0
0.000795 -0.000595 159.0
0.000795 -0.000594 160.0
0.000795 -0.000593 161.0
0.000796 -0.000593 162.0
0.000796 -0.000592 163.0
0.000796 -0.000591 164.0
0.000796 -0.000590 165.0
0.000796 -0.000589 166.0
0.000796 -0.000588 167.0
0.000796 -0.000588 168.0
0.000796 -0.000587 169.0
0.000796 -0.000586 170.0
0.000796 -0.000585 171.0
0.000796 -0.000584 172.0
0.000796 -0.000583 173.0
0.000797 -0.000583 174.0
0.000797 -0.000582 175.0
0.000797 -0.000581 176.0
0.000797 -0.000580 177.0
0.000797 -0.000579 178.0
0.000797 -0.000578 179.0
0.000797 -0.000578 180.0
0.000797 -0.000577 181.0
0.000798 -0.000577 182.0
0.000798 -0.000576 183.0
0.000799 -0.000575 184.0
0.000799 -0.000574 185.0
0.000799 -0.000574 186.0
0.000799 -0.000573 187.0
0.000799 -0.000572 188.0
0.000799 -0.000571 189.0
0.000799 -0.000570 190.0
0.000799 -0.000569 191.0
0.000799 -0.000569 192.0
0.000799 -0.000568 193.0
0.000799 -0.000567 194.0
0.000799 -0.000566 195.0
0.000800 -0.000565 196.0
0.000800 -0.000564 197.0
0.000800 -0.000563 198.0
0.000800 -0.000563 199.0
0.000800 -0.000562 200.0
0.000800 -0.000561 201.0
0.000800 -0.000560 202.0
0.000800 -0.000559 203.0
0.000800 -0.000558 204.0
0.000800 -0.000557 205.0
0.000800 -0.000557 206.0
0.000800 -0.000556 207.0
0.000801 -0.000555 208.0
0.000801 -0.000554 209.0
0.000801 -0.000553 210.0
0.000801 -0.000552 211.0
0.000801 -0.000551 212.0
0.000801 -0.000551 213.0
0.000801 -0.000550 214.0
0.000801 -0.000549 215.0
0.000801 -0.000548 216.0
0.000801 -0.000547 217.0
0.000801 -0.000546 218.0
0.000801 -0.000546 219.0
0.000801 -0.000545 220.0
0.000802 -0.000544 221.0
0.000802 -0.000543 222.0
0.000802 -0.000542 223.0
0.000802 -0.000541 224.0
0.000802 -0.000540 225.0
0.000802 -0.000540 226.0
0.000802 -0.000539 227.0
0.000802 -0.000538 228.0
0.000802 -0.000537 229.0
0.000802 -0.000536 230.0
0.000802 -0.000535 231.0
0.000802 -0.000534 232.0
0.000803 -0.000534 233.0
0.000803 -0.000533 234.0
0.000803 -0.000532 235.0
0.000803 -0.000531 236.0
0.000803 -0.000530 237.0
0.000803 -0.000529 238.0
0.000803 -0.000528 239.0
0.000803 -0.000528 240.0
0.000803 -0.000527 241.0
0.000804 -0.000527 242.0
0.000805 -0.000527 243.0
0.000805 -0.000527 244.0
0.000806 -0.000527 245.0
0.000806 -0.000527 246.0
0.000806 -0.000527 247.0
0.000807 -0.000527 248.0
0.000807 -0.000527 249.0
0.000808 -0.000527 250.0
0.000808 -0.000527 251.0
0.000808 -0.000527 252.0
0.000809 -0.000527 253.0
0.000809 -0.000527 254.0
0.000809 -0.000527 255.0
0.000810 -0.000527 256.0
0.000810 -0.000527 257.0
0.000811 -0.000527 258.0
0.000811 -0.000527 259.0
0.000811 -0.000527 260.0
0.000812 -0.000527 261.0
0.000812 -0.000527 262.0
0.000813 -0.000527 263.0
0.000813 -0.000527 264.0
0.000813 -0.000527 265.0
0.000814 -0.000527 266.0
0.000814 -0.000527 267.0
0.000815 -0.000527 268.0
0.000815 -0.000527 269.0
0.000815 -0.000527 270.0
0.000816 -0.000527 271.0
0.000816 -0.000527 272.0
0.000817 -0.000527 273.0
0.000817 -0.000527 274.0
0.000817 -0.000527 275.0
0.000818 -0.000527 276.0
0.000818 -0.000527 277.0
0.000818 -0.000527 278.0
0.000819 -0.000527 279.0
0.000819 -0.000527 280.0
0.000820 -0.000527 281.0
0.000820 -0.000527 282.0
0.000820 -0.000527 283.0
0.000821 -0.000527 284.0
0.000821 -0.000527 285.0
0.000822 -0.000527 286.0
0.000822 -0.000527 287.0
0.000822 -0.000527 288.0
0.000823 -0.000527 289.0
0.000823 -0.000527 290.0
0.000824 -0.000527 291.0
0.000824 -0.000527 292.0
0.000824 -0.000527 293.0
0.000825 -0.000527 294.0
0.000825 -0.000527 295.0
0.000826 -0.000527 296.0
0.000826 -0.000527 297.0
0.000826 -0.000527 298.0
0.000827 -0.000527 299.0
0.000827 -0.000527 300.0
0.000827 -0.000527 301.0
0.000827 -0.000527 302.0
0.000827 -0.000527 303.0
0.000827 -0.000527 304.0
0.000827 -0.000527 305.0
0.000827 -0.000527 306.0
0.000827 -0.000527 307.0
0.000827 -0.000527 308.0
0.000827 -0.000527 309.0
0.000827 -0.000527 310.0
0.000827 -0.000527 311.0
0.000827 -0.000527 312.0
0.000827 -0.000527 313.0
0.000827 -0.000527 314.0
0.000827 -0.000527 315.0
0.000827 -0.000526 316.0
0.000827 -0.000526 317.0
0.000827 -0.000526 318.0
0.000827 -0.000526 319.0
0.000827 -0.000526 320.0
0.000827 -0.000526 321.0
0.000827 -0.000526 322.0
0.000827 -0.000526 323.0
0.000827 -0.000526 324.0
0.000827 -0.000526 325.0
0.000827 -0.000526 326.0
0.000827 -0.000526 327.0
0.000827 -0.000526 328.0
0.000827 -0.000526 329.0
0.000827 -0.000526 330.0
0.000827 -0.000526 331.0
0.000827 -0.000526 332.0
0.000827 -0.000525 333.0
0.000827 -0.000525 334.0
0.000827 -0.000525 335.0
0.000827 -0.000525 336.0
0.000827 -0.000525 337.0
0.000827 -0.000525 338.0
0.000827 -0.000525 339.0
0.000827 -0.000525 340.0
0.000827 -0.000525 341.0
0.000827 -0.000525 342.0
0.000827 -0.000525 343.0
0.000827 -0.000525 344.0
0.000827 -0.000525 345.0
0.000827 -0.000525 346.0
0.000827 -0.000525 347.0
0.000827 -0.000525 348.0
0.000827 -0.000524 349.0
0.000827 -0.000524 350.0
0.000827 -0.000524 351.0
0.000827 -0.000524 352.0
0.000827 -0.000524 353.0
0.000827 -0.000524 354.0
0.000827 -0.000524 355.0
0.000827 -0.000524 356.0
0.000827 -0.000524 357.0
0.000827 -0.000524 358.0
0.000827 -0.000524 359.0
0.000827 -0.000524 360.0
0.000827 -0.000524 361.0
0.000827 -0.000524 362.0
0.000827 -0.000524 363.0
0.000827 -0.000524 364.0
0.000827 -0.000523 365.0
0.000827 -0.000523 366.0
0.000827 -0.000523 367.0
0.000827 -0.000523 368.0
0.000827 -0.000523 369.0
0.000827 -0.000523 370.0
0.000827 -0.000523 371.0
0.000827 -0.000523 372.0
0.000827 -0.000523 373.0
0.000827 -0.000523 374.0
0.000827 -0.000523 375.0
0.000827 -0.000523 376.0
0.000827 -0.000523 377.0
0.000827 -0.000523 378.0
0.000827 -0.000523 379.0
0.000827 -0.000523 380.0
0.000827 -0.000523 381.0
0.000827 -0.000523 382.0
0.000827 -0.000523 383.0
0.000827 -0.000523 384.0
0.000827 -0.000523 385.0
0.000827 -0.000523 386.0
0.000827 -0.000523 387.0
0.000827 -0.000523 388.0
0.000827 -0.000523 389.0
0.000827 -0.000523 390.0
0.000827 -0.000523 391.0
0.000827 -0.000523 392.0
0.000827 -0.000523 393.0
0.000827 -0.000523 394.0
0.000827 -0.000523 395.0
0.000827 -0.000523 396.0
0.000827 -0.000523 397.0
0.000827 -0.000523 398.0
0.000827 -0.000523 399.0
0.000827 -0.000523 400.0
0.000827 -0.000523 401.0
0.000827 -0.000523 402.0
0.000827 -0.000523 403.0
0.000827 -0.000523 404.0
0.000827 -0.000523 405.0
0.000827 -0.000523 406.0
0.000827 -0.000523 407.0
0.000827 -0.000523 408.0
0.000827 -0.000523 409.0
0.000827 -0.000523 410.0
0.000827 -0.000523 411.0
0.000827 -0.000523 412.0
0.000827 -0.000523 413.0
0.000827 -0.000523 414.0
0.000827 -0.000523 415.0
0.000827 -0.000523 416.0
0.000827 -0.000523 417.0
0.000827 -0.000523 418.0
0.000827 -0.000523 419.0
0.000827 -0.000523 420.0
0.000827 -0.000523 421.0
0.000827 -0.000523 422.0
0.000827 -0.000523 423.0
0.000827 -0.000523 424.0
0.000827 -0.000523 425.0
0.000827 -0.000523 426.0
0.000827 -0.000523 427.0
0.000827 -0.000523 428.0
0.000827 -0.000523 429.0
0.000827 -0.000523 430.0
0.000827 -0.000523 431.0
0.000827 -0.000523 432.0
0.000827 -0.000523 433.0
0.000827 -0.000523 434.0
0.000827 -0.000523 435.0
0.000827 -0.000523 436.0
0.000827 -0.000523 437.0
0.000827 -0.000523 438.0
0.000827 -0.000523 439.0
0.000827 -0.000523 440.0
0.000827 -0.000523 441.0
0.000827 -0.000523 442.0
0.000827 -0.000523 443.0
0.000827 -0.000523 444.0
0.000827 -0.000523 445.0
0.000827 -0.000523 446.0
0.000827 -0.000523 447.0
0.000827 -0.000523 448.0
0.000827 -0.000523 449.0
0.000827 -0.000523 450.0
0.000827 -0.000523 451.0
0.000827 -0.000523 452.0
0.000827 -0.000523 453.0
0.000827 -0.000523 454.0
0.000827 -0.000523 455.0
0.000827 -0.000523 456.0
0.000827 -0.000523 457.0
0.000827 -0.000523 458.0
0.000827 -0.000523 459.0
0.000827 -0.000523 460.0
0.000827 -0.000523 461.0
0.000827 -0.000523 462.0
0.000827 -0.000523 463.0
0.000827 -0.000523 464.0
0.000827 -0.000523 465.0
0.000827 -0.000523 466.0
0.000827 -0.000523 467.0
0.000827 -0.000523 468.0
0.000827 -0.000523 469.0
0.000827 -0.000523 470.0
0.000827 -0.000523 471.0
0.000827 -0.000523 472.0
0.000827 -0.000523 473.0
0.000827 -0.000523 474.0
0.000827 -0.000523 475.0
0.000827 -0.000523 476.0
0.000827 -0.000523 477.0
0.000827 -0.000523 478.0
0.000827 -0.000523 479.0
0.000827 -0.000523 480.0
0.000827 -0.000523 481.0
0.000827 -0.000523 482.0
0.000827 -0.000523 483.0
0.000827 -0.000523 484.0
0.000827 -0.000523 485.0
0.000827 -0.000523 486.0
0.000827 -0.000523 487.0
0.000827 -0.000523 488.0
0.000827 -0.000523 489.0
0.000827 -0.000523 490.0
0.000827 -0.000523 491.0
0.000827 -0.000523 492.0
0.000827 -0.000523 493.0
0.000827 -0.000523 494.0
0.000827 -0.000523 495.0
0.000827 -0.000523 496.0
0.000827 -0.000523 497.0
0.000827 -0.000523 498.0
0.000827 -0.000523 499.0
0.000827 -0.000523 500.0
0.000827 -0.000523 501.0
0.000827 -0.000523 502.0
0.000827 -0.000523 503.0
0.000827 -0.000523 504.0
0.000827 -0.000523 505.0
0.000827 -0.000523 506.0
0.000827 -0.000523 507.0
0.000827 -0.000523 508.0
0.000827 -0.000523 509.0
0.000827 -0.000523 510.0
0.000827 -0.000523 511.0
0.000827 -0.000523 512.0
0.000827 -0.000523 513.0
0.000827 -0.000523 514.0
0.000827 -0.000523 515.0
0.000827 -0.000523 516.0
0.000827 -0.000523 517.0
0.000827 -0.000523 518.0
0.000827 -0.000523 519.0
0.000827 -0.000523 520.0
0.000827 -0.000523 521.0
0.000827 -0.000523 522.0
0.000827 -0.000523 523.0
0.000827 -0.000523 524.0
0.000827 -0.000522 525.0
0.000827 -0.000522 526.0
0.000827 -0.000522 527.0
0.000827 -0.000522 528.0
0.000827 -0.000522 529.0
0.000827 -0.000522 530.0
0.000827 -0.000522 531.0
0.000827 -0.000522 532.0
0.000827 -0.000522 533.0
0.000827 -0.000522 534.0
0.000827 -0.000522 535.0
0.000827 -0.000522 536.0
0.000827 -0.000522 537.0
0.000827 -0.000522 538.0
0.000827 -0.000522 539.0
0.000827 -0.000522 540.0
0.000827 -0.000522 541.0
0.000827 -0.000522 542.0
0.000827 -0.000522 543.0
0.000827 -0.000522 544.0
0.000827 -0.000522 545.0
0.000827 -0.000522 546.0
0.000827 -0.000522 547.0
0.000827 -0.000522 548.0
0.000827 -0.000522 549.0
0.000827 -0.000522 550.0
0.000827 -0.000522 551.0
0.000827 -0.000522 552.0
0.000827 -0.000522 553.0
0.000827 -0.000522 554.0
0.000827 -0.000522 555.0
0.000827 -0.000521 556.0
0.000827 -0.000521 557.0
0.000827 -0.000521 558.0
0.000827 -0.000521 559.0
0.000827 -0.000521 560.0
0.000827 -0.000521 561.0
0.000827 -0.000521 562.0
0.000827 -0.000521 563.0
0.000827 -0.000521 564.0
0.000827 -0.000521 565.0
0.000827 -0.000521 566.0
0.000827 -0.000521 567.0
0.000827 -0.000521 568.0
0.000827 -0.000522 569.0
0.000827 -0.000522 570.0
0.000827 -0.000523 571.0
0.000827 -0.000523 572.0
0.000827 -0.000523 573.0
0.000827 -0.000524 574.0
0.000827 -0.000524 575.0
0.000827 -0.000525 576.0
0.000827 -0.000525 577.0
0.000827 -0.000526 578.0
0.000827 -0.000526 579.0
0.000827 -0.000527 580.0
0.000827 -0.000527 581.0
0.000827 -0.000528 582.0
0.000827 -0.000528 583.0
0.000827 -0.000529 584.0
0.000827 -0.000529 585.0
0.000827 -0.000530 586.0
0.000826 -0.000530 587.0
0.000826 -0.000531 588.0
0.000826 -0.000531 589.0
0.000826 -0.000532 590.0
0.000826 -0.000532 591.0
0.000826 -0.000533 592.0
0.000826 -0.000533 593.0
0.000826 -0.000533 594.0
0.000826 -0.000534 595.0
0.000826 -0.000534 596.0
0.000826 -0.000535 597.0
0.000826 -0.000535 598.0
0.000826 -0.000536 599.0
0.000826 -0.000536 600.0
0.000826 -0.000537 601.0
0.000826 -0.000537 602.0
0.000826 -0.000538 603.0
0.000826 -0.000538 604.0
0.000826 -0.000539 605.0
0.000826 -0.000539 606.0
0.000826 -0.000540 607.0
0.000826 -0.000540 608.0
0.000826 -0.000541 609.0
0.000826 -0.000541 610.0
0.000826 -0.000542 611.0
0.000826 -0.000542 612.0
0.000825 -0.000542 613.0
0.000825 -0.000543 614.0
0.000825 -0.000543 615.0
0.000825 -0.000544 616.0
0.000825 -0.000544 617.0
0.000825 -0.000545 618.0
0.000825 -0.000545 619.0
0.000825 -0.000546 620.0
0.000825 -0.000546 621.0
0.000825 -0.000547 622.0
0.000825 -0.000547 623.0
0.000825 -0.000547 624.0
0.000824 -0.000548 625.0
0.000824 -0.000549 626.0
0.000824 -0.000549 627.0
0.000824 -0.000550 628.0
0.000824 -0.000551 629.0
0.000824 -0.000552 630.0
0.000824 -0.000552 631.0
0.000824 -0.000553 632.0
0.000824 -0.000554 633.0
0.000824 -0.000554 634.0
0.000824 -0.000555 635.0
0.000824 -0.000556 636.0
0.000824 -0.000556 637.0
0.000824 -0.000557 638.0
0.000824 -0.000558 639.0
0.000823 -0.000558 640.0
0.000823 -0.000559 641.0
0.000823 -0.000560 642.0
0.000823 -0.000561 643.0
0.000823 -0.000561 644.0
0.000823 -0.000562 645.0
0.000823 -0.000563 646.0
0.000823 -0.000563 647.0
0.000823 -0.000564 648.0
0.000823 -0.000565 649.0
0.000823 -0.000565 650.0
0.000823 -0.000566 651.0
0.000823 -0.000567 652.0
0.000823 -0.000567 653.0
0.000823 -0.000568 654.0
0.000822 -0.000569 655.0
0.000822 -0.000570 656.0
0.000822 -0.000570 657.0
0.000822 -0.000571 658.0
0.000822 -0.000572 659.0
0.000822 -0.000572 660.0
0.000822 -0.000573 661.0
0.000822 -0.000574 662.0
0.000822 -0.000574 663.0
0.000822 -0.000575 664.0
0.000822 -0.000576 665.0
0.000822 -0.000576 666.0
0.000822 -0.000577 667.0
0.000822 -0.000578 668.0
0.000821 -0.000579 669.0
0.000821 -0.000579 670.0
0.000821 -0.000580 671.0
0.000821 -0.000581 672.0
0.000821 -0.000581 673.0
0.000821 -0.000582 674.0
0.000821 -0.000583 675.0
0.000821 -0.000583 676.0
0.000821 -0.000584 677.0
0.000821 -0.000585 678.0
0.000821 -0.000585 679.0
0.000821 -0.000586 680.0
0.000821 -0.000587 681.0
0.000821 -0.000588 682.0
0.000821 -0.000588 683.0
0.000820 -0.000588 684.0
0.000819 -0.000588 685.0
0.000819 -0.000588 686.0
0.000818 -0.000588 687.0
0.000818 -0.000588 688.0
0.000817 -0.000588 689.0
0.000817 -0.000588 690.0
0.000816 -0.000588 691.0
0.000816 -0.000588 692.0
0.000815 -0.000588 693.0
0.000815 -0.000588 694.0
0.000814 -0.000588 695.0
0.000814 -0.000588 696.0
0.000813 -0.000587 697.0
0.000813 -0.000587 698.0
0.000812 -0.000587 699.0
0.000812 -0.000587 700.0
0.000811 -0.000587 701.0
0.000811 -0.000587 702.0
0.000811 -0.000587 703.0
0.000810 -0.000587 704.0
0.000810 -0.000587 705.0
0.000809 -0.000587 706.0
0.000809 -0.000587 707.0
0.000808 -0.000587 708.0
0.000808 -0.000587 709.0
0.000807 -0.000587 710.0
0.000807 -0.000587 711.0
0.000806 -0.000587 712.0
0.000806 -0.000587 713.0
0.000805 -0.000587 714.0
0.000805 -0.000587 715.0
0.000804 -0.000587 716.0
0.000804 -0.000587 717.0
0.000803 -0.000587 718.0
0.000803 -0.000587 719.0
0.000802 -0.000587 720.0
0.000802 -0.000586 721.0
0.000802 -0.000586 722.0
0.000801 -0.000586 723.0
0.000801 -0.000586 724.0
0.000800 -0.000586 725.0
0.000800 -0.000586 726.0
0.000799 -0.000586 727.0
0.000799 -0.000586 728.0
0.000798 -0.000586 729.0
0.000798 -0.000586 730.0
0.000797 -0.000586 731.0
0.000797 -0.000586 732.0
0.000796 -0.000586 733.0
0.000796 -0.000586 734.0
0.000795 -0.000586 735.0
0.000795 -0.000586 736.0
0.000794 -0.000586 737.0
0.000794 -0.000586 738.0
0.000793 -0.000586 739.0
0.000793 -0.000586 740.0
0.000793 -0.000586 741.0
0.000792 -0.000586 742.0
0.000792 -0.000586 743.0
0.000792 -0.000586 744.0
0.000791 -0.000586 745.0
0.000790 -0.000586 746.0
0.000790 -0.000586 747.0
0.000789 -0.000585 748.0
0.000789 -0.000585 749.0
0.000788 -0.000585 750.0
0.000787 -0.000585 751.0
0.000787 -0.000585 752.0
0.000786 -0.000585 753.0
0.000786 -0.000584 754.0
0.000785 -0.000584 755.0
0.000785 -0.000584 756.0
0.000784 -0.000584 757.0
0.000783 -0.000584 758.0
0.000783 -0.000584 759.0
0.000782 -0.000583 760.0
0.000782 -0.000583 761.0
0.000781 -0.000583 762.0
0.000780 -0.000583 763.0
0.000780 -0.000583 764.0
0.000779 -0.000583 765.0
0.000779 -0.000582 766.0
0.000778 -0.000582 767.0
0.000777 -0.000582 768.0
0.000777 -0.000582 769.0
0.000776 -0.000582 770.0
0.000776 -0.000582 771.0
0.000775 -0.000581 772.0
0.000775 -0.000581 773.0
0.000774 -0.000581 774.0
0.000773 -0.000581 775.0
0.000773 -0.000581 776.0
0.000772 -0.000581 777.0
0.000772 -0.000580 778.0
0.000771 -0.000580 779.0
0.000770 -0.000580 780.0
0.000770 -0.000580 781.0
0.000769 -0.000580 782.0
0.000769 -0.000580 783.0
0.000768 -0.000579 784.0
0.000767 -0.000579 785.0
0.000767 -0.000579 786.0
0.000766 -0.000579 787.0
0.000766 -0.000579 788.0
0.000765 -0.000579 789.0
0.000765 -0.000578 790.0
0.000764 -0.000578 791.0
0.000763 -0.000578 792.0
0.000763 -0.000578 793.0
0.000762 -0.000578 794.0
0.000762 -0.000578 795.0
0.000761 -0.000577 796.0
0.000760 -0.000577 797.0
0.000760 -0.000577 798.0
0.000759 -0.000577 799.0
0.000759 -0.000577 800.0
0.000758 -0.000577 801.0
0.000758 -0.000576 802.0
0.000757 -0.000576 803.0
0.000756 -0.000576 804.0
0.000756 -0.000576 805.0
0.000755 -0.000576 806.0
0.000755 -0.000576 807.0
0.000754 -0.000575 808.0
0.000753 -0.000575 809.0
0.000753 -0.000575 810.0
0.000752 -0.000575 811.0
0.000752 -0.000575 812.0
0.000751 -0.000577 813.0
0.000751 -0.000577 814.0
0.000750 -0.000577 815.0
0.000750 -0.000577 816.0
0.000749 -0.000576 817.0
0.000749 -0.000576 818.0
0.000749 -0.000576 819.0
0.000748 -0.000576 820.0
0.000748 -0.000576 821.0
0.000747 -0.000576 822.0
0.000747 -0.000576 823.0
0.000746 -0.000576 824.0
0.000746 -0.000576 825.0
0.000745 -0.000575 826.0
0.000745 -0.000575 827.0
0.000744 -0.000575 828.0
0.000744 -0.000575 829.0
0.000744 -0.000575 830.0
0.000743 -0.000575 831.0
0.000743 -0.000575 832.0
0.000742 -0.000575 833.0
0.000742 -0.000575 834.0
0.000741 -0.000574 835.0
0.000741 -0.000574 836.0
0.000740 -0.000574 837.0
0.000740 -0.000574 838.0
0.000740 -0.000574 839.0
0.000739 -0.000574 840.0
0.000739 -0.000574 841.0
0.000738 -0.000574 842.0
0.000738 -0.000573 843.0
0.000737 -0.000573 844.0
0.000737 -0.000573 845.0
0.000736 -0.000573 846.0
0.000736 -0.000573 847.0
0.000735 -0.000573 848.0
0.000735 -0.000573 849.0
0.000735 -0.000573 850.0
0.000734 -0.000573 851.0
0.000734 -0.000572 852.0
0.000733 -0.000572 853.0
0.000733 -0.000572 854.0
0.000732 -0.000572 855.0
0.000732 -0.000572 856.0
0.000731 -0.000572 857.0
0.000731 -0.000572 858.0
0.000730 -0.000572 859.0
0.000730 -0.000571 860.0
0.000730 -0.000571 861.0
0.000729 -0.000571 862.0
0.000729 -0.000571 863.0
0.000728 -0.000571 864.0
0.000728 -0.000572 865.0
0.000728 -0.000572 866.0
0.000727 -0.000572 867.0
0.000727 -0.000572 868.0
0.000727 -0.000572 869.0
0.000727 -0.000572 870.0
0.000726 -0.000572 871.0
0.000726 -0.000572 872.0
0.000726 -0.000571 873.0
0.000726 -0.000571 874.0
0.000725 -0.000571 875.0
0.000725 -0.000571 876.0
0.000725 -0.000571 877.0
0.000725 -0.000571 878.0
0.000724 -0.000571 879.0
0.000724 -0.000571 880.0
0.000724 -0.000571 881.0
0.000724 -0.000571 882.0
0.000723 -0.000571 883.0
0.000723 -0.000571 884.0
0.000723 -0.000570 885.0
0.000723 -0.000570 886.0
0.000722 -0.000570 887.0
0.000722 -0.000570 888.0
0.000722 -0.000570 889.0
0.000721 -0.000570 890.0
0.000721 -0.000570 891.0
0.000721 -0.000570 892.0
0.000721 -0.000570 893.0
0.000720 -0.000570 894.0
0.000720 -0.000570 895.0
0.000720 -0.000570 896.0
0.000720 -0.000569 897.0
0.000719 -0.000569 898.0
0.000719 -0.000569 899.0
0.000719 -0.000569 900.0
0.000719 -0.000569 901.0
0.000718 -0.000569 902.0
0.000718 -0.000569 903.0
0.000718 -0.000569 904.0
0.000718 -0.000569 905.0
0.000717 -0.000569 906.0
0.000717 -0.000569 907.0
0.000717 -0.000568 908.0
0.000717 -0.000568 909.0
0.000716 -0.000568 910.0
0.000716 -0.000568 911.0
0.000716 -0.000568 912.0
0.000715 -0.000568 913.0
0.000715 -0.000568 914.0
0.000715 -0.000568 915.0
0.000715 -0.000568 916.0
0.000714 -0.000568 917.0
0.000714 -0.000568 918.0
0.000714 -0.000568 919.0
0.000714 -0.000567 920.0
0.000713 -0.000567 921.0
0.000713 -0.000567 922.0
0.000713 -0.000567 923.0
0.000713 -0.000567 924.0
0.000712 -0.000568 925.0
0.000712 -0.000568 926.0
0.000711 -0.000568 927.0
0.000711 -0.000568 928.0
0.000711 -0.000568 929.0
0.000710 -0.000568 930.0
0.000710 -0.000568 931.0
0.000709 -0.000567 932.0
0.000709 -0.000567 933.0
0.000708 -0.000567 934.0
0.000708 -0.000567 935.0
0.000707 -0.000567 936.0
0.000707 -0.000567 937.0
0.000706 -0.000567 938.0
0.000706 -0.000567 939.0
0.000705 -0.000567 940.0
0.000705 -0.000567 941.0
0.000704 -0.000567 942.0
0.000704 -0.000567 943.0
0.000703 -0.000566 944.0
0.000703 -0.000566 945.0
0.000702 -0.000566 946.0
0.000702 -0.000566 947.0
0.000701 -0.000566 948.0
0.000701 -0.000566 949.0
0.000701 -0.000566 950.0
0.000700 -0.000566 951.0
0.000700 -0.000566 952.0
0.000699 -0.000566 953.0
0.000699 -0.000566 954.0
0.000698 -0.000566 955.0
0.000698 -0.000565 956.0
0.000697 -0.000565 957.0
0.000697 -0.000565 958.0
0.000696 -0.000565 959.0
0.000696 -0.000565 960.0
0.000695 -0.000565 961.0
0.000695 -0.000565 962.0
0.000694 -0.000565 963.0
0.000694 -0.000565 964.0
0.000693 -0.000565 965.0
0.000693 -0.000565 966.0
0.000692 -0.000564 967.0
0.000692 -0.000564 968.0
0.000692 -0.000564 969.0
0.000691 -0.000564 970.0
0.000691 -0.000564 971.0
0.000690 -0.000564 972.0
0.000690 -0.000564 973.0
0.000690 -0.000565 974.0
0.000689 -0.000564 975.0
0.000688 -0.000564 976.0
0.000688 -0.000563 977.0
0.000687 -0.000563 978.0
0.000687 -0.000562 979.0
0.000686 -0.000562 980.0
0.000686 -0.000562 981.0
0.000685 -0.000561 982.0
0.000685 -0.000561 983.0
0.000684 -0.000560 984.0
0.000684 -0.000560 985.0
0.000683 -0.000559 986.0
0.000683 -0.000559 987.0
0.000682 -0.000558 988.0
0.000682 -0.000558 989.0
0.000681 -0.000557 990.0
0.000681 -0.000557 991.0
0.000680 -0.000556 992.0
0.000680 -0.000556 993.0
0.000679 -0.000555 994.0
0.000678 -0.000555 995.0
0.000678 -0.000555 996.0
0.000677 -0.000554 997.0
0.000677 -0.000554 998.0
0.000676 -0.000553 999.0
0.000676 -0.000553 1000.0
0.000675 -0.000552 1001.0
0.000675 -0.000552 1002.0
0.000674 -0.000551 1003.0
0.000674 -0.000551 1004.0
0.000673 -0.000550 1005.0
0.000673 -0.000550 1006.0
0.000672 -0.000549 1007.0
0.000672 -0.000549 1008.0
0.000671 -0.000548 1009.0
0.000671 -0.000548 1010.0
0.000670 -0.000548 1011.0
0.000669 -0.000547 1012.0
0.000669 -0.000547 1013.0
0.000668 -0.000546 1014.0
0.000668 -0.000546 1015.0
0.000667 -0.000545 1016.0
0.000667 -0.000545 1017.0
0.000666 -0.000544 1018.0
0.000666 -0.000544 1019.0
0.000665 -0.000543 1020.0
0.000665 -0.000543 1021.0
0.000664 -0.000542 1022.0
0.000664 -0.000542 1023.0
0.000663 -0.000541 1024.0
0.000663 -0.000541 1025.0
0.000662 -0.000541 1026.0
0.000662 -0.000540 1027.0
0.000661 -0.000540 1028.0
0.000661 -0.000539 1029.0
0.000660 -0.000539 1030.0
0.000659 -0.000538 1031.0
0.000659 -0.000538 1032.0
0.000658 -0.000537 1033.0
0.000658 -0.000537 1034.0
0.000656 -0.000541 1035.0
0.000655 -0.000540 1036.0
0.000655 -0.000540 1037.0
0.000655 -0.000539 1038.0
0.000655 -0.000539 1039.0
0.000654 -0.000538 1040.0
0.000654 -0.000538 1041.0
0.000654 -0.000537 1042.0
0.000653 -0.000537 1043.0
0.000653 -0.000536 1044.0
0.000653 -0.000535 1045.0
0.000652 -0.000535 1046.0
0.000652 -0.000534 1047.0
0.000652 -0.000534 1048.0
0.000652 -0.000533 1049.0
0.000651 -0.000533 1050.0
0.000651 -0.000532 1051.0
0.000651 -0.000532 1052.0
0.000650 -0.000531 1053.0
0.000650 -0.000531 1054.0
0.000650 -0.000530 1055.0
0.000649 -0.000529 1056.0
0.000649 -0.000529 1057.0
0.000649 -0.000528 1058.0
0.000648 -0.000528 1059.0
0.000648 -0.000527 1060.0
0.000648 -0.000527 1061.0
0.000648 -0.000526 1062.0
0.000647 -0.000526 1063.0
0.000647 -0.000525 1064.0
0.000647 -0.000524 1065.0
0.000646 -0.000524 1066.0
0.000646 -0.000523 1067.0
0.000646 -0.000523 1068.0
0.000645 -0.000522 1069.0
0.000645 -0.000522 1070.0
0.000645 -0.000521 1071.0
0.000645 -0.000521 1072.0
0.000644 -0.000520 1073.0
0.000644 -0.000520 1074.0
0.000644 -0.000519 1075.0
0.000643 -0.000518 1076.0
0.000643 -0.000518 1077.0
0.000643 -0.000517 1078.0
0.000642 -0.000517 1079.0
0.000642 -0.000516 1080.0
0.000642 -0.000516 1081.0
0.000642 -0.000515 1082.0
0.000641 -0.000515 1083.0
0.000641 -0.000514 1084.0
0.000641 -0.000513 1085.0
0.000640 -0.000513 1086.0
0.000640 -0.000512 1087.0
0.000640 -0.000512 1088.0
0.000639 -0.000511 1089.0
0.000639 -0.000511 1090.0
0.000639 -0.000510 1091.0
0.000638 -0.000510 1092.0
0.000638 -0.000509 1093.0
0.000638 -0.000509 1094.0
0.000635 -0.000511 1095.0
0.000635 -0.000511 1096.0
0.000634 -0.000510 1097.0
0.000634 -0.000509 1098.0
0.000633 -0.000508 1099.0
0.000633 -0.000508 1100.0
0.000632 -0.000507 1101.0
0.000632 -0.000506 1102.0
0.000632 -0.000506 1103.0
0.000631 -0.000505 1104.0
0.000631 -0.000504 1105.0
0.000630 -0.000504 1106.0
0.000630 -0.000503 1107.0
0.000629 -0.000502 1108.0
0.000629 -0.000502 1109.0
0.000628 -0.000501 1110.0
0.000628 -0.000500 1111.0
0.000628 -0.000500 1112.0
0.000627 -0.000499 1113.0
0.000627 -0.000498 1114.0
0.000626 -0.000498 1115.0
0.000626 -0.000497 1116.0
0.000625 -0.000496 1117.0
0.000625 -0.000496 1118.0
0.000625 -0.000495 1119.0
0.000624 -0.000494 1120.0
0.000624 -0.000493 1121.0
0.000623 -0.000493 1122.0
0.000623 -0.000492 1123.0
0.000622 -0.000491 1124.0
0.000622 -0.000491 1125.0
0.000621 -0.000490 1126.0
0.000621 -0.000489 1127.0
0.000621 -0.000489 1128.0
0.000620 -0.000488 1129.0
0.000620 -0.000487 1130.0
0.000619 -0.000487 1131.0
0.000619 -0.000486 1132.0
0.000618 -0.000485 1133.0
0.000618 -0.000485 1134.0
0.000617 -0.000484 1135.0
0.000617 -0.000483 1136.0
0.000617 -0.000483 1137.0
0.000616 -0.000482 1138.0
0.000616 -0.000481 1139.0
0.000615 -0.000481 1140.0
0.000615 -0.000480 1141.0
0.000614 -0.000479 1142.0
0.000614 -0.000479 1143.0
0.000613 -0.000478 1144.0
0.000613 -0.000477 1145.0
0.000613 -0.000476 1146.0
0.000612 -0.000476 1147.0
0.000612 -0.000475 1148.0
0.000611 -0.000474 1149.0
0.000611 -0.000474 1150.0
0.000610 -0.000473 1151.0
0.000610 -0.000472 1152.0
0.000609 -0.000472 1153.0
0.000609 -0.000471 1154.0
0.000609 -0.000470 1155.0
0.000605 -0.000474 1156.0
0.000604 -0.000473 1157.0
0.000603 -0.000472 1158.0
0.000601 -0.000471 1159.0
0.000600 -0.000470 1160.0
0.000599 -0.000468 1161.0
0.000598 -0.000467 1162.0
0.000596 -0.000466 1163.0
0.000595 -0.000465 1164.0
0.000594 -0.000464 1165.0
0.000592 -0.000462 1166.0
0.000591 -0.000461 1167.0
0.000590 -0.000460 1168.0
0.000589 -0.000459 1169.0
0.000587 -0.000458 1170.0
0.000586 -0.000456 1171.0
0.000585 -0.000455 1172.0
0.000584 -0.000454 1173.0
0.000582 -0.000453 1174.0
0.000581 -0.000452 1175.0
0.000580 -0.000450 1176.0
0.000579 -0.000449 1177.0
0.000577 -0.000448 1178.0
0.000576 -0.000447 1179.0
0.000575 -0.000446 1180.0
0.000574 -0.000444 1181.0
0.000572 -0.000443 1182.0
0.000571 -0.000442 1183.0
0.000570 -0.000441 1184.0
0.000568 -0.000440 1185.0
0.000567 -0.000438 1186.0
0.000566 -0.000437 1187.0
0.000565 -0.000436 1188.0
0.000563 -0.000435 1189.0
0.000562 -0.000434 1190.0
0.000561 -0.000432 1191.0
0.000560 -0.000431 1192.0
0.000558 -0.000430 1193.0
0.000557 -0.000429 1194.0
0.000556 -0.000428 1195.0
0.000555 -0.000427 1196.0
0.000553 -0.000425 1197.0
0.000552 -0.000424 1198.0
0.000551 -0.000423 1199.0
0.000550 -0.000422 1200.0
0.000548 -0.000421 1201.0
0.000547 -0.000419 1202.0
0.000546 -0.000418 1203.0
0.000544 -0.000417 1204.0
0.000543 -0.000416 1205.0
0.000542 -0.000415 1206.0
0.000541 -0.000413 1207.0
0.000539 -0.000412 1208.0
0.000538 -0.000411 1209.0
0.000537 -0.000410 1210.0
0.000536 -0.000409 1211.0
0.000534 -0.000407 1212.0
0.000533 -0.000406 1213.0
0.000532 -0.000405 1214.0
0.000531 -0.000404 1215.0
0.000529 -0.000403 1216.0
0.000528 -0.000401 1217.0
0.000522 -0.000412 1218.0
0.000521 -0.000412 1219.0
0.000519 -0.000412 1220.0
0.000518 -0.000412 1221.0
0.000516 -0.000412 1222.0
0.000515 -0.000412 1223.0
0.000513 -0.000412 1224.0
0.000512 -0.000412 1225.0
0.000510 -0.000411 1226.0
0.000509 -0.000411 1227.0
0.000507 -0.000411 1228.0
0.000506 -0.000411 1229.0
0.000504 -0.000411 1230.0
0.000503 -0.000411 1231.0
0.000501 -0.000411 1232.0
0.000499 -0.000411 1233.0
0.000498 -0.000411 1234.0
0.000496 -0.000411 1235.0
0.000495 -0.000411 1236.0
0.000493 -0.000411 1237.0
0.000492 -0.000411 1238.0
0.000490 -0.000411 1239.0
0.000489 -0.000411 1240.0
0.000487 -0.000411 1241.0
0.000486 -0.000411 1242.0
0.000484 -0.000410 1243.0
0.000483 -0.000410 1244.0
0.000481 -0.000410 1245.0
0.000480 -0.000410 1246.0
0.000478 -0.000410 1247.0
0.000477 -0.000410 1248.0
0.000475 -0.000410 1249.0
0.000474 -0.000410 1250.0
0.000472 -0.000410 1251.0
0.000471 -0.000410 1252.0
0.000469 -0.000410 1253.0
0.000468 -0.000410 1254.0
0.000466 -0.000410 1255.0
0.000464 -0.000410 1256.0
0.000463 -0.000410 1257.0
0.000461 -0.000410 1258.0
0.000460 -0.000409 1259.0
0.000458 -0.000409 1260.0
0.000457 -0.000409 1261.0
0.000455 -0.000409 1262.0
0.000454 -0.000409 1263.0
0.000452 -0.000409 1264.0
0.000451 -0.000409 1265.0
0.000449 -0.000409 1266.0
0.000448 -0.000409 1267.0
0.000446 -0.000409 1268.0
0.000445 -0.000409 1269.0
0.000443 -0.000409 1270.0
0.000442 -0.000409 1271.0
0.000440 -0.000409 1272.0
0.000439 -0.000409 1273.0
0.000437 -0.000409 1274.0
0.000436 -0.000408 1275.0
0.000434 -0.000408 1276.0
0.000434 -0.000409 1277.0
0.000434 -0.000409 1278.0
0.000434 -0.000409 1279.0
0.000433 -0.000409 1280.0
0.000433 -0.000410 1281.0
0.000433 -0.000410 1282.0
0.000433 -0.000410 1283.0
0.000433 -0.000410 1284.0
0.000433 -0.000410 1285.0
0.000432 -0.000410 1286.0
0.000432 -0.000410 1287.0
0.000432 -0.000410 1288.0
0.000432 -0.000410 1289.0
0.000432 -0.000411 1290.0
0.000431 -0.000411 1291.0
0.000431 -0.000411 1292.0
0.000431 -0.000411 1293.0
0.000431 -0.000411 1294.0
0.000431 -0.000411 1295.0
0.000431 -0.000411 1296.0
0.000430 -0.000411 1297.0
0.000430 -0.000411 1298.0
0.000430 -0.000412 1299.0
0.000430 -0.000412 1300.0
0.000430 -0.000412 1301.0
0.000429 -0.000412 1302.0
0.000429 -0.000412 1303.0
0.000429 -0.000412 1304.0
0.000429 -0.000412 1305.0
0.000429 -0.000412 1306.0
0.000429 -0.000412 1307.0
0.000428 -0.000412 1308.0
0.000428 -0.000413 1309.0
0.000428 -0.000413 1310.0
0.000428 -0.000413 1311.0
0.000428 -0.000413 1312.0
0.000427 -0.000413 1313.0
0.000427 -0.000413 1314.0
0.000427 -0.000413 1315.0
0.000427 -0.000413 1316.0
0.000427 -0.000413 1317.0
0.000427 -0.000414 1318.0
0.000426 -0.000414 1319.0
0.000426 -0.000414 1320.0
0.000426 -0.000414 1321.0
0.000426 -0.000414 1322.0
0.000426 -0.000414 1323.0
0.000425 -0.000414 1324.0
0.000425 -0.000414 1325.0
0.000425 -0.000414 1326.0
0.000425 -0.000415 1327.0
0.000425 -0.000415 1328.0
0.000425 -0.000415 1329.0
0.000424 -0.000415 1330.0
0.000424 -0.000415 1331.0
0.000424 -0.000415 1332.0
0.000424 -0.000415 1333.0
0.000424 -0.000415 1334.0
0.000423 -0.000415 1335.0
0.000423 -0.000415 1336.0
0.000423 -0.000416 1337.0
0.000423 -0.000414 1338.0
0.000423 -0.000415 1339.0
0.000423 -0.000415 1340.0
0.000423 -0.000415 1341.0
0.000423 -0.000415 1342.0
0.000423 -0.000416 1343.0
0.000423 -0.000416 1344.0
0.000423 -0.000416 1345.0
0.000423 -0.000416 1346.0
0.000423 -0.000417 1347.0
0.000423 -0.000417 1348.0
0.000423 -0.000417 1349.0
0.000423 -0.000417 1350.0
0.000423 -0.000418 1351.0
0.000423 -0.000418 1352.0
0.000423 -0.000418 1353.0
0.000423 -0.000418 1354.0
0.000423 -0.000418 1355.0
0.000423 -0.000419 1356.0
0.000423 -0.000419 1357.0
0.000423 -0.000419 1358.0
0.000423 -0.000419 1359.0
0.000423 -0.000420 1360.0
0.000423 -0.000420 1361.0
0.000423 -0.000420 1362.0
0.000423 -0.000420 1363.0
0.000423 -0.000421 1364.0
0.000423 -0.000421 1365.0
0.000423 -0.000421 1366.0
0.000423 -0.000421 1367.0
0.000423 -0.000422 1368.0
0.000423 -0.000422 1369.0
0.000424 -0.000422 1370.0
0.000424 -0.000422 1371.0
0.000424 -0.000422 1372.0
0.000424 -0.000423 1373.0
0.000424 -0.000423 1374.0
0.000424 -0.000423 1375.0
0.000424 -0.000423 1376.0
0.000424 -0.000424 1377.0
0.000424 -0.000424 1378.0
0.000424 -0.000424 1379.0
0.000424 -0.000424 1380.0
0.000424 -0.000425 1381.0
0.000424 -0.000425 1382.0
0.000424 -0.000425 1383.0
0.000424 -0.000425 1384.0
0.000424 -0.000426 1385.0
0.000424 -0.000426 1386.0
0.000424 -0.000426 1387.0
0.000424 -0.000426 1388.0
0.000424 -0.000426 1389.0
0.000424 -0.000427 1390.0
0.000424 -0.000427 1391.0
0.000424 -0.000427 1392.0
0.000424 -0.000427 1393.0
0.000424 -0.000428 1394.0
0.000424 -0.000428 1395.0
0.000424 -0.000428 1396.0
0.000424 -0.000428 1397.0
0.000424 -0.000429 1398.0
0.000425 -0.000429 1399.0
0.000425 -0.000429 1400.0
0.000425 -0.000429 1401.0
0.000425 -0.000429 1402.0
0.000425 -0.000429 1403.0
0.000425 -0.000429 1404.0
0.000425 -0.000429 1405.0
0.000425 -0.000429 1406.0
0.000425 -0.000429 1407.0
0.000425 -0.000429 1408.0
0.000425 -0.000429 1409.0
0.000425 -0.000429 1410.0
0.000425 -0.000429 1411.0
0.000425 -0.000429 1412.0
0.000425 -0.000429 1413.0
0.000425 -0.000429 1414.0
0.000425 -0.000429 1415.0
0.000425 -0.000429 1416.0
0.000425 -0.000429 1417.0
0.000425 -0.000429 1418.0
0.000425 -0.000429 1419.0
0.000425 -0.000429 1420.0
0.000424 -0.000429 1421.0
0.000424 -0.000429 1422.0
0.000424 -0.000429 1423.0
0.000424 -0.000429 1424.0
0.000424 -0.000429 1425.0
0.000424 -0.000429 1426.0
0.000424 -0.000429 1427.0
0.000424 -0.000429 1428.0
0.000424 -0.000429 1429.0
0.000424 -0.000429 1430.0
0.000424 -0.000429 1431.0
0.000424 -0.000429 1432.0
0.000424 -0.000429 1433.0
0.000424 -0.000429 1434.0
0.000424 -0.000429 1435.0
0.000424 -0.000429 1436.0
0.000424 -0.000429 1437.0
0.000424 -0.000429 1438.0
0.000424 -0.000429 1439.0
0.000424 -0.000429 1440.0
0.000424 -0.000429 1441.0
0.000424 -0.000429 1442.0
0.000424 -0.000429 1443.0
0.000424 -0.000429 1444.0
0.000424 -0.000429 1445.0
0.000424 -0.000429 1446.0
0.000424 -0.000429 1447.0
0.000424 -0.000429 1448.0
0.000424 -0.000429 1449.0
0.000424 -0.000429 1450.0
0.000424 -0.000429 1451.0
0.000424 -0.000429 1452.0
0.000424 -0.000429 1453.0
0.000424 -0.000429 1454.0
0.000424 -0.000429 1455.0
0.000424 -0.000429 1456.0
0.000424 -0.000429 1457.0
0.000424 -0.000429 1458.0
0.000424 -0.000429 1459.0
0.000424 -0.000429 1460.0
0.000424 -0.000429 1461.0
0.000424 -0.000429 1462.0
0.000424 -0.000429 1463.0
0.000424 -0.000429 1464.0
0.000424 -0.000429 1465.0
0.000424 -0.000429 1466.0
0.000424 -0.000429 1467.0
0.000424 -0.000429 1468.0
0.000424 -0.000429 1469.0
0.000424 -0.000429 1470.0
0.000424 -0.000429 1471.0
0.000424 -0.000429 1472.0
0.000424 -0.000429 1473.0
0.000424 -0.000429 1474.0
0.000424 -0.000429 1475.0
0.000424 -0.000429 1476.0
0.000424 -0.000429 1477.0
0.000424 -0.000429 1478.0
0.000424 -0.000429 1479.0
0.000424 -0.000429 1480.0
0.000424 -0.000429 1481.0
0.000424 -0.000429 1482.0
0.000424 -0.000429 1483.0
0.000424 -0.000429 1484.0
0.000424 -0.000429 1485.0
0.000425 -0.000429 1486.0
0.000425 -0.000429 1487.0
0.000425 -0.000429 1488.0
0.000425 -0.000429 1489.0
0.000425 -0.000429 1490.0
0.000425 -0.000429 1491.0
0.000425 -0.000429 1492.0
0.000425 -0.000429 1493.0
0.000425 -0.000429 1494.0
0.000425 -0.000429 1495.0
0.000425 -0.000429 1496.0
0.000425 -0.000429 1497.0
0.000425 -0.000429 1498.0
0.000425 -0.000429 1499.0
0.000425 -0.000429 1500.0
0.000425 -0.000429 1501.0
0.000425 -0.000429 1502.0
0.000424 -0.000429 1503.0
0.000424 -0.000429 1504.0
0.000424 -0.000429 1505.0
0.000424 -0.000429 1506.0
0.000424 -0.000429 1507.0
0.000424 -0.000429 1508.0
0.000424 -0.000429 1509.0
0.000424 -0.000429 1510.0
0.000424 -0.000429 1511.0
0.000424 -0.000429 1512.0
0.000424 -0.000429 1513.0
0.000424 -0.000429 1514.0
0.000424 -0.000429 1515.0
0.000424 -0.000429 1516.0
0.000424 -0.000429 1517.0
0.000424 -0.000429 1518.0
0.000424 -0.000429 1519.0
0.000424 -0.000429 1520.0
0.000424 -0.000429 1521.0
0.000424 -0.000429 1522.0
0.000424 -0.000429 1523.0
0.000424 -0.000429 1524.0
0.000424 -0.000429 1525.0
0.000424 -0.000429 1526.0
0.000424 -0.000429 1527.0
0.000424 -0.000428 1528.0
0.000424 -0.000428 1529.0
0.000424 -0.000428 1530.0
0.000424 -0.000428 1531.0
0.000424 -0.000428 1532.0
0.000424 -0.000428 1533.0
0.000424 -0.000428 1534.0
0.000424 -0.000428 1535.0
0.000424 -0.000428 1536.0
0.000424 -0.000428 1537.0
0.000424 -0.000428 1538.0
0.000424 -0.000428 1539.0
0.000424 -0.000428 1540.0
0.000424 -0.000428 1541.0
0.000424 -0.000428 1542.0
0.000424 -0.000428 1543.0
0.000424 -0.000428 1544.0
0.000424 -0.000428 1545.0
0.000423 -0.000428 1546.0
0.000423 -0.000428 1547.0
0.000423 -0.000428 1548.0
0.000423 -0.000428 1549.0
0.000423 -0.000428 1550.0
0.000423 -0.000428 1551.0
0.000423 -0.000428 1552.0
0.000423 -0.000428 1553.0
0.000423 -0.000428 1554.0
0.000423 -0.000428 1555.0
0.000423 -0.000428 1556.0
0.000423 -0.000428 1557.0
0.000423 -0.000428 1558.0
0.000423 -0.000428 1559.0
0.000423 -0.000428 1560.0
0.000423 -0.000428 1561.0
0.000423 -0.000428 1562.0
0.000423 -0.000428 1563.0
0.000423 -0.000428 1564.0
0.000423 -0.000428 1565.0
0.000423 -0.000428 1566.0
0.000423 -0.000428 1567.0
0.000423 -0.000428 1568.0
0.000423 -0.000428 1569.0
0.000423 -0.000428 1570.0
0.000423 -0.000428 1571.0
0.000423 -0.000428 1572.0
0.000423 -0.000428 1573.0
0.000423 -0.000428 1574.0
0.000423 -0.000428 1575.0
0.000423 -0.000428 1576.0
0.000423 -0.000428 1577.0
0.000423 -0.000428 1578.0
0.000423 -0.000428 1579.0
0.000423 -0.000428 1580.0
0.000423 -0.000428 1581.0
0.000423 -0.000428 1582.0
0.000423 -0.000428 1583.0
0.000423 -0.000428 1584.0
0.000423 -0.000428 1585.0
0.000423 -0.000428 1586.0
0.000423 -0.000428 1587.0
0.000423 -0.000428 1588.0
0.000422 -0.000428 1589.0
0.000422 -0.000428 1590.0
0.000422 -0.000428 1591.0
0.000422 -0.000428 1592.0
0.000422 -0.000428 1593.0
0.000422 -0.000428 1594.0
0.000422 -0.000427 1595.0
0.000423 -0.000427 1596.0
0.000423 -0.000427 1597.0
0.000423 -0.000427 1598.0
0.000423 -0.000427 1599.0
0.000423 -0.000427 1600.0
0.000423 -0.000427 1601.0
0.000423 -0.000426 1602.0
0.000423 -0.000426 1603.0
0.000423 -0.000426 1604.0
0.000423 -0.000426 1605.0
0.000423 -0.000426 1606.0
0.000423 -0.000426 1607.0
0.000424 -0.000425 1608.0
0.000424 -0.000425 1609.0
0.000424 -0.000425 1610.0
0.000424 -0.000425 1611.0
0.000424 -0.000425 1612.0
0.000424 -0.000425 1613.0
0.000424 -0.000424 1614.0
0.000424 -0.000424 1615.0
0.000424 -0.000424 1616.0
0.000424 -0.000424 1617.0
0.000424 -0.000424 1618.0
0.000424 -0.000424 1619.0
0.000424 -0.000424 1620.0
0.000425 -0.000423 1621.0
0.000425 -0.000423 1622.0
0.000425 -0.000423 1623.0
0.000425 -0.000423 1624.0
0.000425 -0.000423 1625.0
0.000425 -0.000423 1626.0
0.000425 -0.000422 1627.0
0.000425 -0.000422 1628.0
0.000425 -0.000422 1629.0
0.000425 -0.000422 1630.0
0.000425 -0.000422 1631.0
0.000425 -0.000422 1632.0
0.000425 -0.000421 1633.0
0.000426 -0.000421 1634.0
0.000426 -0.000421 1635.0
0.000426 -0.000421 1636.0
0.000426 -0.000421 1637.0
0.000426 -0.000421 1638.0
0.000426 -0.000421 1639.0
0.000426 -0.000420 1640.0
0.000426 -0.000420 1641.0
0.000427 -0.000421 1642.0
0.000427 -0.000421 1643.0
0.000427 -0.000421 1644.0
0.000427 -0.000421 1645.0
0.000427 -0.000421 1646.0
0.000427 -0.000421 1647.0
0.000427 -0.000421 1648.0
0.000427 -0.000421 1649.0
0.000427 -0.000421 1650.0
0.000427 -0.000421 1651.0
0.000427 -0.000421 1652.0
0.000427 -0.000421 1653.0
0.000427 -0.000421 1654.0
0.000427 -0.000421 1655.0
0.000427 -0.000421 1656.0
0.000427 -0.000421 1657.0
0.000427 -0.000421 1658.0
0.000427 -0.000421 1659.0
0.000427 -0.000421 1660.0
0.000427 -0.000421 1661.0
0.000427 -0.000421 1662.0
0.000427 -0.000421 1663.0
0.000427 -0.000421 1664.0
0.000427 -0.000421 1665.0
0.000427 -0.000421 1666.0
0.000427 -0.000421 1667.0
0.000427 -0.000421 1668.0
0.000427 -0.000421 1669.0
0.000427 -0.000421 1670.0
0.000427 -0.000421 1671.0
0.000427 -0.000421 1672.0
0.000427 -0.000421 1673.0
0.000427 -0.000421 1674.0
0.000427 -0.000421 1675.0
0.000427 -0.000421 1676.0
0.000427 -0.000421 1677.0
0.000427 -0.000421 1678.0
0.000427 -0.000421 1679.0
0.000427 -0.000421 1680.0
0.000427 -0.000421 1681.0
0.000427 -0.000421 1682.0
0.000427 -0.000421 1683.0
0.000427 -0.000421 1684.0
0.000427 -0.000421 1685.0
0.000427 -0.000421 1686.0
0.000427 -0.000421 1687.0
0.000427 -0.000421 1688.0
0.000427 -0.000421 1689.0
0.000427 -0.000421 1690.0
0.000427 -0.000421 1691.0
0.000427 -0.000421 1692.0
0.000427 -0.000421 1693.0
0.000427 -0.000421 1694.0
0.000427 -0.000421 1695.0
0.000427 -0.000421 1696.0
0.000427 -0.000421 1697.0
0.000427 -0.000421 1698.0
0.000427 -0.000421 1699.0
0.000427 -0.000421 1700.0
0.000427 -0.000421 1701.0
0.000427 -0.000421 1702.0
0.000427 -0.000421 1703.0
0.000427 -0.000421 1704.0
0.000427 -0.000421 1705.0
0.000427 -0.000421 1706.0
0.000427 -0.000421 1707.0
0.000427 -0.000421 1708.0
0.000427 -0.000421 1709.0
0.000427 -0.000421 1710.0
0.000427 -0.000421 1711.0
0.000427 -0.000421 1712.0
0.000427 -0.000421 1713.0
0.000427 -0.000421 1714.0
0.000427 -0.000421 1715.0
0.000427 -0.000421 1716.0
0.000427 -0.000421 1717.0
0.000427 -0.000421 1718.0
0.000427 -0.000421 1719.0
0.000427 -0.000421 1720.0
0.000427 -0.000421 1721.0
0.000427 -0.000421 1722.0
0.000427 -0.000421 1723.0
0.000427 -0.000421 1724.0
0.000427 -0.000421 1725.0
0.000427 -0.000421 1726.0
0.000427 -0.000421 1727.0
0.000427 -0.000421 1728.0
0.000427 -0.000421 1729.0
0.000427 -0.000421 1730.0
0.000427 -0.000421 1731.0
0.000427 -0.000421 1732.0
0.000427 -0.000421 1733.0
0.000427 -0.000421 1734.0
0.000427 -0.000421 1735.0
0.000427 -0.000421 1736.0
0.000427 -0.000421 1737.0
0.000427 -0.000421 1738.0
0.000427 -0.000421 1739.0
0.000427 -0.000421 1740.0
0.000427 -0.000421 1741.0
0.000427 -0.000421 1742.0
0.000427 -0.000421 1743.0
0.000427 -0.000421 1744.0
0.000427 -0.000421 1745.0
0.000427 -0.000421 1746.0
0.000427 -0.000421 1747.0
0.000427 -0.000421 1748.0
0.000427 -0.000421 1749.0
0.000427 -0.000421 1750.0
0.000427 -0.000421 1751.0
0.000427 -0.000421 1752.0
0.000427 -0.000421 1753.0
0.000427 -0.000421 1754.0
0.000427 -0.000421 1755.0
0.000427 -0.000421 1756.0
0.000427 -0.000421 1757.0
0.000427 -0.000421 1758.0
0.000427 -0.000421 1759.0
0.000427 -0.000421 1760.0
0.000427 -0.000421 1761.0
0.000427 -0.000421 1762.0
0.000427 -0.000421 1763.0
0.000427 -0.000421 1764.0
0.000427 -0.000421 1765.0
0.000427 -0.000421 1766.0
0.000427 -0.000421 1767.0
0.000427 -0.000421 1768.0
0.000427 -0.000421 1769.0
0.000427 -0.000421 1770.0
0.000427 -0.000421 1771.0
0.000427 -0.000421 1772.0
0.000427 -0.000421 1773.0
0.000427 -0.000421 1774.0
0.000427 -0.000421 1775.0
0.000427 -0.000421 1776.0
0.000427 -0.000421 1777.0
0.000427 -0.000421 1778.0
0.000427 -0.000421 1779.0
0.000427 -0.000421 1780.0
0.000427 -0.000421 1781.0
0.000427 -0.000421 1782.0
0.000427 -0.000421 1783.0
0.000427 -0.000421 1784.0
0.000427 -0.000421 1785.0
0.000427 -0.000421 1786.0
0.000427 -0.000421 1787.0
0.000427 -0.000421 1788.0
0.000427 -0.000421 1789.0
0.000427 -0.000421 1790.0
0.000427 -0.000421 1791.0
0.000427 -0.000421 1792.0
0.000427 -0.000421 1793.0
0.000427 -0.000421 1794.0
0.000427 -0.000421 1795.0
0.000427 -0.000421 1796.0
0.000427 -0.000421 1797.0
0.000427 -0.000421 1798.0
0.000427 -0.000421 1799.0
0.000427 -0.000421 1800.0
0.000427 -0.000421 1801.0
0.000427 -0.000421 1802.0
0.000427 -0.000421 1803.0
0.000427 -0.000421 1804.0
0.000427 -0.000421 1805.0
0.000427 -0.000421 1806.0
0.000427 -0.000421 1807.0
0.000427 -0.000421 1808.0
0.000427 -0.000421 1809.0
0.000427 -0.000421 1810.0
0.000427 -0.000421 1811.0
0.000427 -0.000421 1812.0
0.000427 -0.000421 1813.0
0.000427 -0.000421 1814.0
0.000427 -0.000421 1815.0
0.000427 -0.000421 1816.0
0.000427 -0.000421 1817.0
0.000427 -0.000421 1818.0
0.000427 -0.000421 1819.0
0.000427 -0.000421 1820.0
0.000427 -0.000421 1821.0
0.000427 -0.000421 1822.0
0.000427 -0.000421 1823.0
0.000427 -0.000421 1824.0
0.000427 -0.000421 1825.0
0.000427 -0.000421 1826.0
0.000427 -0.000421 1827.0
0.000427 -0.000421 1828.0
0.000427 -0.000421 1829.0
0.000427 -0.000421 1830.0
0.000427 -0.000421 1831.0
0.000427 -0.000421 1832.0
0.000427 -0.000421 1833.0
0.000427 -0.000421 1834.0
0.000427 -0.000421 1835.0
0.000427 -0.000421 1836.0
0.000427 -0.000421 1837.0
0.000427 -0.000421 1838.0
0.000427 -0.000421 1839.0
0.000427 -0.000421 1840.0
0.000427 -0.000421 1841.0
0.000427 -0.000421 1842.0
0.000427 -0.000421 1843.0
0.000427 -0.000421 1844.0
0.000427 -0.000421 1845.0
0.000427 -0.000421 1846.0
0.000427 -0.000421 1847.0
0.000427 -0.000421 1848.0
0.000427 -0.000421 1849.0
0.000427 -0.000421 1850.0
0.000427 -0.000421 1851.0
0.000427 -0.000421 1852.0
0.000427 -0.000421 1853.0
0.000427 -0.000421 1854.0
0.000427 -0.000421 1855.0
0.000427 -0.000421 1856.0
0.000427 -0.000421 1857.0
0.000427 -0.000421 1858.0
0.000427 -0.000421 1859.0
0.000427 -0.000421 1860.0
0.000427 -0.000421 1861.0
0.000427 -0.000421 1862.0
0.000427 -0.000421 1863.0
0.000427 -0.000421 1864.0
0.000427 -0.000421 1865.0
0.000427 -0.000421 1866.0
0.000427 -0.000421 1867.0
0.000427 -0.000421 1868.0
0.000427 -0.000421 1869.0
0.000427 -0.000421 1870.0
0.000427 -0.000421 1871.0
0.000427 -0.000421 1872.0
0.000427 -0.000421 1873.0
0.000427 -0.000421 1874.0
0.000427 -0.000421 1875.0
0.000427 -0.000421 1876.0
0.000427 -0.000421 1877.0
0.000427 -0.000421 1878.0
0.000427 -0.000421 1879.0
0.000427 -0.000421 1880.0
0.000427 -0.000421 1881.0
0.000427 -0.000421 1882.0
0.000427 -0.000421 1883.0
0.000427 -0.000421 1884.0
0.000427 -0.000421 1885.0
0.000427 -0.000421 1886.0
0.000427 -0.000421 1887.0
0.000427 -0.000421 1888.0
0.000427 -0.000421 1889.0
0.000427 -0.000421 1890.0
0.000427 -0.000421 1891.0
0.000427 -0.000421 1892.0
0.000427 -0.000421 1893.0
0.000427 -0.000421 1894.0
0.000427 -0.000421 1895.0
0.000427 -0.000421 1896.0
0.000427 -0.000421 1897.0
0.000427 -0.000421 1898.0
0.000427 -0.000421 1899.0
0.000427 -0.000421 1900.0
0.000427 -0.000421 1901.0
0.000427 -0.000421 1902.0
0.000427 -0.000421 1903.0
0.000427 -0.000421 1904.0
0.000427 -0.000421 1905.0
0.000427 -0.000421 1906.0
0.000427 -0.000421 1907.0
0.000427 -0.000421 1908.0
0.000427 -0.000421 1909.0
0.000427 -0.000421 1910.0
0.000427 -0.000421 1911.0
0.000427 -0.000421 1912.0
0.000427 -0.000421 1913.0
0.000427 -0.000421 1914.0
0.000427 -0.000421 1915.0
0.000427 -0.000421 1916.0
0.000427 -0.000421 1917.0
0.000427 -0.000421 1918.0
0.000427 -0.000421 1919.0
0.000427 -0.000421 1920.0
0.000427 -0.000421 1921.0
0.000427 -0.000421 1922.0
0.000427 -0.000421 1923.0
0.000427 -0.000421 1924.0
0.000427 -0.000421 1925.0
0.000427 -0.000421 1926.0
0.000427 -0.000421 1927.0
0.000427 -0.000421 1928.0
0.000427 -0.000421 1929.0
0.000427 -0.000421 1930.0
0.000427 -0.000421 1931.0
0.000427 -0.000421 1932.0
0.000427 -0.000421 1933.0
0.000427 -0.000421 1934.0
0.000427 -0.000421 1935.0
0.000427 -0.000421 1936.0
0.000427 -0.000421 1937.0
0.000427 -0.000421 1938.0
0.000427 -0.000421 1939.0
0.000427 -0.000421 1940.0
0.000427 -0.000421 1941.0
0.000427 -0.000421 1942.0
0.000427 -0.000421 1943.0
0.000427 -0.000421 1944.0
0.000427 -0.000421 1945.0
0.000427 -0.000421 1946.0
0.000427 -0.000421 1947.0
0.000427 -0.000421 1948.0
0.000427 -0.000421 1949.0
0.000427 -0.000421 1950.0
0.000427 -0.000421 1951.0
0.000427 -0.000421 1952.0
0.000427 -0.000421 1953.0
0.000427 -0.000421 1954.0
0.000427 -0.000421 1955.0
0.000427 -0.000421 1956.0
0.000427 -0.000421 1957.0
0.000427 -0.000421 1958.0
0.000427 -0.000421 1959.0
0.000427 -0.000421 1960.0
0.000427 -0.000421 1961.0
0.000427 -0.000421 1962.0
0.000427 -0.000421 1963.0
0.000427 -0.000421 1964.0
0.000427 -0.000421 1965.0
0.000427 -0.000421 1966.0
0.000427 -0.000421 1967.0
0.000427 -0.000421 1968.0
0.000427 -0.000421 1969.0
0.000427 -0.000421 1970.0
0.000427 -0.000421 1971.0
0.000427 -0.000421 1972.0
0.000427 -0.000421 1973.0
0.000427 -0.000421 1974.0
0.000427 -0.000421 1975.0
0.000427 -0.000421 1976.0
0.000427 -0.000421 1977.0
0.000427 -0.000421 1978.0
0.000427 -0.000421 1979.0
0.000427 -0.000421 1980.0
0.000427 -0.000421 1981.0
0.000427 -0.000421 1982.0
0.000427 -0.000421 1983.0
0.000427 -0.000421 1984.0
0.000427 -0.000421 1985.0
0.000427 -0.000421 1986.0
0.000427 -0.000421 1987.0
0.000427 -0.000421 1988.0
0.000427 -0.000421 1989.0
0.000427 -0.000421 1990.0
0.000427 -0.000421 1991.0
0.000427 -0.000421 1992.0
0.000427 -0.000421 1993.0
0.000427 -0.000421 1994.0
0.000427 -0.000421 1995.0
0.000427 -0.000421 1996.0
0.000427 -0.000421 1997.0
0.000427 -0.000421 1998.0
0.000427 -0.000421 1999.0
0.000427 -0.000421 2000.0
0.000427 -0.000421 2001.0
0.000427 -0.000421 2002.0
0.000427 -0.000421 2003.0
0.000427 -0.000421 2004.0
0.000427 -0.000421 2005.0
0.000427 -0.000421 2006.0
0.000427 -0.000421 2007.0
0.000427 -0.000421 2008.0
0.000427 -0.000421 2009.0
0.000427 -0.000421 2010.0
0.000427 -0.000421 2011.0
0.000427 -0.000421 2012.0
0.000427 -0.000421 2013.0
0.000427 -0.000421 2014.0
0.000427 -0.000421 2015.0
0.000427 -0.000421 2016.0
0.000427 -0.000421 2017.0
0.000427 -0.000421 2018.0
0.000427 -0.000421 2019.0
0.000427 -0.000421 2020.0
0.000427 -0.000421 2021.0
0.000427 -0.000421 2022.0
0.000427 -0.000421 2023.0
0.000427 -0.000421 2024.0
0.000427 -0.000421 2025.0
0.000427 -0.000421 2026.0
0.000427 -0.000421 2027.0
0.000427 -0.000421 2028.0
0.000427 -0.000421 2029.0
0.000427 -0.000421 2030.0
0.000427 -0.000421 2031.0
0.000427 -0.000421 2032.0
0.000427 -0.000421 2033.0
0.000427 -0.000421 2034.0
0.000427 -0.000421 2035.0
0.000427 -0.000421 2036.0
0.000427 -0.000421 2037.0
0.000427 -0.000421 2038.0
0.000427 -0.000421 2039.0
0.000427 -0.000421 2040.0
0.000427 -0.000421 2041.0
0.000427 -0.000421 2042.0
0.000427 -0.000421 2043.0
0.000427 -0.000421 2044.0
0.000427 -0.000421 2045.0
0.000427 -0.000421 2046.0
0.000427 -0.000421 2047.0
0.000427 -0.000421 2048.0
0.000427 -0.000421 2049.0
0.000427 -0.000421 2050.0
0.000427 -0.000421 2051.0
0.000427 -0.000421 2052.0
0.000427 -0.000421 2053.0
0.000427 -0.000421 2054.0
0.000427 -0.000421 2055.0
0.000427 -0.000421 2056.0
0.000427 -0.000421 2057.0
0.000427 -0.000421 2058.0
0.000427 -0.000421 2059.0
0.000427 -0.000421 2060.0
0.000427 -0.000421 2061.0
0.000427 -0.000421 2062.0
0.000427 -0.000421 2063.0
0.000427 -0.000421 2064.0
0.000427 -0.000421 2065.0
0.000427 -0.000421 2066.0
0.000427 -0.000421 2067.0
0.000427 -0.000421 2068.0
0.000427 -0.000421 2069.0
0.000427 -0.000421 2070.0
0.000427 -0.000421 2071.0
0.000427 -0.000421 2072.0
0.000427 -0.000421 2073.0
0.000427 -0.000421 2074.0
0.000427 -0.000421 2075.0
0.000427 -0.000421 2076.0
0.000427 -0.000421 2077.0
0.000427 -0.000421 2078.0
0.000427 -0.000421 2079.0
0.000427 -0.000421 2080.0
0.000427 -0.000421 2081.0
0.000427 -0.000421 2082.0
0.000427 -0.000421 2083.0
0.000427 -0.000421 2084.0
0.000427 -0.000421 2085.0
0.000427 -0.000421 2086.0
0.000427 -0.000421 2087.0
0.000427 -0.000421 2088.0
0.000427 -0.000421 2089.0
0.000427 -0.000421 2090.0
0.000427 -0.000421 2091.0
0.000427 -0.000421 2092.0
0.000427 -0.000421 2093.0
0.000427 -0.000421 2094.0
0.000427 -0.000421 2095.0
0.000427 -0.000421 2096.0
0.000427 -0.000421 2097.0
0.000427 -0.000421 2098.0
0.000427 -0.000421 2099.0
0.000427 -0.000421 2100.0
0.000427 -0.000421 2101.0
0.000427 -0.000421 2102.0
0.000427 -0.000421 2103.0
0.000427 -0.000421 2104.0
0.000427 -0.000421 2105.0
0.000427 -0.000421 2106.0
0.000427 -0.000421 2107.0
0.000427 -0.000421 2108.0
0.000427 -0.000421 2109.0
0.000427 -0.000421 2110.0
0.000427 -0.000421 2111.0
0.000427 -0.000421 2112.0
0.000427 -0.000421 2113.0
0.000427 -0.000421 2114.0
0.000427 -0.000421 2115.0
0.000427 -0.000421 2116.0
0.000427 -0.000421 2117.0
0.000427 -0.000421 2118.0
0.000427 -0.000421 2119.0
0.000427 -0.000421 2120.0
0.000427 -0.000421 2121.0
0.000427 -0.000421 2122.0
0.000427 -0.000421 2123.0
0.000427 -0.000421 2124.0
0.000427 -0.000421 2125.0
0.000427 -0.000421 2126.0
0.000427 -0.000421 2127.0
0.000427 -0.000421 2128.0
0.000427 -0.000421 2129.0
0.000427 -0.000421 2130.0
0.000427 -0.000421 2131.0
0.000427 -0.000421 2132.0
0.000427 -0.000421 2133.0
0.000427 -0.000421 2134.0
0.000427 -0.000421 2135.0
0.000427 -0.000421 2136.0
0.000427 -0.000421 2137.0
0.000427 -0.000421 2138.0
0.000427 -0.000421 2139.0
0.000427 -0.000421 2140.0
0.000427 -0.000421 2141.0
0.000427 -0.000421 2142.0
0.000427 -0.000421 2143.0
0.000427 -0.000421 2144.0
0.000427 -0.000421 2145.0
0.000427 -0.000421 2146.0
0.000427 -0.000421 2147.0
0.000427 -0.000421 2148.0
0.000427 -0.000421 2149.0
0.000427 -0.000421 2150.0
0.000427 -0.000421 2151.0
0.000427 -0.000421 2152.0
0.000427 -0.000421 2153.0
0.000427 -0.000421 2154.0
0.000427 -0.000421 2155.0
0.000427 -0.000421 2156.0
0.000427 -0.000421 2157.0
0.000427 -0.000421 2158.0
0.000427 -0.000421 2159.0
0.000427 -0.000421 2160.0
0.000427 -0.000421 2161.0
0.000427 -0.000421 2162.0
0.000427 -0.000421 2163.0
0.000427 -0.000421 2164.0
0.000427 -0.000421 2165.0
0.000427 -0.000421 2166.0
0.000427 -0.000421 2167.0
0.000427 -0.000421 2168.0
0.000427 -0.000421 2169.0
0.000427 -0.000421 2170.0
0.000427 -0.000421 2171.0
0.000427 -0.000421 2172.0
0.000427 -0.000421 2173.0
0.000427 -0.000421 2174.0
0.000427 -0.000421 2175.0
0.000427 -0.000421 2176.0
0.000427 -0.000421 2177.0
0.000427 -0.000421 2178.0
0.000427 -0.000421 2179.0
0.000427 -0.000421 2180.0
0.000427 -0.000421 2181.0
0.000427 -0.000421 2182.0
0.000427 -0.000421 2183.0
0.000427 -0.000421 2184.0
0.000427 -0.000421 2185.0
0.000427 -0.000421 2186.0
0.000427 -0.000421 2187.0
0.000427 -0.000421 2188.0
0.000427 -0.000421 2189.0
0.000427 -0.000421 2190.0
0.000427 -0.000421 2191.0
0.000427 -0.000421 2192.0
0.000427 -0.000421 2193.0
0.000427 -0.000421 2194.0
0.000427 -0.000421 2195.0
0.000427 -0.000421 2196.0
0.000427 -0.000421 2197.0
0.000427 -0.000421 2198.0
0.000427 -0.000421 2199.0
0.000427 -0.000421 2200.0
0.000427 -0.000421 2201.0
0.000427 -0.000421 2202.0
0.000427 -0.000421 2203.0
0.000427 -0.000421 2204.0
0.000427 -0.000421 2205.0
0.000427 -0.000421 2206.0
0.000427 -0.000421 2207.0
0.000427 -0.000421 2208.0
0.000427 -0.000421 2209.0
0.000427 -0.000421 2210.0
0.000427 -0.000421 2211.0
0.000427 -0.000421 2212.0
0.000427 -0.000421 2213.0
0.000427 -0.000421 2214.0
0.000427 -0.000421 2215.0
0.000427 -0.000421 2216.0
0.000427 -0.000421 2217.0
0.000427 -0.000421 2218.0
0.000427 -0.000421 2219.0
0.000427 -0.000421 2220.0
0.000427 -0.000421 2221.0
0.000427 -0.000421 2222.0
0.000427 -0.000421 2223.0
0.000427 -0.000421 2224.0
0.000427 -0.000421 2225.0
0.000427 -0.000421 2226.0
0.000427 -0.000421 2227.0
0.000427 -0.000421 2228.0
0.000427 -0.000421 2229.0
0.000427 -0.000421 2230.0
0.000427 -0.000421 2231.0
0.000427 -0.000421 2232.0
0.000427 -0.000421 2233.0
0.000427 -0.000421 2234.0
0.000427 -0.000421 2235.0
0.000427 -0.000421 2236.0
0.000427 -0.000421 2237.0
0.000427 -0.000421 2238.0
0.000427 -0.000421 2239.0
0.000427 -0.000421 2240.0
0.000427 -0.000421 2241.0
0.000427 -0.000421 2242.0
0.000427 -0.000421 2243.0
0.000427 -0.000421 2244.0
0.000427 -0.000421 2245.0
0.000427 -0.000421 2246.0
0.000427 -0.000421 2247.0
0.000427 -0.000421 2248.0
0.000427 -0.000421 2249.0
0.000427 -0.000421 2250.0
0.000427 -0.000421 2251.0
0.000427 -0.000421 2252.0
0.000427 -0.000421 2253.0
0.000427 -0.000421 2254.0
0.000427 -0.000421 2255.0
0.000427 -0.000421 2256.0
0.000427 -0.000421 2257.0
