0.000595 -0.000958 51.0
0.000595 -0.000957 52.0
0.000595 -0.000955 53.0
0.000595 -0.000954 54.0
0.000595 -0.000953 55.0
0.000596 -0.000952 56.0
0.000596 -0.000951 57.0
0.000596 -0.000950 58.0
0.000596 -0.000949 59.0
0.000596 -0.000948 60.0
0.000596 -0.000947 61.0
0.000596 -0.000946 62.0
0.000596 -0.000945 63.0
0.000596 -0.000944 64.0
0.000597 -0.000943 65.0
0.000597 -0.000941 66.0
0.000597 -0.000940 67.0
0.000597 -0.000939 68.0
0.000597 -0.000938 69.0
0.000597 -0.000937 70.0
0.000597 -0.000936 71.0
0.000597 -0.000935 72.0
0.000597 -0.000934 73.0
0.000597 -0.000933 74.0
0.000598 -0.000932 75.0
0.000598 -0.000931 76.0
0.000598 -0.000930 77.0
0.000598 -0.000928 78.0
0.000598 -0.000927 79.0
0.000598 -0.000926 80.0
0.000598 -0.000925 81.0
0.000598 -0.000924 82.0
0.000598 -0.000923 83.0
0.000599 -0.000922 84.0
0.000599 -0.000921 85.0
0.000599 -0.000920 86.0
0.000599 -0.000919 87.0
0.000599 -0.000918 88.0
0.000599 -0.000917 89.0
0.000599 -0.000916 90.0
0.000599 -0.000914 91.0
0.000599 -0.000913 92.0
0.000600 -0.000914 93.0
0.000600 -0.000913 94.0
0.000600 -0.000913 95.0
0.000600 -0.000912 96.0
0.000600 -0.000911 97.0
0.000600 -0.000911 98.0
0.000600 -0.000910 99.0
0.000600 -0.000910 100.0
0.000599 -0.000909 101.0
0.000599 -0.000909 102.0
0.000599 -0.000908 103.0
0.000599 -0.000908 104.0
0.000599 -0.000907 105.0
0.000599 -0.000907 106.0
0.000599 -0.000906 107.0
0.000599 -0.000906 108.0
0.000598 -0.000905 109.0
0.000598 -0.000905 110.0
0.000598 -0.000904 111.0
0.000598 -0.000904 112.0
0.000598 -0.000903 113.0
0.000598 -0.000903 114.0
0.000598 -0.000902 115.0
0.000598 -0.000902 116.0
0.000597 -0.000901 117.0
0.000597 -0.000901 118.0
0.000597 -0.000900 119.0
0.000597 -0.000899 120.0
0.000597 -0.000899 121.0
0.000597 -0.000898 122.0
0.000597 -0.000898 123.0
0.000597 -0.000897 124.0
0.000596 -0.000897 125.0
0.000596 -0.000896 126.0
0.000596 -0.000896 127.0
0.000596 -0.000895 128.0
0.000596 -0.000895 129.0
0.000596 -0.000894 130.0
0.000596 -0.000894 131.0
0.000595 -0.000893 132.0
0.000595 -0.000893 133.0
0.000595 -0.000892 134.0
0.000595 -0.000892 135.0
0.000595 -0.000891 136.0
0.000595 -0.000891 137.0
0.000595 -0.000890 138.0
0.000595 -0.000890 139.0
0.000594 -0.000889 140.0
0.000594 -0.000888 141.0
0.000594 -0.000888 142.0
0.000594 -0.000887 143.0
0.000594 -0.000887 144.0
0.000594 -0.000886 145.0
0.000594 -0.000886 146.0
0.000594 -0.000885 147.0
0.000593 -0.000885 148.0
0.000593 -0.000884 149.0
0.000593 -0.000884 150.0
0.000593 -0.000883 151.0
0.000593 -0.000883 152.0
0.000591 -0.000883 153.0
0.000591 -0.000883 154.0
0.000590 -0.000883 155.0
0.000590 -0.000883 156.0
0.000589 -0.000883 157.0
0.000589 -0.000883 158.0
0.000588 -0.000883 159.0
0.000587 -0.000883 160.0
0.000587 -0.000882 161.0
0.000586 -0.000882 162.0
0.000586 -0.000882 163.0
0.000585 -0.000882 164.0
0.000585 -0.000882 165.0
0.000584 -0.000882 166.0
0.000584 -0.000882 167.0
0.000583 -0.000881 168.0
0.000583 -0.000881 169.0
0.000582 -0.000881 170.0
0.000582 -0.000881 171.0
0.000581 -0.000881 172.0
0.000580 -0.000881 173.0
0.000580 -0.000881 174.0
0.000579 -0.000881 175.0
0.000579 -0.000880 176.0
0.000578 -0.000880 177.0
0.000578 -0.000880 178.0
0.000577 -0.000880 179.0
0.000577 -0.000880 180.0
0.000576 -0.000880 181.0
0.000576 -0.000880 182.0
0.000575 -0.000879 183.0
0.000575 -0.000879 184.0
0.000574 -0.000879 185.0
0.000573 -0.000879 186.0
0.000573 -0.000879 187.0
0.000572 -0.000879 188.0
0.000572 -0.000879 189.0
0.000571 -0.000879 190.0
0.000571 -0.000878 191.0
0.000570 -0.000878 192.0
0.000570 -0.000878 193.0
0.000569 -0.000878 194.0
0.000569 -0.000878 195.0
0.000568 -0.000878 196.0
0.000568 -0.000878 197.0
0.000567 -0.000877 198.0
0.000566 -0.000877 199.0
0.000566 -0.000877 200.0
0.000565 -0.000877 201.0
0.000565 -0.000877 202.0
0.000564 -0.000877 203.0
0.000564 -0.000877 204.0
0.000563 -0.000877 205.0
0.000563 -0.000876 206.0
0.000562 -0.000876 207.0
0.000562 -0.000876 208.0
0.000561 -0.000876 209.0
0.000561 -0.000876 210.0
0.000560 -0.000876 211.0
0.000559 -0.000876 212.0
0.000559 -0.000877 213.0
0.000559 -0.000877 214.0
0.000559 -0.000877 215.0
0.000559 -0.000877 216.0
0.000558 -0.000877 217.0
0.000558 -0.000877 218.0
0.000558 -0.000877 219.0
0.000558 -0.000877 220.0
0.000558 -0.000877 221.0
0.000558 -0.000877 222.0
0.000557 -0.000877 223.0
0.000557 -0.000877 224.0
0.000557 -0.000876 225.0
0.000557 -0.000876 226.0
0.000557 -0.000876 227.0
0.000556 -0.000876 228.0
0.000556 -0.000876 229.0
0.000556 -0.000876 230.0
0.000556 -0.000876 231.0
0.000556 -0.000876 232.0
0.000556 -0.000876 233.0
0.000555 -0.000876 234.0
0.000555 -0.000876 235.0
0.000555 -0.000876 236.0
0.000555 -0.000876 237.0
0.000555 -0.000876 238.0
0.000555 -0.000876 239.0
0.000554 -0.000875 240.0
0.000554 -0.000875 241.0
0.000554 -0.000875 242.0
0.000554 -0.000874 243.0
0.000554 -0.000874 244.0
0.000554 -0.000874 245.0
0.000553 -0.000873 246.0
0.000553 -0.000873 247.0
0.000553 -0.000873 248.0
0.000553 -0.000872 249.0
0.000553 -0.000872 250.0
0.000553 -0.000872 251.0
0.000553 -0.000871 252.0
0.000552 -0.000871 253.0
0.000552 -0.000871 254.0
0.000552 -0.000870 255.0
0.000552 -0.000870 256.0
0.000552 -0.000870 257.0
0.000552 -0.000869 258.0
0.000551 -0.000869 259.0
0.000551 -0.000869 260.0
0.000551 -0.000868 261.0
0.000551 -0.000868 262.0
0.000551 -0.000868 263.0
0.000551 -0.000867 264.0
0.000550 -0.000867 265.0
0.000550 -0.000867 266.0
0.000550 -0.000866 267.0
0.000550 -0.000866 268.0
0.000550 -0.000866 269.0
0.000550 -0.000866 270.0
0.000549 -0.000865 271.0
0.000549 -0.000865 272.0
0.000549 -0.000865 273.0
0.000549 -0.000864 274.0
0.000549 -0.000864 275.0
0.000549 -0.000864 276.0
0.000548 -0.000863 277.0
0.000548 -0.000863 278.0
0.000548 -0.000863 279.0
0.000548 -0.000862 280.0
0.000548 -0.000862 281.0
0.000548 -0.000862 282.0
0.000547 -0.000861 283.0
0.000547 -0.000861 284.0
0.000547 -0.000861 285.0
0.000547 -0.000860 286.0
0.000547 -0.000860 287.0
0.000547 -0.000860 288.0
0.000547 -0.000859 289.0
0.000546 -0.000859 290.0
0.000546 -0.000859 291.0
0.000546 -0.000858 292.0
0.000546 -0.000858 293.0
0.000546 -0.000858 294.0
0.000546 -0.000857 295.0
0.000545 -0.000857 296.0
0.000545 -0.000857 297.0
0.000545 -0.000857 298.0
0.000545 -0.000856 299.0
0.000545 -0.000856 300.0
0.000545 -0.000856 301.0
0.000544 -0.000855 302.0
0.000544 -0.000855 303.0
0.000544 -0.000855 304.0
0.000544 -0.000854 305.0
0.000544 -0.000854 306.0
0.000544 -0.000854 307.0
0.000543 -0.000853 308.0
0.000542 -0.000855 309.0
0.000541 -0.000855 310.0
0.000541 -0.000855 311.0
0.000541 -0.000854 312.0
0.000540 -0.000854 313.0
0.000540 -0.000854 314.0
0.000540 -0.000854 315.0
0.000540 -0.000854 316.0
0.000539 -0.000854 317.0
0.000539 -0.000854 318.0
0.000539 -0.000853 319.0
0.000538 -0.000853 320.0
0.000538 -0.000853 321.0
0.000538 -0.000853 322.0
0.000538 -0.000853 323.0
0.000537 -0.000853 324.0
0.000537 -0.000852 325.0
0.000537 -0.000852 326.0
0.000537 -0.000852 327.0
0.000536 -0.000852 328.0
0.000536 -0.000852 329.0
0.000536 -0.000852 330.0
0.000535 -0.000852 331.0
0.000535 -0.000851 332.0
0.000535 -0.000851 333.0
0.000535 -0.000851 334.0
0.000534 -0.000851 335.0
0.000534 -0.000851 336.0
0.000534 -0.000851 337.0
0.000533 -0.000850 338.0
0.000533 -0.000850 339.0
0.000533 -0.000850 340.0
0.000533 -0.000850 341.0
0.000532 -0.000850 342.0
0.000532 -0.000850 343.0
0.000532 -0.000850 344.0
0.000532 -0.000849 345.0
0.000531 -0.000849 346.0
0.000531 -0.000849 347.0
0.000531 -0.000849 348.0
0.000530 -0.000849 349.0
0.000530 -0.000849 350.0
0.000530 -0.000848 351.0
0.000530 -0.000848 352.0
0.000529 -0.000848 353.0
0.000529 -0.000848 354.0
0.000529 -0.000848 355.0
0.000528 -0.000848 356.0
0.000528 -0.000849 357.0
0.000528 -0.000849 358.0
0.000527 -0.000849 359.0
0.000527 -0.000848 360.0
0.000526 -0.000848 361.0
0.000526 -0.000848 362.0
0.000525 -0.000848 363.0
0.000525 -0.000848 364.0
0.000524 -0.000848 365.0
0.000524 -0.000848 366.0
0.000523 -0.000847 367.0
0.000523 -0.000847 368.0
0.000522 -0.000847 369.0
0.000522 -0.000847 370.0
0.000521 -0.000847 371.0
0.000521 -0.000847 372.0
0.000520 -0.000846 373.0
0.000520 -0.000846 374.0
0.000519 -0.000846 375.0
0.000519 -0.000846 376.0
0.000518 -0.000846 377.0
0.000518 -0.000846 378.0
0.000517 -0.000845 379.0
0.000517 -0.000845 380.0
0.000516 -0.000845 381.0
0.000516 -0.000845 382.0
0.000515 -0.000845 383.0
0.000515 -0.000845 384.0
0.000514 -0.000844 385.0
0.000514 -0.000844 386.0
0.000513 -0.000844 387.0
0.000513 -0.000844 388.0
0.000512 -0.000844 389.0
0.000512 -0.000844 390.0
0.000511 -0.000845 391.0
0.000510 -0.000845 392.0
0.000509 -0.000844 393.0
0.000509 -0.000844 394.0
0.000508 -0.000844 395.0
0.000507 -0.000844 396.0
0.000507 -0.000844 397.0
0.000507 -0.000843 398.0
0.000507 -0.000843 399.0
0.000507 -0.000842 400.0
0.000506 -0.000841 401.0
0.000506 -0.000840 402.0
0.000506 -0.000840 403.0
0.000506 -0.000839 404.0
0.000506 -0.000838 405.0
0.000506 -0.000838 406.0
0.000506 -0.000837 407.0
0.000506 -0.000836 408.0
0.000506 -0.000835 409.0
0.000506 -0.000835 410.0
0.000506 -0.000834 411.0
0.000506 -0.000833 412.0
0.000506 -0.000833 413.0
0.000506 -0.000832 414.0
0.000506 -0.000831 415.0
0.000506 -0.000830 416.0
0.000506 -0.000830 417.0
0.000506 -0.000829 418.0
0.000506 -0.000828 419.0
0.000506 -0.000828 420.0
0.000506 -0.000827 421.0
0.000506 -0.000826 422.0
0.000506 -0.000825 423.0
0.000506 -0.000825 424.0
0.000506 -0.000824 425.0
0.000506 -0.000823 426.0
0.000506 -0.000823 427.0
0.000506 -0.000822 428.0
0.000506 -0.000821 429.0
0.000506 -0.000821 430.0
0.000506 -0.000820 431.0
0.000506 -0.000819 432.0
0.000506 -0.000818 433.0
0.000506 -0.000818 434.0
0.000505 -0.000817 435.0
0.000505 -0.000816 436.0
0.000505 -0.000816 437.0
0.000505 -0.000815 438.0
0.000505 -0.000814 439.0
0.000505 -0.000813 440.0
0.000505 -0.000813 441.0
0.000505 -0.000812 442.0
0.000505 -0.000811 443.0
0.000505 -0.000811 444.0
0.000505 -0.000810 445.0
0.000505 -0.000809 446.0
0.000505 -0.000808 447.0
0.000505 -0.000808 448.0
0.000505 -0.000807 449.0
0.000505 -0.000806 450.0
0.000505 -0.000806 451.0
0.000505 -0.000805 452.0
0.000505 -0.000804 453.0
0.000505 -0.000804 454.0
0.000504 -0.000803 455.0
0.000504 -0.000803 456.0
0.000504 -0.000802 457.0
0.000504 -0.000801 458.0
0.000504 -0.000801 459.0
0.000504 -0.000800 460.0
0.000504 -0.000799 461.0
0.000504 -0.000798 462.0
0.000504 -0.000798 463.0
0.000504 -0.000797 464.0
0.000504 -0.000796 465.0
0.000504 -0.000795 466.0
0.000504 -0.000795 467.0
0.000504 -0.000794 468.0
0.000504 -0.000793 469.0
0.000504 -0.000793 470.0
0.000504 -0.000792 471.0
0.000504 -0.000791 472.0
0.000504 -0.000790 473.0
0.000504 -0.000790 474.0
0.000504 -0.000789 475.0
0.000504 -0.000788 476.0
0.000504 -0.000787 477.0
0.000504 -0.000787 478.0
0.000504 -0.000786 479.0
0.000504 -0.000785 480.0
0.000504 -0.000785 481.0
0.000504 -0.000784 482.0
0.000504 -0.000783 483.0
0.000504 -0.000782 484.0
0.000504 -0.000782 485.0
0.000504 -0.000781 486.0
0.000504 -0.000780 487.0
0.000504 -0.000779 488.0
0.000504 -0.000779 489.0
0.000504 -0.000778 490.0
0.000504 -0.000777 491.0
0.000504 -0.000777 492.0
0.000504 -0.000776 493.0
0.000504 -0.000775 494.0
0.000504 -0.000774 495.0
0.000504 -0.000774 496.0
0.000504 -0.000773 497.0
0.000504 -0.000772 498.0
0.000504 -0.000771 499.0
0.000504 -0.000771 500.0
0.000504 -0.000770 501.0
0.000504 -0.000769 502.0
0.000504 -0.000769 503.0
0.000504 -0.000768 504.0
0.000504 -0.000767 505.0
0.000504 -0.000766 506.0
0.000504 -0.000766 507.0
0.000504 -0.000765 508.0
0.000504 -0.000764 509.0
0.000504 -0.000763 510.0
0.000504 -0.000763 511.0
0.000504 -0.000762 512.0
0.000504 -0.000761 513.0
0.000504 -0.000761 514.0
0.000504 -0.000761 515.0
0.000504 -0.000760 516.0
0.000504 -0.000760 517.0
0.000504 -0.000760 518.0
0.000504 -0.000760 519.0
0.000504 -0.000760 520.0
0.000504 -0.000760 521.0
0.000504 -0.000760 522.0
0.000504 -0.000760 523.0
0.000504 -0.000759 524.0
0.000504 -0.000759 525.0
0.000504 -0.000759 526.0
0.000504 -0.000759 527.0
0.000504 -0.000759 528.0
0.000504 -0.000759 529.0
0.000504 -0.000759 530.0
0.000504 -0.000759 531.0
0.000504 -0.000758 532.0
0.000504 -0.000758 533.0
0.000504 -0.000758 534.0
0.000504 -0.000758 535.0
0.000504 -0.000758 536.0
0.000504 -0.000758 537.0
0.000504 -0.000758 538.0
0.000504 -0.000758 539.0
0.000504 -0.000758 540.0
0.000504 -0.000757 541.0
0.000504 -0.000757 542.0
0.000504 -0.000757 543.0
0.000504 -0.000757 544.0
0.000504 -0.000757 545.0
0.000504 -0.000757 546.0
0.000504 -0.000757 547.0
0.000504 -0.000757 548.0
0.000504 -0.000756 549.0
0.000504 -0.000756 550.0
0.000504 -0.000756 551.0
0.000504 -0.000756 552.0
0.000504 -0.000756 553.0
0.000504 -0.000756 554.0
0.000504 -0.000756 555.0
0.000504 -0.000756 556.0
0.000504 -0.000755 557.0
0.000504 -0.000755 558.0
0.000504 -0.000755 559.0
0.000504 -0.000755 560.0
0.000504 -0.000755 561.0
0.000504 -0.000755 562.0
0.000504 -0.000755 563.0
0.000504 -0.000755 564.0
0.000504 -0.000754 565.0
0.000504 -0.000754 566.0
0.000504 -0.000754 567.0
0.000504 -0.000754 568.0
0.000504 -0.000754 569.0
0.000504 -0.000754 570.0
0.000504 -0.000754 571.0
0.000504 -0.000754 572.0
0.000504 -0.000753 573.0
0.000504 -0.000753 574.0
0.000504 -0.000753 575.0
0.000504 -0.000753 576.0
0.000504 -0.000753 577.0
0.000504 -0.000752 578.0
0.000504 -0.000752 579.0
0.000505 -0.000751 580.0
0.000505 -0.000751 581.0
0.000505 -0.000750 582.0
0.000505 -0.000750 583.0
0.000505 -0.000749 584.0
0.000506 -0.000749 585.0
0.000506 -0.000748 586.0
0.000506 -0.000748 587.0
0.000506 -0.000747 588.0
0.000506 -0.000747 589.0
0.000507 -0.000746 590.0
0.000507 -0.000746 591.0
0.000507 -0.000745 592.0
0.000507 -0.000744 593.0
0.000508 -0.000744 594.0
0.000508 -0.000743 595.0
0.000508 -0.000743 596.0
0.000508 -0.000742 597.0
0.000508 -0.000742 598.0
0.000509 -0.000741 599.0
0.000509 -0.000741 600.0
0.000509 -0.000740 601.0
0.000509 -0.000740 602.0
0.000509 -0.000739 603.0
0.000510 -0.000739 604.0
0.000510 -0.000738 605.0
0.000510 -0.000738 606.0
0.000510 -0.000737 607.0
0.000510 -0.000737 608.0
0.000511 -0.000736 609.0
0.000511 -0.000736 610.0
0.000511 -0.000735 611.0
0.000511 -0.000735 612.0
0.000512 -0.000734 613.0
0.000512 -0.000734 614.0
0.000512 -0.000733 615.0
0.000512 -0.000733 616.0
0.000512 -0.000732 617.0
0.000513 -0.000732 618.0
0.000513 -0.000731 619.0
0.000513 -0.000731 620.0
0.000513 -0.000730 621.0
0.000513 -0.000730 622.0
0.000514 -0.000729 623.0
0.000514 -0.000729 624.0
0.000514 -0.000728 625.0
0.000514 -0.000728 626.0
0.000515 -0.000727 627.0
0.000515 -0.000726 628.0
0.000515 -0.000726 629.0
0.000515 -0.000725 630.0
0.000515 -0.000725 631.0
0.000516 -0.000724 632.0
0.000516 -0.000724 633.0
0.000516 -0.000723 634.0
0.000516 -0.000723 635.0
0.000516 -0.000722 636.0
0.000517 -0.000722 637.0
0.000517 -0.000721 638.0
0.000517 -0.000721 639.0
0.000517 -0.000720 640.0
0.000517 -0.000720 641.0
0.000520 -0.000722 642.0
0.000520 -0.000721 643.0
0.000521 -0.000720 644.0
0.000521 -0.000720 645.0
0.000522 -0.000719 646.0
0.000522 -0.000719 647.0
0.000522 -0.000718 648.0
0.000523 -0.000718 649.0
0.000523 -0.000717 650.0
0.000523 -0.000716 651.0
0.000524 -0.000716 652.0
0.000524 -0.000715 653.0
0.000525 -0.000715 654.0
0.000525 -0.000714 655.0
0.000525 -0.000713 656.0
0.000526 -0.000713 657.0
0.000526 -0.000712 658.0
0.000526 -0.000712 659.0
0.000527 -0.000711 660.0
0.000527 -0.000711 661.0
0.000528 -0.000710 662.0
0.000528 -0.000709 663.0
0.000528 -0.000709 664.0
0.000529 -0.000708 665.0
0.000529 -0.000708 666.0
0.000529 -0.000707 667.0
0.000530 -0.000706 668.0
0.000530 -0.000706 669.0
0.000531 -0.000705 670.0
0.000531 -0.000705 671.0
0.000531 -0.000704 672.0
0.000532 -0.000704 673.0
0.000532 -0.000703 674.0
0.000532 -0.000702 675.0
0.000533 -0.000702 676.0
0.000533 -0.000701 677.0
0.000534 -0.000701 678.0
0.000534 -0.000700 679.0
0.000534 -0.000699 680.0
0.000535 -0.000699 681.0
0.000535 -0.000698 682.0
0.000535 -0.000698 683.0
0.000536 -0.000697 684.0
0.000536 -0.000696 685.0
0.000537 -0.000696 686.0
0.000537 -0.000695 687.0
0.000537 -0.000695 688.0
0.000538 -0.000694 689.0
0.000538 -0.000694 690.0
0.000538 -0.000693 691.0
0.000539 -0.000692 692.0
0.000539 -0.000692 693.0
0.000540 -0.000691 694.0
0.000540 -0.000691 695.0
0.000540 -0.000690 696.0
0.000541 -0.000689 697.0
0.000541 -0.000689 698.0
0.000541 -0.000688 699.0
0.000542 -0.000688 700.0
0.000542 -0.000687 701.0
0.000543 -0.000687 702.0
0.000543 -0.000686 703.0
0.000543 -0.000685 704.0
0.000544 -0.000685 705.0
0.000544 -0.000684 706.0
0.000544 -0.000684 707.0
0.000545 -0.000683 708.0
0.000545 -0.000682 709.0
0.000546 -0.000682 710.0
0.000546 -0.000681 711.0
0.000546 -0.000681 712.0
0.000547 -0.000680 713.0
0.000547 -0.000679 714.0
0.000547 -0.000679 715.0
0.000548 -0.000678 716.0
0.000548 -0.000678 717.0
0.000549 -0.000677 718.0
0.000549 -0.000677 719.0
0.000549 -0.000676 720.0
0.000550 -0.000675 721.0
0.000550 -0.000675 722.0
0.000550 -0.000674 723.0
0.000551 -0.000674 724.0
0.000551 -0.000673 725.0
0.000552 -0.000672 726.0
0.000552 -0.000672 727.0
0.000552 -0.000671 728.0
0.000553 -0.000671 729.0
0.000553 -0.000670 730.0
0.000553 -0.000670 731.0
0.000554 -0.000669 732.0
0.000554 -0.000668 733.0
0.000555 -0.000668 734.0
0.000555 -0.000667 735.0
0.000555 -0.000667 736.0
0.000556 -0.000666 737.0
0.000556 -0.000665 738.0
0.000556 -0.000665 739.0
0.000557 -0.000664 740.0
0.000557 -0.000664 741.0
0.000558 -0.000663 742.0
0.000558 -0.000663 743.0
0.000558 -0.000662 744.0
0.000559 -0.000661 745.0
0.000559 -0.000661 746.0
0.000559 -0.000660 747.0
0.000560 -0.000660 748.0
0.000560 -0.000659 749.0
0.000561 -0.000658 750.0
0.000561 -0.000658 751.0
0.000561 -0.000657 752.0
0.000562 -0.000657 753.0
0.000562 -0.000656 754.0
0.000562 -0.000655 755.0
0.000568 -0.000662 756.0
0.000568 -0.000662 757.0
0.000569 -0.000661 758.0
0.000569 -0.000661 759.0
0.000569 -0.000661 760.0
0.000569 -0.000661 761.0
0.000570 -0.000660 762.0
0.000570 -0.000660 763.0
0.000570 -0.000660 764.0
0.000571 -0.000659 765.0
0.000571 -0.000659 766.0
0.000571 -0.000659 767.0
0.000571 -0.000659 768.0
0.000572 -0.000658 769.0
0.000572 -0.000658 770.0
0.000572 -0.000658 771.0
0.000572 -0.000657 772.0
0.000573 -0.000657 773.0
0.000573 -0.000657 774.0
0.000573 -0.000657 775.0
0.000573 -0.000656 776.0
0.000574 -0.000656 777.0
0.000574 -0.000656 778.0
0.000574 -0.000656 779.0
0.000574 -0.000655 780.0
0.000575 -0.000655 781.0
0.000575 -0.000655 782.0
0.000575 -0.000654 783.0
0.000576 -0.000654 784.0
0.000576 -0.000654 785.0
0.000576 -0.000654 786.0
0.000576 -0.000653 787.0
0.000577 -0.000653 788.0
0.000577 -0.000653 789.0
0.000577 -0.000652 790.0
0.000577 -0.000652 791.0
0.000578 -0.000652 792.0
0.000578 -0.000652 793.0
0.000578 -0.000651 794.0
0.000578 -0.000651 795.0
0.000579 -0.000651 796.0
0.000579 -0.000651 797.0
0.000579 -0.000650 798.0
0.000579 -0.000650 799.0
0.000580 -0.000650 800.0
0.000580 -0.000649 801.0
0.000580 -0.000649 802.0
0.000581 -0.000649 803.0
0.000581 -0.000649 804.0
0.000581 -0.000648 805.0
0.000581 -0.000648 806.0
0.000582 -0.000648 807.0
0.000582 -0.000647 808.0
0.000582 -0.000647 809.0
0.000582 -0.000647 810.0
0.000583 -0.000647 811.0
0.000583 -0.000646 812.0
0.000583 -0.000646 813.0
0.000583 -0.000646 814.0
0.000584 -0.000646 815.0
0.000585 -0.000648 816.0
0.000585 -0.000646 817.0
0.000584 -0.000645 818.0
0.000584 -0.000643 819.0
0.000584 -0.000642 820.0
0.000584 -0.000640 821.0
0.000583 -0.000639 822.0
0.000583 -0.000637 823.0
0.000583 -0.000636 824.0
0.000582 -0.000634 825.0
0.000582 -0.000633 826.0
0.000582 -0.000631 827.0
0.000581 -0.000630 828.0
0.000581 -0.000628 829.0
0.000581 -0.000627 830.0
0.000581 -0.000626 831.0
0.000580 -0.000624 832.0
0.000580 -0.000623 833.0
0.000580 -0.000621 834.0
0.000579 -0.000620 835.0
0.000579 -0.000618 836.0
0.000579 -0.000617 837.0
0.000579 -0.000615 838.0
0.000578 -0.000614 839.0
0.000578 -0.000612 840.0
0.000578 -0.000611 841.0
0.000577 -0.000609 842.0
0.000577 -0.000608 843.0
0.000577 -0.000606 844.0
0.000576 -0.000605 845.0
0.000576 -0.000603 846.0
0.000576 -0.000602 847.0
0.000576 -0.000600 848.0
0.000575 -0.000599 849.0
0.000575 -0.000597 850.0
0.000575 -0.000596 851.0
0.000574 -0.000594 852.0
0.000574 -0.000593 853.0
0.000574 -0.000591 854.0
0.000573 -0.000590 855.0
0.000573 -0.000589 856.0
0.000573 -0.000587 857.0
0.000573 -0.000586 858.0
0.000572 -0.000584 859.0
0.000572 -0.000583 860.0
0.000572 -0.000581 861.0
0.000571 -0.000580 862.0
0.000571 -0.000578 863.0
0.000571 -0.000577 864.0
0.000570 -0.000575 865.0
0.000570 -0.000574 866.0
0.000570 -0.000572 867.0
0.000570 -0.000571 868.0
0.000569 -0.000569 869.0
0.000569 -0.000568 870.0
0.000569 -0.000566 871.0
0.000568 -0.000565 872.0
0.000568 -0.000563 873.0
0.000568 -0.000562 874.0
0.000567 -0.000560 875.0
0.000567 -0.000559 876.0
0.000563 -0.000560 877.0
0.000562 -0.000559 878.0
0.000561 -0.000558 879.0
0.000560 -0.000557 880.0
0.000559 -0.000557 881.0
0.000558 -0.000556 882.0
0.000558 -0.000555 883.0
0.000557 -0.000554 884.0
0.000556 -0.000553 885.0
0.000555 -0.000552 886.0
0.000554 -0.000551 887.0
0.000553 -0.000550 888.0
0.000552 -0.000549 889.0
0.000551 -0.000548 890.0
0.000550 -0.000547 891.0
0.000549 -0.000546 892.0
0.000548 -0.000545 893.0
0.000548 -0.000544 894.0
0.000547 -0.000543 895.0
0.000546 -0.000542 896.0
0.000545 -0.000541 897.0
0.000544 -0.000540 898.0
0.000543 -0.000539 899.0
0.000542 -0.000538 900.0
0.000541 -0.000537 901.0
0.000540 -0.000536 902.0
0.000539 -0.000535 903.0
0.000538 -0.000534 904.0
0.000538 -0.000533 905.0
0.000537 -0.000532 906.0
0.000536 -0.000531 907.0
0.000535 -0.000530 908.0
0.000534 -0.000529 909.0
0.000533 -0.000529 910.0
0.000532 -0.000528 911.0
0.000531 -0.000527 912.0
0.000530 -0.000526 913.0
0.000529 -0.000525 914.0
0.000529 -0.000524 915.0
0.000528 -0.000523 916.0
0.000527 -0.000522 917.0
0.000526 -0.000521 918.0
0.000525 -0.000520 919.0
0.000524 -0.000519 920.0
0.000523 -0.000518 921.0
0.000522 -0.000517 922.0
0.000521 -0.000516 923.0
0.000520 -0.000515 924.0
0.000519 -0.000514 925.0
0.000519 -0.000513 926.0
0.000518 -0.000512 927.0
0.000517 -0.000511 928.0
0.000516 -0.000510 929.0
0.000515 -0.000509 930.0
0.000514 -0.000508 931.0
0.000513 -0.000507 932.0
0.000512 -0.000506 933.0
0.000511 -0.000505 934.0
0.000510 -0.000504 935.0
0.000510 -0.000503 936.0
0.000505 -0.000511 937.0
0.000503 -0.000511 938.0
0.000502 -0.000510 939.0
0.000500 -0.000510 940.0
0.000499 -0.000510 941.0
0.000497 -0.000509 942.0
0.000496 -0.000509 943.0
0.000494 -0.000509 944.0
0.000492 -0.000508 945.0
0.000491 -0.000508 946.0
0.000489 -0.000508 947.0
0.000488 -0.000507 948.0
0.000486 -0.000507 949.0
0.000485 -0.000507 950.0
0.000483 -0.000506 951.0
0.000482 -0.000506 952.0
0.000480 -0.000506 953.0
0.000478 -0.000505 954.0
0.000477 -0.000505 955.0
0.000475 -0.000505 956.0
0.000474 -0.000504 957.0
0.000472 -0.000504 958.0
0.000471 -0.000504 959.0
0.000469 -0.000503 960.0
0.000468 -0.000503 961.0
0.000466 -0.000503 962.0
0.000465 -0.000502 963.0
0.000463 -0.000502 964.0
0.000461 -0.000502 965.0
0.000460 -0.000501 966.0
0.000458 -0.000501 967.0
0.000457 -0.000501 968.0
0.000455 -0.000500 969.0
0.000454 -0.000500 970.0
0.000452 -0.000499 971.0
0.000451 -0.000499 972.0
0.000449 -0.000499 973.0
0.000447 -0.000498 974.0
0.000446 -0.000498 975.0
0.000444 -0.000498 976.0
0.000443 -0.000497 977.0
0.000441 -0.000497 978.0
0.000440 -0.000497 979.0
0.000438 -0.000496 980.0
0.000437 -0.000496 981.0
0.000435 -0.000496 982.0
0.000434 -0.000495 983.0
0.000432 -0.000495 984.0
0.000430 -0.000495 985.0
0.000429 -0.000494 986.0
0.000427 -0.000494 987.0
0.000426 -0.000494 988.0
0.000424 -0.000493 989.0
0.000423 -0.000493 990.0
0.000421 -0.000493 991.0
0.000420 -0.000492 992.0
0.000418 -0.000492 993.0
0.000416 -0.000492 994.0
0.000415 -0.000491 995.0
0.000413 -0.000491 996.0
0.000412 -0.000491 997.0
0.000411 -0.000495 998.0
0.000411 -0.000494 999.0
0.000411 -0.000494 1000.0
0.000411 -0.000494 1001.0
0.000411 -0.000494 1002.0
0.000411 -0.000494 1003.0
0.000411 -0.000493 1004.0
0.000411 -0.000493 1005.0
0.000411 -0.000493 1006.0
0.000411 -0.000493 1007.0
0.000411 -0.000492 1008.0
0.000411 -0.000492 1009.0
0.000411 -0.000492 1010.0
0.000411 -0.000492 1011.0
0.000411 -0.000491 1012.0
0.000411 -0.000491 1013.0
0.000411 -0.000491 1014.0
0.000410 -0.000491 1015.0
0.000410 -0.000490 1016.0
0.000410 -0.000490 1017.0
0.000410 -0.000490 1018.0
0.000410 -0.000490 1019.0
0.000410 -0.000489 1020.0
0.000410 -0.000489 1021.0
0.000410 -0.000489 1022.0
0.000410 -0.000489 1023.0
0.000410 -0.000488 1024.0
0.000410 -0.000488 1025.0
0.000410 -0.000488 1026.0
0.000410 -0.000488 1027.0
0.000410 -0.000488 1028.0
0.000410 -0.000487 1029.0
0.000410 -0.000487 1030.0
0.000410 -0.000487 1031.0
0.000410 -0.000487 1032.0
0.000410 -0.000486 1033.0
0.000410 -0.000486 1034.0
0.000409 -0.000486 1035.0
0.000409 -0.000486 1036.0
0.000409 -0.000485 1037.0
0.000409 -0.000485 1038.0
0.000409 -0.000485 1039.0
0.000409 -0.000485 1040.0
0.000409 -0.000484 1041.0
0.000409 -0.000484 1042.0
0.000409 -0.000484 1043.0
0.000409 -0.000484 1044.0
0.000409 -0.000483 1045.0
0.000409 -0.000483 1046.0
0.000409 -0.000483 1047.0
0.000409 -0.000483 1048.0
0.000409 -0.000483 1049.0
0.000409 -0.000482 1050.0
0.000409 -0.000482 1051.0
0.000409 -0.000482 1052.0
0.000409 -0.000482 1053.0
0.000409 -0.000481 1054.0
0.000409 -0.000481 1055.0
0.000408 -0.000481 1056.0
0.000408 -0.000481 1057.0
0.000408 -0.000481 1058.0
0.000408 -0.000480 1059.0
0.000408 -0.000479 1060.0
0.000408 -0.000478 1061.0
0.000408 -0.000477 1062.0
0.000408 -0.000476 1063.0
0.000408 -0.000475 1064.0
0.000408 -0.000474 1065.0
0.000408 -0.000473 1066.0
0.000408 -0.000472 1067.0
0.000408 -0.000471 1068.0
0.000408 -0.000470 1069.0
0.000408 -0.000469 1070.0
0.000408 -0.000468 1071.0
0.000408 -0.000467 1072.0
0.000408 -0.000467 1073.0
0.000408 -0.000466 1074.0
0.000409 -0.000465 1075.0
0.000409 -0.000464 1076.0
0.000409 -0.000463 1077.0
0.000409 -0.000462 1078.0
0.000409 -0.000461 1079.0
0.000409 -0.000460 1080.0
0.000409 -0.000459 1081.0
0.000409 -0.000458 1082.0
0.000409 -0.000457 1083.0
0.000409 -0.000456 1084.0
0.000409 -0.000455 1085.0
0.000409 -0.000454 1086.0
0.000409 -0.000453 1087.0
0.000409 -0.000452 1088.0
0.000409 -0.000451 1089.0
0.000409 -0.000450 1090.0
0.000409 -0.000449 1091.0
0.000409 -0.000448 1092.0
0.000409 -0.000447 1093.0
0.000409 -0.000446 1094.0
0.000409 -0.000445 1095.0
0.000409 -0.000445 1096.0
0.000410 -0.000444 1097.0
0.000410 -0.000443 1098.0
0.000410 -0.000442 1099.0
0.000410 -0.000441 1100.0
0.000410 -0.000440 1101.0
0.000410 -0.000439 1102.0
0.000410 -0.000438 1103.0
0.000410 -0.000437 1104.0
0.000410 -0.000436 1105.0
0.000410 -0.000435 1106.0
0.000410 -0.000434 1107.0
0.000410 -0.000433 1108.0
0.000410 -0.000432 1109.0
0.000410 -0.000431 1110.0
0.000410 -0.000430 1111.0
0.000410 -0.000429 1112.0
0.000410 -0.000428 1113.0
0.000410 -0.000427 1114.0
0.000410 -0.000426 1115.0
0.000410 -0.000425 1116.0
0.000410 -0.000424 1117.0
0.000410 -0.000424 1118.0
0.000411 -0.000423 1119.0
0.000411 -0.000422 1120.0
0.000411 -0.000421 1121.0
0.000411 -0.000420 1122.0
0.000411 -0.000419 1123.0
0.000411 -0.000418 1124.0
0.000411 -0.000417 1125.0
0.000411 -0.000416 1126.0
0.000411 -0.000415 1127.0
0.000412 -0.000415 1128.0
0.000412 -0.000415 1129.0
0.000412 -0.000415 1130.0
0.000412 -0.000416 1131.0
0.000413 -0.000416 1132.0
0.000413 -0.000416 1133.0
0.000413 -0.000416 1134.0
0.000414 -0.000417 1135.0
0.000414 -0.000417 1136.0
0.000414 -0.000417 1137.0
0.000414 -0.000417 1138.0
0.000415 -0.000418 1139.0
0.000415 -0.000418 1140.0
0.000415 -0.000418 1141.0
0.000415 -0.000418 1142.0
0.000416 -0.000419 1143.0
0.000416 -0.000419 1144.0
0.000416 -0.000419 1145.0
0.000416 -0.000419 1146.0
0.000417 -0.000420 1147.0
0.000417 -0.000420 1148.0
0.000417 -0.000420 1149.0
0.000417 -0.000420 1150.0
0.000418 -0.000421 1151.0
0.000418 -0.000421 1152.0
0.000418 -0.000421 1153.0
0.000418 -0.000421 1154.0
0.000419 -0.000421 1155.0
0.000419 -0.000422 1156.0
0.000419 -0.000422 1157.0
0.000419 -0.000422 1158.0
0.000420 -0.000422 1159.0
0.000420 -0.000423 1160.0
0.000420 -0.000423 1161.0
0.000421 -0.000423 1162.0
0.000421 -0.000423 1163.0
0.000421 -0.000424 1164.0
0.000421 -0.000424 1165.0
0.000422 -0.000424 1166.0
0.000422 -0.000424 1167.0
0.000422 -0.000425 1168.0
0.000422 -0.000425 1169.0
0.000423 -0.000425 1170.0
0.000423 -0.000425 1171.0
0.000423 -0.000426 1172.0
0.000423 -0.000426 1173.0
0.000424 -0.000426 1174.0
0.000424 -0.000426 1175.0
0.000424 -0.000427 1176.0
0.000424 -0.000427 1177.0
0.000425 -0.000427 1178.0
0.000425 -0.000427 1179.0
0.000425 -0.000427 1180.0
0.000425 -0.000428 1181.0
0.000426 -0.000428 1182.0
0.000426 -0.000428 1183.0
0.000427 -0.000426 1184.0
0.000427 -0.000426 1185.0
0.000427 -0.000426 1186.0
0.000427 -0.000426 1187.0
0.000427 -0.000426 1188.0
0.000427 -0.000426 1189.0
0.000427 -0.000426 1190.0
0.000427 -0.000427 1191.0
0.000427 -0.000427 1192.0
0.000427 -0.000427 1193.0
0.000427 -0.000427 1194.0
0.000427 -0.000427 1195.0
0.000427 -0.000427 1196.0
0.000427 -0.000427 1197.0
0.000427 -0.000427 1198.0
0.000427 -0.000427 1199.0
0.000427 -0.000427 1200.0
0.000426 -0.000427 1201.0
0.000426 -0.000427 1202.0
0.000426 -0.000427 1203.0
0.000426 -0.000427 1204.0
0.000426 -0.000427 1205.0
0.000426 -0.000427 1206.0
0.000426 -0.000427 1207.0
0.000426 -0.000427 1208.0
0.000426 -0.000427 1209.0
0.000426 -0.000427 1210.0
0.000426 -0.000427 1211.0
0.000426 -0.000427 1212.0
0.000426 -0.000427 1213.0
0.000426 -0.000427 1214.0
0.000426 -0.000427 1215.0
0.000426 -0.000428 1216.0
0.000426 -0.000428 1217.0
0.000426 -0.000428 1218.0
0.000426 -0.000428 1219.0
0.000426 -0.000428 1220.0
0.000426 -0.000428 1221.0
0.000426 -0.000428 1222.0
0.000426 -0.000428 1223.0
0.000426 -0.000428 1224.0
0.000426 -0.000428 1225.0
0.000426 -0.000428 1226.0
0.000426 -0.000428 1227.0
0.000426 -0.000428 1228.0
0.000426 -0.000428 1229.0
0.000426 -0.000428 1230.0
0.000426 -0.000428 1231.0
0.000426 -0.000428 1232.0
0.000426 -0.000428 1233.0
0.000425 -0.000428 1234.0
0.000425 -0.000428 1235.0
0.000425 -0.000428 1236.0
0.000425 -0.000428 1237.0
0.000425 -0.000428 1238.0
0.000425 -0.000428 1239.0
0.000425 -0.000428 1240.0
0.000425 -0.000428 1241.0
0.000425 -0.000429 1242.0
0.000425 -0.000429 1243.0
0.000425 -0.000429 1244.0
0.000425 -0.000429 1245.0
0.000425 -0.000429 1246.0
0.000425 -0.000429 1247.0
0.000425 -0.000429 1248.0
0.000425 -0.000429 1249.0
0.000425 -0.000429 1250.0
0.000425 -0.000429 1251.0
0.000425 -0.000429 1252.0
0.000425 -0.000429 1253.0
0.000425 -0.000429 1254.0
0.000425 -0.000429 1255.0
0.000425 -0.000429 1256.0
0.000425 -0.000429 1257.0
0.000425 -0.000429 1258.0
0.000425 -0.000429 1259.0
0.000425 -0.000429 1260.0
0.000425 -0.000429 1261.0
0.000425 -0.000429 1262.0
0.000425 -0.000429 1263.0
0.000425 -0.000429 1264.0
0.000425 -0.000429 1265.0
0.000425 -0.000429 1266.0
0.000425 -0.000429 1267.0
0.000425 -0.000429 1268.0
0.000425 -0.000429 1269.0
0.000425 -0.000429 1270.0
0.000425 -0.000429 1271.0
0.000425 -0.000429 1272.0
0.000424 -0.000429 1273.0
0.000424 -0.000429 1274.0
0.000424 -0.000429 1275.0
0.000424 -0.000429 1276.0
0.000424 -0.000429 1277.0
0.000424 -0.000429 1278.0
0.000424 -0.000429 1279.0
0.000424 -0.000429 1280.0
0.000424 -0.000429 1281.0
0.000424 -0.000429 1282.0
0.000424 -0.000429 1283.0
0.000424 -0.000429 1284.0
0.000424 -0.000429 1285.0
0.000424 -0.000429 1286.0
0.000424 -0.000429 1287.0
0.000424 -0.000429 1288.0
0.000424 -0.000429 1289.0
0.000424 -0.000429 1290.0
0.000424 -0.000429 1291.0
0.000424 -0.000429 1292.0
0.000424 -0.000429 1293.0
0.000424 -0.000429 1294.0
0.000424 -0.000429 1295.0
0.000424 -0.000429 1296.0
0.000424 -0.000429 1297.0
0.000424 -0.000429 1298.0
0.000424 -0.000429 1299.0
0.000424 -0.000429 1300.0
0.000424 -0.000429 1301.0
0.000424 -0.000429 1302.0
0.000424 -0.000429 1303.0
0.000424 -0.000429 1304.0
0.000424 -0.000429 1305.0
0.000424 -0.000429 1306.0
0.000424 -0.000429 1307.0
0.000424 -0.000429 1308.0
0.000424 -0.000429 1309.0
0.000424 -0.000429 1310.0
0.000424 -0.000429 1311.0
0.000424 -0.000429 1312.0
0.000424 -0.000429 1313.0
0.000424 -0.000429 1314.0
0.000424 -0.000429 1315.0
0.000424 -0.000429 1316.0
0.000424 -0.000429 1317.0
0.000424 -0.000429 1318.0
0.000424 -0.000429 1319.0
0.000424 -0.000429 1320.0
0.000424 -0.000429 1321.0
0.000424 -0.000429 1322.0
0.000424 -0.000429 1323.0
0.000424 -0.000429 1324.0
0.000424 -0.000429 1325.0
0.000424 -0.000429 1326.0
0.000424 -0.000429 1327.0
0.000424 -0.000429 1328.0
0.000424 -0.000429 1329.0
0.000424 -0.000429 1330.0
0.000424 -0.000429 1331.0
0.000424 -0.000429 1332.0
0.000424 -0.000429 1333.0
0.000424 -0.000429 1334.0
0.000424 -0.000429 1335.0
0.000424 -0.000429 1336.0
0.000424 -0.000429 1337.0
0.000424 -0.000429 1338.0
0.000424 -0.000429 1339.0
0.000424 -0.000429 1340.0
0.000424 -0.000429 1341.0
0.000424 -0.000429 1342.0
0.000424 -0.000429 1343.0
0.000424 -0.000429 1344.0
0.000424 -0.000429 1345.0
0.000424 -0.000429 1346.0
0.000424 -0.000429 1347.0
0.000424 -0.000429 1348.0
0.000424 -0.000429 1349.0
0.000424 -0.000429 1350.0
0.000424 -0.000429 1351.0
0.000424 -0.000429 1352.0
0.000424 -0.000429 1353.0
0.000424 -0.000429 1354.0
0.000424 -0.000429 1355.0
0.000424 -0.000429 1356.0
0.000424 -0.000429 1357.0
0.000424 -0.000429 1358.0
0.000424 -0.000429 1359.0
0.000424 -0.000429 1360.0
0.000424 -0.000429 1361.0
0.000424 -0.000429 1362.0
0.000424 -0.000429 1363.0
0.000424 -0.000429 1364.0
0.000424 -0.000429 1365.0
0.000424 -0.000429 1366.0
0.000424 -0.000429 1367.0
0.000424 -0.000429 1368.0
0.000424 -0.000429 1369.0
0.000424 -0.000429 1370.0
0.000424 -0.000429 1371.0
0.000424 -0.000429 1372.0
0.000424 -0.000429 1373.0
0.000424 -0.000429 1374.0
0.000424 -0.000429 1375.0
0.000424 -0.000429 1376.0
0.000424 -0.000429 1377.0
0.000424 -0.000429 1378.0
0.000424 -0.000429 1379.0
0.000424 -0.000429 1380.0
0.000424 -0.000429 1381.0
0.000424 -0.000429 1382.0
0.000424 -0.000429 1383.0
0.000424 -0.000429 1384.0
0.000424 -0.000429 1385.0
0.000424 -0.000429 1386.0
0.000424 -0.000429 1387.0
0.000424 -0.000429 1388.0
0.000424 -0.000429 1389.0
0.000424 -0.000429 1390.0
0.000424 -0.000429 1391.0
0.000424 -0.000429 1392.0
0.000424 -0.000429 1393.0
0.000424 -0.000429 1394.0
0.000424 -0.000429 1395.0
0.000424 -0.000429 1396.0
0.000424 -0.000429 1397.0
0.000424 -0.000429 1398.0
0.000424 -0.000429 1399.0
0.000424 -0.000429 1400.0
0.000424 -0.000429 1401.0
0.000424 -0.000429 1402.0
0.000424 -0.000429 1403.0
0.000424 -0.000429 1404.0
0.000424 -0.000429 1405.0
0.000424 -0.000429 1406.0
0.000424 -0.000429 1407.0
0.000424 -0.000429 1408.0
0.000424 -0.000429 1409.0
0.000424 -0.000429 1410.0
0.000424 -0.000429 1411.0
0.000424 -0.000429 1412.0
0.000424 -0.000429 1413.0
0.000424 -0.000429 1414.0
0.000424 -0.000429 1415.0
0.000424 -0.000429 1416.0
0.000424 -0.000429 1417.0
0.000424 -0.000429 1418.0
0.000424 -0.000429 1419.0
0.000424 -0.000429 1420.0
0.000424 -0.000429 1421.0
0.000424 -0.000429 1422.0
0.000424 -0.000429 1423.0
0.000424 -0.000429 1424.0
0.000424 -0.000429 1425.0
0.000424 -0.000429 1426.0
0.000424 -0.000429 1427.0
0.000424 -0.000429 1428.0
0.000424 -0.000429 1429.0
0.000424 -0.000429 1430.0
0.000424 -0.000428 1431.0
0.000424 -0.000428 1432.0
0.000424 -0.000428 1433.0
0.000424 -0.000428 1434.0
0.000424 -0.000428 1435.0
0.000424 -0.000428 1436.0
0.000424 -0.000428 1437.0
0.000424 -0.000428 1438.0
0.000424 -0.000428 1439.0
0.000424 -0.000428 1440.0
0.000424 -0.000428 1441.0
0.000424 -0.000428 1442.0
0.000424 -0.000428 1443.0
0.000424 -0.000428 1444.0
0.000424 -0.000428 1445.0
0.000424 -0.000428 1446.0
0.000424 -0.000428 1447.0
0.000424 -0.000428 1448.0
0.000424 -0.000428 1449.0
0.000424 -0.000428 1450.0
0.000424 -0.000428 1451.0
0.000424 -0.000428 1452.0
0.000424 -0.000428 1453.0
0.000424 -0.000428 1454.0
0.000424 -0.000428 1455.0
0.000424 -0.000428 1456.0
0.000424 -0.000428 1457.0
0.000424 -0.000428 1458.0
0.000424 -0.000428 1459.0
0.000424 -0.000428 1460.0
0.000424 -0.000428 1461.0
0.000424 -0.000428 1462.0
0.000424 -0.000428 1463.0
0.000424 -0.000428 1464.0
0.000424 -0.000428 1465.0
0.000424 -0.000428 1466.0
0.000424 -0.000428 1467.0
0.000424 -0.000428 1468.0
0.000424 -0.000429 1469.0
0.000424 -0.000429 1470.0
0.000424 -0.000429 1471.0
0.000424 -0.000429 1472.0
0.000424 -0.000429 1473.0
0.000424 -0.000429 1474.0
0.000424 -0.000429 1475.0
0.000424 -0.000429 1476.0
0.000424 -0.000429 1477.0
0.000424 -0.000429 1478.0
0.000424 -0.000429 1479.0
0.000424 -0.000429 1480.0
0.000424 -0.000429 1481.0
0.000424 -0.000429 1482.0
0.000424 -0.000429 1483.0
0.000424 -0.000429 1484.0
0.000424 -0.000429 1485.0
0.000424 -0.000429 1486.0
0.000424 -0.000429 1487.0
0.000424 -0.000429 1488.0
0.000424 -0.000429 1489.0
0.000424 -0.000429 1490.0
0.000424 -0.000429 1491.0
0.000424 -0.000429 1492.0
0.000424 -0.000429 1493.0
0.000424 -0.000429 1494.0
0.000424 -0.000429 1495.0
0.000424 -0.000429 1496.0
0.000424 -0.000429 1497.0
0.000424 -0.000429 1498.0
0.000424 -0.000429 1499.0
0.000424 -0.000429 1500.0
0.000424 -0.000429 1501.0
0.000424 -0.000429 1502.0
0.000424 -0.000429 1503.0
0.000424 -0.000429 1504.0
0.000424 -0.000429 1505.0
0.000424 -0.000429 1506.0
0.000424 -0.000429 1507.0
0.000424 -0.000429 1508.0
0.000424 -0.000429 1509.0
0.000424 -0.000429 1510.0
0.000424 -0.000429 1511.0
0.000424 -0.000429 1512.0
0.000424 -0.000429 1513.0
0.000424 -0.000429 1514.0
0.000424 -0.000429 1515.0
0.000424 -0.000429 1516.0
0.000424 -0.000429 1517.0
0.000424 -0.000429 1518.0
0.000424 -0.000429 1519.0
0.000424 -0.000429 1520.0
0.000424 -0.000429 1521.0
0.000424 -0.000429 1522.0
0.000424 -0.000429 1523.0
0.000424 -0.000429 1524.0
0.000424 -0.000429 1525.0
0.000424 -0.000429 1526.0
0.000424 -0.000429 1527.0
0.000424 -0.000429 1528.0
0.000424 -0.000429 1529.0
0.000424 -0.000429 1530.0
0.000424 -0.000429 1531.0
0.000424 -0.000429 1532.0
0.000424 -0.000429 1533.0
0.000424 -0.000429 1534.0
0.000424 -0.000429 1535.0
0.000424 -0.000429 1536.0
0.000424 -0.000429 1537.0
0.000424 -0.000429 1538.0
0.000424 -0.000429 1539.0
0.000424 -0.000429 1540.0
0.000424 -0.000429 1541.0
0.000424 -0.000429 1542.0
0.000424 -0.000429 1543.0
0.000424 -0.000429 1544.0
0.000424 -0.000429 1545.0
0.000424 -0.000429 1546.0
0.000424 -0.000429 1547.0
0.000424 -0.000429 1548.0
0.000424 -0.000429 1549.0
0.000424 -0.000429 1550.0
0.000424 -0.000429 1551.0
0.000424 -0.000429 1552.0
0.000424 -0.000429 1553.0
0.000424 -0.000429 1554.0
0.000424 -0.000429 1555.0
0.000424 -0.000429 1556.0
0.000424 -0.000429 1557.0
0.000424 -0.000429 1558.0
0.000424 -0.000429 1559.0
0.000424 -0.000429 1560.0
0.000424 -0.000429 1561.0
0.000424 -0.000429 1562.0
0.000424 -0.000429 1563.0
0.000424 -0.000429 1564.0
0.000424 -0.000429 1565.0
0.000424 -0.000429 1566.0
0.000424 -0.000429 1567.0
0.000424 -0.000429 1568.0
0.000424 -0.000429 1569.0
0.000424 -0.000429 1570.0
0.000424 -0.000429 1571.0
0.000424 -0.000429 1572.0
0.000424 -0.000429 1573.0
0.000424 -0.000429 1574.0
0.000424 -0.000429 1575.0
0.000424 -0.000429 1576.0
0.000424 -0.000429 1577.0
0.000424 -0.000429 1578.0
0.000424 -0.000429 1579.0
0.000424 -0.000429 1580.0
0.000424 -0.000429 1581.0
0.000424 -0.000429 1582.0
0.000424 -0.000429 1583.0
0.000424 -0.000429 1584.0
0.000424 -0.000429 1585.0
0.000424 -0.000429 1586.0
0.000424 -0.000429 1587.0
0.000424 -0.000429 1588.0
0.000424 -0.000429 1589.0
0.000424 -0.000429 1590.0
0.000424 -0.000429 1591.0
0.000424 -0.000429 1592.0
0.000424 -0.000429 1593.0
0.000424 -0.000429 1594.0
0.000424 -0.000429 1595.0
0.000424 -0.000429 1596.0
0.000424 -0.000429 1597.0
0.000424 -0.000429 1598.0
0.000424 -0.000429 1599.0
0.000424 -0.000429 1600.0
0.000424 -0.000429 1601.0
0.000424 -0.000429 1602.0
0.000424 -0.000429 1603.0
0.000424 -0.000429 1604.0
0.000424 -0.000429 1605.0
0.000424 -0.000429 1606.0
0.000424 -0.000429 1607.0
0.000424 -0.000429 1608.0
0.000424 -0.000429 1609.0
0.000424 -0.000429 1610.0
0.000424 -0.000429 1611.0
0.000424 -0.000429 1612.0
0.000424 -0.000429 1613.0
0.000424 -0.000429 1614.0
0.000424 -0.000429 1615.0
0.000424 -0.000429 1616.0
0.000424 -0.000429 1617.0
0.000424 -0.000429 1618.0
0.000424 -0.000429 1619.0
0.000424 -0.000429 1620.0
0.000424 -0.000429 1621.0
0.000424 -0.000429 1622.0
0.000424 -0.000429 1623.0
0.000424 -0.000429 1624.0
0.000424 -0.000429 1625.0
0.000424 -0.000429 1626.0
0.000424 -0.000429 1627.0
0.000424 -0.000429 1628.0
0.000424 -0.000429 1629.0
0.000424 -0.000429 1630.0
0.000424 -0.000429 1631.0
0.000424 -0.000429 1632.0
0.000424 -0.000429 1633.0
0.000424 -0.000429 1634.0
0.000424 -0.000429 1635.0
0.000424 -0.000429 1636.0
0.000424 -0.000429 1637.0
0.000424 -0.000429 1638.0
0.000424 -0.000429 1639.0
0.000424 -0.000429 1640.0
0.000424 -0.000429 1641.0
0.000424 -0.000429 1642.0
0.000424 -0.000429 1643.0
0.000424 -0.000429 1644.0
0.000424 -0.000429 1645.0
0.000424 -0.000429 1646.0
0.000424 -0.000429 1647.0
0.000424 -0.000429 1648.0
0.000424 -0.000429 1649.0
0.000424 -0.000429 1650.0
0.000424 -0.000429 1651.0
0.000424 -0.000429 1652.0
0.000424 -0.000429 1653.0
0.000424 -0.000429 1654.0
0.000424 -0.000429 1655.0
0.000424 -0.000429 1656.0
0.000424 -0.000429 1657.0
0.000424 -0.000429 1658.0
0.000424 -0.000429 1659.0
0.000424 -0.000429 1660.0
0.000424 -0.000429 1661.0
0.000424 -0.000429 1662.0
0.000424 -0.000429 1663.0
0.000424 -0.000429 1664.0
0.000424 -0.000429 1665.0
0.000424 -0.000429 1666.0
0.000424 -0.000429 1667.0
0.000424 -0.000429 1668.0
0.000424 -0.000429 1669.0
0.000424 -0.000429 1670.0
0.000424 -0.000429 1671.0
0.000424 -0.000429 1672.0
0.000424 -0.000429 1673.0
0.000424 -0.000429 1674.0
0.000424 -0.000429 1675.0
0.000424 -0.000429 1676.0
0.000424 -0.000429 1677.0
0.000423 -0.000429 1678.0
0.000423 -0.000429 1679.0
0.000423 -0.000429 1680.0
0.000423 -0.000429 1681.0
0.000423 -0.000429 1682.0
0.000423 -0.000429 1683.0
0.000423 -0.000429 1684.0
0.000423 -0.000429 1685.0
0.000423 -0.000429 1686.0
0.000423 -0.000429 1687.0
0.000423 -0.000429 1688.0
0.000423 -0.000429 1689.0
0.000423 -0.000429 1690.0
0.000423 -0.000429 1691.0
0.000423 -0.000429 1692.0
0.000423 -0.000429 1693.0
0.000423 -0.000429 1694.0
0.000423 -0.000429 1695.0
0.000423 -0.000429 1696.0
0.000423 -0.000429 1697.0
0.000423 -0.000429 1698.0
0.000423 -0.000429 1699.0
0.000423 -0.000429 1700.0
0.000423 -0.000429 1701.0
0.000423 -0.000429 1702.0
0.000423 -0.000429 1703.0
0.000423 -0.000429 1704.0
0.000422 -0.000429 1705.0
0.000422 -0.000429 1706.0
0.000422 -0.000429 1707.0
0.000422 -0.000429 1708.0
0.000422 -0.000429 1709.0
0.000422 -0.000429 1710.0
0.000422 -0.000429 1711.0
0.000422 -0.000429 1712.0
0.000422 -0.000429 1713.0
0.000422 -0.000429 1714.0
0.000422 -0.000429 1715.0
0.000422 -0.000429 1716.0
0.000422 -0.000429 1717.0
0.000422 -0.000429 1718.0
0.000422 -0.000429 1719.0
0.000422 -0.000429 1720.0
0.000422 -0.000429 1721.0
0.000422 -0.000429 1722.0
0.000422 -0.000429 1723.0
0.000422 -0.000429 1724.0
0.000422 -0.000429 1725.0
0.000422 -0.000429 1726.0
0.000422 -0.000429 1727.0
0.000422 -0.000429 1728.0
0.000422 -0.000429 1729.0
0.000422 -0.000429 1730.0
0.000422 -0.000429 1731.0
0.000422 -0.000429 1732.0
0.000421 -0.000429 1733.0
0.000421 -0.000429 1734.0
0.000421 -0.000429 1735.0
0.000421 -0.000429 1736.0
