0.000699 -0.000496 3.0
0.000698 -0.000496 4.0
0.000698 -0.000497 5.0
0.000697 -0.000498 6.0
0.000697 -0.000499 7.0
0.000696 -0.000500 8.0
0.000696 -0.000500 9.0
0.000695 -0.000501 10.0
0.000695 -0.000502 11.0
0.000694 -0.000503 12.0
0.000694 -0.000504 13.0
0.000693 -0.000504 14.0
0.000693 -0.000505 15.0
0.000692 -0.000506 16.0
0.000692 -0.000507 17.0
0.000691 -0.000508 18.0
0.000691 -0.000508 19.0
0.000690 -0.000509 20.0
0.000690 -0.000510 21.0
0.000689 -0.000511 22.0
0.000689 -0.000512 23.0
0.000688 -0.000512 24.0
0.000688 -0.000513 25.0
0.000687 -0.000514 26.0
0.000687 -0.000515 27.0
0.000686 -0.000516 28.0
0.000686 -0.000516 29.0
0.000685 -0.000517 30.0
0.000685 -0.000518 31.0
0.000684 -0.000519 32.0
0.000683 -0.000520 33.0
0.000683 -0.000520 34.0
0.000682 -0.000521 35.0
0.000682 -0.000522 36.0
0.000681 -0.000523 37.0
0.000681 -0.000524 38.0
0.000680 -0.000524 39.0
0.000680 -0.000525 40.0
0.000679 -0.000526 41.0
0.000679 -0.000527 42.0
0.000678 -0.000528 43.0
0.000678 -0.000528 44.0
0.000677 -0.000529 45.0
0.000677 -0.000530 46.0
0.000676 -0.000531 47.0
0.000676 -0.000531 48.0
0.000675 -0.000532 49.0
0.000675 -0.000533 50.0
0.000674 -0.000534 51.0
0.000674 -0.000535 52.0
0.000673 -0.000535 53.0
0.000673 -0.000536 54.0
0.000672 -0.000537 55.0
0.000672 -0.000538 56.0
0.000671 -0.000539 57.0
0.000671 -0.000539 58.0
0.000670 -0.000540 59.0
0.000670 -0.000541 60.0
0.000669 -0.000542 61.0
0.000669 -0.000543 62.0
0.000668 -0.000543 63.0
0.000667 -0.000544 64.0
0.000667 -0.000545 65.0
0.000666 -0.000546 66.0
0.000662 -0.000541 67.0
0.000662 -0.000542 68.0
0.000661 -0.000542 69.0
0.000661 -0.000543 70.0
0.000661 -0.000544 71.0
0.000660 -0.000544 72.0
0.000660 -0.000545 73.0
0.000659 -0.000546 74.0
0.000659 -0.000546 75.0
0.000659 -0.000547 76.0
0.000658 -0.000548 77.0
0.000658 -0.000548 78.0
0.000658 -0.000549 79.0
0.000657 -0.000550 80.0
0.000657 -0.000550 81.0
0.000656 -0.000551 82.0
0.000656 -0.000552 83.0
0.000656 -0.000552 84.0
0.000655 -0.000553 85.0
0.000655 -0.000554 86.0
0.000655 -0.000554 87.0
0.000654 -0.000555 88.0
0.000654 -0.000556 89.0
0.000653 -0.000556 90.0
0.000653 -0.000557 91.0
0.000653 -0.000558 92.0
0.000652 -0.000558 93.0
0.000652 -0.000559 94.0
0.000652 -0.000560 95.0
0.000651 -0.000560 96.0
0.000651 -0.000561 97.0
0.000650 -0.000562 98.0
0.000650 -0.000562 99.0
0.000650 -0.000563 100.0
0.000649 -0.000564 101.0
0.000649 -0.000564 102.0
0.000649 -0.000565 103.0
0.000648 -0.000566 104.0
0.000648 -0.000566 105.0
0.000647 -0.000567 106.0
0.000647 -0.000568 107.0
0.000647 -0.000568 108.0
0.000646 -0.000569 109.0
0.000646 -0.000570 110.0
0.000645 -0.000570 111.0
0.000645 -0.000571 112.0
0.000645 -0.000572 113.0
0.000644 -0.000573 114.0
0.000644 -0.000573 115.0
0.000644 -0.000574 116.0
0.000643 -0.000575 117.0
0.000643 -0.000575 118.0
0.000642 -0.000576 119.0
0.000642 -0.000577 120.0
0.000642 -0.000577 121.0
0.000641 -0.000578 122.0
0.000641 -0.000579 123.0
0.000641 -0.000579 124.0
0.000640 -0.000580 125.0
0.000640 -0.000581 126.0
0.000636 -0.000577 127.0
0.000636 -0.000578 128.0
0.000636 -0.000578 129.0
0.000636 -0.000578 130.0
0.000636 -0.000579 131.0
0.000636 -0.000579 132.0
0.000636 -0.000580 133.0
0.000635 -0.000580 134.0
0.000635 -0.000581 135.0
0.000635 -0.000581 136.0
0.000635 -0.000581 137.0
0.000635 -0.000582 138.0
0.000635 -0.000582 139.0
0.000635 -0.000583 140.0
0.000634 -0.000583 141.0
0.000634 -0.000583 142.0
0.000634 -0.000584 143.0
0.000634 -0.000584 144.0
0.000634 -0.000585 145.0
0.000634 -0.000585 146.0
0.000633 -0.000585 147.0
0.000633 -0.000586 148.0
0.000633 -0.000586 149.0
0.000633 -0.000587 150.0
0.000633 -0.000587 151.0
0.000633 -0.000587 152.0
0.000633 -0.000588 153.0
0.000632 -0.000588 154.0
0.000632 -0.000589 155.0
0.000632 -0.000589 156.0
0.000632 -0.000589 157.0
0.000632 -0.000590 158.0
0.000632 -0.000590 159.0
0.000632 -0.000591 160.0
0.000631 -0.000591 161.0
0.000631 -0.000591 162.0
0.000631 -0.000592 163.0
0.000631 -0.000592 164.0
0.000631 -0.000593 165.0
0.000631 -0.000593 166.0
0.000631 -0.000594 167.0
0.000630 -0.000594 168.0
0.000630 -0.000594 169.0
0.000630 -0.000595 170.0
0.000630 -0.000595 171.0
0.000630 -0.000596 172.0
0.000630 -0.000596 173.0
0.000629 -0.000596 174.0
0.000629 -0.000597 175.0
0.000629 -0.000597 176.0
0.000629 -0.000598 177.0
0.000629 -0.000598 178.0
0.000629 -0.000598 179.0
0.000629 -0.000599 180.0
0.000628 -0.000599 181.0
0.000628 -0.000600 182.0
0.000628 -0.000600 183.0
0.000628 -0.000600 184.0
0.000628 -0.000601 185.0
0.000628 -0.000601 186.0
0.000628 -0.000602 187.0
0.000626 -0.000601 188.0
0.000626 -0.000601 189.0
0.000626 -0.000601 190.0
0.000626 -0.000601 191.0
0.000626 -0.000601 192.0
0.000626 -0.000602 193.0
0.000626 -0.000602 194.0
0.000626 -0.000602 195.0
0.000626 -0.000602 196.0
0.000626 -0.000602 197.0
0.000626 -0.000603 198.0
0.000626 -0.000603 199.0
0.000626 -0.000603 200.0
0.000625 -0.000603 201.0
0.000625 -0.000603 202.0
0.000625 -0.000604 203.0
0.000625 -0.000604 204.0
0.000625 -0.000604 205.0
0.000625 -0.000604 206.0
0.000625 -0.000605 207.0
0.000625 -0.000605 208.0
0.000625 -0.000605 209.0
0.000625 -0.000605 210.0
0.000625 -0.000605 211.0
0.000625 -0.000606 212.0
0.000625 -0.000606 213.0
0.000625 -0.000606 214.0
0.000625 -0.000606 215.0
0.000625 -0.000606 216.0
0.000625 -0.000607 217.0
0.000625 -0.000607 218.0
0.000625 -0.000607 219.0
0.000625 -0.000607 220.0
0.000625 -0.000608 221.0
0.000625 -0.000608 222.0
0.000625 -0.000608 223.0
0.000625 -0.000608 224.0
0.000625 -0.000608 225.0
0.000625 -0.000609 226.0
0.000625 -0.000609 227.0
0.000625 -0.000609 228.0
0.000625 -0.000609 229.0
0.000625 -0.000609 230.0
0.000625 -0.000610 231.0
0.000625 -0.000610 232.0
0.000625 -0.000610 233.0
0.000625 -0.000610 234.0
0.000625 -0.000611 235.0
0.000625 -0.000611 236.0
0.000625 -0.000611 237.0
0.000625 -0.000611 238.0
0.000625 -0.000611 239.0
0.000625 -0.000612 240.0
0.000624 -0.000612 241.0
0.000624 -0.000612 242.0
0.000624 -0.000612 243.0
0.000624 -0.000612 244.0
0.000624 -0.000613 245.0
0.000624 -0.000613 246.0
0.000624 -0.000613 247.0
0.000624 -0.000613 248.0
0.000624 -0.000613 249.0
0.000624 -0.000614 250.0
0.000624 -0.000614 251.0
0.000624 -0.000614 252.0
0.000624 -0.000615 253.0
0.000623 -0.000616 254.0
0.000623 -0.000617 255.0
0.000623 -0.000618 256.0
0.000623 -0.000619 257.0
0.000623 -0.000620 258.0
0.000622 -0.000621 259.0
0.000622 -0.000622 260.0
0.000622 -0.000623 261.0
0.000622 -0.000624 262.0
0.000622 -0.000625 263.0
0.000621 -0.000626 264.0
0.000621 -0.000627 265.0
0.000621 -0.000628 266.0
0.000621 -0.000629 267.0
0.000620 -0.000630 268.0
0.000620 -0.000631 269.0
0.000620 -0.000632 270.0
0.000620 -0.000633 271.0
0.000620 -0.000634 272.0
0.000619 -0.000635 273.0
0.000619 -0.000636 274.0
0.000619 -0.000637 275.0
0.000619 -0.000638 276.0
0.000619 -0.000639 277.0
0.000618 -0.000640 278.0
0.000618 -0.000641 279.0
0.000618 -0.000642 280.0
0.000618 -0.000643 281.0
0.000617 -0.000644 282.0
0.000617 -0.000645 283.0
0.000617 -0.000646 284.0
0.000617 -0.000647 285.0
0.000617 -0.000648 286.0
0.000616 -0.000649 287.0
0.000616 -0.000650 288.0
0.000616 -0.000651 289.0
0.000616 -0.000652 290.0
0.000616 -0.000653 291.0
0.000615 -0.000654 292.0
0.000615 -0.000655 293.0
0.000615 -0.000656 294.0
0.000615 -0.000657 295.0
0.000614 -0.000659 296.0
0.000614 -0.000660 297.0
0.000614 -0.000661 298.0
0.000614 -0.000662 299.0
0.000614 -0.000663 300.0
0.000613 -0.000664 301.0
0.000613 -0.000665 302.0
0.000611 -0.000664 303.0
0.000611 -0.000665 304.0
0.000610 -0.000665 305.0
0.000610 -0.000666 306.0
0.000610 -0.000667 307.0
0.000610 -0.000668 308.0
0.000610 -0.000669 309.0
0.000610 -0.000670 310.0
0.000610 -0.000671 311.0
0.000610 -0.000672 312.0
0.000610 -0.000673 313.0
0.000610 -0.000674 314.0
0.000610 -0.000675 315.0
0.000609 -0.000676 316.0
0.000609 -0.000676 317.0
0.000609 -0.000677 318.0
0.000609 -0.000678 319.0
0.000609 -0.000679 320.0
0.000609 -0.000680 321.0
0.000609 -0.000681 322.0
0.000609 -0.000682 323.0
0.000609 -0.000683 324.0
0.000609 -0.000684 325.0
0.000609 -0.000685 326.0
0.000608 -0.000686 327.0
0.000608 -0.000686 328.0
0.000608 -0.000687 329.0
0.000608 -0.000688 330.0
0.000608 -0.000689 331.0
0.000608 -0.000690 332.0
0.000608 -0.000691 333.0
0.000608 -0.000692 334.0
0.000608 -0.000693 335.0
0.000608 -0.000694 336.0
0.000607 -0.000695 337.0
0.000607 -0.000696 338.0
0.000607 -0.000696 339.0
0.000607 -0.000697 340.0
0.000607 -0.000698 341.0
0.000607 -0.000699 342.0
0.000607 -0.000700 343.0
0.000607 -0.000701 344.0
0.000607 -0.000702 345.0
0.000607 -0.000703 346.0
0.000607 -0.000704 347.0
0.000606 -0.000705 348.0
0.000606 -0.000706 349.0
0.000606 -0.000707 350.0
0.000606 -0.000707 351.0
0.000606 -0.000708 352.0
0.000606 -0.000709 353.0
0.000606 -0.000710 354.0
0.000606 -0.000711 355.0
0.000606 -0.000712 356.0
0.000606 -0.000713 357.0
0.000606 -0.000714 358.0
0.000605 -0.000715 359.0
0.000605 -0.000716 360.0
0.000605 -0.000717 361.0
0.000605 -0.000717 362.0
0.000604 -0.000717 363.0
0.000604 -0.000718 364.0
0.000604 -0.000719 365.0
0.000603 -0.000720 366.0
0.000603 -0.000721 367.0
0.000603 -0.000722 368.0
0.000603 -0.000723 369.0
0.000603 -0.000724 370.0
0.000603 -0.000725 371.0
0.000603 -0.000726 372.0
0.000603 -0.000727 373.0
0.000603 -0.000728 374.0
0.000603 -0.000729 375.0
0.000602 -0.000730 376.0
0.000602 -0.000731 377.0
0.000602 -0.000732 378.0
0.000602 -0.000733 379.0
0.000602 -0.000734 380.0
0.000602 -0.000735 381.0
0.000602 -0.000736 382.0
0.000602 -0.000737 383.0
0.000602 -0.000738 384.0
0.000602 -0.000739 385.0
0.000601 -0.000740 386.0
0.000601 -0.000740 387.0
0.000601 -0.000741 388.0
0.000601 -0.000742 389.0
0.000601 -0.000743 390.0
0.000601 -0.000744 391.0
0.000601 -0.000745 392.0
0.000601 -0.000746 393.0
0.000601 -0.000747 394.0
0.000601 -0.000748 395.0
0.000600 -0.000749 396.0
0.000600 -0.000750 397.0
0.000600 -0.000751 398.0
0.000600 -0.000752 399.0
0.000600 -0.000753 400.0
0.000600 -0.000754 401.0
0.000600 -0.000755 402.0
0.000600 -0.000756 403.0
0.000600 -0.000757 404.0
0.000600 -0.000758 405.0
0.000599 -0.000759 406.0
0.000599 -0.000760 407.0
0.000599 -0.000761 408.0
0.000599 -0.000762 409.0
0.000599 -0.000763 410.0
0.000599 -0.000764 411.0
0.000599 -0.000765 412.0
0.000599 -0.000766 413.0
0.000599 -0.000767 414.0
0.000599 -0.000768 415.0
0.000598 -0.000769 416.0
0.000598 -0.000770 417.0
0.000598 -0.000771 418.0
0.000598 -0.000772 419.0
0.000598 -0.000773 420.0
0.000598 -0.000773 421.0
0.000598 -0.000774 422.0
0.000596 -0.000774 423.0
0.000596 -0.000775 424.0
0.000596 -0.000776 425.0
0.000595 -0.000776 426.0
0.000595 -0.000777 427.0
0.000595 -0.000778 428.0
0.000595 -0.000779 429.0
0.000594 -0.000779 430.0
0.000594 -0.000780 431.0
0.000594 -0.000781 432.0
0.000594 -0.000782 433.0
0.000593 -0.000783 434.0
0.000593 -0.000783 435.0
0.000593 -0.000784 436.0
0.000592 -0.000785 437.0
0.000592 -0.000786 438.0
0.000592 -0.000786 439.0
0.000592 -0.000787 440.0
0.000591 -0.000788 441.0
0.000591 -0.000789 442.0
0.000591 -0.000789 443.0
0.000590 -0.000790 444.0
0.000590 -0.000791 445.0
0.000590 -0.000792 446.0
0.000590 -0.000792 447.0
0.000589 -0.000793 448.0
0.000589 -0.000794 449.0
0.000589 -0.000795 450.0
0.000588 -0.000795 451.0
0.000588 -0.000796 452.0
0.000588 -0.000797 453.0
0.000588 -0.000798 454.0
0.000587 -0.000798 455.0
0.000587 -0.000799 456.0
0.000587 -0.000800 457.0
0.000586 -0.000801 458.0
0.000586 -0.000801 459.0
0.000586 -0.000802 460.0
0.000586 -0.000803 461.0
0.000585 -0.000804 462.0
0.000585 -0.000805 463.0
0.000585 -0.000805 464.0
0.000585 -0.000806 465.0
0.000584 -0.000807 466.0
0.000584 -0.000808 467.0
0.000584 -0.000808 468.0
0.000583 -0.000809 469.0
0.000583 -0.000810 470.0
0.000583 -0.000811 471.0
0.000583 -0.000811 472.0
0.000582 -0.000812 473.0
0.000582 -0.000813 474.0
0.000582 -0.000814 475.0
0.000581 -0.000814 476.0
0.000581 -0.000815 477.0
0.000581 -0.000816 478.0
0.000581 -0.000817 479.0
0.000580 -0.000817 480.0
0.000580 -0.000818 481.0
0.000580 -0.000819 482.0
0.000576 -0.000817 483.0
0.000576 -0.000817 484.0
0.000576 -0.000818 485.0
0.000576 -0.000818 486.0
0.000576 -0.000819 487.0
0.000576 -0.000819 488.0
0.000576 -0.000820 489.0
0.000576 -0.000820 490.0
0.000576 -0.000821 491.0
0.000576 -0.000822 492.0
0.000576 -0.000822 493.0
0.000576 -0.000823 494.0
0.000576 -0.000823 495.0
0.000576 -0.000824 496.0
0.000576 -0.000824 497.0
0.000576 -0.000825 498.0
0.000576 -0.000825 499.0
0.000576 -0.000826 500.0
0.000575 -0.000826 501.0
0.000575 -0.000827 502.0
0.000575 -0.000827 503.0
0.000575 -0.000828 504.0
0.000575 -0.000828 505.0
0.000575 -0.000829 506.0
0.000575 -0.000829 507.0
0.000575 -0.000830 508.0
0.000575 -0.000830 509.0
0.000575 -0.000831 510.0
0.000575 -0.000832 511.0
0.000575 -0.000832 512.0
0.000575 -0.000833 513.0
0.000575 -0.000833 514.0
0.000575 -0.000834 515.0
0.000575 -0.000834 516.0
0.000575 -0.000835 517.0
0.000574 -0.000835 518.0
0.000574 -0.000836 519.0
0.000574 -0.000836 520.0
0.000574 -0.000837 521.0
0.000574 -0.000837 522.0
0.000574 -0.000838 523.0
0.000574 -0.000838 524.0
0.000574 -0.000839 525.0
0.000574 -0.000839 526.0
0.000574 -0.000840 527.0
0.000574 -0.000840 528.0
0.000574 -0.000841 529.0
0.000574 -0.000842 530.0
0.000574 -0.000842 531.0
0.000574 -0.000843 532.0
0.000574 -0.000843 533.0
0.000574 -0.000844 534.0
0.000574 -0.000844 535.0
0.000573 -0.000845 536.0
0.000573 -0.000845 537.0
0.000573 -0.000846 538.0
0.000573 -0.000846 539.0
0.000573 -0.000847 540.0
0.000573 -0.000847 541.0
0.000573 -0.000848 542.0
0.000572 -0.000848 543.0
0.000572 -0.000848 544.0
0.000571 -0.000849 545.0
0.000571 -0.000849 546.0
0.000571 -0.000850 547.0
0.000570 -0.000850 548.0
0.000570 -0.000851 549.0
0.000569 -0.000851 550.0
0.000569 -0.000852 551.0
0.000569 -0.000852 552.0
0.000568 -0.000853 553.0
0.000568 -0.000853 554.0
0.000567 -0.000854 555.0
0.000567 -0.000854 556.0
0.000566 -0.000855 557.0
0.000566 -0.000855 558.0
0.000566 -0.000856 559.0
0.000565 -0.000857 560.0
0.000565 -0.000857 561.0
0.000564 -0.000858 562.0
0.000564 -0.000858 563.0
0.000564 -0.000859 564.0
0.000563 -0.000859 565.0
0.000563 -0.000860 566.0
0.000562 -0.000860 567.0
0.000562 -0.000861 568.0
0.000561 -0.000861 569.0
0.000561 -0.000862 570.0
0.000561 -0.000862 571.0
0.000560 -0.000863 572.0
0.000560 -0.000863 573.0
0.000559 -0.000864 574.0
0.000559 -0.000864 575.0
0.000559 -0.000865 576.0
0.000558 -0.000865 577.0
0.000558 -0.000866 578.0
0.000557 -0.000866 579.0
0.000557 -0.000867 580.0
0.000556 -0.000867 581.0
0.000556 -0.000868 582.0
0.000556 -0.000868 583.0
0.000555 -0.000869 584.0
0.000555 -0.000869 585.0
0.000554 -0.000870 586.0
0.000554 -0.000870 587.0
0.000554 -0.000871 588.0
0.000553 -0.000871 589.0
0.000553 -0.000872 590.0
0.000552 -0.000873 591.0
0.000552 -0.000873 592.0
0.000551 -0.000874 593.0
0.000551 -0.000874 594.0
0.000551 -0.000875 595.0
0.000550 -0.000875 596.0
0.000550 -0.000876 597.0
0.000549 -0.000876 598.0
0.000549 -0.000877 599.0
0.000549 -0.000877 600.0
0.000548 -0.000878 601.0
0.000548 -0.000878 602.0
0.000545 -0.000875 603.0
0.000545 -0.000875 604.0
0.000545 -0.000876 605.0
0.000544 -0.000876 606.0
0.000544 -0.000877 607.0
0.000544 -0.000878 608.0
0.000544 -0.000878 609.0
0.000543 -0.000879 610.0
0.000543 -0.000879 611.0
0.000543 -0.000880 612.0
0.000543 -0.000881 613.0
0.000542 -0.000881 614.0
0.000542 -0.000882 615.0
0.000542 -0.000882 616.0
0.000542 -0.000883 617.0
0.000541 -0.000884 618.0
0.000541 -0.000884 619.0
0.000541 -0.000885 620.0
0.000541 -0.000885 621.0
0.000540 -0.000886 622.0
0.000540 -0.000886 623.0
0.000540 -0.000887 624.0
0.000540 -0.000888 625.0
0.000539 -0.000888 626.0
0.000539 -0.000889 627.0
0.000539 -0.000889 628.0
0.000539 -0.000890 629.0
0.000538 -0.000891 630.0
0.000538 -0.000891 631.0
0.000538 -0.000892 632.0
0.000538 -0.000892 633.0
0.000537 -0.000893 634.0
0.000537 -0.000894 635.0
0.000537 -0.000894 636.0
0.000537 -0.000895 637.0
0.000536 -0.000895 638.0
0.000536 -0.000896 639.0
0.000536 -0.000897 640.0
0.000536 -0.000897 641.0
0.000535 -0.000898 642.0
0.000535 -0.000898 643.0
0.000535 -0.000899 644.0
0.000535 -0.000900 645.0
0.000534 -0.000900 646.0
0.000534 -0.000901 647.0
0.000534 -0.000901 648.0
0.000534 -0.000902 649.0
0.000533 -0.000903 650.0
0.000533 -0.000903 651.0
0.000533 -0.000904 652.0
0.000533 -0.000904 653.0
0.000533 -0.000905 654.0
0.000532 -0.000906 655.0
0.000532 -0.000906 656.0
0.000532 -0.000907 657.0
0.000532 -0.000907 658.0
0.000531 -0.000908 659.0
0.000531 -0.000909 660.0
0.000531 -0.000909 661.0
0.000531 -0.000910 662.0
0.000530 -0.000910 663.0
0.000530 -0.000911 664.0
0.000530 -0.000912 665.0
0.000527 -0.000910 666.0
0.000527 -0.000910 667.0
0.000527 -0.000911 668.0
0.000527 -0.000912 669.0
0.000527 -0.000913 670.0
0.000527 -0.000914 671.0
0.000527 -0.000914 672.0
0.000526 -0.000915 673.0
0.000526 -0.000916 674.0
0.000526 -0.000917 675.0
0.000526 -0.000918 676.0
0.000526 -0.000919 677.0
0.000526 -0.000919 678.0
0.000526 -0.000920 679.0
0.000526 -0.000921 680.0
0.000526 -0.000922 681.0
0.000526 -0.000923 682.0
0.000526 -0.000923 683.0
0.000526 -0.000924 684.0
0.000526 -0.000925 685.0
0.000525 -0.000926 686.0
0.000525 -0.000927 687.0
0.000525 -0.000928 688.0
0.000525 -0.000928 689.0
0.000525 -0.000929 690.0
0.000525 -0.000930 691.0
0.000525 -0.000931 692.0
0.000525 -0.000932 693.0
0.000525 -0.000933 694.0
0.000525 -0.000933 695.0
0.000525 -0.000934 696.0
0.000525 -0.000935 697.0
0.000525 -0.000936 698.0
0.000525 -0.000937 699.0
0.000524 -0.000937 700.0
0.000524 -0.000938 701.0
0.000524 -0.000939 702.0
0.000524 -0.000940 703.0
0.000524 -0.000941 704.0
0.000524 -0.000942 705.0
0.000524 -0.000942 706.0
0.000524 -0.000943 707.0
0.000524 -0.000944 708.0
0.000524 -0.000945 709.0
0.000524 -0.000946 710.0
0.000524 -0.000946 711.0
0.000524 -0.000947 712.0
0.000524 -0.000948 713.0
0.000523 -0.000949 714.0
0.000523 -0.000950 715.0
0.000523 -0.000951 716.0
0.000523 -0.000951 717.0
0.000523 -0.000952 718.0
0.000523 -0.000953 719.0
0.000523 -0.000954 720.0
0.000523 -0.000955 721.0
0.000523 -0.000955 722.0
0.000523 -0.000956 723.0
0.000523 -0.000957 724.0
0.000522 -0.000957 725.0
0.000521 -0.000957 726.0
0.000521 -0.000958 727.0
0.000521 -0.000958 728.0
0.000521 -0.000959 729.0
0.000520 -0.000959 730.0
0.000520 -0.000960 731.0
0.000520 -0.000960 732.0
0.000520 -0.000961 733.0
0.000520 -0.000961 734.0
0.000519 -0.000961 735.0
0.000519 -0.000962 736.0
0.000519 -0.000962 737.0
0.000519 -0.000963 738.0
0.000518 -0.000963 739.0
0.000518 -0.000964 740.0
0.000518 -0.000964 741.0
0.000518 -0.000965 742.0
0.000517 -0.000965 743.0
0.000517 -0.000965 744.0
0.000517 -0.000966 745.0
0.000517 -0.000966 746.0
0.000516 -0.000967 747.0
0.000516 -0.000967 748.0
0.000516 -0.000968 749.0
0.000516 -0.000968 750.0
0.000515 -0.000969 751.0
0.000515 -0.000969 752.0
0.000515 -0.000969 753.0
0.000515 -0.000970 754.0
0.000514 -0.000970 755.0
0.000514 -0.000971 756.0
0.000514 -0.000971 757.0
0.000514 -0.000972 758.0
0.000514 -0.000972 759.0
0.000513 -0.000973 760.0
0.000513 -0.000973 761.0
0.000513 -0.000973 762.0
0.000513 -0.000974 763.0
0.000512 -0.000974 764.0
0.000512 -0.000975 765.0
0.000512 -0.000975 766.0
0.000512 -0.000976 767.0
0.000511 -0.000976 768.0
0.000511 -0.000977 769.0
0.000511 -0.000977 770.0
0.000511 -0.000978 771.0
0.000510 -0.000978 772.0
0.000510 -0.000978 773.0
0.000510 -0.000979 774.0
0.000510 -0.000979 775.0
0.000509 -0.000980 776.0
0.000509 -0.000980 777.0
0.000509 -0.000981 778.0
0.000509 -0.000981 779.0
0.000507 -0.000979 780.0
0.000507 -0.000980 781.0
0.000507 -0.000981 782.0
0.000507 -0.000982 783.0
0.000507 -0.000983 784.0
0.000507 -0.000984 785.0
0.000506 -0.000985 786.0
0.000506 -0.000986 787.0
0.000506 -0.000987 788.0
0.000506 -0.000988 789.0
0.000506 -0.000989 790.0
0.000506 -0.000990 791.0
0.000506 -0.000991 792.0
0.000506 -0.000992 793.0
0.000506 -0.000993 794.0
0.000506 -0.000994 795.0
0.000506 -0.000995 796.0
0.000506 -0.000996 797.0
0.000506 -0.000997 798.0
0.000506 -0.000998 799.0
0.000506 -0.000999 800.0
0.000506 -0.001000 801.0
0.000506 -0.001001 802.0
0.000506 -0.001002 803.0
0.000506 -0.001003 804.0
0.000506 -0.001004 805.0
0.000506 -0.001005 806.0
0.000506 -0.001006 807.0
0.000506 -0.001007 808.0
0.000506 -0.001008 809.0
0.000506 -0.001008 810.0
0.000506 -0.001009 811.0
0.000506 -0.001010 812.0
0.000506 -0.001011 813.0
0.000506 -0.001012 814.0
0.000505 -0.001013 815.0
0.000505 -0.001014 816.0
0.000505 -0.001015 817.0
0.000505 -0.001016 818.0
0.000505 -0.001017 819.0
0.000505 -0.001018 820.0
0.000505 -0.001019 821.0
0.000505 -0.001020 822.0
0.000505 -0.001021 823.0
0.000505 -0.001022 824.0
0.000505 -0.001023 825.0
0.000505 -0.001024 826.0
0.000505 -0.001025 827.0
0.000505 -0.001026 828.0
0.000505 -0.001027 829.0
0.000505 -0.001028 830.0
0.000505 -0.001029 831.0
0.000505 -0.001030 832.0
0.000505 -0.001031 833.0
0.000505 -0.001032 834.0
0.000505 -0.001033 835.0
0.000505 -0.001034 836.0
0.000505 -0.001035 837.0
0.000505 -0.001036 838.0
0.000505 -0.001037 839.0
0.000504 -0.001037 840.0
0.000504 -0.001037 841.0
0.000503 -0.001038 842.0
0.000502 -0.001038 843.0
0.000502 -0.001038 844.0
0.000501 -0.001039 845.0
0.000501 -0.001039 846.0
0.000500 -0.001039 847.0
0.000499 -0.001040 848.0
0.000499 -0.001040 849.0
0.000498 -0.001041 850.0
0.000497 -0.001041 851.0
0.000497 -0.001041 852.0
0.000496 -0.001042 853.0
0.000496 -0.001042 854.0
0.000495 -0.001043 855.0
0.000494 -0.001043 856.0
0.000494 -0.001043 857.0
0.000493 -0.001044 858.0
0.000493 -0.001044 859.0
0.000492 -0.001044 860.0
0.000491 -0.001045 861.0
0.000491 -0.001045 862.0
0.000490 -0.001046 863.0
0.000490 -0.001046 864.0
0.000489 -0.001046 865.0
0.000488 -0.001047 866.0
0.000488 -0.001047 867.0
0.000487 -0.001048 868.0
0.000487 -0.001048 869.0
0.000486 -0.001048 870.0
0.000485 -0.001049 871.0
0.000485 -0.001049 872.0
0.000484 -0.001049 873.0
0.000484 -0.001050 874.0
0.000483 -0.001050 875.0
0.000482 -0.001051 876.0
0.000482 -0.001051 877.0
0.000481 -0.001051 878.0
0.000481 -0.001052 879.0
0.000480 -0.001052 880.0
0.000479 -0.001053 881.0
0.000479 -0.001053 882.0
0.000478 -0.001053 883.0
0.000478 -0.001054 884.0
0.000477 -0.001054 885.0
0.000476 -0.001055 886.0
0.000476 -0.001055 887.0
0.000475 -0.001055 888.0
0.000475 -0.001056 889.0
0.000474 -0.001056 890.0
0.000473 -0.001056 891.0
0.000473 -0.001057 892.0
0.000472 -0.001057 893.0
0.000472 -0.001058 894.0
0.000471 -0.001058 895.0
0.000470 -0.001058 896.0
0.000470 -0.001059 897.0
0.000469 -0.001059 898.0
0.000469 -0.001060 899.0
0.000467 -0.001056 900.0
0.000466 -0.001056 901.0
0.000465 -0.001055 902.0
0.000465 -0.001055 903.0
0.000464 -0.001055 904.0
0.000463 -0.001055 905.0
0.000462 -0.001055 906.0
0.000461 -0.001055 907.0
0.000460 -0.001055 908.0
0.000459 -0.001055 909.0
0.000459 -0.001055 910.0
0.000458 -0.001055 911.0
0.000457 -0.001055 912.0
0.000456 -0.001055 913.0
0.000455 -0.001055 914.0
0.000454 -0.001055 915.0
0.000454 -0.001055 916.0
0.000453 -0.001054 917.0
0.000452 -0.001054 918.0
0.000451 -0.001054 919.0
0.000450 -0.001054 920.0
0.000449 -0.001054 921.0
0.000449 -0.001054 922.0
0.000448 -0.001054 923.0
0.000447 -0.001054 924.0
0.000446 -0.001054 925.0
0.000445 -0.001054 926.0
0.000444 -0.001054 927.0
0.000443 -0.001054 928.0
0.000443 -0.001054 929.0
0.000442 -0.001054 930.0
0.000441 -0.001053 931.0
0.000440 -0.001053 932.0
0.000439 -0.001053 933.0
0.000438 -0.001053 934.0
0.000438 -0.001053 935.0
0.000437 -0.001053 936.0
0.000436 -0.001053 937.0
0.000435 -0.001053 938.0
0.000434 -0.001053 939.0
0.000433 -0.001053 940.0
0.000432 -0.001053 941.0
0.000432 -0.001053 942.0
0.000431 -0.001053 943.0
0.000430 -0.001053 944.0
0.000429 -0.001053 945.0
0.000428 -0.001052 946.0
0.000427 -0.001052 947.0
0.000427 -0.001052 948.0
0.000426 -0.001052 949.0
0.000425 -0.001052 950.0
0.000424 -0.001052 951.0
0.000423 -0.001052 952.0
0.000422 -0.001052 953.0
0.000421 -0.001052 954.0
0.000421 -0.001052 955.0
0.000420 -0.001052 956.0
0.000419 -0.001052 957.0
0.000418 -0.001052 958.0
0.000417 -0.001052 959.0
0.000417 -0.001052 960.0
0.000416 -0.001052 961.0
0.000415 -0.001052 962.0
0.000414 -0.001052 963.0
0.000413 -0.001052 964.0
0.000412 -0.001052 965.0
0.000411 -0.001052 966.0
0.000410 -0.001052 967.0
0.000409 -0.001052 968.0
0.000408 -0.001052 969.0
0.000407 -0.001052 970.0
0.000406 -0.001052 971.0
0.000405 -0.001052 972.0
0.000404 -0.001052 973.0
0.000403 -0.001052 974.0
0.000402 -0.001052 975.0
0.000401 -0.001052 976.0
0.000399 -0.001052 977.0
0.000398 -0.001052 978.0
0.000397 -0.001051 979.0
0.000396 -0.001051 980.0
0.000395 -0.001051 981.0
0.000394 -0.001051 982.0
0.000393 -0.001051 983.0
0.000392 -0.001051 984.0
0.000391 -0.001051 985.0
0.000390 -0.001051 986.0
0.000389 -0.001051 987.0
0.000388 -0.001051 988.0
0.000387 -0.001051 989.0
0.000386 -0.001051 990.0
0.000385 -0.001051 991.0
0.000384 -0.001051 992.0
0.000383 -0.001051 993.0
0.000382 -0.001051 994.0
0.000381 -0.001051 995.0
0.000380 -0.001051 996.0
0.000379 -0.001051 997.0
0.000378 -0.001051 998.0
0.000377 -0.001050 999.0
0.000376 -0.001050 1000.0
0.000374 -0.001050 1001.0
0.000373 -0.001050 1002.0
0.000372 -0.001050 1003.0
0.000371 -0.001050 1004.0
0.000370 -0.001050 1005.0
0.000369 -0.001050 1006.0
0.000368 -0.001050 1007.0
0.000367 -0.001050 1008.0
0.000366 -0.001050 1009.0
0.000365 -0.001050 1010.0
0.000364 -0.001050 1011.0
0.000363 -0.001050 1012.0
0.000362 -0.001050 1013.0
0.000361 -0.001050 1014.0
0.000360 -0.001050 1015.0
0.000359 -0.001050 1016.0
0.000358 -0.001050 1017.0
0.000357 -0.001050 1018.0
0.000356 -0.001049 1019.0
0.000355 -0.001049 1020.0
0.000354 -0.001049 1021.0
0.000353 -0.001049 1022.0
0.000352 -0.001049 1023.0
0.000351 -0.001049 1024.0
0.000349 -0.001049 1025.0
0.000348 -0.001049 1026.0
0.000347 -0.001049 1027.0
0.000346 -0.001049 1028.0
0.000345 -0.001049 1029.0
0.000344 -0.001049 1030.0
0.000343 -0.001049 1031.0
0.000342 -0.001049 1032.0
0.000341 -0.001049 1033.0
0.000340 -0.001049 1034.0
0.000339 -0.001049 1035.0
0.000338 -0.001049 1036.0
0.000337 -0.001049 1037.0
0.000336 -0.001048 1038.0
0.000335 -0.001048 1039.0
0.000334 -0.001048 1040.0
0.000333 -0.001048 1041.0
0.000332 -0.001048 1042.0
0.000331 -0.001048 1043.0
0.000330 -0.001048 1044.0
0.000329 -0.001048 1045.0
0.000328 -0.001048 1046.0
0.000327 -0.001048 1047.0
0.000326 -0.001048 1048.0
0.000324 -0.001048 1049.0
0.000323 -0.001048 1050.0
0.000322 -0.001048 1051.0
0.000321 -0.001048 1052.0
0.000320 -0.001048 1053.0
0.000319 -0.001048 1054.0
0.000318 -0.001048 1055.0
0.000317 -0.001048 1056.0
0.000316 -0.001048 1057.0
0.000315 -0.001047 1058.0
0.000314 -0.001047 1059.0
0.000313 -0.001047 1060.0
0.000312 -0.001047 1061.0
0.000311 -0.001047 1062.0
0.000310 -0.001047 1063.0
0.000309 -0.001047 1064.0
0.000308 -0.001047 1065.0
0.000307 -0.001047 1066.0
0.000306 -0.001047 1067.0
0.000305 -0.001047 1068.0
0.000304 -0.001047 1069.0
0.000303 -0.001047 1070.0
0.000302 -0.001047 1071.0
0.000301 -0.001047 1072.0
0.000299 -0.001047 1073.0
0.000298 -0.001047 1074.0
0.000297 -0.001047 1075.0
0.000296 -0.001047 1076.0
0.000295 -0.001047 1077.0
0.000294 -0.001046 1078.0
0.000293 -0.001046 1079.0
0.000292 -0.001046 1080.0
0.000291 -0.001046 1081.0
0.000290 -0.001046 1082.0
0.000289 -0.001046 1083.0
0.000288 -0.001046 1084.0
0.000287 -0.001046 1085.0
0.000286 -0.001046 1086.0
0.000285 -0.001046 1087.0
0.000284 -0.001046 1088.0
0.000283 -0.001046 1089.0
0.000282 -0.001046 1090.0
0.000281 -0.001046 1091.0
0.000280 -0.001046 1092.0
0.000279 -0.001046 1093.0
0.000278 -0.001046 1094.0
0.000277 -0.001046 1095.0
0.000276 -0.001046 1096.0
0.000274 -0.001046 1097.0
0.000273 -0.001045 1098.0
0.000272 -0.001045 1099.0
0.000271 -0.001045 1100.0
0.000270 -0.001045 1101.0
0.000269 -0.001045 1102.0
0.000268 -0.001045 1103.0
0.000267 -0.001045 1104.0
0.000266 -0.001045 1105.0
0.000265 -0.001045 1106.0
0.000264 -0.001045 1107.0
0.000263 -0.001045 1108.0
0.000262 -0.001045 1109.0
0.000261 -0.001045 1110.0
0.000260 -0.001045 1111.0
0.000259 -0.001045 1112.0
0.000258 -0.001045 1113.0
0.000257 -0.001045 1114.0
0.000256 -0.001045 1115.0
0.000255 -0.001045 1116.0
0.000254 -0.001045 1117.0
0.000253 -0.001044 1118.0
0.000252 -0.001044 1119.0
0.000251 -0.001044 1120.0
0.000249 -0.001044 1121.0
0.000248 -0.001044 1122.0
0.000247 -0.001044 1123.0
0.000246 -0.001044 1124.0
0.000245 -0.001044 1125.0
0.000244 -0.001044 1126.0
0.000243 -0.001044 1127.0
0.000242 -0.001044 1128.0
0.000241 -0.001044 1129.0
0.000240 -0.001044 1130.0
0.000239 -0.001044 1131.0
0.000238 -0.001044 1132.0
0.000237 -0.001044 1133.0
0.000236 -0.001044 1134.0
0.000235 -0.001044 1135.0
0.000234 -0.001044 1136.0
0.000233 -0.001044 1137.0
0.000232 -0.001043 1138.0
0.000231 -0.001043 1139.0
0.000230 -0.001043 1140.0
0.000229 -0.001043 1141.0
0.000228 -0.001043 1142.0
0.000227 -0.001043 1143.0
0.000226 -0.001043 1144.0
0.000224 -0.001043 1145.0
0.000223 -0.001043 1146.0
0.000222 -0.001043 1147.0
0.000221 -0.001043 1148.0
0.000220 -0.001043 1149.0
0.000219 -0.001043 1150.0
0.000218 -0.001043 1151.0
0.000217 -0.001043 1152.0
0.000216 -0.001043 1153.0
0.000215 -0.001043 1154.0
0.000214 -0.001043 1155.0
0.000213 -0.001043 1156.0
0.000212 -0.001043 1157.0
0.000211 -0.001042 1158.0
0.000210 -0.001042 1159.0
0.000209 -0.001042 1160.0
0.000208 -0.001042 1161.0
0.000207 -0.001042 1162.0
0.000206 -0.001042 1163.0
0.000205 -0.001042 1164.0
0.000205 -0.001044 1165.0
0.000204 -0.001044 1166.0
0.000203 -0.001043 1167.0
0.000202 -0.001043 1168.0
0.000201 -0.001043 1169.0
0.000200 -0.001042 1170.0
0.000199 -0.001042 1171.0
0.000198 -0.001041 1172.0
0.000197 -0.001041 1173.0
0.000196 -0.001040 1174.0
0.000195 -0.001040 1175.0
0.000194 -0.001039 1176.0
0.000194 -0.001039 1177.0
0.000193 -0.001039 1178.0
0.000192 -0.001038 1179.0
0.000191 -0.001038 1180.0
0.000190 -0.001037 1181.0
0.000189 -0.001037 1182.0
0.000188 -0.001036 1183.0
0.000187 -0.001036 1184.0
0.000186 -0.001036 1185.0
0.000185 -0.001035 1186.0
0.000184 -0.001035 1187.0
0.000183 -0.001034 1188.0
0.000182 -0.001034 1189.0
0.000182 -0.001033 1190.0
0.000181 -0.001033 1191.0
0.000180 -0.001033 1192.0
0.000179 -0.001032 1193.0
0.000178 -0.001032 1194.0
0.000177 -0.001031 1195.0
0.000176 -0.001031 1196.0
0.000175 -0.001030 1197.0
0.000174 -0.001030 1198.0
0.000173 -0.001030 1199.0
0.000172 -0.001029 1200.0
0.000171 -0.001029 1201.0
0.000170 -0.001028 1202.0
0.000169 -0.001028 1203.0
0.000169 -0.001027 1204.0
0.000168 -0.001027 1205.0
0.000167 -0.001026 1206.0
0.000166 -0.001026 1207.0
0.000165 -0.001026 1208.0
0.000164 -0.001025 1209.0
0.000163 -0.001025 1210.0
0.000162 -0.001024 1211.0
0.000161 -0.001024 1212.0
0.000160 -0.001023 1213.0
0.000159 -0.001027 1214.0
0.000159 -0.001027 1215.0
0.000158 -0.001027 1216.0
0.000158 -0.001026 1217.0
0.000157 -0.001026 1218.0
0.000157 -0.001025 1219.0
0.000157 -0.001025 1220.0
0.000156 -0.001025 1221.0
0.000156 -0.001024 1222.0
0.000155 -0.001024 1223.0
0.000155 -0.001023 1224.0
0.000155 -0.001023 1225.0
0.000154 -0.001023 1226.0
0.000154 -0.001022 1227.0
0.000153 -0.001022 1228.0
0.000153 -0.001021 1229.0
0.000152 -0.001021 1230.0
0.000152 -0.001021 1231.0
0.000152 -0.001020 1232.0
0.000151 -0.001020 1233.0
0.000151 -0.001020 1234.0
0.000150 -0.001019 1235.0
0.000150 -0.001019 1236.0
0.000149 -0.001018 1237.0
0.000149 -0.001018 1238.0
0.000149 -0.001018 1239.0
0.000148 -0.001017 1240.0
0.000148 -0.001017 1241.0
0.000147 -0.001016 1242.0
0.000147 -0.001016 1243.0
0.000147 -0.001016 1244.0
0.000146 -0.001015 1245.0
0.000146 -0.001015 1246.0
0.000145 -0.001014 1247.0
0.000145 -0.001014 1248.0
0.000144 -0.001014 1249.0
0.000144 -0.001013 1250.0
0.000144 -0.001013 1251.0
0.000143 -0.001012 1252.0
0.000143 -0.001012 1253.0
0.000142 -0.001012 1254.0
0.000142 -0.001011 1255.0
0.000141 -0.001011 1256.0
0.000141 -0.001011 1257.0
0.000141 -0.001010 1258.0
0.000140 -0.001010 1259.0
0.000140 -0.001009 1260.0
0.000139 -0.001009 1261.0
0.000139 -0.001009 1262.0
0.000139 -0.001008 1263.0
0.000138 -0.001008 1264.0
0.000138 -0.001007 1265.0
0.000137 -0.001007 1266.0
0.000137 -0.001007 1267.0
0.000136 -0.001006 1268.0
0.000136 -0.001006 1269.0
0.000136 -0.001005 1270.0
0.000135 -0.001005 1271.0
0.000135 -0.001005 1272.0
0.000134 -0.001004 1273.0
0.000134 -0.001004 1274.0
0.000133 -0.001003 1275.0
0.000133 -0.001003 1276.0
0.000133 -0.001003 1277.0
0.000132 -0.001002 1278.0
0.000132 -0.001002 1279.0
0.000131 -0.001002 1280.0
0.000131 -0.001001 1281.0
0.000131 -0.001001 1282.0
0.000130 -0.001000 1283.0
0.000130 -0.001000 1284.0
0.000129 -0.001000 1285.0
0.000129 -0.000999 1286.0
0.000128 -0.000999 1287.0
0.000128 -0.000998 1288.0
0.000128 -0.000998 1289.0
0.000127 -0.000998 1290.0
0.000127 -0.000997 1291.0
0.000126 -0.000997 1292.0
0.000126 -0.000996 1293.0
0.000125 -0.000996 1294.0
0.000125 -0.000996 1295.0
0.000125 -0.000995 1296.0
0.000124 -0.000995 1297.0
0.000124 -0.000994 1298.0
0.000123 -0.000994 1299.0
0.000123 -0.000994 1300.0
0.000123 -0.000993 1301.0
0.000122 -0.000993 1302.0
0.000122 -0.000993 1303.0
0.000121 -0.000992 1304.0
0.000121 -0.000992 1305.0
0.000120 -0.000991 1306.0
0.000120 -0.000991 1307.0
0.000120 -0.000991 1308.0
0.000119 -0.000990 1309.0
0.000119 -0.000990 1310.0
0.000118 -0.000989 1311.0
0.000118 -0.000989 1312.0
0.000117 -0.000989 1313.0
0.000117 -0.000988 1314.0
0.000117 -0.000988 1315.0
0.000116 -0.000987 1316.0
0.000116 -0.000987 1317.0
0.000115 -0.000987 1318.0
0.000115 -0.000986 1319.0
0.000115 -0.000986 1320.0
0.000114 -0.000986 1321.0
0.000114 -0.000985 1322.0
0.000113 -0.000985 1323.0
0.000113 -0.000984 1324.0
0.000112 -0.000984 1325.0
0.000112 -0.000984 1326.0
0.000112 -0.000983 1327.0
0.000111 -0.000983 1328.0
0.000111 -0.000982 1329.0
0.000110 -0.000982 1330.0
0.000110 -0.000982 1331.0
0.000109 -0.000981 1332.0
0.000109 -0.000981 1333.0
0.000109 -0.000980 1334.0
0.000105 -0.000987 1335.0
0.000105 -0.000987 1336.0
0.000105 -0.000987 1337.0
0.000105 -0.000988 1338.0
0.000105 -0.000988 1339.0
0.000105 -0.000988 1340.0
0.000105 -0.000988 1341.0
0.000105 -0.000988 1342.0
0.000105 -0.000988 1343.0
0.000105 -0.000988 1344.0
0.000105 -0.000988 1345.0
0.000105 -0.000988 1346.0
0.000105 -0.000988 1347.0
0.000105 -0.000988 1348.0
0.000105 -0.000988 1349.0
0.000105 -0.000988 1350.0
0.000105 -0.000988 1351.0
0.000105 -0.000988 1352.0
0.000105 -0.000988 1353.0
0.000105 -0.000988 1354.0
0.000105 -0.000988 1355.0
0.000105 -0.000988 1356.0
0.000105 -0.000989 1357.0
0.000104 -0.000989 1358.0
0.000104 -0.000989 1359.0
0.000104 -0.000989 1360.0
0.000104 -0.000989 1361.0
0.000104 -0.000989 1362.0
0.000104 -0.000989 1363.0
0.000104 -0.000989 1364.0
0.000104 -0.000989 1365.0
0.000104 -0.000989 1366.0
0.000104 -0.000989 1367.0
0.000104 -0.000989 1368.0
0.000104 -0.000989 1369.0
0.000104 -0.000989 1370.0
0.000104 -0.000989 1371.0
0.000104 -0.000989 1372.0
0.000104 -0.000989 1373.0
0.000104 -0.000989 1374.0
0.000104 -0.000989 1375.0
0.000104 -0.000989 1376.0
0.000104 -0.000989 1377.0
0.000104 -0.000989 1378.0
0.000104 -0.000989 1379.0
0.000104 -0.000989 1380.0
0.000104 -0.000989 1381.0
0.000104 -0.000989 1382.0
0.000104 -0.000989 1383.0
0.000104 -0.000989 1384.0
0.000104 -0.000989 1385.0
0.000104 -0.000989 1386.0
0.000104 -0.000989 1387.0
0.000104 -0.000988 1388.0
0.000104 -0.000987 1389.0
0.000104 -0.000987 1390.0
0.000104 -0.000986 1391.0
0.000104 -0.000986 1392.0
0.000104 -0.000985 1393.0
0.000104 -0.000984 1394.0
0.000104 -0.000984 1395.0
0.000104 -0.000983 1396.0
0.000104 -0.000983 1397.0
0.000104 -0.000982 1398.0
0.000104 -0.000982 1399.0
0.000104 -0.000981 1400.0
0.000104 -0.000980 1401.0
0.000104 -0.000980 1402.0
0.000104 -0.000979 1403.0
0.000104 -0.000979 1404.0
0.000104 -0.000978 1405.0
0.000104 -0.000977 1406.0
0.000104 -0.000977 1407.0
0.000104 -0.000976 1408.0
0.000104 -0.000976 1409.0
0.000104 -0.000975 1410.0
0.000104 -0.000975 1411.0
0.000104 -0.000974 1412.0
0.000104 -0.000973 1413.0
0.000104 -0.000973 1414.0
0.000104 -0.000972 1415.0
0.000104 -0.000972 1416.0
0.000104 -0.000971 1417.0
0.000104 -0.000971 1418.0
0.000104 -0.000970 1419.0
0.000104 -0.000969 1420.0
0.000104 -0.000969 1421.0
0.000104 -0.000968 1422.0
0.000104 -0.000968 1423.0
0.000104 -0.000967 1424.0
0.000104 -0.000966 1425.0
0.000104 -0.000966 1426.0
0.000104 -0.000965 1427.0
0.000104 -0.000965 1428.0
0.000104 -0.000964 1429.0
0.000104 -0.000964 1430.0
0.000104 -0.000963 1431.0
0.000104 -0.000962 1432.0
0.000104 -0.000962 1433.0
0.000104 -0.000961 1434.0
0.000104 -0.000961 1435.0
0.000104 -0.000960 1436.0
0.000104 -0.000959 1437.0
0.000104 -0.000959 1438.0
0.000104 -0.000958 1439.0
0.000104 -0.000958 1440.0
0.000104 -0.000957 1441.0
0.000104 -0.000957 1442.0
0.000104 -0.000956 1443.0
0.000104 -0.000955 1444.0
0.000104 -0.000955 1445.0
0.000104 -0.000954 1446.0
0.000104 -0.000954 1447.0
0.000103 -0.000953 1448.0
0.000103 -0.000953 1449.0
0.000103 -0.000952 1450.0
0.000103 -0.000951 1451.0
0.000103 -0.000951 1452.0
0.000103 -0.000950 1453.0
0.000103 -0.000950 1454.0
0.000103 -0.000949 1455.0
0.000103 -0.000948 1456.0
0.000103 -0.000948 1457.0
0.000103 -0.000947 1458.0
0.000103 -0.000947 1459.0
0.000103 -0.000946 1460.0
0.000103 -0.000946 1461.0
0.000103 -0.000945 1462.0
0.000103 -0.000944 1463.0
0.000103 -0.000944 1464.0
0.000103 -0.000943 1465.0
0.000103 -0.000943 1466.0
0.000103 -0.000942 1467.0
0.000103 -0.000941 1468.0
0.000103 -0.000941 1469.0
0.000103 -0.000940 1470.0
0.000103 -0.000940 1471.0
0.000103 -0.000939 1472.0
0.000103 -0.000939 1473.0
0.000103 -0.000938 1474.0
0.000103 -0.000937 1475.0
0.000103 -0.000937 1476.0
0.000103 -0.000936 1477.0
0.000103 -0.000936 1478.0
0.000103 -0.000935 1479.0
0.000103 -0.000935 1480.0
0.000103 -0.000934 1481.0
0.000103 -0.000933 1482.0
0.000103 -0.000933 1483.0
0.000103 -0.000932 1484.0
0.000103 -0.000932 1485.0
0.000103 -0.000931 1486.0
0.000103 -0.000930 1487.0
0.000103 -0.000930 1488.0
0.000103 -0.000929 1489.0
0.000103 -0.000929 1490.0
0.000103 -0.000928 1491.0
0.000103 -0.000928 1492.0
0.000103 -0.000927 1493.0
0.000103 -0.000926 1494.0
0.000103 -0.000926 1495.0
0.000103 -0.000925 1496.0
0.000103 -0.000925 1497.0
0.000103 -0.000924 1498.0
0.000103 -0.000923 1499.0
0.000103 -0.000923 1500.0
0.000103 -0.000922 1501.0
0.000103 -0.000922 1502.0
0.000103 -0.000921 1503.0
0.000103 -0.000921 1504.0
0.000103 -0.000920 1505.0
0.000103 -0.000919 1506.0
0.000103 -0.000919 1507.0
0.000103 -0.000918 1508.0
0.000103 -0.000918 1509.0
0.000103 -0.000917 1510.0
0.000103 -0.000917 1511.0
0.000103 -0.000916 1512.0
0.000103 -0.000915 1513.0
0.000103 -0.000915 1514.0
0.000103 -0.000914 1515.0
0.000103 -0.000914 1516.0
0.000102 -0.000913 1517.0
0.000102 -0.000912 1518.0
0.000102 -0.000912 1519.0
0.000102 -0.000912 1520.0
0.000102 -0.000911 1521.0
0.000102 -0.000911 1522.0
0.000102 -0.000911 1523.0
0.000102 -0.000910 1524.0
0.000102 -0.000910 1525.0
0.000103 -0.000909 1526.0
0.000103 -0.000909 1527.0
0.000103 -0.000909 1528.0
0.000103 -0.000908 1529.0
0.000103 -0.000908 1530.0
0.000103 -0.000907 1531.0
0.000103 -0.000907 1532.0
0.000103 -0.000906 1533.0
0.000103 -0.000906 1534.0
0.000103 -0.000906 1535.0
0.000104 -0.000905 1536.0
0.000104 -0.000905 1537.0
0.000104 -0.000904 1538.0
0.000104 -0.000904 1539.0
0.000104 -0.000904 1540.0
0.000104 -0.000903 1541.0
0.000104 -0.000903 1542.0
0.000104 -0.000902 1543.0
0.000104 -0.000902 1544.0
0.000104 -0.000902 1545.0
0.000105 -0.000901 1546.0
0.000105 -0.000901 1547.0
0.000105 -0.000900 1548.0
0.000105 -0.000900 1549.0
0.000105 -0.000899 1550.0
0.000105 -0.000899 1551.0
0.000105 -0.000899 1552.0
0.000105 -0.000898 1553.0
0.000105 -0.000898 1554.0
0.000105 -0.000897 1555.0
0.000106 -0.000897 1556.0
0.000106 -0.000897 1557.0
0.000106 -0.000896 1558.0
0.000106 -0.000896 1559.0
0.000106 -0.000895 1560.0
0.000106 -0.000895 1561.0
0.000106 -0.000894 1562.0
0.000106 -0.000894 1563.0
0.000106 -0.000894 1564.0
0.000106 -0.000893 1565.0
0.000107 -0.000893 1566.0
0.000107 -0.000892 1567.0
0.000107 -0.000892 1568.0
0.000107 -0.000892 1569.0
0.000107 -0.000891 1570.0
0.000107 -0.000891 1571.0
0.000107 -0.000890 1572.0
0.000107 -0.000890 1573.0
0.000107 -0.000889 1574.0
0.000107 -0.000889 1575.0
0.000108 -0.000889 1576.0
0.000108 -0.000888 1577.0
0.000109 -0.000889 1578.0
0.000109 -0.000889 1579.0
0.000109 -0.000889 1580.0
0.000109 -0.000889 1581.0
0.000109 -0.000889 1582.0
0.000109 -0.000889 1583.0
0.000109 -0.000889 1584.0
0.000109 -0.000889 1585.0
0.000109 -0.000889 1586.0
0.000109 -0.000889 1587.0
0.000109 -0.000889 1588.0
0.000109 -0.000889 1589.0
0.000109 -0.000889 1590.0
0.000109 -0.000889 1591.0
0.000109 -0.000889 1592.0
0.000111 -0.000886 1593.0
0.000114 -0.000883 1594.0
0.000116 -0.000880 1595.0
0.000119 -0.000877 1596.0
0.000121 -0.000874 1597.0
0.000124 -0.000871 1598.0
0.000126 -0.000868 1599.0
0.000129 -0.000865 1600.0
0.000131 -0.000862 1601.0
0.000134 -0.000859 1602.0
0.000136 -0.000856 1603.0
0.000138 -0.000854 1604.0
0.000141 -0.000851 1605.0
0.000143 -0.000848 1606.0
0.000146 -0.000845 1607.0
0.000148 -0.000842 1608.0
0.000151 -0.000839 1609.0
0.000153 -0.000836 1610.0
0.000156 -0.000833 1611.0
0.000158 -0.000830 1612.0
0.000163 -0.000837 1613.0
0.000165 -0.000836 1614.0
0.000166 -0.000835 1615.0
0.000167 -0.000834 1616.0
0.000169 -0.000833 1617.0
0.000170 -0.000831 1618.0
0.000172 -0.000830 1619.0
0.000173 -0.000829 1620.0
0.000174 -0.000828 1621.0
0.000176 -0.000826 1622.0
0.000177 -0.000825 1623.0
0.000179 -0.000824 1624.0
0.000180 -0.000823 1625.0
0.000181 -0.000822 1626.0
0.000183 -0.000820 1627.0
0.000184 -0.000819 1628.0
0.000186 -0.000818 1629.0
0.000187 -0.000817 1630.0
0.000188 -0.000815 1631.0
0.000190 -0.000814 1632.0
0.000191 -0.000813 1633.0
0.000193 -0.000812 1634.0
0.000194 -0.000811 1635.0
0.000195 -0.000809 1636.0
0.000197 -0.000808 1637.0
0.000198 -0.000807 1638.0
0.000200 -0.000806 1639.0
0.000201 -0.000805 1640.0
0.000202 -0.000803 1641.0
0.000204 -0.000802 1642.0
0.000205 -0.000801 1643.0
0.000207 -0.000800 1644.0
0.000208 -0.000798 1645.0
0.000209 -0.000797 1646.0
0.000211 -0.000796 1647.0
0.000212 -0.000795 1648.0
0.000214 -0.000794 1649.0
0.000215 -0.000792 1650.0
0.000216 -0.000791 1651.0
0.000218 -0.000790 1652.0
0.000219 -0.000789 1653.0
0.000221 -0.000787 1654.0
0.000222 -0.000786 1655.0
0.000223 -0.000785 1656.0
0.000225 -0.000784 1657.0
0.000226 -0.000783 1658.0
0.000228 -0.000781 1659.0
0.000229 -0.000780 1660.0
0.000230 -0.000779 1661.0
0.000232 -0.000778 1662.0
0.000233 -0.000777 1663.0
0.000235 -0.000775 1664.0
0.000236 -0.000774 1665.0
0.000237 -0.000773 1666.0
0.000239 -0.000772 1667.0
0.000240 -0.000770 1668.0
0.000242 -0.000769 1669.0
0.000243 -0.000768 1670.0
0.000244 -0.000767 1671.0
0.000246 -0.000766 1672.0
0.000247 -0.000764 1673.0
0.000249 -0.000763 1674.0
0.000254 -0.000774 1675.0
0.000255 -0.000770 1676.0
0.000257 -0.000765 1677.0
0.000258 -0.000760 1678.0
0.000259 -0.000756 1679.0
0.000260 -0.000751 1680.0
0.000261 -0.000746 1681.0
0.000263 -0.000741 1682.0
0.000264 -0.000737 1683.0
0.000265 -0.000732 1684.0
0.000267 -0.000733 1685.0
0.000268 -0.000732 1686.0
0.000268 -0.000730 1687.0
0.000269 -0.000729 1688.0
0.000270 -0.000728 1689.0
0.000270 -0.000726 1690.0
0.000271 -0.000725 1691.0
0.000271 -0.000724 1692.0
0.000272 -0.000722 1693.0
0.000272 -0.000721 1694.0
0.000273 -0.000720 1695.0
0.000273 -0.000718 1696.0
0.000274 -0.000717 1697.0
0.000274 -0.000716 1698.0
0.000275 -0.000714 1699.0
0.000276 -0.000713 1700.0
0.000276 -0.000712 1701.0
0.000277 -0.000710 1702.0
0.000277 -0.000709 1703.0
0.000278 -0.000708 1704.0
0.000278 -0.000706 1705.0
0.000279 -0.000705 1706.0
0.000279 -0.000704 1707.0
0.000280 -0.000702 1708.0
0.000280 -0.000701 1709.0
0.000281 -0.000700 1710.0
0.000282 -0.000698 1711.0
0.000282 -0.000697 1712.0
0.000283 -0.000696 1713.0
0.000283 -0.000694 1714.0
0.000284 -0.000693 1715.0
0.000284 -0.000692 1716.0
0.000285 -0.000690 1717.0
0.000285 -0.000689 1718.0
0.000286 -0.000688 1719.0
0.000287 -0.000686 1720.0
0.000287 -0.000685 1721.0
0.000288 -0.000684 1722.0
0.000288 -0.000682 1723.0
0.000289 -0.000681 1724.0
0.000289 -0.000680 1725.0
0.000290 -0.000678 1726.0
0.000290 -0.000677 1727.0
0.000291 -0.000676 1728.0
0.000291 -0.000674 1729.0
0.000292 -0.000673 1730.0
0.000293 -0.000672 1731.0
0.000293 -0.000670 1732.0
0.000294 -0.000669 1733.0
0.000294 -0.000668 1734.0
0.000295 -0.000666 1735.0
0.000295 -0.000665 1736.0
0.000296 -0.000664 1737.0
0.000296 -0.000662 1738.0
0.000297 -0.000661 1739.0
0.000297 -0.000660 1740.0
0.000298 -0.000658 1741.0
0.000299 -0.000657 1742.0
0.000299 -0.000656 1743.0
0.000300 -0.000654 1744.0
0.000300 -0.000653 1745.0
0.000301 -0.000652 1746.0
0.000301 -0.000650 1747.0
0.000302 -0.000649 1748.0
0.000302 -0.000648 1749.0
0.000303 -0.000646 1750.0
0.000303 -0.000645 1751.0
0.000304 -0.000644 1752.0
0.000305 -0.000642 1753.0
0.000305 -0.000641 1754.0
0.000306 -0.000640 1755.0
0.000306 -0.000638 1756.0
0.000307 -0.000637 1757.0
0.000307 -0.000636 1758.0
0.000308 -0.000634 1759.0
0.000308 -0.000633 1760.0
0.000309 -0.000632 1761.0
0.000309 -0.000630 1762.0
0.000310 -0.000629 1763.0
0.000311 -0.000628 1764.0
0.000311 -0.000626 1765.0
0.000312 -0.000625 1766.0
0.000312 -0.000624 1767.0
0.000313 -0.000622 1768.0
0.000313 -0.000621 1769.0
0.000314 -0.000620 1770.0
0.000314 -0.000618 1771.0
0.000315 -0.000617 1772.0
0.000316 -0.000616 1773.0
0.000316 -0.000614 1774.0
0.000317 -0.000613 1775.0
0.000317 -0.000612 1776.0
0.000318 -0.000610 1777.0
0.000318 -0.000609 1778.0
0.000319 -0.000608 1779.0
0.000319 -0.000606 1780.0
0.000320 -0.000605 1781.0
0.000320 -0.000604 1782.0
0.000321 -0.000602 1783.0
0.000322 -0.000601 1784.0
0.000322 -0.000600 1785.0
0.000323 -0.000598 1786.0
0.000323 -0.000597 1787.0
0.000324 -0.000596 1788.0
0.000324 -0.000594 1789.0
0.000325 -0.000593 1790.0
0.000325 -0.000592 1791.0
0.000326 -0.000590 1792.0
0.000326 -0.000589 1793.0
0.000327 -0.000588 1794.0
0.000328 -0.000586 1795.0
0.000328 -0.000585 1796.0
0.000329 -0.000584 1797.0
0.000329 -0.000582 1798.0
0.000330 -0.000581 1799.0
0.000330 -0.000580 1800.0
0.000331 -0.000578 1801.0
0.000331 -0.000577 1802.0
0.000332 -0.000576 1803.0
0.000332 -0.000574 1804.0
0.000333 -0.000573 1805.0
0.000334 -0.000572 1806.0
0.000334 -0.000570 1807.0
0.000335 -0.000569 1808.0
0.000335 -0.000568 1809.0
0.000336 -0.000566 1810.0
0.000336 -0.000565 1811.0
0.000337 -0.000564 1812.0
0.000337 -0.000562 1813.0
0.000338 -0.000561 1814.0
0.000339 -0.000560 1815.0
0.000339 -0.000558 1816.0
0.000340 -0.000557 1817.0
0.000340 -0.000556 1818.0
0.000341 -0.000554 1819.0
0.000341 -0.000553 1820.0
0.000342 -0.000552 1821.0
0.000342 -0.000550 1822.0
0.000343 -0.000549 1823.0
0.000343 -0.000548 1824.0
0.000344 -0.000546 1825.0
0.000345 -0.000545 1826.0
0.000345 -0.000544 1827.0
0.000346 -0.000542 1828.0
0.000346 -0.000541 1829.0
0.000347 -0.000540 1830.0
0.000347 -0.000538 1831.0
0.000348 -0.000537 1832.0
0.000348 -0.000536 1833.0
0.000349 -0.000534 1834.0
0.000349 -0.000533 1835.0
0.000350 -0.000532 1836.0
0.000351 -0.000530 1837.0
0.000351 -0.000529 1838.0
0.000352 -0.000528 1839.0
0.000352 -0.000526 1840.0
0.000353 -0.000525 1841.0
0.000353 -0.000524 1842.0
0.000354 -0.000522 1843.0
0.000354 -0.000521 1844.0
0.000355 -0.000520 1845.0
0.000355 -0.000518 1846.0
0.000356 -0.000517 1847.0
0.000357 -0.000516 1848.0
0.000357 -0.000514 1849.0
0.000358 -0.000513 1850.0
0.000358 -0.000512 1851.0
0.000359 -0.000510 1852.0
0.000359 -0.000509 1853.0
0.000360 -0.000508 1854.0
0.000360 -0.000506 1855.0
0.000361 -0.000505 1856.0
0.000361 -0.000504 1857.0
0.000362 -0.000502 1858.0
0.000363 -0.000501 1859.0
0.000363 -0.000500 1860.0
0.000364 -0.000499 1861.0
0.000364 -0.000497 1862.0
0.000365 -0.000496 1863.0
0.000365 -0.000495 1864.0
0.000366 -0.000493 1865.0
0.000366 -0.000492 1866.0
0.000367 -0.000491 1867.0
0.000368 -0.000489 1868.0
0.000368 -0.000488 1869.0
0.000369 -0.000487 1870.0
0.000369 -0.000485 1871.0
0.000370 -0.000484 1872.0
0.000370 -0.000483 1873.0
0.000371 -0.000481 1874.0
0.000371 -0.000480 1875.0
0.000372 -0.000479 1876.0
0.000372 -0.000477 1877.0
0.000373 -0.000476 1878.0
0.000374 -0.000475 1879.0
0.000374 -0.000473 1880.0
0.000375 -0.000472 1881.0
0.000375 -0.000471 1882.0
0.000376 -0.000469 1883.0
0.000376 -0.000468 1884.0
0.000377 -0.000467 1885.0
0.000377 -0.000465 1886.0
0.000378 -0.000464 1887.0
0.000378 -0.000463 1888.0
0.000379 -0.000461 1889.0
0.000380 -0.000460 1890.0
0.000380 -0.000459 1891.0
0.000381 -0.000457 1892.0
0.000381 -0.000456 1893.0
0.000382 -0.000455 1894.0
0.000382 -0.000453 1895.0
0.000383 -0.000452 1896.0
0.000383 -0.000451 1897.0
0.000384 -0.000449 1898.0
0.000384 -0.000448 1899.0
0.000385 -0.000447 1900.0
0.000386 -0.000445 1901.0
0.000386 -0.000444 1902.0
0.000387 -0.000443 1903.0
0.000387 -0.000441 1904.0
0.000388 -0.000440 1905.0
0.000388 -0.000439 1906.0
0.000389 -0.000437 1907.0
0.000389 -0.000436 1908.0
0.000390 -0.000435 1909.0
0.000391 -0.000433 1910.0
0.000391 -0.000432 1911.0
0.000392 -0.000431 1912.0
0.000392 -0.000429 1913.0
0.000393 -0.000428 1914.0
0.000393 -0.000427 1915.0
0.000394 -0.000425 1916.0
0.000394 -0.000424 1917.0
0.000395 -0.000423 1918.0
0.000395 -0.000421 1919.0
0.000396 -0.000420 1920.0
0.000397 -0.000419 1921.0
0.000397 -0.000417 1922.0
0.000398 -0.000416 1923.0
0.000398 -0.000415 1924.0
0.000399 -0.000413 1925.0
0.000399 -0.000412 1926.0
0.000400 -0.000411 1927.0
0.000424 -0.000428 1928.0
0.000424 -0.000428 1929.0
0.000424 -0.000428 1930.0
0.000424 -0.000428 1931.0
0.000424 -0.000428 1932.0
0.000424 -0.000428 1933.0
0.000424 -0.000428 1934.0
0.000424 -0.000428 1935.0
0.000424 -0.000428 1936.0
0.000424 -0.000428 1937.0
0.000424 -0.000428 1938.0
0.000424 -0.000429 1939.0
0.000424 -0.000429 1940.0
0.000424 -0.000429 1941.0
0.000424 -0.000429 1942.0
0.000424 -0.000429 1943.0
0.000424 -0.000429 1944.0
0.000424 -0.000429 1945.0
0.000424 -0.000429 1946.0
0.000424 -0.000429 1947.0
0.000424 -0.000429 1948.0
0.000424 -0.000429 1949.0
0.000424 -0.000429 1950.0
0.000424 -0.000429 1951.0
0.000424 -0.000429 1952.0
0.000424 -0.000429 1953.0
0.000424 -0.000429 1954.0
0.000424 -0.000429 1955.0
0.000424 -0.000429 1956.0
0.000424 -0.000429 1957.0
0.000424 -0.000429 1958.0
0.000424 -0.000429 1959.0
0.000424 -0.000429 1960.0
0.000424 -0.000429 1961.0
0.000424 -0.000429 1962.0
0.000424 -0.000429 1963.0
0.000424 -0.000429 1964.0
0.000424 -0.000429 1965.0
0.000424 -0.000429 1966.0
0.000424 -0.000429 1967.0
0.000424 -0.000429 1968.0
0.000424 -0.000429 1969.0
0.000424 -0.000429 1970.0
0.000424 -0.000429 1971.0
0.000424 -0.000429 1972.0
0.000424 -0.000429 1973.0
0.000424 -0.000429 1974.0
0.000424 -0.000429 1975.0
0.000424 -0.000429 1976.0
0.000424 -0.000429 1977.0
0.000424 -0.000429 1978.0
0.000424 -0.000429 1979.0
0.000424 -0.000429 1980.0
0.000424 -0.000429 1981.0
0.000424 -0.000429 1982.0
0.000424 -0.000429 1983.0
0.000424 -0.000429 1984.0
0.000424 -0.000429 1985.0
0.000424 -0.000429 1986.0
0.000424 -0.000429 1987.0
0.000424 -0.000429 1988.0
0.000424 -0.000429 1989.0
0.000424 -0.000429 1990.0
0.000424 -0.000429 1991.0
0.000424 -0.000429 1992.0
0.000424 -0.000429 1993.0
0.000424 -0.000429 1994.0
0.000424 -0.000429 1995.0
0.000424 -0.000429 1996.0
0.000424 -0.000429 1997.0
0.000424 -0.000429 1998.0
0.000424 -0.000429 1999.0
0.000424 -0.000429 2000.0
0.000424 -0.000429 2001.0
0.000424 -0.000429 2002.0
0.000424 -0.000429 2003.0
0.000424 -0.000429 2004.0
0.000424 -0.000429 2005.0
0.000424 -0.000429 2006.0
0.000424 -0.000429 2007.0
0.000424 -0.000429 2008.0
0.000424 -0.000429 2009.0
0.000424 -0.000429 2010.0
0.000424 -0.000429 2011.0
0.000424 -0.000429 2012.0
0.000424 -0.000429 2013.0
0.000424 -0.000429 2014.0
0.000424 -0.000429 2015.0
0.000424 -0.000429 2016.0
0.000424 -0.000429 2017.0
0.000424 -0.000429 2018.0
0.000424 -0.000429 2019.0
0.000424 -0.000429 2020.0
0.000424 -0.000429 2021.0
0.000424 -0.000429 2022.0
0.000424 -0.000429 2023.0
0.000424 -0.000429 2024.0
0.000424 -0.000429 2025.0
0.000424 -0.000429 2026.0
0.000424 -0.000429 2027.0
0.000424 -0.000429 2028.0
0.000424 -0.000429 2029.0
0.000424 -0.000429 2030.0
0.000424 -0.000429 2031.0
0.000424 -0.000429 2032.0
0.000424 -0.000429 2033.0
0.000424 -0.000429 2034.0
0.000424 -0.000429 2035.0
0.000424 -0.000429 2036.0
0.000424 -0.000429 2037.0
0.000424 -0.000429 2038.0
0.000424 -0.000429 2039.0
0.000424 -0.000429 2040.0
0.000424 -0.000429 2041.0
0.000424 -0.000429 2042.0
0.000424 -0.000429 2043.0
0.000424 -0.000429 2044.0
0.000424 -0.000429 2045.0
0.000424 -0.000429 2046.0
0.000424 -0.000429 2047.0
0.000424 -0.000429 2048.0
0.000424 -0.000429 2049.0
