0.000692 -0.000481 43.0
0.000693 -0.000480 44.0
0.000693 -0.000480 45.0
0.000694 -0.000479 46.0
0.000694 -0.000479 47.0
0.000694 -0.000478 48.0
0.000695 -0.000477 49.0
0.000695 -0.000477 50.0
0.000696 -0.000476 51.0
0.000696 -0.000475 52.0
0.000696 -0.000475 53.0
0.000697 -0.000474 54.0
0.000697 -0.000473 55.0
0.000697 -0.000473 56.0
0.000698 -0.000472 57.0
0.000698 -0.000471 58.0
0.000699 -0.000471 59.0
0.000699 -0.000470 60.0
0.000699 -0.000470 61.0
0.000700 -0.000469 62.0
0.000700 -0.000468 63.0
0.000701 -0.000468 64.0
0.000701 -0.000467 65.0
0.000701 -0.000466 66.0
0.000702 -0.000466 67.0
0.000702 -0.000465 68.0
0.000703 -0.000464 69.0
0.000703 -0.000464 70.0
0.000703 -0.000463 71.0
0.000704 -0.000463 72.0
0.000704 -0.000462 73.0
0.000704 -0.000461 74.0
0.000705 -0.000461 75.0
0.000705 -0.000460 76.0
0.000706 -0.000459 77.0
0.000706 -0.000459 78.0
0.000706 -0.000458 79.0
0.000707 -0.000457 80.0
0.000707 -0.000457 81.0
0.000708 -0.000456 82.0
0.000708 -0.000455 83.0
0.000708 -0.000455 84.0
0.000709 -0.000454 85.0
0.000709 -0.000454 86.0
0.000709 -0.000453 87.0
0.000710 -0.000452 88.0
0.000710 -0.000452 89.0
0.000711 -0.000451 90.0
0.000711 -0.000450 91.0
0.000711 -0.000450 92.0
0.000712 -0.000449 93.0
0.000712 -0.000448 94.0
0.000713 -0.000448 95.0
0.000713 -0.000447 96.0
0.000713 -0.000447 97.0
0.000714 -0.000446 98.0
0.000714 -0.000445 99.0
0.000714 -0.000445 100.0
0.000715 -0.000444 101.0
0.000715 -0.000443 102.0
0.000718 -0.000447 103.0
0.000718 -0.000447 104.0
0.000718 -0.000446 105.0
0.000718 -0.000446 106.0
0.000718 -0.000446 107.0
0.000718 -0.000446 108.0
0.000718 -0.000445 109.0
0.000718 -0.000445 110.0
0.000718 -0.000445 111.0
0.000718 -0.000445 112.0
0.000718 -0.000445 113.0
0.000718 -0.000444 114.0
0.000717 -0.000444 115.0
0.000717 -0.000444 116.0
0.000717 -0.000444 117.0
0.000717 -0.000443 118.0
0.000717 -0.000443 119.0
0.000717 -0.000443 120.0
0.000717 -0.000443 121.0
0.000717 -0.000443 122.0
0.000717 -0.000442 123.0
0.000717 -0.000442 124.0
0.000717 -0.000442 125.0
0.000717 -0.000442 126.0
0.000716 -0.000441 127.0
0.000716 -0.000441 128.0
0.000716 -0.000441 129.0
0.000716 -0.000441 130.0
0.000716 -0.000441 131.0
0.000716 -0.000440 132.0
0.000716 -0.000440 133.0
0.000716 -0.000440 134.0
0.000716 -0.000440 135.0
0.000716 -0.000439 136.0
0.000716 -0.000439 137.0
0.000716 -0.000439 138.0
0.000715 -0.000439 139.0
0.000715 -0.000439 140.0
0.000715 -0.000438 141.0
0.000715 -0.000438 142.0
0.000715 -0.000438 143.0
0.000715 -0.000438 144.0
0.000715 -0.000437 145.0
0.000715 -0.000437 146.0
0.000715 -0.000437 147.0
0.000715 -0.000437 148.0
0.000715 -0.000437 149.0
0.000714 -0.000436 150.0
0.000714 -0.000436 151.0
0.000714 -0.000436 152.0
0.000714 -0.000436 153.0
0.000714 -0.000435 154.0
0.000714 -0.000435 155.0
0.000714 -0.000435 156.0
0.000714 -0.000435 157.0
0.000714 -0.000435 158.0
0.000714 -0.000434 159.0
0.000714 -0.000434 160.0
0.000714 -0.000434 161.0
0.000713 -0.000434 162.0
0.000713 -0.000433 163.0
0.000712 -0.000434 164.0
0.000712 -0.000434 165.0
0.000712 -0.000433 166.0
0.000711 -0.000432 167.0
0.000711 -0.000432 168.0
0.000710 -0.000431 169.0
0.000710 -0.000431 170.0
0.000710 -0.000430 171.0
0.000709 -0.000430 172.0
0.000709 -0.000429 173.0
0.000709 -0.000429 174.0
0.000708 -0.000428 175.0
0.000708 -0.000428 176.0
0.000707 -0.000427 177.0
0.000707 -0.000427 178.0
0.000707 -0.000426 179.0
0.000706 -0.000425 180.0
0.000706 -0.000425 181.0
0.000706 -0.000424 182.0
0.000705 -0.000424 183.0
0.000705 -0.000423 184.0
0.000704 -0.000423 185.0
0.000704 -0.000422 186.0
0.000704 -0.000422 187.0
0.000703 -0.000421 188.0
0.000703 -0.000421 189.0
0.000702 -0.000420 190.0
0.000702 -0.000420 191.0
0.000702 -0.000419 192.0
0.000701 -0.000418 193.0
0.000701 -0.000418 194.0
0.000701 -0.000417 195.0
0.000700 -0.000417 196.0
0.000700 -0.000416 197.0
0.000699 -0.000416 198.0
0.000699 -0.000415 199.0
0.000699 -0.000415 200.0
0.000698 -0.000414 201.0
0.000698 -0.000414 202.0
0.000697 -0.000413 203.0
0.000697 -0.000413 204.0
0.000697 -0.000412 205.0
0.000696 -0.000411 206.0
0.000696 -0.000411 207.0
0.000696 -0.000410 208.0
0.000695 -0.000410 209.0
0.000695 -0.000409 210.0
0.000694 -0.000409 211.0
0.000694 -0.000408 212.0
0.000694 -0.000408 213.0
0.000693 -0.000407 214.0
0.000693 -0.000407 215.0
0.000693 -0.000406 216.0
0.000692 -0.000406 217.0
0.000692 -0.000405 218.0
0.000691 -0.000405 219.0
0.000691 -0.000404 220.0
0.000691 -0.000403 221.0
0.000690 -0.000403 222.0
0.000690 -0.000402 223.0
0.000687 -0.000406 224.0
0.000688 -0.000404 225.0
0.000689 -0.000403 226.0
0.000690 -0.000402 227.0
0.000691 -0.000400 228.0
0.000692 -0.000399 229.0
0.000693 -0.000398 230.0
0.000694 -0.000396 231.0
0.000695 -0.000395 232.0
0.000696 -0.000394 233.0
0.000697 -0.000392 234.0
0.000697 -0.000391 235.0
0.000698 -0.000390 236.0
0.000699 -0.000389 237.0
0.000700 -0.000387 238.0
0.000701 -0.000386 239.0
0.000702 -0.000385 240.0
0.000703 -0.000383 241.0
0.000704 -0.000382 242.0
0.000705 -0.000381 243.0
0.000706 -0.000379 244.0
0.000707 -0.000378 245.0
0.000708 -0.000377 246.0
0.000709 -0.000375 247.0
0.000710 -0.000374 248.0
0.000711 -0.000373 249.0
0.000712 -0.000371 250.0
0.000713 -0.000370 251.0
0.000714 -0.000369 252.0
0.000714 -0.000367 253.0
0.000715 -0.000366 254.0
0.000716 -0.000365 255.0
0.000717 -0.000363 256.0
0.000718 -0.000362 257.0
0.000719 -0.000361 258.0
0.000720 -0.000359 259.0
0.000721 -0.000358 260.0
0.000722 -0.000357 261.0
0.000723 -0.000355 262.0
0.000724 -0.000354 263.0
0.000725 -0.000353 264.0
0.000726 -0.000351 265.0
0.000727 -0.000350 266.0
0.000728 -0.000349 267.0
0.000729 -0.000347 268.0
0.000730 -0.000346 269.0
0.000731 -0.000345 270.0
0.000731 -0.000343 271.0
0.000732 -0.000342 272.0
0.000733 -0.000341 273.0
0.000734 -0.000339 274.0
0.000735 -0.000338 275.0
0.000736 -0.000337 276.0
0.000737 -0.000335 277.0
0.000738 -0.000334 278.0
0.000739 -0.000333 279.0
0.000740 -0.000332 280.0
0.000741 -0.000330 281.0
0.000742 -0.000329 282.0
0.000743 -0.000328 283.0
0.000744 -0.000326 284.0
0.000745 -0.000325 285.0
0.000752 -0.000334 286.0
0.000753 -0.000332 287.0
0.000754 -0.000330 288.0
0.000755 -0.000329 289.0
0.000756 -0.000327 290.0
0.000758 -0.000326 291.0
0.000759 -0.000324 292.0
0.000760 -0.000323 293.0
0.000761 -0.000321 294.0
0.000762 -0.000319 295.0
0.000764 -0.000318 296.0
0.000765 -0.000316 297.0
0.000766 -0.000315 298.0
0.000767 -0.000313 299.0
0.000769 -0.000312 300.0
0.000770 -0.000310 301.0
0.000771 -0.000309 302.0
0.000772 -0.000307 303.0
0.000773 -0.000305 304.0
0.000775 -0.000304 305.0
0.000776 -0.000302 306.0
0.000777 -0.000301 307.0
0.000778 -0.000299 308.0
0.000779 -0.000298 309.0
0.000781 -0.000296 310.0
0.000782 -0.000294 311.0
0.000783 -0.000293 312.0
0.000784 -0.000291 313.0
0.000785 -0.000290 314.0
0.000787 -0.000288 315.0
0.000788 -0.000287 316.0
0.000789 -0.000285 317.0
0.000790 -0.000284 318.0
0.000792 -0.000282 319.0
0.000793 -0.000280 320.0
0.000794 -0.000279 321.0
0.000795 -0.000277 322.0
0.000796 -0.000276 323.0
0.000798 -0.000274 324.0
0.000799 -0.000273 325.0
0.000800 -0.000271 326.0
0.000801 -0.000270 327.0
0.000802 -0.000268 328.0
0.000804 -0.000266 329.0
0.000805 -0.000265 330.0
0.000806 -0.000263 331.0
0.000807 -0.000262 332.0
0.000808 -0.000260 333.0
0.000810 -0.000259 334.0
0.000811 -0.000257 335.0
0.000812 -0.000255 336.0
0.000813 -0.000254 337.0
0.000815 -0.000252 338.0
0.000816 -0.000251 339.0
0.000817 -0.000249 340.0
0.000818 -0.000248 341.0
0.000819 -0.000246 342.0
0.000821 -0.000245 343.0
0.000822 -0.000243 344.0
0.000823 -0.000241 345.0
0.000831 -0.000252 346.0
0.000832 -0.000250 347.0
0.000833 -0.000249 348.0
0.000834 -0.000247 349.0
0.000835 -0.000245 350.0
0.000836 -0.000243 351.0
0.000838 -0.000242 352.0
0.000839 -0.000240 353.0
0.000840 -0.000238 354.0
0.000841 -0.000236 355.0
0.000842 -0.000235 356.0
0.000843 -0.000233 357.0
0.000844 -0.000231 358.0
0.000845 -0.000230 359.0
0.000847 -0.000228 360.0
0.000848 -0.000226 361.0
0.000849 -0.000224 362.0
0.000850 -0.000223 363.0
0.000851 -0.000221 364.0
0.000852 -0.000219 365.0
0.000853 -0.000217 366.0
0.000854 -0.000216 367.0
0.000856 -0.000214 368.0
0.000857 -0.000212 369.0
0.000858 -0.000211 370.0
0.000859 -0.000209 371.0
0.000860 -0.000207 372.0
0.000861 -0.000205 373.0
0.000862 -0.000204 374.0
0.000863 -0.000202 375.0
0.000865 -0.000200 376.0
0.000866 -0.000198 377.0
0.000867 -0.000197 378.0
0.000868 -0.000195 379.0
0.000869 -0.000193 380.0
0.000870 -0.000192 381.0
0.000871 -0.000190 382.0
0.000873 -0.000188 383.0
0.000874 -0.000186 384.0
0.000875 -0.000185 385.0
0.000876 -0.000183 386.0
0.000877 -0.000181 387.0
0.000878 -0.000179 388.0
0.000879 -0.000178 389.0
0.000880 -0.000176 390.0
0.000882 -0.000174 391.0
0.000883 -0.000173 392.0
0.000884 -0.000171 393.0
0.000885 -0.000169 394.0
0.000886 -0.000167 395.0
0.000887 -0.000166 396.0
0.000888 -0.000164 397.0
0.000889 -0.000162 398.0
0.000891 -0.000160 399.0
0.000892 -0.000159 400.0
0.000893 -0.000157 401.0
0.000894 -0.000155 402.0
0.000895 -0.000154 403.0
0.000896 -0.000152 404.0
0.000897 -0.000150 405.0
0.000898 -0.000148 406.0
0.000907 -0.000158 407.0
0.000908 -0.000157 408.0
0.000908 -0.000156 409.0
0.000908 -0.000154 410.0
0.000909 -0.000153 411.0
0.000909 -0.000151 412.0
0.000909 -0.000150 413.0
0.000910 -0.000148 414.0
0.000910 -0.000147 415.0
0.000910 -0.000145 416.0
0.000911 -0.000144 417.0
0.000911 -0.000143 418.0
0.000911 -0.000141 419.0
0.000912 -0.000140 420.0
0.000912 -0.000138 421.0
0.000912 -0.000137 422.0
0.000913 -0.000135 423.0
0.000913 -0.000134 424.0
0.000913 -0.000132 425.0
0.000914 -0.000131 426.0
0.000914 -0.000130 427.0
0.000915 -0.000128 428.0
0.000915 -0.000127 429.0
0.000915 -0.000125 430.0
0.000916 -0.000124 431.0
0.000916 -0.000122 432.0
0.000916 -0.000121 433.0
0.000917 -0.000119 434.0
0.000917 -0.000118 435.0
0.000917 -0.000117 436.0
0.000918 -0.000115 437.0
0.000918 -0.000114 438.0
0.000918 -0.000112 439.0
0.000919 -0.000111 440.0
0.000919 -0.000109 441.0
0.000919 -0.000108 442.0
0.000920 -0.000106 443.0
0.000920 -0.000105 444.0
0.000920 -0.000104 445.0
0.000921 -0.000102 446.0
0.000921 -0.000101 447.0
0.000921 -0.000099 448.0
0.000922 -0.000098 449.0
0.000922 -0.000096 450.0
0.000922 -0.000095 451.0
0.000923 -0.000094 452.0
0.000923 -0.000092 453.0
0.000923 -0.000091 454.0
0.000924 -0.000089 455.0
0.000924 -0.000088 456.0
0.000925 -0.000086 457.0
0.000925 -0.000085 458.0
0.000925 -0.000083 459.0
0.000926 -0.000082 460.0
0.000926 -0.000081 461.0
0.000926 -0.000079 462.0
0.000927 -0.000078 463.0
0.000927 -0.000076 464.0
0.000927 -0.000075 465.0
0.000928 -0.000073 466.0
0.000932 -0.000075 467.0
0.000933 -0.000071 468.0
0.000934 -0.000067 469.0
0.000934 -0.000063 470.0
0.000935 -0.000059 471.0
0.000936 -0.000055 472.0
0.000937 -0.000050 473.0
0.000938 -0.000046 474.0
0.000938 -0.000042 475.0
0.000939 -0.000038 476.0
0.000940 -0.000034 477.0
0.000941 -0.000030 478.0
0.000941 -0.000026 479.0
0.000942 -0.000021 480.0
0.000943 -0.000017 481.0
0.000944 -0.000013 482.0
0.000945 -0.000009 483.0
0.000945 -0.000005 484.0
0.000946 -0.000001 485.0
0.000947 0.000003 486.0
0.000948 0.000008 487.0
0.000948 0.000012 488.0
0.000949 0.000016 489.0
0.000950 0.000020 490.0
0.000951 0.000024 491.0
0.000952 0.000028 492.0
0.000952 0.000032 493.0
0.000953 0.000037 494.0
0.000954 0.000041 495.0
0.000955 0.000045 496.0
0.000955 0.000049 497.0
0.000956 0.000053 498.0
0.000957 0.000057 499.0
0.000963 0.000055 500.0
0.000963 0.000058 501.0
0.000963 0.000060 502.0
0.000964 0.000063 503.0
0.000964 0.000065 504.0
0.000964 0.000068 505.0
0.000965 0.000070 506.0
0.000965 0.000073 507.0
0.000965 0.000075 508.0
0.000965 0.000078 509.0
0.000966 0.000080 510.0
0.000966 0.000083 511.0
0.000966 0.000085 512.0
0.000967 0.000088 513.0
0.000967 0.000090 514.0
0.000967 0.000093 515.0
0.000968 0.000095 516.0
0.000968 0.000098 517.0
0.000968 0.000100 518.0
0.000968 0.000102 519.0
0.000969 0.000105 520.0
0.000969 0.000107 521.0
0.000969 0.000110 522.0
0.000970 0.000112 523.0
0.000970 0.000115 524.0
0.000970 0.000117 525.0
0.000971 0.000120 526.0
0.000971 0.000122 527.0
0.000971 0.000125 528.0
0.000972 0.000127 529.0
0.000972 0.000130 530.0
0.000972 0.000132 531.0
0.000972 0.000135 532.0
0.000973 0.000137 533.0
0.000973 0.000140 534.0
0.000973 0.000142 535.0
0.000974 0.000145 536.0
0.000974 0.000147 537.0
0.000974 0.000150 538.0
0.000975 0.000152 539.0
0.000975 0.000154 540.0
0.000975 0.000157 541.0
0.000975 0.000159 542.0
0.000979 0.000159 543.0
0.000979 0.000161 544.0
0.000979 0.000163 545.0
0.000979 0.000166 546.0
0.000980 0.000168 547.0
0.000980 0.000170 548.0
0.000980 0.000173 549.0
0.000981 0.000175 550.0
0.000981 0.000177 551.0
0.000981 0.000180 552.0
0.000982 0.000182 553.0
0.000982 0.000184 554.0
0.000982 0.000187 555.0
0.000983 0.000189 556.0
0.000983 0.000191 557.0
0.000983 0.000193 558.0
0.000983 0.000196 559.0
0.000984 0.000198 560.0
0.000984 0.000200 561.0
0.000984 0.000203 562.0
0.000985 0.000205 563.0
0.000985 0.000207 564.0
0.000985 0.000210 565.0
0.000986 0.000212 566.0
0.000986 0.000214 567.0
0.000986 0.000217 568.0
0.000987 0.000219 569.0
0.000987 0.000221 570.0
0.000987 0.000224 571.0
0.000988 0.000226 572.0
0.000988 0.000228 573.0
0.000988 0.000231 574.0
0.000988 0.000233 575.0
0.000989 0.000235 576.0
0.000989 0.000237 577.0
0.000989 0.000240 578.0
0.000990 0.000242 579.0
0.000990 0.000244 580.0
0.000990 0.000247 581.0
0.000991 0.000249 582.0
0.000991 0.000251 583.0
0.000991 0.000254 584.0
0.000992 0.000256 585.0
0.000992 0.000258 586.0
0.000992 0.000261 587.0
0.000992 0.000263 588.0
0.000993 0.000265 589.0
0.000993 0.000268 590.0
0.000993 0.000270 591.0
0.000994 0.000272 592.0
0.000994 0.000275 593.0
0.000994 0.000277 594.0
0.000995 0.000279 595.0
0.000995 0.000282 596.0
0.000995 0.000284 597.0
0.000996 0.000286 598.0
0.001000 0.000285 599.0
0.001001 0.000286 600.0
0.001002 0.000288 601.0
0.001003 0.000289 602.0
0.001004 0.000290 603.0
0.001005 0.000291 604.0
0.001006 0.000292 605.0
0.001007 0.000293 606.0
0.001008 0.000295 607.0
0.001009 0.000296 608.0
0.001010 0.000297 609.0
0.001011 0.000298 610.0
0.001012 0.000299 611.0
0.001013 0.000300 612.0
0.001014 0.000302 613.0
0.001015 0.000303 614.0
0.001016 0.000304 615.0
0.001017 0.000305 616.0
0.001018 0.000306 617.0
0.001019 0.000307 618.0
0.001020 0.000309 619.0
0.001022 0.000310 620.0
0.001023 0.000311 621.0
0.001024 0.000312 622.0
0.001025 0.000313 623.0
0.001026 0.000314 624.0
0.001027 0.000316 625.0
0.001028 0.000317 626.0
0.001029 0.000318 627.0
0.001030 0.000319 628.0
0.001031 0.000320 629.0
0.001032 0.000321 630.0
0.001033 0.000323 631.0
0.001034 0.000324 632.0
0.001035 0.000325 633.0
0.001036 0.000326 634.0
0.001037 0.000327 635.0
0.001038 0.000328 636.0
0.001039 0.000330 637.0
0.001040 0.000331 638.0
0.001041 0.000332 639.0
0.001042 0.000333 640.0
0.001044 0.000334 641.0
0.001045 0.000335 642.0
0.001046 0.000337 643.0
0.001047 0.000338 644.0
0.001048 0.000339 645.0
0.001049 0.000340 646.0
0.001050 0.000341 647.0
0.001051 0.000342 648.0
0.001052 0.000344 649.0
0.001053 0.000345 650.0
0.001054 0.000346 651.0
0.001055 0.000347 652.0
0.001056 0.000348 653.0
0.001057 0.000349 654.0
0.001058 0.000351 655.0
0.001059 0.000352 656.0
0.001060 0.000353 657.0
0.001061 0.000354 658.0
0.001062 0.000355 659.0
0.001068 0.000346 660.0
0.001070 0.000346 661.0
0.001072 0.000345 662.0
0.001073 0.000344 663.0
0.001075 0.000344 664.0
0.001077 0.000343 665.0
0.001079 0.000343 666.0
0.001081 0.000342 667.0
0.001083 0.000341 668.0
0.001084 0.000341 669.0
0.001086 0.000340 670.0
0.001088 0.000339 671.0
0.001090 0.000339 672.0
0.001092 0.000338 673.0
0.001093 0.000337 674.0
0.001095 0.000337 675.0
0.001097 0.000336 676.0
0.001099 0.000335 677.0
0.001101 0.000335 678.0
0.001102 0.000334 679.0
0.001104 0.000333 680.0
0.001106 0.000333 681.0
0.001108 0.000332 682.0
0.001110 0.000331 683.0
0.001111 0.000331 684.0
0.001113 0.000330 685.0
0.001115 0.000329 686.0
0.001117 0.000329 687.0
0.001119 0.000328 688.0
0.001120 0.000328 689.0
0.001122 0.000327 690.0
0.001124 0.000326 691.0
0.001126 0.000326 692.0
0.001128 0.000325 693.0
0.001129 0.000324 694.0
0.001131 0.000324 695.0
0.001133 0.000323 696.0
0.001135 0.000322 697.0
0.001137 0.000322 698.0
0.001138 0.000321 699.0
0.001140 0.000320 700.0
0.001142 0.000320 701.0
0.001144 0.000319 702.0
0.001146 0.000318 703.0
0.001147 0.000318 704.0
0.001149 0.000317 705.0
0.001151 0.000316 706.0
0.001153 0.000316 707.0
0.001155 0.000315 708.0
0.001156 0.000315 709.0
0.001158 0.000314 710.0
0.001160 0.000313 711.0
0.001162 0.000313 712.0
0.001164 0.000312 713.0
0.001165 0.000311 714.0
0.001167 0.000311 715.0
0.001169 0.000310 716.0
0.001171 0.000317 717.0
0.001172 0.000316 718.0
0.001174 0.000316 719.0
0.001176 0.000315 720.0
0.001178 0.000314 721.0
0.001180 0.000314 722.0
0.001182 0.000313 723.0
0.001184 0.000312 724.0
0.001186 0.000312 725.0
0.001188 0.000311 726.0
0.001190 0.000310 727.0
0.001192 0.000310 728.0
0.001194 0.000309 729.0
0.001196 0.000309 730.0
0.001198 0.000308 731.0
0.001200 0.000307 732.0
0.001202 0.000307 733.0
0.001204 0.000306 734.0
0.001206 0.000305 735.0
0.001207 0.000305 736.0
0.001209 0.000304 737.0
0.001211 0.000303 738.0
0.001213 0.000303 739.0
0.001215 0.000302 740.0
0.001217 0.000302 741.0
0.001219 0.000301 742.0
0.001221 0.000300 743.0
0.001223 0.000300 744.0
0.001225 0.000299 745.0
0.001227 0.000298 746.0
0.001229 0.000298 747.0
0.001231 0.000297 748.0
0.001233 0.000296 749.0
0.001235 0.000296 750.0
0.001237 0.000295 751.0
0.001239 0.000295 752.0
0.001241 0.000294 753.0
0.001242 0.000293 754.0
0.001244 0.000293 755.0
0.001246 0.000292 756.0
0.001248 0.000291 757.0
0.001250 0.000291 758.0
0.001252 0.000290 759.0
0.001254 0.000290 760.0
0.001256 0.000289 761.0
0.001258 0.000288 762.0
0.001260 0.000288 763.0
0.001262 0.000287 764.0
0.001264 0.000286 765.0
0.001266 0.000286 766.0
0.001268 0.000285 767.0
0.001270 0.000284 768.0
0.001272 0.000284 769.0
0.001273 0.000290 770.0
0.001275 0.000289 771.0
0.001277 0.000289 772.0
0.001278 0.000288 773.0
0.001280 0.000287 774.0
0.001282 0.000287 775.0
0.001284 0.000286 776.0
0.001286 0.000285 777.0
0.001288 0.000285 778.0
0.001290 0.000284 779.0
0.001291 0.000283 780.0
0.001293 0.000282 781.0
0.001295 0.000282 782.0
0.001297 0.000281 783.0
0.001299 0.000280 784.0
0.001301 0.000280 785.0
0.001303 0.000279 786.0
0.001304 0.000278 787.0
0.001306 0.000278 788.0
0.001308 0.000277 789.0
0.001310 0.000276 790.0
0.001312 0.000276 791.0
0.001314 0.000275 792.0
0.001316 0.000274 793.0
0.001317 0.000274 794.0
0.001319 0.000273 795.0
0.001321 0.000272 796.0
0.001323 0.000272 797.0
0.001325 0.000271 798.0
0.001327 0.000270 799.0
0.001329 0.000270 800.0
0.001331 0.000269 801.0
0.001332 0.000268 802.0
0.001334 0.000268 803.0
0.001336 0.000267 804.0
0.001338 0.000266 805.0
0.001340 0.000265 806.0
0.001342 0.000265 807.0
0.001344 0.000264 808.0
0.001345 0.000263 809.0
0.001347 0.000263 810.0
0.001349 0.000262 811.0
0.001351 0.000261 812.0
0.001353 0.000261 813.0
0.001355 0.000260 814.0
0.001357 0.000259 815.0
0.001358 0.000259 816.0
0.001360 0.000258 817.0
0.001362 0.000257 818.0
0.001364 0.000257 819.0
0.001366 0.000256 820.0
0.001368 0.000255 821.0
0.001370 0.000255 822.0
0.001371 0.000254 823.0
0.001373 0.000253 824.0
0.001375 0.000253 825.0
0.001377 0.000259 826.0
0.001379 0.000259 827.0
0.001381 0.000258 828.0
0.001384 0.000257 829.0
0.001386 0.000257 830.0
0.001389 0.000256 831.0
0.001391 0.000255 832.0
0.001393 0.000255 833.0
0.001396 0.000254 834.0
0.001398 0.000253 835.0
0.001401 0.000253 836.0
0.001403 0.000252 837.0
0.001405 0.000251 838.0
0.001408 0.000251 839.0
0.001410 0.000250 840.0
0.001413 0.000249 841.0
0.001415 0.000249 842.0
0.001417 0.000248 843.0
0.001420 0.000247 844.0
0.001422 0.000247 845.0
0.001424 0.000246 846.0
0.001427 0.000245 847.0
0.001429 0.000245 848.0
0.001432 0.000244 849.0
0.001434 0.000243 850.0
0.001436 0.000243 851.0
0.001439 0.000242 852.0
0.001441 0.000241 853.0
0.001444 0.000241 854.0
0.001446 0.000240 855.0
0.001448 0.000239 856.0
0.001451 0.000239 857.0
0.001453 0.000238 858.0
0.001456 0.000237 859.0
0.001458 0.000237 860.0
0.001460 0.000236 861.0
0.001463 0.000235 862.0
0.001465 0.000235 863.0
0.001468 0.000234 864.0
0.001470 0.000233 865.0
0.001472 0.000233 866.0
0.001475 0.000232 867.0
0.001477 0.000231 868.0
0.001478 0.000236 869.0
0.001479 0.000236 870.0
0.001481 0.000236 871.0
0.001482 0.000236 872.0
0.001484 0.000236 873.0
0.001485 0.000236 874.0
0.001486 0.000236 875.0
0.001488 0.000236 876.0
0.001489 0.000236 877.0
0.001491 0.000235 878.0
0.001492 0.000235 879.0
0.001494 0.000235 880.0
0.001495 0.000235 881.0
0.001496 0.000235 882.0
0.001498 0.000235 883.0
0.001499 0.000235 884.0
0.001501 0.000235 885.0
0.001502 0.000235 886.0
0.001503 0.000234 887.0
0.001505 0.000234 888.0
0.001506 0.000234 889.0
0.001508 0.000234 890.0
0.001509 0.000234 891.0
0.001511 0.000234 892.0
0.001512 0.000234 893.0
0.001513 0.000234 894.0
0.001515 0.000234 895.0
0.001516 0.000233 896.0
0.001518 0.000233 897.0
0.001519 0.000233 898.0
0.001521 0.000233 899.0
0.001522 0.000233 900.0
0.001523 0.000233 901.0
0.001525 0.000233 902.0
0.001526 0.000233 903.0
0.001528 0.000232 904.0
0.001529 0.000232 905.0
0.001530 0.000232 906.0
0.001532 0.000232 907.0
0.001533 0.000232 908.0
0.001535 0.000232 909.0
0.001536 0.000232 910.0
0.001538 0.000232 911.0
0.001539 0.000232 912.0
0.001540 0.000231 913.0
0.001542 0.000231 914.0
0.001543 0.000231 915.0
0.001545 0.000231 916.0
0.001546 0.000231 917.0
0.001547 0.000231 918.0
0.001549 0.000231 919.0
0.001550 0.000231 920.0
0.001552 0.000231 921.0
0.001553 0.000230 922.0
0.001555 0.000230 923.0
0.001556 0.000230 924.0
0.001557 0.000230 925.0
0.001559 0.000230 926.0
0.001560 0.000230 927.0
0.001562 0.000230 928.0
0.001563 0.000230 929.0
0.001564 0.000230 930.0
0.001566 0.000229 931.0
0.001567 0.000229 932.0
0.001569 0.000229 933.0
0.001570 0.000229 934.0
0.001572 0.000229 935.0
0.001573 0.000229 936.0
0.001574 0.000229 937.0
0.001574 0.000230 938.0
0.001575 0.000230 939.0
0.001575 0.000230 940.0
0.001575 0.000230 941.0
0.001575 0.000230 942.0
0.001575 0.000230 943.0
0.001575 0.000230 944.0
0.001576 0.000230 945.0
0.001576 0.000230 946.0
0.001576 0.000230 947.0
0.001576 0.000230 948.0
0.001576 0.000230 949.0
0.001576 0.000230 950.0
0.001577 0.000230 951.0
0.001577 0.000229 952.0
0.001577 0.000229 953.0
0.001577 0.000229 954.0
0.001577 0.000229 955.0
0.001577 0.000229 956.0
0.001578 0.000229 957.0
0.001578 0.000229 958.0
0.001578 0.000229 959.0
0.001578 0.000229 960.0
0.001578 0.000229 961.0
0.001578 0.000229 962.0
0.001579 0.000229 963.0
0.001579 0.000229 964.0
0.001579 0.000229 965.0
0.001579 0.000229 966.0
0.001579 0.000229 967.0
0.001579 0.000229 968.0
0.001580 0.000229 969.0
0.001580 0.000229 970.0
0.001580 0.000228 971.0
0.001580 0.000228 972.0
0.001580 0.000228 973.0
0.001580 0.000228 974.0
0.001581 0.000228 975.0
0.001581 0.000228 976.0
0.001581 0.000228 977.0
0.001581 0.000228 978.0
0.001581 0.000228 979.0
0.001581 0.000228 980.0
0.001582 0.000228 981.0
0.001582 0.000228 982.0
0.001582 0.000228 983.0
0.001582 0.000228 984.0
0.001582 0.000228 985.0
0.001582 0.000228 986.0
0.001583 0.000228 987.0
0.001583 0.000228 988.0
0.001583 0.000228 989.0
0.001583 0.000228 990.0
0.001583 0.000228 991.0
0.001583 0.000228 992.0
0.001583 0.000228 993.0
0.001583 0.000228 994.0
0.001583 0.000228 995.0
0.001583 0.000228 996.0
0.001583 0.000228 997.0
0.001583 0.000228 998.0
0.001583 0.000228 999.0
0.001583 0.000228 1000.0
0.001583 0.000228 1001.0
0.001583 0.000228 1002.0
0.001583 0.000228 1003.0
0.001583 0.000228 1004.0
0.001583 0.000228 1005.0
0.001583 0.000228 1006.0
0.001583 0.000228 1007.0
0.001583 0.000228 1008.0
0.001583 0.000228 1009.0
0.001583 0.000228 1010.0
0.001583 0.000228 1011.0
0.001583 0.000228 1012.0
0.001583 0.000228 1013.0
0.001583 0.000228 1014.0
0.001583 0.000228 1015.0
0.001583 0.000228 1016.0
0.001583 0.000228 1017.0
0.001583 0.000228 1018.0
0.001583 0.000228 1019.0
0.001583 0.000228 1020.0
0.001583 0.000228 1021.0
0.001583 0.000228 1022.0
0.001583 0.000228 1023.0
0.001583 0.000228 1024.0
0.001583 0.000228 1025.0
0.001583 0.000228 1026.0
0.001583 0.000228 1027.0
0.001583 0.000228 1028.0
0.001583 0.000228 1029.0
0.001583 0.000228 1030.0
0.001583 0.000228 1031.0
0.001583 0.000228 1032.0
0.001583 0.000228 1033.0
0.001583 0.000228 1034.0
0.001583 0.000228 1035.0
0.001583 0.000228 1036.0
0.001583 0.000228 1037.0
0.001583 0.000228 1038.0
0.001583 0.000228 1039.0
0.001583 0.000228 1040.0
0.001583 0.000228 1041.0
0.001583 0.000228 1042.0
0.001583 0.000228 1043.0
0.001583 0.000228 1044.0
0.001583 0.000228 1045.0
0.001583 0.000228 1046.0
0.001583 0.000228 1047.0
0.001583 0.000228 1048.0
0.001583 0.000228 1049.0
0.001583 0.000228 1050.0
0.001583 0.000228 1051.0
0.001583 0.000228 1052.0
0.001583 0.000228 1053.0
0.001583 0.000228 1054.0
0.001583 0.000228 1055.0
0.001583 0.000228 1056.0
0.001583 0.000228 1057.0
0.001583 0.000228 1058.0
0.001583 0.000228 1059.0
0.001583 0.000228 1060.0
0.001583 0.000228 1061.0
0.001583 0.000228 1062.0
0.001583 0.000228 1063.0
0.001583 0.000228 1064.0
0.001583 0.000228 1065.0
0.001583 0.000228 1066.0
0.001583 0.000228 1067.0
0.001583 0.000228 1068.0
0.001583 0.000228 1069.0
0.001583 0.000228 1070.0
0.001583 0.000228 1071.0
0.001583 0.000228 1072.0
0.001583 0.000228 1073.0
0.001583 0.000228 1074.0
0.001583 0.000228 1075.0
0.001583 0.000228 1076.0
0.001583 0.000228 1077.0
0.001583 0.000228 1078.0
0.001583 0.000228 1079.0
0.001583 0.000228 1080.0
0.001583 0.000228 1081.0
0.001583 0.000228 1082.0
0.001583 0.000228 1083.0
0.001583 0.000228 1084.0
0.001583 0.000228 1085.0
0.001583 0.000228 1086.0
0.001583 0.000228 1087.0
0.001583 0.000228 1088.0
0.001583 0.000228 1089.0
0.001583 0.000228 1090.0
0.001583 0.000229 1091.0
0.001583 0.000229 1092.0
0.001583 0.000229 1093.0
0.001583 0.000229 1094.0
0.001583 0.000229 1095.0
0.001583 0.000229 1096.0
0.001583 0.000229 1097.0
0.001583 0.000229 1098.0
0.001583 0.000229 1099.0
0.001583 0.000229 1100.0
0.001583 0.000229 1101.0
0.001583 0.000229 1102.0
0.001583 0.000229 1103.0
0.001583 0.000229 1104.0
0.001583 0.000229 1105.0
0.001583 0.000229 1106.0
0.001583 0.000229 1107.0
0.001583 0.000229 1108.0
0.001583 0.000229 1109.0
0.001583 0.000229 1110.0
0.001583 0.000229 1111.0
0.001583 0.000229 1112.0
0.001583 0.000229 1113.0
0.001583 0.000229 1114.0
0.001583 0.000229 1115.0
0.001583 0.000229 1116.0
0.001583 0.000229 1117.0
0.001583 0.000229 1118.0
0.001583 0.000229 1119.0
0.001583 0.000229 1120.0
0.001583 0.000229 1121.0
0.001583 0.000229 1122.0
0.001583 0.000229 1123.0
0.001583 0.000229 1124.0
0.001583 0.000229 1125.0
0.001583 0.000229 1126.0
0.001583 0.000229 1127.0
0.001583 0.000229 1128.0
0.001583 0.000229 1129.0
0.001583 0.000229 1130.0
0.001583 0.000229 1131.0
0.001583 0.000229 1132.0
0.001583 0.000229 1133.0
0.001583 0.000229 1134.0
0.001583 0.000229 1135.0
0.001583 0.000229 1136.0
0.001583 0.000229 1137.0
0.001583 0.000229 1138.0
0.001583 0.000229 1139.0
0.001583 0.000229 1140.0
0.001583 0.000229 1141.0
0.001583 0.000229 1142.0
0.001583 0.000229 1143.0
0.001583 0.000229 1144.0
0.001583 0.000229 1145.0
0.001583 0.000229 1146.0
0.001583 0.000229 1147.0
0.001583 0.000229 1148.0
0.001583 0.000229 1149.0
0.001583 0.000229 1150.0
0.001583 0.000229 1151.0
0.001583 0.000229 1152.0
0.001583 0.000229 1153.0
0.001583 0.000229 1154.0
0.001583 0.000229 1155.0
0.001583 0.000229 1156.0
0.001583 0.000229 1157.0
0.001583 0.000229 1158.0
0.001583 0.000229 1159.0
0.001583 0.000229 1160.0
0.001583 0.000229 1161.0
0.001583 0.000229 1162.0
0.001583 0.000229 1163.0
0.001583 0.000229 1164.0
0.001583 0.000229 1165.0
0.001583 0.000229 1166.0
0.001583 0.000229 1167.0
0.001583 0.000229 1168.0
0.001583 0.000229 1169.0
0.001583 0.000229 1170.0
0.001583 0.000229 1171.0
0.001583 0.000229 1172.0
0.001583 0.000229 1173.0
0.001583 0.000229 1174.0
0.001583 0.000229 1175.0
0.001583 0.000229 1176.0
0.001583 0.000229 1177.0
0.001583 0.000229 1178.0
0.001583 0.000229 1179.0
0.001583 0.000229 1180.0
0.001583 0.000229 1181.0
0.001583 0.000229 1182.0
0.001583 0.000229 1183.0
0.001583 0.000229 1184.0
0.001583 0.000229 1185.0
0.001583 0.000229 1186.0
0.001583 0.000229 1187.0
0.001583 0.000229 1188.0
0.001583 0.000229 1189.0
0.001583 0.000229 1190.0
0.001583 0.000229 1191.0
0.001583 0.000229 1192.0
0.001583 0.000229 1193.0
0.001583 0.000229 1194.0
0.001583 0.000229 1195.0
0.001583 0.000229 1196.0
0.001583 0.000229 1197.0
0.001583 0.000229 1198.0
0.001583 0.000229 1199.0
0.001583 0.000229 1200.0
0.001583 0.000229 1201.0
0.001583 0.000229 1202.0
0.001583 0.000229 1203.0
0.001583 0.000229 1204.0
0.001583 0.000229 1205.0
0.001583 0.000229 1206.0
0.001583 0.000229 1207.0
0.001583 0.000229 1208.0
0.001583 0.000229 1209.0
0.001583 0.000229 1210.0
0.001583 0.000229 1211.0
0.001583 0.000229 1212.0
0.001583 0.000229 1213.0
0.001583 0.000229 1214.0
0.001583 0.000229 1215.0
0.001583 0.000229 1216.0
0.001583 0.000229 1217.0
0.001583 0.000229 1218.0
0.001583 0.000229 1219.0
0.001583 0.000229 1220.0
0.001583 0.000229 1221.0
0.001583 0.000229 1222.0
0.001583 0.000229 1223.0
0.001583 0.000229 1224.0
0.001583 0.000229 1225.0
0.001583 0.000229 1226.0
0.001583 0.000229 1227.0
0.001583 0.000229 1228.0
0.001583 0.000229 1229.0
0.001583 0.000229 1230.0
0.001583 0.000229 1231.0
0.001583 0.000229 1232.0
0.001583 0.000229 1233.0
0.001583 0.000229 1234.0
0.001583 0.000229 1235.0
0.001583 0.000229 1236.0
0.001583 0.000229 1237.0
0.001583 0.000229 1238.0
0.001583 0.000229 1239.0
0.001583 0.000229 1240.0
0.001583 0.000229 1241.0
0.001583 0.000229 1242.0
0.001583 0.000229 1243.0
0.001583 0.000229 1244.0
0.001583 0.000229 1245.0
0.001583 0.000229 1246.0
0.001583 0.000229 1247.0
0.001583 0.000228 1248.0
0.001583 0.000228 1249.0
0.001583 0.000228 1250.0
0.001583 0.000228 1251.0
0.001583 0.000228 1252.0
0.001583 0.000228 1253.0
0.001583 0.000228 1254.0
0.001583 0.000228 1255.0
0.001583 0.000228 1256.0
0.001583 0.000228 1257.0
0.001583 0.000228 1258.0
0.001583 0.000228 1259.0
0.001583 0.000228 1260.0
0.001583 0.000228 1261.0
0.001583 0.000228 1262.0
0.001583 0.000228 1263.0
0.001583 0.000228 1264.0
0.001583 0.000228 1265.0
0.001583 0.000228 1266.0
0.001583 0.000228 1267.0
0.001583 0.000228 1268.0
0.001583 0.000228 1269.0
0.001583 0.000228 1270.0
0.001583 0.000228 1271.0
0.001583 0.000228 1272.0
0.001583 0.000228 1273.0
0.001583 0.000228 1274.0
0.001583 0.000228 1275.0
0.001583 0.000228 1276.0
0.001583 0.000228 1277.0
0.001583 0.000228 1278.0
0.001583 0.000228 1279.0
0.001583 0.000228 1280.0
0.001583 0.000228 1281.0
0.001583 0.000228 1282.0
0.001583 0.000228 1283.0
0.001583 0.000228 1284.0
0.001583 0.000228 1285.0
0.001583 0.000228 1286.0
0.001583 0.000228 1287.0
0.001583 0.000228 1288.0
0.001583 0.000228 1289.0
0.001583 0.000228 1290.0
0.001583 0.000228 1291.0
0.001583 0.000228 1292.0
0.001583 0.000228 1293.0
0.001583 0.000228 1294.0
0.001583 0.000228 1295.0
0.001583 0.000228 1296.0
0.001583 0.000228 1297.0
0.001583 0.000228 1298.0
0.001583 0.000228 1299.0
0.001583 0.000228 1300.0
0.001583 0.000228 1301.0
0.001583 0.000228 1302.0
0.001583 0.000228 1303.0
0.001583 0.000228 1304.0
0.001583 0.000228 1305.0
0.001583 0.000228 1306.0
0.001583 0.000228 1307.0
0.001583 0.000228 1308.0
0.001583 0.000228 1309.0
0.001583 0.000228 1310.0
0.001583 0.000228 1311.0
0.001583 0.000228 1312.0
0.001583 0.000228 1313.0
0.001583 0.000228 1314.0
0.001583 0.000228 1315.0
0.001583 0.000228 1316.0
0.001583 0.000228 1317.0
0.001583 0.000228 1318.0
0.001583 0.000228 1319.0
0.001583 0.000228 1320.0
0.001583 0.000228 1321.0
0.001583 0.000228 1322.0
0.001583 0.000228 1323.0
0.001583 0.000228 1324.0
0.001583 0.000228 1325.0
0.001583 0.000228 1326.0
0.001583 0.000228 1327.0
0.001583 0.000228 1328.0
0.001583 0.000228 1329.0
0.001583 0.000228 1330.0
0.001583 0.000228 1331.0
0.001583 0.000228 1332.0
0.001583 0.000228 1333.0
0.001583 0.000228 1334.0
0.001583 0.000228 1335.0
0.001582 0.000228 1336.0
0.001582 0.000228 1337.0
0.001582 0.000228 1338.0
0.001582 0.000228 1339.0
0.001582 0.000228 1340.0
0.001582 0.000228 1341.0
0.001582 0.000228 1342.0
0.001582 0.000228 1343.0
0.001582 0.000228 1344.0
0.001582 0.000228 1345.0
0.001582 0.000228 1346.0
0.001582 0.000228 1347.0
0.001582 0.000228 1348.0
0.001582 0.000228 1349.0
0.001582 0.000228 1350.0
0.001582 0.000228 1351.0
0.001582 0.000228 1352.0
0.001582 0.000228 1353.0
0.001582 0.000228 1354.0
0.001582 0.000228 1355.0
0.001582 0.000228 1356.0
0.001582 0.000228 1357.0
0.001582 0.000228 1358.0
0.001582 0.000228 1359.0
0.001582 0.000228 1360.0
0.001582 0.000228 1361.0
0.001582 0.000228 1362.0
0.001582 0.000228 1363.0
0.001582 0.000228 1364.0
0.001582 0.000228 1365.0
0.001582 0.000228 1366.0
0.001582 0.000228 1367.0
0.001582 0.000228 1368.0
0.001582 0.000228 1369.0
0.001582 0.000228 1370.0
0.001582 0.000228 1371.0
0.001582 0.000228 1372.0
0.001582 0.000228 1373.0
0.001582 0.000228 1374.0
0.001582 0.000228 1375.0
0.001582 0.000228 1376.0
0.001582 0.000228 1377.0
0.001582 0.000228 1378.0
0.001582 0.000228 1379.0
0.001582 0.000228 1380.0
0.001582 0.000228 1381.0
0.001582 0.000228 1382.0
0.001583 0.000228 1383.0
0.001583 0.000228 1384.0
0.001583 0.000228 1385.0
0.001583 0.000228 1386.0
0.001583 0.000228 1387.0
0.001583 0.000228 1388.0
0.001583 0.000228 1389.0
0.001583 0.000228 1390.0
0.001583 0.000228 1391.0
0.001583 0.000228 1392.0
0.001583 0.000228 1393.0
0.001583 0.000228 1394.0
0.001583 0.000228 1395.0
0.001583 0.000228 1396.0
0.001583 0.000228 1397.0
0.001583 0.000228 1398.0
0.001583 0.000228 1399.0
0.001583 0.000228 1400.0
0.001583 0.000228 1401.0
0.001583 0.000227 1402.0
0.001583 0.000227 1403.0
0.001583 0.000227 1404.0
0.001583 0.000227 1405.0
0.001583 0.000227 1406.0
0.001583 0.000227 1407.0
0.001583 0.000227 1408.0
0.001583 0.000227 1409.0
0.001583 0.000227 1410.0
0.001583 0.000227 1411.0
0.001583 0.000227 1412.0
0.001583 0.000227 1413.0
0.001583 0.000227 1414.0
0.001583 0.000227 1415.0
0.001583 0.000227 1416.0
0.001583 0.000227 1417.0
0.001583 0.000227 1418.0
0.001583 0.000227 1419.0
0.001583 0.000227 1420.0
0.001583 0.000227 1421.0
0.001583 0.000227 1422.0
0.001583 0.000227 1423.0
0.001583 0.000227 1424.0
0.001583 0.000227 1425.0
0.001583 0.000227 1426.0
0.001583 0.000227 1427.0
0.001583 0.000227 1428.0
0.001583 0.000227 1429.0
0.001583 0.000227 1430.0
0.001583 0.000227 1431.0
0.001583 0.000227 1432.0
0.001583 0.000227 1433.0
0.001583 0.000227 1434.0
0.001583 0.000227 1435.0
0.001583 0.000227 1436.0
0.001583 0.000227 1437.0
0.001583 0.000227 1438.0
0.001583 0.000227 1439.0
0.001583 0.000227 1440.0
0.001583 0.000227 1441.0
0.001583 0.000227 1442.0
0.001583 0.000227 1443.0
0.001583 0.000227 1444.0
0.001583 0.000227 1445.0
0.001583 0.000227 1446.0
0.001583 0.000227 1447.0
0.001583 0.000227 1448.0
0.001583 0.000227 1449.0
0.001583 0.000227 1450.0
0.001583 0.000227 1451.0
0.001583 0.000227 1452.0
0.001583 0.000227 1453.0
0.001583 0.000227 1454.0
0.001583 0.000227 1455.0
0.001583 0.000227 1456.0
0.001583 0.000227 1457.0
0.001583 0.000227 1458.0
0.001583 0.000227 1459.0
0.001583 0.000227 1460.0
0.001583 0.000227 1461.0
0.001583 0.000227 1462.0
0.001583 0.000227 1463.0
0.001583 0.000227 1464.0
0.001583 0.000227 1465.0
0.001583 0.000227 1466.0
0.001583 0.000227 1467.0
0.001583 0.000227 1468.0
0.001583 0.000227 1469.0
0.001583 0.000227 1470.0
0.001583 0.000227 1471.0
0.001583 0.000227 1472.0
0.001583 0.000227 1473.0
0.001583 0.000227 1474.0
0.001583 0.000227 1475.0
0.001583 0.000227 1476.0
0.001583 0.000227 1477.0
0.001583 0.000227 1478.0
0.001583 0.000227 1479.0
0.001583 0.000227 1480.0
0.001583 0.000227 1481.0
0.001583 0.000227 1482.0
0.001583 0.000227 1483.0
0.001583 0.000227 1484.0
0.001583 0.000227 1485.0
0.001583 0.000227 1486.0
0.001583 0.000227 1487.0
0.001583 0.000227 1488.0
0.001583 0.000227 1489.0
0.001583 0.000227 1490.0
0.001583 0.000227 1491.0
0.001583 0.000227 1492.0
0.001583 0.000227 1493.0
0.001583 0.000228 1494.0
0.001583 0.000228 1495.0
0.001583 0.000228 1496.0
0.001583 0.000228 1497.0
0.001583 0.000228 1498.0
0.001583 0.000228 1499.0
0.001583 0.000228 1500.0
0.001583 0.000228 1501.0
0.001583 0.000228 1502.0
0.001583 0.000228 1503.0
0.001583 0.000228 1504.0
0.001583 0.000228 1505.0
0.001583 0.000228 1506.0
0.001583 0.000228 1507.0
0.001583 0.000228 1508.0
0.001583 0.000228 1509.0
0.001583 0.000228 1510.0
0.001583 0.000228 1511.0
0.001583 0.000228 1512.0
0.001583 0.000228 1513.0
0.001583 0.000228 1514.0
0.001583 0.000228 1515.0
0.001583 0.000228 1516.0
0.001583 0.000228 1517.0
0.001583 0.000228 1518.0
0.001583 0.000228 1519.0
0.001583 0.000228 1520.0
0.001583 0.000228 1521.0
0.001583 0.000228 1522.0
0.001583 0.000228 1523.0
0.001583 0.000228 1524.0
0.001583 0.000228 1525.0
0.001583 0.000228 1526.0
0.001583 0.000228 1527.0
0.001583 0.000228 1528.0
0.001583 0.000228 1529.0
0.001583 0.000228 1530.0
0.001583 0.000228 1531.0
0.001583 0.000228 1532.0
0.001583 0.000228 1533.0
0.001583 0.000228 1534.0
0.001583 0.000228 1535.0
0.001583 0.000228 1536.0
0.001583 0.000228 1537.0
0.001583 0.000228 1538.0
0.001583 0.000228 1539.0
0.001583 0.000228 1540.0
0.001583 0.000228 1541.0
0.001583 0.000228 1542.0
0.001583 0.000228 1543.0
0.001583 0.000228 1544.0
0.001583 0.000228 1545.0
0.001583 0.000228 1546.0
0.001583 0.000228 1547.0
0.001583 0.000228 1548.0
0.001583 0.000228 1549.0
0.001583 0.000228 1550.0
0.001583 0.000228 1551.0
0.001583 0.000228 1552.0
0.001583 0.000228 1553.0
0.001583 0.000228 1554.0
0.001583 0.000228 1555.0
0.001583 0.000228 1556.0
0.001583 0.000228 1557.0
0.001583 0.000228 1558.0
0.001583 0.000228 1559.0
0.001583 0.000228 1560.0
0.001583 0.000228 1561.0
0.001583 0.000228 1562.0
0.001583 0.000228 1563.0
0.001583 0.000228 1564.0
0.001583 0.000228 1565.0
0.001583 0.000228 1566.0
0.001583 0.000228 1567.0
0.001583 0.000228 1568.0
0.001583 0.000228 1569.0
0.001583 0.000228 1570.0
0.001583 0.000228 1571.0
0.001583 0.000228 1572.0
0.001583 0.000228 1573.0
0.001583 0.000228 1574.0
0.001583 0.000228 1575.0
0.001583 0.000228 1576.0
0.001583 0.000228 1577.0
0.001583 0.000228 1578.0
0.001583 0.000228 1579.0
0.001583 0.000228 1580.0
0.001583 0.000228 1581.0
0.001583 0.000228 1582.0
0.001583 0.000228 1583.0
0.001583 0.000228 1584.0
0.001583 0.000228 1585.0
0.001583 0.000228 1586.0
0.001583 0.000228 1587.0
0.001583 0.000228 1588.0
0.001583 0.000228 1589.0
0.001583 0.000228 1590.0
0.001583 0.000228 1591.0
0.001583 0.000228 1592.0
0.001583 0.000228 1593.0
0.001583 0.000228 1594.0
0.001583 0.000228 1595.0
0.001583 0.000228 1596.0
0.001583 0.000228 1597.0
0.001583 0.000228 1598.0
0.001583 0.000228 1599.0
0.001583 0.000228 1600.0
0.001583 0.000228 1601.0
0.001583 0.000228 1602.0
0.001583 0.000228 1603.0
0.001583 0.000228 1604.0
0.001583 0.000228 1605.0
0.001583 0.000228 1606.0
0.001583 0.000228 1607.0
0.001583 0.000228 1608.0
0.001583 0.000228 1609.0
0.001583 0.000228 1610.0
0.001583 0.000228 1611.0
0.001583 0.000228 1612.0
0.001583 0.000228 1613.0
0.001583 0.000227 1614.0
0.001583 0.000227 1615.0
0.001583 0.000227 1616.0
0.001583 0.000227 1617.0
0.001583 0.000227 1618.0
0.001583 0.000227 1619.0
0.001583 0.000227 1620.0
0.001583 0.000227 1621.0
0.001583 0.000227 1622.0
0.001583 0.000227 1623.0
0.001583 0.000227 1624.0
0.001584 0.000227 1625.0
0.001584 0.000227 1626.0
0.001584 0.000227 1627.0
0.001584 0.000227 1628.0
0.001584 0.000227 1629.0
0.001584 0.000227 1630.0
0.001584 0.000227 1631.0
0.001584 0.000227 1632.0
0.001584 0.000227 1633.0
0.001584 0.000227 1634.0
0.001584 0.000227 1635.0
0.001584 0.000227 1636.0
0.001584 0.000227 1637.0
0.001584 0.000227 1638.0
0.001584 0.000227 1639.0
0.001584 0.000227 1640.0
0.001584 0.000227 1641.0
0.001584 0.000227 1642.0
0.001584 0.000227 1643.0
0.001584 0.000227 1644.0
0.001584 0.000227 1645.0
0.001584 0.000227 1646.0
0.001584 0.000227 1647.0
0.001584 0.000227 1648.0
0.001584 0.000227 1649.0
0.001584 0.000227 1650.0
0.001584 0.000226 1651.0
0.001584 0.000226 1652.0
0.001584 0.000226 1653.0
0.001584 0.000226 1654.0
0.001584 0.000226 1655.0
0.001584 0.000226 1656.0
0.001584 0.000227 1657.0
0.001585 0.000226 1658.0
0.001587 0.000224 1659.0
0.001588 0.000223 1660.0
0.001589 0.000222 1661.0
0.001590 0.000221 1662.0
0.001591 0.000220 1663.0
0.001592 0.000219 1664.0
0.001594 0.000218 1665.0
0.001595 0.000217 1666.0
0.001596 0.000216 1667.0
0.001597 0.000215 1668.0
0.001598 0.000214 1669.0
0.001599 0.000213 1670.0
0.001601 0.000212 1671.0
0.001602 0.000211 1672.0
0.001603 0.000210 1673.0
0.001604 0.000209 1674.0
0.001605 0.000208 1675.0
0.001606 0.000207 1676.0
0.001608 0.000206 1677.0
0.001609 0.000205 1678.0
0.001610 0.000204 1679.0
0.001611 0.000203 1680.0
0.001612 0.000202 1681.0
0.001613 0.000201 1682.0
0.001615 0.000200 1683.0
0.001616 0.000199 1684.0
0.001617 0.000198 1685.0
0.001618 0.000197 1686.0
0.001619 0.000196 1687.0
0.001620 0.000195 1688.0
0.001622 0.000194 1689.0
0.001623 0.000193 1690.0
0.001624 0.000192 1691.0
0.001625 0.000191 1692.0
0.001626 0.000190 1693.0
0.001627 0.000189 1694.0
0.001629 0.000188 1695.0
0.001630 0.000187 1696.0
0.001631 0.000186 1697.0
0.001632 0.000185 1698.0
0.001633 0.000184 1699.0
0.001634 0.000183 1700.0
0.001636 0.000182 1701.0
0.001637 0.000181 1702.0
0.001638 0.000180 1703.0
0.001639 0.000179 1704.0
0.001640 0.000178 1705.0
0.001641 0.000177 1706.0
0.001643 0.000176 1707.0
0.001644 0.000175 1708.0
0.001645 0.000174 1709.0
0.001646 0.000173 1710.0
0.001647 0.000172 1711.0
0.001648 0.000171 1712.0
0.001650 0.000170 1713.0
0.001651 0.000169 1714.0
0.001652 0.000168 1715.0
0.001653 0.000167 1716.0
0.001654 0.000166 1717.0
0.001658 0.000174 1718.0
0.001660 0.000174 1719.0
0.001661 0.000174 1720.0
0.001662 0.000174 1721.0
0.001663 0.000174 1722.0
0.001665 0.000174 1723.0
0.001666 0.000174 1724.0
0.001667 0.000174 1725.0
0.001668 0.000174 1726.0
0.001670 0.000174 1727.0
0.001671 0.000175 1728.0
0.001672 0.000175 1729.0
0.001673 0.000175 1730.0
0.001675 0.000175 1731.0
0.001676 0.000175 1732.0
0.001677 0.000175 1733.0
0.001678 0.000175 1734.0
0.001680 0.000175 1735.0
0.001681 0.000175 1736.0
0.001682 0.000175 1737.0
0.001683 0.000175 1738.0
0.001685 0.000175 1739.0
0.001686 0.000175 1740.0
0.001687 0.000175 1741.0
0.001688 0.000175 1742.0
0.001690 0.000175 1743.0
0.001691 0.000175 1744.0
0.001692 0.000175 1745.0
0.001693 0.000175 1746.0
0.001695 0.000175 1747.0
0.001696 0.000175 1748.0
0.001697 0.000175 1749.0
0.001698 0.000176 1750.0
0.001700 0.000176 1751.0
0.001701 0.000176 1752.0
0.001702 0.000176 1753.0
0.001703 0.000176 1754.0
0.001705 0.000176 1755.0
0.001706 0.000176 1756.0
0.001707 0.000176 1757.0
0.001708 0.000176 1758.0
0.001710 0.000176 1759.0
0.001711 0.000176 1760.0
0.001712 0.000176 1761.0
0.001713 0.000176 1762.0
0.001715 0.000176 1763.0
0.001716 0.000176 1764.0
0.001717 0.000176 1765.0
0.001718 0.000176 1766.0
0.001720 0.000176 1767.0
0.001721 0.000176 1768.0
0.001722 0.000176 1769.0
0.001723 0.000176 1770.0
0.001724 0.000177 1771.0
0.001726 0.000177 1772.0
0.001727 0.000177 1773.0
0.001728 0.000177 1774.0
0.001729 0.000177 1775.0
0.001731 0.000177 1776.0
0.001732 0.000177 1777.0
0.001733 0.000177 1778.0
0.001733 0.000176 1779.0
0.001733 0.000176 1780.0
0.001733 0.000176 1781.0
0.001733 0.000176 1782.0
0.001733 0.000176 1783.0
0.001732 0.000176 1784.0
0.001732 0.000176 1785.0
0.001732 0.000176 1786.0
0.001732 0.000176 1787.0
0.001732 0.000176 1788.0
0.001732 0.000176 1789.0
0.001732 0.000176 1790.0
0.001731 0.000176 1791.0
0.001731 0.000176 1792.0
0.001731 0.000176 1793.0
0.001731 0.000176 1794.0
0.001731 0.000176 1795.0
0.001731 0.000176 1796.0
0.001730 0.000176 1797.0
0.001730 0.000176 1798.0
0.001730 0.000176 1799.0
0.001730 0.000176 1800.0
0.001730 0.000176 1801.0
0.001730 0.000176 1802.0
0.001729 0.000176 1803.0
0.001729 0.000176 1804.0
0.001729 0.000176 1805.0
0.001729 0.000176 1806.0
0.001729 0.000176 1807.0
0.001729 0.000176 1808.0
0.001729 0.000176 1809.0
0.001728 0.000176 1810.0
0.001728 0.000176 1811.0
0.001728 0.000176 1812.0
0.001728 0.000176 1813.0
0.001728 0.000176 1814.0
0.001728 0.000176 1815.0
0.001727 0.000176 1816.0
0.001727 0.000176 1817.0
0.001727 0.000176 1818.0
0.001727 0.000176 1819.0
0.001727 0.000176 1820.0
0.001727 0.000176 1821.0
0.001726 0.000176 1822.0
0.001726 0.000176 1823.0
0.001726 0.000176 1824.0
0.001726 0.000176 1825.0
0.001726 0.000176 1826.0
0.001726 0.000176 1827.0
0.001726 0.000176 1828.0
0.001725 0.000175 1829.0
0.001725 0.000175 1830.0
0.001725 0.000175 1831.0
0.001725 0.000175 1832.0
0.001725 0.000175 1833.0
0.001725 0.000175 1834.0
0.001724 0.000175 1835.0
0.001724 0.000175 1836.0
0.001724 0.000175 1837.0
0.001724 0.000176 1838.0
0.001724 0.000176 1839.0
0.001724 0.000176 1840.0
0.001724 0.000176 1841.0
0.001724 0.000176 1842.0
0.001724 0.000177 1843.0
0.001724 0.000177 1844.0
0.001724 0.000177 1845.0
0.001724 0.000177 1846.0
0.001724 0.000178 1847.0
0.001724 0.000178 1848.0
0.001724 0.000178 1849.0
0.001724 0.000178 1850.0
0.001724 0.000178 1851.0
0.001724 0.000179 1852.0
0.001724 0.000179 1853.0
0.001724 0.000179 1854.0
0.001723 0.000179 1855.0
0.001723 0.000180 1856.0
0.001723 0.000180 1857.0
0.001723 0.000180 1858.0
0.001723 0.000180 1859.0
0.001723 0.000181 1860.0
0.001723 0.000181 1861.0
0.001723 0.000181 1862.0
0.001723 0.000181 1863.0
0.001723 0.000181 1864.0
0.001723 0.000182 1865.0
0.001723 0.000182 1866.0
0.001723 0.000182 1867.0
0.001723 0.000182 1868.0
0.001723 0.000183 1869.0
0.001723 0.000183 1870.0
0.001723 0.000183 1871.0
0.001723 0.000183 1872.0
0.001723 0.000183 1873.0
0.001723 0.000184 1874.0
0.001723 0.000184 1875.0
0.001723 0.000184 1876.0
0.001723 0.000184 1877.0
0.001723 0.000185 1878.0
0.001723 0.000185 1879.0
0.001723 0.000185 1880.0
0.001722 0.000185 1881.0
0.001722 0.000186 1882.0
0.001722 0.000186 1883.0
0.001722 0.000186 1884.0
0.001722 0.000186 1885.0
0.001722 0.000186 1886.0
0.001722 0.000187 1887.0
0.001722 0.000187 1888.0
0.001722 0.000187 1889.0
0.001722 0.000187 1890.0
0.001722 0.000188 1891.0
0.001722 0.000188 1892.0
0.001722 0.000188 1893.0
0.001722 0.000188 1894.0
0.001722 0.000189 1895.0
0.001722 0.000189 1896.0
0.001722 0.000189 1897.0
0.001722 0.000189 1898.0
0.001722 0.000189 1899.0
0.001722 0.000190 1900.0
0.001722 0.000190 1901.0
0.001722 0.000190 1902.0
0.001721 0.000190 1903.0
0.001721 0.000190 1904.0
0.001721 0.000191 1905.0
0.001720 0.000191 1906.0
0.001720 0.000192 1907.0
0.001720 0.000192 1908.0
0.001720 0.000193 1909.0
0.001720 0.000193 1910.0
0.001719 0.000193 1911.0
0.001719 0.000194 1912.0
0.001719 0.000194 1913.0
0.001719 0.000195 1914.0
0.001718 0.000195 1915.0
0.001718 0.000196 1916.0
0.001718 0.000196 1917.0
0.001718 0.000197 1918.0
0.001718 0.000197 1919.0
0.001717 0.000197 1920.0
0.001717 0.000198 1921.0
0.001717 0.000198 1922.0
0.001717 0.000199 1923.0
0.001716 0.000199 1924.0
0.001716 0.000200 1925.0
0.001716 0.000200 1926.0
0.001716 0.000200 1927.0
0.001716 0.000201 1928.0
0.001715 0.000201 1929.0
0.001715 0.000202 1930.0
0.001715 0.000202 1931.0
0.001715 0.000203 1932.0
0.001714 0.000203 1933.0
0.001714 0.000204 1934.0
0.001714 0.000204 1935.0
0.001714 0.000204 1936.0
0.001714 0.000205 1937.0
0.001713 0.000205 1938.0
0.001713 0.000206 1939.0
0.001712 0.000205 1940.0
0.001712 0.000205 1941.0
0.001712 0.000205 1942.0
0.001711 0.000205 1943.0
0.001711 0.000205 1944.0
0.001711 0.000206 1945.0
0.001711 0.000206 1946.0
0.001711 0.000206 1947.0
0.001710 0.000206 1948.0
0.001710 0.000206 1949.0
0.001710 0.000206 1950.0
0.001710 0.000207 1951.0
0.001710 0.000207 1952.0
0.001709 0.000207 1953.0
0.001709 0.000207 1954.0
0.001709 0.000207 1955.0
0.001709 0.000208 1956.0
0.001709 0.000208 1957.0
0.001708 0.000208 1958.0
0.001708 0.000208 1959.0
0.001708 0.000208 1960.0
0.001708 0.000208 1961.0
0.001708 0.000209 1962.0
0.001707 0.000209 1963.0
0.001707 0.000209 1964.0
0.001707 0.000209 1965.0
0.001707 0.000209 1966.0
0.001707 0.000209 1967.0
0.001706 0.000210 1968.0
0.001706 0.000210 1969.0
0.001706 0.000210 1970.0
0.001706 0.000210 1971.0
0.001706 0.000210 1972.0
0.001705 0.000211 1973.0
0.001705 0.000211 1974.0
0.001705 0.000211 1975.0
0.001705 0.000211 1976.0
0.001705 0.000211 1977.0
0.001704 0.000211 1978.0
0.001704 0.000212 1979.0
0.001704 0.000212 1980.0
0.001704 0.000212 1981.0
0.001704 0.000212 1982.0
0.001703 0.000212 1983.0
0.001703 0.000212 1984.0
0.001703 0.000213 1985.0
0.001703 0.000213 1986.0
0.001703 0.000213 1987.0
0.001702 0.000213 1988.0
0.001702 0.000213 1989.0
0.001702 0.000214 1990.0
0.001702 0.000214 1991.0
0.001702 0.000214 1992.0
0.001701 0.000214 1993.0
0.001701 0.000214 1994.0
0.001701 0.000214 1995.0
0.001701 0.000215 1996.0
0.001701 0.000215 1997.0
0.001700 0.000215 1998.0
0.001700 0.000215 1999.0
0.001700 0.000214 2000.0
0.001700 0.000213 2001.0
0.001700 0.000213 2002.0
0.001700 0.000212 2003.0
0.001700 0.000212 2004.0
0.001700 0.000212 2005.0
0.001700 0.000211 2006.0
0.001700 0.000211 2007.0
0.001700 0.000210 2008.0
0.001700 0.000210 2009.0
0.001700 0.000210 2010.0
0.001700 0.000209 2011.0
0.001700 0.000209 2012.0
0.001700 0.000208 2013.0
0.001701 0.000208 2014.0
0.001701 0.000208 2015.0
0.001701 0.000207 2016.0
0.001701 0.000207 2017.0
0.001701 0.000206 2018.0
0.001701 0.000206 2019.0
0.001701 0.000205 2020.0
0.001701 0.000205 2021.0
0.001701 0.000205 2022.0
0.001701 0.000204 2023.0
0.001701 0.000204 2024.0
0.001701 0.000203 2025.0
0.001701 0.000203 2026.0
0.001702 0.000203 2027.0
0.001702 0.000202 2028.0
0.001702 0.000202 2029.0
0.001702 0.000201 2030.0
0.001702 0.000201 2031.0
0.001702 0.000201 2032.0
0.001702 0.000200 2033.0
0.001702 0.000200 2034.0
0.001702 0.000199 2035.0
0.001702 0.000199 2036.0
0.001702 0.000198 2037.0
0.001702 0.000198 2038.0
0.001702 0.000198 2039.0
0.001702 0.000197 2040.0
0.001703 0.000197 2041.0
0.001703 0.000196 2042.0
0.001703 0.000196 2043.0
0.001703 0.000196 2044.0
0.001703 0.000195 2045.0
0.001703 0.000195 2046.0
0.001703 0.000194 2047.0
0.001703 0.000194 2048.0
0.001703 0.000194 2049.0
0.001703 0.000193 2050.0
0.001703 0.000193 2051.0
0.001703 0.000192 2052.0
0.001703 0.000192 2053.0
0.001704 0.000191 2054.0
0.001704 0.000191 2055.0
0.001704 0.000191 2056.0
0.001704 0.000190 2057.0
0.001704 0.000190 2058.0
0.001704 0.000189 2059.0
0.001704 0.000189 2060.0
0.001704 0.000189 2061.0
0.001704 0.000188 2062.0
0.001704 0.000188 2063.0
0.001704 0.000187 2064.0
0.001704 0.000187 2065.0
0.001705 0.000187 2066.0
0.001705 0.000187 2067.0
0.001705 0.000187 2068.0
0.001705 0.000187 2069.0
0.001705 0.000187 2070.0
0.001705 0.000187 2071.0
0.001705 0.000187 2072.0
0.001705 0.000187 2073.0
0.001705 0.000187 2074.0
0.001705 0.000187 2075.0
0.001705 0.000187 2076.0
0.001705 0.000186 2077.0
0.001705 0.000186 2078.0
0.001705 0.000186 2079.0
0.001705 0.000186 2080.0
0.001705 0.000186 2081.0
0.001705 0.000186 2082.0
0.001705 0.000186 2083.0
0.001705 0.000186 2084.0
0.001705 0.000186 2085.0
0.001705 0.000186 2086.0
0.001705 0.000186 2087.0
0.001704 0.000186 2088.0
0.001704 0.000186 2089.0
0.001704 0.000186 2090.0
0.001704 0.000186 2091.0
0.001704 0.000185 2092.0
0.001704 0.000185 2093.0
0.001704 0.000185 2094.0
0.001704 0.000185 2095.0
0.001704 0.000185 2096.0
0.001704 0.000185 2097.0
0.001704 0.000185 2098.0
0.001704 0.000185 2099.0
0.001704 0.000185 2100.0
0.001704 0.000185 2101.0
0.001704 0.000185 2102.0
0.001704 0.000185 2103.0
0.001704 0.000185 2104.0
0.001704 0.000185 2105.0
0.001704 0.000185 2106.0
0.001704 0.000184 2107.0
0.001704 0.000184 2108.0
0.001704 0.000184 2109.0
0.001704 0.000184 2110.0
0.001704 0.000184 2111.0
0.001704 0.000184 2112.0
0.001704 0.000184 2113.0
0.001703 0.000184 2114.0
0.001703 0.000184 2115.0
0.001703 0.000184 2116.0
0.001703 0.000184 2117.0
0.001703 0.000184 2118.0
0.001703 0.000184 2119.0
0.001703 0.000184 2120.0
0.001703 0.000183 2121.0
0.001703 0.000183 2122.0
0.001703 0.000183 2123.0
0.001703 0.000183 2124.0
0.001703 0.000183 2125.0
0.001703 0.000184 2126.0
0.001702 0.000184 2127.0
0.001702 0.000184 2128.0
0.001702 0.000184 2129.0
0.001702 0.000184 2130.0
0.001702 0.000184 2131.0
0.001701 0.000184 2132.0
0.001701 0.000184 2133.0
0.001701 0.000185 2134.0
0.001701 0.000185 2135.0
0.001700 0.000185 2136.0
0.001700 0.000185 2137.0
0.001700 0.000185 2138.0
0.001700 0.000185 2139.0
0.001699 0.000185 2140.0
0.001699 0.000185 2141.0
0.001699 0.000186 2142.0
0.001699 0.000186 2143.0
0.001699 0.000186 2144.0
0.001698 0.000186 2145.0
0.001698 0.000186 2146.0
0.001698 0.000186 2147.0
0.001698 0.000186 2148.0
0.001697 0.000186 2149.0
0.001697 0.000186 2150.0
0.001697 0.000185 2151.0
0.001696 0.000185 2152.0
0.001696 0.000185 2153.0
0.001695 0.000184 2154.0
0.001695 0.000184 2155.0
0.001695 0.000184 2156.0
0.001694 0.000184 2157.0
0.001694 0.000183 2158.0
0.001694 0.000183 2159.0
0.001693 0.000183 2160.0
0.001693 0.000182 2161.0
0.001692 0.000182 2162.0
0.001692 0.000182 2163.0
0.001692 0.000181 2164.0
0.001691 0.000181 2165.0
0.001691 0.000181 2166.0
0.001690 0.000181 2167.0
0.001690 0.000180 2168.0
0.001690 0.000180 2169.0
0.001689 0.000180 2170.0
0.001689 0.000179 2171.0
0.001688 0.000179 2172.0
0.001688 0.000179 2173.0
0.001688 0.000179 2174.0
0.001687 0.000178 2175.0
0.001687 0.000178 2176.0
0.001686 0.000178 2177.0
0.001686 0.000177 2178.0
0.001686 0.000177 2179.0
0.001685 0.000177 2180.0
0.001685 0.000176 2181.0
0.001684 0.000176 2182.0
0.001684 0.000176 2183.0
0.001684 0.000176 2184.0
0.001683 0.000175 2185.0
0.001683 0.000175 2186.0
0.001683 0.000175 2187.0
0.001682 0.000174 2188.0
0.001682 0.000174 2189.0
0.001681 0.000174 2190.0
0.001681 0.000174 2191.0
0.001681 0.000173 2192.0
0.001680 0.000173 2193.0
0.001680 0.000173 2194.0
0.001679 0.000175 2195.0
0.001679 0.000175 2196.0
0.001678 0.000175 2197.0
0.001678 0.000175 2198.0
0.001677 0.000175 2199.0
0.001677 0.000175 2200.0
0.001677 0.000175 2201.0
0.001676 0.000175 2202.0
0.001676 0.000175 2203.0
0.001676 0.000176 2204.0
0.001675 0.000176 2205.0
0.001675 0.000176 2206.0
0.001674 0.000176 2207.0
0.001674 0.000176 2208.0
0.001674 0.000176 2209.0
0.001673 0.000176 2210.0
0.001673 0.000176 2211.0
0.001673 0.000176 2212.0
0.001672 0.000176 2213.0
0.001672 0.000177 2214.0
0.001671 0.000177 2215.0
0.001671 0.000177 2216.0
0.001671 0.000177 2217.0
0.001670 0.000177 2218.0
0.001670 0.000177 2219.0
0.001670 0.000177 2220.0
0.001669 0.000177 2221.0
0.001669 0.000177 2222.0
0.001668 0.000178 2223.0
0.001668 0.000178 2224.0
0.001668 0.000178 2225.0
0.001667 0.000178 2226.0
0.001667 0.000178 2227.0
0.001667 0.000178 2228.0
0.001666 0.000178 2229.0
0.001666 0.000178 2230.0
0.001665 0.000178 2231.0
0.001665 0.000178 2232.0
0.001665 0.000179 2233.0
0.001664 0.000179 2234.0
0.001664 0.000179 2235.0
0.001664 0.000179 2236.0
0.001663 0.000179 2237.0
0.001663 0.000179 2238.0
0.001662 0.000179 2239.0
0.001662 0.000179 2240.0
0.001662 0.000179 2241.0
0.001661 0.000180 2242.0
0.001661 0.000180 2243.0
0.001661 0.000180 2244.0
0.001660 0.000180 2245.0
0.001660 0.000180 2246.0
0.001659 0.000180 2247.0
0.001659 0.000180 2248.0
0.001659 0.000180 2249.0
0.001658 0.000180 2250.0
0.001658 0.000180 2251.0
0.001657 0.000181 2252.0
0.001657 0.000179 2253.0
0.001656 0.000180 2254.0
0.001655 0.000181 2255.0
0.001655 0.000181 2256.0
0.001654 0.000182 2257.0
0.001653 0.000182 2258.0
0.001652 0.000183 2259.0
0.001651 0.000184 2260.0
0.001650 0.000184 2261.0
0.001649 0.000185 2262.0
0.001648 0.000186 2263.0
0.001647 0.000186 2264.0
0.001646 0.000187 2265.0
0.001645 0.000187 2266.0
0.001644 0.000188 2267.0
0.001643 0.000189 2268.0
0.001642 0.000189 2269.0
0.001641 0.000190 2270.0
0.001640 0.000190 2271.0
0.001639 0.000191 2272.0
0.001639 0.000192 2273.0
0.001638 0.000192 2274.0
0.001637 0.000193 2275.0
0.001636 0.000193 2276.0
0.001635 0.000194 2277.0
0.001634 0.000195 2278.0
0.001633 0.000195 2279.0
0.001632 0.000196 2280.0
0.001631 0.000196 2281.0
0.001630 0.000197 2282.0
0.001629 0.000198 2283.0
0.001628 0.000198 2284.0
0.001627 0.000199 2285.0
0.001626 0.000199 2286.0
0.001625 0.000200 2287.0
0.001624 0.000201 2288.0
0.001623 0.000201 2289.0
0.001623 0.000202 2290.0
0.001622 0.000202 2291.0
0.001621 0.000203 2292.0
0.001620 0.000204 2293.0
0.001619 0.000204 2294.0
0.001618 0.000205 2295.0
0.001617 0.000205 2296.0
0.001616 0.000206 2297.0
0.001615 0.000207 2298.0
0.001614 0.000207 2299.0
0.001613 0.000208 2300.0
0.001612 0.000208 2301.0
0.001611 0.000209 2302.0
0.001610 0.000210 2303.0
0.001609 0.000210 2304.0
0.001608 0.000211 2305.0
0.001607 0.000212 2306.0
0.001607 0.000212 2307.0
0.001606 0.000213 2308.0
0.001605 0.000213 2309.0
0.001604 0.000214 2310.0
0.001603 0.000215 2311.0
0.001602 0.000215 2312.0
0.001600 0.000209 2313.0
0.001598 0.000210 2314.0
0.001597 0.000211 2315.0
0.001595 0.000211 2316.0
0.001593 0.000212 2317.0
0.001592 0.000212 2318.0
0.001590 0.000213 2319.0
0.001589 0.000213 2320.0
0.001587 0.000214 2321.0
0.001585 0.000215 2322.0
0.001584 0.000215 2323.0
0.001582 0.000216 2324.0
0.001581 0.000216 2325.0
0.001579 0.000217 2326.0
0.001578 0.000217 2327.0
0.001576 0.000218 2328.0
0.001574 0.000219 2329.0
0.001573 0.000219 2330.0
0.001571 0.000220 2331.0
0.001570 0.000220 2332.0
0.001568 0.000221 2333.0
0.001566 0.000221 2334.0
0.001565 0.000222 2335.0
0.001563 0.000223 2336.0
0.001562 0.000223 2337.0
0.001560 0.000224 2338.0
0.001559 0.000224 2339.0
0.001557 0.000225 2340.0
0.001555 0.000225 2341.0
0.001554 0.000226 2342.0
0.001552 0.000227 2343.0
0.001551 0.000227 2344.0
0.001549 0.000228 2345.0
0.001547 0.000228 2346.0
0.001546 0.000229 2347.0
0.001544 0.000229 2348.0
0.001543 0.000230 2349.0
0.001541 0.000230 2350.0
0.001540 0.000231 2351.0
0.001538 0.000232 2352.0
0.001536 0.000232 2353.0
0.001535 0.000233 2354.0
0.001533 0.000233 2355.0
0.001532 0.000234 2356.0
0.001530 0.000234 2357.0
0.001528 0.000235 2358.0
0.001527 0.000236 2359.0
0.001525 0.000236 2360.0
0.001524 0.000237 2361.0
0.001522 0.000237 2362.0
0.001521 0.000238 2363.0
0.001519 0.000238 2364.0
0.001517 0.000239 2365.0
0.001516 0.000240 2366.0
0.001514 0.000240 2367.0
0.001513 0.000241 2368.0
0.001511 0.000241 2369.0
0.001509 0.000242 2370.0
0.001508 0.000242 2371.0
0.001506 0.000243 2372.0
0.001505 0.000244 2373.0
0.001503 0.000244 2374.0
0.001502 0.000245 2375.0
0.001500 0.000245 2376.0
0.001498 0.000246 2377.0
0.001497 0.000239 2378.0
0.001494 0.000240 2379.0
0.001491 0.000240 2380.0
0.001488 0.000241 2381.0
0.001484 0.000241 2382.0
0.001481 0.000242 2383.0
0.001478 0.000242 2384.0
0.001475 0.000243 2385.0
0.001472 0.000243 2386.0
0.001469 0.000244 2387.0
0.001466 0.000244 2388.0
0.001462 0.000245 2389.0
0.001459 0.000245 2390.0
0.001456 0.000246 2391.0
0.001453 0.000246 2392.0
0.001450 0.000247 2393.0
0.001447 0.000247 2394.0
0.001444 0.000247 2395.0
0.001440 0.000248 2396.0
0.001437 0.000248 2397.0
0.001434 0.000249 2398.0
0.001431 0.000249 2399.0
0.001428 0.000250 2400.0
0.001425 0.000250 2401.0
0.001422 0.000251 2402.0
0.001418 0.000251 2403.0
0.001415 0.000252 2404.0
0.001412 0.000252 2405.0
0.001409 0.000253 2406.0
0.001406 0.000253 2407.0
0.001403 0.000254 2408.0
0.001400 0.000254 2409.0
0.001396 0.000255 2410.0
0.001393 0.000255 2411.0
0.001393 0.000252 2412.0
0.001391 0.000253 2413.0
0.001389 0.000254 2414.0
0.001387 0.000254 2415.0
0.001385 0.000255 2416.0
0.001383 0.000256 2417.0
0.001381 0.000257 2418.0
0.001379 0.000257 2419.0
0.001377 0.000258 2420.0
0.001375 0.000259 2421.0
0.001373 0.000260 2422.0
0.001371 0.000261 2423.0
0.001369 0.000261 2424.0
0.001367 0.000262 2425.0
0.001365 0.000263 2426.0
0.001363 0.000264 2427.0
0.001361 0.000264 2428.0
0.001359 0.000265 2429.0
0.001357 0.000266 2430.0
0.001355 0.000267 2431.0
0.001353 0.000267 2432.0
0.001351 0.000268 2433.0
0.001349 0.000269 2434.0
0.001347 0.000270 2435.0
0.001345 0.000270 2436.0
0.001343 0.000271 2437.0
0.001341 0.000272 2438.0
0.001339 0.000273 2439.0
0.001337 0.000273 2440.0
0.001335 0.000274 2441.0
0.001333 0.000275 2442.0
0.001330 0.000276 2443.0
0.001328 0.000277 2444.0
0.001326 0.000277 2445.0
0.001324 0.000278 2446.0
0.001322 0.000279 2447.0
0.001320 0.000280 2448.0
0.001318 0.000280 2449.0
0.001316 0.000281 2450.0
0.001314 0.000282 2451.0
0.001312 0.000283 2452.0
0.001310 0.000283 2453.0
0.001308 0.000284 2454.0
0.001306 0.000285 2455.0
0.001304 0.000286 2456.0
0.001302 0.000286 2457.0
0.001300 0.000287 2458.0
0.001298 0.000288 2459.0
0.001296 0.000289 2460.0
0.001294 0.000289 2461.0
0.001292 0.000290 2462.0
0.001291 0.000283 2463.0
0.001289 0.000284 2464.0
0.001287 0.000285 2465.0
0.001285 0.000285 2466.0
0.001283 0.000286 2467.0
0.001281 0.000287 2468.0
0.001279 0.000287 2469.0
0.001277 0.000288 2470.0
0.001275 0.000288 2471.0
0.001273 0.000289 2472.0
0.001271 0.000290 2473.0
0.001269 0.000290 2474.0
0.001267 0.000291 2475.0
0.001265 0.000292 2476.0
0.001263 0.000292 2477.0
0.001261 0.000293 2478.0
0.001259 0.000294 2479.0
0.001257 0.000294 2480.0
0.001255 0.000295 2481.0
0.001253 0.000296 2482.0
0.001251 0.000296 2483.0
0.001249 0.000297 2484.0
0.001247 0.000298 2485.0
0.001245 0.000298 2486.0
0.001243 0.000299 2487.0
0.001241 0.000300 2488.0
0.001239 0.000300 2489.0
0.001237 0.000301 2490.0
0.001235 0.000302 2491.0
0.001233 0.000302 2492.0
0.001231 0.000303 2493.0
0.001229 0.000304 2494.0
0.001227 0.000304 2495.0
0.001225 0.000305 2496.0
0.001223 0.000306 2497.0
0.001221 0.000306 2498.0
0.001219 0.000307 2499.0
0.001217 0.000308 2500.0
0.001215 0.000308 2501.0
0.001213 0.000309 2502.0
0.001211 0.000310 2503.0
0.001209 0.000310 2504.0
0.001207 0.000311 2505.0
0.001205 0.000312 2506.0
0.001203 0.000312 2507.0
0.001201 0.000313 2508.0
0.001199 0.000314 2509.0
0.001197 0.000314 2510.0
0.001195 0.000315 2511.0
0.001193 0.000316 2512.0
0.001191 0.000316 2513.0
0.001189 0.000317 2514.0
0.001188 0.000311 2515.0
0.001185 0.000311 2516.0
0.001183 0.000312 2517.0
0.001181 0.000312 2518.0
0.001179 0.000313 2519.0
0.001177 0.000314 2520.0
0.001175 0.000314 2521.0
0.001173 0.000315 2522.0
0.001171 0.000315 2523.0
0.001169 0.000316 2524.0
0.001167 0.000316 2525.0
0.001164 0.000317 2526.0
0.001162 0.000318 2527.0
0.001160 0.000318 2528.0
0.001158 0.000319 2529.0
0.001156 0.000319 2530.0
0.001154 0.000320 2531.0
0.001152 0.000320 2532.0
0.001150 0.000321 2533.0
0.001148 0.000322 2534.0
0.001146 0.000322 2535.0
0.001144 0.000323 2536.0
0.001141 0.000323 2537.0
0.001139 0.000324 2538.0
0.001137 0.000325 2539.0
0.001135 0.000325 2540.0
0.001133 0.000326 2541.0
0.001131 0.000326 2542.0
0.001129 0.000327 2543.0
0.001127 0.000327 2544.0
0.001125 0.000328 2545.0
0.001123 0.000329 2546.0
0.001121 0.000329 2547.0
0.001118 0.000330 2548.0
0.001116 0.000330 2549.0
0.001114 0.000331 2550.0
0.001112 0.000331 2551.0
0.001110 0.000332 2552.0
0.001108 0.000333 2553.0
0.001106 0.000333 2554.0
0.001104 0.000334 2555.0
0.001102 0.000334 2556.0
0.001100 0.000335 2557.0
0.001097 0.000336 2558.0
0.001095 0.000336 2559.0
0.001093 0.000337 2560.0
0.001091 0.000337 2561.0
0.001089 0.000338 2562.0
0.001087 0.000338 2563.0
0.001085 0.000339 2564.0
0.001084 0.000334 2565.0
0.001083 0.000333 2566.0
0.001081 0.000332 2567.0
0.001080 0.000331 2568.0
0.001079 0.000330 2569.0
0.001077 0.000329 2570.0
0.001076 0.000328 2571.0
0.001075 0.000327 2572.0
0.001073 0.000326 2573.0
0.001072 0.000325 2574.0
0.001071 0.000324 2575.0
0.001069 0.000323 2576.0
0.001068 0.000322 2577.0
0.001067 0.000321 2578.0
0.001065 0.000320 2579.0
0.001064 0.000319 2580.0
0.001063 0.000318 2581.0
0.001061 0.000317 2582.0
0.001060 0.000316 2583.0
0.001059 0.000315 2584.0
0.001057 0.000314 2585.0
0.001056 0.000312 2586.0
0.001055 0.000311 2587.0
0.001053 0.000310 2588.0
0.001052 0.000309 2589.0
0.001051 0.000308 2590.0
0.001049 0.000307 2591.0
0.001048 0.000306 2592.0
0.001047 0.000305 2593.0
0.001045 0.000304 2594.0
0.001044 0.000303 2595.0
0.001043 0.000302 2596.0
0.001041 0.000301 2597.0
0.001040 0.000300 2598.0
0.001039 0.000299 2599.0
0.001037 0.000298 2600.0
0.001036 0.000297 2601.0
0.001035 0.000296 2602.0
0.001033 0.000295 2603.0
0.001032 0.000294 2604.0
0.001031 0.000293 2605.0
0.001029 0.000292 2606.0
0.001028 0.000291 2607.0
0.001027 0.000290 2608.0
0.001025 0.000289 2609.0
0.001024 0.000288 2610.0
0.001023 0.000287 2611.0
0.001021 0.000286 2612.0
0.001020 0.000285 2613.0
0.001019 0.000284 2614.0
0.001017 0.000283 2615.0
0.001016 0.000282 2616.0
0.001015 0.000281 2617.0
0.001013 0.000280 2618.0
0.001012 0.000279 2619.0
0.001011 0.000278 2620.0
0.001009 0.000277 2621.0
0.001008 0.000276 2622.0
0.001007 0.000275 2623.0
0.001005 0.000274 2624.0
0.001001 0.000284 2625.0
0.001001 0.000282 2626.0
0.001001 0.000279 2627.0
0.001001 0.000277 2628.0
0.001000 0.000275 2629.0
0.001000 0.000273 2630.0
0.001000 0.000271 2631.0
0.001000 0.000269 2632.0
0.000999 0.000266 2633.0
0.000999 0.000264 2634.0
0.000999 0.000262 2635.0
0.000999 0.000260 2636.0
0.000998 0.000258 2637.0
0.000998 0.000255 2638.0
0.000998 0.000253 2639.0
0.000998 0.000251 2640.0
0.000997 0.000249 2641.0
0.000997 0.000247 2642.0
0.000997 0.000245 2643.0
0.000997 0.000242 2644.0
0.000996 0.000240 2645.0
0.000996 0.000238 2646.0
0.000996 0.000236 2647.0
0.000996 0.000234 2648.0
0.000995 0.000232 2649.0
0.000995 0.000229 2650.0
0.000995 0.000227 2651.0
0.000995 0.000225 2652.0
0.000994 0.000223 2653.0
0.000994 0.000221 2654.0
0.000994 0.000218 2655.0
0.000994 0.000216 2656.0
0.000993 0.000214 2657.0
0.000993 0.000212 2658.0
0.000993 0.000210 2659.0
0.000993 0.000208 2660.0
0.000992 0.000205 2661.0
0.000992 0.000203 2662.0
0.000992 0.000201 2663.0
0.000992 0.000199 2664.0
0.000991 0.000197 2665.0
0.000991 0.000194 2666.0
0.000991 0.000192 2667.0
0.000991 0.000190 2668.0
0.000990 0.000188 2669.0
0.000990 0.000186 2670.0
0.000990 0.000184 2671.0
0.000990 0.000181 2672.0
0.000989 0.000179 2673.0
0.000989 0.000177 2674.0
0.000989 0.000175 2675.0
0.000989 0.000173 2676.0
0.000988 0.000170 2677.0
0.000988 0.000168 2678.0
0.000988 0.000166 2679.0
0.000988 0.000164 2680.0
0.000987 0.000162 2681.0
0.000987 0.000160 2682.0
0.000987 0.000157 2683.0
0.000983 0.000158 2684.0
0.000983 0.000156 2685.0
0.000983 0.000153 2686.0
0.000982 0.000151 2687.0
0.000982 0.000149 2688.0
0.000981 0.000146 2689.0
0.000981 0.000144 2690.0
0.000981 0.000142 2691.0
0.000980 0.000139 2692.0
0.000980 0.000137 2693.0
0.000980 0.000134 2694.0
0.000979 0.000132 2695.0
0.000979 0.000130 2696.0
0.000979 0.000127 2697.0
0.000978 0.000125 2698.0
0.000978 0.000123 2699.0
0.000977 0.000120 2700.0
0.000977 0.000118 2701.0
0.000977 0.000115 2702.0
0.000976 0.000113 2703.0
0.000976 0.000111 2704.0
0.000976 0.000108 2705.0
0.000975 0.000106 2706.0
0.000975 0.000104 2707.0
0.000974 0.000101 2708.0
0.000974 0.000099 2709.0
0.000974 0.000097 2710.0
0.000973 0.000094 2711.0
0.000973 0.000092 2712.0
0.000973 0.000089 2713.0
0.000972 0.000087 2714.0
0.000972 0.000085 2715.0
0.000972 0.000082 2716.0
0.000971 0.000080 2717.0
0.000971 0.000078 2718.0
0.000970 0.000075 2719.0
0.000970 0.000073 2720.0
0.000970 0.000070 2721.0
0.000969 0.000068 2722.0
0.000969 0.000066 2723.0
0.000969 0.000063 2724.0
0.000968 0.000061 2725.0
0.000968 0.000059 2726.0
0.000967 0.000056 2727.0
0.000967 0.000054 2728.0
0.000967 0.000051 2729.0
0.000966 0.000049 2730.0
0.000966 0.000047 2731.0
0.000966 0.000044 2732.0
0.000965 0.000042 2733.0
0.000965 0.000040 2734.0
0.000965 0.000037 2735.0
0.000964 0.000035 2736.0
0.000964 0.000033 2737.0
0.000959 0.000034 2738.0
0.000959 0.000031 2739.0
0.000958 0.000029 2740.0
0.000958 0.000027 2741.0
0.000957 0.000024 2742.0
0.000957 0.000022 2743.0
0.000956 0.000020 2744.0
0.000956 0.000017 2745.0
0.000955 0.000015 2746.0
0.000955 0.000012 2747.0
0.000955 0.000010 2748.0
0.000954 0.000008 2749.0
0.000954 0.000005 2750.0
0.000953 0.000003 2751.0
0.000953 0.000001 2752.0
0.000952 -0.000002 2753.0
0.000952 -0.000004 2754.0
0.000951 -0.000006 2755.0
0.000951 -0.000009 2756.0
0.000950 -0.000011 2757.0
0.000950 -0.000014 2758.0
0.000950 -0.000016 2759.0
0.000949 -0.000018 2760.0
0.000949 -0.000021 2761.0
0.000948 -0.000023 2762.0
0.000948 -0.000025 2763.0
0.000947 -0.000028 2764.0
0.000947 -0.000030 2765.0
0.000946 -0.000033 2766.0
0.000946 -0.000035 2767.0
0.000945 -0.000037 2768.0
0.000945 -0.000040 2769.0
0.000945 -0.000042 2770.0
0.000944 -0.000044 2771.0
0.000944 -0.000047 2772.0
0.000943 -0.000049 2773.0
0.000943 -0.000051 2774.0
0.000942 -0.000054 2775.0
0.000942 -0.000056 2776.0
0.000941 -0.000059 2777.0
0.000941 -0.000061 2778.0
0.000940 -0.000063 2779.0
0.000940 -0.000066 2780.0
0.000940 -0.000068 2781.0
0.000939 -0.000070 2782.0
0.000939 -0.000073 2783.0
0.000938 -0.000075 2784.0
0.000938 -0.000078 2785.0
0.000937 -0.000080 2786.0
0.000937 -0.000082 2787.0
0.000936 -0.000085 2788.0
0.000936 -0.000087 2789.0
0.000936 -0.000089 2790.0
0.000930 -0.000088 2791.0
0.000929 -0.000090 2792.0
0.000928 -0.000092 2793.0
0.000927 -0.000094 2794.0
0.000926 -0.000097 2795.0
0.000926 -0.000099 2796.0
0.000925 -0.000101 2797.0
0.000924 -0.000103 2798.0
0.000923 -0.000106 2799.0
0.000922 -0.000108 2800.0
0.000921 -0.000110 2801.0
0.000920 -0.000113 2802.0
0.000919 -0.000115 2803.0
0.000919 -0.000117 2804.0
0.000918 -0.000119 2805.0
0.000917 -0.000122 2806.0
0.000916 -0.000124 2807.0
0.000915 -0.000126 2808.0
0.000914 -0.000128 2809.0
0.000913 -0.000131 2810.0
0.000913 -0.000133 2811.0
0.000912 -0.000135 2812.0
0.000911 -0.000138 2813.0
0.000910 -0.000140 2814.0
0.000909 -0.000142 2815.0
0.000908 -0.000144 2816.0
0.000907 -0.000147 2817.0
0.000906 -0.000149 2818.0
0.000906 -0.000151 2819.0
0.000905 -0.000154 2820.0
0.000904 -0.000156 2821.0
0.000903 -0.000158 2822.0
0.000902 -0.000160 2823.0
0.000901 -0.000163 2824.0
0.000900 -0.000165 2825.0
0.000899 -0.000167 2826.0
0.000899 -0.000169 2827.0
0.000898 -0.000172 2828.0
0.000897 -0.000174 2829.0
0.000896 -0.000176 2830.0
0.000895 -0.000179 2831.0
0.000894 -0.000181 2832.0
0.000893 -0.000183 2833.0
0.000892 -0.000185 2834.0
0.000892 -0.000188 2835.0
0.000891 -0.000190 2836.0
0.000890 -0.000192 2837.0
0.000889 -0.000194 2838.0
0.000888 -0.000197 2839.0
0.000887 -0.000199 2840.0
0.000886 -0.000201 2841.0
0.000885 -0.000204 2842.0
0.000877 -0.000198 2843.0
0.000876 -0.000200 2844.0
0.000874 -0.000202 2845.0
0.000873 -0.000203 2846.0
0.000871 -0.000205 2847.0
0.000870 -0.000207 2848.0
0.000869 -0.000209 2849.0
0.000867 -0.000211 2850.0
0.000866 -0.000213 2851.0
0.000864 -0.000215 2852.0
0.000863 -0.000216 2853.0
0.000862 -0.000218 2854.0
0.000860 -0.000220 2855.0
0.000859 -0.000222 2856.0
0.000857 -0.000224 2857.0
0.000856 -0.000226 2858.0
0.000855 -0.000228 2859.0
0.000853 -0.000229 2860.0
0.000852 -0.000231 2861.0
0.000850 -0.000233 2862.0
0.000849 -0.000235 2863.0
0.000848 -0.000237 2864.0
0.000846 -0.000239 2865.0
0.000845 -0.000241 2866.0
0.000843 -0.000242 2867.0
0.000842 -0.000244 2868.0
0.000841 -0.000246 2869.0
0.000839 -0.000248 2870.0
0.000838 -0.000250 2871.0
0.000836 -0.000252 2872.0
0.000835 -0.000254 2873.0
0.000834 -0.000255 2874.0
0.000832 -0.000257 2875.0
0.000831 -0.000259 2876.0
0.000829 -0.000261 2877.0
0.000828 -0.000263 2878.0
0.000827 -0.000265 2879.0
0.000825 -0.000267 2880.0
0.000824 -0.000269 2881.0
0.000822 -0.000270 2882.0
0.000821 -0.000272 2883.0
0.000820 -0.000274 2884.0
0.000818 -0.000276 2885.0
0.000817 -0.000278 2886.0
0.000815 -0.000280 2887.0
0.000814 -0.000282 2888.0
0.000813 -0.000283 2889.0
0.000811 -0.000285 2890.0
0.000810 -0.000287 2891.0
0.000809 -0.000289 2892.0
0.000807 -0.000291 2893.0
0.000799 -0.000280 2894.0
0.000798 -0.000282 2895.0
0.000796 -0.000284 2896.0
0.000795 -0.000287 2897.0
0.000793 -0.000289 2898.0
0.000792 -0.000291 2899.0
0.000790 -0.000293 2900.0
0.000789 -0.000295 2901.0
0.000787 -0.000297 2902.0
0.000786 -0.000299 2903.0
0.000784 -0.000301 2904.0
0.000782 -0.000303 2905.0
0.000781 -0.000305 2906.0
0.000779 -0.000307 2907.0
0.000778 -0.000309 2908.0
0.000776 -0.000311 2909.0
0.000775 -0.000313 2910.0
0.000773 -0.000315 2911.0
0.000772 -0.000317 2912.0
0.000770 -0.000319 2913.0
0.000769 -0.000321 2914.0
0.000767 -0.000323 2915.0
0.000766 -0.000325 2916.0
0.000764 -0.000327 2917.0
0.000763 -0.000329 2918.0
0.000761 -0.000331 2919.0
0.000760 -0.000334 2920.0
0.000758 -0.000336 2921.0
0.000757 -0.000338 2922.0
0.000755 -0.000340 2923.0
0.000754 -0.000342 2924.0
0.000752 -0.000344 2925.0
0.000751 -0.000346 2926.0
0.000749 -0.000348 2927.0
0.000748 -0.000350 2928.0
0.000746 -0.000352 2929.0
0.000745 -0.000354 2930.0
0.000743 -0.000356 2931.0
0.000741 -0.000358 2932.0
0.000740 -0.000360 2933.0
0.000738 -0.000362 2934.0
0.000737 -0.000364 2935.0
0.000735 -0.000366 2936.0
0.000734 -0.000368 2937.0
0.000732 -0.000370 2938.0
0.000731 -0.000372 2939.0
0.000729 -0.000374 2940.0
0.000721 -0.000364 2941.0
0.000721 -0.000365 2942.0
0.000721 -0.000366 2943.0
0.000721 -0.000367 2944.0
0.000720 -0.000368 2945.0
0.000720 -0.000369 2946.0
0.000720 -0.000370 2947.0
0.000720 -0.000371 2948.0
0.000720 -0.000372 2949.0
0.000720 -0.000374 2950.0
0.000719 -0.000375 2951.0
0.000719 -0.000376 2952.0
0.000719 -0.000377 2953.0
0.000719 -0.000378 2954.0
0.000719 -0.000379 2955.0
0.000718 -0.000380 2956.0
0.000718 -0.000381 2957.0
0.000718 -0.000382 2958.0
0.000718 -0.000383 2959.0
0.000718 -0.000384 2960.0
0.000717 -0.000385 2961.0
0.000717 -0.000386 2962.0
0.000717 -0.000387 2963.0
0.000717 -0.000389 2964.0
0.000717 -0.000390 2965.0
0.000717 -0.000391 2966.0
0.000716 -0.000392 2967.0
0.000716 -0.000393 2968.0
0.000716 -0.000394 2969.0
0.000716 -0.000395 2970.0
0.000716 -0.000396 2971.0
0.000715 -0.000397 2972.0
0.000715 -0.000398 2973.0
0.000715 -0.000399 2974.0
0.000715 -0.000400 2975.0
0.000715 -0.000401 2976.0
0.000714 -0.000402 2977.0
0.000714 -0.000403 2978.0
0.000714 -0.000405 2979.0
0.000714 -0.000406 2980.0
0.000714 -0.000407 2981.0
0.000713 -0.000408 2982.0
0.000713 -0.000409 2983.0
0.000713 -0.000410 2984.0
0.000713 -0.000411 2985.0
0.000713 -0.000412 2986.0
0.000713 -0.000413 2987.0
0.000712 -0.000414 2988.0
0.000712 -0.000415 2989.0
0.000712 -0.000416 2990.0
0.000712 -0.000417 2991.0
0.000712 -0.000418 2992.0
0.000711 -0.000420 2993.0
0.000711 -0.000421 2994.0
0.000711 -0.000422 2995.0
0.000711 -0.000423 2996.0
0.000711 -0.000424 2997.0
0.000710 -0.000425 2998.0
0.000710 -0.000426 2999.0
0.000708 -0.000425 3000.0
0.000708 -0.000425 3001.0
0.000708 -0.000425 3002.0
0.000709 -0.000425 3003.0
0.000709 -0.000426 3004.0
0.000709 -0.000426 3005.0
0.000710 -0.000426 3006.0
0.000710 -0.000426 3007.0
0.000710 -0.000426 3008.0
0.000711 -0.000426 3009.0
0.000711 -0.000426 3010.0
0.000711 -0.000426 3011.0
0.000712 -0.000427 3012.0
0.000712 -0.000427 3013.0
0.000712 -0.000427 3014.0
0.000713 -0.000427 3015.0
0.000713 -0.000427 3016.0
0.000714 -0.000427 3017.0
0.000714 -0.000427 3018.0
0.000714 -0.000427 3019.0
0.000715 -0.000428 3020.0
0.000715 -0.000428 3021.0
0.000715 -0.000428 3022.0
0.000716 -0.000428 3023.0
0.000716 -0.000428 3024.0
0.000716 -0.000428 3025.0
0.000717 -0.000428 3026.0
0.000717 -0.000428 3027.0
0.000717 -0.000429 3028.0
0.000718 -0.000429 3029.0
0.000718 -0.000429 3030.0
0.000718 -0.000429 3031.0
0.000719 -0.000429 3032.0
0.000719 -0.000429 3033.0
0.000719 -0.000429 3034.0
0.000720 -0.000429 3035.0
0.000720 -0.000430 3036.0
0.000721 -0.000430 3037.0
0.000721 -0.000430 3038.0
0.000721 -0.000430 3039.0
0.000722 -0.000430 3040.0
0.000722 -0.000430 3041.0
0.000722 -0.000430 3042.0
0.000723 -0.000430 3043.0
0.000723 -0.000431 3044.0
0.000723 -0.000431 3045.0
0.000724 -0.000431 3046.0
0.000724 -0.000431 3047.0
0.000724 -0.000431 3048.0
0.000725 -0.000431 3049.0
0.000725 -0.000431 3050.0
0.000725 -0.000431 3051.0
0.000726 -0.000432 3052.0
0.000726 -0.000432 3053.0
0.000726 -0.000432 3054.0
0.000727 -0.000432 3055.0
0.000727 -0.000432 3056.0
0.000727 -0.000432 3057.0
0.000728 -0.000432 3058.0
0.000728 -0.000432 3059.0
0.000728 -0.000431 3060.0
0.000729 -0.000431 3061.0
0.000729 -0.000431 3062.0
0.000729 -0.000430 3063.0
0.000729 -0.000430 3064.0
0.000730 -0.000430 3065.0
0.000730 -0.000430 3066.0
0.000730 -0.000429 3067.0
0.000730 -0.000429 3068.0
0.000730 -0.000429 3069.0
0.000731 -0.000429 3070.0
0.000731 -0.000429 3071.0
0.000731 -0.000428 3072.0
0.000731 -0.000428 3073.0
0.000731 -0.000428 3074.0
0.000732 -0.000428 3075.0
0.000732 -0.000427 3076.0
0.000732 -0.000427 3077.0
0.000732 -0.000427 3078.0
0.000733 -0.000427 3079.0
0.000733 -0.000427 3080.0
0.000733 -0.000426 3081.0
0.000733 -0.000426 3082.0
0.000733 -0.000426 3083.0
0.000734 -0.000426 3084.0
0.000734 -0.000425 3085.0
0.000734 -0.000425 3086.0
0.000734 -0.000425 3087.0
0.000734 -0.000425 3088.0
0.000735 -0.000424 3089.0
0.000735 -0.000424 3090.0
0.000735 -0.000424 3091.0
0.000735 -0.000424 3092.0
0.000735 -0.000424 3093.0
0.000736 -0.000423 3094.0
0.000736 -0.000423 3095.0
0.000736 -0.000423 3096.0
0.000736 -0.000423 3097.0
0.000737 -0.000422 3098.0
0.000737 -0.000422 3099.0
0.000737 -0.000422 3100.0
0.000737 -0.000422 3101.0
0.000737 -0.000422 3102.0
0.000738 -0.000421 3103.0
0.000738 -0.000421 3104.0
0.000738 -0.000421 3105.0
0.000738 -0.000421 3106.0
0.000738 -0.000420 3107.0
0.000739 -0.000420 3108.0
0.000739 -0.000420 3109.0
0.000739 -0.000420 3110.0
0.000739 -0.000420 3111.0
0.000739 -0.000419 3112.0
0.000740 -0.000419 3113.0
0.000740 -0.000419 3114.0
0.000740 -0.000419 3115.0
0.000740 -0.000418 3116.0
0.000741 -0.000418 3117.0
0.000741 -0.000418 3118.0
0.000741 -0.000418 3119.0
0.000742 -0.000420 3120.0
0.000742 -0.000420 3121.0
0.000742 -0.000420 3122.0
0.000742 -0.000420 3123.0
0.000743 -0.000421 3124.0
0.000743 -0.000421 3125.0
0.000743 -0.000421 3126.0
0.000743 -0.000421 3127.0
0.000743 -0.000422 3128.0
0.000743 -0.000422 3129.0
0.000743 -0.000422 3130.0
0.000744 -0.000422 3131.0
0.000744 -0.000423 3132.0
0.000744 -0.000423 3133.0
0.000744 -0.000423 3134.0
0.000744 -0.000424 3135.0
0.000744 -0.000424 3136.0
0.000744 -0.000424 3137.0
0.000744 -0.000424 3138.0
0.000745 -0.000425 3139.0
0.000745 -0.000425 3140.0
0.000745 -0.000425 3141.0
0.000745 -0.000425 3142.0
0.000745 -0.000426 3143.0
0.000745 -0.000426 3144.0
0.000745 -0.000426 3145.0
0.000746 -0.000427 3146.0
0.000746 -0.000427 3147.0
0.000746 -0.000427 3148.0
0.000746 -0.000427 3149.0
0.000746 -0.000428 3150.0
0.000746 -0.000428 3151.0
0.000746 -0.000428 3152.0
0.000747 -0.000428 3153.0
0.000747 -0.000429 3154.0
0.000747 -0.000429 3155.0
0.000747 -0.000429 3156.0
0.000747 -0.000429 3157.0
0.000747 -0.000430 3158.0
0.000747 -0.000430 3159.0
0.000747 -0.000430 3160.0
0.000748 -0.000431 3161.0
0.000748 -0.000431 3162.0
0.000748 -0.000431 3163.0
0.000748 -0.000431 3164.0
0.000748 -0.000432 3165.0
0.000748 -0.000432 3166.0
0.000748 -0.000432 3167.0
0.000749 -0.000432 3168.0
0.000749 -0.000433 3169.0
0.000749 -0.000433 3170.0
0.000749 -0.000433 3171.0
0.000749 -0.000434 3172.0
0.000749 -0.000434 3173.0
0.000749 -0.000434 3174.0
0.000750 -0.000434 3175.0
0.000750 -0.000435 3176.0
0.000750 -0.000435 3177.0
0.000750 -0.000435 3178.0
0.000750 -0.000435 3179.0
0.000751 -0.000434 3180.0
0.000751 -0.000434 3181.0
0.000751 -0.000435 3182.0
0.000751 -0.000435 3183.0
0.000752 -0.000435 3184.0
0.000752 -0.000435 3185.0
0.000752 -0.000435 3186.0
0.000752 -0.000435 3187.0
0.000752 -0.000435 3188.0
0.000752 -0.000436 3189.0
0.000752 -0.000436 3190.0
0.000752 -0.000436 3191.0
0.000752 -0.000436 3192.0
0.000752 -0.000436 3193.0
0.000752 -0.000436 3194.0
0.000752 -0.000436 3195.0
0.000752 -0.000437 3196.0
0.000752 -0.000437 3197.0
0.000752 -0.000437 3198.0
0.000752 -0.000437 3199.0
0.000752 -0.000437 3200.0
0.000752 -0.000437 3201.0
0.000752 -0.000437 3202.0
0.000752 -0.000438 3203.0
0.000752 -0.000438 3204.0
0.000752 -0.000438 3205.0
0.000752 -0.000438 3206.0
0.000752 -0.000438 3207.0
0.000752 -0.000438 3208.0
0.000753 -0.000438 3209.0
0.000753 -0.000439 3210.0
0.000753 -0.000439 3211.0
0.000753 -0.000439 3212.0
0.000753 -0.000439 3213.0
0.000753 -0.000439 3214.0
0.000753 -0.000439 3215.0
0.000753 -0.000440 3216.0
0.000753 -0.000440 3217.0
0.000753 -0.000440 3218.0
0.000753 -0.000440 3219.0
0.000753 -0.000440 3220.0
0.000753 -0.000440 3221.0
0.000753 -0.000440 3222.0
0.000753 -0.000441 3223.0
0.000753 -0.000441 3224.0
0.000753 -0.000441 3225.0
0.000753 -0.000441 3226.0
0.000753 -0.000441 3227.0
0.000753 -0.000441 3228.0
0.000753 -0.000441 3229.0
0.000753 -0.000442 3230.0
0.000753 -0.000442 3231.0
0.000753 -0.000442 3232.0
0.000753 -0.000442 3233.0
0.000753 -0.000442 3234.0
0.000754 -0.000442 3235.0
0.000754 -0.000442 3236.0
0.000754 -0.000443 3237.0
0.000754 -0.000443 3238.0
0.000754 -0.000443 3239.0
0.000754 -0.000443 3240.0
0.000754 -0.000443 3241.0
0.000754 -0.000443 3242.0
0.000754 -0.000443 3243.0
0.000754 -0.000443 3244.0
0.000754 -0.000442 3245.0
0.000754 -0.000442 3246.0
0.000754 -0.000442 3247.0
0.000754 -0.000442 3248.0
0.000754 -0.000442 3249.0
0.000753 -0.000442 3250.0
0.000753 -0.000442 3251.0
0.000753 -0.000442 3252.0
0.000753 -0.000442 3253.0
0.000753 -0.000442 3254.0
0.000753 -0.000442 3255.0
0.000753 -0.000442 3256.0
0.000753 -0.000442 3257.0
0.000753 -0.000441 3258.0
0.000753 -0.000441 3259.0
0.000753 -0.000441 3260.0
0.000752 -0.000441 3261.0
0.000752 -0.000441 3262.0
0.000752 -0.000441 3263.0
0.000752 -0.000441 3264.0
0.000752 -0.000441 3265.0
0.000752 -0.000441 3266.0
0.000752 -0.000441 3267.0
0.000752 -0.000441 3268.0
0.000752 -0.000441 3269.0
0.000752 -0.000441 3270.0
0.000752 -0.000440 3271.0
0.000751 -0.000440 3272.0
0.000751 -0.000440 3273.0
0.000751 -0.000440 3274.0
0.000751 -0.000440 3275.0
0.000751 -0.000440 3276.0
0.000751 -0.000440 3277.0
0.000751 -0.000440 3278.0
0.000751 -0.000440 3279.0
0.000751 -0.000440 3280.0
0.000751 -0.000440 3281.0
0.000751 -0.000440 3282.0
0.000750 -0.000440 3283.0
0.000750 -0.000439 3284.0
0.000750 -0.000439 3285.0
0.000750 -0.000439 3286.0
0.000750 -0.000439 3287.0
0.000750 -0.000439 3288.0
0.000750 -0.000439 3289.0
0.000750 -0.000439 3290.0
0.000750 -0.000439 3291.0
0.000750 -0.000439 3292.0
0.000750 -0.000439 3293.0
0.000749 -0.000439 3294.0
0.000749 -0.000439 3295.0
0.000749 -0.000439 3296.0
0.000749 -0.000438 3297.0
0.000749 -0.000438 3298.0
0.000749 -0.000438 3299.0
0.000749 -0.000438 3300.0
0.000749 -0.000439 3301.0
0.000749 -0.000439 3302.0
0.000749 -0.000439 3303.0
0.000749 -0.000439 3304.0
0.000749 -0.000439 3305.0
0.000749 -0.000439 3306.0
0.000749 -0.000439 3307.0
0.000749 -0.000439 3308.0
0.000749 -0.000439 3309.0
0.000749 -0.000439 3310.0
0.000749 -0.000439 3311.0
0.000749 -0.000439 3312.0
0.000749 -0.000439 3313.0
0.000749 -0.000439 3314.0
0.000749 -0.000439 3315.0
0.000749 -0.000439 3316.0
0.000749 -0.000439 3317.0
0.000749 -0.000439 3318.0
0.000749 -0.000439 3319.0
0.000749 -0.000439 3320.0
0.000749 -0.000439 3321.0
0.000749 -0.000439 3322.0
0.000749 -0.000439 3323.0
0.000749 -0.000439 3324.0
0.000749 -0.000439 3325.0
0.000749 -0.000439 3326.0
0.000749 -0.000439 3327.0
0.000749 -0.000439 3328.0
0.000749 -0.000439 3329.0
0.000749 -0.000439 3330.0
0.000749 -0.000439 3331.0
0.000749 -0.000439 3332.0
0.000749 -0.000439 3333.0
0.000749 -0.000439 3334.0
0.000749 -0.000439 3335.0
0.000749 -0.000439 3336.0
0.000749 -0.000439 3337.0
0.000749 -0.000439 3338.0
0.000749 -0.000438 3339.0
0.000749 -0.000438 3340.0
0.000749 -0.000438 3341.0
0.000749 -0.000438 3342.0
0.000749 -0.000438 3343.0
0.000749 -0.000438 3344.0
0.000749 -0.000438 3345.0
0.000749 -0.000438 3346.0
0.000749 -0.000438 3347.0
0.000749 -0.000439 3348.0
0.000749 -0.000439 3349.0
0.000748 -0.000440 3350.0
0.000748 -0.000440 3351.0
0.000748 -0.000440 3352.0
0.000748 -0.000441 3353.0
0.000747 -0.000441 3354.0
0.000747 -0.000441 3355.0
0.000747 -0.000442 3356.0
0.000747 -0.000442 3357.0
0.000746 -0.000443 3358.0
0.000746 -0.000443 3359.0
0.000746 -0.000443 3360.0
0.000746 -0.000444 3361.0
0.000745 -0.000444 3362.0
0.000745 -0.000444 3363.0
0.000745 -0.000445 3364.0
0.000745 -0.000445 3365.0
0.000744 -0.000445 3366.0
0.000744 -0.000446 3367.0
0.000744 -0.000446 3368.0
0.000744 -0.000447 3369.0
0.000743 -0.000447 3370.0
0.000743 -0.000447 3371.0
0.000743 -0.000448 3372.0
0.000742 -0.000448 3373.0
0.000742 -0.000448 3374.0
0.000742 -0.000449 3375.0
0.000742 -0.000449 3376.0
0.000741 -0.000450 3377.0
0.000741 -0.000450 3378.0
0.000741 -0.000450 3379.0
0.000741 -0.000451 3380.0
0.000740 -0.000451 3381.0
0.000740 -0.000451 3382.0
0.000740 -0.000452 3383.0
0.000740 -0.000452 3384.0
0.000739 -0.000453 3385.0
0.000739 -0.000453 3386.0
0.000739 -0.000453 3387.0
0.000739 -0.000454 3388.0
0.000738 -0.000454 3389.0
0.000738 -0.000454 3390.0
0.000738 -0.000455 3391.0
0.000738 -0.000455 3392.0
0.000737 -0.000455 3393.0
0.000737 -0.000456 3394.0
0.000737 -0.000456 3395.0
0.000737 -0.000457 3396.0
0.000736 -0.000457 3397.0
0.000736 -0.000457 3398.0
0.000736 -0.000458 3399.0
0.000736 -0.000458 3400.0
0.000735 -0.000458 3401.0
0.000735 -0.000459 3402.0
0.000735 -0.000459 3403.0
0.000735 -0.000460 3404.0
0.000734 -0.000460 3405.0
0.000734 -0.000460 3406.0
0.000732 -0.000458 3407.0
0.000732 -0.000458 3408.0
0.000732 -0.000459 3409.0
0.000731 -0.000459 3410.0
0.000731 -0.000460 3411.0
0.000731 -0.000460 3412.0
0.000731 -0.000460 3413.0
0.000730 -0.000461 3414.0
0.000730 -0.000461 3415.0
0.000730 -0.000462 3416.0
0.000730 -0.000462 3417.0
0.000729 -0.000463 3418.0
0.000729 -0.000463 3419.0
0.000729 -0.000463 3420.0
0.000729 -0.000464 3421.0
0.000728 -0.000464 3422.0
0.000728 -0.000465 3423.0
0.000728 -0.000465 3424.0
0.000728 -0.000466 3425.0
0.000727 -0.000466 3426.0
0.000727 -0.000466 3427.0
0.000727 -0.000467 3428.0
0.000727 -0.000467 3429.0
0.000726 -0.000468 3430.0
0.000726 -0.000468 3431.0
0.000726 -0.000468 3432.0
0.000725 -0.000469 3433.0
0.000725 -0.000469 3434.0
0.000725 -0.000470 3435.0
0.000725 -0.000470 3436.0
0.000724 -0.000471 3437.0
0.000724 -0.000471 3438.0
0.000724 -0.000471 3439.0
0.000724 -0.000472 3440.0
0.000723 -0.000472 3441.0
0.000723 -0.000473 3442.0
0.000723 -0.000473 3443.0
0.000723 -0.000474 3444.0
0.000722 -0.000474 3445.0
0.000722 -0.000474 3446.0
0.000722 -0.000475 3447.0
0.000722 -0.000475 3448.0
0.000721 -0.000476 3449.0
0.000721 -0.000476 3450.0
0.000721 -0.000476 3451.0
0.000721 -0.000477 3452.0
0.000720 -0.000477 3453.0
0.000720 -0.000478 3454.0
0.000720 -0.000478 3455.0
0.000720 -0.000479 3456.0
0.000719 -0.000479 3457.0
0.000719 -0.000479 3458.0
0.000719 -0.000480 3459.0
0.000719 -0.000480 3460.0
0.000718 -0.000481 3461.0
0.000718 -0.000481 3462.0
0.000718 -0.000482 3463.0
0.000718 -0.000482 3464.0
0.000717 -0.000482 3465.0
0.000717 -0.000483 3466.0
0.000715 -0.000481 3467.0
0.000715 -0.000481 3468.0
0.000714 -0.000482 3469.0
0.000714 -0.000482 3470.0
0.000713 -0.000483 3471.0
0.000713 -0.000483 3472.0
0.000713 -0.000484 3473.0
0.000712 -0.000484 3474.0
0.000712 -0.000485 3475.0
0.000711 -0.000485 3476.0
0.000711 -0.000486 3477.0
0.000710 -0.000486 3478.0
0.000710 -0.000487 3479.0
0.000710 -0.000487 3480.0
0.000709 -0.000488 3481.0
0.000709 -0.000488 3482.0
0.000708 -0.000489 3483.0
0.000708 -0.000489 3484.0
0.000708 -0.000490 3485.0
0.000707 -0.000491 3486.0
0.000707 -0.000491 3487.0
0.000706 -0.000492 3488.0
0.000706 -0.000492 3489.0
0.000706 -0.000493 3490.0
0.000705 -0.000493 3491.0
0.000705 -0.000494 3492.0
0.000704 -0.000494 3493.0
0.000704 -0.000495 3494.0
0.000703 -0.000495 3495.0
0.000703 -0.000496 3496.0
0.000703 -0.000496 3497.0
0.000702 -0.000497 3498.0
0.000702 -0.000497 3499.0
0.000701 -0.000498 3500.0
0.000701 -0.000498 3501.0
0.000701 -0.000499 3502.0
0.000700 -0.000499 3503.0
0.000700 -0.000500 3504.0
0.000699 -0.000501 3505.0
0.000699 -0.000501 3506.0
0.000699 -0.000502 3507.0
0.000698 -0.000502 3508.0
0.000698 -0.000503 3509.0
0.000697 -0.000503 3510.0
0.000697 -0.000504 3511.0
0.000697 -0.000504 3512.0
0.000696 -0.000505 3513.0
0.000696 -0.000505 3514.0
0.000695 -0.000506 3515.0
0.000695 -0.000506 3516.0
0.000694 -0.000507 3517.0
0.000694 -0.000507 3518.0
0.000694 -0.000508 3519.0
0.000693 -0.000508 3520.0
0.000693 -0.000509 3521.0
0.000692 -0.000509 3522.0
0.000692 -0.000510 3523.0
0.000692 -0.000511 3524.0
0.000691 -0.000511 3525.0
0.000691 -0.000512 3526.0
0.000688 -0.000508 3527.0
0.000688 -0.000509 3528.0
0.000688 -0.000509 3529.0
0.000687 -0.000510 3530.0
0.000687 -0.000511 3531.0
0.000687 -0.000511 3532.0
0.000687 -0.000512 3533.0
0.000686 -0.000513 3534.0
0.000686 -0.000514 3535.0
0.000686 -0.000514 3536.0
0.000685 -0.000515 3537.0
0.000685 -0.000516 3538.0
0.000685 -0.000516 3539.0
0.000685 -0.000517 3540.0
0.000684 -0.000518 3541.0
0.000684 -0.000518 3542.0
0.000684 -0.000519 3543.0
0.000684 -0.000520 3544.0
0.000683 -0.000520 3545.0
0.000683 -0.000521 3546.0
0.000683 -0.000522 3547.0
0.000683 -0.000523 3548.0
0.000682 -0.000523 3549.0
0.000682 -0.000524 3550.0
0.000682 -0.000525 3551.0
0.000682 -0.000525 3552.0
0.000681 -0.000526 3553.0
0.000681 -0.000527 3554.0
0.000681 -0.000527 3555.0
0.000680 -0.000528 3556.0
0.000680 -0.000529 3557.0
0.000680 -0.000530 3558.0
0.000680 -0.000530 3559.0
0.000679 -0.000531 3560.0
0.000679 -0.000532 3561.0
0.000679 -0.000532 3562.0
0.000679 -0.000533 3563.0
0.000678 -0.000534 3564.0
0.000678 -0.000534 3565.0
0.000678 -0.000535 3566.0
0.000678 -0.000536 3567.0
0.000677 -0.000536 3568.0
0.000677 -0.000537 3569.0
0.000677 -0.000538 3570.0
0.000677 -0.000539 3571.0
0.000676 -0.000539 3572.0
0.000676 -0.000540 3573.0
0.000676 -0.000541 3574.0
0.000675 -0.000541 3575.0
0.000675 -0.000542 3576.0
0.000675 -0.000543 3577.0
0.000675 -0.000543 3578.0
0.000674 -0.000544 3579.0
0.000674 -0.000545 3580.0
0.000674 -0.000546 3581.0
0.000674 -0.000546 3582.0
0.000673 -0.000547 3583.0
0.000673 -0.000548 3584.0
0.000673 -0.000548 3585.0
0.000673 -0.000549 3586.0
0.000670 -0.000547 3587.0
