-0.000368 -0.001018 32.0
-0.000369 -0.001018 33.0
-0.000369 -0.001019 34.0
-0.000370 -0.001019 35.0
-0.000370 -0.001019 36.0
-0.000371 -0.001020 37.0
-0.000371 -0.001020 38.0
-0.000372 -0.001020 39.0
-0.000372 -0.001021 40.0
-0.000373 -0.001021 41.0
-0.000373 -0.001021 42.0
-0.000374 -0.001021 43.0
-0.000374 -0.001022 44.0
-0.000375 -0.001022 45.0
-0.000375 -0.001022 46.0
-0.000376 -0.001023 47.0
-0.000376 -0.001023 48.0
-0.000377 -0.001023 49.0
-0.000377 -0.001024 50.0
-0.000378 -0.001024 51.0
-0.000378 -0.001024 52.0
-0.000379 -0.001025 53.0
-0.000379 -0.001025 54.0
-0.000380 -0.001025 55.0
-0.000380 -0.001025 56.0
-0.000381 -0.001026 57.0
-0.000381 -0.001026 58.0
-0.000382 -0.001026 59.0
-0.000382 -0.001027 60.0
-0.000383 -0.001027 61.0
-0.000383 -0.001027 62.0
-0.000384 -0.001028 63.0
-0.000384 -0.001028 64.0
-0.000385 -0.001028 65.0
-0.000385 -0.001028 66.0
-0.000386 -0.001029 67.0
-0.000386 -0.001029 68.0
-0.000387 -0.001029 69.0
-0.000387 -0.001030 70.0
-0.000388 -0.001030 71.0
-0.000388 -0.001030 72.0
-0.000389 -0.001031 73.0
-0.000389 -0.001031 74.0
-0.000390 -0.001031 75.0
-0.000391 -0.001032 76.0
-0.000391 -0.001032 77.0
-0.000392 -0.001032 78.0
-0.000392 -0.001032 79.0
-0.000393 -0.001033 80.0
-0.000393 -0.001033 81.0
-0.000394 -0.001033 82.0
-0.000394 -0.001034 83.0
-0.000395 -0.001034 84.0
-0.000395 -0.001034 85.0
-0.000396 -0.001035 86.0
-0.000396 -0.001035 87.0
-0.000397 -0.001035 88.0
-0.000397 -0.001035 89.0
-0.000398 -0.001036 90.0
-0.000398 -0.001036 91.0
-0.000399 -0.001033 92.0
-0.000399 -0.001033 93.0
-0.000399 -0.001033 94.0
-0.000399 -0.001033 95.0
-0.000399 -0.001033 96.0
-0.000399 -0.001033 97.0
-0.000399 -0.001033 98.0
-0.000399 -0.001033 99.0
-0.000399 -0.001033 100.0
-0.000399 -0.001034 101.0
-0.000399 -0.001034 102.0
-0.000399 -0.001034 103.0
-0.000399 -0.001034 104.0
-0.000399 -0.001034 105.0
-0.000399 -0.001034 106.0
-0.000399 -0.001034 107.0
-0.000399 -0.001034 108.0
-0.000399 -0.001034 109.0
-0.000399 -0.001034 110.0
-0.000399 -0.001034 111.0
-0.000399 -0.001034 112.0
-0.000399 -0.001034 113.0
-0.000399 -0.001034 114.0
-0.000399 -0.001034 115.0
-0.000399 -0.001034 116.0
-0.000399 -0.001035 117.0
-0.000399 -0.001035 118.0
-0.000399 -0.001035 119.0
-0.000399 -0.001035 120.0
-0.000399 -0.001035 121.0
-0.000399 -0.001035 122.0
-0.000399 -0.001035 123.0
-0.000399 -0.001035 124.0
-0.000399 -0.001035 125.0
-0.000399 -0.001035 126.0
-0.000399 -0.001035 127.0
-0.000399 -0.001035 128.0
-0.000399 -0.001035 129.0
-0.000399 -0.001035 130.0
-0.000399 -0.001035 131.0
-0.000399 -0.001035 132.0
-0.000399 -0.001036 133.0
-0.000399 -0.001036 134.0
-0.000399 -0.001036 135.0
-0.000399 -0.001036 136.0
-0.000399 -0.001036 137.0
-0.000399 -0.001036 138.0
-0.000399 -0.001036 139.0
-0.000399 -0.001036 140.0
-0.000399 -0.001036 141.0
-0.000399 -0.001036 142.0
-0.000399 -0.001036 143.0
-0.000399 -0.001036 144.0
-0.000399 -0.001036 145.0
-0.000399 -0.001036 146.0
-0.000399 -0.001036 147.0
-0.000399 -0.001037 148.0
-0.000399 -0.001037 149.0
-0.000399 -0.001037 150.0
-0.000399 -0.001037 151.0
-0.000399 -0.001037 152.0
-0.000399 -0.001037 153.0
-0.000399 -0.001037 154.0
-0.000399 -0.001037 155.0
-0.000399 -0.001037 156.0
-0.000399 -0.001037 157.0
-0.000399 -0.001037 158.0
-0.000399 -0.001037 159.0
-0.000399 -0.001037 160.0
-0.000399 -0.001037 161.0
-0.000399 -0.001037 162.0
-0.000399 -0.001037 163.0
-0.000399 -0.001038 164.0
-0.000399 -0.001038 165.0
-0.000399 -0.001038 166.0
-0.000399 -0.001038 167.0
-0.000399 -0.001038 168.0
-0.000399 -0.001038 169.0
-0.000399 -0.001038 170.0
-0.000399 -0.001038 171.0
-0.000399 -0.001038 172.0
-0.000399 -0.001038 173.0
-0.000399 -0.001038 174.0
-0.000399 -0.001038 175.0
-0.000399 -0.001038 176.0
-0.000399 -0.001038 177.0
-0.000399 -0.001038 178.0
-0.000399 -0.001038 179.0
-0.000399 -0.001039 180.0
-0.000399 -0.001039 181.0
-0.000399 -0.001039 182.0
-0.000399 -0.001039 183.0
-0.000399 -0.001039 184.0
-0.000399 -0.001039 185.0
-0.000399 -0.001039 186.0
-0.000399 -0.001039 187.0
-0.000399 -0.001039 188.0
-0.000399 -0.001039 189.0
-0.000399 -0.001039 190.0
-0.000399 -0.001039 191.0
-0.000399 -0.001039 192.0
-0.000399 -0.001039 193.0
-0.000399 -0.001039 194.0
-0.000399 -0.001039 195.0
-0.000399 -0.001040 196.0
-0.000399 -0.001040 197.0
-0.000399 -0.001040 198.0
-0.000399 -0.001040 199.0
-0.000399 -0.001040 200.0
-0.000399 -0.001040 201.0
-0.000399 -0.001040 202.0
-0.000399 -0.001040 203.0
-0.000399 -0.001040 204.0
-0.000399 -0.001040 205.0
-0.000399 -0.001040 206.0
-0.000399 -0.001040 207.0
-0.000399 -0.001040 208.0
-0.000399 -0.001040 209.0
-0.000399 -0.001040 210.0
-0.000399 -0.001041 211.0
-0.000399 -0.001041 212.0
-0.000399 -0.001041 213.0
-0.000399 -0.001041 214.0
-0.000399 -0.001041 215.0
-0.000399 -0.001041 216.0
-0.000399 -0.001041 217.0
-0.000399 -0.001041 218.0
-0.000399 -0.001041 219.0
-0.000399 -0.001041 220.0
-0.000399 -0.001041 221.0
-0.000399 -0.001041 222.0
-0.000399 -0.001041 223.0
-0.000399 -0.001041 224.0
-0.000399 -0.001041 225.0
-0.000399 -0.001041 226.0
-0.000399 -0.001042 227.0
-0.000399 -0.001042 228.0
-0.000399 -0.001042 229.0
-0.000399 -0.001042 230.0
-0.000399 -0.001042 231.0
-0.000399 -0.001042 232.0
-0.000399 -0.001042 233.0
-0.000399 -0.001042 234.0
-0.000399 -0.001042 235.0
-0.000399 -0.001042 236.0
-0.000399 -0.001042 237.0
-0.000399 -0.001042 238.0
-0.000399 -0.001042 239.0
-0.000399 -0.001042 240.0
-0.000399 -0.001042 241.0
-0.000399 -0.001042 242.0
-0.000399 -0.001043 243.0
-0.000399 -0.001043 244.0
-0.000399 -0.001043 245.0
-0.000399 -0.001043 246.0
-0.000399 -0.001043 247.0
-0.000399 -0.001043 248.0
-0.000399 -0.001043 249.0
-0.000399 -0.001043 250.0
-0.000399 -0.001043 251.0
-0.000399 -0.001043 252.0
-0.000399 -0.001043 253.0
-0.000399 -0.001043 254.0
-0.000399 -0.001042 255.0
-0.000399 -0.001042 256.0
-0.000399 -0.001041 257.0
-0.000399 -0.001040 258.0
-0.000399 -0.001039 259.0
-0.000399 -0.001038 260.0
-0.000399 -0.001037 261.0
-0.000399 -0.001036 262.0
-0.000399 -0.001036 263.0
-0.000400 -0.001035 264.0
-0.000400 -0.001034 265.0
-0.000400 -0.001034 266.0
-0.000399 -0.001034 267.0
-0.000399 -0.001033 268.0
-0.000398 -0.001033 269.0
-0.000398 -0.001033 270.0
-0.000397 -0.001032 271.0
-0.000397 -0.001032 272.0
-0.000396 -0.001032 273.0
-0.000395 -0.001031 274.0
-0.000395 -0.001031 275.0
-0.000394 -0.001031 276.0
-0.000394 -0.001030 277.0
-0.000393 -0.001030 278.0
-0.000393 -0.001030 279.0
-0.000392 -0.001029 280.0
-0.000392 -0.001029 281.0
-0.000391 -0.001028 282.0
-0.000390 -0.001028 283.0
-0.000390 -0.001028 284.0
-0.000389 -0.001027 285.0
-0.000389 -0.001027 286.0
-0.000388 -0.001027 287.0
-0.000388 -0.001026 288.0
-0.000387 -0.001026 289.0
-0.000387 -0.001026 290.0
-0.000386 -0.001025 291.0
-0.000386 -0.001025 292.0
-0.000385 -0.001025 293.0
-0.000384 -0.001024 294.0
-0.000384 -0.001024 295.0
-0.000383 -0.001024 296.0
-0.000383 -0.001023 297.0
-0.000382 -0.001023 298.0
-0.000382 -0.001023 299.0
-0.000381 -0.001022 300.0
-0.000381 -0.001022 301.0
-0.000380 -0.001022 302.0
-0.000380 -0.001021 303.0
-0.000379 -0.001021 304.0
-0.000378 -0.001020 305.0
-0.000378 -0.001020 306.0
-0.000377 -0.001020 307.0
-0.000377 -0.001019 308.0
-0.000376 -0.001019 309.0
-0.000376 -0.001019 310.0
-0.000375 -0.001018 311.0
-0.000375 -0.001018 312.0
-0.000374 -0.001018 313.0
-0.000373 -0.001017 314.0
-0.000373 -0.001017 315.0
-0.000372 -0.001017 316.0
-0.000372 -0.001016 317.0
-0.000371 -0.001016 318.0
-0.000371 -0.001016 319.0
-0.000370 -0.001015 320.0
-0.000370 -0.001015 321.0
-0.000369 -0.001015 322.0
-0.000369 -0.001014 323.0
-0.000368 -0.001014 324.0
-0.000367 -0.001014 325.0
-0.000366 -0.001017 326.0
-0.000365 -0.001018 327.0
-0.000364 -0.001018 328.0
-0.000362 -0.001019 329.0
-0.000361 -0.001019 330.0
-0.000360 -0.001020 331.0
-0.000359 -0.001020 332.0
-0.000357 -0.001021 333.0
-0.000356 -0.001021 334.0
-0.000355 -0.001022 335.0
-0.000354 -0.001023 336.0
-0.000352 -0.001023 337.0
-0.000351 -0.001024 338.0
-0.000350 -0.001024 339.0
-0.000349 -0.001025 340.0
-0.000347 -0.001025 341.0
-0.000346 -0.001026 342.0
-0.000345 -0.001026 343.0
-0.000344 -0.001027 344.0
-0.000342 -0.001027 345.0
-0.000341 -0.001028 346.0
-0.000340 -0.001029 347.0
-0.000339 -0.001029 348.0
-0.000337 -0.001030 349.0
-0.000336 -0.001030 350.0
-0.000335 -0.001031 351.0
-0.000334 -0.001031 352.0
-0.000332 -0.001032 353.0
-0.000331 -0.001032 354.0
-0.000330 -0.001033 355.0
-0.000328 -0.001033 356.0
-0.000327 -0.001034 357.0
-0.000326 -0.001035 358.0
-0.000325 -0.001035 359.0
-0.000323 -0.001036 360.0
-0.000322 -0.001036 361.0
-0.000321 -0.001037 362.0
-0.000320 -0.001037 363.0
-0.000318 -0.001038 364.0
-0.000317 -0.001038 365.0
-0.000316 -0.001039 366.0
-0.000315 -0.001040 367.0
-0.000313 -0.001040 368.0
-0.000312 -0.001041 369.0
-0.000311 -0.001041 370.0
-0.000310 -0.001042 371.0
-0.000308 -0.001042 372.0
-0.000307 -0.001043 373.0
-0.000306 -0.001043 374.0
-0.000305 -0.001044 375.0
-0.000303 -0.001044 376.0
-0.000302 -0.001045 377.0
-0.000301 -0.001046 378.0
-0.000300 -0.001046 379.0
-0.000298 -0.001047 380.0
-0.000297 -0.001047 381.0
-0.000296 -0.001048 382.0
-0.000295 -0.001048 383.0
-0.000293 -0.001049 384.0
-0.000292 -0.001049 385.0
-0.000291 -0.001050 386.0
-0.000289 -0.001044 387.0
-0.000288 -0.001045 388.0
-0.000287 -0.001046 389.0
-0.000286 -0.001047 390.0
-0.000285 -0.001048 391.0
-0.000284 -0.001050 392.0
-0.000283 -0.001051 393.0
-0.000282 -0.001052 394.0
-0.000281 -0.001053 395.0
-0.000280 -0.001054 396.0
-0.000279 -0.001055 397.0
-0.000278 -0.001057 398.0
-0.000277 -0.001058 399.0
-0.000276 -0.001059 400.0
-0.000275 -0.001060 401.0
-0.000274 -0.001061 402.0
-0.000273 -0.001062 403.0
-0.000272 -0.001064 404.0
-0.000270 -0.001065 405.0
-0.000269 -0.001066 406.0
-0.000268 -0.001067 407.0
-0.000267 -0.001068 408.0
-0.000266 -0.001069 409.0
-0.000265 -0.001071 410.0
-0.000264 -0.001072 411.0
-0.000263 -0.001073 412.0
-0.000262 -0.001074 413.0
-0.000261 -0.001075 414.0
-0.000260 -0.001076 415.0
-0.000259 -0.001078 416.0
-0.000258 -0.001079 417.0
-0.000257 -0.001080 418.0
-0.000256 -0.001081 419.0
-0.000255 -0.001082 420.0
-0.000254 -0.001083 421.0
-0.000253 -0.001085 422.0
-0.000252 -0.001086 423.0
-0.000251 -0.001087 424.0
-0.000250 -0.001088 425.0
-0.000248 -0.001089 426.0
-0.000247 -0.001090 427.0
-0.000244 -0.001084 428.0
-0.000242 -0.001083 429.0
-0.000241 -0.001082 430.0
-0.000240 -0.001081 431.0
-0.000239 -0.001080 432.0
-0.000238 -0.001079 433.0
-0.000237 -0.001078 434.0
-0.000236 -0.001077 435.0
-0.000235 -0.001076 436.0
-0.000234 -0.001075 437.0
-0.000233 -0.001074 438.0
-0.000232 -0.001073 439.0
-0.000231 -0.001072 440.0
-0.000230 -0.001071 441.0
-0.000229 -0.001070 442.0
-0.000228 -0.001069 443.0
-0.000227 -0.001068 444.0
-0.000226 -0.001067 445.0
-0.000225 -0.001066 446.0
-0.000224 -0.001065 447.0
-0.000223 -0.001064 448.0
-0.000221 -0.001063 449.0
-0.000220 -0.001062 450.0
-0.000219 -0.001061 451.0
-0.000218 -0.001060 452.0
-0.000217 -0.001059 453.0
-0.000216 -0.001058 454.0
-0.000215 -0.001057 455.0
-0.000214 -0.001056 456.0
-0.000213 -0.001055 457.0
-0.000212 -0.001054 458.0
-0.000211 -0.001053 459.0
-0.000210 -0.001052 460.0
-0.000209 -0.001051 461.0
-0.000208 -0.001050 462.0
-0.000207 -0.001049 463.0
-0.000206 -0.001048 464.0
-0.000205 -0.001047 465.0
-0.000204 -0.001046 466.0
-0.000203 -0.001045 467.0
-0.000202 -0.001044 468.0
-0.000201 -0.001043 469.0
-0.000199 -0.001041 470.0
-0.000198 -0.001040 471.0
-0.000197 -0.001039 472.0
-0.000196 -0.001038 473.0
-0.000195 -0.001037 474.0
-0.000194 -0.001036 475.0
-0.000193 -0.001035 476.0
-0.000192 -0.001034 477.0
-0.000191 -0.001033 478.0
-0.000190 -0.001032 479.0
-0.000189 -0.001031 480.0
-0.000188 -0.001030 481.0
-0.000187 -0.001029 482.0
-0.000186 -0.001028 483.0
-0.000185 -0.001027 484.0
-0.000184 -0.001026 485.0
-0.000183 -0.001025 486.0
-0.000182 -0.001024 487.0
-0.000181 -0.001023 488.0
-0.000176 -0.001032 489.0
-0.000174 -0.001031 490.0
-0.000172 -0.001031 491.0
-0.000170 -0.001030 492.0
-0.000169 -0.001030 493.0
-0.000167 -0.001029 494.0
-0.000165 -0.001029 495.0
-0.000163 -0.001029 496.0
-0.000161 -0.001028 497.0
-0.000160 -0.001028 498.0
-0.000158 -0.001027 499.0
-0.000156 -0.001027 500.0
-0.000154 -0.001026 501.0
-0.000153 -0.001026 502.0
-0.000151 -0.001025 503.0
-0.000149 -0.001025 504.0
-0.000147 -0.001024 505.0
-0.000145 -0.001024 506.0
-0.000144 -0.001023 507.0
-0.000142 -0.001023 508.0
-0.000140 -0.001022 509.0
-0.000138 -0.001022 510.0
-0.000136 -0.001021 511.0
-0.000135 -0.001021 512.0
-0.000133 -0.001020 513.0
-0.000131 -0.001020 514.0
-0.000129 -0.001019 515.0
-0.000128 -0.001019 516.0
-0.000126 -0.001019 517.0
-0.000124 -0.001018 518.0
-0.000122 -0.001018 519.0
-0.000120 -0.001017 520.0
-0.000119 -0.001017 521.0
-0.000117 -0.001016 522.0
-0.000115 -0.001016 523.0
-0.000113 -0.001015 524.0
-0.000112 -0.001015 525.0
-0.000110 -0.001014 526.0
-0.000108 -0.001014 527.0
-0.000106 -0.001013 528.0
-0.000104 -0.001013 529.0
-0.000103 -0.001012 530.0
-0.000101 -0.001012 531.0
-0.000099 -0.001011 532.0
-0.000097 -0.001011 533.0
-0.000095 -0.001010 534.0
-0.000094 -0.001010 535.0
-0.000092 -0.001010 536.0
-0.000090 -0.001009 537.0
-0.000088 -0.001009 538.0
-0.000087 -0.001008 539.0
-0.000085 -0.001008 540.0
-0.000083 -0.001007 541.0
-0.000081 -0.001007 542.0
-0.000079 -0.001006 543.0
-0.000078 -0.001006 544.0
-0.000076 -0.001005 545.0
-0.000074 -0.001005 546.0
-0.000072 -0.001004 547.0
-0.000071 -0.001004 548.0
-0.000070 -0.001009 549.0
-0.000067 -0.001010 550.0
-0.000064 -0.001010 551.0
-0.000061 -0.001010 552.0
-0.000058 -0.001010 553.0
-0.000055 -0.001010 554.0
-0.000052 -0.001010 555.0
-0.000048 -0.001011 556.0
-0.000045 -0.001011 557.0
-0.000042 -0.001011 558.0
-0.000039 -0.001011 559.0
-0.000036 -0.001011 560.0
-0.000033 -0.001011 561.0
-0.000030 -0.001012 562.0
-0.000027 -0.001012 563.0
-0.000024 -0.001012 564.0
-0.000021 -0.001012 565.0
-0.000018 -0.001012 566.0
-0.000015 -0.001012 567.0
-0.000012 -0.001013 568.0
-0.000009 -0.001013 569.0
-0.000006 -0.001013 570.0
-0.000003 -0.001013 571.0
-0.000000 -0.001013 572.0
0.000003 -0.001013 573.0
0.000006 -0.001014 574.0
0.000009 -0.001014 575.0
0.000012 -0.001014 576.0
0.000015 -0.001014 577.0
0.000018 -0.001014 578.0
0.000021 -0.001014 579.0
0.000024 -0.001015 580.0
0.000027 -0.001015 581.0
0.000030 -0.001015 582.0
0.000033 -0.001015 583.0
0.000033 -0.001014 584.0
0.000033 -0.001014 585.0
0.000033 -0.001014 586.0
0.000033 -0.001014 587.0
0.000033 -0.001014 588.0
0.000033 -0.001014 589.0
0.000033 -0.001014 590.0
0.000033 -0.001014 591.0
0.000033 -0.001014 592.0
0.000033 -0.001014 593.0
0.000033 -0.001014 594.0
0.000033 -0.001014 595.0
0.000033 -0.001014 596.0
0.000033 -0.001014 597.0
0.000033 -0.001014 598.0
0.000033 -0.001014 599.0
0.000033 -0.001014 600.0
0.000035 -0.001011 601.0
0.000037 -0.001008 602.0
0.000038 -0.001005 603.0
0.000040 -0.001003 604.0
0.000042 -0.001000 605.0
0.000043 -0.000997 606.0
0.000045 -0.000994 607.0
0.000047 -0.000991 608.0
0.000049 -0.000989 609.0
0.000050 -0.000986 610.0
0.000052 -0.000983 611.0
0.000054 -0.000980 612.0
0.000055 -0.000977 613.0
0.000057 -0.000975 614.0
0.000059 -0.000972 615.0
0.000060 -0.000969 616.0
0.000062 -0.000966 617.0
0.000064 -0.000963 618.0
0.000066 -0.000961 619.0
0.000067 -0.000958 620.0
0.000069 -0.000955 621.0
0.000071 -0.000952 622.0
0.000072 -0.000949 623.0
0.000074 -0.000947 624.0
0.000076 -0.000944 625.0
0.000077 -0.000941 626.0
0.000079 -0.000938 627.0
0.000081 -0.000935 628.0
0.000082 -0.000933 629.0
0.000084 -0.000930 630.0
0.000086 -0.000927 631.0
0.000088 -0.000924 632.0
0.000089 -0.000921 633.0
0.000091 -0.000918 634.0
0.000093 -0.000916 635.0
0.000094 -0.000913 636.0
0.000096 -0.000910 637.0
0.000105 -0.000920 638.0
0.000107 -0.000918 639.0
0.000108 -0.000916 640.0
0.000110 -0.000914 641.0
0.000111 -0.000912 642.0
0.000113 -0.000910 643.0
0.000114 -0.000907 644.0
0.000116 -0.000905 645.0
0.000117 -0.000903 646.0
0.000119 -0.000901 647.0
0.000120 -0.000899 648.0
0.000122 -0.000897 649.0
0.000123 -0.000895 650.0
0.000125 -0.000893 651.0
0.000126 -0.000891 652.0
0.000128 -0.000889 653.0
0.000129 -0.000887 654.0
0.000131 -0.000885 655.0
0.000132 -0.000883 656.0
0.000134 -0.000881 657.0
0.000135 -0.000879 658.0
0.000137 -0.000877 659.0
0.000138 -0.000875 660.0
0.000140 -0.000873 661.0
0.000141 -0.000871 662.0
0.000143 -0.000869 663.0
0.000144 -0.000867 664.0
0.000146 -0.000865 665.0
0.000147 -0.000863 666.0
0.000149 -0.000861 667.0
0.000150 -0.000859 668.0
0.000152 -0.000857 669.0
0.000153 -0.000855 670.0
0.000155 -0.000853 671.0
0.000156 -0.000851 672.0
0.000158 -0.000849 673.0
0.000159 -0.000847 674.0
0.000161 -0.000845 675.0
0.000162 -0.000843 676.0
0.000164 -0.000841 677.0
0.000165 -0.000839 678.0
0.000167 -0.000837 679.0
0.000168 -0.000835 680.0
0.000170 -0.000833 681.0
0.000171 -0.000831 682.0
0.000173 -0.000829 683.0
0.000174 -0.000827 684.0
0.000176 -0.000825 685.0
0.000184 -0.000836 686.0
0.000185 -0.000834 687.0
0.000187 -0.000832 688.0
0.000188 -0.000830 689.0
0.000190 -0.000828 690.0
0.000191 -0.000826 691.0
0.000193 -0.000824 692.0
0.000194 -0.000822 693.0
0.000195 -0.000820 694.0
0.000197 -0.000818 695.0
0.000198 -0.000816 696.0
0.000200 -0.000814 697.0
0.000201 -0.000812 698.0
0.000202 -0.000810 699.0
0.000204 -0.000808 700.0
0.000205 -0.000807 701.0
0.000207 -0.000805 702.0
0.000208 -0.000803 703.0
0.000210 -0.000801 704.0
0.000211 -0.000799 705.0
0.000212 -0.000797 706.0
0.000214 -0.000795 707.0
0.000215 -0.000793 708.0
0.000217 -0.000791 709.0
0.000218 -0.000789 710.0
0.000219 -0.000787 711.0
0.000221 -0.000785 712.0
0.000222 -0.000783 713.0
0.000224 -0.000781 714.0
0.000225 -0.000779 715.0
0.000227 -0.000777 716.0
0.000228 -0.000776 717.0
0.000229 -0.000774 718.0
0.000231 -0.000772 719.0
0.000232 -0.000770 720.0
0.000234 -0.000768 721.0
0.000235 -0.000766 722.0
0.000236 -0.000764 723.0
0.000238 -0.000762 724.0
0.000239 -0.000760 725.0
0.000241 -0.000758 726.0
0.000242 -0.000756 727.0
0.000244 -0.000754 728.0
0.000245 -0.000752 729.0
0.000246 -0.000750 730.0
0.000248 -0.000748 731.0
0.000249 -0.000746 732.0
0.000251 -0.000744 733.0
0.000252 -0.000743 734.0
0.000253 -0.000741 735.0
0.000255 -0.000739 736.0
0.000263 -0.000749 737.0
0.000263 -0.000746 738.0
0.000264 -0.000743 739.0
0.000264 -0.000740 740.0
0.000264 -0.000736 741.0
0.000264 -0.000733 742.0
0.000264 -0.000730 743.0
0.000264 -0.000726 744.0
0.000264 -0.000723 745.0
0.000265 -0.000720 746.0
0.000265 -0.000716 747.0
0.000265 -0.000713 748.0
0.000265 -0.000710 749.0
0.000265 -0.000707 750.0
0.000265 -0.000703 751.0
0.000266 -0.000700 752.0
0.000266 -0.000697 753.0
0.000266 -0.000693 754.0
0.000266 -0.000690 755.0
0.000266 -0.000687 756.0
0.000266 -0.000684 757.0
0.000267 -0.000680 758.0
0.000267 -0.000677 759.0
0.000267 -0.000674 760.0
0.000267 -0.000670 761.0
0.000267 -0.000667 762.0
0.000267 -0.000664 763.0
0.000267 -0.000660 764.0
0.000268 -0.000657 765.0
0.000268 -0.000654 766.0
0.000268 -0.000651 767.0
0.000268 -0.000647 768.0
0.000268 -0.000644 769.0
0.000268 -0.000641 770.0
0.000269 -0.000637 771.0
0.000269 -0.000634 772.0
0.000269 -0.000631 773.0
0.000269 -0.000628 774.0
0.000269 -0.000624 775.0
0.000269 -0.000621 776.0
0.000271 -0.000621 777.0
0.000271 -0.000619 778.0
0.000272 -0.000616 779.0
0.000272 -0.000614 780.0
0.000273 -0.000611 781.0
0.000273 -0.000609 782.0
0.000273 -0.000606 783.0
0.000274 -0.000604 784.0
0.000274 -0.000602 785.0
0.000275 -0.000599 786.0
0.000275 -0.000597 787.0
0.000275 -0.000594 788.0
0.000276 -0.000592 789.0
0.000276 -0.000589 790.0
0.000277 -0.000587 791.0
0.000277 -0.000584 792.0
0.000278 -0.000582 793.0
0.000278 -0.000580 794.0
0.000278 -0.000577 795.0
0.000279 -0.000575 796.0
0.000279 -0.000572 797.0
0.000280 -0.000570 798.0
0.000280 -0.000567 799.0
0.000280 -0.000565 800.0
0.000281 -0.000563 801.0
0.000281 -0.000560 802.0
0.000282 -0.000558 803.0
0.000282 -0.000555 804.0
0.000283 -0.000553 805.0
0.000283 -0.000550 806.0
0.000283 -0.000548 807.0
0.000284 -0.000545 808.0
0.000284 -0.000543 809.0
0.000287 -0.000544 810.0
0.000289 -0.000542 811.0
0.000290 -0.000539 812.0
0.000291 -0.000537 813.0
0.000293 -0.000534 814.0
0.000294 -0.000532 815.0
0.000295 -0.000529 816.0
0.000297 -0.000527 817.0
0.000298 -0.000524 818.0
0.000300 -0.000522 819.0
0.000301 -0.000519 820.0
0.000302 -0.000517 821.0
0.000304 -0.000514 822.0
0.000305 -0.000512 823.0
0.000306 -0.000509 824.0
0.000308 -0.000507 825.0
0.000309 -0.000504 826.0
0.000310 -0.000502 827.0
0.000312 -0.000499 828.0
0.000313 -0.000497 829.0
0.000314 -0.000494 830.0
0.000316 -0.000492 831.0
0.000317 -0.000490 832.0
0.000318 -0.000487 833.0
0.000320 -0.000485 834.0
0.000321 -0.000482 835.0
0.000322 -0.000480 836.0
0.000324 -0.000477 837.0
0.000325 -0.000475 838.0
0.000326 -0.000472 839.0
0.000328 -0.000470 840.0
0.000329 -0.000467 841.0
0.000330 -0.000465 842.0
0.000332 -0.000462 843.0
0.000333 -0.000460 844.0
0.000334 -0.000457 845.0
0.000336 -0.000455 846.0
0.000337 -0.000452 847.0
0.000338 -0.000450 848.0
0.000340 -0.000447 849.0
0.000341 -0.000445 850.0
0.000342 -0.000442 851.0
0.000344 -0.000440 852.0
0.000345 -0.000437 853.0
0.000346 -0.000435 854.0
0.000348 -0.000433 855.0
0.000349 -0.000430 856.0
0.000350 -0.000428 857.0
0.000360 -0.000437 858.0
0.000361 -0.000436 859.0
0.000362 -0.000436 860.0
0.000363 -0.000435 861.0
0.000363 -0.000434 862.0
0.000364 -0.000434 863.0
0.000365 -0.000433 864.0
0.000365 -0.000433 865.0
0.000366 -0.000432 866.0
0.000367 -0.000431 867.0
0.000368 -0.000431 868.0
0.000368 -0.000430 869.0
0.000369 -0.000430 870.0
0.000370 -0.000429 871.0
0.000371 -0.000428 872.0
0.000371 -0.000428 873.0
0.000372 -0.000427 874.0
0.000373 -0.000426 875.0
0.000374 -0.000426 876.0
0.000374 -0.000425 877.0
0.000375 -0.000425 878.0
0.000376 -0.000424 879.0
0.000377 -0.000423 880.0
0.000377 -0.000423 881.0
0.000378 -0.000422 882.0
0.000379 -0.000421 883.0
0.000380 -0.000421 884.0
0.000380 -0.000420 885.0
0.000381 -0.000420 886.0
0.000382 -0.000419 887.0
0.000383 -0.000418 888.0
0.000383 -0.000418 889.0
0.000384 -0.000417 890.0
0.000385 -0.000417 891.0
0.000385 -0.000416 892.0
0.000386 -0.000415 893.0
0.000387 -0.000415 894.0
0.000388 -0.000414 895.0
0.000388 -0.000413 896.0
0.000389 -0.000413 897.0
0.000390 -0.000412 898.0
0.000391 -0.000412 899.0
0.000391 -0.000411 900.0
0.000392 -0.000410 901.0
0.000393 -0.000410 902.0
0.000394 -0.000409 903.0
0.000394 -0.000409 904.0
0.000395 -0.000408 905.0
0.000396 -0.000407 906.0
0.000397 -0.000407 907.0
0.000397 -0.000406 908.0
0.000398 -0.000405 909.0
0.000399 -0.000405 910.0
0.000400 -0.000404 911.0
0.000400 -0.000404 912.0
0.000401 -0.000403 913.0
0.000402 -0.000402 914.0
0.000402 -0.000402 915.0
0.000403 -0.000401 916.0
0.000404 -0.000400 917.0
0.000405 -0.000400 918.0
0.000405 -0.000399 919.0
0.000406 -0.000399 920.0
0.000407 -0.000398 921.0
0.000408 -0.000397 922.0
0.000411 -0.000404 923.0
0.000411 -0.000404 924.0
0.000411 -0.000404 925.0
0.000411 -0.000404 926.0
0.000411 -0.000405 927.0
0.000412 -0.000405 928.0
0.000412 -0.000405 929.0
0.000412 -0.000406 930.0
0.000412 -0.000406 931.0
0.000412 -0.000406 932.0
0.000413 -0.000407 933.0
0.000413 -0.000407 934.0
0.000413 -0.000407 935.0
0.000413 -0.000407 936.0
0.000413 -0.000408 937.0
0.000414 -0.000408 938.0
0.000414 -0.000408 939.0
0.000414 -0.000409 940.0
0.000414 -0.000409 941.0
0.000414 -0.000409 942.0
0.000415 -0.000410 943.0
0.000415 -0.000410 944.0
0.000415 -0.000410 945.0
0.000415 -0.000410 946.0
0.000415 -0.000411 947.0
0.000416 -0.000411 948.0
0.000416 -0.000411 949.0
0.000416 -0.000412 950.0
0.000416 -0.000412 951.0
0.000416 -0.000412 952.0
0.000417 -0.000413 953.0
0.000417 -0.000413 954.0
0.000417 -0.000413 955.0
0.000417 -0.000413 956.0
0.000417 -0.000414 957.0
0.000418 -0.000414 958.0
0.000418 -0.000414 959.0
0.000418 -0.000415 960.0
0.000418 -0.000415 961.0
0.000418 -0.000415 962.0
0.000419 -0.000416 963.0
0.000419 -0.000416 964.0
0.000419 -0.000416 965.0
0.000419 -0.000416 966.0
0.000419 -0.000417 967.0
0.000420 -0.000417 968.0
0.000420 -0.000417 969.0
0.000420 -0.000418 970.0
0.000420 -0.000418 971.0
0.000420 -0.000418 972.0
0.000421 -0.000419 973.0
0.000421 -0.000419 974.0
0.000421 -0.000419 975.0
0.000421 -0.000419 976.0
0.000421 -0.000420 977.0
0.000423 -0.000418 978.0
0.000423 -0.000418 979.0
0.000423 -0.000418 980.0
0.000423 -0.000418 981.0
0.000423 -0.000419 982.0
0.000423 -0.000419 983.0
0.000423 -0.000419 984.0
0.000423 -0.000419 985.0
0.000423 -0.000419 986.0
0.000423 -0.000419 987.0
0.000423 -0.000419 988.0
0.000423 -0.000419 989.0
0.000423 -0.000419 990.0
0.000423 -0.000420 991.0
0.000423 -0.000420 992.0
0.000423 -0.000420 993.0
0.000423 -0.000420 994.0
0.000423 -0.000420 995.0
0.000423 -0.000420 996.0
0.000423 -0.000420 997.0
0.000423 -0.000420 998.0
0.000423 -0.000420 999.0
0.000423 -0.000421 1000.0
0.000423 -0.000421 1001.0
0.000423 -0.000421 1002.0
0.000423 -0.000421 1003.0
0.000423 -0.000421 1004.0
0.000423 -0.000421 1005.0
0.000423 -0.000421 1006.0
0.000423 -0.000421 1007.0
0.000423 -0.000422 1008.0
0.000423 -0.000422 1009.0
0.000423 -0.000422 1010.0
0.000423 -0.000422 1011.0
0.000423 -0.000422 1012.0
0.000423 -0.000422 1013.0
0.000423 -0.000422 1014.0
0.000423 -0.000422 1015.0
0.000423 -0.000422 1016.0
0.000423 -0.000423 1017.0
0.000423 -0.000423 1018.0
0.000423 -0.000423 1019.0
0.000423 -0.000423 1020.0
0.000423 -0.000423 1021.0
0.000423 -0.000423 1022.0
0.000423 -0.000423 1023.0
0.000423 -0.000423 1024.0
0.000423 -0.000423 1025.0
0.000423 -0.000424 1026.0
0.000423 -0.000424 1027.0
0.000423 -0.000424 1028.0
0.000423 -0.000424 1029.0
0.000423 -0.000424 1030.0
0.000423 -0.000424 1031.0
0.000423 -0.000424 1032.0
0.000423 -0.000424 1033.0
0.000423 -0.000425 1034.0
0.000423 -0.000425 1035.0
0.000423 -0.000425 1036.0
0.000423 -0.000425 1037.0
0.000423 -0.000425 1038.0
0.000423 -0.000425 1039.0
0.000423 -0.000425 1040.0
0.000423 -0.000425 1041.0
0.000423 -0.000425 1042.0
0.000423 -0.000425 1043.0
0.000423 -0.000425 1044.0
0.000423 -0.000425 1045.0
0.000423 -0.000425 1046.0
0.000423 -0.000425 1047.0
0.000423 -0.000425 1048.0
0.000423 -0.000425 1049.0
0.000423 -0.000425 1050.0
0.000423 -0.000425 1051.0
0.000423 -0.000425 1052.0
0.000423 -0.000425 1053.0
0.000423 -0.000425 1054.0
0.000423 -0.000425 1055.0
0.000423 -0.000425 1056.0
0.000423 -0.000425 1057.0
0.000423 -0.000425 1058.0
0.000423 -0.000425 1059.0
0.000423 -0.000425 1060.0
0.000423 -0.000425 1061.0
0.000423 -0.000425 1062.0
0.000423 -0.000425 1063.0
0.000423 -0.000425 1064.0
0.000423 -0.000425 1065.0
0.000423 -0.000425 1066.0
0.000423 -0.000425 1067.0
0.000423 -0.000425 1068.0
0.000423 -0.000425 1069.0
0.000423 -0.000425 1070.0
0.000423 -0.000425 1071.0
0.000423 -0.000425 1072.0
0.000423 -0.000425 1073.0
0.000423 -0.000425 1074.0
0.000423 -0.000425 1075.0
0.000423 -0.000425 1076.0
0.000423 -0.000425 1077.0
0.000423 -0.000425 1078.0
0.000423 -0.000425 1079.0
0.000423 -0.000425 1080.0
0.000422 -0.000425 1081.0
0.000422 -0.000425 1082.0
0.000422 -0.000425 1083.0
0.000422 -0.000425 1084.0
0.000422 -0.000425 1085.0
0.000422 -0.000425 1086.0
0.000422 -0.000425 1087.0
0.000422 -0.000425 1088.0
0.000422 -0.000425 1089.0
0.000422 -0.000425 1090.0
0.000422 -0.000425 1091.0
0.000422 -0.000425 1092.0
0.000422 -0.000425 1093.0
0.000422 -0.000425 1094.0
0.000422 -0.000425 1095.0
0.000422 -0.000425 1096.0
0.000422 -0.000425 1097.0
0.000422 -0.000425 1098.0
0.000422 -0.000425 1099.0
0.000422 -0.000425 1100.0
0.000422 -0.000425 1101.0
0.000422 -0.000425 1102.0
0.000422 -0.000425 1103.0
0.000422 -0.000425 1104.0
0.000422 -0.000425 1105.0
0.000422 -0.000425 1106.0
0.000422 -0.000425 1107.0
0.000422 -0.000425 1108.0
0.000422 -0.000425 1109.0
0.000422 -0.000425 1110.0
0.000422 -0.000425 1111.0
0.000422 -0.000425 1112.0
0.000422 -0.000425 1113.0
0.000422 -0.000425 1114.0
0.000422 -0.000425 1115.0
0.000422 -0.000425 1116.0
0.000422 -0.000425 1117.0
0.000422 -0.000425 1118.0
0.000423 -0.000425 1119.0
0.000423 -0.000425 1120.0
0.000423 -0.000425 1121.0
0.000423 -0.000425 1122.0
0.000423 -0.000425 1123.0
0.000423 -0.000425 1124.0
0.000423 -0.000425 1125.0
0.000423 -0.000425 1126.0
0.000423 -0.000425 1127.0
0.000423 -0.000425 1128.0
0.000423 -0.000425 1129.0
0.000423 -0.000425 1130.0
0.000423 -0.000425 1131.0
0.000423 -0.000425 1132.0
0.000423 -0.000425 1133.0
0.000423 -0.000425 1134.0
0.000423 -0.000425 1135.0
0.000423 -0.000425 1136.0
0.000423 -0.000425 1137.0
0.000423 -0.000425 1138.0
0.000423 -0.000425 1139.0
0.000423 -0.000425 1140.0
0.000423 -0.000425 1141.0
0.000423 -0.000425 1142.0
0.000423 -0.000425 1143.0
0.000423 -0.000425 1144.0
0.000423 -0.000425 1145.0
0.000423 -0.000425 1146.0
0.000423 -0.000425 1147.0
0.000423 -0.000425 1148.0
0.000423 -0.000425 1149.0
0.000423 -0.000425 1150.0
0.000423 -0.000425 1151.0
0.000423 -0.000425 1152.0
0.000423 -0.000425 1153.0
0.000423 -0.000425 1154.0
0.000423 -0.000425 1155.0
0.000423 -0.000425 1156.0
0.000423 -0.000425 1157.0
0.000423 -0.000425 1158.0
0.000423 -0.000425 1159.0
0.000423 -0.000425 1160.0
0.000423 -0.000425 1161.0
0.000423 -0.000425 1162.0
0.000423 -0.000425 1163.0
0.000423 -0.000425 1164.0
0.000423 -0.000425 1165.0
0.000423 -0.000425 1166.0
0.000423 -0.000425 1167.0
0.000423 -0.000425 1168.0
0.000423 -0.000425 1169.0
0.000423 -0.000425 1170.0
0.000423 -0.000425 1171.0
0.000423 -0.000425 1172.0
0.000423 -0.000425 1173.0
0.000423 -0.000425 1174.0
0.000423 -0.000425 1175.0
0.000423 -0.000425 1176.0
0.000423 -0.000425 1177.0
0.000423 -0.000425 1178.0
0.000423 -0.000425 1179.0
0.000423 -0.000425 1180.0
0.000423 -0.000425 1181.0
0.000423 -0.000425 1182.0
0.000423 -0.000425 1183.0
0.000423 -0.000425 1184.0
0.000423 -0.000425 1185.0
0.000423 -0.000425 1186.0
0.000423 -0.000425 1187.0
0.000423 -0.000425 1188.0
0.000423 -0.000425 1189.0
0.000423 -0.000425 1190.0
0.000423 -0.000425 1191.0
0.000423 -0.000425 1192.0
0.000423 -0.000425 1193.0
0.000423 -0.000425 1194.0
0.000423 -0.000425 1195.0
0.000423 -0.000425 1196.0
0.000423 -0.000425 1197.0
0.000423 -0.000425 1198.0
0.000423 -0.000425 1199.0
0.000423 -0.000425 1200.0
0.000423 -0.000425 1201.0
0.000423 -0.000425 1202.0
0.000423 -0.000425 1203.0
0.000423 -0.000425 1204.0
0.000423 -0.000425 1205.0
0.000423 -0.000425 1206.0
0.000423 -0.000425 1207.0
0.000423 -0.000425 1208.0
0.000423 -0.000425 1209.0
0.000423 -0.000425 1210.0
0.000423 -0.000425 1211.0
0.000423 -0.000425 1212.0
0.000423 -0.000425 1213.0
0.000423 -0.000425 1214.0
0.000423 -0.000425 1215.0
0.000423 -0.000425 1216.0
0.000423 -0.000425 1217.0
0.000423 -0.000425 1218.0
0.000423 -0.000425 1219.0
0.000423 -0.000425 1220.0
0.000423 -0.000425 1221.0
0.000423 -0.000425 1222.0
0.000423 -0.000425 1223.0
0.000423 -0.000425 1224.0
0.000423 -0.000425 1225.0
0.000423 -0.000425 1226.0
0.000423 -0.000425 1227.0
0.000423 -0.000425 1228.0
0.000423 -0.000425 1229.0
0.000423 -0.000425 1230.0
0.000423 -0.000425 1231.0
0.000423 -0.000425 1232.0
0.000423 -0.000425 1233.0
0.000423 -0.000425 1234.0
0.000423 -0.000425 1235.0
0.000423 -0.000425 1236.0
0.000423 -0.000425 1237.0
0.000423 -0.000425 1238.0
0.000423 -0.000425 1239.0
0.000423 -0.000425 1240.0
0.000423 -0.000425 1241.0
0.000423 -0.000425 1242.0
0.000423 -0.000425 1243.0
0.000423 -0.000425 1244.0
0.000423 -0.000425 1245.0
0.000423 -0.000425 1246.0
0.000423 -0.000425 1247.0
0.000423 -0.000425 1248.0
0.000423 -0.000425 1249.0
0.000423 -0.000425 1250.0
0.000423 -0.000425 1251.0
0.000423 -0.000425 1252.0
0.000423 -0.000425 1253.0
0.000423 -0.000425 1254.0
0.000423 -0.000425 1255.0
0.000423 -0.000425 1256.0
0.000423 -0.000425 1257.0
0.000423 -0.000425 1258.0
0.000423 -0.000425 1259.0
0.000423 -0.000425 1260.0
0.000423 -0.000425 1261.0
0.000423 -0.000425 1262.0
0.000423 -0.000425 1263.0
0.000423 -0.000425 1264.0
0.000423 -0.000425 1265.0
0.000423 -0.000425 1266.0
0.000423 -0.000425 1267.0
0.000423 -0.000425 1268.0
0.000423 -0.000425 1269.0
0.000423 -0.000425 1270.0
0.000423 -0.000425 1271.0
0.000423 -0.000425 1272.0
0.000423 -0.000425 1273.0
0.000423 -0.000425 1274.0
0.000423 -0.000425 1275.0
0.000423 -0.000425 1276.0
0.000423 -0.000425 1277.0
0.000423 -0.000425 1278.0
0.000423 -0.000425 1279.0
0.000423 -0.000425 1280.0
0.000423 -0.000425 1281.0
0.000423 -0.000425 1282.0
0.000423 -0.000425 1283.0
0.000423 -0.000425 1284.0
0.000423 -0.000425 1285.0
0.000423 -0.000425 1286.0
0.000423 -0.000425 1287.0
0.000423 -0.000425 1288.0
0.000423 -0.000425 1289.0
0.000423 -0.000425 1290.0
0.000423 -0.000425 1291.0
0.000423 -0.000425 1292.0
0.000423 -0.000425 1293.0
0.000423 -0.000425 1294.0
0.000423 -0.000425 1295.0
0.000423 -0.000425 1296.0
0.000423 -0.000425 1297.0
0.000423 -0.000425 1298.0
0.000423 -0.000425 1299.0
0.000423 -0.000425 1300.0
0.000423 -0.000425 1301.0
0.000423 -0.000425 1302.0
0.000423 -0.000425 1303.0
0.000423 -0.000425 1304.0
0.000423 -0.000425 1305.0
0.000423 -0.000425 1306.0
0.000423 -0.000425 1307.0
0.000423 -0.000425 1308.0
0.000423 -0.000425 1309.0
0.000423 -0.000425 1310.0
0.000423 -0.000425 1311.0
0.000423 -0.000425 1312.0
0.000423 -0.000425 1313.0
0.000423 -0.000425 1314.0
0.000423 -0.000425 1315.0
0.000423 -0.000425 1316.0
0.000423 -0.000425 1317.0
0.000423 -0.000425 1318.0
0.000423 -0.000425 1319.0
0.000423 -0.000425 1320.0
0.000423 -0.000425 1321.0
0.000423 -0.000425 1322.0
0.000423 -0.000425 1323.0
0.000423 -0.000425 1324.0
0.000423 -0.000425 1325.0
0.000423 -0.000425 1326.0
0.000423 -0.000425 1327.0
0.000423 -0.000425 1328.0
0.000423 -0.000425 1329.0
0.000423 -0.000425 1330.0
0.000423 -0.000425 1331.0
0.000422 -0.000425 1332.0
0.000422 -0.000425 1333.0
0.000422 -0.000425 1334.0
0.000422 -0.000425 1335.0
0.000423 -0.000425 1336.0
0.000423 -0.000425 1337.0
0.000423 -0.000425 1338.0
0.000423 -0.000425 1339.0
0.000423 -0.000425 1340.0
0.000423 -0.000425 1341.0
0.000423 -0.000425 1342.0
0.000423 -0.000425 1343.0
0.000423 -0.000425 1344.0
0.000423 -0.000425 1345.0
0.000423 -0.000425 1346.0
0.000423 -0.000425 1347.0
0.000423 -0.000425 1348.0
0.000423 -0.000425 1349.0
0.000423 -0.000425 1350.0
0.000423 -0.000425 1351.0
0.000423 -0.000425 1352.0
0.000423 -0.000425 1353.0
0.000423 -0.000425 1354.0
0.000423 -0.000425 1355.0
0.000423 -0.000425 1356.0
0.000423 -0.000425 1357.0
0.000423 -0.000425 1358.0
0.000423 -0.000425 1359.0
0.000423 -0.000425 1360.0
0.000423 -0.000425 1361.0
0.000423 -0.000425 1362.0
0.000423 -0.000425 1363.0
0.000423 -0.000425 1364.0
0.000423 -0.000425 1365.0
0.000423 -0.000425 1366.0
0.000423 -0.000425 1367.0
0.000423 -0.000425 1368.0
0.000423 -0.000425 1369.0
0.000423 -0.000425 1370.0
0.000423 -0.000425 1371.0
0.000423 -0.000425 1372.0
0.000423 -0.000425 1373.0
0.000423 -0.000425 1374.0
0.000423 -0.000425 1375.0
0.000423 -0.000425 1376.0
0.000423 -0.000425 1377.0
0.000423 -0.000425 1378.0
0.000423 -0.000425 1379.0
0.000423 -0.000425 1380.0
0.000423 -0.000425 1381.0
0.000423 -0.000425 1382.0
0.000423 -0.000425 1383.0
0.000423 -0.000425 1384.0
0.000423 -0.000425 1385.0
0.000423 -0.000425 1386.0
0.000423 -0.000425 1387.0
0.000423 -0.000425 1388.0
0.000423 -0.000425 1389.0
0.000423 -0.000425 1390.0
0.000423 -0.000425 1391.0
0.000423 -0.000425 1392.0
0.000423 -0.000425 1393.0
0.000423 -0.000425 1394.0
0.000423 -0.000425 1395.0
0.000423 -0.000425 1396.0
0.000423 -0.000425 1397.0
0.000423 -0.000425 1398.0
0.000423 -0.000425 1399.0
0.000423 -0.000425 1400.0
0.000423 -0.000425 1401.0
0.000423 -0.000426 1402.0
0.000423 -0.000426 1403.0
0.000423 -0.000426 1404.0
0.000423 -0.000426 1405.0
0.000423 -0.000426 1406.0
0.000423 -0.000426 1407.0
0.000423 -0.000426 1408.0
0.000423 -0.000426 1409.0
0.000423 -0.000426 1410.0
0.000423 -0.000426 1411.0
0.000423 -0.000426 1412.0
0.000423 -0.000426 1413.0
0.000423 -0.000426 1414.0
0.000423 -0.000426 1415.0
0.000423 -0.000426 1416.0
0.000423 -0.000426 1417.0
0.000423 -0.000426 1418.0
0.000423 -0.000426 1419.0
0.000423 -0.000426 1420.0
0.000423 -0.000426 1421.0
0.000422 -0.000427 1422.0
0.000422 -0.000427 1423.0
0.000422 -0.000427 1424.0
0.000422 -0.000427 1425.0
0.000422 -0.000427 1426.0
0.000422 -0.000427 1427.0
0.000422 -0.000427 1428.0
0.000422 -0.000427 1429.0
0.000422 -0.000427 1430.0
0.000422 -0.000427 1431.0
0.000422 -0.000427 1432.0
0.000422 -0.000427 1433.0
0.000422 -0.000427 1434.0
0.000422 -0.000427 1435.0
0.000422 -0.000427 1436.0
0.000422 -0.000427 1437.0
0.000422 -0.000427 1438.0
0.000422 -0.000427 1439.0
0.000422 -0.000427 1440.0
0.000422 -0.000427 1441.0
0.000422 -0.000428 1442.0
0.000422 -0.000428 1443.0
0.000422 -0.000428 1444.0
0.000422 -0.000428 1445.0
0.000422 -0.000428 1446.0
0.000422 -0.000428 1447.0
0.000422 -0.000428 1448.0
0.000422 -0.000428 1449.0
0.000422 -0.000428 1450.0
0.000422 -0.000428 1451.0
0.000422 -0.000428 1452.0
0.000422 -0.000428 1453.0
