0.000699 -0.000613 0.0
0.000700 -0.000613 1.0
0.000700 -0.000613 2.0
0.000700 -0.000613 3.0
0.000700 -0.000613 4.0
0.000700 -0.000613 5.0
0.000700 -0.000614 6.0
0.000700 -0.000614 7.0
0.000700 -0.000614 8.0
0.000700 -0.000614 9.0
0.000700 -0.000614 10.0
0.000700 -0.000614 11.0
0.000700 -0.000614 12.0
0.000700 -0.000615 13.0
0.000701 -0.000615 14.0
0.000701 -0.000615 15.0
0.000701 -0.000615 16.0
0.000701 -0.000615 17.0
0.000701 -0.000615 18.0
0.000701 -0.000615 19.0
0.000701 -0.000615 20.0
0.000701 -0.000616 21.0
0.000701 -0.000616 22.0
0.000701 -0.000616 23.0
0.000701 -0.000616 24.0
0.000701 -0.000616 25.0
0.000701 -0.000616 26.0
0.000702 -0.000616 27.0
0.000702 -0.000617 28.0
0.000702 -0.000617 29.0
0.000702 -0.000617 30.0
0.000702 -0.000617 31.0
0.000702 -0.000617 32.0
0.000702 -0.000617 33.0
0.000702 -0.000617 34.0
0.000702 -0.000618 35.0
0.000702 -0.000618 36.0
0.000702 -0.000618 37.0
0.000702 -0.000618 38.0
0.000702 -0.000618 39.0
0.000703 -0.000618 40.0
0.000703 -0.000618 41.0
0.000703 -0.000619 42.0
0.000703 -0.000619 43.0
0.000703 -0.000619 44.0
0.000703 -0.000619 45.0
0.000703 -0.000619 46.0
0.000703 -0.000619 47.0
0.000703 -0.000619 48.0
0.000703 -0.000620 49.0
0.000703 -0.000620 50.0
0.000703 -0.000620 51.0
0.000704 -0.000620 52.0
0.000704 -0.000620 53.0
0.000704 -0.000620 54.0
0.000704 -0.000620 55.0
0.000704 -0.000621 56.0
0.000704 -0.000621 57.0
0.000705 -0.000620 58.0
0.000704 -0.000620 59.0
0.000704 -0.000620 60.0
0.000704 -0.000620 61.0
0.000704 -0.000620 62.0
0.000704 -0.000620 63.0
0.000704 -0.000620 64.0
0.000704 -0.000620 65.0
0.000704 -0.000620 66.0
0.000704 -0.000620 67.0
0.000703 -0.000620 68.0
0.000703 -0.000620 69.0
0.000703 -0.000620 70.0
0.000703 -0.000620 71.0
0.000703 -0.000620 72.0
0.000703 -0.000619 73.0
0.000703 -0.000619 74.0
0.000703 -0.000619 75.0
0.000703 -0.000619 76.0
0.000702 -0.000619 77.0
0.000702 -0.000619 78.0
0.000702 -0.000619 79.0
0.000702 -0.000619 80.0
0.000702 -0.000619 81.0
0.000702 -0.000619 82.0
0.000702 -0.000619 83.0
0.000702 -0.000619 84.0
0.000702 -0.000619 85.0
0.000702 -0.000619 86.0
0.000701 -0.000619 87.0
0.000701 -0.000619 88.0
0.000701 -0.000619 89.0
0.000701 -0.000619 90.0
0.000701 -0.000619 91.0
0.000701 -0.000619 92.0
0.000701 -0.000619 93.0
0.000700 -0.000619 94.0
0.000700 -0.000619 95.0
0.000700 -0.000619 96.0
0.000700 -0.000619 97.0
0.000700 -0.000619 98.0
0.000700 -0.000619 99.0
0.000700 -0.000619 100.0
0.000699 -0.000619 101.0
0.000699 -0.000619 102.0
0.000699 -0.000619 103.0
0.000699 -0.000619 104.0
0.000699 -0.000619 105.0
0.000699 -0.000619 106.0
0.000699 -0.000619 107.0
0.000698 -0.000619 108.0
0.000698 -0.000618 109.0
0.000698 -0.000618 110.0
0.000698 -0.000618 111.0
0.000698 -0.000618 112.0
0.000698 -0.000618 113.0
0.000697 -0.000618 114.0
0.000697 -0.000618 115.0
0.000697 -0.000618 116.0
0.000697 -0.000618 117.0
0.000697 -0.000618 118.0
0.000697 -0.000618 119.0
0.000697 -0.000618 120.0
0.000696 -0.000618 121.0
0.000696 -0.000618 122.0
0.000696 -0.000618 123.0
0.000696 -0.000618 124.0
0.000696 -0.000618 125.0
0.000696 -0.000618 126.0
0.000696 -0.000618 127.0
0.000695 -0.000618 128.0
0.000695 -0.000618 129.0
0.000695 -0.000618 130.0
0.000695 -0.000618 131.0
0.000695 -0.000618 132.0
0.000695 -0.000618 133.0
0.000695 -0.000618 134.0
0.000694 -0.000618 135.0
0.000694 -0.000618 136.0
0.000694 -0.000618 137.0
0.000694 -0.000617 138.0
0.000694 -0.000617 139.0
0.000694 -0.000617 140.0
0.000693 -0.000617 141.0
0.000693 -0.000617 142.0
0.000693 -0.000617 143.0
0.000693 -0.000617 144.0
0.000693 -0.000617 145.0
0.000693 -0.000617 146.0
0.000693 -0.000617 147.0
0.000692 -0.000617 148.0
0.000692 -0.000617 149.0
0.000692 -0.000618 150.0
0.000692 -0.000617 151.0
0.000691 -0.000617 152.0
0.000691 -0.000617 153.0
0.000690 -0.000617 154.0
0.000690 -0.000617 155.0
0.000690 -0.000617 156.0
0.000689 -0.000617 157.0
0.000689 -0.000617 158.0
0.000688 -0.000617 159.0
0.000688 -0.000616 160.0
0.000687 -0.000616 161.0
0.000687 -0.000616 162.0
0.000686 -0.000616 163.0
0.000686 -0.000616 164.0
0.000686 -0.000616 165.0
0.000685 -0.000616 166.0
0.000685 -0.000616 167.0
0.000684 -0.000616 168.0
0.000684 -0.000615 169.0
0.000683 -0.000615 170.0
0.000683 -0.000615 171.0
0.000682 -0.000615 172.0
0.000682 -0.000615 173.0
0.000682 -0.000615 174.0
0.000681 -0.000615 175.0
0.000681 -0.000615 176.0
0.000680 -0.000615 177.0
0.000680 -0.000614 178.0
0.000679 -0.000614 179.0
0.000679 -0.000614 180.0
0.000678 -0.000614 181.0
0.000678 -0.000614 182.0
0.000678 -0.000614 183.0
0.000677 -0.000614 184.0
0.000677 -0.000614 185.0
0.000676 -0.000614 186.0
0.000676 -0.000613 187.0
0.000675 -0.000613 188.0
0.000675 -0.000613 189.0
0.000674 -0.000613 190.0
0.000674 -0.000613 191.0
0.000674 -0.000613 192.0
0.000673 -0.000613 193.0
0.000673 -0.000613 194.0
0.000672 -0.000613 195.0
0.000672 -0.000612 196.0
0.000671 -0.000612 197.0
0.000671 -0.000612 198.0
0.000670 -0.000612 199.0
0.000670 -0.000612 200.0
0.000670 -0.000612 201.0
0.000669 -0.000612 202.0
0.000669 -0.000612 203.0
0.000668 -0.000612 204.0
0.000668 -0.000611 205.0
0.000667 -0.000611 206.0
0.000667 -0.000611 207.0
0.000666 -0.000611 208.0
0.000666 -0.000611 209.0
0.000666 -0.000611 210.0
0.000665 -0.000611 211.0
0.000665 -0.000611 212.0
0.000664 -0.000612 213.0
0.000664 -0.000612 214.0
0.000664 -0.000612 215.0
0.000664 -0.000613 216.0
0.000664 -0.000613 217.0
0.000664 -0.000613 218.0
0.000664 -0.000613 219.0
0.000664 -0.000614 220.0
0.000664 -0.000614 221.0
0.000664 -0.000614 222.0
0.000664 -0.000614 223.0
0.000664 -0.000615 224.0
0.000664 -0.000615 225.0
0.000664 -0.000615 226.0
0.000664 -0.000615 227.0
0.000663 -0.000616 228.0
0.000663 -0.000616 229.0
0.000663 -0.000616 230.0
0.000663 -0.000616 231.0
0.000663 -0.000617 232.0
0.000663 -0.000617 233.0
0.000663 -0.000617 234.0
0.000663 -0.000617 235.0
0.000663 -0.000617 236.0
0.000663 -0.000618 237.0
0.000663 -0.000618 238.0
0.000663 -0.000618 239.0
0.000663 -0.000618 240.0
0.000663 -0.000619 241.0
0.000663 -0.000619 242.0
0.000663 -0.000619 243.0
0.000662 -0.000619 244.0
0.000662 -0.000620 245.0
0.000662 -0.000620 246.0
0.000662 -0.000620 247.0
0.000662 -0.000620 248.0
0.000662 -0.000621 249.0
0.000662 -0.000621 250.0
0.000662 -0.000621 251.0
0.000662 -0.000621 252.0
0.000662 -0.000622 253.0
0.000662 -0.000622 254.0
0.000662 -0.000622 255.0
0.000662 -0.000622 256.0
0.000662 -0.000622 257.0
0.000662 -0.000623 258.0
0.000661 -0.000623 259.0
0.000661 -0.000623 260.0
0.000661 -0.000623 261.0
0.000661 -0.000624 262.0
0.000661 -0.000624 263.0
0.000661 -0.000624 264.0
0.000661 -0.000624 265.0
0.000661 -0.000625 266.0
0.000661 -0.000625 267.0
0.000660 -0.000624 268.0
0.000660 -0.000625 269.0
0.000660 -0.000625 270.0
0.000660 -0.000626 271.0
0.000660 -0.000626 272.0
0.000660 -0.000626 273.0
0.000660 -0.000627 274.0
0.000659 -0.000627 275.0
0.000659 -0.000628 276.0
0.000659 -0.000628 277.0
0.000659 -0.000628 278.0
0.000659 -0.000629 279.0
0.000659 -0.000629 280.0
0.000659 -0.000630 281.0
0.000659 -0.000630 282.0
0.000659 -0.000630 283.0
0.000659 -0.000631 284.0
0.000658 -0.000631 285.0
0.000658 -0.000632 286.0
0.000658 -0.000632 287.0
0.000658 -0.000632 288.0
0.000658 -0.000633 289.0
0.000658 -0.000633 290.0
0.000658 -0.000634 291.0
0.000658 -0.000634 292.0
0.000658 -0.000634 293.0
0.000658 -0.000635 294.0
0.000657 -0.000635 295.0
0.000657 -0.000636 296.0
0.000657 -0.000636 297.0
0.000657 -0.000636 298.0
0.000657 -0.000637 299.0
0.000657 -0.000637 300.0
0.000657 -0.000638 301.0
0.000657 -0.000638 302.0
0.000657 -0.000638 303.0
0.000657 -0.000639 304.0
0.000656 -0.000639 305.0
0.000656 -0.000640 306.0
0.000656 -0.000640 307.0
0.000656 -0.000640 308.0
0.000656 -0.000641 309.0
0.000656 -0.000641 310.0
0.000656 -0.000642 311.0
0.000656 -0.000642 312.0
0.000656 -0.000642 313.0
0.000656 -0.000643 314.0
0.000655 -0.000643 315.0
0.000655 -0.000644 316.0
0.000655 -0.000644 317.0
0.000655 -0.000644 318.0
0.000655 -0.000645 319.0
0.000655 -0.000645 320.0
0.000655 -0.000646 321.0
0.000655 -0.000646 322.0
0.000655 -0.000646 323.0
0.000655 -0.000647 324.0
0.000654 -0.000647 325.0
0.000654 -0.000648 326.0
0.000654 -0.000648 327.0
0.000654 -0.000648 328.0
0.000654 -0.000649 329.0
0.000653 -0.000648 330.0
0.000652 -0.000648 331.0
0.000651 -0.000648 332.0
0.000651 -0.000648 333.0
0.000650 -0.000648 334.0
0.000649 -0.000647 335.0
0.000649 -0.000647 336.0
0.000648 -0.000647 337.0
0.000648 -0.000647 338.0
0.000647 -0.000647 339.0
0.000646 -0.000647 340.0
0.000646 -0.000647 341.0
0.000645 -0.000646 342.0
0.000644 -0.000646 343.0
0.000644 -0.000646 344.0
0.000643 -0.000646 345.0
0.000642 -0.000646 346.0
0.000642 -0.000646 347.0
0.000641 -0.000645 348.0
0.000640 -0.000645 349.0
0.000640 -0.000645 350.0
0.000639 -0.000645 351.0
0.000638 -0.000645 352.0
0.000638 -0.000645 353.0
0.000637 -0.000645 354.0
0.000637 -0.000644 355.0
0.000636 -0.000644 356.0
0.000635 -0.000644 357.0
0.000635 -0.000644 358.0
0.000634 -0.000644 359.0
0.000633 -0.000644 360.0
0.000633 -0.000644 361.0
0.000632 -0.000643 362.0
0.000631 -0.000643 363.0
0.000631 -0.000643 364.0
0.000630 -0.000643 365.0
0.000629 -0.000643 366.0
0.000629 -0.000643 367.0
0.000628 -0.000643 368.0
0.000627 -0.000642 369.0
0.000627 -0.000642 370.0
0.000626 -0.000642 371.0
0.000626 -0.000642 372.0
0.000625 -0.000642 373.0
0.000624 -0.000642 374.0
0.000624 -0.000642 375.0
0.000623 -0.000641 376.0
0.000622 -0.000641 377.0
0.000622 -0.000641 378.0
0.000621 -0.000641 379.0
0.000620 -0.000641 380.0
0.000620 -0.000641 381.0
0.000619 -0.000641 382.0
0.000618 -0.000640 383.0
0.000618 -0.000640 384.0
0.000617 -0.000640 385.0
0.000616 -0.000640 386.0
0.000616 -0.000640 387.0
0.000615 -0.000640 388.0
0.000615 -0.000641 389.0
0.000615 -0.000642 390.0
0.000615 -0.000642 391.0
0.000615 -0.000642 392.0
0.000615 -0.000643 393.0
0.000615 -0.000643 394.0
0.000615 -0.000643 395.0
0.000614 -0.000644 396.0
0.000614 -0.000644 397.0
0.000614 -0.000644 398.0
0.000614 -0.000645 399.0
0.000614 -0.000645 400.0
0.000614 -0.000645 401.0
0.000614 -0.000645 402.0
0.000614 -0.000646 403.0
0.000614 -0.000646 404.0
0.000614 -0.000646 405.0
0.000614 -0.000647 406.0
0.000614 -0.000647 407.0
0.000614 -0.000647 408.0
0.000614 -0.000648 409.0
0.000613 -0.000648 410.0
0.000613 -0.000648 411.0
0.000613 -0.000649 412.0
0.000613 -0.000649 413.0
0.000613 -0.000649 414.0
0.000613 -0.000650 415.0
0.000613 -0.000650 416.0
0.000613 -0.000650 417.0
0.000613 -0.000651 418.0
0.000612 -0.000650 419.0
0.000612 -0.000650 420.0
0.000612 -0.000650 421.0
0.000612 -0.000650 422.0
0.000612 -0.000650 423.0
0.000612 -0.000650 424.0
0.000612 -0.000650 425.0
0.000612 -0.000650 426.0
0.000612 -0.000650 427.0
0.000612 -0.000650 428.0
0.000612 -0.000650 429.0
0.000612 -0.000650 430.0
0.000612 -0.000650 431.0
0.000612 -0.000650 432.0
0.000612 -0.000650 433.0
0.000612 -0.000650 434.0
0.000612 -0.000650 435.0
0.000612 -0.000650 436.0
0.000612 -0.000650 437.0
0.000612 -0.000650 438.0
0.000612 -0.000650 439.0
0.000612 -0.000650 440.0
0.000612 -0.000650 441.0
0.000612 -0.000650 442.0
0.000612 -0.000650 443.0
0.000612 -0.000650 444.0
0.000612 -0.000650 445.0
0.000612 -0.000650 446.0
0.000612 -0.000650 447.0
0.000612 -0.000651 448.0
0.000612 -0.000652 449.0
0.000612 -0.000653 450.0
0.000612 -0.000654 451.0
0.000612 -0.000655 452.0
0.000612 -0.000656 453.0
0.000612 -0.000657 454.0
0.000612 -0.000658 455.0
0.000612 -0.000659 456.0
0.000612 -0.000659 457.0
0.000611 -0.000660 458.0
0.000611 -0.000661 459.0
0.000611 -0.000662 460.0
0.000611 -0.000663 461.0
0.000611 -0.000664 462.0
0.000611 -0.000665 463.0
0.000611 -0.000666 464.0
0.000611 -0.000667 465.0
0.000611 -0.000668 466.0
0.000611 -0.000668 467.0
0.000610 -0.000669 468.0
0.000610 -0.000670 469.0
0.000610 -0.000671 470.0
0.000610 -0.000672 471.0
0.000610 -0.000673 472.0
0.000610 -0.000674 473.0
0.000610 -0.000675 474.0
0.000610 -0.000676 475.0
0.000610 -0.000677 476.0
0.000610 -0.000677 477.0
0.000610 -0.000678 478.0
0.000609 -0.000679 479.0
0.000609 -0.000680 480.0
0.000609 -0.000681 481.0
0.000609 -0.000682 482.0
0.000609 -0.000683 483.0
0.000609 -0.000684 484.0
0.000609 -0.000685 485.0
0.000609 -0.000686 486.0
0.000609 -0.000686 487.0
0.000609 -0.000687 488.0
0.000608 -0.000688 489.0
0.000608 -0.000689 490.0
0.000608 -0.000690 491.0
0.000608 -0.000691 492.0
0.000608 -0.000692 493.0
0.000608 -0.000693 494.0
0.000608 -0.000694 495.0
0.000608 -0.000695 496.0
0.000608 -0.000696 497.0
0.000608 -0.000696 498.0
0.000608 -0.000697 499.0
0.000607 -0.000698 500.0
0.000607 -0.000699 501.0
0.000607 -0.000700 502.0
0.000607 -0.000701 503.0
0.000607 -0.000702 504.0
0.000607 -0.000703 505.0
0.000607 -0.000704 506.0
0.000607 -0.000705 507.0
0.000605 -0.000704 508.0
0.000605 -0.000705 509.0
0.000605 -0.000706 510.0
0.000605 -0.000706 511.0
0.000604 -0.000707 512.0
0.000604 -0.000707 513.0
0.000604 -0.000708 514.0
0.000603 -0.000709 515.0
0.000603 -0.000709 516.0
0.000603 -0.000710 517.0
0.000603 -0.000711 518.0
0.000602 -0.000711 519.0
0.000602 -0.000712 520.0
0.000602 -0.000712 521.0
0.000602 -0.000713 522.0
0.000601 -0.000714 523.0
0.000601 -0.000714 524.0
0.000601 -0.000715 525.0
0.000600 -0.000716 526.0
0.000600 -0.000716 527.0
0.000600 -0.000717 528.0
0.000600 -0.000717 529.0
0.000599 -0.000718 530.0
0.000599 -0.000719 531.0
0.000599 -0.000719 532.0
0.000599 -0.000720 533.0
0.000598 -0.000721 534.0
0.000598 -0.000721 535.0
0.000598 -0.000722 536.0
0.000598 -0.000722 537.0
0.000597 -0.000723 538.0
0.000597 -0.000724 539.0
0.000597 -0.000724 540.0
0.000596 -0.000725 541.0
0.000596 -0.000726 542.0
0.000596 -0.000726 543.0
0.000596 -0.000727 544.0
0.000595 -0.000728 545.0
0.000595 -0.000728 546.0
0.000595 -0.000729 547.0
0.000595 -0.000729 548.0
0.000594 -0.000730 549.0
0.000594 -0.000731 550.0
0.000594 -0.000731 551.0
0.000593 -0.000732 552.0
0.000593 -0.000733 553.0
0.000593 -0.000733 554.0
0.000593 -0.000734 555.0
0.000592 -0.000734 556.0
0.000592 -0.000735 557.0
0.000592 -0.000736 558.0
0.000592 -0.000736 559.0
0.000591 -0.000737 560.0
0.000591 -0.000738 561.0
0.000591 -0.000738 562.0
0.000591 -0.000739 563.0
0.000590 -0.000739 564.0
0.000590 -0.000740 565.0
0.000590 -0.000741 566.0
0.000589 -0.000741 567.0
0.000587 -0.000739 568.0
0.000586 -0.000739 569.0
0.000586 -0.000739 570.0
0.000586 -0.000739 571.0
0.000586 -0.000739 572.0
0.000586 -0.000739 573.0
0.000586 -0.000739 574.0
0.000586 -0.000739 575.0
0.000585 -0.000739 576.0
0.000585 -0.000739 577.0
0.000585 -0.000739 578.0
0.000585 -0.000739 579.0
0.000585 -0.000739 580.0
0.000585 -0.000739 581.0
0.000585 -0.000739 582.0
0.000585 -0.000739 583.0
0.000584 -0.000739 584.0
0.000584 -0.000739 585.0
0.000584 -0.000739 586.0
0.000584 -0.000739 587.0
0.000584 -0.000739 588.0
0.000584 -0.000739 589.0
0.000584 -0.000739 590.0
0.000583 -0.000739 591.0
0.000583 -0.000739 592.0
0.000583 -0.000739 593.0
0.000583 -0.000739 594.0
0.000583 -0.000739 595.0
0.000583 -0.000739 596.0
0.000583 -0.000739 597.0
0.000582 -0.000739 598.0
0.000582 -0.000739 599.0
0.000582 -0.000739 600.0
0.000582 -0.000739 601.0
0.000582 -0.000739 602.0
0.000582 -0.000739 603.0
0.000582 -0.000739 604.0
0.000582 -0.000739 605.0
0.000581 -0.000739 606.0
0.000581 -0.000739 607.0
0.000581 -0.000739 608.0
0.000581 -0.000739 609.0
0.000581 -0.000739 610.0
0.000581 -0.000739 611.0
0.000581 -0.000739 612.0
0.000580 -0.000739 613.0
0.000580 -0.000739 614.0
0.000580 -0.000739 615.0
0.000580 -0.000739 616.0
0.000580 -0.000739 617.0
0.000580 -0.000739 618.0
0.000580 -0.000739 619.0
0.000579 -0.000739 620.0
0.000579 -0.000739 621.0
0.000579 -0.000739 622.0
0.000579 -0.000739 623.0
0.000579 -0.000739 624.0
0.000579 -0.000739 625.0
0.000579 -0.000739 626.0
0.000579 -0.000739 627.0
0.000579 -0.000739 628.0
0.000578 -0.000740 629.0
0.000578 -0.000741 630.0
0.000578 -0.000741 631.0
0.000578 -0.000742 632.0
0.000578 -0.000743 633.0
0.000578 -0.000743 634.0
0.000578 -0.000744 635.0
0.000578 -0.000745 636.0
0.000578 -0.000745 637.0
0.000578 -0.000746 638.0
0.000578 -0.000747 639.0
0.000578 -0.000747 640.0
0.000578 -0.000748 641.0
0.000578 -0.000748 642.0
0.000578 -0.000749 643.0
0.000578 -0.000750 644.0
0.000577 -0.000750 645.0
0.000577 -0.000751 646.0
0.000577 -0.000752 647.0
0.000577 -0.000752 648.0
0.000577 -0.000753 649.0
0.000577 -0.000754 650.0
0.000577 -0.000754 651.0
0.000577 -0.000755 652.0
0.000577 -0.000756 653.0
0.000577 -0.000756 654.0
0.000577 -0.000757 655.0
0.000577 -0.000758 656.0
0.000577 -0.000758 657.0
0.000577 -0.000759 658.0
0.000577 -0.000760 659.0
0.000576 -0.000760 660.0
0.000576 -0.000761 661.0
0.000576 -0.000762 662.0
0.000576 -0.000762 663.0
0.000576 -0.000763 664.0
0.000576 -0.000764 665.0
0.000576 -0.000764 666.0
0.000576 -0.000765 667.0
0.000576 -0.000766 668.0
0.000576 -0.000766 669.0
0.000576 -0.000767 670.0
0.000576 -0.000768 671.0
0.000576 -0.000768 672.0
0.000576 -0.000769 673.0
0.000576 -0.000769 674.0
0.000576 -0.000770 675.0
0.000575 -0.000771 676.0
0.000575 -0.000771 677.0
0.000575 -0.000772 678.0
0.000575 -0.000773 679.0
0.000575 -0.000773 680.0
0.000575 -0.000774 681.0
0.000575 -0.000775 682.0
0.000575 -0.000775 683.0
0.000575 -0.000776 684.0
0.000575 -0.000777 685.0
0.000575 -0.000777 686.0
0.000575 -0.000778 687.0
0.000575 -0.000779 688.0
0.000574 -0.000778 689.0
0.000574 -0.000779 690.0
0.000574 -0.000780 691.0
0.000573 -0.000781 692.0
0.000573 -0.000782 693.0
0.000573 -0.000783 694.0
0.000573 -0.000784 695.0
0.000573 -0.000785 696.0
0.000573 -0.000786 697.0
0.000573 -0.000786 698.0
0.000573 -0.000787 699.0
0.000573 -0.000788 700.0
0.000573 -0.000789 701.0
0.000573 -0.000790 702.0
0.000572 -0.000791 703.0
0.000572 -0.000792 704.0
0.000572 -0.000793 705.0
0.000572 -0.000793 706.0
0.000572 -0.000794 707.0
0.000572 -0.000795 708.0
0.000572 -0.000796 709.0
0.000572 -0.000797 710.0
0.000572 -0.000798 711.0
0.000572 -0.000799 712.0
0.000572 -0.000800 713.0
0.000571 -0.000800 714.0
0.000571 -0.000801 715.0
0.000571 -0.000802 716.0
0.000571 -0.000803 717.0
0.000571 -0.000804 718.0
0.000571 -0.000805 719.0
0.000571 -0.000806 720.0
0.000571 -0.000807 721.0
0.000571 -0.000808 722.0
0.000571 -0.000808 723.0
0.000571 -0.000809 724.0
0.000570 -0.000810 725.0
0.000570 -0.000811 726.0
0.000570 -0.000812 727.0
0.000570 -0.000813 728.0
0.000570 -0.000814 729.0
0.000570 -0.000815 730.0
0.000570 -0.000815 731.0
0.000570 -0.000816 732.0
0.000570 -0.000817 733.0
0.000570 -0.000818 734.0
0.000570 -0.000819 735.0
0.000569 -0.000820 736.0
0.000569 -0.000821 737.0
0.000569 -0.000822 738.0
0.000569 -0.000822 739.0
0.000569 -0.000823 740.0
0.000569 -0.000824 741.0
0.000569 -0.000825 742.0
0.000569 -0.000826 743.0
0.000569 -0.000827 744.0
0.000569 -0.000828 745.0
0.000569 -0.000829 746.0
0.000568 -0.000830 747.0
0.000568 -0.000830 748.0
0.000567 -0.000830 749.0
0.000567 -0.000830 750.0
0.000567 -0.000831 751.0
0.000567 -0.000831 752.0
0.000567 -0.000831 753.0
0.000567 -0.000831 754.0
0.000568 -0.000831 755.0
0.000568 -0.000832 756.0
0.000568 -0.000832 757.0
0.000568 -0.000832 758.0
0.000568 -0.000832 759.0
0.000568 -0.000832 760.0
0.000568 -0.000833 761.0
0.000568 -0.000833 762.0
0.000568 -0.000833 763.0
0.000568 -0.000833 764.0
0.000568 -0.000833 765.0
0.000569 -0.000834 766.0
0.000569 -0.000834 767.0
0.000569 -0.000834 768.0
0.000569 -0.000834 769.0
0.000569 -0.000835 770.0
0.000569 -0.000835 771.0
0.000569 -0.000835 772.0
0.000569 -0.000835 773.0
0.000569 -0.000835 774.0
0.000569 -0.000836 775.0
0.000569 -0.000836 776.0
0.000570 -0.000836 777.0
0.000570 -0.000836 778.0
0.000570 -0.000836 779.0
0.000570 -0.000837 780.0
0.000570 -0.000837 781.0
0.000570 -0.000837 782.0
0.000570 -0.000837 783.0
0.000570 -0.000837 784.0
0.000570 -0.000838 785.0
0.000570 -0.000838 786.0
0.000570 -0.000838 787.0
0.000570 -0.000838 788.0
0.000571 -0.000838 789.0
0.000571 -0.000839 790.0
0.000571 -0.000839 791.0
0.000571 -0.000839 792.0
0.000571 -0.000839 793.0
0.000571 -0.000840 794.0
0.000571 -0.000840 795.0
0.000571 -0.000840 796.0
0.000571 -0.000840 797.0
0.000571 -0.000840 798.0
0.000571 -0.000841 799.0
0.000572 -0.000841 800.0
0.000572 -0.000840 801.0
0.000572 -0.000840 802.0
0.000572 -0.000840 803.0
0.000573 -0.000840 804.0
0.000573 -0.000840 805.0
0.000573 -0.000840 806.0
0.000573 -0.000840 807.0
0.000573 -0.000840 808.0
0.000573 -0.000840 809.0
0.000573 -0.000840 810.0
0.000574 -0.000840 811.0
0.000574 -0.000840 812.0
0.000574 -0.000840 813.0
0.000574 -0.000840 814.0
0.000574 -0.000840 815.0
0.000574 -0.000840 816.0
0.000574 -0.000840 817.0
0.000575 -0.000840 818.0
0.000575 -0.000840 819.0
0.000575 -0.000840 820.0
0.000575 -0.000840 821.0
0.000575 -0.000840 822.0
0.000575 -0.000840 823.0
0.000575 -0.000840 824.0
0.000576 -0.000840 825.0
0.000576 -0.000840 826.0
0.000576 -0.000840 827.0
0.000576 -0.000840 828.0
0.000576 -0.000840 829.0
0.000576 -0.000840 830.0
0.000576 -0.000840 831.0
0.000577 -0.000840 832.0
0.000577 -0.000840 833.0
0.000577 -0.000840 834.0
0.000577 -0.000840 835.0
0.000577 -0.000839 836.0
0.000577 -0.000839 837.0
0.000577 -0.000839 838.0
0.000578 -0.000839 839.0
0.000578 -0.000839 840.0
0.000578 -0.000839 841.0
0.000578 -0.000839 842.0
0.000578 -0.000839 843.0
0.000578 -0.000839 844.0
0.000578 -0.000839 845.0
0.000579 -0.000839 846.0
0.000579 -0.000839 847.0
0.000579 -0.000839 848.0
0.000579 -0.000839 849.0
0.000579 -0.000839 850.0
0.000579 -0.000839 851.0
0.000579 -0.000839 852.0
0.000580 -0.000839 853.0
0.000580 -0.000839 854.0
0.000580 -0.000839 855.0
0.000580 -0.000839 856.0
0.000580 -0.000839 857.0
0.000580 -0.000839 858.0
0.000580 -0.000839 859.0
0.000581 -0.000839 860.0
0.000581 -0.000839 861.0
0.000581 -0.000839 862.0
0.000581 -0.000838 863.0
0.000581 -0.000838 864.0
0.000581 -0.000837 865.0
0.000581 -0.000836 866.0
0.000581 -0.000835 867.0
0.000581 -0.000834 868.0
0.000581 -0.000833 869.0
0.000582 -0.000832 870.0
0.000582 -0.000831 871.0
0.000582 -0.000830 872.0
0.000582 -0.000830 873.0
0.000582 -0.000829 874.0
0.000582 -0.000828 875.0
0.000582 -0.000827 876.0
0.000582 -0.000826 877.0
0.000582 -0.000825 878.0
0.000582 -0.000824 879.0
0.000582 -0.000823 880.0
0.000582 -0.000823 881.0
0.000583 -0.000822 882.0
0.000583 -0.000821 883.0
0.000583 -0.000820 884.0
0.000583 -0.000819 885.0
0.000583 -0.000818 886.0
0.000583 -0.000817 887.0
0.000583 -0.000816 888.0
0.000583 -0.000816 889.0
0.000583 -0.000815 890.0
0.000583 -0.000814 891.0
0.000583 -0.000813 892.0
0.000584 -0.000812 893.0
0.000584 -0.000811 894.0
0.000584 -0.000810 895.0
0.000584 -0.000809 896.0
0.000584 -0.000809 897.0
0.000584 -0.000808 898.0
0.000584 -0.000807 899.0
0.000584 -0.000806 900.0
0.000584 -0.000805 901.0
0.000584 -0.000804 902.0
0.000584 -0.000803 903.0
0.000585 -0.000802 904.0
0.000585 -0.000802 905.0
0.000585 -0.000801 906.0
0.000585 -0.000800 907.0
0.000585 -0.000799 908.0
0.000585 -0.000798 909.0
0.000585 -0.000797 910.0
0.000585 -0.000796 911.0
0.000585 -0.000795 912.0
0.000585 -0.000795 913.0
0.000585 -0.000794 914.0
0.000586 -0.000793 915.0
0.000586 -0.000792 916.0
0.000586 -0.000791 917.0
0.000586 -0.000790 918.0
0.000586 -0.000789 919.0
0.000586 -0.000788 920.0
0.000586 -0.000788 921.0
0.000587 -0.000788 922.0
0.000588 -0.000787 923.0
0.000588 -0.000787 924.0
0.000588 -0.000786 925.0
0.000588 -0.000785 926.0
0.000588 -0.000785 927.0
0.000588 -0.000784 928.0
0.000588 -0.000784 929.0
0.000588 -0.000783 930.0
0.000589 -0.000782 931.0
0.000589 -0.000782 932.0
0.000589 -0.000781 933.0
0.000589 -0.000781 934.0
0.000589 -0.000780 935.0
0.000589 -0.000780 936.0
0.000589 -0.000779 937.0
0.000589 -0.000778 938.0
0.000590 -0.000778 939.0
0.000590 -0.000777 940.0
0.000590 -0.000777 941.0
0.000590 -0.000776 942.0
0.000590 -0.000775 943.0
0.000590 -0.000775 944.0
0.000590 -0.000774 945.0
0.000590 -0.000774 946.0
0.000591 -0.000773 947.0
0.000591 -0.000772 948.0
0.000591 -0.000772 949.0
0.000591 -0.000771 950.0
0.000591 -0.000771 951.0
0.000591 -0.000770 952.0
0.000591 -0.000769 953.0
0.000591 -0.000769 954.0
0.000592 -0.000768 955.0
0.000592 -0.000768 956.0
0.000592 -0.000767 957.0
0.000592 -0.000766 958.0
0.000592 -0.000766 959.0
0.000592 -0.000765 960.0
0.000592 -0.000765 961.0
0.000592 -0.000764 962.0
0.000593 -0.000764 963.0
0.000593 -0.000763 964.0
0.000593 -0.000762 965.0
0.000593 -0.000762 966.0
0.000593 -0.000761 967.0
0.000593 -0.000761 968.0
0.000593 -0.000760 969.0
0.000593 -0.000759 970.0
0.000594 -0.000759 971.0
0.000594 -0.000758 972.0
0.000594 -0.000758 973.0
0.000594 -0.000757 974.0
0.000594 -0.000756 975.0
0.000594 -0.000756 976.0
0.000594 -0.000755 977.0
0.000594 -0.000755 978.0
0.000595 -0.000754 979.0
0.000595 -0.000753 980.0
0.000595 -0.000753 981.0
0.000595 -0.000752 982.0
0.000597 -0.000753 983.0
0.000597 -0.000753 984.0
0.000597 -0.000753 985.0
0.000597 -0.000753 986.0
0.000597 -0.000753 987.0
0.000597 -0.000753 988.0
0.000597 -0.000753 989.0
0.000597 -0.000753 990.0
0.000597 -0.000753 991.0
0.000597 -0.000753 992.0
0.000597 -0.000753 993.0
0.000597 -0.000753 994.0
0.000597 -0.000753 995.0
0.000597 -0.000753 996.0
0.000597 -0.000753 997.0
0.000597 -0.000753 998.0
0.000597 -0.000753 999.0
0.000597 -0.000753 1000.0
0.000597 -0.000753 1001.0
0.000597 -0.000753 1002.0
0.000597 -0.000753 1003.0
0.000597 -0.000753 1004.0
0.000597 -0.000753 1005.0
0.000597 -0.000753 1006.0
0.000597 -0.000753 1007.0
0.000597 -0.000753 1008.0
0.000597 -0.000753 1009.0
0.000597 -0.000753 1010.0
0.000597 -0.000753 1011.0
0.000597 -0.000753 1012.0
0.000597 -0.000753 1013.0
0.000597 -0.000753 1014.0
0.000597 -0.000753 1015.0
0.000597 -0.000753 1016.0
0.000597 -0.000753 1017.0
0.000597 -0.000753 1018.0
0.000597 -0.000753 1019.0
0.000597 -0.000753 1020.0
0.000597 -0.000753 1021.0
0.000597 -0.000753 1022.0
0.000597 -0.000753 1023.0
0.000597 -0.000753 1024.0
0.000597 -0.000753 1025.0
0.000597 -0.000753 1026.0
0.000597 -0.000753 1027.0
0.000597 -0.000752 1028.0
0.000597 -0.000752 1029.0
0.000597 -0.000752 1030.0
0.000597 -0.000752 1031.0
0.000598 -0.000752 1032.0
0.000598 -0.000752 1033.0
0.000598 -0.000752 1034.0
0.000598 -0.000752 1035.0
0.000598 -0.000752 1036.0
0.000598 -0.000752 1037.0
0.000598 -0.000752 1038.0
0.000598 -0.000752 1039.0
0.000598 -0.000752 1040.0
0.000598 -0.000752 1041.0
0.000598 -0.000752 1042.0
0.000598 -0.000752 1043.0
0.000598 -0.000752 1044.0
0.000598 -0.000752 1045.0
0.000598 -0.000752 1046.0
0.000598 -0.000752 1047.0
0.000598 -0.000752 1048.0
0.000598 -0.000752 1049.0
0.000598 -0.000752 1050.0
0.000598 -0.000752 1051.0
0.000598 -0.000752 1052.0
0.000598 -0.000752 1053.0
0.000598 -0.000752 1054.0
0.000598 -0.000752 1055.0
0.000598 -0.000752 1056.0
0.000598 -0.000752 1057.0
0.000598 -0.000752 1058.0
0.000598 -0.000752 1059.0
0.000598 -0.000752 1060.0
0.000598 -0.000752 1061.0
0.000598 -0.000752 1062.0
0.000598 -0.000752 1063.0
0.000598 -0.000752 1064.0
0.000598 -0.000752 1065.0
0.000598 -0.000752 1066.0
0.000598 -0.000752 1067.0
0.000598 -0.000752 1068.0
0.000598 -0.000753 1069.0
0.000598 -0.000753 1070.0
0.000598 -0.000753 1071.0
0.000598 -0.000753 1072.0
0.000598 -0.000753 1073.0
0.000598 -0.000753 1074.0
0.000598 -0.000753 1075.0
0.000598 -0.000753 1076.0
0.000598 -0.000753 1077.0
0.000598 -0.000753 1078.0
0.000598 -0.000753 1079.0
0.000598 -0.000753 1080.0
0.000598 -0.000753 1081.0
0.000598 -0.000753 1082.0
0.000598 -0.000753 1083.0
0.000598 -0.000753 1084.0
0.000598 -0.000753 1085.0
0.000598 -0.000753 1086.0
0.000598 -0.000753 1087.0
0.000598 -0.000753 1088.0
0.000598 -0.000753 1089.0
0.000598 -0.000753 1090.0
0.000598 -0.000753 1091.0
0.000598 -0.000753 1092.0
0.000598 -0.000753 1093.0
0.000598 -0.000753 1094.0
0.000598 -0.000753 1095.0
0.000598 -0.000753 1096.0
0.000598 -0.000753 1097.0
0.000598 -0.000753 1098.0
0.000598 -0.000753 1099.0
0.000598 -0.000753 1100.0
0.000598 -0.000753 1101.0
0.000598 -0.000753 1102.0
0.000598 -0.000753 1103.0
0.000598 -0.000753 1104.0
0.000598 -0.000753 1105.0
0.000598 -0.000753 1106.0
0.000598 -0.000753 1107.0
0.000598 -0.000753 1108.0
0.000598 -0.000753 1109.0
0.000598 -0.000753 1110.0
0.000598 -0.000753 1111.0
0.000598 -0.000753 1112.0
0.000598 -0.000753 1113.0
0.000598 -0.000753 1114.0
0.000598 -0.000753 1115.0
0.000598 -0.000753 1116.0
0.000598 -0.000753 1117.0
0.000598 -0.000753 1118.0
0.000598 -0.000753 1119.0
0.000598 -0.000753 1120.0
0.000598 -0.000753 1121.0
0.000598 -0.000753 1122.0
0.000598 -0.000753 1123.0
0.000598 -0.000753 1124.0
0.000598 -0.000753 1125.0
0.000598 -0.000753 1126.0
0.000598 -0.000753 1127.0
0.000598 -0.000753 1128.0
0.000598 -0.000753 1129.0
0.000598 -0.000753 1130.0
0.000598 -0.000752 1131.0
0.000598 -0.000752 1132.0
0.000598 -0.000752 1133.0
0.000598 -0.000752 1134.0
0.000598 -0.000752 1135.0
0.000598 -0.000752 1136.0
0.000598 -0.000752 1137.0
0.000598 -0.000752 1138.0
0.000598 -0.000752 1139.0
0.000598 -0.000752 1140.0
0.000598 -0.000752 1141.0
0.000598 -0.000752 1142.0
0.000598 -0.000752 1143.0
0.000598 -0.000752 1144.0
0.000598 -0.000752 1145.0
0.000598 -0.000752 1146.0
0.000598 -0.000752 1147.0
0.000598 -0.000752 1148.0
0.000598 -0.000752 1149.0
0.000598 -0.000752 1150.0
0.000598 -0.000752 1151.0
0.000598 -0.000752 1152.0
0.000598 -0.000752 1153.0
0.000598 -0.000752 1154.0
0.000598 -0.000752 1155.0
0.000598 -0.000752 1156.0
0.000598 -0.000752 1157.0
0.000598 -0.000752 1158.0
0.000598 -0.000752 1159.0
0.000598 -0.000752 1160.0
0.000598 -0.000752 1161.0
0.000598 -0.000752 1162.0
0.000598 -0.000752 1163.0
0.000598 -0.000752 1164.0
0.000598 -0.000752 1165.0
0.000598 -0.000752 1166.0
0.000598 -0.000752 1167.0
0.000598 -0.000752 1168.0
0.000598 -0.000752 1169.0
0.000598 -0.000752 1170.0
0.000598 -0.000752 1171.0
0.000598 -0.000752 1172.0
0.000598 -0.000752 1173.0
0.000598 -0.000752 1174.0
0.000598 -0.000752 1175.0
0.000598 -0.000752 1176.0
0.000598 -0.000752 1177.0
0.000598 -0.000752 1178.0
0.000598 -0.000752 1179.0
0.000598 -0.000752 1180.0
0.000598 -0.000752 1181.0
0.000598 -0.000752 1182.0
0.000598 -0.000752 1183.0
0.000598 -0.000752 1184.0
0.000598 -0.000752 1185.0
0.000598 -0.000752 1186.0
0.000598 -0.000752 1187.0
0.000598 -0.000752 1188.0
0.000598 -0.000752 1189.0
0.000598 -0.000752 1190.0
0.000598 -0.000752 1191.0
0.000598 -0.000752 1192.0
0.000598 -0.000752 1193.0
0.000598 -0.000752 1194.0
0.000598 -0.000752 1195.0
0.000598 -0.000752 1196.0
0.000598 -0.000752 1197.0
0.000598 -0.000752 1198.0
0.000598 -0.000752 1199.0
0.000598 -0.000752 1200.0
0.000598 -0.000752 1201.0
0.000598 -0.000752 1202.0
0.000598 -0.000752 1203.0
0.000598 -0.000752 1204.0
0.000598 -0.000752 1205.0
0.000598 -0.000752 1206.0
0.000598 -0.000752 1207.0
0.000598 -0.000752 1208.0
0.000598 -0.000752 1209.0
0.000598 -0.000752 1210.0
0.000598 -0.000752 1211.0
0.000598 -0.000752 1212.0
0.000598 -0.000752 1213.0
0.000598 -0.000752 1214.0
0.000598 -0.000752 1215.0
0.000598 -0.000752 1216.0
0.000598 -0.000752 1217.0
0.000598 -0.000752 1218.0
0.000598 -0.000752 1219.0
0.000598 -0.000752 1220.0
0.000598 -0.000752 1221.0
0.000598 -0.000752 1222.0
0.000598 -0.000752 1223.0
0.000598 -0.000752 1224.0
0.000598 -0.000752 1225.0
0.000598 -0.000752 1226.0
0.000598 -0.000752 1227.0
0.000598 -0.000752 1228.0
0.000598 -0.000752 1229.0
0.000598 -0.000752 1230.0
0.000598 -0.000752 1231.0
0.000598 -0.000752 1232.0
0.000598 -0.000752 1233.0
0.000598 -0.000752 1234.0
0.000598 -0.000752 1235.0
0.000598 -0.000752 1236.0
0.000598 -0.000752 1237.0
0.000598 -0.000752 1238.0
0.000598 -0.000752 1239.0
0.000598 -0.000752 1240.0
0.000598 -0.000752 1241.0
0.000598 -0.000752 1242.0
0.000598 -0.000752 1243.0
0.000598 -0.000752 1244.0
0.000598 -0.000752 1245.0
0.000598 -0.000752 1246.0
0.000598 -0.000752 1247.0
0.000598 -0.000752 1248.0
0.000598 -0.000752 1249.0
0.000598 -0.000752 1250.0
0.000598 -0.000752 1251.0
0.000598 -0.000752 1252.0
0.000598 -0.000752 1253.0
0.000598 -0.000752 1254.0
0.000598 -0.000752 1255.0
0.000598 -0.000752 1256.0
0.000598 -0.000752 1257.0
0.000598 -0.000752 1258.0
0.000598 -0.000752 1259.0
0.000598 -0.000752 1260.0
0.000598 -0.000752 1261.0
0.000598 -0.000752 1262.0
0.000598 -0.000752 1263.0
0.000598 -0.000752 1264.0
0.000598 -0.000752 1265.0
0.000598 -0.000752 1266.0
0.000598 -0.000752 1267.0
0.000598 -0.000752 1268.0
0.000598 -0.000752 1269.0
0.000598 -0.000752 1270.0
0.000598 -0.000752 1271.0
0.000598 -0.000752 1272.0
0.000598 -0.000752 1273.0
0.000598 -0.000752 1274.0
0.000598 -0.000752 1275.0
0.000598 -0.000752 1276.0
0.000598 -0.000752 1277.0
0.000598 -0.000752 1278.0
0.000598 -0.000752 1279.0
0.000598 -0.000752 1280.0
0.000598 -0.000752 1281.0
0.000598 -0.000752 1282.0
0.000598 -0.000752 1283.0
0.000598 -0.000752 1284.0
0.000598 -0.000752 1285.0
0.000598 -0.000752 1286.0
0.000598 -0.000752 1287.0
0.000598 -0.000752 1288.0
0.000598 -0.000752 1289.0
0.000598 -0.000752 1290.0
0.000598 -0.000752 1291.0
0.000598 -0.000752 1292.0
0.000598 -0.000752 1293.0
0.000598 -0.000752 1294.0
0.000598 -0.000752 1295.0
0.000598 -0.000752 1296.0
0.000598 -0.000752 1297.0
0.000598 -0.000752 1298.0
0.000598 -0.000752 1299.0
0.000598 -0.000752 1300.0
0.000598 -0.000752 1301.0
0.000598 -0.000752 1302.0
0.000598 -0.000752 1303.0
0.000598 -0.000752 1304.0
0.000598 -0.000752 1305.0
0.000598 -0.000752 1306.0
0.000598 -0.000752 1307.0
0.000598 -0.000752 1308.0
0.000598 -0.000752 1309.0
0.000598 -0.000752 1310.0
0.000598 -0.000752 1311.0
0.000598 -0.000752 1312.0
0.000598 -0.000752 1313.0
0.000598 -0.000752 1314.0
0.000598 -0.000752 1315.0
0.000598 -0.000752 1316.0
0.000598 -0.000752 1317.0
0.000598 -0.000752 1318.0
0.000598 -0.000752 1319.0
0.000598 -0.000752 1320.0
0.000598 -0.000752 1321.0
0.000598 -0.000752 1322.0
0.000598 -0.000752 1323.0
0.000598 -0.000752 1324.0
0.000598 -0.000752 1325.0
0.000598 -0.000752 1326.0
0.000598 -0.000752 1327.0
0.000598 -0.000752 1328.0
0.000598 -0.000752 1329.0
0.000598 -0.000752 1330.0
0.000598 -0.000752 1331.0
0.000598 -0.000752 1332.0
0.000598 -0.000752 1333.0
0.000598 -0.000752 1334.0
0.000598 -0.000752 1335.0
0.000598 -0.000752 1336.0
0.000598 -0.000752 1337.0
0.000598 -0.000752 1338.0
0.000598 -0.000752 1339.0
0.000598 -0.000752 1340.0
0.000598 -0.000752 1341.0
0.000598 -0.000752 1342.0
0.000598 -0.000752 1343.0
0.000598 -0.000752 1344.0
0.000598 -0.000752 1345.0
0.000598 -0.000752 1346.0
0.000598 -0.000752 1347.0
0.000598 -0.000752 1348.0
0.000598 -0.000752 1349.0
0.000598 -0.000752 1350.0
0.000598 -0.000752 1351.0
0.000598 -0.000752 1352.0
0.000598 -0.000752 1353.0
0.000598 -0.000752 1354.0
0.000598 -0.000752 1355.0
0.000598 -0.000752 1356.0
0.000598 -0.000752 1357.0
0.000598 -0.000752 1358.0
0.000598 -0.000752 1359.0
0.000598 -0.000752 1360.0
0.000598 -0.000752 1361.0
0.000598 -0.000752 1362.0
0.000598 -0.000752 1363.0
0.000598 -0.000752 1364.0
0.000598 -0.000752 1365.0
0.000598 -0.000752 1366.0
0.000598 -0.000752 1367.0
0.000598 -0.000752 1368.0
0.000598 -0.000752 1369.0
0.000598 -0.000752 1370.0
0.000598 -0.000752 1371.0
0.000598 -0.000752 1372.0
0.000598 -0.000752 1373.0
0.000598 -0.000752 1374.0
0.000598 -0.000752 1375.0
0.000598 -0.000752 1376.0
0.000598 -0.000752 1377.0
0.000598 -0.000752 1378.0
0.000598 -0.000752 1379.0
0.000598 -0.000752 1380.0
0.000598 -0.000752 1381.0
0.000598 -0.000752 1382.0
0.000598 -0.000752 1383.0
0.000598 -0.000752 1384.0
0.000598 -0.000752 1385.0
0.000598 -0.000752 1386.0
0.000598 -0.000752 1387.0
0.000598 -0.000752 1388.0
0.000598 -0.000752 1389.0
0.000598 -0.000752 1390.0
0.000598 -0.000752 1391.0
0.000598 -0.000752 1392.0
0.000598 -0.000752 1393.0
0.000598 -0.000752 1394.0
0.000598 -0.000752 1395.0
0.000598 -0.000752 1396.0
0.000598 -0.000752 1397.0
0.000598 -0.000752 1398.0
0.000598 -0.000752 1399.0
0.000598 -0.000752 1400.0
0.000598 -0.000752 1401.0
0.000598 -0.000752 1402.0
0.000598 -0.000752 1403.0
0.000598 -0.000752 1404.0
0.000598 -0.000752 1405.0
0.000598 -0.000752 1406.0
0.000598 -0.000752 1407.0
0.000598 -0.000752 1408.0
0.000598 -0.000752 1409.0
0.000598 -0.000752 1410.0
0.000598 -0.000752 1411.0
0.000598 -0.000752 1412.0
0.000598 -0.000752 1413.0
0.000598 -0.000752 1414.0
0.000598 -0.000752 1415.0
0.000598 -0.000752 1416.0
0.000598 -0.000752 1417.0
0.000598 -0.000752 1418.0
0.000598 -0.000752 1419.0
0.000598 -0.000752 1420.0
0.000598 -0.000752 1421.0
0.000598 -0.000752 1422.0
0.000598 -0.000752 1423.0
0.000598 -0.000752 1424.0
0.000598 -0.000752 1425.0
0.000598 -0.000752 1426.0
0.000598 -0.000753 1427.0
0.000598 -0.000753 1428.0
0.000598 -0.000753 1429.0
0.000598 -0.000753 1430.0
0.000598 -0.000753 1431.0
0.000598 -0.000753 1432.0
0.000598 -0.000753 1433.0
0.000598 -0.000753 1434.0
0.000598 -0.000753 1435.0
0.000598 -0.000753 1436.0
0.000598 -0.000753 1437.0
0.000598 -0.000753 1438.0
0.000598 -0.000753 1439.0
0.000598 -0.000753 1440.0
0.000598 -0.000753 1441.0
0.000598 -0.000753 1442.0
0.000598 -0.000753 1443.0
0.000598 -0.000753 1444.0
0.000598 -0.000753 1445.0
0.000598 -0.000753 1446.0
0.000598 -0.000753 1447.0
0.000598 -0.000753 1448.0
0.000598 -0.000753 1449.0
0.000598 -0.000753 1450.0
0.000598 -0.000753 1451.0
0.000598 -0.000753 1452.0
0.000598 -0.000753 1453.0
0.000598 -0.000753 1454.0
0.000598 -0.000753 1455.0
0.000598 -0.000753 1456.0
0.000598 -0.000753 1457.0
0.000598 -0.000753 1458.0
0.000598 -0.000753 1459.0
0.000598 -0.000753 1460.0
0.000598 -0.000753 1461.0
0.000598 -0.000753 1462.0
0.000598 -0.000753 1463.0
0.000598 -0.000753 1464.0
0.000598 -0.000753 1465.0
0.000598 -0.000753 1466.0
0.000598 -0.000753 1467.0
0.000598 -0.000753 1468.0
0.000598 -0.000753 1469.0
0.000598 -0.000753 1470.0
0.000598 -0.000753 1471.0
0.000598 -0.000753 1472.0
0.000598 -0.000753 1473.0
0.000598 -0.000753 1474.0
0.000598 -0.000753 1475.0
0.000598 -0.000753 1476.0
0.000598 -0.000753 1477.0
0.000598 -0.000753 1478.0
0.000598 -0.000753 1479.0
0.000598 -0.000753 1480.0
0.000598 -0.000753 1481.0
0.000598 -0.000753 1482.0
0.000598 -0.000753 1483.0
0.000598 -0.000753 1484.0
0.000598 -0.000753 1485.0
0.000598 -0.000753 1486.0
0.000598 -0.000753 1487.0
0.000598 -0.000753 1488.0
0.000598 -0.000753 1489.0
0.000598 -0.000753 1490.0
0.000598 -0.000753 1491.0
0.000598 -0.000753 1492.0
0.000598 -0.000753 1493.0
0.000598 -0.000753 1494.0
0.000598 -0.000753 1495.0
0.000598 -0.000753 1496.0
0.000598 -0.000753 1497.0
0.000598 -0.000753 1498.0
0.000598 -0.000753 1499.0
0.000598 -0.000753 1500.0
0.000598 -0.000753 1501.0
0.000598 -0.000753 1502.0
0.000598 -0.000753 1503.0
0.000598 -0.000753 1504.0
0.000598 -0.000753 1505.0
0.000598 -0.000753 1506.0
0.000598 -0.000753 1507.0
0.000598 -0.000753 1508.0
0.000598 -0.000753 1509.0
0.000598 -0.000753 1510.0
0.000598 -0.000753 1511.0
0.000598 -0.000753 1512.0
0.000598 -0.000753 1513.0
0.000598 -0.000753 1514.0
0.000598 -0.000753 1515.0
0.000598 -0.000753 1516.0
0.000598 -0.000753 1517.0
0.000598 -0.000753 1518.0
0.000598 -0.000753 1519.0
0.000598 -0.000753 1520.0
0.000598 -0.000753 1521.0
0.000598 -0.000753 1522.0
0.000598 -0.000753 1523.0
0.000598 -0.000753 1524.0
0.000598 -0.000753 1525.0
0.000598 -0.000753 1526.0
0.000598 -0.000753 1527.0
0.000598 -0.000753 1528.0
0.000598 -0.000753 1529.0
0.000598 -0.000753 1530.0
0.000598 -0.000753 1531.0
0.000598 -0.000753 1532.0
0.000598 -0.000753 1533.0
0.000598 -0.000753 1534.0
0.000598 -0.000753 1535.0
0.000598 -0.000753 1536.0
0.000598 -0.000753 1537.0
0.000598 -0.000753 1538.0
0.000598 -0.000753 1539.0
0.000598 -0.000753 1540.0
0.000598 -0.000753 1541.0
0.000598 -0.000753 1542.0
0.000598 -0.000753 1543.0
0.000598 -0.000753 1544.0
0.000598 -0.000753 1545.0
0.000598 -0.000753 1546.0
0.000598 -0.000753 1547.0
0.000598 -0.000753 1548.0
0.000598 -0.000753 1549.0
0.000598 -0.000753 1550.0
0.000598 -0.000753 1551.0
0.000598 -0.000753 1552.0
0.000598 -0.000753 1553.0
0.000598 -0.000753 1554.0
0.000598 -0.000753 1555.0
0.000598 -0.000753 1556.0
0.000598 -0.000753 1557.0
0.000598 -0.000753 1558.0
0.000598 -0.000753 1559.0
0.000598 -0.000753 1560.0
0.000598 -0.000753 1561.0
0.000598 -0.000753 1562.0
0.000598 -0.000753 1563.0
0.000598 -0.000753 1564.0
0.000598 -0.000753 1565.0
0.000598 -0.000753 1566.0
0.000598 -0.000753 1567.0
0.000598 -0.000753 1568.0
0.000598 -0.000753 1569.0
0.000598 -0.000753 1570.0
0.000598 -0.000753 1571.0
0.000598 -0.000753 1572.0
0.000598 -0.000753 1573.0
0.000598 -0.000753 1574.0
0.000598 -0.000753 1575.0
0.000598 -0.000753 1576.0
0.000598 -0.000753 1577.0
0.000598 -0.000753 1578.0
0.000598 -0.000753 1579.0
0.000598 -0.000753 1580.0
0.000598 -0.000753 1581.0
0.000598 -0.000753 1582.0
0.000598 -0.000753 1583.0
0.000598 -0.000753 1584.0
0.000598 -0.000753 1585.0
0.000598 -0.000753 1586.0
0.000598 -0.000753 1587.0
0.000598 -0.000753 1588.0
0.000598 -0.000753 1589.0
0.000598 -0.000753 1590.0
0.000598 -0.000753 1591.0
0.000598 -0.000753 1592.0
0.000598 -0.000753 1593.0
0.000598 -0.000753 1594.0
0.000598 -0.000753 1595.0
0.000598 -0.000753 1596.0
0.000598 -0.000753 1597.0
0.000598 -0.000753 1598.0
0.000598 -0.000753 1599.0
0.000598 -0.000753 1600.0
0.000598 -0.000753 1601.0
0.000598 -0.000753 1602.0
0.000598 -0.000753 1603.0
0.000598 -0.000753 1604.0
0.000598 -0.000753 1605.0
0.000598 -0.000753 1606.0
0.000598 -0.000753 1607.0
0.000598 -0.000753 1608.0
0.000598 -0.000753 1609.0
0.000598 -0.000753 1610.0
0.000598 -0.000753 1611.0
0.000598 -0.000753 1612.0
0.000598 -0.000753 1613.0
0.000598 -0.000753 1614.0
0.000598 -0.000753 1615.0
0.000598 -0.000753 1616.0
0.000598 -0.000753 1617.0
0.000598 -0.000753 1618.0
0.000598 -0.000753 1619.0
0.000597 -0.000753 1620.0
0.000597 -0.000752 1621.0
0.000597 -0.000752 1622.0
0.000597 -0.000752 1623.0
0.000597 -0.000752 1624.0
0.000597 -0.000752 1625.0
0.000597 -0.000752 1626.0
0.000597 -0.000752 1627.0
0.000597 -0.000752 1628.0
0.000596 -0.000752 1629.0
0.000596 -0.000752 1630.0
0.000596 -0.000752 1631.0
0.000596 -0.000752 1632.0
0.000596 -0.000752 1633.0
0.000596 -0.000752 1634.0
0.000596 -0.000752 1635.0
0.000596 -0.000752 1636.0
0.000596 -0.000752 1637.0
0.000595 -0.000752 1638.0
0.000595 -0.000752 1639.0
0.000595 -0.000752 1640.0
0.000595 -0.000752 1641.0
0.000595 -0.000752 1642.0
0.000595 -0.000752 1643.0
0.000595 -0.000752 1644.0
0.000595 -0.000752 1645.0
0.000595 -0.000752 1646.0
0.000594 -0.000752 1647.0
0.000594 -0.000752 1648.0
0.000594 -0.000752 1649.0
0.000594 -0.000752 1650.0
0.000594 -0.000752 1651.0
0.000594 -0.000752 1652.0
0.000594 -0.000752 1653.0
0.000594 -0.000751 1654.0
0.000593 -0.000751 1655.0
0.000593 -0.000751 1656.0
0.000593 -0.000751 1657.0
0.000593 -0.000751 1658.0
0.000593 -0.000751 1659.0
0.000593 -0.000751 1660.0
0.000593 -0.000751 1661.0
0.000593 -0.000751 1662.0
0.000593 -0.000751 1663.0
0.000592 -0.000751 1664.0
0.000592 -0.000751 1665.0
0.000592 -0.000751 1666.0
0.000592 -0.000751 1667.0
0.000592 -0.000751 1668.0
0.000592 -0.000751 1669.0
0.000592 -0.000751 1670.0
0.000592 -0.000750 1671.0
0.000592 -0.000749 1672.0
0.000592 -0.000748 1673.0
0.000592 -0.000748 1674.0
0.000592 -0.000747 1675.0
0.000592 -0.000746 1676.0
0.000592 -0.000745 1677.0
0.000593 -0.000745 1678.0
0.000593 -0.000744 1679.0
0.000593 -0.000743 1680.0
0.000593 -0.000742 1681.0
0.000593 -0.000742 1682.0
0.000593 -0.000742 1683.0
0.000593 -0.000741 1684.0
0.000593 -0.000741 1685.0
0.000593 -0.000740 1686.0
0.000593 -0.000739 1687.0
0.000593 -0.000739 1688.0
0.000593 -0.000738 1689.0
0.000593 -0.000738 1690.0
0.000593 -0.000737 1691.0
0.000594 -0.000736 1692.0
0.000594 -0.000736 1693.0
0.000594 -0.000735 1694.0
0.000594 -0.000735 1695.0
0.000594 -0.000734 1696.0
0.000594 -0.000733 1697.0
0.000594 -0.000733 1698.0
0.000594 -0.000732 1699.0
0.000594 -0.000732 1700.0
0.000594 -0.000731 1701.0
0.000594 -0.000730 1702.0
0.000594 -0.000730 1703.0
0.000594 -0.000729 1704.0
0.000594 -0.000729 1705.0
0.000594 -0.000728 1706.0
0.000594 -0.000727 1707.0
0.000595 -0.000727 1708.0
0.000595 -0.000726 1709.0
0.000595 -0.000726 1710.0
0.000595 -0.000725 1711.0
0.000595 -0.000724 1712.0
0.000595 -0.000724 1713.0
0.000595 -0.000723 1714.0
0.000595 -0.000723 1715.0
0.000595 -0.000722 1716.0
0.000595 -0.000721 1717.0
0.000595 -0.000721 1718.0
0.000595 -0.000720 1719.0
0.000595 -0.000720 1720.0
0.000595 -0.000719 1721.0
0.000595 -0.000718 1722.0
0.000595 -0.000718 1723.0
0.000596 -0.000717 1724.0
0.000596 -0.000717 1725.0
0.000596 -0.000716 1726.0
0.000596 -0.000715 1727.0
0.000596 -0.000715 1728.0
0.000596 -0.000714 1729.0
0.000596 -0.000714 1730.0
0.000596 -0.000713 1731.0
0.000596 -0.000712 1732.0
0.000596 -0.000712 1733.0
0.000596 -0.000711 1734.0
0.000596 -0.000711 1735.0
0.000596 -0.000710 1736.0
0.000596 -0.000709 1737.0
0.000596 -0.000709 1738.0
0.000597 -0.000708 1739.0
0.000597 -0.000708 1740.0
0.000597 -0.000707 1741.0
0.000598 -0.000707 1742.0
0.000598 -0.000706 1743.0
0.000598 -0.000706 1744.0
0.000598 -0.000705 1745.0
0.000598 -0.000704 1746.0
0.000598 -0.000703 1747.0
0.000598 -0.000703 1748.0
0.000598 -0.000702 1749.0
0.000598 -0.000701 1750.0
0.000598 -0.000700 1751.0
0.000598 -0.000699 1752.0
0.000598 -0.000699 1753.0
0.000598 -0.000698 1754.0
0.000599 -0.000697 1755.0
0.000599 -0.000696 1756.0
0.000599 -0.000696 1757.0
0.000599 -0.000695 1758.0
0.000599 -0.000694 1759.0
0.000599 -0.000693 1760.0
0.000599 -0.000692 1761.0
0.000599 -0.000692 1762.0
0.000599 -0.000691 1763.0
0.000599 -0.000690 1764.0
0.000599 -0.000689 1765.0
0.000599 -0.000689 1766.0
0.000600 -0.000688 1767.0
0.000600 -0.000687 1768.0
0.000600 -0.000686 1769.0
0.000600 -0.000685 1770.0
0.000600 -0.000685 1771.0
0.000600 -0.000684 1772.0
0.000600 -0.000683 1773.0
0.000600 -0.000682 1774.0
0.000600 -0.000682 1775.0
0.000600 -0.000681 1776.0
0.000600 -0.000680 1777.0
0.000600 -0.000679 1778.0
0.000600 -0.000678 1779.0
0.000601 -0.000678 1780.0
0.000601 -0.000677 1781.0
0.000601 -0.000676 1782.0
0.000601 -0.000675 1783.0
0.000601 -0.000675 1784.0
0.000601 -0.000674 1785.0
0.000601 -0.000673 1786.0
0.000601 -0.000672 1787.0
0.000601 -0.000671 1788.0
0.000601 -0.000671 1789.0
0.000601 -0.000670 1790.0
0.000601 -0.000669 1791.0
0.000601 -0.000668 1792.0
0.000602 -0.000667 1793.0
0.000602 -0.000667 1794.0
0.000602 -0.000666 1795.0
0.000602 -0.000665 1796.0
0.000602 -0.000664 1797.0
0.000602 -0.000664 1798.0
0.000602 -0.000663 1799.0
0.000602 -0.000662 1800.0
0.000602 -0.000661 1801.0
0.000602 -0.000660 1802.0
0.000602 -0.000660 1803.0
0.000602 -0.000659 1804.0
0.000602 -0.000658 1805.0
0.000604 -0.000658 1806.0
0.000604 -0.000658 1807.0
0.000604 -0.000657 1808.0
0.000604 -0.000656 1809.0
0.000604 -0.000656 1810.0
0.000604 -0.000655 1811.0
0.000604 -0.000655 1812.0
0.000604 -0.000654 1813.0
0.000604 -0.000653 1814.0
0.000604 -0.000653 1815.0
0.000604 -0.000652 1816.0
0.000604 -0.000651 1817.0
0.000604 -0.000651 1818.0
0.000603 -0.000650 1819.0
0.000603 -0.000650 1820.0
0.000603 -0.000649 1821.0
0.000603 -0.000648 1822.0
0.000603 -0.000648 1823.0
0.000603 -0.000647 1824.0
0.000603 -0.000646 1825.0
0.000603 -0.000646 1826.0
0.000603 -0.000645 1827.0
0.000603 -0.000645 1828.0
0.000603 -0.000644 1829.0
0.000603 -0.000643 1830.0
0.000603 -0.000643 1831.0
0.000603 -0.000642 1832.0
0.000603 -0.000641 1833.0
0.000603 -0.000641 1834.0
0.000603 -0.000640 1835.0
0.000603 -0.000640 1836.0
0.000603 -0.000639 1837.0
0.000603 -0.000638 1838.0
0.000603 -0.000638 1839.0
0.000603 -0.000638 1840.0
0.000603 -0.000638 1841.0
0.000602 -0.000638 1842.0
0.000602 -0.000638 1843.0
0.000602 -0.000638 1844.0
0.000602 -0.000638 1845.0
0.000602 -0.000638 1846.0
0.000601 -0.000638 1847.0
0.000601 -0.000637 1848.0
0.000601 -0.000637 1849.0
0.000601 -0.000637 1850.0
0.000601 -0.000637 1851.0
0.000600 -0.000637 1852.0
0.000600 -0.000637 1853.0
0.000600 -0.000637 1854.0
0.000600 -0.000637 1855.0
0.000599 -0.000637 1856.0
0.000599 -0.000637 1857.0
0.000599 -0.000637 1858.0
0.000599 -0.000636 1859.0
0.000599 -0.000636 1860.0
0.000598 -0.000636 1861.0
0.000598 -0.000636 1862.0
0.000598 -0.000636 1863.0
0.000598 -0.000636 1864.0
0.000598 -0.000636 1865.0
0.000597 -0.000636 1866.0
0.000597 -0.000636 1867.0
0.000597 -0.000636 1868.0
0.000597 -0.000636 1869.0
0.000597 -0.000635 1870.0
0.000596 -0.000635 1871.0
0.000596 -0.000635 1872.0
0.000596 -0.000635 1873.0
0.000596 -0.000635 1874.0
0.000595 -0.000635 1875.0
0.000595 -0.000635 1876.0
0.000595 -0.000635 1877.0
0.000595 -0.000635 1878.0
0.000595 -0.000635 1879.0
0.000594 -0.000635 1880.0
0.000594 -0.000634 1881.0
0.000594 -0.000634 1882.0
0.000594 -0.000634 1883.0
0.000594 -0.000634 1884.0
0.000593 -0.000634 1885.0
0.000593 -0.000634 1886.0
0.000593 -0.000634 1887.0
0.000593 -0.000634 1888.0
0.000593 -0.000634 1889.0
0.000592 -0.000634 1890.0
0.000592 -0.000633 1891.0
0.000592 -0.000633 1892.0
0.000592 -0.000633 1893.0
0.000592 -0.000633 1894.0
0.000591 -0.000633 1895.0
0.000591 -0.000633 1896.0
0.000591 -0.000633 1897.0
0.000591 -0.000633 1898.0
0.000590 -0.000633 1899.0
0.000590 -0.000634 1900.0
0.000590 -0.000634 1901.0
0.000590 -0.000633 1902.0
0.000590 -0.000633 1903.0
0.000590 -0.000633 1904.0
0.000590 -0.000633 1905.0
0.000590 -0.000632 1906.0
0.000590 -0.000632 1907.0
0.000590 -0.000632 1908.0
0.000590 -0.000631 1909.0
0.000590 -0.000631 1910.0
0.000590 -0.000631 1911.0
0.000590 -0.000631 1912.0
0.000590 -0.000630 1913.0
0.000589 -0.000630 1914.0
0.000589 -0.000630 1915.0
0.000589 -0.000630 1916.0
0.000589 -0.000629 1917.0
0.000589 -0.000629 1918.0
0.000589 -0.000629 1919.0
0.000589 -0.000629 1920.0
0.000589 -0.000628 1921.0
0.000589 -0.000628 1922.0
0.000589 -0.000628 1923.0
0.000589 -0.000628 1924.0
0.000589 -0.000627 1925.0
0.000589 -0.000627 1926.0
0.000589 -0.000627 1927.0
0.000589 -0.000627 1928.0
0.000589 -0.000626 1929.0
0.000589 -0.000626 1930.0
0.000589 -0.000626 1931.0
0.000589 -0.000626 1932.0
0.000589 -0.000625 1933.0
0.000589 -0.000625 1934.0
0.000588 -0.000625 1935.0
0.000588 -0.000625 1936.0
0.000588 -0.000624 1937.0
0.000588 -0.000624 1938.0
0.000588 -0.000624 1939.0
0.000588 -0.000624 1940.0
0.000588 -0.000623 1941.0
0.000588 -0.000623 1942.0
0.000588 -0.000623 1943.0
0.000588 -0.000622 1944.0
0.000588 -0.000622 1945.0
0.000588 -0.000622 1946.0
0.000588 -0.000622 1947.0
0.000588 -0.000621 1948.0
0.000588 -0.000621 1949.0
0.000588 -0.000621 1950.0
0.000588 -0.000621 1951.0
0.000588 -0.000620 1952.0
0.000588 -0.000620 1953.0
0.000588 -0.000620 1954.0
0.000587 -0.000620 1955.0
0.000587 -0.000619 1956.0
0.000587 -0.000619 1957.0
0.000587 -0.000619 1958.0
0.000587 -0.000619 1959.0
0.000587 -0.000618 1960.0
0.000587 -0.000618 1961.0
0.000587 -0.000618 1962.0
0.000587 -0.000618 1963.0
0.000587 -0.000617 1964.0
0.000586 -0.000618 1965.0
0.000586 -0.000618 1966.0
0.000586 -0.000618 1967.0
0.000586 -0.000618 1968.0
0.000586 -0.000618 1969.0
0.000586 -0.000618 1970.0
0.000586 -0.000618 1971.0
0.000586 -0.000618 1972.0
0.000586 -0.000618 1973.0
0.000586 -0.000618 1974.0
0.000586 -0.000618 1975.0
0.000586 -0.000618 1976.0
0.000586 -0.000618 1977.0
0.000586 -0.000618 1978.0
0.000586 -0.000618 1979.0
0.000586 -0.000618 1980.0
0.000586 -0.000618 1981.0
0.000586 -0.000618 1982.0
0.000586 -0.000618 1983.0
0.000586 -0.000618 1984.0
0.000586 -0.000618 1985.0
0.000586 -0.000618 1986.0
0.000586 -0.000618 1987.0
0.000585 -0.000618 1988.0
0.000585 -0.000618 1989.0
0.000585 -0.000618 1990.0
0.000585 -0.000618 1991.0
0.000585 -0.000618 1992.0
0.000585 -0.000618 1993.0
0.000585 -0.000618 1994.0
0.000585 -0.000618 1995.0
0.000585 -0.000618 1996.0
0.000585 -0.000617 1997.0
0.000585 -0.000617 1998.0
0.000585 -0.000617 1999.0
0.000585 -0.000617 2000.0
0.000585 -0.000617 2001.0
0.000585 -0.000617 2002.0
0.000585 -0.000617 2003.0
0.000585 -0.000617 2004.0
0.000585 -0.000617 2005.0
0.000585 -0.000617 2006.0
0.000585 -0.000617 2007.0
0.000585 -0.000617 2008.0
0.000585 -0.000617 2009.0
0.000585 -0.000617 2010.0
0.000585 -0.000617 2011.0
0.000585 -0.000617 2012.0
0.000585 -0.000617 2013.0
0.000585 -0.000617 2014.0
0.000585 -0.000617 2015.0
0.000584 -0.000617 2016.0
0.000584 -0.000617 2017.0
0.000584 -0.000617 2018.0
0.000584 -0.000617 2019.0
0.000584 -0.000617 2020.0
0.000584 -0.000617 2021.0
0.000584 -0.000617 2022.0
0.000584 -0.000617 2023.0
0.000584 -0.000617 2024.0
0.000584 -0.000617 2025.0
0.000584 -0.000617 2026.0
0.000584 -0.000617 2027.0
0.000584 -0.000617 2028.0
0.000584 -0.000617 2029.0
0.000584 -0.000617 2030.0
0.000584 -0.000617 2031.0
0.000584 -0.000617 2032.0
0.000584 -0.000617 2033.0
0.000584 -0.000617 2034.0
0.000584 -0.000617 2035.0
0.000584 -0.000617 2036.0
0.000584 -0.000617 2037.0
0.000584 -0.000617 2038.0
0.000584 -0.000617 2039.0
0.000584 -0.000617 2040.0
0.000584 -0.000617 2041.0
0.000584 -0.000617 2042.0
0.000584 -0.000617 2043.0
0.000584 -0.000617 2044.0
0.000584 -0.000617 2045.0
0.000584 -0.000617 2046.0
0.000584 -0.000617 2047.0
0.000584 -0.000617 2048.0
0.000584 -0.000617 2049.0
0.000584 -0.000617 2050.0
0.000584 -0.000617 2051.0
0.000584 -0.000617 2052.0
0.000584 -0.000617 2053.0
0.000584 -0.000617 2054.0
0.000584 -0.000617 2055.0
0.000584 -0.000617 2056.0
0.000584 -0.000617 2057.0
0.000584 -0.000617 2058.0
0.000584 -0.000617 2059.0
0.000584 -0.000617 2060.0
0.000584 -0.000617 2061.0
0.000584 -0.000617 2062.0
0.000584 -0.000617 2063.0
0.000584 -0.000617 2064.0
0.000584 -0.000617 2065.0
0.000584 -0.000617 2066.0
0.000584 -0.000617 2067.0
0.000584 -0.000617 2068.0
0.000584 -0.000617 2069.0
0.000584 -0.000617 2070.0
0.000584 -0.000617 2071.0
0.000584 -0.000617 2072.0
0.000584 -0.000617 2073.0
0.000584 -0.000617 2074.0
0.000584 -0.000617 2075.0
0.000584 -0.000617 2076.0
0.000584 -0.000617 2077.0
0.000584 -0.000617 2078.0
0.000584 -0.000617 2079.0
0.000584 -0.000617 2080.0
0.000584 -0.000617 2081.0
0.000584 -0.000617 2082.0
0.000584 -0.000617 2083.0
0.000584 -0.000617 2084.0
0.000584 -0.000617 2085.0
0.000584 -0.000617 2086.0
0.000584 -0.000617 2087.0
0.000584 -0.000617 2088.0
0.000584 -0.000617 2089.0
0.000584 -0.000617 2090.0
0.000584 -0.000617 2091.0
0.000584 -0.000617 2092.0
0.000584 -0.000617 2093.0
0.000584 -0.000617 2094.0
0.000584 -0.000617 2095.0
0.000584 -0.000617 2096.0
0.000584 -0.000617 2097.0
0.000584 -0.000617 2098.0
0.000584 -0.000617 2099.0
0.000584 -0.000617 2100.0
0.000584 -0.000617 2101.0
0.000584 -0.000617 2102.0
0.000584 -0.000617 2103.0
0.000584 -0.000617 2104.0
0.000584 -0.000617 2105.0
0.000584 -0.000617 2106.0
0.000584 -0.000617 2107.0
0.000584 -0.000617 2108.0
0.000584 -0.000617 2109.0
0.000584 -0.000617 2110.0
0.000584 -0.000617 2111.0
0.000584 -0.000617 2112.0
0.000584 -0.000617 2113.0
0.000584 -0.000617 2114.0
0.000584 -0.000617 2115.0
0.000584 -0.000617 2116.0
0.000584 -0.000617 2117.0
0.000584 -0.000617 2118.0
0.000584 -0.000617 2119.0
0.000584 -0.000617 2120.0
0.000584 -0.000617 2121.0
0.000584 -0.000617 2122.0
0.000584 -0.000617 2123.0
0.000584 -0.000617 2124.0
0.000584 -0.000617 2125.0
0.000584 -0.000617 2126.0
0.000584 -0.000617 2127.0
0.000584 -0.000617 2128.0
0.000584 -0.000617 2129.0
0.000584 -0.000617 2130.0
0.000584 -0.000617 2131.0
0.000584 -0.000617 2132.0
0.000584 -0.000617 2133.0
0.000584 -0.000617 2134.0
0.000584 -0.000617 2135.0
0.000584 -0.000617 2136.0
0.000584 -0.000617 2137.0
0.000584 -0.000617 2138.0
0.000584 -0.000617 2139.0
0.000584 -0.000617 2140.0
0.000584 -0.000617 2141.0
0.000584 -0.000617 2142.0
0.000584 -0.000617 2143.0
0.000584 -0.000617 2144.0
0.000584 -0.000617 2145.0
0.000584 -0.000617 2146.0
0.000584 -0.000617 2147.0
0.000584 -0.000617 2148.0
0.000584 -0.000617 2149.0
0.000584 -0.000617 2150.0
0.000584 -0.000617 2151.0
0.000584 -0.000617 2152.0
0.000584 -0.000617 2153.0
0.000584 -0.000617 2154.0
0.000584 -0.000617 2155.0
0.000584 -0.000617 2156.0
0.000584 -0.000617 2157.0
0.000584 -0.000617 2158.0
0.000584 -0.000617 2159.0
0.000584 -0.000617 2160.0
0.000584 -0.000617 2161.0
0.000584 -0.000617 2162.0
0.000584 -0.000617 2163.0
0.000584 -0.000617 2164.0
0.000584 -0.000617 2165.0
0.000584 -0.000617 2166.0
0.000584 -0.000617 2167.0
0.000584 -0.000617 2168.0
0.000584 -0.000617 2169.0
0.000584 -0.000617 2170.0
0.000584 -0.000617 2171.0
0.000584 -0.000617 2172.0
0.000584 -0.000617 2173.0
0.000584 -0.000617 2174.0
0.000584 -0.000617 2175.0
0.000584 -0.000617 2176.0
0.000584 -0.000617 2177.0
0.000584 -0.000617 2178.0
0.000584 -0.000617 2179.0
0.000584 -0.000617 2180.0
0.000584 -0.000617 2181.0
0.000584 -0.000617 2182.0
0.000584 -0.000617 2183.0
0.000584 -0.000617 2184.0
0.000584 -0.000617 2185.0
0.000584 -0.000617 2186.0
0.000584 -0.000617 2187.0
0.000584 -0.000617 2188.0
0.000584 -0.000617 2189.0
0.000584 -0.000617 2190.0
0.000584 -0.000617 2191.0
0.000584 -0.000617 2192.0
0.000584 -0.000618 2193.0
0.000584 -0.000618 2194.0
0.000584 -0.000618 2195.0
0.000584 -0.000618 2196.0
0.000584 -0.000618 2197.0
0.000584 -0.000618 2198.0
0.000584 -0.000618 2199.0
0.000584 -0.000618 2200.0
0.000584 -0.000618 2201.0
0.000584 -0.000618 2202.0
0.000584 -0.000618 2203.0
0.000584 -0.000618 2204.0
0.000584 -0.000618 2205.0
0.000584 -0.000618 2206.0
0.000584 -0.000618 2207.0
0.000584 -0.000618 2208.0
0.000584 -0.000618 2209.0
0.000584 -0.000618 2210.0
0.000584 -0.000618 2211.0
0.000584 -0.000618 2212.0
0.000584 -0.000618 2213.0
0.000584 -0.000618 2214.0
0.000584 -0.000618 2215.0
0.000585 -0.000618 2216.0
0.000585 -0.000618 2217.0
0.000585 -0.000618 2218.0
0.000585 -0.000618 2219.0
0.000585 -0.000618 2220.0
0.000585 -0.000618 2221.0
0.000585 -0.000618 2222.0
0.000585 -0.000618 2223.0
0.000585 -0.000618 2224.0
0.000585 -0.000618 2225.0
0.000585 -0.000618 2226.0
0.000585 -0.000618 2227.0
0.000585 -0.000618 2228.0
0.000585 -0.000618 2229.0
0.000585 -0.000618 2230.0
0.000585 -0.000618 2231.0
0.000585 -0.000618 2232.0
0.000585 -0.000618 2233.0
0.000585 -0.000618 2234.0
0.000585 -0.000618 2235.0
0.000585 -0.000618 2236.0
0.000585 -0.000618 2237.0
0.000585 -0.000618 2238.0
0.000585 -0.000618 2239.0
0.000585 -0.000618 2240.0
0.000585 -0.000618 2241.0
0.000585 -0.000618 2242.0
0.000585 -0.000618 2243.0
0.000585 -0.000618 2244.0
0.000585 -0.000618 2245.0
0.000585 -0.000618 2246.0
0.000585 -0.000618 2247.0
0.000585 -0.000618 2248.0
0.000585 -0.000618 2249.0
0.000585 -0.000618 2250.0
0.000585 -0.000618 2251.0
0.000585 -0.000618 2252.0
0.000585 -0.000618 2253.0
0.000585 -0.000618 2254.0
0.000585 -0.000618 2255.0
0.000585 -0.000618 2256.0
0.000585 -0.000618 2257.0
0.000585 -0.000618 2258.0
0.000585 -0.000617 2259.0
0.000585 -0.000617 2260.0
0.000585 -0.000617 2261.0
0.000585 -0.000617 2262.0
0.000585 -0.000617 2263.0
0.000585 -0.000617 2264.0
0.000585 -0.000617 2265.0
0.000585 -0.000617 2266.0
0.000584 -0.000617 2267.0
0.000584 -0.000617 2268.0
0.000584 -0.000617 2269.0
0.000584 -0.000617 2270.0
0.000584 -0.000617 2271.0
0.000584 -0.000617 2272.0
0.000584 -0.000617 2273.0
0.000584 -0.000617 2274.0
0.000584 -0.000617 2275.0
0.000584 -0.000617 2276.0
0.000584 -0.000617 2277.0
0.000584 -0.000617 2278.0
0.000584 -0.000617 2279.0
0.000584 -0.000617 2280.0
0.000584 -0.000617 2281.0
0.000584 -0.000617 2282.0
0.000584 -0.000617 2283.0
0.000585 -0.000617 2284.0
0.000585 -0.000617 2285.0
0.000585 -0.000617 2286.0
0.000584 -0.000617 2287.0
0.000584 -0.000617 2288.0
0.000584 -0.000617 2289.0
0.000584 -0.000617 2290.0
0.000584 -0.000617 2291.0
0.000584 -0.000617 2292.0
0.000584 -0.000617 2293.0
0.000584 -0.000617 2294.0
0.000584 -0.000618 2295.0
0.000584 -0.000618 2296.0
0.000584 -0.000618 2297.0
0.000584 -0.000618 2298.0
0.000584 -0.000618 2299.0
0.000584 -0.000618 2300.0
0.000584 -0.000618 2301.0
0.000584 -0.000618 2302.0
0.000584 -0.000618 2303.0
0.000584 -0.000618 2304.0
0.000584 -0.000618 2305.0
0.000584 -0.000618 2306.0
0.000584 -0.000618 2307.0
0.000584 -0.000618 2308.0
0.000584 -0.000618 2309.0
0.000584 -0.000618 2310.0
0.000584 -0.000618 2311.0
0.000584 -0.000618 2312.0
0.000584 -0.000618 2313.0
0.000584 -0.000618 2314.0
0.000584 -0.000618 2315.0
0.000584 -0.000618 2316.0
0.000584 -0.000618 2317.0
0.000584 -0.000618 2318.0
0.000584 -0.000618 2319.0
0.000584 -0.000618 2320.0
0.000584 -0.000618 2321.0
0.000584 -0.000618 2322.0
0.000584 -0.000618 2323.0
0.000584 -0.000618 2324.0
0.000584 -0.000618 2325.0
0.000584 -0.000618 2326.0
0.000584 -0.000618 2327.0
0.000584 -0.000618 2328.0
0.000584 -0.000618 2329.0
0.000584 -0.000618 2330.0
0.000584 -0.000618 2331.0
0.000584 -0.000618 2332.0
0.000584 -0.000618 2333.0
0.000584 -0.000618 2334.0
0.000584 -0.000618 2335.0
0.000584 -0.000618 2336.0
0.000584 -0.000618 2337.0
0.000584 -0.000618 2338.0
0.000584 -0.000618 2339.0
0.000584 -0.000618 2340.0
0.000584 -0.000618 2341.0
0.000584 -0.000618 2342.0
0.000584 -0.000618 2343.0
0.000584 -0.000618 2344.0
0.000584 -0.000618 2345.0
0.000584 -0.000618 2346.0
0.000584 -0.000618 2347.0
0.000584 -0.000618 2348.0
0.000584 -0.000618 2349.0
0.000584 -0.000618 2350.0
0.000584 -0.000618 2351.0
0.000584 -0.000618 2352.0
0.000584 -0.000618 2353.0
0.000584 -0.000618 2354.0
0.000584 -0.000618 2355.0
0.000584 -0.000618 2356.0
0.000584 -0.000618 2357.0
0.000584 -0.000618 2358.0
0.000584 -0.000618 2359.0
0.000584 -0.000618 2360.0
0.000584 -0.000618 2361.0
0.000584 -0.000618 2362.0
0.000584 -0.000618 2363.0
0.000584 -0.000618 2364.0
0.000584 -0.000618 2365.0
0.000584 -0.000618 2366.0
0.000584 -0.000618 2367.0
0.000584 -0.000618 2368.0
0.000584 -0.000618 2369.0
0.000584 -0.000618 2370.0
0.000584 -0.000618 2371.0
0.000584 -0.000618 2372.0
0.000584 -0.000618 2373.0
0.000584 -0.000618 2374.0
0.000584 -0.000618 2375.0
0.000584 -0.000618 2376.0
0.000584 -0.000618 2377.0
0.000584 -0.000618 2378.0
0.000584 -0.000618 2379.0
0.000584 -0.000618 2380.0
0.000583 -0.000618 2381.0
0.000583 -0.000618 2382.0
0.000583 -0.000618 2383.0
0.000583 -0.000618 2384.0
0.000583 -0.000618 2385.0
0.000583 -0.000618 2386.0
0.000583 -0.000618 2387.0
0.000583 -0.000618 2388.0
0.000583 -0.000618 2389.0
0.000583 -0.000618 2390.0
0.000583 -0.000618 2391.0
0.000583 -0.000618 2392.0
0.000583 -0.000618 2393.0
0.000583 -0.000618 2394.0
0.000583 -0.000618 2395.0
0.000583 -0.000618 2396.0
0.000583 -0.000618 2397.0
0.000583 -0.000618 2398.0
0.000583 -0.000618 2399.0
0.000583 -0.000618 2400.0
0.000583 -0.000618 2401.0
0.000583 -0.000618 2402.0
0.000583 -0.000618 2403.0
0.000583 -0.000618 2404.0
0.000583 -0.000618 2405.0
0.000583 -0.000618 2406.0
0.000583 -0.000618 2407.0
0.000583 -0.000618 2408.0
0.000583 -0.000618 2409.0
0.000583 -0.000618 2410.0
0.000583 -0.000618 2411.0
0.000583 -0.000618 2412.0
0.000583 -0.000618 2413.0
0.000583 -0.000618 2414.0
0.000583 -0.000618 2415.0
0.000583 -0.000618 2416.0
0.000583 -0.000618 2417.0
0.000583 -0.000618 2418.0
0.000583 -0.000618 2419.0
0.000583 -0.000618 2420.0
0.000583 -0.000618 2421.0
0.000583 -0.000618 2422.0
0.000583 -0.000618 2423.0
0.000583 -0.000618 2424.0
0.000583 -0.000618 2425.0
0.000583 -0.000618 2426.0
0.000583 -0.000618 2427.0
0.000583 -0.000618 2428.0
0.000583 -0.000618 2429.0
0.000583 -0.000618 2430.0
0.000583 -0.000618 2431.0
0.000583 -0.000618 2432.0
0.000583 -0.000618 2433.0
0.000583 -0.000618 2434.0
0.000583 -0.000618 2435.0
0.000583 -0.000618 2436.0
0.000583 -0.000618 2437.0
0.000583 -0.000618 2438.0
0.000583 -0.000618 2439.0
0.000583 -0.000618 2440.0
0.000583 -0.000618 2441.0
0.000583 -0.000618 2442.0
0.000583 -0.000618 2443.0
0.000583 -0.000618 2444.0
0.000583 -0.000618 2445.0
0.000583 -0.000618 2446.0
0.000583 -0.000618 2447.0
0.000583 -0.000618 2448.0
0.000583 -0.000618 2449.0
0.000583 -0.000618 2450.0
0.000583 -0.000618 2451.0
0.000583 -0.000618 2452.0
0.000583 -0.000618 2453.0
0.000583 -0.000618 2454.0
0.000583 -0.000618 2455.0
0.000583 -0.000618 2456.0
0.000583 -0.000618 2457.0
0.000583 -0.000618 2458.0
0.000583 -0.000618 2459.0
0.000583 -0.000618 2460.0
0.000583 -0.000618 2461.0
0.000583 -0.000618 2462.0
0.000583 -0.000618 2463.0
0.000583 -0.000618 2464.0
0.000583 -0.000618 2465.0
0.000583 -0.000618 2466.0
0.000583 -0.000618 2467.0
0.000583 -0.000618 2468.0
0.000583 -0.000618 2469.0
0.000583 -0.000618 2470.0
0.000583 -0.000618 2471.0
0.000583 -0.000618 2472.0
0.000583 -0.000618 2473.0
0.000583 -0.000618 2474.0
0.000583 -0.000618 2475.0
0.000583 -0.000618 2476.0
0.000583 -0.000618 2477.0
0.000583 -0.000618 2478.0
0.000583 -0.000618 2479.0
0.000583 -0.000618 2480.0
0.000583 -0.000618 2481.0
0.000583 -0.000618 2482.0
0.000583 -0.000618 2483.0
0.000583 -0.000618 2484.0
0.000583 -0.000618 2485.0
0.000583 -0.000618 2486.0
0.000583 -0.000618 2487.0
0.000583 -0.000618 2488.0
0.000583 -0.000618 2489.0
0.000583 -0.000618 2490.0
0.000583 -0.000618 2491.0
0.000583 -0.000618 2492.0
0.000583 -0.000618 2493.0
0.000583 -0.000618 2494.0
0.000583 -0.000618 2495.0
0.000583 -0.000618 2496.0
0.000583 -0.000618 2497.0
0.000583 -0.000618 2498.0
0.000583 -0.000618 2499.0
0.000583 -0.000618 2500.0
0.000583 -0.000618 2501.0
0.000583 -0.000618 2502.0
0.000583 -0.000618 2503.0
0.000583 -0.000618 2504.0
0.000583 -0.000618 2505.0
0.000583 -0.000618 2506.0
0.000583 -0.000618 2507.0
0.000583 -0.000618 2508.0
0.000583 -0.000618 2509.0
0.000583 -0.000618 2510.0
0.000583 -0.000618 2511.0
0.000583 -0.000618 2512.0
0.000583 -0.000618 2513.0
0.000583 -0.000618 2514.0
0.000583 -0.000618 2515.0
0.000583 -0.000618 2516.0
0.000583 -0.000618 2517.0
0.000583 -0.000618 2518.0
0.000583 -0.000618 2519.0
0.000583 -0.000618 2520.0
0.000583 -0.000618 2521.0
0.000583 -0.000618 2522.0
0.000583 -0.000618 2523.0
0.000583 -0.000618 2524.0
0.000583 -0.000618 2525.0
0.000583 -0.000618 2526.0
0.000583 -0.000618 2527.0
0.000583 -0.000618 2528.0
0.000583 -0.000618 2529.0
0.000583 -0.000618 2530.0
0.000583 -0.000618 2531.0
0.000583 -0.000618 2532.0
0.000583 -0.000618 2533.0
0.000583 -0.000618 2534.0
0.000583 -0.000618 2535.0
0.000583 -0.000618 2536.0
0.000583 -0.000618 2537.0
0.000583 -0.000618 2538.0
0.000583 -0.000618 2539.0
0.000583 -0.000618 2540.0
0.000583 -0.000618 2541.0
0.000583 -0.000618 2542.0
0.000583 -0.000618 2543.0
0.000583 -0.000618 2544.0
0.000583 -0.000618 2545.0
0.000583 -0.000618 2546.0
0.000583 -0.000618 2547.0
0.000583 -0.000618 2548.0
0.000583 -0.000618 2549.0
0.000583 -0.000618 2550.0
0.000583 -0.000618 2551.0
0.000583 -0.000618 2552.0
0.000583 -0.000618 2553.0
0.000583 -0.000618 2554.0
0.000583 -0.000618 2555.0
0.000583 -0.000618 2556.0
0.000583 -0.000618 2557.0
0.000583 -0.000618 2558.0
0.000583 -0.000618 2559.0
0.000583 -0.000618 2560.0
0.000583 -0.000618 2561.0
0.000583 -0.000618 2562.0
0.000583 -0.000618 2563.0
0.000583 -0.000618 2564.0
0.000583 -0.000618 2565.0
0.000583 -0.000618 2566.0
0.000583 -0.000618 2567.0
0.000583 -0.000618 2568.0
0.000583 -0.000618 2569.0
0.000583 -0.000618 2570.0
0.000583 -0.000618 2571.0
0.000583 -0.000618 2572.0
0.000583 -0.000618 2573.0
0.000583 -0.000618 2574.0
0.000583 -0.000618 2575.0
0.000583 -0.000618 2576.0
0.000583 -0.000618 2577.0
0.000583 -0.000618 2578.0
0.000583 -0.000618 2579.0
0.000583 -0.000618 2580.0
0.000583 -0.000618 2581.0
0.000583 -0.000618 2582.0
0.000583 -0.000618 2583.0
0.000583 -0.000618 2584.0
0.000583 -0.000618 2585.0
0.000583 -0.000618 2586.0
0.000583 -0.000618 2587.0
0.000583 -0.000618 2588.0
0.000583 -0.000618 2589.0
0.000583 -0.000618 2590.0
0.000583 -0.000618 2591.0
0.000583 -0.000618 2592.0
0.000583 -0.000618 2593.0
0.000583 -0.000618 2594.0
0.000583 -0.000618 2595.0
0.000583 -0.000618 2596.0
0.000583 -0.000618 2597.0
0.000583 -0.000618 2598.0
0.000583 -0.000618 2599.0
0.000583 -0.000618 2600.0
0.000583 -0.000618 2601.0
0.000583 -0.000618 2602.0
0.000583 -0.000618 2603.0
0.000583 -0.000618 2604.0
0.000583 -0.000617 2605.0
0.000583 -0.000617 2606.0
0.000583 -0.000617 2607.0
0.000583 -0.000617 2608.0
0.000583 -0.000617 2609.0
0.000583 -0.000617 2610.0
0.000583 -0.000617 2611.0
0.000583 -0.000617 2612.0
0.000583 -0.000617 2613.0
0.000583 -0.000617 2614.0
0.000583 -0.000617 2615.0
0.000583 -0.000617 2616.0
0.000583 -0.000617 2617.0
0.000583 -0.000617 2618.0
0.000583 -0.000617 2619.0
0.000583 -0.000617 2620.0
0.000583 -0.000617 2621.0
0.000583 -0.000617 2622.0
0.000583 -0.000617 2623.0
0.000583 -0.000617 2624.0
0.000583 -0.000617 2625.0
0.000583 -0.000617 2626.0
0.000583 -0.000617 2627.0
0.000583 -0.000617 2628.0
0.000583 -0.000617 2629.0
0.000583 -0.000617 2630.0
0.000583 -0.000617 2631.0
0.000583 -0.000617 2632.0
0.000583 -0.000617 2633.0
0.000583 -0.000617 2634.0
0.000583 -0.000617 2635.0
0.000583 -0.000617 2636.0
0.000583 -0.000617 2637.0
0.000583 -0.000617 2638.0
0.000583 -0.000617 2639.0
0.000583 -0.000617 2640.0
0.000583 -0.000617 2641.0
0.000583 -0.000617 2642.0
0.000583 -0.000617 2643.0
0.000583 -0.000617 2644.0
0.000583 -0.000617 2645.0
0.000583 -0.000617 2646.0
0.000583 -0.000617 2647.0
0.000583 -0.000617 2648.0
0.000583 -0.000617 2649.0
0.000583 -0.000617 2650.0
0.000583 -0.000617 2651.0
0.000583 -0.000617 2652.0
0.000583 -0.000617 2653.0
0.000583 -0.000617 2654.0
0.000583 -0.000617 2655.0
0.000583 -0.000617 2656.0
0.000583 -0.000617 2657.0
0.000583 -0.000617 2658.0
0.000583 -0.000617 2659.0
0.000583 -0.000617 2660.0
0.000583 -0.000617 2661.0
0.000583 -0.000617 2662.0
0.000583 -0.000617 2663.0
0.000583 -0.000617 2664.0
0.000583 -0.000617 2665.0
0.000583 -0.000617 2666.0
0.000583 -0.000617 2667.0
0.000583 -0.000617 2668.0
0.000583 -0.000617 2669.0
0.000583 -0.000617 2670.0
0.000583 -0.000617 2671.0
0.000583 -0.000617 2672.0
0.000583 -0.000617 2673.0
0.000583 -0.000617 2674.0
0.000583 -0.000617 2675.0
0.000583 -0.000617 2676.0
0.000583 -0.000617 2677.0
0.000583 -0.000617 2678.0
0.000583 -0.000617 2679.0
0.000583 -0.000617 2680.0
0.000583 -0.000617 2681.0
0.000583 -0.000617 2682.0
0.000583 -0.000617 2683.0
0.000583 -0.000617 2684.0
0.000583 -0.000617 2685.0
0.000583 -0.000617 2686.0
0.000583 -0.000617 2687.0
0.000583 -0.000617 2688.0
0.000583 -0.000617 2689.0
0.000583 -0.000617 2690.0
0.000583 -0.000617 2691.0
0.000584 -0.000617 2692.0
0.000584 -0.000617 2693.0
0.000584 -0.000617 2694.0
0.000584 -0.000617 2695.0
0.000584 -0.000617 2696.0
0.000584 -0.000617 2697.0
0.000584 -0.000617 2698.0
0.000584 -0.000617 2699.0
0.000584 -0.000617 2700.0
0.000584 -0.000617 2701.0
0.000584 -0.000617 2702.0
0.000584 -0.000617 2703.0
0.000584 -0.000617 2704.0
0.000584 -0.000617 2705.0
0.000584 -0.000617 2706.0
0.000584 -0.000617 2707.0
0.000584 -0.000617 2708.0
0.000584 -0.000617 2709.0
0.000584 -0.000617 2710.0
0.000584 -0.000617 2711.0
0.000584 -0.000617 2712.0
0.000584 -0.000617 2713.0
0.000584 -0.000617 2714.0
0.000584 -0.000617 2715.0
0.000584 -0.000617 2716.0
0.000584 -0.000617 2717.0
0.000584 -0.000617 2718.0
0.000584 -0.000617 2719.0
0.000584 -0.000617 2720.0
0.000584 -0.000617 2721.0
0.000584 -0.000617 2722.0
0.000584 -0.000617 2723.0
0.000584 -0.000617 2724.0
0.000584 -0.000617 2725.0
0.000584 -0.000617 2726.0
0.000584 -0.000617 2727.0
0.000584 -0.000617 2728.0
0.000584 -0.000617 2729.0
0.000584 -0.000617 2730.0
0.000584 -0.000617 2731.0
0.000584 -0.000617 2732.0
0.000584 -0.000617 2733.0
0.000584 -0.000617 2734.0
0.000584 -0.000617 2735.0
0.000584 -0.000617 2736.0
0.000584 -0.000617 2737.0
0.000584 -0.000617 2738.0
0.000584 -0.000617 2739.0
0.000584 -0.000617 2740.0
0.000584 -0.000617 2741.0
0.000584 -0.000617 2742.0
0.000584 -0.000617 2743.0
0.000584 -0.000617 2744.0
0.000584 -0.000617 2745.0
0.000584 -0.000617 2746.0
0.000584 -0.000617 2747.0
0.000584 -0.000617 2748.0
0.000584 -0.000617 2749.0
0.000584 -0.000617 2750.0
0.000584 -0.000617 2751.0
0.000584 -0.000617 2752.0
0.000584 -0.000617 2753.0
0.000584 -0.000617 2754.0
0.000584 -0.000617 2755.0
0.000584 -0.000617 2756.0
0.000584 -0.000617 2757.0
0.000584 -0.000617 2758.0
0.000584 -0.000617 2759.0
0.000584 -0.000617 2760.0
0.000584 -0.000617 2761.0
0.000584 -0.000617 2762.0
0.000584 -0.000617 2763.0
0.000584 -0.000617 2764.0
0.000584 -0.000617 2765.0
0.000584 -0.000617 2766.0
0.000584 -0.000617 2767.0
0.000584 -0.000617 2768.0
0.000584 -0.000617 2769.0
0.000584 -0.000617 2770.0
0.000584 -0.000617 2771.0
0.000584 -0.000617 2772.0
0.000584 -0.000617 2773.0
0.000584 -0.000617 2774.0
0.000584 -0.000617 2775.0
0.000584 -0.000617 2776.0
0.000584 -0.000617 2777.0
0.000584 -0.000617 2778.0
0.000584 -0.000617 2779.0
0.000584 -0.000617 2780.0
0.000584 -0.000617 2781.0
0.000584 -0.000617 2782.0
0.000584 -0.000617 2783.0
0.000584 -0.000617 2784.0
0.000584 -0.000617 2785.0
0.000584 -0.000617 2786.0
0.000584 -0.000617 2787.0
0.000584 -0.000617 2788.0
0.000584 -0.000617 2789.0
0.000584 -0.000617 2790.0
0.000584 -0.000617 2791.0
0.000584 -0.000617 2792.0
0.000584 -0.000617 2793.0
0.000584 -0.000617 2794.0
0.000584 -0.000617 2795.0
0.000584 -0.000617 2796.0
0.000584 -0.000617 2797.0
0.000584 -0.000617 2798.0
0.000584 -0.000617 2799.0
0.000584 -0.000617 2800.0
0.000584 -0.000617 2801.0
0.000584 -0.000617 2802.0
0.000584 -0.000617 2803.0
0.000583 -0.000617 2804.0
0.000583 -0.000617 2805.0
0.000583 -0.000617 2806.0
0.000583 -0.000617 2807.0
0.000583 -0.000617 2808.0
0.000583 -0.000617 2809.0
0.000583 -0.000617 2810.0
0.000583 -0.000617 2811.0
0.000583 -0.000617 2812.0
0.000583 -0.000617 2813.0
0.000583 -0.000617 2814.0
0.000583 -0.000617 2815.0
0.000583 -0.000617 2816.0
0.000583 -0.000617 2817.0
0.000583 -0.000617 2818.0
0.000583 -0.000617 2819.0
0.000583 -0.000617 2820.0
0.000583 -0.000617 2821.0
0.000583 -0.000617 2822.0
0.000583 -0.000617 2823.0
0.000583 -0.000617 2824.0
0.000583 -0.000617 2825.0
0.000583 -0.000617 2826.0
0.000583 -0.000617 2827.0
0.000583 -0.000617 2828.0
0.000583 -0.000617 2829.0
0.000583 -0.000617 2830.0
0.000583 -0.000617 2831.0
0.000583 -0.000617 2832.0
0.000583 -0.000617 2833.0
0.000583 -0.000617 2834.0
0.000583 -0.000617 2835.0
0.000583 -0.000617 2836.0
0.000583 -0.000617 2837.0
0.000583 -0.000617 2838.0
0.000583 -0.000617 2839.0
0.000583 -0.000618 2840.0
0.000583 -0.000618 2841.0
0.000583 -0.000618 2842.0
0.000583 -0.000618 2843.0
0.000583 -0.000618 2844.0
0.000583 -0.000618 2845.0
0.000583 -0.000618 2846.0
0.000583 -0.000618 2847.0
0.000583 -0.000618 2848.0
0.000583 -0.000618 2849.0
0.000583 -0.000618 2850.0
0.000583 -0.000618 2851.0
0.000583 -0.000618 2852.0
0.000582 -0.000618 2853.0
0.000582 -0.000618 2854.0
0.000582 -0.000618 2855.0
0.000582 -0.000618 2856.0
0.000582 -0.000618 2857.0
0.000582 -0.000618 2858.0
0.000582 -0.000618 2859.0
0.000582 -0.000618 2860.0
0.000582 -0.000618 2861.0
0.000582 -0.000618 2862.0
0.000582 -0.000618 2863.0
0.000582 -0.000618 2864.0
0.000582 -0.000618 2865.0
0.000582 -0.000618 2866.0
0.000582 -0.000618 2867.0
0.000582 -0.000618 2868.0
0.000582 -0.000618 2869.0
0.000582 -0.000618 2870.0
0.000582 -0.000618 2871.0
0.000582 -0.000618 2872.0
0.000583 -0.000618 2873.0
0.000583 -0.000618 2874.0
0.000583 -0.000618 2875.0
0.000583 -0.000618 2876.0
0.000583 -0.000618 2877.0
0.000583 -0.000618 2878.0
0.000583 -0.000618 2879.0
0.000583 -0.000618 2880.0
0.000583 -0.000618 2881.0
0.000583 -0.000618 2882.0
0.000583 -0.000618 2883.0
0.000583 -0.000618 2884.0
0.000583 -0.000618 2885.0
0.000583 -0.000618 2886.0
0.000583 -0.000618 2887.0
0.000583 -0.000618 2888.0
0.000583 -0.000618 2889.0
0.000583 -0.000618 2890.0
0.000583 -0.000618 2891.0
0.000583 -0.000618 2892.0
0.000583 -0.000618 2893.0
0.000583 -0.000618 2894.0
0.000583 -0.000618 2895.0
0.000583 -0.000618 2896.0
0.000583 -0.000618 2897.0
0.000583 -0.000618 2898.0
0.000583 -0.000618 2899.0
0.000583 -0.000618 2900.0
0.000583 -0.000618 2901.0
0.000583 -0.000618 2902.0
0.000583 -0.000618 2903.0
0.000583 -0.000618 2904.0
0.000583 -0.000618 2905.0
0.000583 -0.000618 2906.0
0.000583 -0.000618 2907.0
0.000583 -0.000618 2908.0
0.000583 -0.000618 2909.0
0.000583 -0.000618 2910.0
0.000583 -0.000618 2911.0
0.000583 -0.000618 2912.0
0.000583 -0.000618 2913.0
0.000583 -0.000618 2914.0
0.000583 -0.000618 2915.0
0.000583 -0.000618 2916.0
0.000583 -0.000618 2917.0
0.000583 -0.000618 2918.0
0.000583 -0.000619 2919.0
0.000583 -0.000619 2920.0
0.000583 -0.000619 2921.0
0.000583 -0.000619 2922.0
0.000583 -0.000619 2923.0
0.000583 -0.000619 2924.0
0.000583 -0.000619 2925.0
0.000583 -0.000619 2926.0
0.000583 -0.000619 2927.0
0.000583 -0.000619 2928.0
0.000583 -0.000619 2929.0
0.000583 -0.000619 2930.0
0.000582 -0.000619 2931.0
0.000582 -0.000619 2932.0
0.000582 -0.000620 2933.0
0.000582 -0.000620 2934.0
0.000582 -0.000620 2935.0
0.000582 -0.000620 2936.0
0.000582 -0.000620 2937.0
0.000582 -0.000620 2938.0
0.000582 -0.000620 2939.0
0.000582 -0.000620 2940.0
0.000582 -0.000620 2941.0
0.000582 -0.000620 2942.0
0.000582 -0.000620 2943.0
0.000582 -0.000620 2944.0
0.000582 -0.000620 2945.0
0.000582 -0.000620 2946.0
0.000582 -0.000620 2947.0
0.000582 -0.000620 2948.0
0.000583 -0.000621 2949.0
0.000583 -0.000621 2950.0
0.000583 -0.000621 2951.0
0.000583 -0.000621 2952.0
0.000584 -0.000621 2953.0
0.000584 -0.000621 2954.0
0.000584 -0.000621 2955.0
0.000584 -0.000621 2956.0
0.000585 -0.000621 2957.0
0.000585 -0.000621 2958.0
0.000585 -0.000622 2959.0
0.000585 -0.000622 2960.0
0.000586 -0.000622 2961.0
0.000586 -0.000622 2962.0
0.000586 -0.000622 2963.0
0.000586 -0.000622 2964.0
0.000587 -0.000622 2965.0
0.000587 -0.000622 2966.0
0.000587 -0.000622 2967.0
0.000588 -0.000622 2968.0
0.000588 -0.000623 2969.0
0.000588 -0.000623 2970.0
0.000588 -0.000623 2971.0
0.000589 -0.000623 2972.0
0.000589 -0.000623 2973.0
0.000589 -0.000623 2974.0
0.000589 -0.000623 2975.0
0.000590 -0.000623 2976.0
0.000590 -0.000623 2977.0
0.000590 -0.000623 2978.0
0.000590 -0.000624 2979.0
0.000591 -0.000624 2980.0
0.000591 -0.000624 2981.0
0.000591 -0.000624 2982.0
0.000591 -0.000624 2983.0
0.000592 -0.000624 2984.0
0.000592 -0.000624 2985.0
0.000592 -0.000624 2986.0
0.000593 -0.000624 2987.0
0.000593 -0.000624 2988.0
0.000593 -0.000625 2989.0
0.000593 -0.000625 2990.0
0.000594 -0.000625 2991.0
0.000594 -0.000625 2992.0
0.000594 -0.000625 2993.0
0.000594 -0.000625 2994.0
0.000595 -0.000625 2995.0
0.000595 -0.000625 2996.0
0.000595 -0.000625 2997.0
0.000595 -0.000625 2998.0
0.000596 -0.000626 2999.0
0.000596 -0.000626 3000.0
0.000596 -0.000626 3001.0
0.000596 -0.000626 3002.0
0.000597 -0.000626 3003.0
0.000597 -0.000626 3004.0
0.000597 -0.000626 3005.0
0.000598 -0.000626 3006.0
0.000598 -0.000626 3007.0
0.000598 -0.000625 3008.0
0.000598 -0.000625 3009.0
0.000599 -0.000625 3010.0
0.000599 -0.000625 3011.0
0.000599 -0.000625 3012.0
0.000599 -0.000625 3013.0
0.000600 -0.000626 3014.0
0.000600 -0.000626 3015.0
0.000600 -0.000626 3016.0
0.000601 -0.000626 3017.0
0.000601 -0.000626 3018.0
0.000601 -0.000626 3019.0
0.000601 -0.000626 3020.0
0.000602 -0.000626 3021.0
0.000602 -0.000626 3022.0
0.000602 -0.000626 3023.0
0.000603 -0.000626 3024.0
0.000603 -0.000626 3025.0
0.000603 -0.000626 3026.0
0.000603 -0.000626 3027.0
0.000604 -0.000626 3028.0
0.000604 -0.000627 3029.0
0.000604 -0.000627 3030.0
0.000604 -0.000627 3031.0
0.000605 -0.000627 3032.0
0.000605 -0.000627 3033.0
0.000605 -0.000627 3034.0
0.000606 -0.000627 3035.0
0.000606 -0.000627 3036.0
0.000606 -0.000627 3037.0
0.000606 -0.000627 3038.0
0.000607 -0.000627 3039.0
0.000607 -0.000627 3040.0
0.000607 -0.000627 3041.0
0.000608 -0.000627 3042.0
0.000608 -0.000627 3043.0
0.000608 -0.000628 3044.0
0.000608 -0.000628 3045.0
0.000609 -0.000628 3046.0
0.000609 -0.000628 3047.0
0.000609 -0.000628 3048.0
0.000610 -0.000628 3049.0
0.000610 -0.000628 3050.0
0.000610 -0.000628 3051.0
0.000610 -0.000628 3052.0
0.000611 -0.000628 3053.0
0.000611 -0.000628 3054.0
0.000611 -0.000628 3055.0
0.000612 -0.000628 3056.0
0.000612 -0.000628 3057.0
0.000612 -0.000628 3058.0
0.000612 -0.000628 3059.0
0.000613 -0.000629 3060.0
0.000613 -0.000629 3061.0
0.000613 -0.000629 3062.0
0.000613 -0.000629 3063.0
0.000614 -0.000629 3064.0
0.000614 -0.000629 3065.0
0.000614 -0.000629 3066.0
0.000615 -0.000629 3067.0
0.000615 -0.000628 3068.0
0.000615 -0.000628 3069.0
0.000615 -0.000629 3070.0
0.000615 -0.000629 3071.0
0.000615 -0.000629 3072.0
0.000615 -0.000629 3073.0
0.000615 -0.000629 3074.0
0.000615 -0.000630 3075.0
0.000615 -0.000630 3076.0
0.000615 -0.000630 3077.0
0.000615 -0.000630 3078.0
0.000615 -0.000630 3079.0
0.000615 -0.000630 3080.0
0.000615 -0.000631 3081.0
0.000614 -0.000631 3082.0
0.000614 -0.000631 3083.0
0.000614 -0.000631 3084.0
0.000614 -0.000631 3085.0
0.000614 -0.000632 3086.0
0.000614 -0.000632 3087.0
0.000614 -0.000632 3088.0
0.000614 -0.000632 3089.0
0.000614 -0.000632 3090.0
0.000614 -0.000632 3091.0
0.000614 -0.000633 3092.0
0.000614 -0.000633 3093.0
0.000614 -0.000633 3094.0
0.000614 -0.000633 3095.0
0.000614 -0.000633 3096.0
0.000614 -0.000634 3097.0
0.000614 -0.000634 3098.0
0.000614 -0.000634 3099.0
0.000614 -0.000634 3100.0
0.000614 -0.000634 3101.0
0.000614 -0.000635 3102.0
0.000614 -0.000635 3103.0
0.000614 -0.000635 3104.0
0.000614 -0.000635 3105.0
0.000614 -0.000635 3106.0
0.000614 -0.000635 3107.0
0.000614 -0.000636 3108.0
0.000614 -0.000636 3109.0
0.000614 -0.000636 3110.0
0.000614 -0.000636 3111.0
0.000614 -0.000636 3112.0
0.000614 -0.000637 3113.0
0.000614 -0.000637 3114.0
0.000614 -0.000637 3115.0
0.000614 -0.000637 3116.0
0.000614 -0.000637 3117.0
0.000614 -0.000637 3118.0
0.000614 -0.000638 3119.0
0.000614 -0.000638 3120.0
0.000614 -0.000638 3121.0
0.000614 -0.000638 3122.0
0.000614 -0.000638 3123.0
0.000614 -0.000639 3124.0
0.000614 -0.000639 3125.0
0.000614 -0.000639 3126.0
0.000614 -0.000639 3127.0
0.000614 -0.000639 3128.0
0.000614 -0.000639 3129.0
0.000613 -0.000640 3130.0
0.000613 -0.000641 3131.0
0.000613 -0.000641 3132.0
0.000613 -0.000642 3133.0
0.000613 -0.000643 3134.0
0.000613 -0.000644 3135.0
0.000613 -0.000644 3136.0
0.000613 -0.000645 3137.0
0.000613 -0.000646 3138.0
0.000613 -0.000646 3139.0
0.000613 -0.000647 3140.0
0.000613 -0.000648 3141.0
0.000613 -0.000649 3142.0
0.000613 -0.000649 3143.0
0.000612 -0.000650 3144.0
0.000612 -0.000651 3145.0
0.000612 -0.000651 3146.0
0.000612 -0.000652 3147.0
0.000612 -0.000653 3148.0
0.000612 -0.000654 3149.0
0.000612 -0.000654 3150.0
0.000612 -0.000655 3151.0
0.000612 -0.000656 3152.0
0.000612 -0.000656 3153.0
0.000612 -0.000657 3154.0
0.000612 -0.000658 3155.0
0.000612 -0.000659 3156.0
0.000612 -0.000659 3157.0
0.000611 -0.000660 3158.0
0.000611 -0.000661 3159.0
0.000611 -0.000661 3160.0
0.000611 -0.000662 3161.0
0.000611 -0.000663 3162.0
0.000611 -0.000664 3163.0
0.000611 -0.000664 3164.0
0.000611 -0.000665 3165.0
0.000611 -0.000666 3166.0
0.000611 -0.000666 3167.0
0.000611 -0.000667 3168.0
0.000611 -0.000668 3169.0
0.000611 -0.000669 3170.0
0.000611 -0.000669 3171.0
0.000610 -0.000670 3172.0
0.000610 -0.000671 3173.0
0.000610 -0.000671 3174.0
0.000610 -0.000672 3175.0
0.000610 -0.000673 3176.0
0.000610 -0.000674 3177.0
0.000610 -0.000674 3178.0
0.000610 -0.000675 3179.0
0.000610 -0.000676 3180.0
0.000610 -0.000676 3181.0
0.000610 -0.000677 3182.0
0.000610 -0.000678 3183.0
0.000610 -0.000679 3184.0
0.000610 -0.000679 3185.0
0.000609 -0.000680 3186.0
0.000609 -0.000681 3187.0
0.000609 -0.000681 3188.0
0.000609 -0.000682 3189.0
0.000608 -0.000682 3190.0
0.000608 -0.000683 3191.0
0.000608 -0.000684 3192.0
0.000608 -0.000685 3193.0
0.000608 -0.000686 3194.0
0.000608 -0.000687 3195.0
0.000608 -0.000688 3196.0
0.000607 -0.000689 3197.0
0.000607 -0.000690 3198.0
0.000607 -0.000692 3199.0
0.000607 -0.000693 3200.0
0.000607 -0.000694 3201.0
0.000607 -0.000695 3202.0
0.000607 -0.000696 3203.0
0.000607 -0.000697 3204.0
0.000607 -0.000698 3205.0
0.000606 -0.000699 3206.0
0.000606 -0.000700 3207.0
0.000606 -0.000701 3208.0
0.000606 -0.000702 3209.0
0.000606 -0.000703 3210.0
0.000606 -0.000704 3211.0
0.000606 -0.000705 3212.0
0.000606 -0.000706 3213.0
0.000606 -0.000708 3214.0
0.000605 -0.000709 3215.0
0.000605 -0.000710 3216.0
0.000605 -0.000711 3217.0
0.000605 -0.000712 3218.0
0.000605 -0.000713 3219.0
0.000605 -0.000714 3220.0
0.000605 -0.000715 3221.0
0.000605 -0.000716 3222.0
0.000605 -0.000717 3223.0
0.000604 -0.000718 3224.0
0.000604 -0.000719 3225.0
0.000604 -0.000720 3226.0
0.000604 -0.000721 3227.0
0.000604 -0.000722 3228.0
0.000604 -0.000724 3229.0
0.000604 -0.000725 3230.0
0.000604 -0.000726 3231.0
0.000604 -0.000727 3232.0
0.000603 -0.000728 3233.0
0.000603 -0.000729 3234.0
0.000603 -0.000730 3235.0
0.000603 -0.000731 3236.0
0.000603 -0.000732 3237.0
0.000603 -0.000733 3238.0
0.000603 -0.000734 3239.0
0.000603 -0.000735 3240.0
0.000603 -0.000736 3241.0
0.000603 -0.000737 3242.0
0.000602 -0.000739 3243.0
0.000602 -0.000740 3244.0
0.000602 -0.000741 3245.0
0.000602 -0.000742 3246.0
0.000602 -0.000743 3247.0
0.000602 -0.000744 3248.0
0.000602 -0.000745 3249.0
0.000602 -0.000746 3250.0
0.000600 -0.000746 3251.0
0.000600 -0.000746 3252.0
0.000599 -0.000746 3253.0
0.000599 -0.000747 3254.0
0.000599 -0.000747 3255.0
0.000599 -0.000747 3256.0
0.000599 -0.000748 3257.0
0.000598 -0.000748 3258.0
0.000598 -0.000749 3259.0
0.000598 -0.000749 3260.0
0.000598 -0.000749 3261.0
0.000597 -0.000750 3262.0
0.000597 -0.000750 3263.0
0.000597 -0.000750 3264.0
0.000597 -0.000751 3265.0
0.000596 -0.000751 3266.0
0.000596 -0.000751 3267.0
0.000596 -0.000752 3268.0
0.000596 -0.000752 3269.0
0.000595 -0.000753 3270.0
0.000595 -0.000753 3271.0
0.000595 -0.000753 3272.0
0.000595 -0.000754 3273.0
0.000594 -0.000754 3274.0
0.000594 -0.000754 3275.0
0.000594 -0.000755 3276.0
0.000594 -0.000755 3277.0
0.000593 -0.000754 3278.0
0.000593 -0.000754 3279.0
0.000593 -0.000754 3280.0
0.000593 -0.000754 3281.0
0.000593 -0.000754 3282.0
0.000593 -0.000754 3283.0
0.000593 -0.000754 3284.0
0.000593 -0.000753 3285.0
0.000593 -0.000753 3286.0
0.000593 -0.000753 3287.0
0.000593 -0.000753 3288.0
0.000593 -0.000753 3289.0
0.000593 -0.000753 3290.0
0.000593 -0.000753 3291.0
0.000593 -0.000753 3292.0
0.000592 -0.000753 3293.0
0.000592 -0.000752 3294.0
0.000592 -0.000752 3295.0
0.000592 -0.000752 3296.0
0.000592 -0.000752 3297.0
0.000592 -0.000752 3298.0
0.000592 -0.000752 3299.0
0.000592 -0.000752 3300.0
0.000592 -0.000752 3301.0
0.000592 -0.000751 3302.0
0.000592 -0.000751 3303.0
0.000592 -0.000751 3304.0
0.000592 -0.000751 3305.0
0.000592 -0.000751 3306.0
0.000592 -0.000750 3307.0
0.000592 -0.000750 3308.0
0.000592 -0.000749 3309.0
0.000592 -0.000749 3310.0
0.000592 -0.000748 3311.0
0.000592 -0.000748 3312.0
0.000592 -0.000747 3313.0
0.000592 -0.000747 3314.0
0.000592 -0.000746 3315.0
0.000592 -0.000745 3316.0
0.000593 -0.000745 3317.0
0.000593 -0.000744 3318.0
0.000593 -0.000744 3319.0
0.000593 -0.000743 3320.0
0.000593 -0.000743 3321.0
0.000593 -0.000742 3322.0
0.000593 -0.000742 3323.0
0.000593 -0.000741 3324.0
0.000593 -0.000741 3325.0
0.000593 -0.000740 3326.0
0.000593 -0.000740 3327.0
0.000593 -0.000739 3328.0
0.000593 -0.000739 3329.0
0.000593 -0.000738 3330.0
0.000593 -0.000737 3331.0
0.000593 -0.000737 3332.0
0.000593 -0.000736 3333.0
0.000593 -0.000736 3334.0
0.000593 -0.000735 3335.0
0.000594 -0.000735 3336.0
0.000594 -0.000734 3337.0
0.000594 -0.000734 3338.0
0.000594 -0.000733 3339.0
0.000594 -0.000733 3340.0
0.000594 -0.000732 3341.0
0.000594 -0.000732 3342.0
0.000594 -0.000731 3343.0
0.000594 -0.000731 3344.0
0.000594 -0.000730 3345.0
0.000594 -0.000729 3346.0
0.000594 -0.000729 3347.0
0.000594 -0.000728 3348.0
0.000594 -0.000728 3349.0
0.000594 -0.000727 3350.0
0.000594 -0.000727 3351.0
0.000594 -0.000726 3352.0
0.000594 -0.000726 3353.0
0.000594 -0.000725 3354.0
0.000595 -0.000725 3355.0
0.000595 -0.000724 3356.0
0.000595 -0.000724 3357.0
0.000595 -0.000723 3358.0
0.000595 -0.000723 3359.0
0.000595 -0.000722 3360.0
0.000595 -0.000722 3361.0
0.000595 -0.000721 3362.0
0.000595 -0.000720 3363.0
0.000595 -0.000720 3364.0
0.000596 -0.000720 3365.0
0.000596 -0.000719 3366.0
0.000596 -0.000718 3367.0
0.000596 -0.000717 3368.0
0.000596 -0.000717 3369.0
0.000596 -0.000716 3370.0
0.000596 -0.000715 3371.0
0.000596 -0.000714 3372.0
0.000597 -0.000713 3373.0
0.000597 -0.000712 3374.0
0.000597 -0.000711 3375.0
0.000597 -0.000711 3376.0
0.000597 -0.000710 3377.0
0.000597 -0.000709 3378.0
0.000597 -0.000708 3379.0
0.000597 -0.000707 3380.0
0.000597 -0.000706 3381.0
0.000597 -0.000705 3382.0
0.000597 -0.000705 3383.0
0.000598 -0.000704 3384.0
0.000598 -0.000703 3385.0
0.000598 -0.000702 3386.0
0.000598 -0.000701 3387.0
0.000598 -0.000700 3388.0
0.000598 -0.000699 3389.0
0.000598 -0.000699 3390.0
0.000598 -0.000698 3391.0
0.000598 -0.000697 3392.0
0.000598 -0.000696 3393.0
0.000598 -0.000695 3394.0
0.000599 -0.000694 3395.0
0.000599 -0.000693 3396.0
0.000599 -0.000693 3397.0
0.000599 -0.000692 3398.0
0.000599 -0.000691 3399.0
0.000599 -0.000690 3400.0
0.000599 -0.000689 3401.0
0.000599 -0.000688 3402.0
0.000599 -0.000687 3403.0
0.000599 -0.000687 3404.0
0.000599 -0.000686 3405.0
0.000600 -0.000685 3406.0
0.000600 -0.000684 3407.0
0.000600 -0.000683 3408.0
0.000600 -0.000682 3409.0
0.000600 -0.000681 3410.0
0.000600 -0.000681 3411.0
0.000600 -0.000680 3412.0
0.000600 -0.000679 3413.0
0.000600 -0.000678 3414.0
0.000600 -0.000677 3415.0
0.000600 -0.000676 3416.0
0.000601 -0.000675 3417.0
0.000601 -0.000675 3418.0
0.000601 -0.000674 3419.0
0.000601 -0.000673 3420.0
0.000601 -0.000672 3421.0
0.000601 -0.000671 3422.0
0.000601 -0.000670 3423.0
0.000601 -0.000669 3424.0
0.000601 -0.000669 3425.0
0.000603 -0.000669 3426.0
0.000602 -0.000668 3427.0
0.000602 -0.000668 3428.0
0.000601 -0.000667 3429.0
0.000601 -0.000667 3430.0
0.000600 -0.000666 3431.0
0.000600 -0.000665 3432.0
0.000600 -0.000665 3433.0
0.000599 -0.000664 3434.0
0.000599 -0.000664 3435.0
0.000598 -0.000663 3436.0
0.000598 -0.000662 3437.0
0.000597 -0.000662 3438.0
0.000597 -0.000661 3439.0
0.000597 -0.000661 3440.0
0.000596 -0.000660 3441.0
0.000596 -0.000660 3442.0
0.000595 -0.000659 3443.0
0.000595 -0.000658 3444.0
0.000594 -0.000658 3445.0
0.000594 -0.000657 3446.0
0.000594 -0.000657 3447.0
0.000593 -0.000656 3448.0
0.000593 -0.000656 3449.0
0.000592 -0.000655 3450.0
0.000592 -0.000654 3451.0
0.000591 -0.000654 3452.0
0.000591 -0.000653 3453.0
0.000590 -0.000653 3454.0
0.000590 -0.000652 3455.0
0.000590 -0.000652 3456.0
0.000589 -0.000651 3457.0
0.000589 -0.000650 3458.0
0.000588 -0.000650 3459.0
0.000588 -0.000649 3460.0
0.000587 -0.000649 3461.0
0.000587 -0.000648 3462.0
0.000587 -0.000648 3463.0
0.000586 -0.000647 3464.0
0.000586 -0.000646 3465.0
0.000585 -0.000646 3466.0
0.000585 -0.000645 3467.0
0.000584 -0.000645 3468.0
0.000584 -0.000644 3469.0
0.000584 -0.000643 3470.0
0.000583 -0.000643 3471.0
0.000583 -0.000642 3472.0
0.000582 -0.000642 3473.0
0.000582 -0.000641 3474.0
0.000581 -0.000641 3475.0
0.000581 -0.000640 3476.0
0.000580 -0.000639 3477.0
0.000580 -0.000639 3478.0
0.000580 -0.000638 3479.0
0.000579 -0.000638 3480.0
0.000579 -0.000637 3481.0
0.000578 -0.000637 3482.0
0.000578 -0.000636 3483.0
0.000577 -0.000635 3484.0
0.000577 -0.000635 3485.0
0.000574 -0.000639 3486.0
0.000574 -0.000637 3487.0
0.000574 -0.000635 3488.0
0.000573 -0.000633 3489.0
0.000573 -0.000632 3490.0
0.000573 -0.000630 3491.0
0.000573 -0.000628 3492.0
0.000573 -0.000626 3493.0
0.000572 -0.000624 3494.0
0.000572 -0.000623 3495.0
0.000572 -0.000621 3496.0
0.000572 -0.000619 3497.0
0.000571 -0.000617 3498.0
0.000571 -0.000615 3499.0
0.000571 -0.000614 3500.0
0.000571 -0.000612 3501.0
0.000571 -0.000610 3502.0
0.000570 -0.000608 3503.0
0.000570 -0.000607 3504.0
0.000570 -0.000605 3505.0
0.000570 -0.000603 3506.0
0.000569 -0.000601 3507.0
0.000569 -0.000599 3508.0
0.000569 -0.000598 3509.0
0.000569 -0.000596 3510.0
0.000569 -0.000594 3511.0
0.000568 -0.000592 3512.0
0.000568 -0.000590 3513.0
0.000568 -0.000589 3514.0
0.000568 -0.000587 3515.0
0.000567 -0.000585 3516.0
0.000567 -0.000583 3517.0
0.000567 -0.000581 3518.0
0.000567 -0.000580 3519.0
0.000567 -0.000578 3520.0
0.000566 -0.000576 3521.0
0.000566 -0.000574 3522.0
0.000566 -0.000573 3523.0
0.000564 -0.000573 3524.0
0.000563 -0.000572 3525.0
0.000563 -0.000570 3526.0
0.000562 -0.000569 3527.0
0.000561 -0.000568 3528.0
0.000561 -0.000567 3529.0
0.000560 -0.000565 3530.0
0.000560 -0.000564 3531.0
0.000559 -0.000563 3532.0
0.000558 -0.000562 3533.0
0.000558 -0.000560 3534.0
0.000557 -0.000559 3535.0
0.000556 -0.000558 3536.0
0.000556 -0.000557 3537.0
0.000555 -0.000555 3538.0
0.000555 -0.000554 3539.0
0.000554 -0.000553 3540.0
0.000553 -0.000552 3541.0
0.000553 -0.000550 3542.0
0.000552 -0.000549 3543.0
0.000552 -0.000548 3544.0
0.000551 -0.000547 3545.0
0.000550 -0.000545 3546.0
0.000550 -0.000544 3547.0
0.000549 -0.000543 3548.0
0.000548 -0.000542 3549.0
0.000548 -0.000540 3550.0
0.000547 -0.000539 3551.0
0.000547 -0.000538 3552.0
0.000546 -0.000537 3553.0
0.000545 -0.000535 3554.0
0.000545 -0.000534 3555.0
0.000544 -0.000533 3556.0
0.000543 -0.000532 3557.0
0.000543 -0.000530 3558.0
0.000542 -0.000529 3559.0
0.000542 -0.000528 3560.0
0.000541 -0.000527 3561.0
0.000540 -0.000525 3562.0
0.000540 -0.000524 3563.0
0.000539 -0.000523 3564.0
0.000539 -0.000522 3565.0
0.000538 -0.000520 3566.0
0.000537 -0.000519 3567.0
0.000537 -0.000518 3568.0
0.000536 -0.000517 3569.0
0.000535 -0.000515 3570.0
0.000535 -0.000514 3571.0
0.000534 -0.000513 3572.0
0.000534 -0.000512 3573.0
0.000533 -0.000510 3574.0
0.000532 -0.000509 3575.0
0.000532 -0.000508 3576.0
0.000531 -0.000507 3577.0
0.000530 -0.000505 3578.0
0.000530 -0.000504 3579.0
0.000529 -0.000503 3580.0
0.000529 -0.000502 3581.0
0.000528 -0.000500 3582.0
0.000527 -0.000499 3583.0
0.000521 -0.000504 3584.0
