0.000647 -0.000562 49.0
0.000647 -0.000562 50.0
0.000647 -0.000561 51.0
0.000648 -0.000561 52.0
0.000648 -0.000561 53.0
0.000648 -0.000560 54.0
0.000649 -0.000560 55.0
0.000649 -0.000559 56.0
0.000649 -0.000559 57.0
0.000649 -0.000558 58.0
0.000650 -0.000558 59.0
0.000650 -0.000557 60.0
0.000650 -0.000557 61.0
0.000651 -0.000557 62.0
0.000651 -0.000556 63.0
0.000651 -0.000556 64.0
0.000651 -0.000555 65.0
0.000652 -0.000555 66.0
0.000652 -0.000554 67.0
0.000652 -0.000554 68.0
0.000652 -0.000554 69.0
0.000653 -0.000553 70.0
0.000653 -0.000553 71.0
0.000653 -0.000552 72.0
0.000654 -0.000552 73.0
0.000654 -0.000551 74.0
0.000654 -0.000551 75.0
0.000654 -0.000551 76.0
0.000655 -0.000550 77.0
0.000655 -0.000550 78.0
0.000655 -0.000549 79.0
0.000656 -0.000549 80.0
0.000656 -0.000548 81.0
0.000656 -0.000548 82.0
0.000656 -0.000547 83.0
0.000657 -0.000547 84.0
0.000657 -0.000547 85.0
0.000657 -0.000546 86.0
0.000657 -0.000546 87.0
0.000658 -0.000545 88.0
0.000658 -0.000545 89.0
0.000658 -0.000544 90.0
0.000659 -0.000544 91.0
0.000659 -0.000544 92.0
0.000659 -0.000543 93.0
0.000659 -0.000543 94.0
0.000660 -0.000542 95.0
0.000660 -0.000542 96.0
0.000660 -0.000541 97.0
0.000661 -0.000541 98.0
0.000661 -0.000541 99.0
0.000661 -0.000540 100.0
0.000661 -0.000540 101.0
0.000662 -0.000539 102.0
0.000662 -0.000539 103.0
0.000662 -0.000538 104.0
0.000662 -0.000538 105.0
0.000663 -0.000537 106.0
0.000663 -0.000537 107.0
0.000663 -0.000537 108.0
0.000664 -0.000536 109.0
0.000664 -0.000536 110.0
0.000664 -0.000535 111.0
0.000664 -0.000535 112.0
0.000665 -0.000534 113.0
0.000667 -0.000537 114.0
0.000667 -0.000537 115.0
0.000668 -0.000536 116.0
0.000668 -0.000536 117.0
0.000668 -0.000535 118.0
0.000668 -0.000535 119.0
0.000669 -0.000535 120.0
0.000669 -0.000534 121.0
0.000669 -0.000534 122.0
0.000670 -0.000533 123.0
0.000670 -0.000533 124.0
0.000670 -0.000532 125.0
0.000670 -0.000532 126.0
0.000671 -0.000531 127.0
0.000671 -0.000531 128.0
0.000671 -0.000531 129.0
0.000671 -0.000530 130.0
0.000672 -0.000530 131.0
0.000672 -0.000529 132.0
0.000672 -0.000529 133.0
0.000673 -0.000528 134.0
0.000673 -0.000528 135.0
0.000673 -0.000528 136.0
0.000673 -0.000527 137.0
0.000674 -0.000527 138.0
0.000674 -0.000526 139.0
0.000674 -0.000526 140.0
0.000674 -0.000525 141.0
0.000675 -0.000525 142.0
0.000675 -0.000525 143.0
0.000675 -0.000524 144.0
0.000676 -0.000524 145.0
0.000676 -0.000523 146.0
0.000676 -0.000523 147.0
0.000676 -0.000522 148.0
0.000677 -0.000522 149.0
0.000677 -0.000521 150.0
0.000677 -0.000521 151.0
0.000677 -0.000521 152.0
0.000678 -0.000520 153.0
0.000678 -0.000520 154.0
0.000678 -0.000519 155.0
0.000678 -0.000519 156.0
0.000679 -0.000518 157.0
0.000679 -0.000518 158.0
0.000679 -0.000518 159.0
0.000680 -0.000517 160.0
0.000680 -0.000517 161.0
0.000680 -0.000516 162.0
0.000680 -0.000516 163.0
0.000681 -0.000515 164.0
0.000681 -0.000515 165.0
0.000681 -0.000514 166.0
0.000681 -0.000514 167.0
0.000682 -0.000514 168.0
0.000682 -0.000513 169.0
0.000684 -0.000515 170.0
0.000684 -0.000515 171.0
0.000685 -0.000515 172.0
0.000685 -0.000514 173.0
0.000685 -0.000514 174.0
0.000685 -0.000514 175.0
0.000685 -0.000513 176.0
0.000686 -0.000513 177.0
0.000686 -0.000513 178.0
0.000686 -0.000512 179.0
0.000686 -0.000512 180.0
0.000687 -0.000512 181.0
0.000687 -0.000511 182.0
0.000687 -0.000511 183.0
0.000687 -0.000510 184.0
0.000688 -0.000510 185.0
0.000688 -0.000510 186.0
0.000688 -0.000509 187.0
0.000688 -0.000509 188.0
0.000688 -0.000509 189.0
0.000689 -0.000508 190.0
0.000689 -0.000508 191.0
0.000689 -0.000508 192.0
0.000689 -0.000507 193.0
0.000690 -0.000507 194.0
0.000690 -0.000507 195.0
0.000690 -0.000506 196.0
0.000690 -0.000506 197.0
0.000691 -0.000505 198.0
0.000691 -0.000505 199.0
0.000691 -0.000505 200.0
0.000691 -0.000504 201.0
0.000692 -0.000504 202.0
0.000692 -0.000504 203.0
0.000692 -0.000503 204.0
0.000692 -0.000503 205.0
0.000692 -0.000503 206.0
0.000693 -0.000502 207.0
0.000693 -0.000502 208.0
0.000693 -0.000502 209.0
0.000693 -0.000501 210.0
0.000694 -0.000501 211.0
0.000694 -0.000501 212.0
0.000694 -0.000500 213.0
0.000694 -0.000500 214.0
0.000695 -0.000499 215.0
0.000695 -0.000499 216.0
0.000695 -0.000499 217.0
0.000696 -0.000500 218.0
0.000696 -0.000500 219.0
0.000696 -0.000500 220.0
0.000696 -0.000500 221.0
0.000696 -0.000500 222.0
0.000696 -0.000500 223.0
0.000696 -0.000500 224.0
0.000696 -0.000500 225.0
0.000696 -0.000500 226.0
0.000696 -0.000501 227.0
0.000696 -0.000501 228.0
0.000696 -0.000501 229.0
0.000696 -0.000501 230.0
0.000696 -0.000501 231.0
0.000696 -0.000501 232.0
0.000696 -0.000501 233.0
0.000696 -0.000501 234.0
0.000696 -0.000501 235.0
0.000696 -0.000501 236.0
0.000697 -0.000501 237.0
0.000697 -0.000501 238.0
0.000697 -0.000501 239.0
0.000697 -0.000501 240.0
0.000697 -0.000501 241.0
0.000697 -0.000501 242.0
0.000697 -0.000501 243.0
0.000697 -0.000501 244.0
0.000697 -0.000501 245.0
0.000697 -0.000501 246.0
0.000697 -0.000501 247.0
0.000697 -0.000501 248.0
0.000697 -0.000501 249.0
0.000697 -0.000501 250.0
0.000697 -0.000501 251.0
0.000697 -0.000501 252.0
0.000697 -0.000501 253.0
0.000697 -0.000501 254.0
0.000697 -0.000501 255.0
0.000697 -0.000501 256.0
0.000697 -0.000501 257.0
0.000697 -0.000501 258.0
0.000697 -0.000501 259.0
0.000697 -0.000501 260.0
0.000697 -0.000501 261.0
0.000697 -0.000501 262.0
0.000697 -0.000501 263.0
0.000697 -0.000501 264.0
0.000697 -0.000501 265.0
0.000697 -0.000501 266.0
0.000697 -0.000501 267.0
0.000697 -0.000501 268.0
0.000697 -0.000501 269.0
0.000697 -0.000501 270.0
0.000697 -0.000501 271.0
0.000697 -0.000501 272.0
0.000697 -0.000501 273.0
0.000697 -0.000501 274.0
0.000697 -0.000501 275.0
0.000697 -0.000501 276.0
0.000697 -0.000501 277.0
0.000698 -0.000501 278.0
0.000698 -0.000501 279.0
0.000698 -0.000501 280.0
0.000698 -0.000501 281.0
0.000698 -0.000501 282.0
0.000698 -0.000501 283.0
0.000698 -0.000501 284.0
0.000698 -0.000501 285.0
0.000698 -0.000501 286.0
0.000698 -0.000501 287.0
0.000698 -0.000501 288.0
0.000698 -0.000501 289.0
0.000698 -0.000501 290.0
0.000698 -0.000501 291.0
0.000698 -0.000501 292.0
0.000698 -0.000501 293.0
0.000698 -0.000501 294.0
0.000698 -0.000501 295.0
0.000698 -0.000501 296.0
0.000698 -0.000501 297.0
0.000698 -0.000501 298.0
0.000698 -0.000501 299.0
0.000698 -0.000500 300.0
0.000698 -0.000500 301.0
0.000698 -0.000500 302.0
0.000698 -0.000500 303.0
0.000698 -0.000500 304.0
0.000698 -0.000500 305.0
0.000698 -0.000500 306.0
0.000698 -0.000499 307.0
0.000698 -0.000499 308.0
0.000698 -0.000499 309.0
0.000699 -0.000499 310.0
0.000699 -0.000499 311.0
0.000699 -0.000499 312.0
0.000699 -0.000499 313.0
0.000699 -0.000498 314.0
0.000699 -0.000498 315.0
0.000699 -0.000498 316.0
0.000699 -0.000498 317.0
0.000699 -0.000498 318.0
0.000699 -0.000498 319.0
0.000699 -0.000498 320.0
0.000699 -0.000498 321.0
0.000699 -0.000497 322.0
0.000699 -0.000497 323.0
0.000700 -0.000497 324.0
0.000700 -0.000497 325.0
0.000700 -0.000497 326.0
0.000700 -0.000497 327.0
0.000700 -0.000497 328.0
0.000700 -0.000496 329.0
0.000700 -0.000496 330.0
0.000700 -0.000496 331.0
0.000700 -0.000496 332.0
0.000700 -0.000496 333.0
0.000700 -0.000496 334.0
0.000700 -0.000496 335.0
0.000700 -0.000495 336.0
0.000700 -0.000495 337.0
0.000701 -0.000495 338.0
0.000701 -0.000495 339.0
0.000701 -0.000495 340.0
0.000701 -0.000495 341.0
0.000701 -0.000495 342.0
0.000701 -0.000494 343.0
0.000701 -0.000494 344.0
0.000701 -0.000494 345.0
0.000701 -0.000494 346.0
0.000701 -0.000494 347.0
0.000701 -0.000494 348.0
0.000701 -0.000494 349.0
0.000701 -0.000494 350.0
0.000701 -0.000493 351.0
0.000702 -0.000493 352.0
0.000702 -0.000493 353.0
0.000702 -0.000493 354.0
0.000702 -0.000493 355.0
0.000702 -0.000493 356.0
0.000702 -0.000493 357.0
0.000702 -0.000492 358.0
0.000702 -0.000492 359.0
0.000702 -0.000492 360.0
0.000702 -0.000492 361.0
0.000702 -0.000492 362.0
0.000702 -0.000492 363.0
0.000703 -0.000492 364.0
0.000703 -0.000492 365.0
0.000703 -0.000492 366.0
0.000703 -0.000492 367.0
0.000703 -0.000492 368.0
0.000703 -0.000492 369.0
0.000703 -0.000491 370.0
0.000702 -0.000491 371.0
0.000702 -0.000491 372.0
0.000702 -0.000491 373.0
0.000702 -0.000491 374.0
0.000702 -0.000491 375.0
0.000702 -0.000491 376.0
0.000702 -0.000490 377.0
0.000702 -0.000490 378.0
0.000702 -0.000490 379.0
0.000702 -0.000490 380.0
0.000702 -0.000490 381.0
0.000702 -0.000490 382.0
0.000702 -0.000489 383.0
0.000702 -0.000489 384.0
0.000701 -0.000489 385.0
0.000701 -0.000489 386.0
0.000701 -0.000489 387.0
0.000701 -0.000489 388.0
0.000701 -0.000489 389.0
0.000701 -0.000488 390.0
0.000701 -0.000488 391.0
0.000701 -0.000488 392.0
0.000701 -0.000488 393.0
0.000701 -0.000488 394.0
0.000701 -0.000488 395.0
0.000701 -0.000487 396.0
0.000701 -0.000487 397.0
0.000700 -0.000487 398.0
0.000700 -0.000487 399.0
0.000700 -0.000487 400.0
0.000700 -0.000487 401.0
0.000700 -0.000487 402.0
0.000700 -0.000486 403.0
0.000700 -0.000486 404.0
0.000700 -0.000486 405.0
0.000700 -0.000486 406.0
0.000700 -0.000486 407.0
0.000700 -0.000486 408.0
0.000700 -0.000485 409.0
0.000700 -0.000485 410.0
0.000699 -0.000485 411.0
0.000699 -0.000485 412.0
0.000699 -0.000485 413.0
0.000699 -0.000485 414.0
0.000699 -0.000484 415.0
0.000699 -0.000484 416.0
0.000699 -0.000484 417.0
0.000699 -0.000484 418.0
0.000698 -0.000485 419.0
0.000698 -0.000485 420.0
0.000697 -0.000486 421.0
0.000696 -0.000487 422.0
0.000696 -0.000488 423.0
0.000695 -0.000489 424.0
0.000695 -0.000489 425.0
0.000694 -0.000490 426.0
0.000693 -0.000491 427.0
0.000693 -0.000492 428.0
0.000692 -0.000493 429.0
0.000692 -0.000493 430.0
0.000691 -0.000494 431.0
0.000690 -0.000495 432.0
0.000690 -0.000496 433.0
0.000689 -0.000497 434.0
0.000688 -0.000497 435.0
0.000688 -0.000498 436.0
0.000687 -0.000499 437.0
0.000687 -0.000500 438.0
0.000686 -0.000501 439.0
0.000685 -0.000501 440.0
0.000685 -0.000502 441.0
0.000684 -0.000503 442.0
0.000684 -0.000504 443.0
0.000683 -0.000505 444.0
0.000682 -0.000505 445.0
0.000682 -0.000506 446.0
0.000681 -0.000507 447.0
0.000680 -0.000508 448.0
0.000680 -0.000509 449.0
0.000679 -0.000509 450.0
0.000679 -0.000510 451.0
0.000678 -0.000511 452.0
0.000677 -0.000512 453.0
0.000677 -0.000513 454.0
0.000676 -0.000513 455.0
0.000676 -0.000514 456.0
0.000675 -0.000515 457.0
0.000674 -0.000516 458.0
0.000674 -0.000517 459.0
0.000673 -0.000517 460.0
0.000672 -0.000518 461.0
0.000672 -0.000519 462.0
0.000671 -0.000520 463.0
0.000671 -0.000521 464.0
0.000670 -0.000521 465.0
0.000669 -0.000522 466.0
0.000669 -0.000523 467.0
0.000668 -0.000524 468.0
0.000668 -0.000525 469.0
0.000667 -0.000525 470.0
0.000666 -0.000526 471.0
0.000666 -0.000527 472.0
0.000665 -0.000528 473.0
0.000664 -0.000529 474.0
0.000664 -0.000529 475.0
0.000663 -0.000530 476.0
0.000663 -0.000531 477.0
0.000662 -0.000532 478.0
0.000661 -0.000533 479.0
0.000657 -0.000527 480.0
0.000657 -0.000528 481.0
0.000656 -0.000529 482.0
0.000655 -0.000530 483.0
0.000654 -0.000531 484.0
0.000654 -0.000533 485.0
0.000653 -0.000534 486.0
0.000652 -0.000535 487.0
0.000652 -0.000536 488.0
0.000651 -0.000537 489.0
0.000650 -0.000538 490.0
0.000650 -0.000539 491.0
0.000649 -0.000540 492.0
0.000648 -0.000541 493.0
0.000648 -0.000542 494.0
0.000647 -0.000543 495.0
0.000646 -0.000544 496.0
0.000645 -0.000545 497.0
0.000645 -0.000547 498.0
0.000644 -0.000548 499.0
0.000643 -0.000549 500.0
0.000643 -0.000550 501.0
0.000642 -0.000551 502.0
0.000641 -0.000552 503.0
0.000641 -0.000553 504.0
0.000640 -0.000554 505.0
0.000639 -0.000555 506.0
0.000639 -0.000556 507.0
0.000638 -0.000557 508.0
0.000637 -0.000558 509.0
0.000636 -0.000560 510.0
0.000636 -0.000561 511.0
0.000635 -0.000562 512.0
0.000634 -0.000563 513.0
0.000634 -0.000564 514.0
0.000633 -0.000565 515.0
0.000632 -0.000566 516.0
0.000632 -0.000567 517.0
0.000631 -0.000568 518.0
0.000630 -0.000569 519.0
0.000630 -0.000570 520.0
0.000629 -0.000571 521.0
0.000628 -0.000573 522.0
0.000627 -0.000574 523.0
0.000627 -0.000575 524.0
0.000626 -0.000576 525.0
0.000625 -0.000577 526.0
0.000625 -0.000578 527.0
0.000624 -0.000579 528.0
0.000623 -0.000580 529.0
0.000623 -0.000581 530.0
0.000622 -0.000582 531.0
0.000621 -0.000583 532.0
0.000621 -0.000584 533.0
0.000620 -0.000585 534.0
0.000619 -0.000587 535.0
0.000618 -0.000588 536.0
0.000618 -0.000589 537.0
0.000617 -0.000590 538.0
0.000616 -0.000591 539.0
0.000616 -0.000592 540.0
0.000610 -0.000586 541.0
0.000610 -0.000586 542.0
0.000610 -0.000586 543.0
0.000609 -0.000587 544.0
0.000609 -0.000587 545.0
0.000609 -0.000588 546.0
0.000609 -0.000588 547.0
0.000608 -0.000588 548.0
0.000608 -0.000589 549.0
0.000608 -0.000589 550.0
0.000608 -0.000590 551.0
0.000607 -0.000590 552.0
0.000607 -0.000590 553.0
0.000607 -0.000591 554.0
0.000606 -0.000591 555.0
0.000606 -0.000591 556.0
0.000606 -0.000592 557.0
0.000606 -0.000592 558.0
0.000605 -0.000593 559.0
0.000605 -0.000593 560.0
0.000605 -0.000593 561.0
0.000605 -0.000594 562.0
0.000604 -0.000594 563.0
0.000604 -0.000595 564.0
0.000604 -0.000595 565.0
0.000604 -0.000595 566.0
0.000603 -0.000596 567.0
0.000603 -0.000596 568.0
0.000603 -0.000596 569.0
0.000603 -0.000597 570.0
0.000602 -0.000597 571.0
0.000602 -0.000598 572.0
0.000602 -0.000598 573.0
0.000602 -0.000598 574.0
0.000601 -0.000599 575.0
0.000601 -0.000599 576.0
0.000601 -0.000600 577.0
0.000601 -0.000600 578.0
0.000600 -0.000600 579.0
0.000600 -0.000601 580.0
0.000600 -0.000601 581.0
0.000600 -0.000602 582.0
0.000599 -0.000602 583.0
0.000599 -0.000602 584.0
0.000599 -0.000603 585.0
0.000599 -0.000603 586.0
0.000598 -0.000603 587.0
0.000598 -0.000604 588.0
0.000598 -0.000604 589.0
0.000598 -0.000605 590.0
0.000597 -0.000605 591.0
0.000597 -0.000605 592.0
0.000597 -0.000606 593.0
0.000597 -0.000606 594.0
0.000596 -0.000607 595.0
0.000596 -0.000607 596.0
0.000596 -0.000607 597.0
0.000596 -0.000608 598.0
0.000595 -0.000608 599.0
0.000595 -0.000608 600.0
0.000593 -0.000606 601.0
0.000593 -0.000607 602.0
0.000592 -0.000607 603.0
0.000592 -0.000608 604.0
0.000591 -0.000608 605.0
0.000591 -0.000609 606.0
0.000591 -0.000609 607.0
0.000590 -0.000610 608.0
0.000590 -0.000611 609.0
0.000589 -0.000611 610.0
0.000589 -0.000612 611.0
0.000589 -0.000612 612.0
0.000588 -0.000613 613.0
0.000588 -0.000613 614.0
0.000587 -0.000614 615.0
0.000587 -0.000614 616.0
0.000587 -0.000615 617.0
0.000586 -0.000615 618.0
0.000586 -0.000616 619.0
0.000585 -0.000616 620.0
0.000585 -0.000617 621.0
0.000585 -0.000617 622.0
0.000584 -0.000618 623.0
0.000584 -0.000619 624.0
0.000583 -0.000619 625.0
0.000583 -0.000620 626.0
0.000583 -0.000620 627.0
0.000582 -0.000621 628.0
0.000582 -0.000621 629.0
0.000581 -0.000622 630.0
0.000581 -0.000622 631.0
0.000581 -0.000623 632.0
0.000580 -0.000623 633.0
0.000580 -0.000624 634.0
0.000579 -0.000624 635.0
0.000579 -0.000625 636.0
0.000579 -0.000626 637.0
0.000578 -0.000626 638.0
0.000578 -0.000627 639.0
0.000577 -0.000627 640.0
0.000577 -0.000628 641.0
0.000577 -0.000628 642.0
0.000576 -0.000629 643.0
0.000576 -0.000629 644.0
0.000575 -0.000630 645.0
0.000575 -0.000630 646.0
0.000575 -0.000631 647.0
0.000574 -0.000631 648.0
0.000574 -0.000632 649.0
0.000573 -0.000632 650.0
0.000573 -0.000633 651.0
0.000573 -0.000634 652.0
0.000572 -0.000634 653.0
0.000572 -0.000635 654.0
0.000571 -0.000635 655.0
0.000571 -0.000636 656.0
0.000571 -0.000636 657.0
0.000570 -0.000637 658.0
0.000570 -0.000637 659.0
0.000569 -0.000638 660.0
0.000567 -0.000634 661.0
0.000567 -0.000635 662.0
0.000567 -0.000635 663.0
0.000567 -0.000636 664.0
0.000567 -0.000636 665.0
0.000566 -0.000637 666.0
0.000566 -0.000637 667.0
0.000566 -0.000638 668.0
0.000566 -0.000638 669.0
0.000566 -0.000639 670.0
0.000566 -0.000639 671.0
0.000566 -0.000639 672.0
0.000566 -0.000640 673.0
0.000566 -0.000640 674.0
0.000566 -0.000641 675.0
0.000566 -0.000641 676.0
0.000566 -0.000642 677.0
0.000566 -0.000642 678.0
0.000566 -0.000643 679.0
0.000566 -0.000643 680.0
0.000566 -0.000644 681.0
0.000566 -0.000644 682.0
0.000566 -0.000645 683.0
0.000566 -0.000645 684.0
0.000566 -0.000646 685.0
0.000566 -0.000646 686.0
0.000566 -0.000647 687.0
0.000566 -0.000647 688.0
0.000566 -0.000648 689.0
0.000566 -0.000648 690.0
0.000566 -0.000648 691.0
0.000566 -0.000649 692.0
0.000566 -0.000649 693.0
0.000566 -0.000650 694.0
0.000566 -0.000650 695.0
0.000566 -0.000651 696.0
0.000566 -0.000651 697.0
0.000566 -0.000652 698.0
0.000566 -0.000652 699.0
0.000566 -0.000653 700.0
0.000566 -0.000653 701.0
0.000566 -0.000654 702.0
0.000566 -0.000654 703.0
0.000566 -0.000655 704.0
0.000566 -0.000655 705.0
0.000566 -0.000656 706.0
0.000566 -0.000656 707.0
0.000566 -0.000657 708.0
0.000566 -0.000657 709.0
0.000566 -0.000657 710.0
0.000566 -0.000658 711.0
0.000565 -0.000658 712.0
0.000565 -0.000659 713.0
0.000565 -0.000659 714.0
0.000565 -0.000660 715.0
0.000565 -0.000660 716.0
0.000565 -0.000661 717.0
0.000565 -0.000661 718.0
0.000565 -0.000662 719.0
0.000565 -0.000662 720.0
0.000565 -0.000663 721.0
0.000565 -0.000663 722.0
0.000565 -0.000663 723.0
0.000564 -0.000664 724.0
0.000564 -0.000664 725.0
0.000564 -0.000665 726.0
0.000563 -0.000665 727.0
0.000563 -0.000666 728.0
0.000563 -0.000666 729.0
0.000563 -0.000667 730.0
0.000562 -0.000668 731.0
0.000562 -0.000668 732.0
0.000562 -0.000669 733.0
0.000561 -0.000669 734.0
0.000561 -0.000670 735.0
0.000561 -0.000670 736.0
0.000561 -0.000671 737.0
0.000560 -0.000671 738.0
0.000560 -0.000672 739.0
0.000560 -0.000672 740.0
0.000559 -0.000673 741.0
0.000559 -0.000673 742.0
0.000559 -0.000674 743.0
0.000558 -0.000675 744.0
0.000558 -0.000675 745.0
0.000558 -0.000676 746.0
0.000558 -0.000676 747.0
0.000557 -0.000677 748.0
0.000557 -0.000677 749.0
0.000557 -0.000678 750.0
0.000556 -0.000678 751.0
0.000556 -0.000679 752.0
0.000556 -0.000679 753.0
0.000556 -0.000680 754.0
0.000555 -0.000681 755.0
0.000555 -0.000681 756.0
0.000555 -0.000682 757.0
0.000554 -0.000682 758.0
0.000554 -0.000683 759.0
0.000554 -0.000683 760.0
0.000553 -0.000684 761.0
0.000553 -0.000684 762.0
0.000553 -0.000685 763.0
0.000553 -0.000685 764.0
0.000552 -0.000686 765.0
0.000552 -0.000686 766.0
0.000552 -0.000687 767.0
0.000551 -0.000688 768.0
0.000551 -0.000688 769.0
0.000551 -0.000689 770.0
0.000551 -0.000689 771.0
0.000550 -0.000690 772.0
0.000550 -0.000690 773.0
0.000550 -0.000691 774.0
0.000549 -0.000691 775.0
0.000549 -0.000692 776.0
0.000549 -0.000692 777.0
0.000548 -0.000693 778.0
0.000548 -0.000693 779.0
0.000548 -0.000694 780.0
0.000548 -0.000695 781.0
0.000547 -0.000695 782.0
0.000545 -0.000692 783.0
0.000544 -0.000693 784.0
0.000544 -0.000694 785.0
0.000543 -0.000695 786.0
0.000543 -0.000695 787.0
0.000542 -0.000696 788.0
0.000542 -0.000697 789.0
0.000541 -0.000697 790.0
0.000541 -0.000698 791.0
0.000541 -0.000699 792.0
0.000540 -0.000699 793.0
0.000540 -0.000700 794.0
0.000539 -0.000701 795.0
0.000539 -0.000701 796.0
0.000538 -0.000702 797.0
0.000538 -0.000703 798.0
0.000538 -0.000703 799.0
0.000537 -0.000704 800.0
0.000537 -0.000705 801.0
0.000536 -0.000705 802.0
0.000536 -0.000706 803.0
0.000535 -0.000707 804.0
0.000535 -0.000707 805.0
0.000535 -0.000708 806.0
0.000534 -0.000709 807.0
0.000534 -0.000709 808.0
0.000533 -0.000710 809.0
0.000533 -0.000711 810.0
0.000532 -0.000711 811.0
0.000532 -0.000712 812.0
0.000531 -0.000713 813.0
0.000531 -0.000713 814.0
0.000531 -0.000714 815.0
0.000530 -0.000715 816.0
0.000530 -0.000715 817.0
0.000529 -0.000716 818.0
0.000529 -0.000717 819.0
0.000528 -0.000718 820.0
0.000528 -0.000718 821.0
0.000528 -0.000719 822.0
0.000527 -0.000720 823.0
0.000527 -0.000720 824.0
0.000526 -0.000721 825.0
0.000526 -0.000722 826.0
0.000525 -0.000722 827.0
0.000525 -0.000723 828.0
0.000524 -0.000724 829.0
0.000524 -0.000724 830.0
0.000524 -0.000725 831.0
0.000523 -0.000726 832.0
0.000523 -0.000726 833.0
0.000522 -0.000727 834.0
0.000522 -0.000728 835.0
0.000521 -0.000728 836.0
0.000521 -0.000729 837.0
0.000521 -0.000730 838.0
0.000520 -0.000730 839.0
0.000520 -0.000731 840.0
0.000519 -0.000732 841.0
0.000519 -0.000732 842.0
0.000518 -0.000733 843.0
0.000518 -0.000734 844.0
0.000517 -0.000734 845.0
0.000517 -0.000735 846.0
0.000517 -0.000736 847.0
0.000516 -0.000736 848.0
0.000516 -0.000737 849.0
0.000515 -0.000738 850.0
0.000515 -0.000739 851.0
0.000514 -0.000739 852.0
0.000514 -0.000740 853.0
0.000514 -0.000741 854.0
0.000509 -0.000736 855.0
0.000508 -0.000736 856.0
0.000507 -0.000736 857.0
0.000506 -0.000736 858.0
0.000505 -0.000735 859.0
0.000505 -0.000735 860.0
0.000504 -0.000735 861.0
0.000503 -0.000735 862.0
0.000502 -0.000735 863.0
0.000501 -0.000735 864.0
0.000500 -0.000735 865.0
0.000499 -0.000735 866.0
0.000498 -0.000735 867.0
0.000497 -0.000735 868.0
0.000496 -0.000734 869.0
0.000495 -0.000734 870.0
0.000494 -0.000734 871.0
0.000493 -0.000734 872.0
0.000492 -0.000734 873.0
0.000491 -0.000734 874.0
0.000490 -0.000734 875.0
0.000489 -0.000734 876.0
0.000488 -0.000734 877.0
0.000487 -0.000733 878.0
0.000486 -0.000733 879.0
0.000485 -0.000733 880.0
0.000484 -0.000733 881.0
0.000483 -0.000733 882.0
0.000482 -0.000733 883.0
0.000481 -0.000733 884.0
0.000480 -0.000733 885.0
0.000479 -0.000733 886.0
0.000478 -0.000733 887.0
0.000477 -0.000732 888.0
0.000476 -0.000732 889.0
0.000475 -0.000732 890.0
0.000474 -0.000732 891.0
0.000473 -0.000732 892.0
0.000472 -0.000732 893.0
0.000472 -0.000733 894.0
0.000472 -0.000733 895.0
0.000472 -0.000733 896.0
0.000473 -0.000733 897.0
0.000473 -0.000733 898.0
0.000473 -0.000733 899.0
0.000474 -0.000733 900.0
0.000474 -0.000733 901.0
0.000475 -0.000732 902.0
0.000475 -0.000732 903.0
0.000475 -0.000732 904.0
0.000476 -0.000732 905.0
0.000476 -0.000732 906.0
0.000477 -0.000732 907.0
0.000477 -0.000732 908.0
0.000478 -0.000732 909.0
0.000478 -0.000732 910.0
0.000478 -0.000732 911.0
0.000479 -0.000732 912.0
0.000479 -0.000732 913.0
0.000480 -0.000732 914.0
0.000480 -0.000732 915.0
0.000480 -0.000732 916.0
0.000481 -0.000732 917.0
0.000481 -0.000731 918.0
0.000482 -0.000731 919.0
0.000482 -0.000731 920.0
0.000482 -0.000731 921.0
0.000483 -0.000731 922.0
0.000483 -0.000731 923.0
0.000484 -0.000731 924.0
0.000484 -0.000731 925.0
0.000484 -0.000731 926.0
0.000485 -0.000731 927.0
0.000485 -0.000731 928.0
0.000486 -0.000731 929.0
0.000486 -0.000731 930.0
0.000487 -0.000731 931.0
0.000487 -0.000731 932.0
0.000487 -0.000731 933.0
0.000488 -0.000731 934.0
0.000488 -0.000730 935.0
0.000489 -0.000730 936.0
0.000489 -0.000730 937.0
0.000489 -0.000730 938.0
0.000490 -0.000730 939.0
0.000490 -0.000730 940.0
0.000491 -0.000730 941.0
0.000491 -0.000730 942.0
0.000491 -0.000730 943.0
0.000492 -0.000730 944.0
0.000492 -0.000730 945.0
0.000493 -0.000730 946.0
0.000493 -0.000730 947.0
0.000493 -0.000730 948.0
0.000494 -0.000730 949.0
0.000494 -0.000730 950.0
0.000495 -0.000729 951.0
0.000495 -0.000729 952.0
0.000496 -0.000729 953.0
0.000496 -0.000729 954.0
0.000496 -0.000729 955.0
0.000497 -0.000729 956.0
0.000497 -0.000730 957.0
0.000497 -0.000730 958.0
0.000497 -0.000729 959.0
0.000497 -0.000729 960.0
0.000497 -0.000729 961.0
0.000497 -0.000729 962.0
0.000497 -0.000728 963.0
0.000497 -0.000728 964.0
0.000497 -0.000728 965.0
0.000497 -0.000728 966.0
0.000497 -0.000727 967.0
0.000497 -0.000727 968.0
0.000497 -0.000727 969.0
0.000497 -0.000727 970.0
0.000497 -0.000726 971.0
0.000497 -0.000726 972.0
0.000497 -0.000726 973.0
0.000497 -0.000726 974.0
0.000497 -0.000725 975.0
0.000497 -0.000725 976.0
0.000497 -0.000725 977.0
0.000497 -0.000725 978.0
0.000497 -0.000724 979.0
0.000497 -0.000724 980.0
0.000497 -0.000724 981.0
0.000497 -0.000724 982.0
0.000497 -0.000723 983.0
0.000497 -0.000723 984.0
0.000497 -0.000723 985.0
0.000497 -0.000723 986.0
0.000497 -0.000722 987.0
0.000497 -0.000722 988.0
0.000497 -0.000722 989.0
0.000497 -0.000722 990.0
0.000497 -0.000722 991.0
0.000497 -0.000721 992.0
0.000497 -0.000721 993.0
0.000497 -0.000721 994.0
0.000497 -0.000721 995.0
0.000497 -0.000720 996.0
0.000497 -0.000720 997.0
0.000497 -0.000720 998.0
0.000497 -0.000720 999.0
0.000497 -0.000719 1000.0
0.000497 -0.000719 1001.0
0.000497 -0.000719 1002.0
0.000497 -0.000719 1003.0
0.000497 -0.000718 1004.0
0.000497 -0.000718 1005.0
0.000497 -0.000718 1006.0
0.000497 -0.000718 1007.0
0.000497 -0.000717 1008.0
0.000497 -0.000717 1009.0
0.000497 -0.000717 1010.0
0.000497 -0.000717 1011.0
0.000497 -0.000716 1012.0
0.000497 -0.000716 1013.0
0.000497 -0.000716 1014.0
0.000497 -0.000716 1015.0
0.000497 -0.000715 1016.0
0.000498 -0.000715 1017.0
0.000498 -0.000715 1018.0
0.000498 -0.000715 1019.0
0.000498 -0.000715 1020.0
0.000498 -0.000715 1021.0
0.000498 -0.000715 1022.0
0.000498 -0.000715 1023.0
0.000498 -0.000715 1024.0
0.000498 -0.000715 1025.0
0.000498 -0.000715 1026.0
0.000498 -0.000715 1027.0
0.000498 -0.000715 1028.0
0.000498 -0.000715 1029.0
0.000498 -0.000715 1030.0
0.000498 -0.000715 1031.0
0.000498 -0.000715 1032.0
0.000498 -0.000715 1033.0
0.000498 -0.000715 1034.0
0.000498 -0.000715 1035.0
0.000498 -0.000715 1036.0
0.000498 -0.000715 1037.0
0.000497 -0.000715 1038.0
0.000497 -0.000715 1039.0
0.000497 -0.000715 1040.0
0.000497 -0.000715 1041.0
0.000497 -0.000715 1042.0
0.000497 -0.000715 1043.0
0.000497 -0.000715 1044.0
0.000497 -0.000715 1045.0
0.000497 -0.000715 1046.0
0.000497 -0.000715 1047.0
0.000497 -0.000715 1048.0
0.000497 -0.000715 1049.0
0.000497 -0.000715 1050.0
0.000497 -0.000715 1051.0
0.000497 -0.000715 1052.0
0.000497 -0.000715 1053.0
0.000497 -0.000715 1054.0
0.000497 -0.000715 1055.0
0.000497 -0.000715 1056.0
0.000497 -0.000715 1057.0
0.000497 -0.000715 1058.0
0.000497 -0.000715 1059.0
0.000497 -0.000715 1060.0
0.000497 -0.000715 1061.0
0.000497 -0.000715 1062.0
0.000497 -0.000715 1063.0
0.000497 -0.000715 1064.0
0.000497 -0.000715 1065.0
0.000497 -0.000715 1066.0
0.000497 -0.000715 1067.0
0.000497 -0.000715 1068.0
0.000497 -0.000715 1069.0
0.000497 -0.000715 1070.0
0.000497 -0.000715 1071.0
0.000497 -0.000715 1072.0
0.000497 -0.000715 1073.0
0.000497 -0.000715 1074.0
0.000497 -0.000715 1075.0
0.000497 -0.000715 1076.0
0.000497 -0.000715 1077.0
0.000497 -0.000715 1078.0
0.000497 -0.000715 1079.0
0.000497 -0.000715 1080.0
0.000497 -0.000715 1081.0
0.000497 -0.000715 1082.0
0.000497 -0.000715 1083.0
0.000497 -0.000715 1084.0
0.000497 -0.000715 1085.0
0.000497 -0.000715 1086.0
0.000497 -0.000715 1087.0
0.000497 -0.000715 1088.0
0.000497 -0.000715 1089.0
0.000497 -0.000715 1090.0
0.000497 -0.000715 1091.0
0.000497 -0.000715 1092.0
0.000497 -0.000715 1093.0
0.000497 -0.000715 1094.0
0.000497 -0.000715 1095.0
0.000497 -0.000715 1096.0
0.000497 -0.000715 1097.0
0.000497 -0.000715 1098.0
0.000497 -0.000715 1099.0
0.000497 -0.000715 1100.0
0.000497 -0.000715 1101.0
0.000497 -0.000715 1102.0
0.000497 -0.000715 1103.0
0.000497 -0.000715 1104.0
0.000497 -0.000715 1105.0
0.000497 -0.000715 1106.0
0.000497 -0.000715 1107.0
0.000497 -0.000715 1108.0
0.000497 -0.000715 1109.0
0.000497 -0.000715 1110.0
0.000497 -0.000715 1111.0
0.000497 -0.000715 1112.0
0.000497 -0.000715 1113.0
0.000497 -0.000715 1114.0
0.000497 -0.000715 1115.0
0.000497 -0.000715 1116.0
0.000497 -0.000715 1117.0
0.000497 -0.000715 1118.0
0.000497 -0.000715 1119.0
0.000497 -0.000715 1120.0
0.000497 -0.000715 1121.0
0.000497 -0.000715 1122.0
0.000497 -0.000715 1123.0
0.000497 -0.000715 1124.0
0.000497 -0.000715 1125.0
0.000497 -0.000715 1126.0
0.000497 -0.000715 1127.0
0.000497 -0.000715 1128.0
0.000497 -0.000715 1129.0
0.000497 -0.000715 1130.0
0.000497 -0.000715 1131.0
0.000497 -0.000715 1132.0
0.000497 -0.000715 1133.0
0.000497 -0.000715 1134.0
0.000497 -0.000715 1135.0
0.000497 -0.000715 1136.0
0.000497 -0.000715 1137.0
0.000497 -0.000715 1138.0
0.000497 -0.000715 1139.0
0.000497 -0.000715 1140.0
0.000497 -0.000715 1141.0
0.000497 -0.000715 1142.0
0.000497 -0.000715 1143.0
0.000497 -0.000715 1144.0
0.000497 -0.000715 1145.0
0.000497 -0.000715 1146.0
0.000497 -0.000715 1147.0
0.000497 -0.000715 1148.0
0.000497 -0.000715 1149.0
0.000497 -0.000715 1150.0
0.000497 -0.000715 1151.0
0.000497 -0.000715 1152.0
0.000497 -0.000715 1153.0
0.000497 -0.000715 1154.0
0.000497 -0.000715 1155.0
0.000497 -0.000715 1156.0
0.000497 -0.000715 1157.0
0.000497 -0.000715 1158.0
0.000497 -0.000715 1159.0
0.000497 -0.000715 1160.0
0.000497 -0.000715 1161.0
0.000497 -0.000715 1162.0
0.000497 -0.000715 1163.0
0.000497 -0.000715 1164.0
0.000497 -0.000715 1165.0
0.000497 -0.000715 1166.0
0.000497 -0.000715 1167.0
0.000497 -0.000715 1168.0
0.000497 -0.000715 1169.0
0.000497 -0.000715 1170.0
0.000497 -0.000715 1171.0
0.000497 -0.000715 1172.0
0.000497 -0.000715 1173.0
0.000497 -0.000715 1174.0
0.000497 -0.000715 1175.0
0.000497 -0.000715 1176.0
0.000497 -0.000715 1177.0
0.000497 -0.000715 1178.0
0.000497 -0.000715 1179.0
0.000497 -0.000715 1180.0
0.000497 -0.000715 1181.0
0.000497 -0.000715 1182.0
0.000497 -0.000715 1183.0
0.000497 -0.000715 1184.0
0.000497 -0.000715 1185.0
0.000497 -0.000715 1186.0
0.000497 -0.000715 1187.0
0.000497 -0.000715 1188.0
0.000497 -0.000715 1189.0
0.000497 -0.000715 1190.0
0.000497 -0.000715 1191.0
0.000497 -0.000715 1192.0
0.000497 -0.000715 1193.0
0.000497 -0.000715 1194.0
0.000497 -0.000715 1195.0
0.000497 -0.000715 1196.0
0.000497 -0.000715 1197.0
0.000497 -0.000715 1198.0
0.000497 -0.000715 1199.0
0.000497 -0.000715 1200.0
0.000497 -0.000715 1201.0
0.000497 -0.000715 1202.0
0.000497 -0.000715 1203.0
0.000497 -0.000715 1204.0
0.000497 -0.000715 1205.0
0.000497 -0.000715 1206.0
0.000497 -0.000715 1207.0
0.000497 -0.000715 1208.0
0.000497 -0.000715 1209.0
0.000497 -0.000715 1210.0
0.000497 -0.000715 1211.0
0.000497 -0.000715 1212.0
0.000497 -0.000715 1213.0
0.000497 -0.000715 1214.0
0.000497 -0.000715 1215.0
0.000497 -0.000715 1216.0
0.000497 -0.000715 1217.0
0.000497 -0.000715 1218.0
0.000497 -0.000715 1219.0
0.000497 -0.000715 1220.0
0.000497 -0.000715 1221.0
0.000497 -0.000715 1222.0
0.000497 -0.000715 1223.0
0.000497 -0.000715 1224.0
0.000497 -0.000715 1225.0
0.000497 -0.000715 1226.0
0.000497 -0.000715 1227.0
0.000497 -0.000715 1228.0
0.000497 -0.000715 1229.0
0.000497 -0.000715 1230.0
0.000497 -0.000715 1231.0
0.000497 -0.000715 1232.0
0.000497 -0.000715 1233.0
0.000497 -0.000715 1234.0
0.000497 -0.000715 1235.0
0.000497 -0.000715 1236.0
0.000497 -0.000715 1237.0
0.000497 -0.000715 1238.0
0.000497 -0.000715 1239.0
0.000497 -0.000715 1240.0
0.000497 -0.000715 1241.0
0.000497 -0.000715 1242.0
0.000497 -0.000715 1243.0
0.000497 -0.000715 1244.0
0.000497 -0.000715 1245.0
0.000497 -0.000715 1246.0
0.000497 -0.000715 1247.0
0.000497 -0.000715 1248.0
0.000497 -0.000715 1249.0
0.000497 -0.000715 1250.0
0.000497 -0.000715 1251.0
0.000497 -0.000715 1252.0
0.000497 -0.000715 1253.0
0.000497 -0.000715 1254.0
0.000497 -0.000715 1255.0
0.000497 -0.000715 1256.0
0.000497 -0.000715 1257.0
0.000497 -0.000715 1258.0
0.000497 -0.000715 1259.0
0.000497 -0.000715 1260.0
0.000497 -0.000715 1261.0
0.000497 -0.000715 1262.0
0.000497 -0.000715 1263.0
0.000497 -0.000715 1264.0
0.000497 -0.000715 1265.0
0.000497 -0.000715 1266.0
0.000497 -0.000715 1267.0
0.000497 -0.000715 1268.0
0.000497 -0.000715 1269.0
0.000497 -0.000715 1270.0
0.000497 -0.000715 1271.0
0.000497 -0.000715 1272.0
0.000497 -0.000715 1273.0
0.000497 -0.000715 1274.0
0.000497 -0.000715 1275.0
0.000497 -0.000715 1276.0
0.000497 -0.000715 1277.0
0.000497 -0.000715 1278.0
0.000497 -0.000715 1279.0
0.000497 -0.000715 1280.0
0.000497 -0.000715 1281.0
0.000497 -0.000715 1282.0
0.000497 -0.000715 1283.0
0.000497 -0.000715 1284.0
0.000497 -0.000715 1285.0
0.000497 -0.000715 1286.0
0.000497 -0.000715 1287.0
0.000497 -0.000715 1288.0
0.000497 -0.000715 1289.0
0.000497 -0.000715 1290.0
0.000497 -0.000715 1291.0
0.000497 -0.000715 1292.0
0.000497 -0.000715 1293.0
0.000497 -0.000715 1294.0
0.000497 -0.000715 1295.0
0.000497 -0.000715 1296.0
0.000497 -0.000715 1297.0
0.000497 -0.000715 1298.0
0.000497 -0.000715 1299.0
0.000497 -0.000715 1300.0
0.000497 -0.000715 1301.0
0.000497 -0.000715 1302.0
0.000497 -0.000715 1303.0
0.000497 -0.000715 1304.0
0.000497 -0.000715 1305.0
0.000497 -0.000715 1306.0
0.000497 -0.000715 1307.0
0.000497 -0.000715 1308.0
0.000497 -0.000715 1309.0
0.000497 -0.000715 1310.0
0.000497 -0.000715 1311.0
0.000497 -0.000715 1312.0
0.000497 -0.000715 1313.0
0.000497 -0.000715 1314.0
0.000497 -0.000715 1315.0
0.000497 -0.000715 1316.0
0.000497 -0.000715 1317.0
0.000498 -0.000715 1318.0
0.000498 -0.000715 1319.0
0.000498 -0.000715 1320.0
0.000498 -0.000715 1321.0
0.000498 -0.000715 1322.0
0.000498 -0.000715 1323.0
0.000498 -0.000715 1324.0
0.000498 -0.000715 1325.0
0.000498 -0.000715 1326.0
0.000498 -0.000715 1327.0
0.000498 -0.000715 1328.0
0.000498 -0.000715 1329.0
0.000498 -0.000715 1330.0
0.000498 -0.000715 1331.0
0.000498 -0.000715 1332.0
0.000498 -0.000715 1333.0
0.000498 -0.000715 1334.0
0.000498 -0.000715 1335.0
0.000498 -0.000715 1336.0
0.000498 -0.000715 1337.0
0.000498 -0.000715 1338.0
0.000498 -0.000715 1339.0
0.000498 -0.000715 1340.0
0.000498 -0.000715 1341.0
0.000498 -0.000715 1342.0
0.000498 -0.000715 1343.0
0.000498 -0.000715 1344.0
0.000498 -0.000715 1345.0
0.000498 -0.000715 1346.0
0.000498 -0.000715 1347.0
0.000498 -0.000715 1348.0
0.000498 -0.000715 1349.0
0.000498 -0.000715 1350.0
0.000498 -0.000715 1351.0
0.000498 -0.000715 1352.0
0.000498 -0.000715 1353.0
0.000498 -0.000715 1354.0
0.000498 -0.000715 1355.0
0.000498 -0.000715 1356.0
0.000498 -0.000715 1357.0
0.000498 -0.000715 1358.0
0.000498 -0.000715 1359.0
0.000498 -0.000715 1360.0
0.000498 -0.000715 1361.0
0.000498 -0.000715 1362.0
0.000498 -0.000715 1363.0
0.000498 -0.000715 1364.0
0.000498 -0.000715 1365.0
0.000498 -0.000715 1366.0
0.000498 -0.000715 1367.0
0.000498 -0.000715 1368.0
0.000498 -0.000715 1369.0
0.000498 -0.000715 1370.0
0.000498 -0.000715 1371.0
0.000498 -0.000715 1372.0
0.000498 -0.000715 1373.0
0.000498 -0.000715 1374.0
0.000498 -0.000715 1375.0
0.000498 -0.000715 1376.0
0.000498 -0.000715 1377.0
0.000498 -0.000715 1378.0
0.000498 -0.000715 1379.0
0.000498 -0.000715 1380.0
0.000498 -0.000715 1381.0
0.000498 -0.000715 1382.0
0.000498 -0.000715 1383.0
0.000498 -0.000715 1384.0
0.000498 -0.000715 1385.0
0.000498 -0.000715 1386.0
0.000498 -0.000715 1387.0
0.000498 -0.000715 1388.0
0.000498 -0.000715 1389.0
0.000498 -0.000715 1390.0
0.000498 -0.000715 1391.0
0.000498 -0.000715 1392.0
0.000498 -0.000715 1393.0
0.000498 -0.000715 1394.0
0.000498 -0.000715 1395.0
0.000498 -0.000715 1396.0
0.000498 -0.000715 1397.0
0.000498 -0.000715 1398.0
0.000498 -0.000715 1399.0
0.000498 -0.000715 1400.0
0.000498 -0.000715 1401.0
0.000498 -0.000715 1402.0
0.000498 -0.000715 1403.0
0.000498 -0.000715 1404.0
0.000498 -0.000715 1405.0
0.000498 -0.000715 1406.0
0.000498 -0.000715 1407.0
0.000498 -0.000715 1408.0
0.000498 -0.000715 1409.0
0.000498 -0.000715 1410.0
0.000498 -0.000715 1411.0
0.000498 -0.000715 1412.0
0.000498 -0.000715 1413.0
0.000498 -0.000715 1414.0
0.000498 -0.000715 1415.0
0.000498 -0.000715 1416.0
0.000498 -0.000715 1417.0
0.000498 -0.000715 1418.0
0.000498 -0.000715 1419.0
0.000498 -0.000715 1420.0
0.000498 -0.000715 1421.0
0.000498 -0.000715 1422.0
0.000498 -0.000715 1423.0
0.000498 -0.000715 1424.0
0.000498 -0.000715 1425.0
0.000498 -0.000715 1426.0
0.000498 -0.000715 1427.0
0.000498 -0.000715 1428.0
0.000498 -0.000715 1429.0
0.000498 -0.000715 1430.0
0.000498 -0.000715 1431.0
0.000498 -0.000715 1432.0
0.000498 -0.000715 1433.0
0.000498 -0.000715 1434.0
0.000498 -0.000715 1435.0
0.000498 -0.000715 1436.0
0.000498 -0.000715 1437.0
0.000498 -0.000715 1438.0
0.000498 -0.000715 1439.0
0.000498 -0.000715 1440.0
0.000498 -0.000715 1441.0
0.000498 -0.000715 1442.0
0.000498 -0.000715 1443.0
0.000498 -0.000715 1444.0
0.000498 -0.000715 1445.0
0.000498 -0.000715 1446.0
0.000498 -0.000715 1447.0
0.000498 -0.000715 1448.0
0.000498 -0.000715 1449.0
0.000498 -0.000715 1450.0
0.000498 -0.000715 1451.0
0.000498 -0.000715 1452.0
0.000498 -0.000715 1453.0
0.000498 -0.000715 1454.0
0.000498 -0.000715 1455.0
0.000498 -0.000715 1456.0
0.000498 -0.000715 1457.0
0.000498 -0.000715 1458.0
0.000498 -0.000715 1459.0
0.000498 -0.000715 1460.0
0.000498 -0.000715 1461.0
0.000498 -0.000715 1462.0
0.000498 -0.000715 1463.0
0.000498 -0.000715 1464.0
0.000498 -0.000715 1465.0
0.000498 -0.000715 1466.0
0.000498 -0.000715 1467.0
0.000498 -0.000715 1468.0
0.000498 -0.000715 1469.0
0.000498 -0.000715 1470.0
0.000498 -0.000715 1471.0
0.000498 -0.000715 1472.0
0.000498 -0.000715 1473.0
0.000498 -0.000715 1474.0
0.000498 -0.000715 1475.0
0.000498 -0.000715 1476.0
0.000498 -0.000715 1477.0
0.000498 -0.000715 1478.0
0.000498 -0.000715 1479.0
0.000498 -0.000715 1480.0
0.000498 -0.000715 1481.0
0.000498 -0.000715 1482.0
0.000498 -0.000715 1483.0
0.000498 -0.000715 1484.0
0.000498 -0.000715 1485.0
0.000498 -0.000715 1486.0
0.000498 -0.000715 1487.0
0.000498 -0.000715 1488.0
0.000498 -0.000715 1489.0
0.000498 -0.000715 1490.0
0.000498 -0.000715 1491.0
0.000498 -0.000715 1492.0
0.000498 -0.000715 1493.0
0.000498 -0.000715 1494.0
0.000498 -0.000715 1495.0
0.000498 -0.000715 1496.0
0.000498 -0.000715 1497.0
0.000498 -0.000715 1498.0
0.000498 -0.000715 1499.0
0.000498 -0.000715 1500.0
0.000498 -0.000715 1501.0
0.000498 -0.000715 1502.0
0.000498 -0.000715 1503.0
0.000498 -0.000715 1504.0
0.000498 -0.000715 1505.0
0.000498 -0.000715 1506.0
0.000498 -0.000715 1507.0
0.000498 -0.000715 1508.0
0.000498 -0.000715 1509.0
0.000498 -0.000715 1510.0
0.000498 -0.000715 1511.0
0.000498 -0.000715 1512.0
0.000498 -0.000715 1513.0
0.000498 -0.000715 1514.0
0.000498 -0.000715 1515.0
0.000498 -0.000715 1516.0
0.000498 -0.000715 1517.0
0.000498 -0.000715 1518.0
0.000498 -0.000715 1519.0
0.000498 -0.000715 1520.0
0.000498 -0.000715 1521.0
0.000498 -0.000715 1522.0
0.000498 -0.000715 1523.0
0.000498 -0.000715 1524.0
0.000498 -0.000715 1525.0
0.000498 -0.000715 1526.0
0.000498 -0.000715 1527.0
0.000498 -0.000715 1528.0
0.000498 -0.000715 1529.0
0.000498 -0.000715 1530.0
0.000498 -0.000715 1531.0
0.000498 -0.000715 1532.0
0.000498 -0.000715 1533.0
0.000498 -0.000715 1534.0
0.000498 -0.000715 1535.0
0.000498 -0.000715 1536.0
0.000498 -0.000715 1537.0
0.000498 -0.000715 1538.0
0.000498 -0.000715 1539.0
0.000498 -0.000715 1540.0
0.000498 -0.000715 1541.0
0.000498 -0.000715 1542.0
0.000498 -0.000715 1543.0
0.000498 -0.000715 1544.0
0.000498 -0.000715 1545.0
0.000498 -0.000715 1546.0
0.000498 -0.000715 1547.0
0.000498 -0.000715 1548.0
0.000498 -0.000715 1549.0
0.000498 -0.000715 1550.0
0.000498 -0.000715 1551.0
0.000498 -0.000715 1552.0
0.000498 -0.000715 1553.0
0.000498 -0.000715 1554.0
0.000498 -0.000715 1555.0
0.000498 -0.000715 1556.0
0.000498 -0.000715 1557.0
0.000498 -0.000715 1558.0
0.000498 -0.000715 1559.0
0.000498 -0.000715 1560.0
0.000498 -0.000715 1561.0
0.000498 -0.000715 1562.0
0.000498 -0.000715 1563.0
0.000498 -0.000715 1564.0
0.000498 -0.000715 1565.0
0.000498 -0.000715 1566.0
0.000498 -0.000715 1567.0
0.000498 -0.000715 1568.0
0.000498 -0.000715 1569.0
0.000498 -0.000715 1570.0
0.000498 -0.000715 1571.0
0.000498 -0.000715 1572.0
0.000498 -0.000715 1573.0
0.000498 -0.000715 1574.0
0.000498 -0.000715 1575.0
0.000498 -0.000715 1576.0
0.000498 -0.000715 1577.0
0.000498 -0.000715 1578.0
0.000498 -0.000715 1579.0
0.000498 -0.000715 1580.0
0.000498 -0.000715 1581.0
0.000498 -0.000715 1582.0
0.000498 -0.000715 1583.0
0.000498 -0.000715 1584.0
0.000498 -0.000715 1585.0
0.000498 -0.000715 1586.0
0.000498 -0.000715 1587.0
0.000498 -0.000715 1588.0
0.000498 -0.000715 1589.0
0.000498 -0.000715 1590.0
0.000498 -0.000715 1591.0
0.000498 -0.000715 1592.0
0.000498 -0.000715 1593.0
0.000498 -0.000715 1594.0
0.000498 -0.000715 1595.0
0.000498 -0.000715 1596.0
0.000498 -0.000715 1597.0
0.000498 -0.000715 1598.0
0.000498 -0.000715 1599.0
0.000498 -0.000715 1600.0
0.000498 -0.000715 1601.0
0.000498 -0.000715 1602.0
0.000498 -0.000715 1603.0
0.000498 -0.000715 1604.0
0.000498 -0.000715 1605.0
0.000498 -0.000715 1606.0
0.000498 -0.000715 1607.0
0.000498 -0.000715 1608.0
0.000498 -0.000715 1609.0
0.000498 -0.000715 1610.0
0.000498 -0.000715 1611.0
0.000498 -0.000715 1612.0
0.000498 -0.000715 1613.0
0.000498 -0.000715 1614.0
0.000498 -0.000715 1615.0
0.000498 -0.000715 1616.0
0.000498 -0.000715 1617.0
0.000498 -0.000715 1618.0
0.000498 -0.000715 1619.0
0.000498 -0.000715 1620.0
0.000498 -0.000715 1621.0
0.000498 -0.000715 1622.0
0.000498 -0.000715 1623.0
0.000498 -0.000715 1624.0
0.000498 -0.000715 1625.0
0.000498 -0.000715 1626.0
0.000498 -0.000715 1627.0
0.000498 -0.000715 1628.0
0.000498 -0.000715 1629.0
0.000498 -0.000715 1630.0
0.000498 -0.000715 1631.0
0.000498 -0.000715 1632.0
0.000498 -0.000715 1633.0
0.000498 -0.000715 1634.0
0.000498 -0.000715 1635.0
0.000498 -0.000715 1636.0
0.000498 -0.000715 1637.0
0.000498 -0.000715 1638.0
0.000498 -0.000715 1639.0
0.000498 -0.000715 1640.0
0.000498 -0.000715 1641.0
0.000498 -0.000715 1642.0
0.000498 -0.000715 1643.0
0.000498 -0.000715 1644.0
0.000498 -0.000715 1645.0
0.000498 -0.000715 1646.0
0.000498 -0.000715 1647.0
0.000498 -0.000715 1648.0
0.000498 -0.000715 1649.0
0.000498 -0.000715 1650.0
0.000498 -0.000715 1651.0
0.000498 -0.000715 1652.0
0.000498 -0.000715 1653.0
0.000498 -0.000715 1654.0
0.000498 -0.000715 1655.0
0.000498 -0.000715 1656.0
0.000498 -0.000715 1657.0
0.000498 -0.000715 1658.0
0.000498 -0.000715 1659.0
0.000498 -0.000715 1660.0
0.000498 -0.000715 1661.0
0.000498 -0.000715 1662.0
0.000498 -0.000715 1663.0
0.000498 -0.000715 1664.0
0.000498 -0.000715 1665.0
0.000498 -0.000715 1666.0
0.000498 -0.000715 1667.0
0.000498 -0.000715 1668.0
0.000498 -0.000715 1669.0
0.000498 -0.000715 1670.0
0.000498 -0.000715 1671.0
0.000498 -0.000715 1672.0
0.000498 -0.000715 1673.0
0.000498 -0.000715 1674.0
0.000498 -0.000715 1675.0
0.000498 -0.000715 1676.0
0.000498 -0.000715 1677.0
0.000498 -0.000715 1678.0
0.000498 -0.000715 1679.0
0.000498 -0.000715 1680.0
0.000498 -0.000715 1681.0
0.000498 -0.000715 1682.0
0.000498 -0.000715 1683.0
0.000498 -0.000715 1684.0
0.000498 -0.000715 1685.0
0.000498 -0.000715 1686.0
0.000498 -0.000715 1687.0
0.000498 -0.000715 1688.0
0.000498 -0.000715 1689.0
0.000498 -0.000715 1690.0
0.000498 -0.000715 1691.0
0.000498 -0.000715 1692.0
0.000498 -0.000715 1693.0
0.000498 -0.000715 1694.0
0.000498 -0.000715 1695.0
0.000498 -0.000715 1696.0
0.000498 -0.000715 1697.0
0.000498 -0.000715 1698.0
0.000498 -0.000715 1699.0
0.000498 -0.000715 1700.0
0.000498 -0.000715 1701.0
0.000498 -0.000715 1702.0
0.000498 -0.000715 1703.0
0.000498 -0.000715 1704.0
0.000498 -0.000715 1705.0
0.000498 -0.000715 1706.0
0.000498 -0.000715 1707.0
0.000498 -0.000715 1708.0
0.000498 -0.000715 1709.0
0.000498 -0.000715 1710.0
0.000498 -0.000715 1711.0
0.000498 -0.000715 1712.0
0.000498 -0.000715 1713.0
0.000498 -0.000715 1714.0
0.000498 -0.000715 1715.0
0.000498 -0.000715 1716.0
0.000498 -0.000715 1717.0
0.000498 -0.000715 1718.0
0.000498 -0.000715 1719.0
0.000498 -0.000715 1720.0
0.000498 -0.000715 1721.0
0.000498 -0.000715 1722.0
0.000498 -0.000715 1723.0
0.000498 -0.000715 1724.0
0.000498 -0.000715 1725.0
0.000498 -0.000715 1726.0
0.000498 -0.000715 1727.0
0.000498 -0.000715 1728.0
0.000498 -0.000715 1729.0
0.000498 -0.000715 1730.0
0.000498 -0.000715 1731.0
0.000498 -0.000715 1732.0
0.000498 -0.000715 1733.0
0.000498 -0.000715 1734.0
0.000498 -0.000715 1735.0
0.000498 -0.000715 1736.0
0.000498 -0.000715 1737.0
0.000498 -0.000715 1738.0
0.000498 -0.000715 1739.0
0.000498 -0.000715 1740.0
0.000498 -0.000715 1741.0
0.000498 -0.000715 1742.0
0.000498 -0.000715 1743.0
0.000498 -0.000715 1744.0
0.000498 -0.000715 1745.0
0.000498 -0.000715 1746.0
0.000498 -0.000715 1747.0
0.000498 -0.000715 1748.0
0.000498 -0.000715 1749.0
0.000498 -0.000715 1750.0
0.000498 -0.000715 1751.0
0.000498 -0.000715 1752.0
0.000498 -0.000715 1753.0
0.000498 -0.000715 1754.0
0.000498 -0.000715 1755.0
0.000498 -0.000715 1756.0
0.000498 -0.000715 1757.0
0.000498 -0.000715 1758.0
0.000498 -0.000715 1759.0
0.000498 -0.000715 1760.0
0.000498 -0.000715 1761.0
0.000498 -0.000715 1762.0
0.000498 -0.000715 1763.0
0.000498 -0.000715 1764.0
0.000498 -0.000715 1765.0
0.000498 -0.000715 1766.0
0.000498 -0.000715 1767.0
0.000498 -0.000715 1768.0
0.000498 -0.000715 1769.0
0.000498 -0.000715 1770.0
0.000498 -0.000715 1771.0
0.000498 -0.000715 1772.0
0.000498 -0.000715 1773.0
0.000498 -0.000715 1774.0
0.000498 -0.000715 1775.0
0.000498 -0.000715 1776.0
0.000498 -0.000715 1777.0
0.000498 -0.000715 1778.0
0.000498 -0.000715 1779.0
0.000498 -0.000715 1780.0
0.000498 -0.000715 1781.0
0.000498 -0.000715 1782.0
0.000498 -0.000715 1783.0
0.000498 -0.000715 1784.0
0.000498 -0.000715 1785.0
0.000498 -0.000715 1786.0
0.000498 -0.000715 1787.0
0.000498 -0.000715 1788.0
0.000498 -0.000715 1789.0
0.000498 -0.000715 1790.0
0.000498 -0.000715 1791.0
0.000498 -0.000715 1792.0
0.000498 -0.000715 1793.0
0.000498 -0.000715 1794.0
0.000498 -0.000715 1795.0
0.000498 -0.000715 1796.0
0.000498 -0.000715 1797.0
0.000498 -0.000715 1798.0
0.000498 -0.000715 1799.0
0.000498 -0.000715 1800.0
0.000498 -0.000715 1801.0
0.000498 -0.000715 1802.0
0.000498 -0.000715 1803.0
0.000498 -0.000715 1804.0
0.000498 -0.000715 1805.0
0.000498 -0.000715 1806.0
0.000498 -0.000715 1807.0
0.000498 -0.000715 1808.0
0.000498 -0.000715 1809.0
0.000498 -0.000715 1810.0
0.000498 -0.000715 1811.0
0.000498 -0.000715 1812.0
0.000498 -0.000715 1813.0
0.000498 -0.000715 1814.0
0.000498 -0.000715 1815.0
0.000498 -0.000715 1816.0
0.000498 -0.000715 1817.0
0.000498 -0.000715 1818.0
0.000498 -0.000715 1819.0
0.000498 -0.000715 1820.0
0.000498 -0.000715 1821.0
0.000498 -0.000715 1822.0
0.000498 -0.000715 1823.0
0.000498 -0.000715 1824.0
0.000498 -0.000715 1825.0
0.000498 -0.000715 1826.0
0.000498 -0.000715 1827.0
0.000498 -0.000715 1828.0
0.000498 -0.000715 1829.0
0.000498 -0.000715 1830.0
0.000498 -0.000715 1831.0
0.000498 -0.000715 1832.0
0.000498 -0.000715 1833.0
0.000498 -0.000715 1834.0
0.000498 -0.000715 1835.0
0.000498 -0.000715 1836.0
0.000498 -0.000715 1837.0
0.000498 -0.000715 1838.0
0.000498 -0.000715 1839.0
0.000498 -0.000715 1840.0
0.000498 -0.000715 1841.0
0.000498 -0.000715 1842.0
0.000498 -0.000715 1843.0
0.000498 -0.000715 1844.0
0.000498 -0.000715 1845.0
0.000498 -0.000715 1846.0
0.000498 -0.000715 1847.0
0.000498 -0.000715 1848.0
0.000498 -0.000715 1849.0
0.000498 -0.000715 1850.0
0.000498 -0.000715 1851.0
0.000498 -0.000715 1852.0
0.000498 -0.000715 1853.0
0.000498 -0.000715 1854.0
0.000498 -0.000715 1855.0
0.000498 -0.000715 1856.0
0.000498 -0.000715 1857.0
0.000498 -0.000715 1858.0
0.000498 -0.000715 1859.0
0.000498 -0.000715 1860.0
0.000498 -0.000715 1861.0
0.000498 -0.000715 1862.0
0.000498 -0.000715 1863.0
0.000498 -0.000715 1864.0
0.000498 -0.000715 1865.0
0.000498 -0.000715 1866.0
0.000498 -0.000714 1867.0
0.000498 -0.000714 1868.0
0.000498 -0.000714 1869.0
0.000498 -0.000714 1870.0
0.000498 -0.000714 1871.0
0.000498 -0.000713 1872.0
0.000498 -0.000713 1873.0
0.000498 -0.000713 1874.0
0.000498 -0.000713 1875.0
0.000498 -0.000713 1876.0
0.000498 -0.000712 1877.0
0.000498 -0.000712 1878.0
0.000498 -0.000712 1879.0
0.000498 -0.000712 1880.0
0.000498 -0.000712 1881.0
0.000498 -0.000711 1882.0
0.000498 -0.000711 1883.0
0.000498 -0.000711 1884.0
0.000498 -0.000711 1885.0
0.000498 -0.000710 1886.0
0.000498 -0.000710 1887.0
0.000498 -0.000710 1888.0
0.000498 -0.000710 1889.0
0.000498 -0.000710 1890.0
0.000498 -0.000709 1891.0
0.000498 -0.000709 1892.0
0.000498 -0.000709 1893.0
0.000498 -0.000709 1894.0
0.000498 -0.000709 1895.0
0.000498 -0.000708 1896.0
0.000498 -0.000708 1897.0
0.000498 -0.000708 1898.0
0.000498 -0.000708 1899.0
0.000498 -0.000708 1900.0
0.000498 -0.000707 1901.0
0.000498 -0.000707 1902.0
0.000498 -0.000707 1903.0
0.000498 -0.000707 1904.0
0.000498 -0.000707 1905.0
0.000498 -0.000706 1906.0
0.000498 -0.000706 1907.0
0.000498 -0.000706 1908.0
0.000498 -0.000706 1909.0
0.000498 -0.000706 1910.0
0.000498 -0.000705 1911.0
0.000498 -0.000705 1912.0
0.000498 -0.000705 1913.0
0.000497 -0.000705 1914.0
0.000497 -0.000704 1915.0
0.000497 -0.000704 1916.0
0.000497 -0.000704 1917.0
0.000497 -0.000704 1918.0
0.000497 -0.000704 1919.0
0.000497 -0.000703 1920.0
0.000497 -0.000703 1921.0
0.000497 -0.000703 1922.0
0.000497 -0.000703 1923.0
0.000497 -0.000703 1924.0
0.000497 -0.000702 1925.0
0.000497 -0.000702 1926.0
0.000497 -0.000702 1927.0
0.000497 -0.000702 1928.0
0.000497 -0.000702 1929.0
0.000497 -0.000701 1930.0
0.000497 -0.000701 1931.0
0.000497 -0.000701 1932.0
0.000497 -0.000701 1933.0
0.000497 -0.000701 1934.0
0.000497 -0.000700 1935.0
0.000497 -0.000700 1936.0
0.000497 -0.000701 1937.0
0.000497 -0.000701 1938.0
0.000497 -0.000701 1939.0
0.000496 -0.000702 1940.0
0.000496 -0.000702 1941.0
0.000496 -0.000702 1942.0
0.000496 -0.000703 1943.0
0.000496 -0.000703 1944.0
0.000495 -0.000703 1945.0
0.000495 -0.000704 1946.0
0.000495 -0.000704 1947.0
0.000495 -0.000704 1948.0
0.000495 -0.000705 1949.0
0.000494 -0.000705 1950.0
0.000494 -0.000705 1951.0
0.000494 -0.000706 1952.0
0.000494 -0.000706 1953.0
0.000493 -0.000706 1954.0
0.000493 -0.000707 1955.0
0.000493 -0.000707 1956.0
0.000493 -0.000707 1957.0
0.000493 -0.000708 1958.0
0.000492 -0.000708 1959.0
0.000492 -0.000708 1960.0
0.000492 -0.000709 1961.0
0.000492 -0.000709 1962.0
0.000491 -0.000709 1963.0
0.000491 -0.000710 1964.0
0.000491 -0.000710 1965.0
0.000491 -0.000710 1966.0
0.000491 -0.000711 1967.0
0.000490 -0.000711 1968.0
0.000490 -0.000712 1969.0
0.000490 -0.000712 1970.0
0.000490 -0.000712 1971.0
0.000490 -0.000713 1972.0
0.000489 -0.000713 1973.0
0.000489 -0.000713 1974.0
0.000489 -0.000714 1975.0
0.000489 -0.000714 1976.0
0.000488 -0.000714 1977.0
0.000488 -0.000715 1978.0
0.000488 -0.000715 1979.0
0.000488 -0.000715 1980.0
0.000488 -0.000716 1981.0
0.000487 -0.000716 1982.0
0.000487 -0.000716 1983.0
0.000487 -0.000717 1984.0
0.000487 -0.000717 1985.0
0.000485 -0.000715 1986.0
0.000485 -0.000715 1987.0
0.000485 -0.000715 1988.0
0.000484 -0.000715 1989.0
0.000484 -0.000715 1990.0
0.000483 -0.000715 1991.0
0.000483 -0.000715 1992.0
0.000482 -0.000715 1993.0
0.000482 -0.000715 1994.0
0.000482 -0.000715 1995.0
0.000481 -0.000714 1996.0
0.000481 -0.000714 1997.0
0.000480 -0.000714 1998.0
0.000480 -0.000714 1999.0
0.000480 -0.000714 2000.0
0.000479 -0.000714 2001.0
0.000479 -0.000714 2002.0
0.000478 -0.000714 2003.0
0.000478 -0.000714 2004.0
0.000478 -0.000714 2005.0
0.000477 -0.000714 2006.0
0.000477 -0.000713 2007.0
0.000476 -0.000713 2008.0
0.000476 -0.000713 2009.0
0.000475 -0.000713 2010.0
0.000475 -0.000713 2011.0
0.000475 -0.000713 2012.0
0.000474 -0.000713 2013.0
0.000474 -0.000713 2014.0
0.000473 -0.000713 2015.0
0.000473 -0.000713 2016.0
0.000473 -0.000713 2017.0
0.000472 -0.000713 2018.0
0.000472 -0.000712 2019.0
0.000471 -0.000712 2020.0
0.000471 -0.000712 2021.0
0.000471 -0.000712 2022.0
0.000470 -0.000712 2023.0
0.000470 -0.000712 2024.0
0.000469 -0.000712 2025.0
0.000469 -0.000712 2026.0
0.000468 -0.000712 2027.0
0.000468 -0.000712 2028.0
0.000468 -0.000712 2029.0
0.000467 -0.000711 2030.0
0.000467 -0.000711 2031.0
0.000466 -0.000711 2032.0
0.000466 -0.000711 2033.0
0.000466 -0.000711 2034.0
0.000465 -0.000711 2035.0
0.000465 -0.000711 2036.0
0.000464 -0.000711 2037.0
0.000464 -0.000711 2038.0
0.000464 -0.000711 2039.0
0.000463 -0.000711 2040.0
0.000463 -0.000710 2041.0
0.000462 -0.000710 2042.0
0.000462 -0.000710 2043.0
0.000461 -0.000710 2044.0
0.000461 -0.000710 2045.0
0.000461 -0.000710 2046.0
0.000461 -0.000711 2047.0
0.000461 -0.000711 2048.0
0.000460 -0.000711 2049.0
0.000460 -0.000712 2050.0
0.000460 -0.000712 2051.0
0.000460 -0.000712 2052.0
0.000460 -0.000712 2053.0
0.000460 -0.000712 2054.0
0.000460 -0.000712 2055.0
0.000460 -0.000712 2056.0
0.000460 -0.000713 2057.0
0.000460 -0.000713 2058.0
0.000460 -0.000713 2059.0
0.000460 -0.000713 2060.0
0.000460 -0.000713 2061.0
0.000460 -0.000713 2062.0
0.000460 -0.000713 2063.0
0.000460 -0.000714 2064.0
0.000460 -0.000714 2065.0
0.000460 -0.000714 2066.0
0.000460 -0.000714 2067.0
0.000460 -0.000714 2068.0
0.000460 -0.000714 2069.0
0.000460 -0.000714 2070.0
0.000460 -0.000715 2071.0
0.000460 -0.000715 2072.0
0.000460 -0.000715 2073.0
0.000460 -0.000715 2074.0
0.000460 -0.000715 2075.0
0.000460 -0.000715 2076.0
0.000460 -0.000715 2077.0
0.000460 -0.000716 2078.0
0.000460 -0.000716 2079.0
0.000460 -0.000716 2080.0
0.000460 -0.000716 2081.0
0.000460 -0.000716 2082.0
0.000460 -0.000716 2083.0
0.000460 -0.000716 2084.0
0.000460 -0.000717 2085.0
0.000460 -0.000717 2086.0
0.000460 -0.000717 2087.0
0.000460 -0.000717 2088.0
0.000460 -0.000717 2089.0
0.000460 -0.000717 2090.0
0.000460 -0.000717 2091.0
0.000460 -0.000718 2092.0
0.000460 -0.000718 2093.0
0.000460 -0.000718 2094.0
0.000460 -0.000718 2095.0
0.000460 -0.000718 2096.0
0.000460 -0.000718 2097.0
0.000460 -0.000718 2098.0
0.000460 -0.000719 2099.0
0.000460 -0.000719 2100.0
0.000460 -0.000719 2101.0
0.000460 -0.000719 2102.0
0.000460 -0.000719 2103.0
0.000460 -0.000719 2104.0
0.000460 -0.000719 2105.0
0.000460 -0.000720 2106.0
0.000460 -0.000720 2107.0
0.000460 -0.000720 2108.0
0.000460 -0.000720 2109.0
0.000460 -0.000720 2110.0
0.000460 -0.000720 2111.0
0.000460 -0.000720 2112.0
0.000460 -0.000720 2113.0
0.000460 -0.000721 2114.0
0.000460 -0.000721 2115.0
0.000460 -0.000721 2116.0
0.000460 -0.000722 2117.0
0.000460 -0.000722 2118.0
0.000460 -0.000723 2119.0
0.000460 -0.000723 2120.0
0.000460 -0.000723 2121.0
0.000460 -0.000724 2122.0
0.000460 -0.000724 2123.0
0.000460 -0.000724 2124.0
0.000460 -0.000725 2125.0
0.000460 -0.000725 2126.0
0.000460 -0.000725 2127.0
0.000460 -0.000726 2128.0
0.000460 -0.000726 2129.0
0.000460 -0.000726 2130.0
0.000460 -0.000727 2131.0
0.000460 -0.000727 2132.0
0.000461 -0.000727 2133.0
0.000461 -0.000728 2134.0
0.000461 -0.000728 2135.0
0.000461 -0.000728 2136.0
0.000461 -0.000729 2137.0
0.000461 -0.000729 2138.0
0.000461 -0.000730 2139.0
0.000461 -0.000730 2140.0
0.000461 -0.000730 2141.0
0.000461 -0.000731 2142.0
0.000461 -0.000731 2143.0
0.000461 -0.000731 2144.0
0.000461 -0.000732 2145.0
0.000461 -0.000732 2146.0
0.000461 -0.000732 2147.0
0.000461 -0.000733 2148.0
0.000461 -0.000733 2149.0
0.000461 -0.000733 2150.0
0.000461 -0.000734 2151.0
0.000461 -0.000734 2152.0
0.000461 -0.000734 2153.0
0.000461 -0.000735 2154.0
0.000461 -0.000735 2155.0
0.000461 -0.000735 2156.0
0.000461 -0.000736 2157.0
0.000461 -0.000736 2158.0
0.000461 -0.000737 2159.0
0.000461 -0.000737 2160.0
0.000461 -0.000737 2161.0
0.000461 -0.000738 2162.0
0.000461 -0.000738 2163.0
0.000461 -0.000738 2164.0
0.000461 -0.000739 2165.0
0.000461 -0.000739 2166.0
0.000461 -0.000739 2167.0
0.000461 -0.000740 2168.0
0.000461 -0.000740 2169.0
0.000462 -0.000740 2170.0
0.000461 -0.000740 2171.0
0.000461 -0.000741 2172.0
0.000461 -0.000741 2173.0
0.000461 -0.000741 2174.0
0.000461 -0.000741 2175.0
0.000461 -0.000742 2176.0
0.000461 -0.000742 2177.0
0.000461 -0.000742 2178.0
0.000461 -0.000742 2179.0
0.000461 -0.000743 2180.0
0.000461 -0.000743 2181.0
0.000461 -0.000743 2182.0
0.000461 -0.000744 2183.0
0.000461 -0.000744 2184.0
0.000461 -0.000744 2185.0
0.000461 -0.000744 2186.0
0.000461 -0.000745 2187.0
0.000461 -0.000745 2188.0
0.000461 -0.000745 2189.0
0.000461 -0.000746 2190.0
0.000460 -0.000746 2191.0
0.000460 -0.000746 2192.0
0.000460 -0.000746 2193.0
0.000460 -0.000747 2194.0
0.000460 -0.000747 2195.0
0.000460 -0.000747 2196.0
0.000460 -0.000747 2197.0
0.000460 -0.000748 2198.0
0.000460 -0.000748 2199.0
0.000460 -0.000748 2200.0
0.000460 -0.000749 2201.0
0.000460 -0.000749 2202.0
0.000460 -0.000749 2203.0
0.000460 -0.000749 2204.0
0.000460 -0.000750 2205.0
0.000460 -0.000750 2206.0
0.000460 -0.000750 2207.0
0.000460 -0.000750 2208.0
0.000460 -0.000751 2209.0
0.000460 -0.000751 2210.0
0.000459 -0.000751 2211.0
0.000459 -0.000752 2212.0
0.000459 -0.000752 2213.0
0.000459 -0.000752 2214.0
0.000459 -0.000752 2215.0
0.000459 -0.000753 2216.0
0.000459 -0.000753 2217.0
0.000459 -0.000753 2218.0
0.000459 -0.000754 2219.0
0.000459 -0.000754 2220.0
0.000459 -0.000754 2221.0
0.000459 -0.000754 2222.0
0.000459 -0.000755 2223.0
0.000459 -0.000755 2224.0
0.000459 -0.000755 2225.0
0.000459 -0.000755 2226.0
0.000458 -0.000755 2227.0
0.000458 -0.000755 2228.0
0.000458 -0.000756 2229.0
0.000458 -0.000756 2230.0
0.000458 -0.000756 2231.0
0.000459 -0.000756 2232.0
0.000459 -0.000756 2233.0
0.000459 -0.000757 2234.0
0.000459 -0.000757 2235.0
0.000459 -0.000757 2236.0
0.000459 -0.000757 2237.0
0.000459 -0.000757 2238.0
0.000459 -0.000757 2239.0
0.000459 -0.000758 2240.0
0.000460 -0.000758 2241.0
0.000460 -0.000758 2242.0
0.000460 -0.000758 2243.0
0.000460 -0.000758 2244.0
0.000460 -0.000759 2245.0
0.000460 -0.000759 2246.0
0.000460 -0.000759 2247.0
0.000460 -0.000759 2248.0
0.000460 -0.000759 2249.0
0.000461 -0.000759 2250.0
0.000461 -0.000760 2251.0
0.000461 -0.000760 2252.0
0.000461 -0.000760 2253.0
0.000461 -0.000760 2254.0
0.000461 -0.000760 2255.0
0.000461 -0.000761 2256.0
0.000461 -0.000761 2257.0
0.000461 -0.000761 2258.0
0.000461 -0.000761 2259.0
0.000462 -0.000761 2260.0
0.000462 -0.000761 2261.0
0.000462 -0.000762 2262.0
0.000462 -0.000762 2263.0
0.000462 -0.000762 2264.0
0.000462 -0.000762 2265.0
0.000462 -0.000762 2266.0
0.000462 -0.000763 2267.0
0.000462 -0.000763 2268.0
0.000463 -0.000763 2269.0
0.000463 -0.000763 2270.0
0.000463 -0.000763 2271.0
0.000463 -0.000763 2272.0
0.000463 -0.000764 2273.0
0.000463 -0.000764 2274.0
0.000463 -0.000764 2275.0
0.000463 -0.000764 2276.0
0.000463 -0.000764 2277.0
0.000464 -0.000765 2278.0
0.000464 -0.000765 2279.0
0.000464 -0.000765 2280.0
0.000464 -0.000765 2281.0
0.000464 -0.000765 2282.0
0.000464 -0.000765 2283.0
0.000464 -0.000766 2284.0
0.000464 -0.000766 2285.0
0.000464 -0.000766 2286.0
0.000465 -0.000766 2287.0
0.000465 -0.000765 2288.0
0.000466 -0.000765 2289.0
0.000466 -0.000766 2290.0
0.000466 -0.000766 2291.0
0.000466 -0.000766 2292.0
0.000466 -0.000767 2293.0
0.000466 -0.000767 2294.0
0.000466 -0.000767 2295.0
0.000467 -0.000767 2296.0
0.000467 -0.000768 2297.0
0.000467 -0.000768 2298.0
0.000467 -0.000768 2299.0
0.000467 -0.000769 2300.0
0.000467 -0.000769 2301.0
0.000467 -0.000769 2302.0
0.000468 -0.000770 2303.0
0.000468 -0.000770 2304.0
0.000468 -0.000770 2305.0
0.000468 -0.000770 2306.0
0.000468 -0.000771 2307.0
0.000468 -0.000771 2308.0
0.000469 -0.000771 2309.0
0.000469 -0.000772 2310.0
0.000469 -0.000772 2311.0
0.000469 -0.000772 2312.0
0.000469 -0.000772 2313.0
0.000469 -0.000773 2314.0
0.000469 -0.000773 2315.0
0.000470 -0.000773 2316.0
0.000470 -0.000774 2317.0
0.000470 -0.000774 2318.0
0.000470 -0.000774 2319.0
0.000470 -0.000774 2320.0
0.000470 -0.000775 2321.0
0.000470 -0.000775 2322.0
0.000471 -0.000775 2323.0
0.000471 -0.000776 2324.0
0.000471 -0.000776 2325.0
0.000471 -0.000776 2326.0
0.000471 -0.000776 2327.0
0.000471 -0.000777 2328.0
0.000471 -0.000777 2329.0
0.000472 -0.000777 2330.0
0.000472 -0.000778 2331.0
0.000472 -0.000778 2332.0
0.000472 -0.000778 2333.0
0.000472 -0.000778 2334.0
0.000472 -0.000779 2335.0
0.000472 -0.000779 2336.0
0.000473 -0.000779 2337.0
0.000473 -0.000780 2338.0
0.000473 -0.000780 2339.0
0.000473 -0.000780 2340.0
0.000473 -0.000780 2341.0
0.000473 -0.000781 2342.0
0.000475 -0.000780 2343.0
0.000474 -0.000779 2344.0
0.000474 -0.000779 2345.0
0.000474 -0.000779 2346.0
0.000474 -0.000779 2347.0
0.000474 -0.000778 2348.0
0.000473 -0.000778 2349.0
0.000473 -0.000778 2350.0
0.000473 -0.000777 2351.0
0.000473 -0.000777 2352.0
0.000473 -0.000777 2353.0
0.000472 -0.000777 2354.0
0.000472 -0.000776 2355.0
0.000472 -0.000776 2356.0
0.000472 -0.000776 2357.0
0.000472 -0.000775 2358.0
0.000471 -0.000775 2359.0
0.000471 -0.000775 2360.0
0.000471 -0.000775 2361.0
0.000471 -0.000774 2362.0
0.000471 -0.000774 2363.0
0.000470 -0.000774 2364.0
0.000470 -0.000773 2365.0
0.000470 -0.000773 2366.0
0.000470 -0.000773 2367.0
0.000470 -0.000773 2368.0
0.000470 -0.000772 2369.0
0.000469 -0.000772 2370.0
0.000469 -0.000772 2371.0
0.000469 -0.000771 2372.0
0.000469 -0.000771 2373.0
0.000469 -0.000771 2374.0
0.000468 -0.000771 2375.0
0.000468 -0.000770 2376.0
0.000468 -0.000770 2377.0
0.000468 -0.000770 2378.0
0.000468 -0.000770 2379.0
0.000467 -0.000769 2380.0
0.000467 -0.000769 2381.0
0.000467 -0.000769 2382.0
0.000467 -0.000768 2383.0
0.000467 -0.000768 2384.0
0.000466 -0.000768 2385.0
0.000466 -0.000768 2386.0
0.000466 -0.000767 2387.0
0.000466 -0.000767 2388.0
0.000466 -0.000767 2389.0
0.000465 -0.000766 2390.0
0.000465 -0.000766 2391.0
0.000465 -0.000766 2392.0
0.000465 -0.000766 2393.0
0.000465 -0.000765 2394.0
0.000464 -0.000765 2395.0
0.000464 -0.000765 2396.0
0.000464 -0.000764 2397.0
0.000464 -0.000764 2398.0
0.000464 -0.000764 2399.0
0.000463 -0.000764 2400.0
0.000463 -0.000763 2401.0
0.000463 -0.000763 2402.0
0.000462 -0.000765 2403.0
0.000462 -0.000765 2404.0
0.000462 -0.000765 2405.0
0.000461 -0.000765 2406.0
0.000461 -0.000765 2407.0
0.000461 -0.000766 2408.0
0.000461 -0.000766 2409.0
0.000461 -0.000766 2410.0
0.000461 -0.000766 2411.0
0.000461 -0.000766 2412.0
0.000461 -0.000766 2413.0
0.000461 -0.000767 2414.0
0.000461 -0.000767 2415.0
0.000461 -0.000767 2416.0
0.000461 -0.000767 2417.0
0.000460 -0.000767 2418.0
0.000460 -0.000767 2419.0
0.000460 -0.000768 2420.0
0.000460 -0.000768 2421.0
0.000460 -0.000768 2422.0
0.000460 -0.000768 2423.0
0.000460 -0.000768 2424.0
0.000460 -0.000768 2425.0
0.000460 -0.000769 2426.0
0.000460 -0.000769 2427.0
0.000460 -0.000769 2428.0
0.000460 -0.000769 2429.0
0.000459 -0.000769 2430.0
0.000459 -0.000769 2431.0
0.000459 -0.000770 2432.0
0.000459 -0.000770 2433.0
0.000459 -0.000770 2434.0
0.000459 -0.000770 2435.0
0.000459 -0.000770 2436.0
0.000459 -0.000770 2437.0
0.000459 -0.000771 2438.0
0.000459 -0.000771 2439.0
0.000459 -0.000771 2440.0
0.000459 -0.000771 2441.0
0.000458 -0.000771 2442.0
0.000458 -0.000771 2443.0
0.000458 -0.000772 2444.0
0.000458 -0.000772 2445.0
0.000458 -0.000772 2446.0
0.000458 -0.000772 2447.0
0.000458 -0.000772 2448.0
0.000458 -0.000772 2449.0
0.000458 -0.000773 2450.0
0.000458 -0.000773 2451.0
0.000458 -0.000773 2452.0
0.000458 -0.000773 2453.0
0.000457 -0.000773 2454.0
0.000457 -0.000773 2455.0
0.000457 -0.000774 2456.0
0.000457 -0.000774 2457.0
0.000457 -0.000774 2458.0
0.000457 -0.000774 2459.0
0.000457 -0.000774 2460.0
0.000457 -0.000774 2461.0
0.000457 -0.000775 2462.0
0.000456 -0.000774 2463.0
0.000456 -0.000774 2464.0
0.000456 -0.000775 2465.0
0.000456 -0.000775 2466.0
0.000457 -0.000775 2467.0
0.000457 -0.000776 2468.0
0.000457 -0.000776 2469.0
0.000457 -0.000776 2470.0
0.000457 -0.000777 2471.0
0.000457 -0.000777 2472.0
0.000458 -0.000777 2473.0
0.000458 -0.000778 2474.0
0.000458 -0.000778 2475.0
0.000458 -0.000778 2476.0
0.000458 -0.000779 2477.0
0.000458 -0.000779 2478.0
0.000458 -0.000779 2479.0
0.000459 -0.000780 2480.0
0.000459 -0.000780 2481.0
0.000459 -0.000780 2482.0
0.000459 -0.000781 2483.0
0.000459 -0.000781 2484.0
0.000459 -0.000781 2485.0
0.000459 -0.000782 2486.0
0.000460 -0.000782 2487.0
0.000460 -0.000782 2488.0
0.000460 -0.000783 2489.0
0.000460 -0.000783 2490.0
0.000460 -0.000783 2491.0
0.000460 -0.000784 2492.0
0.000461 -0.000784 2493.0
0.000461 -0.000784 2494.0
0.000461 -0.000785 2495.0
0.000461 -0.000785 2496.0
0.000461 -0.000785 2497.0
0.000461 -0.000786 2498.0
0.000461 -0.000786 2499.0
0.000462 -0.000786 2500.0
0.000462 -0.000787 2501.0
0.000462 -0.000787 2502.0
0.000462 -0.000787 2503.0
0.000462 -0.000788 2504.0
0.000462 -0.000788 2505.0
0.000462 -0.000788 2506.0
0.000463 -0.000789 2507.0
0.000463 -0.000789 2508.0
0.000463 -0.000789 2509.0
0.000463 -0.000790 2510.0
0.000463 -0.000790 2511.0
0.000463 -0.000790 2512.0
0.000464 -0.000791 2513.0
0.000464 -0.000791 2514.0
0.000464 -0.000791 2515.0
0.000464 -0.000792 2516.0
0.000464 -0.000792 2517.0
0.000464 -0.000792 2518.0
0.000464 -0.000793 2519.0
0.000465 -0.000793 2520.0
0.000465 -0.000793 2521.0
0.000465 -0.000794 2522.0
0.000466 -0.000793 2523.0
0.000467 -0.000792 2524.0
0.000467 -0.000792 2525.0
0.000467 -0.000792 2526.0
0.000467 -0.000792 2527.0
0.000468 -0.000792 2528.0
0.000468 -0.000792 2529.0
0.000468 -0.000792 2530.0
0.000468 -0.000792 2531.0
0.000469 -0.000792 2532.0
0.000469 -0.000792 2533.0
0.000469 -0.000792 2534.0
0.000469 -0.000792 2535.0
0.000470 -0.000792 2536.0
0.000470 -0.000792 2537.0
0.000470 -0.000792 2538.0
0.000470 -0.000792 2539.0
0.000471 -0.000791 2540.0
0.000471 -0.000791 2541.0
0.000471 -0.000791 2542.0
0.000471 -0.000791 2543.0
0.000472 -0.000791 2544.0
0.000472 -0.000791 2545.0
0.000472 -0.000791 2546.0
0.000472 -0.000791 2547.0
0.000473 -0.000791 2548.0
0.000473 -0.000791 2549.0
0.000473 -0.000791 2550.0
0.000473 -0.000791 2551.0
0.000474 -0.000791 2552.0
0.000474 -0.000791 2553.0
0.000474 -0.000791 2554.0
0.000474 -0.000791 2555.0
0.000475 -0.000790 2556.0
0.000475 -0.000790 2557.0
0.000475 -0.000790 2558.0
0.000475 -0.000790 2559.0
0.000476 -0.000790 2560.0
0.000476 -0.000790 2561.0
0.000476 -0.000790 2562.0
0.000476 -0.000790 2563.0
0.000477 -0.000790 2564.0
0.000477 -0.000790 2565.0
0.000477 -0.000790 2566.0
0.000477 -0.000790 2567.0
0.000478 -0.000790 2568.0
0.000478 -0.000790 2569.0
0.000478 -0.000790 2570.0
0.000478 -0.000790 2571.0
0.000479 -0.000789 2572.0
0.000479 -0.000789 2573.0
0.000479 -0.000789 2574.0
0.000479 -0.000790 2575.0
0.000479 -0.000790 2576.0
0.000479 -0.000789 2577.0
0.000480 -0.000789 2578.0
0.000480 -0.000788 2579.0
0.000480 -0.000788 2580.0
0.000480 -0.000787 2581.0
0.000480 -0.000787 2582.0
0.000480 -0.000787 2583.0
0.000480 -0.000786 2584.0
0.000481 -0.000786 2585.0
0.000481 -0.000785 2586.0
0.000481 -0.000785 2587.0
0.000481 -0.000784 2588.0
0.000481 -0.000784 2589.0
0.000481 -0.000784 2590.0
0.000481 -0.000783 2591.0
0.000482 -0.000783 2592.0
0.000482 -0.000782 2593.0
0.000482 -0.000782 2594.0
0.000482 -0.000782 2595.0
0.000482 -0.000781 2596.0
0.000482 -0.000781 2597.0
0.000482 -0.000780 2598.0
0.000483 -0.000780 2599.0
0.000483 -0.000779 2600.0
0.000483 -0.000779 2601.0
0.000483 -0.000779 2602.0
0.000483 -0.000778 2603.0
0.000483 -0.000778 2604.0
0.000483 -0.000777 2605.0
0.000484 -0.000777 2606.0
0.000484 -0.000776 2607.0
0.000484 -0.000776 2608.0
0.000484 -0.000776 2609.0
0.000484 -0.000775 2610.0
0.000484 -0.000775 2611.0
0.000484 -0.000774 2612.0
0.000485 -0.000774 2613.0
0.000485 -0.000773 2614.0
0.000485 -0.000773 2615.0
0.000485 -0.000773 2616.0
0.000485 -0.000772 2617.0
0.000485 -0.000772 2618.0
0.000485 -0.000771 2619.0
0.000486 -0.000771 2620.0
0.000486 -0.000771 2621.0
0.000486 -0.000770 2622.0
0.000486 -0.000770 2623.0
0.000486 -0.000769 2624.0
0.000486 -0.000769 2625.0
0.000486 -0.000768 2626.0
0.000487 -0.000768 2627.0
0.000487 -0.000768 2628.0
0.000488 -0.000768 2629.0
0.000488 -0.000768 2630.0
0.000488 -0.000768 2631.0
0.000487 -0.000768 2632.0
0.000487 -0.000768 2633.0
0.000487 -0.000767 2634.0
0.000486 -0.000767 2635.0
0.000486 -0.000767 2636.0
0.000486 -0.000767 2637.0
0.000485 -0.000766 2638.0
0.000485 -0.000766 2639.0
0.000485 -0.000766 2640.0
0.000484 -0.000766 2641.0
0.000484 -0.000765 2642.0
0.000484 -0.000765 2643.0
0.000484 -0.000765 2644.0
0.000483 -0.000765 2645.0
0.000483 -0.000765 2646.0
0.000483 -0.000764 2647.0
0.000482 -0.000764 2648.0
0.000482 -0.000764 2649.0
0.000482 -0.000764 2650.0
0.000481 -0.000763 2651.0
0.000481 -0.000763 2652.0
0.000481 -0.000763 2653.0
0.000480 -0.000763 2654.0
0.000480 -0.000763 2655.0
0.000480 -0.000762 2656.0
0.000480 -0.000762 2657.0
0.000479 -0.000762 2658.0
0.000479 -0.000762 2659.0
0.000479 -0.000761 2660.0
0.000478 -0.000761 2661.0
0.000478 -0.000761 2662.0
0.000478 -0.000761 2663.0
0.000477 -0.000760 2664.0
0.000477 -0.000760 2665.0
0.000477 -0.000760 2666.0
0.000476 -0.000760 2667.0
0.000476 -0.000760 2668.0
0.000476 -0.000759 2669.0
0.000476 -0.000759 2670.0
0.000475 -0.000759 2671.0
0.000475 -0.000759 2672.0
0.000475 -0.000758 2673.0
0.000474 -0.000758 2674.0
0.000474 -0.000758 2675.0
0.000474 -0.000758 2676.0
0.000473 -0.000757 2677.0
0.000473 -0.000757 2678.0
0.000473 -0.000757 2679.0
0.000472 -0.000757 2680.0
0.000472 -0.000757 2681.0
0.000472 -0.000756 2682.0
0.000472 -0.000756 2683.0
0.000471 -0.000756 2684.0
0.000471 -0.000756 2685.0
0.000471 -0.000755 2686.0
0.000470 -0.000758 2687.0
0.000469 -0.000757 2688.0
0.000469 -0.000757 2689.0
0.000469 -0.000757 2690.0
0.000469 -0.000756 2691.0
0.000469 -0.000756 2692.0
0.000469 -0.000756 2693.0
0.000468 -0.000755 2694.0
0.000468 -0.000755 2695.0
0.000468 -0.000755 2696.0
0.000468 -0.000754 2697.0
0.000468 -0.000754 2698.0
0.000468 -0.000754 2699.0
0.000467 -0.000753 2700.0
0.000467 -0.000753 2701.0
0.000467 -0.000753 2702.0
0.000467 -0.000752 2703.0
0.000467 -0.000752 2704.0
0.000467 -0.000752 2705.0
0.000466 -0.000751 2706.0
0.000466 -0.000751 2707.0
0.000466 -0.000751 2708.0
0.000466 -0.000750 2709.0
0.000466 -0.000750 2710.0
0.000466 -0.000750 2711.0
0.000465 -0.000749 2712.0
0.000465 -0.000749 2713.0
0.000465 -0.000749 2714.0
0.000465 -0.000748 2715.0
0.000465 -0.000748 2716.0
0.000465 -0.000748 2717.0
0.000464 -0.000747 2718.0
0.000464 -0.000747 2719.0
0.000464 -0.000747 2720.0
0.000464 -0.000746 2721.0
0.000464 -0.000746 2722.0
0.000464 -0.000746 2723.0
0.000463 -0.000745 2724.0
0.000463 -0.000745 2725.0
0.000463 -0.000745 2726.0
0.000463 -0.000745 2727.0
0.000463 -0.000744 2728.0
0.000463 -0.000744 2729.0
0.000462 -0.000744 2730.0
0.000462 -0.000743 2731.0
0.000462 -0.000743 2732.0
0.000462 -0.000743 2733.0
0.000462 -0.000742 2734.0
0.000462 -0.000742 2735.0
0.000461 -0.000742 2736.0
0.000461 -0.000741 2737.0
0.000461 -0.000741 2738.0
0.000461 -0.000741 2739.0
0.000461 -0.000740 2740.0
0.000461 -0.000740 2741.0
0.000460 -0.000740 2742.0
0.000460 -0.000739 2743.0
0.000459 -0.000741 2744.0
0.000459 -0.000741 2745.0
0.000459 -0.000741 2746.0
0.000459 -0.000741 2747.0
0.000459 -0.000741 2748.0
0.000459 -0.000741 2749.0
0.000458 -0.000741 2750.0
0.000458 -0.000740 2751.0
0.000458 -0.000740 2752.0
0.000458 -0.000740 2753.0
0.000458 -0.000740 2754.0
0.000458 -0.000740 2755.0
0.000458 -0.000740 2756.0
0.000458 -0.000740 2757.0
0.000458 -0.000740 2758.0
0.000458 -0.000740 2759.0
0.000458 -0.000740 2760.0
0.000458 -0.000740 2761.0
0.000458 -0.000740 2762.0
0.000458 -0.000740 2763.0
0.000458 -0.000740 2764.0
0.000458 -0.000740 2765.0
0.000458 -0.000740 2766.0
0.000457 -0.000740 2767.0
0.000457 -0.000740 2768.0
0.000457 -0.000740 2769.0
0.000457 -0.000740 2770.0
0.000457 -0.000740 2771.0
0.000457 -0.000740 2772.0
0.000457 -0.000740 2773.0
0.000457 -0.000740 2774.0
0.000457 -0.000740 2775.0
0.000457 -0.000740 2776.0
0.000457 -0.000740 2777.0
0.000457 -0.000740 2778.0
0.000457 -0.000740 2779.0
0.000457 -0.000740 2780.0
0.000457 -0.000740 2781.0
0.000457 -0.000740 2782.0
0.000457 -0.000740 2783.0
0.000456 -0.000740 2784.0
0.000456 -0.000740 2785.0
0.000456 -0.000740 2786.0
0.000456 -0.000739 2787.0
0.000456 -0.000739 2788.0
0.000456 -0.000739 2789.0
0.000456 -0.000739 2790.0
0.000456 -0.000739 2791.0
0.000456 -0.000739 2792.0
0.000456 -0.000739 2793.0
0.000456 -0.000739 2794.0
0.000456 -0.000739 2795.0
0.000456 -0.000739 2796.0
0.000456 -0.000739 2797.0
0.000456 -0.000739 2798.0
0.000456 -0.000739 2799.0
0.000456 -0.000739 2800.0
0.000455 -0.000739 2801.0
0.000455 -0.000739 2802.0
0.000455 -0.000739 2803.0
0.000455 -0.000739 2804.0
0.000455 -0.000739 2805.0
0.000455 -0.000739 2806.0
0.000455 -0.000739 2807.0
0.000455 -0.000739 2808.0
0.000455 -0.000739 2809.0
0.000455 -0.000739 2810.0
0.000455 -0.000739 2811.0
0.000456 -0.000739 2812.0
0.000456 -0.000739 2813.0
0.000456 -0.000738 2814.0
0.000456 -0.000738 2815.0
0.000456 -0.000738 2816.0
0.000457 -0.000738 2817.0
0.000457 -0.000738 2818.0
0.000457 -0.000738 2819.0
0.000457 -0.000737 2820.0
0.000457 -0.000737 2821.0
0.000458 -0.000737 2822.0
0.000458 -0.000737 2823.0
0.000458 -0.000737 2824.0
0.000458 -0.000737 2825.0
0.000458 -0.000736 2826.0
0.000458 -0.000736 2827.0
0.000459 -0.000736 2828.0
0.000459 -0.000736 2829.0
0.000459 -0.000736 2830.0
0.000459 -0.000736 2831.0
0.000459 -0.000735 2832.0
0.000460 -0.000735 2833.0
0.000460 -0.000735 2834.0
0.000460 -0.000735 2835.0
0.000460 -0.000735 2836.0
0.000460 -0.000735 2837.0
0.000461 -0.000735 2838.0
0.000461 -0.000734 2839.0
0.000461 -0.000734 2840.0
0.000461 -0.000734 2841.0
0.000461 -0.000734 2842.0
0.000462 -0.000734 2843.0
0.000462 -0.000734 2844.0
0.000462 -0.000733 2845.0
0.000462 -0.000733 2846.0
0.000462 -0.000733 2847.0
0.000463 -0.000733 2848.0
0.000463 -0.000733 2849.0
0.000463 -0.000733 2850.0
0.000463 -0.000732 2851.0
0.000463 -0.000732 2852.0
0.000464 -0.000732 2853.0
0.000464 -0.000732 2854.0
0.000464 -0.000732 2855.0
0.000464 -0.000732 2856.0
0.000464 -0.000731 2857.0
0.000464 -0.000731 2858.0
0.000465 -0.000731 2859.0
0.000465 -0.000731 2860.0
0.000465 -0.000731 2861.0
0.000465 -0.000731 2862.0
0.000465 -0.000730 2863.0
0.000466 -0.000732 2864.0
0.000466 -0.000731 2865.0
0.000466 -0.000731 2866.0
0.000466 -0.000730 2867.0
0.000466 -0.000730 2868.0
0.000466 -0.000729 2869.0
0.000466 -0.000728 2870.0
0.000466 -0.000728 2871.0
0.000466 -0.000727 2872.0
0.000466 -0.000727 2873.0
0.000465 -0.000726 2874.0
0.000465 -0.000725 2875.0
0.000465 -0.000725 2876.0
0.000465 -0.000724 2877.0
0.000465 -0.000724 2878.0
0.000465 -0.000723 2879.0
0.000465 -0.000723 2880.0
0.000465 -0.000722 2881.0
0.000465 -0.000721 2882.0
0.000465 -0.000721 2883.0
0.000465 -0.000720 2884.0
0.000465 -0.000720 2885.0
0.000465 -0.000719 2886.0
0.000465 -0.000718 2887.0
0.000465 -0.000718 2888.0
0.000465 -0.000717 2889.0
0.000464 -0.000717 2890.0
0.000464 -0.000716 2891.0
0.000464 -0.000716 2892.0
0.000464 -0.000715 2893.0
0.000464 -0.000714 2894.0
0.000464 -0.000714 2895.0
0.000464 -0.000713 2896.0
0.000464 -0.000713 2897.0
0.000464 -0.000712 2898.0
0.000464 -0.000712 2899.0
0.000464 -0.000711 2900.0
0.000464 -0.000710 2901.0
0.000464 -0.000710 2902.0
0.000464 -0.000709 2903.0
0.000464 -0.000709 2904.0
0.000464 -0.000708 2905.0
0.000463 -0.000707 2906.0
0.000463 -0.000707 2907.0
0.000463 -0.000706 2908.0
0.000463 -0.000706 2909.0
0.000463 -0.000705 2910.0
0.000463 -0.000705 2911.0
0.000463 -0.000704 2912.0
0.000463 -0.000703 2913.0
0.000463 -0.000703 2914.0
0.000463 -0.000702 2915.0
0.000463 -0.000702 2916.0
0.000463 -0.000701 2917.0
0.000463 -0.000700 2918.0
0.000463 -0.000700 2919.0
0.000463 -0.000699 2920.0
0.000463 -0.000699 2921.0
0.000462 -0.000698 2922.0
0.000462 -0.000698 2923.0
0.000462 -0.000697 2924.0
0.000461 -0.000697 2925.0
0.000461 -0.000697 2926.0
0.000461 -0.000696 2927.0
0.000461 -0.000695 2928.0
0.000461 -0.000695 2929.0
0.000461 -0.000694 2930.0
0.000462 -0.000694 2931.0
0.000462 -0.000693 2932.0
0.000462 -0.000693 2933.0
0.000462 -0.000692 2934.0
0.000462 -0.000691 2935.0
0.000462 -0.000691 2936.0
0.000462 -0.000690 2937.0
0.000462 -0.000690 2938.0
0.000462 -0.000689 2939.0
0.000462 -0.000689 2940.0
0.000462 -0.000688 2941.0
0.000462 -0.000688 2942.0
0.000462 -0.000687 2943.0
0.000462 -0.000686 2944.0
0.000462 -0.000686 2945.0
0.000462 -0.000685 2946.0
0.000462 -0.000685 2947.0
0.000462 -0.000684 2948.0
0.000462 -0.000684 2949.0
0.000462 -0.000683 2950.0
0.000462 -0.000682 2951.0
0.000462 -0.000682 2952.0
0.000462 -0.000681 2953.0
0.000462 -0.000681 2954.0
0.000462 -0.000680 2955.0
0.000462 -0.000680 2956.0
0.000462 -0.000679 2957.0
0.000462 -0.000678 2958.0
0.000462 -0.000678 2959.0
0.000462 -0.000677 2960.0
0.000462 -0.000677 2961.0
0.000462 -0.000676 2962.0
0.000462 -0.000676 2963.0
0.000462 -0.000675 2964.0
0.000462 -0.000674 2965.0
0.000462 -0.000674 2966.0
0.000462 -0.000673 2967.0
0.000463 -0.000673 2968.0
0.000463 -0.000672 2969.0
0.000463 -0.000672 2970.0
0.000463 -0.000672 2971.0
0.000463 -0.000672 2972.0
0.000463 -0.000672 2973.0
0.000462 -0.000672 2974.0
0.000462 -0.000672 2975.0
0.000462 -0.000672 2976.0
0.000462 -0.000672 2977.0
0.000462 -0.000672 2978.0
0.000462 -0.000672 2979.0
0.000462 -0.000672 2980.0
0.000462 -0.000672 2981.0
0.000462 -0.000672 2982.0
0.000461 -0.000672 2983.0
0.000461 -0.000671 2984.0
0.000461 -0.000671 2985.0
0.000461 -0.000671 2986.0
0.000461 -0.000671 2987.0
0.000461 -0.000671 2988.0
0.000461 -0.000671 2989.0
0.000461 -0.000671 2990.0
0.000461 -0.000671 2991.0
0.000460 -0.000671 2992.0
0.000460 -0.000671 2993.0
0.000460 -0.000671 2994.0
0.000460 -0.000671 2995.0
0.000460 -0.000671 2996.0
0.000460 -0.000671 2997.0
0.000460 -0.000671 2998.0
0.000460 -0.000671 2999.0
0.000460 -0.000671 3000.0
0.000459 -0.000671 3001.0
0.000459 -0.000671 3002.0
0.000459 -0.000671 3003.0
0.000459 -0.000671 3004.0
0.000459 -0.000671 3005.0
0.000459 -0.000671 3006.0
0.000459 -0.000671 3007.0
0.000459 -0.000671 3008.0
0.000459 -0.000671 3009.0
0.000459 -0.000671 3010.0
0.000459 -0.000671 3011.0
0.000459 -0.000671 3012.0
0.000458 -0.000671 3013.0
0.000458 -0.000671 3014.0
0.000458 -0.000671 3015.0
0.000458 -0.000671 3016.0
0.000458 -0.000671 3017.0
0.000458 -0.000671 3018.0
0.000458 -0.000671 3019.0
0.000458 -0.000671 3020.0
0.000458 -0.000671 3021.0
0.000458 -0.000671 3022.0
0.000458 -0.000671 3023.0
0.000458 -0.000671 3024.0
0.000458 -0.000671 3025.0
0.000458 -0.000671 3026.0
0.000457 -0.000671 3027.0
0.000457 -0.000671 3028.0
0.000457 -0.000671 3029.0
0.000457 -0.000671 3030.0
0.000457 -0.000671 3031.0
0.000457 -0.000671 3032.0
0.000457 -0.000671 3033.0
0.000457 -0.000671 3034.0
0.000457 -0.000671 3035.0
0.000457 -0.000671 3036.0
0.000457 -0.000671 3037.0
0.000457 -0.000671 3038.0
0.000457 -0.000671 3039.0
0.000457 -0.000671 3040.0
0.000456 -0.000671 3041.0
0.000456 -0.000671 3042.0
0.000456 -0.000671 3043.0
0.000456 -0.000671 3044.0
0.000456 -0.000671 3045.0
0.000456 -0.000671 3046.0
0.000456 -0.000671 3047.0
0.000456 -0.000670 3048.0
0.000456 -0.000670 3049.0
0.000456 -0.000670 3050.0
0.000456 -0.000670 3051.0
0.000455 -0.000670 3052.0
0.000455 -0.000670 3053.0
0.000455 -0.000670 3054.0
0.000455 -0.000670 3055.0
0.000455 -0.000670 3056.0
0.000455 -0.000670 3057.0
0.000455 -0.000670 3058.0
0.000455 -0.000670 3059.0
0.000455 -0.000670 3060.0
0.000455 -0.000670 3061.0
0.000455 -0.000670 3062.0
0.000454 -0.000670 3063.0
0.000454 -0.000670 3064.0
0.000454 -0.000670 3065.0
0.000454 -0.000670 3066.0
0.000454 -0.000670 3067.0
0.000454 -0.000670 3068.0
0.000454 -0.000670 3069.0
0.000454 -0.000670 3070.0
0.000454 -0.000670 3071.0
0.000454 -0.000670 3072.0
0.000454 -0.000670 3073.0
0.000453 -0.000670 3074.0
0.000453 -0.000670 3075.0
0.000453 -0.000670 3076.0
0.000453 -0.000670 3077.0
0.000453 -0.000670 3078.0
0.000453 -0.000670 3079.0
0.000453 -0.000670 3080.0
0.000453 -0.000670 3081.0
0.000453 -0.000670 3082.0
0.000453 -0.000670 3083.0
0.000452 -0.000670 3084.0
0.000452 -0.000670 3085.0
0.000452 -0.000670 3086.0
0.000452 -0.000670 3087.0
0.000452 -0.000670 3088.0
0.000452 -0.000670 3089.0
0.000452 -0.000670 3090.0
0.000452 -0.000670 3091.0
0.000452 -0.000670 3092.0
0.000452 -0.000670 3093.0
0.000452 -0.000670 3094.0
0.000451 -0.000670 3095.0
0.000451 -0.000670 3096.0
0.000451 -0.000670 3097.0
0.000451 -0.000670 3098.0
0.000451 -0.000670 3099.0
0.000451 -0.000670 3100.0
0.000451 -0.000670 3101.0
0.000452 -0.000670 3102.0
0.000452 -0.000670 3103.0
0.000452 -0.000670 3104.0
0.000452 -0.000670 3105.0
0.000452 -0.000670 3106.0
0.000452 -0.000670 3107.0
0.000452 -0.000670 3108.0
0.000452 -0.000670 3109.0
0.000453 -0.000670 3110.0
0.000453 -0.000670 3111.0
0.000453 -0.000670 3112.0
0.000453 -0.000670 3113.0
0.000453 -0.000670 3114.0
0.000453 -0.000670 3115.0
0.000453 -0.000670 3116.0
0.000454 -0.000670 3117.0
0.000454 -0.000670 3118.0
0.000454 -0.000670 3119.0
0.000454 -0.000670 3120.0
0.000454 -0.000671 3121.0
0.000454 -0.000671 3122.0
0.000454 -0.000671 3123.0
0.000454 -0.000671 3124.0
0.000455 -0.000671 3125.0
0.000455 -0.000671 3126.0
0.000455 -0.000671 3127.0
0.000455 -0.000671 3128.0
0.000455 -0.000671 3129.0
0.000455 -0.000671 3130.0
0.000455 -0.000671 3131.0
0.000455 -0.000671 3132.0
0.000456 -0.000671 3133.0
0.000456 -0.000671 3134.0
0.000456 -0.000671 3135.0
0.000456 -0.000671 3136.0
0.000456 -0.000671 3137.0
0.000456 -0.000671 3138.0
0.000456 -0.000671 3139.0
0.000456 -0.000671 3140.0
0.000456 -0.000671 3141.0
0.000456 -0.000671 3142.0
0.000456 -0.000671 3143.0
0.000456 -0.000671 3144.0
0.000456 -0.000671 3145.0
0.000456 -0.000671 3146.0
0.000456 -0.000671 3147.0
0.000456 -0.000671 3148.0
0.000456 -0.000671 3149.0
0.000456 -0.000671 3150.0
0.000456 -0.000671 3151.0
0.000456 -0.000671 3152.0
0.000456 -0.000671 3153.0
0.000456 -0.000671 3154.0
0.000456 -0.000671 3155.0
0.000456 -0.000671 3156.0
0.000456 -0.000671 3157.0
0.000456 -0.000671 3158.0
0.000456 -0.000671 3159.0
0.000456 -0.000671 3160.0
0.000456 -0.000671 3161.0
0.000456 -0.000671 3162.0
0.000456 -0.000671 3163.0
0.000456 -0.000671 3164.0
0.000456 -0.000671 3165.0
0.000456 -0.000671 3166.0
0.000456 -0.000671 3167.0
0.000456 -0.000671 3168.0
0.000456 -0.000671 3169.0
0.000456 -0.000671 3170.0
0.000456 -0.000671 3171.0
0.000456 -0.000671 3172.0
0.000456 -0.000671 3173.0
0.000456 -0.000671 3174.0
0.000456 -0.000671 3175.0
0.000456 -0.000671 3176.0
0.000456 -0.000671 3177.0
0.000456 -0.000671 3178.0
0.000456 -0.000671 3179.0
0.000456 -0.000671 3180.0
0.000456 -0.000671 3181.0
0.000456 -0.000671 3182.0
0.000456 -0.000671 3183.0
0.000456 -0.000671 3184.0
0.000456 -0.000671 3185.0
0.000456 -0.000671 3186.0
0.000456 -0.000671 3187.0
0.000456 -0.000671 3188.0
0.000456 -0.000671 3189.0
0.000456 -0.000671 3190.0
0.000456 -0.000671 3191.0
0.000456 -0.000671 3192.0
0.000456 -0.000671 3193.0
0.000456 -0.000671 3194.0
0.000456 -0.000671 3195.0
0.000456 -0.000671 3196.0
0.000456 -0.000671 3197.0
0.000456 -0.000671 3198.0
0.000456 -0.000671 3199.0
0.000456 -0.000671 3200.0
0.000456 -0.000671 3201.0
0.000456 -0.000671 3202.0
0.000456 -0.000671 3203.0
0.000456 -0.000671 3204.0
0.000456 -0.000671 3205.0
0.000456 -0.000671 3206.0
0.000456 -0.000671 3207.0
0.000456 -0.000671 3208.0
0.000456 -0.000671 3209.0
0.000456 -0.000671 3210.0
0.000456 -0.000671 3211.0
0.000456 -0.000671 3212.0
0.000456 -0.000671 3213.0
0.000456 -0.000671 3214.0
0.000456 -0.000671 3215.0
0.000456 -0.000671 3216.0
0.000456 -0.000671 3217.0
0.000456 -0.000671 3218.0
0.000456 -0.000671 3219.0
0.000456 -0.000671 3220.0
0.000456 -0.000671 3221.0
0.000456 -0.000671 3222.0
0.000456 -0.000671 3223.0
0.000456 -0.000671 3224.0
0.000456 -0.000671 3225.0
0.000456 -0.000671 3226.0
0.000456 -0.000671 3227.0
0.000456 -0.000671 3228.0
0.000456 -0.000671 3229.0
0.000456 -0.000671 3230.0
0.000456 -0.000671 3231.0
0.000456 -0.000671 3232.0
0.000456 -0.000671 3233.0
0.000456 -0.000671 3234.0
0.000456 -0.000671 3235.0
0.000456 -0.000671 3236.0
0.000456 -0.000671 3237.0
0.000456 -0.000671 3238.0
0.000456 -0.000671 3239.0
0.000456 -0.000671 3240.0
0.000456 -0.000671 3241.0
0.000456 -0.000671 3242.0
0.000456 -0.000671 3243.0
0.000456 -0.000671 3244.0
0.000456 -0.000671 3245.0
0.000456 -0.000671 3246.0
0.000456 -0.000671 3247.0
0.000456 -0.000671 3248.0
0.000456 -0.000671 3249.0
0.000456 -0.000671 3250.0
0.000456 -0.000671 3251.0
0.000456 -0.000671 3252.0
0.000456 -0.000671 3253.0
0.000456 -0.000671 3254.0
0.000456 -0.000671 3255.0
0.000456 -0.000671 3256.0
0.000456 -0.000671 3257.0
0.000456 -0.000671 3258.0
0.000456 -0.000671 3259.0
0.000456 -0.000671 3260.0
0.000456 -0.000671 3261.0
0.000456 -0.000671 3262.0
0.000456 -0.000671 3263.0
0.000456 -0.000671 3264.0
0.000456 -0.000671 3265.0
0.000456 -0.000671 3266.0
0.000456 -0.000671 3267.0
0.000456 -0.000671 3268.0
0.000456 -0.000671 3269.0
0.000456 -0.000671 3270.0
0.000456 -0.000671 3271.0
0.000456 -0.000671 3272.0
0.000456 -0.000671 3273.0
0.000456 -0.000671 3274.0
0.000456 -0.000671 3275.0
0.000456 -0.000671 3276.0
0.000456 -0.000671 3277.0
0.000456 -0.000671 3278.0
0.000456 -0.000671 3279.0
0.000456 -0.000671 3280.0
0.000456 -0.000671 3281.0
0.000456 -0.000671 3282.0
0.000456 -0.000671 3283.0
0.000456 -0.000671 3284.0
0.000456 -0.000671 3285.0
0.000456 -0.000671 3286.0
0.000456 -0.000671 3287.0
0.000456 -0.000671 3288.0
0.000456 -0.000671 3289.0
0.000456 -0.000671 3290.0
0.000456 -0.000671 3291.0
0.000456 -0.000671 3292.0
0.000456 -0.000671 3293.0
0.000456 -0.000671 3294.0
0.000456 -0.000671 3295.0
0.000456 -0.000671 3296.0
0.000456 -0.000671 3297.0
0.000456 -0.000671 3298.0
0.000456 -0.000671 3299.0
0.000456 -0.000671 3300.0
0.000456 -0.000671 3301.0
0.000456 -0.000671 3302.0
0.000456 -0.000671 3303.0
0.000456 -0.000671 3304.0
0.000456 -0.000671 3305.0
0.000456 -0.000671 3306.0
0.000456 -0.000671 3307.0
0.000456 -0.000671 3308.0
0.000456 -0.000671 3309.0
0.000456 -0.000671 3310.0
0.000456 -0.000671 3311.0
0.000456 -0.000671 3312.0
0.000456 -0.000671 3313.0
0.000456 -0.000671 3314.0
0.000456 -0.000671 3315.0
0.000456 -0.000671 3316.0
0.000456 -0.000670 3317.0
0.000456 -0.000670 3318.0
0.000456 -0.000670 3319.0
0.000457 -0.000670 3320.0
0.000457 -0.000670 3321.0
0.000457 -0.000670 3322.0
0.000457 -0.000670 3323.0
0.000457 -0.000670 3324.0
0.000457 -0.000669 3325.0
0.000457 -0.000669 3326.0
0.000457 -0.000669 3327.0
0.000458 -0.000669 3328.0
0.000458 -0.000669 3329.0
0.000458 -0.000669 3330.0
0.000458 -0.000669 3331.0
0.000458 -0.000669 3332.0
0.000458 -0.000669 3333.0
0.000458 -0.000668 3334.0
0.000458 -0.000668 3335.0
0.000458 -0.000668 3336.0
0.000459 -0.000668 3337.0
0.000459 -0.000668 3338.0
0.000459 -0.000668 3339.0
0.000459 -0.000668 3340.0
0.000459 -0.000668 3341.0
0.000459 -0.000667 3342.0
0.000459 -0.000667 3343.0
0.000459 -0.000667 3344.0
0.000459 -0.000667 3345.0
0.000460 -0.000667 3346.0
0.000460 -0.000667 3347.0
0.000460 -0.000667 3348.0
0.000460 -0.000667 3349.0
0.000460 -0.000666 3350.0
0.000460 -0.000666 3351.0
0.000460 -0.000666 3352.0
0.000460 -0.000666 3353.0
0.000460 -0.000666 3354.0
0.000461 -0.000666 3355.0
0.000461 -0.000666 3356.0
0.000461 -0.000666 3357.0
0.000461 -0.000665 3358.0
0.000461 -0.000665 3359.0
0.000461 -0.000665 3360.0
0.000461 -0.000665 3361.0
0.000461 -0.000665 3362.0
0.000461 -0.000665 3363.0
0.000462 -0.000665 3364.0
0.000462 -0.000665 3365.0
0.000462 -0.000664 3366.0
0.000462 -0.000664 3367.0
0.000462 -0.000664 3368.0
0.000462 -0.000664 3369.0
0.000462 -0.000664 3370.0
0.000462 -0.000664 3371.0
0.000463 -0.000664 3372.0
0.000463 -0.000664 3373.0
0.000463 -0.000665 3374.0
0.000463 -0.000665 3375.0
0.000464 -0.000665 3376.0
0.000464 -0.000664 3377.0
0.000464 -0.000664 3378.0
0.000464 -0.000664 3379.0
0.000464 -0.000664 3380.0
0.000465 -0.000664 3381.0
0.000465 -0.000664 3382.0
0.000465 -0.000664 3383.0
0.000465 -0.000664 3384.0
0.000465 -0.000664 3385.0
0.000466 -0.000664 3386.0
0.000466 -0.000664 3387.0
0.000466 -0.000664 3388.0
0.000466 -0.000664 3389.0
0.000466 -0.000664 3390.0
0.000467 -0.000664 3391.0
0.000467 -0.000664 3392.0
0.000467 -0.000664 3393.0
0.000467 -0.000664 3394.0
0.000467 -0.000664 3395.0
0.000468 -0.000664 3396.0
0.000468 -0.000664 3397.0
0.000468 -0.000664 3398.0
0.000468 -0.000664 3399.0
0.000468 -0.000664 3400.0
0.000469 -0.000664 3401.0
0.000469 -0.000663 3402.0
0.000469 -0.000663 3403.0
0.000469 -0.000663 3404.0
0.000469 -0.000663 3405.0
0.000470 -0.000663 3406.0
0.000470 -0.000663 3407.0
0.000470 -0.000663 3408.0
0.000470 -0.000663 3409.0
0.000470 -0.000663 3410.0
0.000471 -0.000663 3411.0
0.000471 -0.000663 3412.0
0.000471 -0.000663 3413.0
0.000471 -0.000663 3414.0
0.000471 -0.000663 3415.0
0.000472 -0.000663 3416.0
0.000472 -0.000663 3417.0
0.000472 -0.000663 3418.0
0.000472 -0.000663 3419.0
0.000472 -0.000663 3420.0
0.000473 -0.000663 3421.0
0.000473 -0.000663 3422.0
0.000473 -0.000663 3423.0
0.000473 -0.000663 3424.0
0.000474 -0.000663 3425.0
0.000474 -0.000663 3426.0
0.000474 -0.000663 3427.0
0.000474 -0.000662 3428.0
0.000474 -0.000662 3429.0
0.000475 -0.000662 3430.0
0.000475 -0.000662 3431.0
0.000475 -0.000662 3432.0
0.000475 -0.000662 3433.0
0.000475 -0.000663 3434.0
0.000476 -0.000663 3435.0
0.000476 -0.000663 3436.0
0.000476 -0.000663 3437.0
0.000476 -0.000663 3438.0
0.000477 -0.000663 3439.0
0.000477 -0.000663 3440.0
0.000477 -0.000663 3441.0
0.000478 -0.000663 3442.0
0.000478 -0.000663 3443.0
0.000478 -0.000663 3444.0
0.000479 -0.000663 3445.0
0.000479 -0.000663 3446.0
0.000479 -0.000663 3447.0
0.000480 -0.000663 3448.0
0.000480 -0.000663 3449.0
0.000480 -0.000663 3450.0
0.000481 -0.000663 3451.0
0.000481 -0.000663 3452.0
0.000481 -0.000664 3453.0
0.000482 -0.000664 3454.0
0.000482 -0.000664 3455.0
0.000482 -0.000664 3456.0
0.000483 -0.000664 3457.0
0.000483 -0.000664 3458.0
0.000483 -0.000664 3459.0
0.000484 -0.000664 3460.0
0.000484 -0.000664 3461.0
0.000484 -0.000664 3462.0
0.000485 -0.000664 3463.0
0.000485 -0.000664 3464.0
0.000485 -0.000664 3465.0
0.000486 -0.000664 3466.0
0.000486 -0.000664 3467.0
0.000486 -0.000664 3468.0
0.000487 -0.000664 3469.0
0.000487 -0.000664 3470.0
0.000487 -0.000664 3471.0
0.000488 -0.000664 3472.0
0.000488 -0.000664 3473.0
0.000488 -0.000664 3474.0
0.000489 -0.000664 3475.0
0.000489 -0.000664 3476.0
0.000489 -0.000665 3477.0
0.000490 -0.000665 3478.0
0.000490 -0.000665 3479.0
0.000490 -0.000665 3480.0
0.000491 -0.000665 3481.0
0.000491 -0.000665 3482.0
0.000491 -0.000665 3483.0
0.000492 -0.000665 3484.0
0.000492 -0.000665 3485.0
0.000492 -0.000665 3486.0
0.000493 -0.000665 3487.0
0.000493 -0.000665 3488.0
0.000493 -0.000665 3489.0
0.000493 -0.000665 3490.0
0.000494 -0.000665 3491.0
0.000494 -0.000665 3492.0
0.000494 -0.000665 3493.0
0.000494 -0.000665 3494.0
0.000495 -0.000664 3495.0
0.000495 -0.000664 3496.0
0.000495 -0.000663 3497.0
0.000495 -0.000663 3498.0
0.000495 -0.000662 3499.0
0.000495 -0.000662 3500.0
0.000495 -0.000661 3501.0
0.000495 -0.000660 3502.0
0.000496 -0.000660 3503.0
0.000496 -0.000659 3504.0
0.000496 -0.000659 3505.0
0.000496 -0.000658 3506.0
0.000496 -0.000658 3507.0
0.000496 -0.000657 3508.0
0.000496 -0.000657 3509.0
0.000496 -0.000656 3510.0
0.000496 -0.000656 3511.0
0.000497 -0.000655 3512.0
0.000497 -0.000655 3513.0
0.000497 -0.000654 3514.0
0.000497 -0.000654 3515.0
0.000497 -0.000653 3516.0
0.000497 -0.000653 3517.0
0.000497 -0.000652 3518.0
0.000497 -0.000652 3519.0
0.000498 -0.000651 3520.0
0.000498 -0.000651 3521.0
0.000498 -0.000650 3522.0
0.000498 -0.000649 3523.0
0.000498 -0.000649 3524.0
0.000498 -0.000648 3525.0
0.000498 -0.000648 3526.0
0.000498 -0.000647 3527.0
0.000498 -0.000647 3528.0
0.000499 -0.000646 3529.0
0.000499 -0.000646 3530.0
0.000499 -0.000645 3531.0
0.000499 -0.000645 3532.0
0.000499 -0.000644 3533.0
0.000499 -0.000644 3534.0
0.000499 -0.000643 3535.0
0.000499 -0.000643 3536.0
0.000500 -0.000642 3537.0
0.000500 -0.000642 3538.0
0.000500 -0.000641 3539.0
0.000500 -0.000641 3540.0
0.000500 -0.000640 3541.0
0.000500 -0.000640 3542.0
0.000500 -0.000639 3543.0
0.000500 -0.000638 3544.0
0.000500 -0.000638 3545.0
0.000501 -0.000637 3546.0
0.000501 -0.000637 3547.0
0.000501 -0.000636 3548.0
0.000501 -0.000636 3549.0
0.000501 -0.000635 3550.0
0.000501 -0.000635 3551.0
0.000501 -0.000634 3552.0
0.000501 -0.000634 3553.0
0.000501 -0.000633 3554.0
0.000503 -0.000634 3555.0
