0.000323 -0.000643 5.0
0.000323 -0.000643 6.0
0.000322 -0.000642 7.0
0.000322 -0.000642 8.0
0.000322 -0.000642 9.0
0.000322 -0.000641 10.0
0.000322 -0.000641 11.0
0.000321 -0.000641 12.0
0.000321 -0.000641 13.0
0.000321 -0.000640 14.0
0.000321 -0.000640 15.0
0.000321 -0.000640 16.0
0.000320 -0.000639 17.0
0.000320 -0.000639 18.0
0.000320 -0.000639 19.0
0.000320 -0.000638 20.0
0.000320 -0.000638 21.0
0.000319 -0.000638 22.0
0.000319 -0.000638 23.0
0.000319 -0.000637 24.0
0.000319 -0.000637 25.0
0.000318 -0.000637 26.0
0.000318 -0.000636 27.0
0.000318 -0.000636 28.0
0.000318 -0.000636 29.0
0.000318 -0.000636 30.0
0.000317 -0.000635 31.0
0.000317 -0.000635 32.0
0.000317 -0.000635 33.0
0.000317 -0.000634 34.0
0.000317 -0.000634 35.0
0.000316 -0.000634 36.0
0.000316 -0.000634 37.0
0.000316 -0.000633 38.0
0.000316 -0.000633 39.0
0.000315 -0.000633 40.0
0.000315 -0.000632 41.0
0.000315 -0.000632 42.0
0.000315 -0.000632 43.0
0.000315 -0.000632 44.0
0.000314 -0.000631 45.0
0.000314 -0.000631 46.0
0.000314 -0.000631 47.0
0.000314 -0.000630 48.0
0.000314 -0.000630 49.0
0.000313 -0.000630 50.0
0.000313 -0.000630 51.0
0.000313 -0.000629 52.0
0.000313 -0.000629 53.0
0.000312 -0.000629 54.0
0.000312 -0.000628 55.0
0.000312 -0.000628 56.0
0.000312 -0.000628 57.0
0.000312 -0.000628 58.0
0.000311 -0.000627 59.0
0.000311 -0.000627 60.0
0.000311 -0.000627 61.0
0.000311 -0.000626 62.0
0.000311 -0.000626 63.0
0.000310 -0.000626 64.0
0.000310 -0.000626 65.0
0.000310 -0.000625 66.0
0.000310 -0.000625 67.0
0.000309 -0.000625 68.0
0.000309 -0.000624 69.0
0.000309 -0.000624 70.0
0.000309 -0.000624 71.0
0.000309 -0.000624 72.0
0.000308 -0.000623 73.0
0.000308 -0.000623 74.0
0.000308 -0.000623 75.0
0.000308 -0.000622 76.0
0.000308 -0.000622 77.0
0.000307 -0.000622 78.0
0.000307 -0.000622 79.0
0.000307 -0.000621 80.0
0.000305 -0.000624 81.0
0.000305 -0.000623 82.0
0.000305 -0.000622 83.0
0.000305 -0.000622 84.0
0.000305 -0.000621 85.0
0.000306 -0.000620 86.0
0.000306 -0.000620 87.0
0.000306 -0.000619 88.0
0.000306 -0.000618 89.0
0.000306 -0.000618 90.0
0.000306 -0.000617 91.0
0.000306 -0.000616 92.0
0.000306 -0.000615 93.0
0.000306 -0.000615 94.0
0.000306 -0.000614 95.0
0.000306 -0.000613 96.0
0.000307 -0.000613 97.0
0.000307 -0.000612 98.0
0.000307 -0.000611 99.0
0.000307 -0.000611 100.0
0.000307 -0.000610 101.0
0.000307 -0.000609 102.0
0.000307 -0.000609 103.0
0.000307 -0.000608 104.0
0.000307 -0.000607 105.0
0.000307 -0.000606 106.0
0.000307 -0.000606 107.0
0.000308 -0.000605 108.0
0.000308 -0.000604 109.0
0.000308 -0.000604 110.0
0.000308 -0.000603 111.0
0.000308 -0.000602 112.0
0.000308 -0.000602 113.0
0.000308 -0.000601 114.0
0.000308 -0.000600 115.0
0.000308 -0.000600 116.0
0.000308 -0.000599 117.0
0.000308 -0.000598 118.0
0.000309 -0.000598 119.0
0.000309 -0.000597 120.0
0.000309 -0.000596 121.0
0.000309 -0.000595 122.0
0.000309 -0.000595 123.0
0.000309 -0.000594 124.0
0.000309 -0.000593 125.0
0.000309 -0.000593 126.0
0.000310 -0.000593 127.0
0.000310 -0.000593 128.0
0.000311 -0.000592 129.0
0.000311 -0.000592 130.0
0.000311 -0.000591 131.0
0.000311 -0.000591 132.0
0.000312 -0.000590 133.0
0.000312 -0.000590 134.0
0.000312 -0.000589 135.0
0.000312 -0.000589 136.0
0.000313 -0.000589 137.0
0.000313 -0.000588 138.0
0.000313 -0.000588 139.0
0.000313 -0.000587 140.0
0.000314 -0.000587 141.0
0.000314 -0.000586 142.0
0.000314 -0.000586 143.0
0.000314 -0.000585 144.0
0.000315 -0.000585 145.0
0.000315 -0.000585 146.0
0.000315 -0.000584 147.0
0.000315 -0.000584 148.0
0.000315 -0.000583 149.0
0.000316 -0.000583 150.0
0.000316 -0.000582 151.0
0.000316 -0.000582 152.0
0.000316 -0.000581 153.0
0.000317 -0.000581 154.0
0.000317 -0.000581 155.0
0.000317 -0.000580 156.0
0.000317 -0.000580 157.0
0.000318 -0.000579 158.0
0.000318 -0.000579 159.0
0.000318 -0.000578 160.0
0.000318 -0.000578 161.0
0.000319 -0.000577 162.0
0.000319 -0.000577 163.0
0.000319 -0.000577 164.0
0.000319 -0.000576 165.0
0.000319 -0.000576 166.0
0.000320 -0.000575 167.0
0.000320 -0.000575 168.0
0.000320 -0.000574 169.0
0.000320 -0.000574 170.0
0.000321 -0.000573 171.0
0.000321 -0.000573 172.0
0.000321 -0.000573 173.0
0.000321 -0.000572 174.0
0.000322 -0.000572 175.0
0.000322 -0.000571 176.0
0.000322 -0.000571 177.0
0.000322 -0.000570 178.0
0.000323 -0.000570 179.0
0.000323 -0.000569 180.0
0.000323 -0.000569 181.0
0.000323 -0.000569 182.0
0.000323 -0.000568 183.0
0.000324 -0.000568 184.0
0.000324 -0.000567 185.0
0.000324 -0.000567 186.0
0.000326 -0.000569 187.0
0.000326 -0.000568 188.0
0.000326 -0.000568 189.0
0.000326 -0.000568 190.0
0.000326 -0.000567 191.0
0.000326 -0.000567 192.0
0.000326 -0.000567 193.0
0.000326 -0.000566 194.0
0.000326 -0.000566 195.0
0.000326 -0.000566 196.0
0.000326 -0.000565 197.0
0.000325 -0.000565 198.0
0.000325 -0.000565 199.0
0.000325 -0.000564 200.0
0.000325 -0.000564 201.0
0.000325 -0.000564 202.0
0.000325 -0.000563 203.0
0.000325 -0.000563 204.0
0.000325 -0.000563 205.0
0.000325 -0.000562 206.0
0.000325 -0.000562 207.0
0.000325 -0.000562 208.0
0.000324 -0.000562 209.0
0.000324 -0.000561 210.0
0.000324 -0.000561 211.0
0.000324 -0.000561 212.0
0.000324 -0.000560 213.0
0.000324 -0.000560 214.0
0.000324 -0.000560 215.0
0.000324 -0.000559 216.0
0.000324 -0.000559 217.0
0.000324 -0.000559 218.0
0.000324 -0.000558 219.0
0.000323 -0.000558 220.0
0.000323 -0.000558 221.0
0.000323 -0.000557 222.0
0.000323 -0.000557 223.0
0.000323 -0.000557 224.0
0.000323 -0.000556 225.0
0.000323 -0.000556 226.0
0.000323 -0.000556 227.0
0.000323 -0.000555 228.0
0.000323 -0.000555 229.0
0.000323 -0.000555 230.0
0.000322 -0.000554 231.0
0.000322 -0.000554 232.0
0.000322 -0.000554 233.0
0.000322 -0.000553 234.0
0.000322 -0.000553 235.0
0.000322 -0.000553 236.0
0.000322 -0.000552 237.0
0.000322 -0.000552 238.0
0.000322 -0.000552 239.0
0.000322 -0.000551 240.0
0.000322 -0.000551 241.0
0.000321 -0.000551 242.0
0.000321 -0.000550 243.0
0.000321 -0.000550 244.0
0.000321 -0.000550 245.0
0.000321 -0.000549 246.0
0.000321 -0.000549 247.0
0.000321 -0.000549 248.0
0.000321 -0.000548 249.0
0.000321 -0.000548 250.0
0.000321 -0.000548 251.0
0.000321 -0.000547 252.0
0.000321 -0.000547 253.0
0.000320 -0.000547 254.0
0.000320 -0.000546 255.0
0.000320 -0.000546 256.0
0.000320 -0.000546 257.0
0.000320 -0.000545 258.0
0.000320 -0.000545 259.0
0.000320 -0.000545 260.0
0.000320 -0.000544 261.0
0.000320 -0.000544 262.0
0.000320 -0.000544 263.0
0.000320 -0.000543 264.0
0.000319 -0.000543 265.0
0.000319 -0.000543 266.0
0.000319 -0.000542 267.0
0.000319 -0.000542 268.0
0.000319 -0.000542 269.0
0.000319 -0.000541 270.0
0.000319 -0.000541 271.0
0.000319 -0.000541 272.0
0.000319 -0.000540 273.0
0.000319 -0.000540 274.0
0.000319 -0.000540 275.0
0.000318 -0.000539 276.0
0.000318 -0.000539 277.0
0.000318 -0.000539 278.0
0.000318 -0.000538 279.0
0.000318 -0.000538 280.0
0.000318 -0.000538 281.0
0.000318 -0.000537 282.0
0.000318 -0.000537 283.0
0.000318 -0.000537 284.0
0.000318 -0.000536 285.0
0.000318 -0.000536 286.0
0.000317 -0.000536 287.0
0.000317 -0.000535 288.0
0.000317 -0.000535 289.0
0.000317 -0.000535 290.0
0.000317 -0.000534 291.0
0.000317 -0.000534 292.0
0.000317 -0.000534 293.0
0.000317 -0.000533 294.0
0.000317 -0.000533 295.0
0.000317 -0.000533 296.0
0.000317 -0.000532 297.0
0.000316 -0.000532 298.0
0.000316 -0.000532 299.0
0.000316 -0.000531 300.0
0.000316 -0.000531 301.0
0.000316 -0.000531 302.0
0.000316 -0.000530 303.0
0.000316 -0.000530 304.0
0.000316 -0.000530 305.0
0.000316 -0.000529 306.0
0.000316 -0.000529 307.0
0.000316 -0.000529 308.0
0.000316 -0.000528 309.0
0.000315 -0.000528 310.0
0.000315 -0.000528 311.0
0.000315 -0.000527 312.0
0.000313 -0.000529 313.0
0.000311 -0.000528 314.0
0.000310 -0.000527 315.0
0.000309 -0.000526 316.0
0.000308 -0.000525 317.0
0.000306 -0.000524 318.0
0.000305 -0.000523 319.0
0.000304 -0.000522 320.0
0.000302 -0.000522 321.0
0.000301 -0.000521 322.0
0.000300 -0.000520 323.0
0.000298 -0.000519 324.0
0.000297 -0.000518 325.0
0.000296 -0.000517 326.0
0.000295 -0.000516 327.0
0.000293 -0.000515 328.0
0.000292 -0.000515 329.0
0.000291 -0.000514 330.0
0.000289 -0.000513 331.0
0.000288 -0.000512 332.0
0.000287 -0.000511 333.0
0.000285 -0.000510 334.0
0.000284 -0.000509 335.0
0.000283 -0.000508 336.0
0.000282 -0.000508 337.0
0.000280 -0.000507 338.0
0.000279 -0.000506 339.0
0.000278 -0.000505 340.0
0.000276 -0.000504 341.0
0.000275 -0.000503 342.0
0.000274 -0.000502 343.0
0.000272 -0.000501 344.0
0.000271 -0.000500 345.0
0.000270 -0.000500 346.0
0.000269 -0.000499 347.0
0.000267 -0.000498 348.0
0.000266 -0.000497 349.0
0.000265 -0.000496 350.0
0.000263 -0.000495 351.0
0.000262 -0.000494 352.0
0.000261 -0.000493 353.0
0.000259 -0.000493 354.0
0.000258 -0.000492 355.0
0.000257 -0.000491 356.0
0.000256 -0.000490 357.0
0.000254 -0.000489 358.0
0.000253 -0.000488 359.0
0.000252 -0.000487 360.0
0.000250 -0.000486 361.0
0.000249 -0.000486 362.0
0.000248 -0.000485 363.0
0.000246 -0.000484 364.0
0.000245 -0.000483 365.0
0.000244 -0.000482 366.0
0.000242 -0.000481 367.0
0.000241 -0.000480 368.0
0.000240 -0.000479 369.0
0.000239 -0.000479 370.0
0.000237 -0.000478 371.0
0.000236 -0.000477 372.0
0.000235 -0.000476 373.0
0.000233 -0.000475 374.0
0.000230 -0.000484 375.0
0.000207 -0.000475 376.0
0.000205 -0.000474 377.0
0.000203 -0.000473 378.0
0.000201 -0.000472 379.0
0.000199 -0.000471 380.0
0.000197 -0.000470 381.0
0.000195 -0.000469 382.0
0.000193 -0.000468 383.0
0.000191 -0.000467 384.0
0.000189 -0.000466 385.0
0.000188 -0.000465 386.0
0.000186 -0.000464 387.0
0.000184 -0.000463 388.0
0.000182 -0.000462 389.0
0.000180 -0.000461 390.0
0.000178 -0.000460 391.0
0.000176 -0.000459 392.0
0.000174 -0.000458 393.0
0.000172 -0.000457 394.0
0.000170 -0.000456 395.0
0.000168 -0.000455 396.0
0.000167 -0.000454 397.0
0.000165 -0.000453 398.0
0.000163 -0.000452 399.0
0.000161 -0.000451 400.0
0.000159 -0.000450 401.0
0.000157 -0.000449 402.0
0.000155 -0.000448 403.0
0.000153 -0.000447 404.0
0.000151 -0.000446 405.0
0.000149 -0.000445 406.0
0.000147 -0.000444 407.0
0.000146 -0.000443 408.0
0.000144 -0.000442 409.0
0.000142 -0.000441 410.0
0.000140 -0.000441 411.0
0.000138 -0.000440 412.0
0.000136 -0.000439 413.0
0.000134 -0.000438 414.0
0.000132 -0.000437 415.0
0.000130 -0.000436 416.0
0.000128 -0.000435 417.0
0.000127 -0.000434 418.0
0.000125 -0.000433 419.0
0.000123 -0.000432 420.0
0.000121 -0.000431 421.0
0.000119 -0.000430 422.0
0.000117 -0.000429 423.0
0.000115 -0.000428 424.0
0.000113 -0.000427 425.0
0.000111 -0.000426 426.0
0.000109 -0.000425 427.0
0.000107 -0.000424 428.0
0.000106 -0.000423 429.0
0.000104 -0.000422 430.0
0.000102 -0.000421 431.0
0.000100 -0.000420 432.0
0.000098 -0.000419 433.0
0.000096 -0.000418 434.0
0.000094 -0.000417 435.0
0.000091 -0.000428 436.0
0.000089 -0.000427 437.0
0.000087 -0.000426 438.0
0.000085 -0.000426 439.0
0.000083 -0.000425 440.0
0.000081 -0.000425 441.0
0.000079 -0.000424 442.0
0.000077 -0.000424 443.0
0.000075 -0.000423 444.0
0.000073 -0.000422 445.0
0.000071 -0.000422 446.0
0.000069 -0.000421 447.0
0.000067 -0.000421 448.0
0.000065 -0.000420 449.0
0.000063 -0.000420 450.0
0.000061 -0.000419 451.0
0.000059 -0.000419 452.0
0.000057 -0.000418 453.0
0.000055 -0.000417 454.0
0.000053 -0.000417 455.0
0.000051 -0.000416 456.0
0.000049 -0.000416 457.0
0.000047 -0.000415 458.0
0.000045 -0.000415 459.0
0.000043 -0.000414 460.0
0.000040 -0.000414 461.0
0.000038 -0.000413 462.0
0.000036 -0.000412 463.0
0.000034 -0.000412 464.0
0.000032 -0.000411 465.0
0.000030 -0.000411 466.0
0.000028 -0.000410 467.0
0.000026 -0.000410 468.0
0.000024 -0.000409 469.0
0.000022 -0.000408 470.0
0.000020 -0.000408 471.0
0.000018 -0.000407 472.0
0.000016 -0.000407 473.0
0.000014 -0.000406 474.0
0.000012 -0.000406 475.0
0.000010 -0.000405 476.0
0.000008 -0.000405 477.0
0.000006 -0.000404 478.0
0.000004 -0.000403 479.0
0.000002 -0.000403 480.0
0.000000 -0.000402 481.0
-0.000002 -0.000402 482.0
-0.000004 -0.000401 483.0
-0.000006 -0.000401 484.0
-0.000008 -0.000400 485.0
-0.000010 -0.000399 486.0
-0.000012 -0.000399 487.0
-0.000013 -0.000405 488.0
-0.000015 -0.000404 489.0
-0.000018 -0.000403 490.0
-0.000020 -0.000403 491.0
-0.000022 -0.000402 492.0
-0.000025 -0.000401 493.0
-0.000027 -0.000401 494.0
-0.000029 -0.000400 495.0
-0.000032 -0.000399 496.0
-0.000034 -0.000399 497.0
-0.000036 -0.000398 498.0
-0.000039 -0.000397 499.0
-0.000041 -0.000397 500.0
-0.000043 -0.000396 501.0
-0.000046 -0.000395 502.0
-0.000048 -0.000395 503.0
-0.000050 -0.000394 504.0
-0.000053 -0.000394 505.0
-0.000055 -0.000393 506.0
-0.000057 -0.000392 507.0
-0.000060 -0.000392 508.0
-0.000062 -0.000391 509.0
-0.000064 -0.000390 510.0
-0.000067 -0.000390 511.0
-0.000069 -0.000389 512.0
-0.000071 -0.000388 513.0
-0.000074 -0.000388 514.0
-0.000076 -0.000387 515.0
-0.000078 -0.000386 516.0
-0.000081 -0.000386 517.0
-0.000083 -0.000385 518.0
-0.000085 -0.000384 519.0
-0.000088 -0.000384 520.0
-0.000090 -0.000383 521.0
-0.000092 -0.000382 522.0
-0.000095 -0.000382 523.0
-0.000097 -0.000381 524.0
-0.000099 -0.000380 525.0
-0.000102 -0.000380 526.0
-0.000104 -0.000379 527.0
-0.000106 -0.000378 528.0
-0.000109 -0.000378 529.0
-0.000111 -0.000377 530.0
-0.000113 -0.000377 531.0
-0.000116 -0.000376 532.0
-0.000117 -0.000382 533.0
-0.000119 -0.000382 534.0
-0.000121 -0.000383 535.0
-0.000123 -0.000384 536.0
-0.000125 -0.000385 537.0
-0.000127 -0.000386 538.0
-0.000129 -0.000387 539.0
-0.000131 -0.000388 540.0
-0.000133 -0.000389 541.0
-0.000135 -0.000390 542.0
-0.000137 -0.000390 543.0
-0.000139 -0.000391 544.0
-0.000141 -0.000392 545.0
-0.000143 -0.000393 546.0
-0.000145 -0.000394 547.0
-0.000147 -0.000395 548.0
-0.000149 -0.000396 549.0
-0.000151 -0.000397 550.0
-0.000153 -0.000398 551.0
-0.000155 -0.000399 552.0
-0.000157 -0.000399 553.0
-0.000159 -0.000400 554.0
-0.000161 -0.000401 555.0
-0.000163 -0.000402 556.0
-0.000165 -0.000403 557.0
-0.000167 -0.000404 558.0
-0.000169 -0.000405 559.0
-0.000171 -0.000406 560.0
-0.000173 -0.000407 561.0
-0.000175 -0.000407 562.0
-0.000177 -0.000408 563.0
-0.000179 -0.000409 564.0
-0.000181 -0.000410 565.0
-0.000183 -0.000411 566.0
-0.000185 -0.000412 567.0
-0.000187 -0.000413 568.0
-0.000189 -0.000414 569.0
-0.000191 -0.000415 570.0
-0.000193 -0.000415 571.0
-0.000195 -0.000416 572.0
-0.000197 -0.000417 573.0
-0.000199 -0.000418 574.0
-0.000201 -0.000419 575.0
-0.000203 -0.000420 576.0
-0.000205 -0.000421 577.0
-0.000207 -0.000422 578.0
-0.000209 -0.000423 579.0
-0.000211 -0.000424 580.0
-0.000213 -0.000424 581.0
-0.000215 -0.000425 582.0
-0.000217 -0.000417 583.0
-0.000219 -0.000419 584.0
-0.000220 -0.000421 585.0
-0.000221 -0.000423 586.0
-0.000223 -0.000425 587.0
-0.000224 -0.000427 588.0
-0.000226 -0.000429 589.0
-0.000227 -0.000431 590.0
-0.000229 -0.000433 591.0
-0.000230 -0.000436 592.0
-0.000231 -0.000438 593.0
-0.000233 -0.000440 594.0
-0.000234 -0.000442 595.0
-0.000236 -0.000444 596.0
-0.000237 -0.000446 597.0
-0.000238 -0.000448 598.0
-0.000240 -0.000450 599.0
-0.000241 -0.000452 600.0
-0.000243 -0.000454 601.0
-0.000244 -0.000456 602.0
-0.000246 -0.000458 603.0
-0.000247 -0.000460 604.0
-0.000248 -0.000462 605.0
-0.000250 -0.000464 606.0
-0.000251 -0.000466 607.0
-0.000253 -0.000468 608.0
-0.000254 -0.000470 609.0
-0.000256 -0.000472 610.0
-0.000257 -0.000475 611.0
-0.000258 -0.000477 612.0
-0.000260 -0.000479 613.0
-0.000261 -0.000481 614.0
-0.000263 -0.000483 615.0
-0.000264 -0.000485 616.0
-0.000265 -0.000487 617.0
-0.000267 -0.000489 618.0
-0.000268 -0.000491 619.0
-0.000270 -0.000493 620.0
-0.000271 -0.000495 621.0
-0.000273 -0.000497 622.0
-0.000274 -0.000499 623.0
-0.000275 -0.000501 624.0
-0.000277 -0.000503 625.0
-0.000278 -0.000505 626.0
-0.000280 -0.000507 627.0
-0.000281 -0.000509 628.0
-0.000282 -0.000511 629.0
-0.000284 -0.000514 630.0
-0.000285 -0.000516 631.0
-0.000294 -0.000505 632.0
-0.000294 -0.000505 633.0
-0.000295 -0.000505 634.0
-0.000295 -0.000505 635.0
-0.000296 -0.000505 636.0
-0.000296 -0.000505 637.0
-0.000296 -0.000505 638.0
-0.000297 -0.000506 639.0
-0.000297 -0.000506 640.0
-0.000298 -0.000506 641.0
-0.000298 -0.000506 642.0
-0.000299 -0.000506 643.0
-0.000299 -0.000506 644.0
-0.000299 -0.000506 645.0
-0.000300 -0.000506 646.0
-0.000300 -0.000506 647.0
-0.000301 -0.000506 648.0
-0.000301 -0.000506 649.0
-0.000302 -0.000506 650.0
-0.000302 -0.000506 651.0
-0.000303 -0.000506 652.0
-0.000303 -0.000506 653.0
-0.000303 -0.000506 654.0
-0.000304 -0.000506 655.0
-0.000304 -0.000506 656.0
-0.000305 -0.000506 657.0
-0.000305 -0.000506 658.0
-0.000306 -0.000506 659.0
-0.000306 -0.000506 660.0
-0.000306 -0.000506 661.0
-0.000307 -0.000506 662.0
-0.000307 -0.000507 663.0
-0.000308 -0.000507 664.0
-0.000308 -0.000507 665.0
-0.000309 -0.000507 666.0
-0.000309 -0.000507 667.0
-0.000310 -0.000507 668.0
-0.000310 -0.000507 669.0
-0.000310 -0.000507 670.0
-0.000311 -0.000507 671.0
-0.000311 -0.000507 672.0
-0.000312 -0.000507 673.0
-0.000312 -0.000507 674.0
-0.000313 -0.000507 675.0
-0.000313 -0.000507 676.0
-0.000313 -0.000507 677.0
-0.000314 -0.000507 678.0
-0.000314 -0.000507 679.0
-0.000315 -0.000507 680.0
-0.000315 -0.000507 681.0
-0.000316 -0.000507 682.0
-0.000316 -0.000507 683.0
-0.000317 -0.000507 684.0
-0.000317 -0.000507 685.0
-0.000317 -0.000507 686.0
-0.000318 -0.000507 687.0
-0.000318 -0.000508 688.0
-0.000319 -0.000508 689.0
-0.000319 -0.000508 690.0
-0.000320 -0.000508 691.0
-0.000320 -0.000508 692.0
-0.000320 -0.000508 693.0
-0.000321 -0.000508 694.0
-0.000321 -0.000508 695.0
-0.000322 -0.000508 696.0
-0.000322 -0.000508 697.0
-0.000323 -0.000508 698.0
-0.000323 -0.000508 699.0
-0.000324 -0.000508 700.0
-0.000324 -0.000508 701.0
-0.000324 -0.000508 702.0
-0.000325 -0.000508 703.0
-0.000325 -0.000508 704.0
-0.000326 -0.000508 705.0
-0.000326 -0.000508 706.0
-0.000327 -0.000508 707.0
-0.000327 -0.000508 708.0
-0.000327 -0.000508 709.0
-0.000328 -0.000508 710.0
-0.000328 -0.000508 711.0
-0.000329 -0.000508 712.0
-0.000329 -0.000509 713.0
-0.000330 -0.000509 714.0
-0.000330 -0.000509 715.0
-0.000331 -0.000509 716.0
-0.000331 -0.000509 717.0
-0.000331 -0.000509 718.0
-0.000332 -0.000509 719.0
-0.000332 -0.000509 720.0
-0.000333 -0.000509 721.0
-0.000333 -0.000509 722.0
-0.000334 -0.000509 723.0
-0.000334 -0.000509 724.0
-0.000334 -0.000509 725.0
-0.000335 -0.000509 726.0
-0.000335 -0.000509 727.0
-0.000336 -0.000509 728.0
-0.000336 -0.000509 729.0
-0.000337 -0.000509 730.0
-0.000337 -0.000509 731.0
-0.000338 -0.000509 732.0
-0.000338 -0.000509 733.0
-0.000338 -0.000509 734.0
-0.000339 -0.000509 735.0
-0.000339 -0.000509 736.0
-0.000340 -0.000509 737.0
-0.000340 -0.000510 738.0
-0.000341 -0.000510 739.0
-0.000341 -0.000510 740.0
-0.000341 -0.000510 741.0
-0.000342 -0.000510 742.0
-0.000342 -0.000510 743.0
-0.000343 -0.000510 744.0
-0.000343 -0.000510 745.0
-0.000344 -0.000510 746.0
-0.000344 -0.000510 747.0
-0.000345 -0.000510 748.0
-0.000345 -0.000510 749.0
-0.000345 -0.000510 750.0
-0.000346 -0.000510 751.0
-0.000346 -0.000510 752.0
-0.000347 -0.000510 753.0
-0.000347 -0.000510 754.0
-0.000348 -0.000510 755.0
-0.000348 -0.000510 756.0
-0.000348 -0.000510 757.0
-0.000349 -0.000510 758.0
-0.000349 -0.000510 759.0
-0.000350 -0.000510 760.0
-0.000350 -0.000510 761.0
-0.000351 -0.000510 762.0
-0.000351 -0.000511 763.0
-0.000352 -0.000511 764.0
-0.000352 -0.000511 765.0
-0.000352 -0.000511 766.0
-0.000353 -0.000511 767.0
-0.000353 -0.000511 768.0
-0.000354 -0.000511 769.0
-0.000354 -0.000511 770.0
-0.000355 -0.000511 771.0
-0.000355 -0.000511 772.0
-0.000355 -0.000511 773.0
-0.000356 -0.000511 774.0
-0.000356 -0.000511 775.0
-0.000357 -0.000511 776.0
-0.000357 -0.000511 777.0
-0.000358 -0.000511 778.0
-0.000358 -0.000511 779.0
-0.000359 -0.000511 780.0
-0.000359 -0.000511 781.0
-0.000359 -0.000511 782.0
-0.000360 -0.000511 783.0
-0.000360 -0.000511 784.0
-0.000361 -0.000511 785.0
-0.000361 -0.000511 786.0
-0.000362 -0.000512 787.0
-0.000362 -0.000512 788.0
-0.000362 -0.000512 789.0
-0.000363 -0.000512 790.0
-0.000363 -0.000512 791.0
-0.000364 -0.000512 792.0
-0.000364 -0.000512 793.0
-0.000365 -0.000512 794.0
-0.000365 -0.000512 795.0
-0.000366 -0.000512 796.0
-0.000366 -0.000512 797.0
-0.000366 -0.000512 798.0
-0.000367 -0.000512 799.0
-0.000367 -0.000512 800.0
-0.000368 -0.000512 801.0
-0.000368 -0.000512 802.0
-0.000369 -0.000512 803.0
-0.000369 -0.000512 804.0
-0.000369 -0.000512 805.0
-0.000370 -0.000512 806.0
-0.000370 -0.000512 807.0
-0.000371 -0.000512 808.0
-0.000371 -0.000512 809.0
-0.000372 -0.000512 810.0
-0.000372 -0.000512 811.0
-0.000373 -0.000513 812.0
-0.000373 -0.000513 813.0
-0.000373 -0.000513 814.0
-0.000374 -0.000513 815.0
-0.000374 -0.000513 816.0
-0.000375 -0.000513 817.0
-0.000375 -0.000513 818.0
-0.000376 -0.000513 819.0
-0.000376 -0.000513 820.0
-0.000376 -0.000513 821.0
-0.000377 -0.000513 822.0
-0.000377 -0.000513 823.0
-0.000378 -0.000513 824.0
-0.000378 -0.000513 825.0
-0.000379 -0.000513 826.0
-0.000379 -0.000511 827.0
-0.000379 -0.000511 828.0
-0.000379 -0.000511 829.0
-0.000379 -0.000511 830.0
-0.000379 -0.000511 831.0
-0.000379 -0.000511 832.0
-0.000379 -0.000511 833.0
-0.000379 -0.000511 834.0
-0.000379 -0.000511 835.0
-0.000379 -0.000511 836.0
-0.000379 -0.000511 837.0
-0.000379 -0.000511 838.0
-0.000379 -0.000511 839.0
-0.000379 -0.000511 840.0
-0.000379 -0.000511 841.0
-0.000379 -0.000511 842.0
-0.000379 -0.000511 843.0
-0.000379 -0.000511 844.0
-0.000379 -0.000511 845.0
-0.000379 -0.000511 846.0
-0.000379 -0.000511 847.0
-0.000379 -0.000511 848.0
-0.000379 -0.000511 849.0
-0.000379 -0.000511 850.0
-0.000379 -0.000511 851.0
-0.000379 -0.000511 852.0
-0.000379 -0.000511 853.0
-0.000379 -0.000511 854.0
-0.000379 -0.000511 855.0
-0.000379 -0.000511 856.0
-0.000379 -0.000511 857.0
-0.000379 -0.000511 858.0
-0.000379 -0.000511 859.0
-0.000379 -0.000511 860.0
-0.000379 -0.000511 861.0
-0.000379 -0.000511 862.0
-0.000379 -0.000511 863.0
-0.000379 -0.000511 864.0
-0.000379 -0.000511 865.0
-0.000379 -0.000511 866.0
-0.000379 -0.000511 867.0
-0.000379 -0.000511 868.0
-0.000379 -0.000511 869.0
-0.000379 -0.000511 870.0
-0.000379 -0.000511 871.0
-0.000379 -0.000511 872.0
-0.000379 -0.000511 873.0
-0.000379 -0.000511 874.0
-0.000379 -0.000511 875.0
-0.000379 -0.000511 876.0
-0.000379 -0.000511 877.0
-0.000379 -0.000511 878.0
-0.000379 -0.000511 879.0
-0.000379 -0.000511 880.0
-0.000379 -0.000512 881.0
-0.000379 -0.000512 882.0
-0.000379 -0.000512 883.0
-0.000379 -0.000512 884.0
-0.000379 -0.000512 885.0
-0.000379 -0.000512 886.0
-0.000379 -0.000512 887.0
-0.000379 -0.000512 888.0
-0.000379 -0.000512 889.0
-0.000379 -0.000512 890.0
-0.000379 -0.000512 891.0
-0.000379 -0.000512 892.0
-0.000379 -0.000512 893.0
-0.000379 -0.000512 894.0
-0.000379 -0.000512 895.0
-0.000379 -0.000512 896.0
-0.000379 -0.000512 897.0
-0.000379 -0.000512 898.0
-0.000379 -0.000512 899.0
-0.000379 -0.000512 900.0
-0.000379 -0.000512 901.0
-0.000379 -0.000512 902.0
-0.000379 -0.000512 903.0
-0.000379 -0.000512 904.0
-0.000379 -0.000512 905.0
-0.000379 -0.000512 906.0
-0.000379 -0.000512 907.0
-0.000379 -0.000512 908.0
-0.000379 -0.000512 909.0
-0.000379 -0.000512 910.0
-0.000379 -0.000512 911.0
-0.000379 -0.000512 912.0
-0.000379 -0.000512 913.0
-0.000379 -0.000512 914.0
-0.000379 -0.000512 915.0
-0.000379 -0.000512 916.0
-0.000379 -0.000512 917.0
-0.000379 -0.000512 918.0
-0.000379 -0.000512 919.0
-0.000379 -0.000512 920.0
-0.000379 -0.000512 921.0
-0.000379 -0.000512 922.0
-0.000379 -0.000512 923.0
-0.000379 -0.000512 924.0
-0.000379 -0.000512 925.0
-0.000379 -0.000512 926.0
-0.000379 -0.000512 927.0
-0.000379 -0.000512 928.0
-0.000379 -0.000512 929.0
-0.000379 -0.000512 930.0
-0.000379 -0.000512 931.0
-0.000379 -0.000512 932.0
-0.000379 -0.000512 933.0
-0.000379 -0.000512 934.0
-0.000379 -0.000512 935.0
-0.000379 -0.000512 936.0
-0.000379 -0.000512 937.0
-0.000379 -0.000512 938.0
-0.000379 -0.000512 939.0
-0.000379 -0.000512 940.0
-0.000379 -0.000512 941.0
-0.000379 -0.000512 942.0
-0.000379 -0.000511 943.0
-0.000379 -0.000511 944.0
-0.000379 -0.000511 945.0
-0.000379 -0.000511 946.0
-0.000379 -0.000511 947.0
-0.000379 -0.000511 948.0
-0.000379 -0.000511 949.0
-0.000379 -0.000511 950.0
-0.000379 -0.000511 951.0
-0.000379 -0.000511 952.0
-0.000379 -0.000511 953.0
-0.000379 -0.000511 954.0
-0.000379 -0.000511 955.0
-0.000379 -0.000511 956.0
-0.000379 -0.000511 957.0
-0.000379 -0.000511 958.0
-0.000379 -0.000511 959.0
-0.000379 -0.000511 960.0
-0.000379 -0.000511 961.0
-0.000379 -0.000511 962.0
-0.000379 -0.000511 963.0
-0.000379 -0.000511 964.0
-0.000379 -0.000511 965.0
-0.000379 -0.000511 966.0
-0.000379 -0.000511 967.0
-0.000379 -0.000511 968.0
-0.000379 -0.000511 969.0
-0.000379 -0.000511 970.0
-0.000379 -0.000511 971.0
-0.000379 -0.000511 972.0
-0.000379 -0.000511 973.0
-0.000379 -0.000511 974.0
-0.000379 -0.000511 975.0
-0.000379 -0.000511 976.0
-0.000379 -0.000511 977.0
-0.000379 -0.000511 978.0
-0.000379 -0.000511 979.0
-0.000379 -0.000511 980.0
-0.000379 -0.000511 981.0
-0.000379 -0.000511 982.0
-0.000379 -0.000510 983.0
-0.000379 -0.000510 984.0
-0.000379 -0.000510 985.0
-0.000379 -0.000510 986.0
-0.000379 -0.000510 987.0
-0.000379 -0.000510 988.0
-0.000379 -0.000510 989.0
-0.000379 -0.000510 990.0
-0.000379 -0.000510 991.0
-0.000379 -0.000510 992.0
-0.000380 -0.000510 993.0
-0.000380 -0.000510 994.0
-0.000380 -0.000510 995.0
-0.000380 -0.000510 996.0
-0.000380 -0.000510 997.0
-0.000381 -0.000510 998.0
-0.000381 -0.000509 999.0
-0.000381 -0.000509 1000.0
-0.000382 -0.000509 1001.0
-0.000382 -0.000509 1002.0
-0.000382 -0.000509 1003.0
-0.000383 -0.000508 1004.0
-0.000383 -0.000508 1005.0
-0.000384 -0.000508 1006.0
-0.000384 -0.000508 1007.0
-0.000384 -0.000508 1008.0
-0.000385 -0.000507 1009.0
-0.000385 -0.000507 1010.0
-0.000385 -0.000507 1011.0
-0.000386 -0.000507 1012.0
-0.000386 -0.000506 1013.0
-0.000386 -0.000506 1014.0
-0.000387 -0.000506 1015.0
-0.000387 -0.000506 1016.0
-0.000387 -0.000506 1017.0
-0.000388 -0.000505 1018.0
-0.000388 -0.000505 1019.0
-0.000388 -0.000505 1020.0
-0.000389 -0.000505 1021.0
-0.000389 -0.000505 1022.0
-0.000390 -0.000504 1023.0
-0.000390 -0.000504 1024.0
-0.000390 -0.000504 1025.0
-0.000391 -0.000504 1026.0
-0.000391 -0.000503 1027.0
-0.000391 -0.000503 1028.0
-0.000392 -0.000503 1029.0
-0.000392 -0.000503 1030.0
-0.000392 -0.000503 1031.0
-0.000393 -0.000502 1032.0
-0.000393 -0.000502 1033.0
-0.000393 -0.000502 1034.0
-0.000394 -0.000502 1035.0
-0.000394 -0.000501 1036.0
-0.000394 -0.000501 1037.0
-0.000395 -0.000501 1038.0
-0.000395 -0.000501 1039.0
-0.000396 -0.000501 1040.0
-0.000396 -0.000500 1041.0
-0.000396 -0.000500 1042.0
-0.000397 -0.000500 1043.0
-0.000397 -0.000500 1044.0
-0.000397 -0.000500 1045.0
-0.000398 -0.000499 1046.0
-0.000398 -0.000499 1047.0
-0.000398 -0.000499 1048.0
-0.000399 -0.000499 1049.0
-0.000399 -0.000498 1050.0
-0.000399 -0.000498 1051.0
-0.000400 -0.000498 1052.0
-0.000400 -0.000498 1053.0
-0.000400 -0.000498 1054.0
-0.000401 -0.000497 1055.0
-0.000401 -0.000497 1056.0
-0.000402 -0.000497 1057.0
-0.000402 -0.000497 1058.0
-0.000402 -0.000497 1059.0
-0.000403 -0.000496 1060.0
-0.000403 -0.000496 1061.0
-0.000403 -0.000496 1062.0
-0.000404 -0.000496 1063.0
-0.000404 -0.000495 1064.0
-0.000404 -0.000495 1065.0
-0.000405 -0.000495 1066.0
-0.000405 -0.000495 1067.0
-0.000405 -0.000495 1068.0
-0.000406 -0.000494 1069.0
-0.000406 -0.000494 1070.0
-0.000406 -0.000494 1071.0
-0.000407 -0.000494 1072.0
-0.000407 -0.000493 1073.0
-0.000408 -0.000493 1074.0
-0.000408 -0.000493 1075.0
-0.000408 -0.000493 1076.0
-0.000409 -0.000493 1077.0
-0.000409 -0.000492 1078.0
-0.000409 -0.000492 1079.0
-0.000410 -0.000492 1080.0
-0.000410 -0.000492 1081.0
-0.000410 -0.000492 1082.0
-0.000411 -0.000491 1083.0
-0.000411 -0.000491 1084.0
-0.000411 -0.000491 1085.0
-0.000412 -0.000491 1086.0
-0.000412 -0.000490 1087.0
-0.000413 -0.000490 1088.0
-0.000413 -0.000490 1089.0
-0.000413 -0.000490 1090.0
-0.000414 -0.000490 1091.0
-0.000414 -0.000489 1092.0
-0.000414 -0.000489 1093.0
-0.000415 -0.000489 1094.0
-0.000415 -0.000489 1095.0
-0.000415 -0.000489 1096.0
-0.000416 -0.000488 1097.0
-0.000416 -0.000488 1098.0
-0.000416 -0.000488 1099.0
-0.000417 -0.000488 1100.0
-0.000417 -0.000487 1101.0
-0.000417 -0.000487 1102.0
-0.000418 -0.000487 1103.0
-0.000418 -0.000487 1104.0
-0.000419 -0.000487 1105.0
-0.000419 -0.000486 1106.0
-0.000419 -0.000486 1107.0
-0.000420 -0.000486 1108.0
-0.000420 -0.000486 1109.0
-0.000420 -0.000486 1110.0
-0.000421 -0.000485 1111.0
-0.000421 -0.000485 1112.0
-0.000421 -0.000485 1113.0
-0.000422 -0.000485 1114.0
-0.000422 -0.000484 1115.0
-0.000422 -0.000484 1116.0
-0.000423 -0.000484 1117.0
-0.000423 -0.000484 1118.0
-0.000423 -0.000484 1119.0
-0.000424 -0.000483 1120.0
-0.000424 -0.000483 1121.0
-0.000425 -0.000483 1122.0
-0.000425 -0.000483 1123.0
-0.000425 -0.000482 1124.0
-0.000426 -0.000482 1125.0
-0.000426 -0.000482 1126.0
-0.000426 -0.000482 1127.0
-0.000427 -0.000482 1128.0
-0.000427 -0.000481 1129.0
-0.000427 -0.000481 1130.0
-0.000428 -0.000481 1131.0
-0.000428 -0.000481 1132.0
-0.000428 -0.000481 1133.0
-0.000429 -0.000480 1134.0
-0.000429 -0.000480 1135.0
-0.000429 -0.000480 1136.0
-0.000430 -0.000480 1137.0
-0.000430 -0.000479 1138.0
-0.000431 -0.000479 1139.0
-0.000431 -0.000479 1140.0
-0.000431 -0.000479 1141.0
-0.000432 -0.000479 1142.0
-0.000432 -0.000478 1143.0
-0.000432 -0.000478 1144.0
-0.000433 -0.000478 1145.0
-0.000433 -0.000478 1146.0
-0.000433 -0.000478 1147.0
-0.000434 -0.000477 1148.0
-0.000434 -0.000477 1149.0
-0.000434 -0.000477 1150.0
-0.000435 -0.000477 1151.0
-0.000435 -0.000476 1152.0
-0.000435 -0.000476 1153.0
-0.000436 -0.000476 1154.0
-0.000436 -0.000476 1155.0
-0.000437 -0.000476 1156.0
-0.000437 -0.000475 1157.0
-0.000437 -0.000475 1158.0
-0.000438 -0.000475 1159.0
-0.000438 -0.000475 1160.0
-0.000438 -0.000475 1161.0
-0.000439 -0.000474 1162.0
-0.000439 -0.000474 1163.0
-0.000439 -0.000474 1164.0
-0.000440 -0.000474 1165.0
-0.000440 -0.000473 1166.0
-0.000440 -0.000473 1167.0
-0.000441 -0.000473 1168.0
-0.000441 -0.000473 1169.0
-0.000441 -0.000473 1170.0
-0.000442 -0.000472 1171.0
-0.000442 -0.000472 1172.0
-0.000443 -0.000472 1173.0
-0.000443 -0.000472 1174.0
-0.000443 -0.000471 1175.0
-0.000444 -0.000471 1176.0
-0.000444 -0.000471 1177.0
-0.000444 -0.000471 1178.0
-0.000445 -0.000471 1179.0
-0.000445 -0.000470 1180.0
-0.000445 -0.000470 1181.0
-0.000446 -0.000470 1182.0
-0.000446 -0.000470 1183.0
-0.000446 -0.000470 1184.0
-0.000447 -0.000469 1185.0
-0.000447 -0.000469 1186.0
-0.000447 -0.000469 1187.0
-0.000448 -0.000469 1188.0
-0.000448 -0.000468 1189.0
-0.000449 -0.000468 1190.0
-0.000449 -0.000468 1191.0
-0.000449 -0.000468 1192.0
-0.000450 -0.000468 1193.0
-0.000450 -0.000467 1194.0
-0.000450 -0.000467 1195.0
-0.000451 -0.000467 1196.0
-0.000451 -0.000467 1197.0
-0.000451 -0.000467 1198.0
-0.000452 -0.000466 1199.0
-0.000452 -0.000466 1200.0
-0.000452 -0.000466 1201.0
-0.000453 -0.000466 1202.0
-0.000453 -0.000465 1203.0
-0.000453 -0.000465 1204.0
-0.000454 -0.000465 1205.0
-0.000454 -0.000465 1206.0
-0.000455 -0.000465 1207.0
-0.000455 -0.000464 1208.0
-0.000455 -0.000464 1209.0
-0.000456 -0.000464 1210.0
-0.000456 -0.000464 1211.0
-0.000456 -0.000463 1212.0
-0.000457 -0.000463 1213.0
-0.000457 -0.000463 1214.0
-0.000457 -0.000463 1215.0
-0.000458 -0.000463 1216.0
-0.000458 -0.000462 1217.0
-0.000458 -0.000462 1218.0
-0.000459 -0.000462 1219.0
-0.000459 -0.000462 1220.0
-0.000459 -0.000462 1221.0
-0.000460 -0.000461 1222.0
-0.000460 -0.000461 1223.0
-0.000461 -0.000461 1224.0
-0.000461 -0.000461 1225.0
-0.000461 -0.000460 1226.0
-0.000462 -0.000460 1227.0
-0.000462 -0.000460 1228.0
-0.000462 -0.000460 1229.0
-0.000463 -0.000460 1230.0
-0.000463 -0.000459 1231.0
-0.000463 -0.000459 1232.0
-0.000464 -0.000459 1233.0
-0.000464 -0.000459 1234.0
-0.000464 -0.000459 1235.0
-0.000465 -0.000458 1236.0
-0.000465 -0.000458 1237.0
-0.000466 -0.000458 1238.0
-0.000466 -0.000458 1239.0
-0.000466 -0.000457 1240.0
-0.000467 -0.000457 1241.0
-0.000467 -0.000457 1242.0
-0.000467 -0.000457 1243.0
-0.000468 -0.000457 1244.0
-0.000468 -0.000456 1245.0
-0.000468 -0.000456 1246.0
-0.000469 -0.000456 1247.0
-0.000469 -0.000456 1248.0
-0.000469 -0.000456 1249.0
-0.000470 -0.000455 1250.0
-0.000470 -0.000455 1251.0
-0.000470 -0.000455 1252.0
-0.000471 -0.000455 1253.0
-0.000471 -0.000454 1254.0
-0.000472 -0.000454 1255.0
-0.000472 -0.000454 1256.0
-0.000472 -0.000454 1257.0
-0.000473 -0.000454 1258.0
-0.000473 -0.000453 1259.0
-0.000473 -0.000453 1260.0
-0.000474 -0.000453 1261.0
-0.000474 -0.000453 1262.0
-0.000474 -0.000452 1263.0
-0.000475 -0.000452 1264.0
-0.000475 -0.000452 1265.0
-0.000475 -0.000452 1266.0
-0.000476 -0.000452 1267.0
-0.000476 -0.000451 1268.0
-0.000476 -0.000451 1269.0
-0.000477 -0.000451 1270.0
-0.000477 -0.000451 1271.0
-0.000478 -0.000451 1272.0
-0.000478 -0.000450 1273.0
-0.000478 -0.000450 1274.0
-0.000479 -0.000450 1275.0
-0.000479 -0.000450 1276.0
-0.000479 -0.000449 1277.0
-0.000480 -0.000449 1278.0
-0.000480 -0.000449 1279.0
-0.000480 -0.000449 1280.0
-0.000481 -0.000449 1281.0
-0.000481 -0.000448 1282.0
-0.000481 -0.000448 1283.0
-0.000482 -0.000448 1284.0
-0.000482 -0.000448 1285.0
-0.000482 -0.000448 1286.0
-0.000483 -0.000447 1287.0
-0.000483 -0.000447 1288.0
-0.000484 -0.000447 1289.0
-0.000484 -0.000447 1290.0
-0.000484 -0.000446 1291.0
-0.000485 -0.000446 1292.0
-0.000485 -0.000446 1293.0
-0.000485 -0.000446 1294.0
-0.000486 -0.000446 1295.0
-0.000486 -0.000445 1296.0
-0.000486 -0.000445 1297.0
-0.000487 -0.000445 1298.0
-0.000487 -0.000445 1299.0
-0.000487 -0.000445 1300.0
-0.000488 -0.000444 1301.0
-0.000488 -0.000444 1302.0
-0.000488 -0.000444 1303.0
-0.000489 -0.000444 1304.0
-0.000489 -0.000443 1305.0
-0.000490 -0.000443 1306.0
-0.000490 -0.000443 1307.0
-0.000490 -0.000443 1308.0
-0.000491 -0.000443 1309.0
-0.000491 -0.000442 1310.0
-0.000491 -0.000442 1311.0
-0.000492 -0.000442 1312.0
-0.000492 -0.000442 1313.0
-0.000492 -0.000441 1314.0
-0.000493 -0.000441 1315.0
-0.000493 -0.000441 1316.0
-0.000493 -0.000441 1317.0
-0.000494 -0.000441 1318.0
-0.000494 -0.000440 1319.0
-0.000494 -0.000440 1320.0
-0.000495 -0.000440 1321.0
-0.000495 -0.000440 1322.0
-0.000496 -0.000440 1323.0
-0.000500 -0.000452 1324.0
-0.000500 -0.000452 1325.0
-0.000500 -0.000452 1326.0
-0.000500 -0.000452 1327.0
-0.000500 -0.000452 1328.0
-0.000500 -0.000452 1329.0
-0.000500 -0.000452 1330.0
-0.000500 -0.000452 1331.0
-0.000500 -0.000452 1332.0
-0.000500 -0.000452 1333.0
-0.000500 -0.000452 1334.0
-0.000500 -0.000452 1335.0
-0.000500 -0.000452 1336.0
-0.000500 -0.000452 1337.0
-0.000500 -0.000452 1338.0
-0.000500 -0.000453 1339.0
-0.000500 -0.000453 1340.0
-0.000500 -0.000453 1341.0
-0.000500 -0.000453 1342.0
-0.000500 -0.000453 1343.0
-0.000500 -0.000453 1344.0
-0.000500 -0.000453 1345.0
-0.000500 -0.000453 1346.0
-0.000500 -0.000453 1347.0
-0.000500 -0.000453 1348.0
-0.000500 -0.000453 1349.0
-0.000500 -0.000453 1350.0
-0.000500 -0.000453 1351.0
-0.000500 -0.000453 1352.0
-0.000500 -0.000453 1353.0
-0.000500 -0.000453 1354.0
-0.000500 -0.000453 1355.0
-0.000500 -0.000453 1356.0
-0.000500 -0.000453 1357.0
-0.000500 -0.000453 1358.0
-0.000500 -0.000454 1359.0
-0.000500 -0.000454 1360.0
-0.000500 -0.000454 1361.0
-0.000500 -0.000454 1362.0
-0.000500 -0.000454 1363.0
-0.000500 -0.000454 1364.0
-0.000500 -0.000454 1365.0
-0.000500 -0.000454 1366.0
-0.000500 -0.000454 1367.0
-0.000500 -0.000454 1368.0
-0.000500 -0.000454 1369.0
-0.000500 -0.000454 1370.0
-0.000500 -0.000454 1371.0
-0.000500 -0.000454 1372.0
-0.000500 -0.000454 1373.0
-0.000500 -0.000454 1374.0
-0.000500 -0.000454 1375.0
-0.000500 -0.000454 1376.0
-0.000500 -0.000454 1377.0
-0.000500 -0.000454 1378.0
-0.000500 -0.000455 1379.0
-0.000500 -0.000455 1380.0
-0.000500 -0.000455 1381.0
-0.000500 -0.000455 1382.0
-0.000500 -0.000455 1383.0
-0.000500 -0.000455 1384.0
-0.000500 -0.000455 1385.0
-0.000500 -0.000455 1386.0
-0.000500 -0.000455 1387.0
-0.000500 -0.000455 1388.0
-0.000500 -0.000455 1389.0
-0.000500 -0.000455 1390.0
-0.000500 -0.000455 1391.0
-0.000500 -0.000455 1392.0
-0.000500 -0.000455 1393.0
-0.000500 -0.000455 1394.0
-0.000500 -0.000455 1395.0
-0.000500 -0.000455 1396.0
-0.000500 -0.000455 1397.0
-0.000500 -0.000455 1398.0
-0.000500 -0.000455 1399.0
-0.000500 -0.000456 1400.0
-0.000500 -0.000456 1401.0
-0.000500 -0.000456 1402.0
-0.000500 -0.000456 1403.0
-0.000500 -0.000456 1404.0
-0.000500 -0.000456 1405.0
-0.000500 -0.000456 1406.0
-0.000500 -0.000456 1407.0
-0.000500 -0.000456 1408.0
-0.000500 -0.000456 1409.0
-0.000500 -0.000456 1410.0
-0.000500 -0.000456 1411.0
-0.000500 -0.000456 1412.0
-0.000500 -0.000456 1413.0
-0.000500 -0.000456 1414.0
-0.000500 -0.000456 1415.0
-0.000500 -0.000456 1416.0
-0.000500 -0.000456 1417.0
-0.000500 -0.000456 1418.0
-0.000500 -0.000456 1419.0
-0.000500 -0.000457 1420.0
-0.000500 -0.000457 1421.0
-0.000500 -0.000457 1422.0
-0.000500 -0.000457 1423.0
-0.000500 -0.000457 1424.0
-0.000500 -0.000457 1425.0
-0.000500 -0.000457 1426.0
-0.000500 -0.000457 1427.0
-0.000500 -0.000457 1428.0
-0.000500 -0.000457 1429.0
-0.000500 -0.000457 1430.0
-0.000500 -0.000457 1431.0
-0.000500 -0.000457 1432.0
-0.000500 -0.000457 1433.0
-0.000500 -0.000457 1434.0
-0.000500 -0.000457 1435.0
-0.000500 -0.000457 1436.0
-0.000500 -0.000457 1437.0
-0.000500 -0.000457 1438.0
-0.000500 -0.000457 1439.0
-0.000500 -0.000457 1440.0
-0.000500 -0.000458 1441.0
-0.000500 -0.000458 1442.0
-0.000500 -0.000458 1443.0
-0.000500 -0.000458 1444.0
-0.000500 -0.000458 1445.0
-0.000500 -0.000458 1446.0
-0.000500 -0.000458 1447.0
-0.000500 -0.000458 1448.0
-0.000500 -0.000458 1449.0
-0.000500 -0.000458 1450.0
-0.000500 -0.000458 1451.0
-0.000500 -0.000458 1452.0
-0.000500 -0.000458 1453.0
-0.000500 -0.000458 1454.0
-0.000500 -0.000458 1455.0
-0.000500 -0.000458 1456.0
-0.000500 -0.000458 1457.0
-0.000500 -0.000458 1458.0
-0.000500 -0.000458 1459.0
-0.000500 -0.000458 1460.0
-0.000500 -0.000458 1461.0
-0.000500 -0.000458 1462.0
-0.000500 -0.000458 1463.0
-0.000500 -0.000458 1464.0
-0.000500 -0.000458 1465.0
-0.000500 -0.000458 1466.0
-0.000500 -0.000458 1467.0
-0.000500 -0.000458 1468.0
-0.000500 -0.000458 1469.0
-0.000500 -0.000458 1470.0
-0.000500 -0.000458 1471.0
-0.000500 -0.000458 1472.0
-0.000500 -0.000458 1473.0
-0.000500 -0.000458 1474.0
-0.000500 -0.000458 1475.0
-0.000500 -0.000458 1476.0
-0.000500 -0.000458 1477.0
-0.000500 -0.000458 1478.0
-0.000500 -0.000458 1479.0
-0.000500 -0.000458 1480.0
-0.000500 -0.000458 1481.0
-0.000500 -0.000458 1482.0
-0.000500 -0.000458 1483.0
-0.000500 -0.000458 1484.0
-0.000500 -0.000458 1485.0
-0.000500 -0.000458 1486.0
-0.000500 -0.000458 1487.0
-0.000500 -0.000458 1488.0
-0.000500 -0.000458 1489.0
-0.000500 -0.000458 1490.0
-0.000500 -0.000458 1491.0
-0.000500 -0.000458 1492.0
-0.000500 -0.000458 1493.0
-0.000500 -0.000458 1494.0
-0.000500 -0.000458 1495.0
-0.000500 -0.000458 1496.0
-0.000500 -0.000458 1497.0
-0.000500 -0.000458 1498.0
-0.000500 -0.000458 1499.0
-0.000500 -0.000458 1500.0
-0.000500 -0.000458 1501.0
-0.000500 -0.000458 1502.0
-0.000500 -0.000458 1503.0
-0.000500 -0.000458 1504.0
-0.000500 -0.000458 1505.0
-0.000500 -0.000458 1506.0
-0.000500 -0.000458 1507.0
-0.000500 -0.000458 1508.0
-0.000500 -0.000458 1509.0
-0.000500 -0.000458 1510.0
-0.000500 -0.000458 1511.0
-0.000500 -0.000458 1512.0
-0.000500 -0.000458 1513.0
-0.000500 -0.000458 1514.0
-0.000500 -0.000458 1515.0
-0.000500 -0.000458 1516.0
-0.000500 -0.000458 1517.0
-0.000500 -0.000458 1518.0
-0.000500 -0.000458 1519.0
-0.000500 -0.000458 1520.0
-0.000500 -0.000458 1521.0
-0.000500 -0.000458 1522.0
-0.000500 -0.000458 1523.0
-0.000500 -0.000458 1524.0
-0.000500 -0.000458 1525.0
-0.000500 -0.000458 1526.0
-0.000500 -0.000458 1527.0
-0.000500 -0.000458 1528.0
-0.000500 -0.000458 1529.0
-0.000500 -0.000458 1530.0
-0.000500 -0.000458 1531.0
-0.000500 -0.000458 1532.0
-0.000500 -0.000458 1533.0
-0.000500 -0.000458 1534.0
-0.000500 -0.000458 1535.0
-0.000500 -0.000458 1536.0
-0.000500 -0.000458 1537.0
-0.000500 -0.000458 1538.0
-0.000500 -0.000458 1539.0
-0.000500 -0.000458 1540.0
-0.000500 -0.000458 1541.0
-0.000500 -0.000458 1542.0
-0.000500 -0.000458 1543.0
-0.000500 -0.000458 1544.0
-0.000500 -0.000458 1545.0
-0.000500 -0.000458 1546.0
-0.000500 -0.000458 1547.0
-0.000500 -0.000458 1548.0
-0.000500 -0.000458 1549.0
-0.000500 -0.000458 1550.0
-0.000500 -0.000458 1551.0
-0.000500 -0.000458 1552.0
-0.000500 -0.000458 1553.0
-0.000500 -0.000458 1554.0
-0.000500 -0.000458 1555.0
-0.000500 -0.000458 1556.0
-0.000500 -0.000458 1557.0
-0.000500 -0.000458 1558.0
-0.000500 -0.000458 1559.0
-0.000500 -0.000458 1560.0
-0.000500 -0.000458 1561.0
-0.000500 -0.000458 1562.0
-0.000500 -0.000458 1563.0
-0.000500 -0.000458 1564.0
-0.000500 -0.000458 1565.0
-0.000500 -0.000458 1566.0
-0.000500 -0.000458 1567.0
-0.000500 -0.000458 1568.0
-0.000500 -0.000458 1569.0
-0.000500 -0.000458 1570.0
-0.000500 -0.000458 1571.0
-0.000500 -0.000458 1572.0
-0.000500 -0.000458 1573.0
-0.000500 -0.000458 1574.0
-0.000500 -0.000458 1575.0
-0.000500 -0.000458 1576.0
-0.000500 -0.000458 1577.0
-0.000500 -0.000458 1578.0
-0.000500 -0.000458 1579.0
-0.000500 -0.000458 1580.0
-0.000501 -0.000459 1581.0
-0.000501 -0.000459 1582.0
-0.000501 -0.000459 1583.0
-0.000501 -0.000459 1584.0
-0.000501 -0.000459 1585.0
-0.000501 -0.000459 1586.0
-0.000501 -0.000459 1587.0
-0.000501 -0.000459 1588.0
-0.000501 -0.000459 1589.0
-0.000501 -0.000459 1590.0
-0.000501 -0.000459 1591.0
-0.000501 -0.000459 1592.0
-0.000501 -0.000459 1593.0
-0.000501 -0.000459 1594.0
-0.000501 -0.000459 1595.0
-0.000501 -0.000459 1596.0
-0.000501 -0.000459 1597.0
-0.000501 -0.000459 1598.0
-0.000501 -0.000459 1599.0
-0.000501 -0.000459 1600.0
-0.000501 -0.000460 1601.0
-0.000501 -0.000460 1602.0
-0.000501 -0.000460 1603.0
-0.000501 -0.000460 1604.0
-0.000501 -0.000460 1605.0
-0.000501 -0.000460 1606.0
-0.000501 -0.000460 1607.0
-0.000501 -0.000460 1608.0
-0.000501 -0.000460 1609.0
-0.000501 -0.000460 1610.0
-0.000501 -0.000460 1611.0
-0.000501 -0.000460 1612.0
-0.000501 -0.000460 1613.0
-0.000501 -0.000460 1614.0
-0.000501 -0.000460 1615.0
-0.000501 -0.000460 1616.0
-0.000501 -0.000460 1617.0
-0.000501 -0.000460 1618.0
-0.000501 -0.000460 1619.0
-0.000501 -0.000461 1620.0
-0.000501 -0.000461 1621.0
-0.000501 -0.000461 1622.0
-0.000501 -0.000461 1623.0
-0.000502 -0.000461 1624.0
-0.000502 -0.000461 1625.0
-0.000502 -0.000461 1626.0
-0.000502 -0.000461 1627.0
-0.000502 -0.000461 1628.0
-0.000502 -0.000461 1629.0
-0.000502 -0.000461 1630.0
-0.000502 -0.000461 1631.0
-0.000502 -0.000461 1632.0
-0.000502 -0.000461 1633.0
-0.000502 -0.000461 1634.0
-0.000502 -0.000461 1635.0
-0.000502 -0.000461 1636.0
-0.000502 -0.000461 1637.0
-0.000502 -0.000461 1638.0
-0.000502 -0.000461 1639.0
-0.000502 -0.000462 1640.0
-0.000502 -0.000462 1641.0
-0.000502 -0.000462 1642.0
-0.000502 -0.000462 1643.0
-0.000502 -0.000462 1644.0
-0.000502 -0.000462 1645.0
-0.000502 -0.000462 1646.0
-0.000502 -0.000462 1647.0
-0.000502 -0.000462 1648.0
-0.000502 -0.000462 1649.0
-0.000502 -0.000462 1650.0
-0.000502 -0.000462 1651.0
-0.000502 -0.000462 1652.0
-0.000502 -0.000462 1653.0
-0.000502 -0.000462 1654.0
-0.000502 -0.000462 1655.0
-0.000502 -0.000462 1656.0
-0.000502 -0.000462 1657.0
-0.000502 -0.000462 1658.0
-0.000502 -0.000463 1659.0
-0.000502 -0.000463 1660.0
-0.000502 -0.000463 1661.0
-0.000502 -0.000463 1662.0
-0.000502 -0.000463 1663.0
-0.000502 -0.000463 1664.0
-0.000502 -0.000463 1665.0
-0.000503 -0.000463 1666.0
-0.000503 -0.000463 1667.0
-0.000503 -0.000463 1668.0
-0.000503 -0.000463 1669.0
-0.000503 -0.000463 1670.0
-0.000503 -0.000463 1671.0
-0.000503 -0.000463 1672.0
-0.000503 -0.000463 1673.0
-0.000503 -0.000463 1674.0
-0.000503 -0.000463 1675.0
-0.000503 -0.000463 1676.0
-0.000503 -0.000463 1677.0
-0.000503 -0.000463 1678.0
-0.000503 -0.000464 1679.0
-0.000503 -0.000464 1680.0
-0.000503 -0.000464 1681.0
-0.000503 -0.000464 1682.0
-0.000503 -0.000464 1683.0
-0.000503 -0.000464 1684.0
-0.000503 -0.000464 1685.0
-0.000503 -0.000464 1686.0
-0.000503 -0.000464 1687.0
-0.000503 -0.000464 1688.0
-0.000503 -0.000464 1689.0
-0.000503 -0.000464 1690.0
-0.000503 -0.000464 1691.0
-0.000503 -0.000464 1692.0
-0.000503 -0.000464 1693.0
-0.000503 -0.000464 1694.0
-0.000504 -0.000464 1695.0
-0.000504 -0.000464 1696.0
-0.000504 -0.000463 1697.0
-0.000503 -0.000463 1698.0
-0.000503 -0.000463 1699.0
-0.000503 -0.000462 1700.0
-0.000503 -0.000462 1701.0
-0.000503 -0.000462 1702.0
-0.000503 -0.000461 1703.0
-0.000503 -0.000461 1704.0
-0.000503 -0.000461 1705.0
-0.000503 -0.000460 1706.0
-0.000503 -0.000460 1707.0
-0.000503 -0.000460 1708.0
-0.000503 -0.000459 1709.0
-0.000503 -0.000459 1710.0
-0.000503 -0.000459 1711.0
-0.000503 -0.000458 1712.0
-0.000502 -0.000458 1713.0
-0.000502 -0.000458 1714.0
-0.000502 -0.000457 1715.0
-0.000502 -0.000457 1716.0
-0.000502 -0.000457 1717.0
-0.000502 -0.000456 1718.0
-0.000502 -0.000456 1719.0
-0.000502 -0.000456 1720.0
-0.000502 -0.000455 1721.0
-0.000502 -0.000455 1722.0
-0.000502 -0.000455 1723.0
-0.000502 -0.000454 1724.0
-0.000502 -0.000454 1725.0
-0.000502 -0.000454 1726.0
-0.000502 -0.000453 1727.0
-0.000501 -0.000453 1728.0
-0.000501 -0.000453 1729.0
-0.000501 -0.000452 1730.0
-0.000501 -0.000452 1731.0
-0.000501 -0.000452 1732.0
-0.000501 -0.000451 1733.0
-0.000501 -0.000451 1734.0
-0.000501 -0.000451 1735.0
-0.000501 -0.000450 1736.0
-0.000501 -0.000450 1737.0
-0.000501 -0.000450 1738.0
-0.000501 -0.000449 1739.0
-0.000501 -0.000449 1740.0
-0.000501 -0.000449 1741.0
-0.000501 -0.000448 1742.0
-0.000501 -0.000448 1743.0
-0.000500 -0.000448 1744.0
-0.000500 -0.000448 1745.0
-0.000500 -0.000448 1746.0
-0.000500 -0.000448 1747.0
-0.000500 -0.000448 1748.0
-0.000500 -0.000448 1749.0
-0.000500 -0.000448 1750.0
-0.000500 -0.000448 1751.0
-0.000500 -0.000448 1752.0
-0.000500 -0.000448 1753.0
-0.000500 -0.000448 1754.0
-0.000500 -0.000448 1755.0
-0.000500 -0.000448 1756.0
-0.000500 -0.000448 1757.0
-0.000500 -0.000448 1758.0
-0.000500 -0.000448 1759.0
-0.000500 -0.000448 1760.0
-0.000500 -0.000448 1761.0
-0.000500 -0.000448 1762.0
-0.000500 -0.000448 1763.0
-0.000500 -0.000448 1764.0
-0.000500 -0.000448 1765.0
-0.000499 -0.000449 1766.0
-0.000498 -0.000450 1767.0
-0.000498 -0.000451 1768.0
-0.000497 -0.000452 1769.0
-0.000496 -0.000453 1770.0
-0.000496 -0.000454 1771.0
-0.000495 -0.000455 1772.0
-0.000494 -0.000456 1773.0
-0.000494 -0.000456 1774.0
-0.000493 -0.000457 1775.0
-0.000492 -0.000458 1776.0
-0.000492 -0.000459 1777.0
-0.000491 -0.000460 1778.0
-0.000490 -0.000461 1779.0
-0.000490 -0.000462 1780.0
-0.000489 -0.000463 1781.0
-0.000488 -0.000464 1782.0
-0.000488 -0.000465 1783.0
-0.000487 -0.000466 1784.0
-0.000486 -0.000467 1785.0
-0.000486 -0.000468 1786.0
-0.000485 -0.000469 1787.0
-0.000484 -0.000470 1788.0
-0.000484 -0.000470 1789.0
-0.000483 -0.000471 1790.0
-0.000482 -0.000472 1791.0
-0.000482 -0.000473 1792.0
-0.000481 -0.000474 1793.0
-0.000480 -0.000475 1794.0
-0.000480 -0.000476 1795.0
-0.000479 -0.000477 1796.0
-0.000478 -0.000478 1797.0
-0.000478 -0.000479 1798.0
-0.000477 -0.000480 1799.0
-0.000476 -0.000481 1800.0
-0.000476 -0.000482 1801.0
-0.000475 -0.000483 1802.0
-0.000474 -0.000484 1803.0
-0.000474 -0.000485 1804.0
-0.000473 -0.000485 1805.0
-0.000472 -0.000486 1806.0
-0.000472 -0.000487 1807.0
-0.000471 -0.000488 1808.0
-0.000470 -0.000489 1809.0
-0.000470 -0.000490 1810.0
-0.000469 -0.000491 1811.0
-0.000468 -0.000492 1812.0
-0.000468 -0.000493 1813.0
-0.000467 -0.000494 1814.0
-0.000466 -0.000495 1815.0
-0.000466 -0.000496 1816.0
-0.000465 -0.000497 1817.0
-0.000464 -0.000498 1818.0
-0.000464 -0.000499 1819.0
-0.000463 -0.000500 1820.0
-0.000462 -0.000500 1821.0
-0.000462 -0.000501 1822.0
-0.000461 -0.000502 1823.0
-0.000460 -0.000503 1824.0
-0.000460 -0.000504 1825.0
-0.000459 -0.000505 1826.0
-0.000458 -0.000506 1827.0
-0.000458 -0.000507 1828.0
-0.000457 -0.000508 1829.0
-0.000456 -0.000509 1830.0
-0.000456 -0.000510 1831.0
-0.000450 -0.000503 1832.0
-0.000448 -0.000503 1833.0
-0.000447 -0.000504 1834.0
-0.000445 -0.000504 1835.0
-0.000443 -0.000504 1836.0
-0.000441 -0.000505 1837.0
-0.000440 -0.000505 1838.0
-0.000438 -0.000505 1839.0
-0.000436 -0.000506 1840.0
-0.000434 -0.000506 1841.0
-0.000433 -0.000506 1842.0
-0.000431 -0.000506 1843.0
-0.000429 -0.000507 1844.0
-0.000427 -0.000507 1845.0
-0.000425 -0.000507 1846.0
-0.000424 -0.000508 1847.0
-0.000422 -0.000508 1848.0
-0.000420 -0.000508 1849.0
-0.000418 -0.000509 1850.0
-0.000417 -0.000509 1851.0
-0.000415 -0.000509 1852.0
-0.000413 -0.000509 1853.0
-0.000411 -0.000510 1854.0
-0.000410 -0.000510 1855.0
-0.000408 -0.000510 1856.0
-0.000406 -0.000511 1857.0
-0.000404 -0.000511 1858.0
-0.000402 -0.000511 1859.0
-0.000401 -0.000512 1860.0
-0.000399 -0.000512 1861.0
-0.000397 -0.000512 1862.0
-0.000395 -0.000512 1863.0
-0.000394 -0.000513 1864.0
-0.000392 -0.000513 1865.0
-0.000390 -0.000513 1866.0
-0.000388 -0.000514 1867.0
-0.000387 -0.000514 1868.0
-0.000385 -0.000514 1869.0
-0.000383 -0.000515 1870.0
-0.000381 -0.000515 1871.0
-0.000379 -0.000515 1872.0
-0.000378 -0.000515 1873.0
-0.000376 -0.000516 1874.0
-0.000374 -0.000516 1875.0
-0.000372 -0.000516 1876.0
-0.000371 -0.000517 1877.0
-0.000369 -0.000517 1878.0
-0.000367 -0.000517 1879.0
-0.000365 -0.000518 1880.0
-0.000364 -0.000518 1881.0
-0.000362 -0.000518 1882.0
-0.000360 -0.000518 1883.0
-0.000358 -0.000519 1884.0
-0.000356 -0.000519 1885.0
-0.000355 -0.000519 1886.0
-0.000353 -0.000520 1887.0
-0.000351 -0.000520 1888.0
-0.000349 -0.000520 1889.0
-0.000348 -0.000521 1890.0
-0.000346 -0.000521 1891.0
-0.000345 -0.000517 1892.0
