0.000832 -0.000661 2.0
0.000832 -0.000660 3.0
0.000832 -0.000659 4.0
0.000832 -0.000659 5.0
0.000832 -0.000658 6.0
0.000832 -0.000657 7.0
0.000833 -0.000657 8.0
0.000833 -0.000656 9.0
0.000833 -0.000655 10.0
0.000833 -0.000655 11.0
0.000833 -0.000654 12.0
0.000833 -0.000653 13.0
0.000833 -0.000653 14.0
0.000833 -0.000652 15.0
0.000833 -0.000651 16.0
0.000833 -0.000651 17.0
0.000833 -0.000650 18.0
0.000833 -0.000649 19.0
0.000833 -0.000649 20.0
0.000833 -0.000648 21.0
0.000833 -0.000648 22.0
0.000834 -0.000647 23.0
0.000834 -0.000646 24.0
0.000834 -0.000646 25.0
0.000834 -0.000645 26.0
0.000834 -0.000644 27.0
0.000834 -0.000644 28.0
0.000834 -0.000643 29.0
0.000834 -0.000642 30.0
0.000834 -0.000642 31.0
0.000834 -0.000641 32.0
0.000834 -0.000640 33.0
0.000834 -0.000640 34.0
0.000834 -0.000639 35.0
0.000834 -0.000638 36.0
0.000834 -0.000638 37.0
0.000835 -0.000637 38.0
0.000835 -0.000636 39.0
0.000835 -0.000636 40.0
0.000835 -0.000635 41.0
0.000835 -0.000635 42.0
0.000835 -0.000634 43.0
0.000835 -0.000633 44.0
0.000835 -0.000633 45.0
0.000835 -0.000632 46.0
0.000835 -0.000631 47.0
0.000835 -0.000631 48.0
0.000835 -0.000630 49.0
0.000835 -0.000629 50.0
0.000835 -0.000629 51.0
0.000835 -0.000628 52.0
0.000835 -0.000627 53.0
0.000836 -0.000627 54.0
0.000836 -0.000626 55.0
0.000836 -0.000625 56.0
0.000836 -0.000625 57.0
0.000836 -0.000624 58.0
0.000836 -0.000623 59.0
0.000836 -0.000623 60.0
0.000836 -0.000622 61.0
0.000836 -0.000622 62.0
0.000837 -0.000622 63.0
0.000837 -0.000621 64.0
0.000837 -0.000620 65.0
0.000837 -0.000620 66.0
0.000837 -0.000619 67.0
0.000837 -0.000619 68.0
0.000837 -0.000618 69.0
0.000838 -0.000617 70.0
0.000838 -0.000617 71.0
0.000838 -0.000616 72.0
0.000838 -0.000615 73.0
0.000838 -0.000615 74.0
0.000838 -0.000614 75.0
0.000838 -0.000613 76.0
0.000838 -0.000613 77.0
0.000838 -0.000612 78.0
0.000838 -0.000612 79.0
0.000838 -0.000611 80.0
0.000838 -0.000610 81.0
0.000838 -0.000610 82.0
0.000838 -0.000609 83.0
0.000838 -0.000608 84.0
0.000839 -0.000608 85.0
0.000839 -0.000607 86.0
0.000839 -0.000606 87.0
0.000839 -0.000606 88.0
0.000839 -0.000605 89.0
0.000839 -0.000605 90.0
0.000839 -0.000604 91.0
0.000839 -0.000603 92.0
0.000839 -0.000603 93.0
0.000839 -0.000602 94.0
0.000839 -0.000601 95.0
0.000839 -0.000601 96.0
0.000839 -0.000600 97.0
0.000839 -0.000600 98.0
0.000839 -0.000599 99.0
0.000840 -0.000598 100.0
0.000840 -0.000598 101.0
0.000840 -0.000597 102.0
0.000840 -0.000596 103.0
0.000840 -0.000596 104.0
0.000840 -0.000595 105.0
0.000840 -0.000594 106.0
0.000840 -0.000594 107.0
0.000840 -0.000593 108.0
0.000840 -0.000593 109.0
0.000840 -0.000592 110.0
0.000840 -0.000591 111.0
0.000840 -0.000591 112.0
0.000840 -0.000590 113.0
0.000840 -0.000589 114.0
0.000841 -0.000589 115.0
0.000841 -0.000588 116.0
0.000841 -0.000587 117.0
0.000841 -0.000587 118.0
0.000841 -0.000586 119.0
0.000841 -0.000586 120.0
0.000841 -0.000585 121.0
0.000841 -0.000584 122.0
0.000841 -0.000584 123.0
0.000842 -0.000584 124.0
0.000842 -0.000583 125.0
0.000842 -0.000582 126.0
0.000842 -0.000581 127.0
0.000842 -0.000580 128.0
0.000843 -0.000580 129.0
0.000843 -0.000579 130.0
0.000843 -0.000578 131.0
0.000843 -0.000577 132.0
0.000843 -0.000576 133.0
0.000843 -0.000575 134.0
0.000843 -0.000574 135.0
0.000843 -0.000574 136.0
0.000843 -0.000573 137.0
0.000843 -0.000572 138.0
0.000843 -0.000571 139.0
0.000843 -0.000570 140.0
0.000844 -0.000569 141.0
0.000844 -0.000568 142.0
0.000844 -0.000568 143.0
0.000844 -0.000567 144.0
0.000844 -0.000566 145.0
0.000844 -0.000565 146.0
0.000844 -0.000564 147.0
0.000844 -0.000563 148.0
0.000844 -0.000562 149.0
0.000844 -0.000562 150.0
0.000844 -0.000561 151.0
0.000845 -0.000560 152.0
0.000845 -0.000559 153.0
0.000845 -0.000558 154.0
0.000845 -0.000557 155.0
0.000845 -0.000556 156.0
0.000845 -0.000556 157.0
0.000845 -0.000555 158.0
0.000845 -0.000554 159.0
0.000845 -0.000553 160.0
0.000845 -0.000552 161.0
0.000845 -0.000551 162.0
0.000846 -0.000550 163.0
0.000846 -0.000550 164.0
0.000846 -0.000549 165.0
0.000846 -0.000548 166.0
0.000846 -0.000547 167.0
0.000846 -0.000546 168.0
0.000846 -0.000545 169.0
0.000846 -0.000544 170.0
0.000846 -0.000544 171.0
0.000846 -0.000543 172.0
0.000846 -0.000542 173.0
0.000846 -0.000541 174.0
0.000847 -0.000540 175.0
0.000847 -0.000539 176.0
0.000847 -0.000538 177.0
0.000847 -0.000538 178.0
0.000847 -0.000537 179.0
0.000847 -0.000536 180.0
0.000847 -0.000535 181.0
0.000847 -0.000534 182.0
0.000847 -0.000533 183.0
0.000849 -0.000533 184.0
0.000848 -0.000533 185.0
0.000848 -0.000532 186.0
0.000848 -0.000531 187.0
0.000848 -0.000530 188.0
0.000848 -0.000530 189.0
0.000847 -0.000529 190.0
0.000847 -0.000528 191.0
0.000847 -0.000527 192.0
0.000847 -0.000526 193.0
0.000847 -0.000526 194.0
0.000847 -0.000525 195.0
0.000846 -0.000524 196.0
0.000846 -0.000523 197.0
0.000846 -0.000523 198.0
0.000846 -0.000522 199.0
0.000846 -0.000521 200.0
0.000845 -0.000520 201.0
0.000845 -0.000519 202.0
0.000845 -0.000519 203.0
0.000845 -0.000518 204.0
0.000845 -0.000517 205.0
0.000845 -0.000516 206.0
0.000844 -0.000516 207.0
0.000844 -0.000515 208.0
0.000844 -0.000514 209.0
0.000844 -0.000513 210.0
0.000844 -0.000512 211.0
0.000843 -0.000512 212.0
0.000843 -0.000511 213.0
0.000843 -0.000510 214.0
0.000843 -0.000509 215.0
0.000843 -0.000509 216.0
0.000843 -0.000508 217.0
0.000842 -0.000507 218.0
0.000842 -0.000506 219.0
0.000842 -0.000505 220.0
0.000842 -0.000505 221.0
0.000842 -0.000504 222.0
0.000841 -0.000503 223.0
0.000841 -0.000502 224.0
0.000841 -0.000502 225.0
0.000841 -0.000501 226.0
0.000841 -0.000500 227.0
0.000841 -0.000499 228.0
0.000840 -0.000498 229.0
0.000840 -0.000498 230.0
0.000840 -0.000497 231.0
0.000840 -0.000496 232.0
0.000840 -0.000495 233.0
0.000839 -0.000495 234.0
0.000839 -0.000494 235.0
0.000839 -0.000493 236.0
0.000839 -0.000492 237.0
0.000839 -0.000491 238.0
0.000839 -0.000491 239.0
0.000838 -0.000490 240.0
0.000838 -0.000489 241.0
0.000838 -0.000488 242.0
0.000838 -0.000488 243.0
0.000838 -0.000487 244.0
0.000837 -0.000486 245.0
0.000837 -0.000485 246.0
0.000837 -0.000484 247.0
0.000837 -0.000484 248.0
0.000837 -0.000483 249.0
0.000834 -0.000484 250.0
0.000834 -0.000484 251.0
0.000833 -0.000483 252.0
0.000833 -0.000483 253.0
0.000833 -0.000483 254.0
0.000833 -0.000482 255.0
0.000832 -0.000482 256.0
0.000832 -0.000481 257.0
0.000832 -0.000481 258.0
0.000831 -0.000481 259.0
0.000831 -0.000480 260.0
0.000831 -0.000480 261.0
0.000830 -0.000480 262.0
0.000830 -0.000479 263.0
0.000830 -0.000479 264.0
0.000829 -0.000479 265.0
0.000829 -0.000478 266.0
0.000829 -0.000478 267.0
0.000829 -0.000477 268.0
0.000828 -0.000477 269.0
0.000828 -0.000477 270.0
0.000828 -0.000476 271.0
0.000827 -0.000476 272.0
0.000827 -0.000476 273.0
0.000827 -0.000475 274.0
0.000826 -0.000475 275.0
0.000826 -0.000475 276.0
0.000826 -0.000474 277.0
0.000825 -0.000474 278.0
0.000825 -0.000474 279.0
0.000825 -0.000473 280.0
0.000825 -0.000473 281.0
0.000824 -0.000472 282.0
0.000824 -0.000472 283.0
0.000824 -0.000472 284.0
0.000823 -0.000471 285.0
0.000823 -0.000471 286.0
0.000823 -0.000471 287.0
0.000822 -0.000470 288.0
0.000822 -0.000470 289.0
0.000822 -0.000470 290.0
0.000821 -0.000469 291.0
0.000821 -0.000469 292.0
0.000821 -0.000468 293.0
0.000820 -0.000468 294.0
0.000820 -0.000468 295.0
0.000820 -0.000467 296.0
0.000820 -0.000467 297.0
0.000819 -0.000467 298.0
0.000819 -0.000466 299.0
0.000819 -0.000466 300.0
0.000818 -0.000466 301.0
0.000818 -0.000465 302.0
0.000818 -0.000465 303.0
0.000817 -0.000464 304.0
0.000816 -0.000467 305.0
0.000815 -0.000466 306.0
0.000815 -0.000466 307.0
0.000814 -0.000465 308.0
0.000814 -0.000465 309.0
0.000813 -0.000464 310.0
0.000813 -0.000464 311.0
0.000812 -0.000463 312.0
0.000812 -0.000463 313.0
0.000811 -0.000462 314.0
0.000811 -0.000461 315.0
0.000810 -0.000461 316.0
0.000810 -0.000460 317.0
0.000809 -0.000460 318.0
0.000809 -0.000459 319.0
0.000808 -0.000459 320.0
0.000808 -0.000458 321.0
0.000807 -0.000458 322.0
0.000807 -0.000457 323.0
0.000806 -0.000457 324.0
0.000806 -0.000456 325.0
0.000805 -0.000455 326.0
0.000805 -0.000455 327.0
0.000804 -0.000454 328.0
0.000804 -0.000454 329.0
0.000803 -0.000453 330.0
0.000803 -0.000453 331.0
0.000802 -0.000452 332.0
0.000802 -0.000452 333.0
0.000801 -0.000451 334.0
0.000801 -0.000451 335.0
0.000800 -0.000450 336.0
0.000800 -0.000449 337.0
0.000799 -0.000449 338.0
0.000799 -0.000448 339.0
0.000798 -0.000448 340.0
0.000798 -0.000447 341.0
0.000797 -0.000447 342.0
0.000797 -0.000446 343.0
0.000796 -0.000446 344.0
0.000796 -0.000445 345.0
0.000796 -0.000445 346.0
0.000795 -0.000444 347.0
0.000795 -0.000443 348.0
0.000794 -0.000443 349.0
0.000794 -0.000442 350.0
0.000793 -0.000442 351.0
0.000793 -0.000441 352.0
0.000792 -0.000441 353.0
0.000792 -0.000440 354.0
0.000791 -0.000440 355.0
0.000791 -0.000439 356.0
0.000790 -0.000439 357.0
0.000790 -0.000438 358.0
0.000789 -0.000437 359.0
0.000789 -0.000437 360.0
0.000788 -0.000436 361.0
0.000788 -0.000436 362.0
0.000787 -0.000435 363.0
0.000787 -0.000435 364.0
0.000784 -0.000439 365.0
0.000783 -0.000438 366.0
0.000783 -0.000438 367.0
0.000782 -0.000437 368.0
0.000782 -0.000437 369.0
0.000781 -0.000436 370.0
0.000781 -0.000435 371.0
0.000780 -0.000435 372.0
0.000780 -0.000434 373.0
0.000779 -0.000433 374.0
0.000779 -0.000433 375.0
0.000778 -0.000432 376.0
0.000778 -0.000432 377.0
0.000777 -0.000431 378.0
0.000777 -0.000430 379.0
0.000776 -0.000430 380.0
0.000776 -0.000429 381.0
0.000775 -0.000429 382.0
0.000775 -0.000428 383.0
0.000774 -0.000427 384.0
0.000774 -0.000427 385.0
0.000773 -0.000426 386.0
0.000773 -0.000426 387.0
0.000772 -0.000425 388.0
0.000772 -0.000424 389.0
0.000771 -0.000424 390.0
0.000771 -0.000423 391.0
0.000770 -0.000423 392.0
0.000770 -0.000422 393.0
0.000769 -0.000421 394.0
0.000769 -0.000421 395.0
0.000768 -0.000420 396.0
0.000768 -0.000419 397.0
0.000767 -0.000419 398.0
0.000767 -0.000418 399.0
0.000766 -0.000418 400.0
0.000766 -0.000417 401.0
0.000765 -0.000416 402.0
0.000765 -0.000416 403.0
0.000764 -0.000415 404.0
0.000764 -0.000415 405.0
0.000763 -0.000414 406.0
0.000763 -0.000413 407.0
0.000762 -0.000413 408.0
0.000762 -0.000412 409.0
0.000761 -0.000412 410.0
0.000761 -0.000411 411.0
0.000760 -0.000410 412.0
0.000760 -0.000410 413.0
0.000759 -0.000409 414.0
0.000759 -0.000409 415.0
0.000758 -0.000408 416.0
0.000758 -0.000407 417.0
0.000757 -0.000407 418.0
0.000757 -0.000406 419.0
0.000756 -0.000405 420.0
0.000756 -0.000405 421.0
0.000755 -0.000404 422.0
0.000755 -0.000404 423.0
0.000754 -0.000403 424.0
0.000751 -0.000407 425.0
0.000750 -0.000407 426.0
0.000749 -0.000406 427.0
0.000749 -0.000405 428.0
0.000748 -0.000405 429.0
0.000747 -0.000404 430.0
0.000746 -0.000403 431.0
0.000745 -0.000403 432.0
0.000744 -0.000402 433.0
0.000743 -0.000401 434.0
0.000743 -0.000400 435.0
0.000742 -0.000400 436.0
0.000741 -0.000399 437.0
0.000740 -0.000398 438.0
0.000739 -0.000398 439.0
0.000738 -0.000397 440.0
0.000738 -0.000396 441.0
0.000737 -0.000396 442.0
0.000736 -0.000395 443.0
0.000735 -0.000394 444.0
0.000734 -0.000394 445.0
0.000733 -0.000393 446.0
0.000732 -0.000392 447.0
0.000732 -0.000391 448.0
0.000731 -0.000391 449.0
0.000730 -0.000390 450.0
0.000729 -0.000389 451.0
0.000728 -0.000389 452.0
0.000727 -0.000388 453.0
0.000727 -0.000387 454.0
0.000726 -0.000387 455.0
0.000725 -0.000386 456.0
0.000724 -0.000385 457.0
0.000723 -0.000384 458.0
0.000722 -0.000384 459.0
0.000721 -0.000383 460.0
0.000721 -0.000382 461.0
0.000720 -0.000382 462.0
0.000719 -0.000381 463.0
0.000718 -0.000380 464.0
0.000717 -0.000380 465.0
0.000716 -0.000379 466.0
0.000716 -0.000378 467.0
0.000715 -0.000377 468.0
0.000714 -0.000377 469.0
0.000713 -0.000376 470.0
0.000712 -0.000375 471.0
0.000711 -0.000375 472.0
0.000711 -0.000374 473.0
0.000710 -0.000373 474.0
0.000709 -0.000373 475.0
0.000708 -0.000372 476.0
0.000707 -0.000371 477.0
0.000706 -0.000371 478.0
0.000705 -0.000370 479.0
0.000705 -0.000369 480.0
0.000704 -0.000368 481.0
0.000703 -0.000368 482.0
0.000702 -0.000367 483.0
0.000701 -0.000366 484.0
0.000698 -0.000373 485.0
0.000697 -0.000373 486.0
0.000696 -0.000373 487.0
0.000696 -0.000373 488.0
0.000695 -0.000374 489.0
0.000694 -0.000374 490.0
0.000693 -0.000374 491.0
0.000692 -0.000374 492.0
0.000691 -0.000374 493.0
0.000690 -0.000375 494.0
0.000689 -0.000375 495.0
0.000689 -0.000375 496.0
0.000688 -0.000375 497.0
0.000687 -0.000376 498.0
0.000686 -0.000376 499.0
0.000685 -0.000376 500.0
0.000684 -0.000376 501.0
0.000683 -0.000376 502.0
0.000683 -0.000377 503.0
0.000682 -0.000377 504.0
0.000681 -0.000377 505.0
0.000680 -0.000377 506.0
0.000679 -0.000378 507.0
0.000678 -0.000378 508.0
0.000677 -0.000378 509.0
0.000676 -0.000378 510.0
0.000676 -0.000378 511.0
0.000675 -0.000379 512.0
0.000674 -0.000379 513.0
0.000673 -0.000379 514.0
0.000672 -0.000379 515.0
0.000671 -0.000379 516.0
0.000670 -0.000380 517.0
0.000669 -0.000380 518.0
0.000669 -0.000380 519.0
0.000668 -0.000380 520.0
0.000667 -0.000381 521.0
0.000666 -0.000381 522.0
0.000665 -0.000381 523.0
0.000664 -0.000381 524.0
0.000663 -0.000381 525.0
0.000662 -0.000382 526.0
0.000662 -0.000382 527.0
0.000661 -0.000382 528.0
0.000660 -0.000382 529.0
0.000659 -0.000383 530.0
0.000658 -0.000383 531.0
0.000657 -0.000383 532.0
0.000656 -0.000383 533.0
0.000655 -0.000383 534.0
0.000655 -0.000384 535.0
0.000654 -0.000384 536.0
0.000653 -0.000384 537.0
0.000652 -0.000384 538.0
0.000651 -0.000384 539.0
0.000650 -0.000385 540.0
0.000649 -0.000385 541.0
0.000648 -0.000385 542.0
0.000648 -0.000385 543.0
0.000647 -0.000386 544.0
0.000646 -0.000383 545.0
0.000646 -0.000384 546.0
0.000646 -0.000384 547.0
0.000645 -0.000385 548.0
0.000645 -0.000385 549.0
0.000644 -0.000386 550.0
0.000644 -0.000387 551.0
0.000644 -0.000387 552.0
0.000643 -0.000388 553.0
0.000643 -0.000388 554.0
0.000643 -0.000389 555.0
0.000642 -0.000390 556.0
0.000642 -0.000390 557.0
0.000641 -0.000391 558.0
0.000641 -0.000391 559.0
0.000641 -0.000392 560.0
0.000640 -0.000393 561.0
0.000640 -0.000393 562.0
0.000639 -0.000394 563.0
0.000639 -0.000394 564.0
0.000639 -0.000395 565.0
0.000638 -0.000396 566.0
0.000638 -0.000396 567.0
0.000638 -0.000397 568.0
0.000637 -0.000397 569.0
0.000637 -0.000398 570.0
0.000636 -0.000399 571.0
0.000636 -0.000399 572.0
0.000636 -0.000400 573.0
0.000635 -0.000400 574.0
0.000635 -0.000401 575.0
0.000634 -0.000402 576.0
0.000634 -0.000402 577.0
0.000634 -0.000403 578.0
0.000633 -0.000403 579.0
0.000633 -0.000404 580.0
0.000633 -0.000405 581.0
0.000632 -0.000405 582.0
0.000632 -0.000406 583.0
0.000631 -0.000406 584.0
0.000631 -0.000407 585.0
0.000631 -0.000408 586.0
0.000630 -0.000408 587.0
0.000630 -0.000409 588.0
0.000629 -0.000409 589.0
0.000629 -0.000410 590.0
0.000629 -0.000411 591.0
0.000628 -0.000411 592.0
0.000628 -0.000412 593.0
0.000628 -0.000412 594.0
0.000627 -0.000413 595.0
0.000627 -0.000414 596.0
0.000626 -0.000414 597.0
0.000626 -0.000415 598.0
0.000626 -0.000415 599.0
0.000625 -0.000416 600.0
0.000625 -0.000417 601.0
0.000624 -0.000417 602.0
0.000624 -0.000418 603.0
0.000624 -0.000418 604.0
0.000623 -0.000419 605.0
0.000623 -0.000420 606.0
0.000623 -0.000420 607.0
0.000622 -0.000421 608.0
0.000619 -0.000417 609.0
0.000618 -0.000418 610.0
0.000616 -0.000418 611.0
0.000615 -0.000418 612.0
0.000614 -0.000418 613.0
0.000612 -0.000419 614.0
0.000611 -0.000419 615.0
0.000609 -0.000419 616.0
0.000608 -0.000420 617.0
0.000607 -0.000420 618.0
0.000605 -0.000420 619.0
0.000604 -0.000420 620.0
0.000603 -0.000421 621.0
0.000601 -0.000421 622.0
0.000600 -0.000421 623.0
0.000599 -0.000422 624.0
0.000597 -0.000422 625.0
0.000596 -0.000422 626.0
0.000595 -0.000422 627.0
0.000593 -0.000423 628.0
0.000592 -0.000423 629.0
0.000591 -0.000423 630.0
0.000589 -0.000424 631.0
0.000588 -0.000424 632.0
0.000587 -0.000424 633.0
0.000585 -0.000425 634.0
0.000584 -0.000425 635.0
0.000582 -0.000425 636.0
0.000581 -0.000425 637.0
0.000580 -0.000426 638.0
0.000578 -0.000426 639.0
0.000577 -0.000426 640.0
0.000576 -0.000427 641.0
0.000574 -0.000427 642.0
0.000573 -0.000427 643.0
0.000572 -0.000427 644.0
0.000570 -0.000428 645.0
0.000569 -0.000428 646.0
0.000568 -0.000428 647.0
0.000566 -0.000429 648.0
0.000565 -0.000429 649.0
0.000564 -0.000429 650.0
0.000562 -0.000430 651.0
0.000561 -0.000430 652.0
0.000560 -0.000430 653.0
0.000558 -0.000430 654.0
0.000557 -0.000431 655.0
0.000556 -0.000431 656.0
0.000554 -0.000431 657.0
0.000553 -0.000432 658.0
0.000551 -0.000432 659.0
0.000550 -0.000432 660.0
0.000549 -0.000432 661.0
0.000547 -0.000433 662.0
0.000546 -0.000433 663.0
0.000545 -0.000433 664.0
0.000544 -0.000430 665.0
0.000543 -0.000430 666.0
0.000541 -0.000429 667.0
0.000540 -0.000429 668.0
0.000538 -0.000428 669.0
0.000536 -0.000428 670.0
0.000535 -0.000427 671.0
0.000533 -0.000427 672.0
0.000532 -0.000426 673.0
0.000530 -0.000425 674.0
0.000528 -0.000425 675.0
0.000527 -0.000424 676.0
0.000525 -0.000424 677.0
0.000523 -0.000423 678.0
0.000522 -0.000423 679.0
0.000520 -0.000422 680.0
0.000519 -0.000422 681.0
0.000517 -0.000421 682.0
0.000515 -0.000421 683.0
0.000514 -0.000420 684.0
0.000512 -0.000420 685.0
0.000511 -0.000419 686.0
0.000509 -0.000419 687.0
0.000507 -0.000418 688.0
0.000506 -0.000418 689.0
0.000504 -0.000417 690.0
0.000503 -0.000417 691.0
0.000501 -0.000416 692.0
0.000499 -0.000416 693.0
0.000498 -0.000415 694.0
0.000496 -0.000415 695.0
0.000495 -0.000414 696.0
0.000493 -0.000414 697.0
0.000491 -0.000413 698.0
0.000490 -0.000413 699.0
0.000488 -0.000412 700.0
0.000487 -0.000412 701.0
0.000485 -0.000411 702.0
0.000483 -0.000411 703.0
0.000482 -0.000410 704.0
0.000480 -0.000410 705.0
0.000479 -0.000409 706.0
0.000477 -0.000409 707.0
0.000475 -0.000408 708.0
0.000474 -0.000408 709.0
0.000472 -0.000407 710.0
0.000471 -0.000407 711.0
0.000469 -0.000406 712.0
0.000467 -0.000406 713.0
0.000466 -0.000405 714.0
0.000464 -0.000405 715.0
0.000463 -0.000404 716.0
0.000461 -0.000404 717.0
0.000459 -0.000403 718.0
0.000458 -0.000403 719.0
0.000456 -0.000402 720.0
0.000455 -0.000401 721.0
0.000453 -0.000401 722.0
0.000451 -0.000400 723.0
0.000450 -0.000400 724.0
0.000448 -0.000399 725.0
0.000447 -0.000405 726.0
0.000446 -0.000406 727.0
0.000446 -0.000406 728.0
0.000445 -0.000406 729.0
0.000445 -0.000406 730.0
0.000444 -0.000406 731.0
0.000443 -0.000406 732.0
0.000443 -0.000406 733.0
0.000442 -0.000406 734.0
0.000441 -0.000406 735.0
0.000441 -0.000406 736.0
0.000440 -0.000406 737.0
0.000439 -0.000406 738.0
0.000439 -0.000406 739.0
0.000438 -0.000406 740.0
0.000437 -0.000406 741.0
0.000437 -0.000406 742.0
0.000436 -0.000406 743.0
0.000436 -0.000406 744.0
0.000435 -0.000407 745.0
0.000434 -0.000407 746.0
0.000434 -0.000407 747.0
0.000433 -0.000407 748.0
0.000432 -0.000407 749.0
0.000432 -0.000407 750.0
0.000431 -0.000407 751.0
0.000430 -0.000407 752.0
0.000430 -0.000407 753.0
0.000429 -0.000407 754.0
0.000428 -0.000407 755.0
0.000428 -0.000407 756.0
0.000427 -0.000407 757.0
0.000426 -0.000407 758.0
0.000426 -0.000407 759.0
0.000425 -0.000407 760.0
0.000425 -0.000407 761.0
0.000424 -0.000408 762.0
0.000423 -0.000408 763.0
0.000423 -0.000408 764.0
0.000422 -0.000408 765.0
0.000421 -0.000408 766.0
0.000421 -0.000408 767.0
0.000420 -0.000408 768.0
0.000419 -0.000408 769.0
0.000419 -0.000408 770.0
0.000418 -0.000408 771.0
0.000417 -0.000408 772.0
0.000417 -0.000408 773.0
0.000417 -0.000408 774.0
0.000417 -0.000408 775.0
0.000417 -0.000408 776.0
0.000417 -0.000408 777.0
0.000417 -0.000408 778.0
0.000417 -0.000408 779.0
0.000417 -0.000408 780.0
0.000418 -0.000409 781.0
0.000418 -0.000409 782.0
0.000418 -0.000409 783.0
0.000418 -0.000409 784.0
0.000418 -0.000409 785.0
0.000418 -0.000409 786.0
0.000418 -0.000409 787.0
0.000418 -0.000410 788.0
0.000418 -0.000410 789.0
0.000419 -0.000410 790.0
0.000419 -0.000410 791.0
0.000419 -0.000410 792.0
0.000419 -0.000410 793.0
0.000419 -0.000410 794.0
0.000419 -0.000411 795.0
0.000419 -0.000411 796.0
0.000419 -0.000411 797.0
0.000419 -0.000411 798.0
0.000420 -0.000411 799.0
0.000420 -0.000411 800.0
0.000420 -0.000411 801.0
0.000420 -0.000411 802.0
0.000420 -0.000412 803.0
0.000420 -0.000412 804.0
0.000420 -0.000412 805.0
0.000420 -0.000412 806.0
0.000420 -0.000412 807.0
0.000421 -0.000412 808.0
0.000421 -0.000412 809.0
0.000421 -0.000413 810.0
0.000421 -0.000413 811.0
0.000421 -0.000413 812.0
0.000421 -0.000413 813.0
0.000421 -0.000413 814.0
0.000421 -0.000413 815.0
0.000421 -0.000413 816.0
0.000422 -0.000414 817.0
0.000422 -0.000414 818.0
0.000422 -0.000414 819.0
0.000422 -0.000414 820.0
0.000422 -0.000414 821.0
0.000422 -0.000414 822.0
0.000422 -0.000414 823.0
0.000422 -0.000415 824.0
0.000422 -0.000415 825.0
0.000423 -0.000415 826.0
0.000423 -0.000415 827.0
0.000423 -0.000415 828.0
0.000423 -0.000415 829.0
0.000423 -0.000415 830.0
0.000423 -0.000416 831.0
0.000423 -0.000416 832.0
0.000424 -0.000415 833.0
0.000424 -0.000415 834.0
0.000424 -0.000415 835.0
0.000424 -0.000415 836.0
0.000424 -0.000416 837.0
0.000424 -0.000416 838.0
0.000424 -0.000416 839.0
0.000424 -0.000416 840.0
0.000424 -0.000416 841.0
0.000424 -0.000417 842.0
0.000424 -0.000417 843.0
0.000424 -0.000417 844.0
0.000424 -0.000417 845.0
0.000424 -0.000418 846.0
0.000424 -0.000418 847.0
0.000424 -0.000418 848.0
0.000424 -0.000418 849.0
0.000424 -0.000418 850.0
0.000424 -0.000419 851.0
0.000424 -0.000419 852.0
0.000424 -0.000419 853.0
0.000424 -0.000419 854.0
0.000424 -0.000420 855.0
0.000424 -0.000420 856.0
0.000424 -0.000420 857.0
0.000424 -0.000420 858.0
0.000424 -0.000420 859.0
0.000424 -0.000421 860.0
0.000424 -0.000421 861.0
0.000424 -0.000421 862.0
0.000424 -0.000421 863.0
0.000424 -0.000422 864.0
0.000424 -0.000422 865.0
0.000424 -0.000422 866.0
0.000424 -0.000422 867.0
0.000424 -0.000422 868.0
0.000424 -0.000423 869.0
0.000424 -0.000423 870.0
0.000424 -0.000423 871.0
0.000424 -0.000423 872.0
0.000424 -0.000424 873.0
0.000424 -0.000424 874.0
0.000424 -0.000424 875.0
0.000424 -0.000424 876.0
0.000424 -0.000424 877.0
0.000424 -0.000425 878.0
0.000424 -0.000425 879.0
0.000424 -0.000425 880.0
0.000424 -0.000425 881.0
0.000424 -0.000426 882.0
0.000424 -0.000426 883.0
0.000424 -0.000426 884.0
0.000424 -0.000426 885.0
0.000424 -0.000426 886.0
0.000424 -0.000427 887.0
0.000424 -0.000427 888.0
0.000424 -0.000427 889.0
0.000424 -0.000427 890.0
0.000424 -0.000428 891.0
0.000424 -0.000428 892.0
0.000424 -0.000428 893.0
0.000424 -0.000428 894.0
0.000424 -0.000428 895.0
0.000424 -0.000428 896.0
0.000424 -0.000428 897.0
0.000424 -0.000428 898.0
0.000424 -0.000428 899.0
0.000424 -0.000428 900.0
0.000424 -0.000428 901.0
0.000424 -0.000428 902.0
0.000424 -0.000428 903.0
0.000424 -0.000428 904.0
0.000424 -0.000428 905.0
0.000424 -0.000428 906.0
0.000424 -0.000428 907.0
0.000424 -0.000428 908.0
0.000424 -0.000428 909.0
0.000424 -0.000428 910.0
0.000424 -0.000428 911.0
0.000424 -0.000428 912.0
0.000424 -0.000428 913.0
0.000424 -0.000428 914.0
0.000424 -0.000428 915.0
0.000424 -0.000428 916.0
0.000424 -0.000428 917.0
0.000424 -0.000428 918.0
0.000424 -0.000428 919.0
0.000424 -0.000428 920.0
0.000424 -0.000428 921.0
0.000424 -0.000428 922.0
0.000424 -0.000428 923.0
0.000424 -0.000428 924.0
0.000424 -0.000428 925.0
0.000424 -0.000428 926.0
0.000424 -0.000428 927.0
0.000424 -0.000428 928.0
0.000424 -0.000428 929.0
0.000424 -0.000428 930.0
0.000424 -0.000428 931.0
0.000424 -0.000428 932.0
0.000424 -0.000428 933.0
0.000424 -0.000428 934.0
0.000424 -0.000428 935.0
0.000424 -0.000428 936.0
0.000424 -0.000428 937.0
0.000424 -0.000428 938.0
0.000424 -0.000428 939.0
0.000424 -0.000428 940.0
0.000424 -0.000428 941.0
0.000424 -0.000428 942.0
0.000424 -0.000428 943.0
0.000424 -0.000428 944.0
0.000424 -0.000428 945.0
0.000424 -0.000428 946.0
0.000424 -0.000428 947.0
0.000424 -0.000428 948.0
0.000424 -0.000428 949.0
0.000424 -0.000428 950.0
0.000424 -0.000428 951.0
0.000424 -0.000428 952.0
0.000424 -0.000428 953.0
0.000424 -0.000428 954.0
0.000424 -0.000428 955.0
0.000424 -0.000428 956.0
0.000424 -0.000428 957.0
0.000424 -0.000428 958.0
0.000424 -0.000428 959.0
0.000424 -0.000428 960.0
0.000424 -0.000428 961.0
0.000424 -0.000428 962.0
0.000424 -0.000428 963.0
0.000424 -0.000428 964.0
0.000424 -0.000428 965.0
0.000424 -0.000428 966.0
0.000424 -0.000428 967.0
0.000424 -0.000428 968.0
0.000424 -0.000428 969.0
0.000424 -0.000428 970.0
0.000424 -0.000428 971.0
0.000424 -0.000428 972.0
0.000424 -0.000428 973.0
0.000424 -0.000428 974.0
0.000424 -0.000428 975.0
0.000424 -0.000428 976.0
0.000424 -0.000428 977.0
0.000424 -0.000428 978.0
0.000424 -0.000428 979.0
0.000424 -0.000428 980.0
0.000424 -0.000428 981.0
0.000424 -0.000428 982.0
0.000424 -0.000428 983.0
0.000424 -0.000428 984.0
0.000424 -0.000428 985.0
0.000424 -0.000428 986.0
0.000424 -0.000428 987.0
0.000424 -0.000428 988.0
0.000424 -0.000428 989.0
0.000424 -0.000428 990.0
0.000424 -0.000428 991.0
0.000424 -0.000428 992.0
0.000424 -0.000428 993.0
0.000424 -0.000428 994.0
0.000424 -0.000428 995.0
0.000424 -0.000428 996.0
0.000424 -0.000428 997.0
0.000424 -0.000428 998.0
0.000424 -0.000428 999.0
0.000424 -0.000428 1000.0
0.000424 -0.000428 1001.0
0.000424 -0.000428 1002.0
0.000424 -0.000428 1003.0
0.000424 -0.000428 1004.0
0.000424 -0.000428 1005.0
0.000424 -0.000428 1006.0
0.000424 -0.000428 1007.0
0.000424 -0.000428 1008.0
0.000424 -0.000428 1009.0
0.000424 -0.000428 1010.0
0.000424 -0.000428 1011.0
0.000424 -0.000428 1012.0
0.000424 -0.000428 1013.0
0.000424 -0.000428 1014.0
0.000424 -0.000428 1015.0
0.000424 -0.000428 1016.0
0.000424 -0.000428 1017.0
0.000424 -0.000427 1018.0
0.000424 -0.000427 1019.0
0.000424 -0.000427 1020.0
0.000424 -0.000427 1021.0
0.000424 -0.000427 1022.0
0.000424 -0.000427 1023.0
0.000424 -0.000426 1024.0
0.000424 -0.000426 1025.0
0.000424 -0.000426 1026.0
0.000424 -0.000426 1027.0
0.000424 -0.000426 1028.0
0.000424 -0.000426 1029.0
0.000424 -0.000425 1030.0
0.000424 -0.000425 1031.0
0.000424 -0.000425 1032.0
0.000424 -0.000425 1033.0
0.000424 -0.000425 1034.0
0.000424 -0.000425 1035.0
0.000424 -0.000424 1036.0
0.000424 -0.000424 1037.0
0.000424 -0.000424 1038.0
0.000424 -0.000424 1039.0
0.000424 -0.000424 1040.0
0.000423 -0.000424 1041.0
0.000423 -0.000424 1042.0
0.000423 -0.000423 1043.0
0.000423 -0.000423 1044.0
0.000423 -0.000423 1045.0
0.000423 -0.000423 1046.0
0.000423 -0.000423 1047.0
0.000423 -0.000423 1048.0
0.000423 -0.000422 1049.0
0.000423 -0.000422 1050.0
0.000423 -0.000422 1051.0
0.000423 -0.000422 1052.0
0.000423 -0.000422 1053.0
0.000423 -0.000422 1054.0
0.000423 -0.000421 1055.0
0.000423 -0.000421 1056.0
0.000423 -0.000421 1057.0
0.000423 -0.000421 1058.0
0.000423 -0.000421 1059.0
0.000423 -0.000421 1060.0
0.000423 -0.000420 1061.0
0.000423 -0.000420 1062.0
0.000423 -0.000420 1063.0
0.000423 -0.000420 1064.0
0.000423 -0.000420 1065.0
0.000423 -0.000420 1066.0
0.000423 -0.000420 1067.0
0.000423 -0.000419 1068.0
0.000423 -0.000419 1069.0
0.000423 -0.000419 1070.0
0.000423 -0.000419 1071.0
0.000423 -0.000419 1072.0
0.000423 -0.000419 1073.0
0.000423 -0.000419 1074.0
0.000423 -0.000419 1075.0
0.000423 -0.000419 1076.0
0.000423 -0.000419 1077.0
0.000423 -0.000419 1078.0
0.000423 -0.000419 1079.0
0.000423 -0.000419 1080.0
0.000423 -0.000419 1081.0
0.000423 -0.000419 1082.0
0.000423 -0.000419 1083.0
0.000423 -0.000419 1084.0
0.000423 -0.000419 1085.0
0.000423 -0.000419 1086.0
0.000423 -0.000419 1087.0
0.000423 -0.000419 1088.0
0.000423 -0.000419 1089.0
0.000423 -0.000419 1090.0
0.000424 -0.000419 1091.0
0.000424 -0.000419 1092.0
0.000424 -0.000419 1093.0
0.000424 -0.000419 1094.0
0.000424 -0.000420 1095.0
0.000424 -0.000420 1096.0
0.000424 -0.000420 1097.0
0.000424 -0.000420 1098.0
0.000424 -0.000420 1099.0
0.000424 -0.000420 1100.0
0.000424 -0.000420 1101.0
0.000424 -0.000420 1102.0
0.000424 -0.000420 1103.0
0.000424 -0.000420 1104.0
0.000424 -0.000420 1105.0
0.000424 -0.000420 1106.0
0.000424 -0.000420 1107.0
0.000424 -0.000420 1108.0
0.000424 -0.000420 1109.0
0.000424 -0.000420 1110.0
0.000424 -0.000420 1111.0
0.000424 -0.000420 1112.0
0.000424 -0.000420 1113.0
0.000424 -0.000420 1114.0
0.000424 -0.000420 1115.0
0.000424 -0.000420 1116.0
0.000425 -0.000420 1117.0
0.000425 -0.000420 1118.0
0.000425 -0.000420 1119.0
0.000425 -0.000420 1120.0
0.000425 -0.000420 1121.0
0.000425 -0.000420 1122.0
0.000425 -0.000420 1123.0
0.000425 -0.000420 1124.0
0.000425 -0.000421 1125.0
0.000425 -0.000421 1126.0
0.000425 -0.000421 1127.0
0.000425 -0.000421 1128.0
0.000425 -0.000421 1129.0
0.000425 -0.000421 1130.0
0.000425 -0.000421 1131.0
0.000425 -0.000421 1132.0
0.000425 -0.000420 1133.0
