0.000636 -0.000576 46.0
0.000636 -0.000576 47.0
0.000636 -0.000576 48.0
0.000636 -0.000576 49.0
0.000636 -0.000576 50.0
0.000636 -0.000576 51.0
0.000636 -0.000576 52.0
0.000636 -0.000576 53.0
0.000636 -0.000576 54.0
0.000636 -0.000576 55.0
0.000636 -0.000576 56.0
0.000636 -0.000576 57.0
0.000636 -0.000576 58.0
0.000637 -0.000576 59.0
0.000637 -0.000575 60.0
0.000637 -0.000575 61.0
0.000637 -0.000575 62.0
0.000637 -0.000575 63.0
0.000637 -0.000574 64.0
0.000638 -0.000574 65.0
0.000638 -0.000574 66.0
0.000638 -0.000573 67.0
0.000638 -0.000573 68.0
0.000638 -0.000573 69.0
0.000638 -0.000573 70.0
0.000638 -0.000572 71.0
0.000639 -0.000572 72.0
0.000639 -0.000572 73.0
0.000639 -0.000572 74.0
0.000639 -0.000571 75.0
0.000639 -0.000571 76.0
0.000639 -0.000571 77.0
0.000640 -0.000571 78.0
0.000640 -0.000570 79.0
0.000640 -0.000570 80.0
0.000640 -0.000570 81.0
0.000640 -0.000569 82.0
0.000640 -0.000569 83.0
0.000641 -0.000569 84.0
0.000641 -0.000569 85.0
0.000641 -0.000568 86.0
0.000641 -0.000568 87.0
0.000641 -0.000568 88.0
0.000641 -0.000568 89.0
0.000641 -0.000567 90.0
0.000642 -0.000567 91.0
0.000642 -0.000567 92.0
0.000642 -0.000567 93.0
0.000642 -0.000566 94.0
0.000642 -0.000566 95.0
0.000642 -0.000566 96.0
0.000643 -0.000565 97.0
0.000643 -0.000565 98.0
0.000643 -0.000565 99.0
0.000643 -0.000565 100.0
0.000643 -0.000564 101.0
0.000643 -0.000564 102.0
0.000644 -0.000564 103.0
0.000644 -0.000564 104.0
0.000644 -0.000563 105.0
0.000644 -0.000563 106.0
0.000644 -0.000563 107.0
0.000644 -0.000563 108.0
0.000644 -0.000562 109.0
0.000645 -0.000562 110.0
0.000645 -0.000562 111.0
0.000645 -0.000561 112.0
0.000645 -0.000561 113.0
0.000645 -0.000561 114.0
0.000645 -0.000561 115.0
0.000646 -0.000560 116.0
0.000646 -0.000560 117.0
0.000647 -0.000562 118.0
0.000647 -0.000561 119.0
0.000647 -0.000561 120.0
0.000648 -0.000561 121.0
0.000648 -0.000560 122.0
0.000648 -0.000560 123.0
0.000648 -0.000560 124.0
0.000648 -0.000559 125.0
0.000649 -0.000559 126.0
0.000649 -0.000559 127.0
0.000649 -0.000558 128.0
0.000649 -0.000558 129.0
0.000649 -0.000558 130.0
0.000649 -0.000558 131.0
0.000650 -0.000557 132.0
0.000650 -0.000557 133.0
0.000650 -0.000557 134.0
0.000650 -0.000556 135.0
0.000650 -0.000556 136.0
0.000651 -0.000556 137.0
0.000651 -0.000555 138.0
0.000651 -0.000555 139.0
0.000651 -0.000555 140.0
0.000651 -0.000554 141.0
0.000651 -0.000554 142.0
0.000652 -0.000554 143.0
0.000652 -0.000553 144.0
0.000652 -0.000553 145.0
0.000652 -0.000553 146.0
0.000652 -0.000553 147.0
0.000653 -0.000552 148.0
0.000653 -0.000552 149.0
0.000653 -0.000552 150.0
0.000653 -0.000551 151.0
0.000653 -0.000551 152.0
0.000653 -0.000551 153.0
0.000654 -0.000550 154.0
0.000654 -0.000550 155.0
0.000654 -0.000550 156.0
0.000654 -0.000549 157.0
0.000654 -0.000549 158.0
0.000655 -0.000549 159.0
0.000655 -0.000549 160.0
0.000655 -0.000548 161.0
0.000655 -0.000548 162.0
0.000655 -0.000548 163.0
0.000655 -0.000547 164.0
0.000656 -0.000547 165.0
0.000656 -0.000547 166.0
0.000656 -0.000546 167.0
0.000656 -0.000546 168.0
0.000656 -0.000546 169.0
0.000657 -0.000545 170.0
0.000657 -0.000545 171.0
0.000657 -0.000545 172.0
0.000657 -0.000544 173.0
0.000657 -0.000544 174.0
0.000657 -0.000544 175.0
0.000658 -0.000544 176.0
0.000658 -0.000543 177.0
0.000659 -0.000545 178.0
0.000659 -0.000544 179.0
0.000659 -0.000544 180.0
0.000658 -0.000543 181.0
0.000658 -0.000542 182.0
0.000658 -0.000542 183.0
0.000657 -0.000541 184.0
0.000657 -0.000540 185.0
0.000657 -0.000540 186.0
0.000656 -0.000539 187.0
0.000656 -0.000539 188.0
0.000655 -0.000538 189.0
0.000655 -0.000537 190.0
0.000655 -0.000537 191.0
0.000654 -0.000536 192.0
0.000654 -0.000535 193.0
0.000654 -0.000535 194.0
0.000653 -0.000534 195.0
0.000653 -0.000533 196.0
0.000653 -0.000533 197.0
0.000652 -0.000532 198.0
0.000652 -0.000532 199.0
0.000652 -0.000531 200.0
0.000651 -0.000530 201.0
0.000651 -0.000530 202.0
0.000651 -0.000529 203.0
0.000650 -0.000528 204.0
0.000650 -0.000528 205.0
0.000649 -0.000527 206.0
0.000649 -0.000527 207.0
0.000649 -0.000526 208.0
0.000648 -0.000525 209.0
0.000648 -0.000525 210.0
0.000648 -0.000524 211.0
0.000647 -0.000523 212.0
0.000647 -0.000523 213.0
0.000647 -0.000522 214.0
0.000646 -0.000521 215.0
0.000646 -0.000521 216.0
0.000646 -0.000520 217.0
0.000645 -0.000520 218.0
0.000645 -0.000519 219.0
0.000644 -0.000518 220.0
0.000644 -0.000518 221.0
0.000644 -0.000517 222.0
0.000643 -0.000516 223.0
0.000643 -0.000516 224.0
0.000643 -0.000515 225.0
0.000642 -0.000515 226.0
0.000642 -0.000514 227.0
0.000642 -0.000513 228.0
0.000641 -0.000513 229.0
0.000641 -0.000512 230.0
0.000641 -0.000511 231.0
0.000640 -0.000511 232.0
0.000640 -0.000510 233.0
0.000640 -0.000509 234.0
0.000639 -0.000509 235.0
0.000639 -0.000508 236.0
0.000638 -0.000508 237.0
0.000635 -0.000511 238.0
0.000635 -0.000510 239.0
0.000636 -0.000510 240.0
0.000636 -0.000510 241.0
0.000636 -0.000509 242.0
0.000636 -0.000509 243.0
0.000636 -0.000509 244.0
0.000636 -0.000508 245.0
0.000637 -0.000508 246.0
0.000637 -0.000508 247.0
0.000637 -0.000507 248.0
0.000637 -0.000507 249.0
0.000637 -0.000507 250.0
0.000637 -0.000506 251.0
0.000637 -0.000506 252.0
0.000638 -0.000506 253.0
0.000638 -0.000505 254.0
0.000638 -0.000505 255.0
0.000638 -0.000505 256.0
0.000638 -0.000504 257.0
0.000638 -0.000504 258.0
0.000639 -0.000504 259.0
0.000639 -0.000503 260.0
0.000639 -0.000503 261.0
0.000639 -0.000502 262.0
0.000639 -0.000502 263.0
0.000639 -0.000502 264.0
0.000639 -0.000501 265.0
0.000640 -0.000501 266.0
0.000640 -0.000501 267.0
0.000640 -0.000500 268.0
0.000640 -0.000500 269.0
0.000640 -0.000500 270.0
0.000640 -0.000499 271.0
0.000641 -0.000499 272.0
0.000641 -0.000499 273.0
0.000641 -0.000498 274.0
0.000641 -0.000498 275.0
0.000641 -0.000498 276.0
0.000641 -0.000497 277.0
0.000641 -0.000497 278.0
0.000642 -0.000497 279.0
0.000642 -0.000496 280.0
0.000642 -0.000496 281.0
0.000642 -0.000496 282.0
0.000642 -0.000495 283.0
0.000642 -0.000495 284.0
0.000643 -0.000495 285.0
0.000643 -0.000494 286.0
0.000643 -0.000494 287.0
0.000643 -0.000494 288.0
0.000643 -0.000493 289.0
0.000643 -0.000493 290.0
0.000643 -0.000493 291.0
0.000644 -0.000492 292.0
0.000644 -0.000492 293.0
0.000644 -0.000492 294.0
0.000644 -0.000491 295.0
0.000644 -0.000491 296.0
0.000644 -0.000491 297.0
0.000646 -0.000492 298.0
0.000646 -0.000491 299.0
0.000646 -0.000491 300.0
0.000646 -0.000490 301.0
0.000646 -0.000489 302.0
0.000646 -0.000489 303.0
0.000646 -0.000488 304.0
0.000646 -0.000488 305.0
0.000646 -0.000487 306.0
0.000646 -0.000487 307.0
0.000646 -0.000486 308.0
0.000646 -0.000485 309.0
0.000646 -0.000485 310.0
0.000646 -0.000484 311.0
0.000646 -0.000484 312.0
0.000646 -0.000483 313.0
0.000646 -0.000483 314.0
0.000646 -0.000482 315.0
0.000646 -0.000482 316.0
0.000646 -0.000481 317.0
0.000646 -0.000480 318.0
0.000646 -0.000480 319.0
0.000646 -0.000479 320.0
0.000647 -0.000479 321.0
0.000647 -0.000478 322.0
0.000647 -0.000478 323.0
0.000647 -0.000477 324.0
0.000647 -0.000476 325.0
0.000647 -0.000476 326.0
0.000647 -0.000475 327.0
0.000647 -0.000475 328.0
0.000647 -0.000474 329.0
0.000647 -0.000474 330.0
0.000647 -0.000473 331.0
0.000647 -0.000472 332.0
0.000647 -0.000472 333.0
0.000647 -0.000471 334.0
0.000647 -0.000471 335.0
0.000647 -0.000470 336.0
0.000647 -0.000470 337.0
0.000647 -0.000469 338.0
0.000647 -0.000468 339.0
0.000647 -0.000468 340.0
0.000647 -0.000467 341.0
0.000647 -0.000467 342.0
0.000647 -0.000466 343.0
0.000647 -0.000466 344.0
0.000647 -0.000465 345.0
0.000647 -0.000464 346.0
0.000647 -0.000464 347.0
0.000647 -0.000463 348.0
0.000647 -0.000463 349.0
0.000647 -0.000462 350.0
0.000647 -0.000462 351.0
0.000647 -0.000461 352.0
0.000647 -0.000460 353.0
0.000647 -0.000460 354.0
0.000647 -0.000459 355.0
0.000647 -0.000459 356.0
0.000647 -0.000458 357.0
0.000648 -0.000458 358.0
0.000647 -0.000458 359.0
0.000647 -0.000457 360.0
0.000647 -0.000457 361.0
0.000647 -0.000457 362.0
0.000647 -0.000457 363.0
0.000646 -0.000456 364.0
0.000646 -0.000456 365.0
0.000646 -0.000456 366.0
0.000646 -0.000455 367.0
0.000646 -0.000455 368.0
0.000645 -0.000455 369.0
0.000645 -0.000454 370.0
0.000645 -0.000454 371.0
0.000645 -0.000454 372.0
0.000645 -0.000453 373.0
0.000644 -0.000453 374.0
0.000644 -0.000453 375.0
0.000644 -0.000452 376.0
0.000644 -0.000452 377.0
0.000644 -0.000452 378.0
0.000643 -0.000451 379.0
0.000643 -0.000451 380.0
0.000643 -0.000451 381.0
0.000643 -0.000450 382.0
0.000643 -0.000450 383.0
0.000642 -0.000450 384.0
0.000642 -0.000449 385.0
0.000642 -0.000449 386.0
0.000642 -0.000449 387.0
0.000642 -0.000449 388.0
0.000641 -0.000448 389.0
0.000641 -0.000448 390.0
0.000641 -0.000448 391.0
0.000641 -0.000447 392.0
0.000641 -0.000447 393.0
0.000640 -0.000447 394.0
0.000640 -0.000446 395.0
0.000640 -0.000446 396.0
0.000640 -0.000446 397.0
0.000639 -0.000445 398.0
0.000639 -0.000445 399.0
0.000639 -0.000445 400.0
0.000639 -0.000444 401.0
0.000639 -0.000444 402.0
0.000638 -0.000444 403.0
0.000638 -0.000443 404.0
0.000638 -0.000443 405.0
0.000638 -0.000443 406.0
0.000638 -0.000442 407.0
0.000637 -0.000442 408.0
0.000637 -0.000442 409.0
0.000637 -0.000441 410.0
0.000637 -0.000441 411.0
0.000637 -0.000441 412.0
0.000636 -0.000441 413.0
0.000636 -0.000440 414.0
0.000636 -0.000440 415.0
0.000636 -0.000440 416.0
0.000636 -0.000439 417.0
0.000635 -0.000439 418.0
0.000635 -0.000439 419.0
0.000635 -0.000438 420.0
0.000635 -0.000438 421.0
0.000635 -0.000438 422.0
0.000634 -0.000437 423.0
0.000633 -0.000439 424.0
0.000632 -0.000439 425.0
0.000632 -0.000440 426.0
0.000632 -0.000439 427.0
0.000631 -0.000440 428.0
0.000630 -0.000440 429.0
0.000629 -0.000440 430.0
0.000628 -0.000440 431.0
0.000628 -0.000441 432.0
0.000627 -0.000441 433.0
0.000626 -0.000441 434.0
0.000625 -0.000441 435.0
0.000624 -0.000441 436.0
0.000623 -0.000442 437.0
0.000622 -0.000442 438.0
0.000621 -0.000442 439.0
0.000620 -0.000442 440.0
0.000620 -0.000442 441.0
0.000619 -0.000443 442.0
0.000618 -0.000443 443.0
0.000617 -0.000443 444.0
0.000616 -0.000443 445.0
0.000615 -0.000444 446.0
0.000614 -0.000444 447.0
0.000613 -0.000444 448.0
0.000612 -0.000444 449.0
0.000612 -0.000444 450.0
0.000611 -0.000445 451.0
0.000610 -0.000445 452.0
0.000609 -0.000445 453.0
0.000608 -0.000445 454.0
0.000607 -0.000445 455.0
0.000606 -0.000446 456.0
0.000605 -0.000446 457.0
0.000604 -0.000446 458.0
0.000604 -0.000446 459.0
0.000603 -0.000446 460.0
0.000602 -0.000447 461.0
0.000601 -0.000447 462.0
0.000600 -0.000447 463.0
0.000599 -0.000447 464.0
0.000598 -0.000448 465.0
0.000597 -0.000448 466.0
0.000596 -0.000448 467.0
0.000596 -0.000448 468.0
0.000595 -0.000448 469.0
0.000594 -0.000449 470.0
0.000593 -0.000449 471.0
0.000592 -0.000449 472.0
0.000591 -0.000449 473.0
0.000590 -0.000449 474.0
0.000589 -0.000450 475.0
0.000588 -0.000450 476.0
0.000588 -0.000450 477.0
0.000587 -0.000450 478.0
0.000586 -0.000451 479.0
0.000585 -0.000451 480.0
0.000584 -0.000451 481.0
0.000583 -0.000451 482.0
0.000582 -0.000451 483.0
0.000581 -0.000452 484.0
0.000580 -0.000452 485.0
0.000580 -0.000452 486.0
0.000579 -0.000449 487.0
0.000577 -0.000449 488.0
0.000576 -0.000448 489.0
0.000574 -0.000447 490.0
0.000572 -0.000446 491.0
0.000570 -0.000445 492.0
0.000568 -0.000444 493.0
0.000567 -0.000443 494.0
0.000565 -0.000442 495.0
0.000563 -0.000441 496.0
0.000561 -0.000440 497.0
0.000560 -0.000439 498.0
0.000558 -0.000438 499.0
0.000556 -0.000437 500.0
0.000554 -0.000436 501.0
0.000552 -0.000435 502.0
0.000551 -0.000434 503.0
0.000549 -0.000433 504.0
0.000547 -0.000432 505.0
0.000545 -0.000431 506.0
0.000543 -0.000430 507.0
0.000542 -0.000429 508.0
0.000540 -0.000428 509.0
0.000538 -0.000427 510.0
0.000536 -0.000426 511.0
0.000534 -0.000425 512.0
0.000533 -0.000424 513.0
0.000531 -0.000423 514.0
0.000529 -0.000422 515.0
0.000527 -0.000421 516.0
0.000526 -0.000420 517.0
0.000524 -0.000419 518.0
0.000522 -0.000418 519.0
0.000520 -0.000417 520.0
0.000518 -0.000416 521.0
0.000517 -0.000415 522.0
0.000515 -0.000414 523.0
0.000513 -0.000413 524.0
0.000511 -0.000412 525.0
0.000509 -0.000411 526.0
0.000508 -0.000410 527.0
0.000506 -0.000409 528.0
0.000504 -0.000408 529.0
0.000502 -0.000407 530.0
0.000500 -0.000406 531.0
0.000499 -0.000405 532.0
0.000497 -0.000404 533.0
0.000495 -0.000403 534.0
0.000493 -0.000402 535.0
0.000492 -0.000401 536.0
0.000490 -0.000400 537.0
0.000488 -0.000399 538.0
0.000486 -0.000398 539.0
0.000484 -0.000397 540.0
0.000481 -0.000407 541.0
0.000479 -0.000407 542.0
0.000478 -0.000407 543.0
0.000476 -0.000407 544.0
0.000474 -0.000407 545.0
0.000472 -0.000408 546.0
0.000470 -0.000408 547.0
0.000468 -0.000408 548.0
0.000466 -0.000408 549.0
0.000464 -0.000408 550.0
0.000462 -0.000408 551.0
0.000460 -0.000409 552.0
0.000458 -0.000409 553.0
0.000456 -0.000409 554.0
0.000454 -0.000409 555.0
0.000452 -0.000409 556.0
0.000450 -0.000410 557.0
0.000448 -0.000410 558.0
0.000447 -0.000410 559.0
0.000445 -0.000410 560.0
0.000443 -0.000410 561.0
0.000441 -0.000410 562.0
0.000439 -0.000411 563.0
0.000437 -0.000411 564.0
0.000435 -0.000411 565.0
0.000433 -0.000411 566.0
0.000431 -0.000411 567.0
0.000429 -0.000411 568.0
0.000427 -0.000412 569.0
0.000425 -0.000412 570.0
0.000423 -0.000412 571.0
0.000421 -0.000412 572.0
0.000419 -0.000412 573.0
0.000418 -0.000412 574.0
0.000416 -0.000413 575.0
0.000414 -0.000413 576.0
0.000412 -0.000413 577.0
0.000410 -0.000413 578.0
0.000408 -0.000413 579.0
0.000406 -0.000414 580.0
0.000404 -0.000414 581.0
0.000402 -0.000414 582.0
0.000400 -0.000414 583.0
0.000398 -0.000414 584.0
0.000398 -0.000413 585.0
0.000397 -0.000414 586.0
0.000395 -0.000416 587.0
0.000394 -0.000417 588.0
0.000393 -0.000419 589.0
0.000391 -0.000420 590.0
0.000390 -0.000422 591.0
0.000388 -0.000423 592.0
0.000387 -0.000425 593.0
0.000386 -0.000426 594.0
0.000384 -0.000427 595.0
0.000383 -0.000429 596.0
0.000382 -0.000430 597.0
0.000380 -0.000432 598.0
0.000379 -0.000433 599.0
0.000377 -0.000435 600.0
0.000376 -0.000436 601.0
0.000375 -0.000438 602.0
0.000373 -0.000439 603.0
0.000372 -0.000441 604.0
0.000370 -0.000442 605.0
0.000369 -0.000444 606.0
0.000368 -0.000445 607.0
0.000366 -0.000447 608.0
0.000365 -0.000448 609.0
0.000364 -0.000450 610.0
0.000362 -0.000451 611.0
0.000361 -0.000453 612.0
0.000359 -0.000454 613.0
0.000358 -0.000456 614.0
0.000357 -0.000457 615.0
0.000355 -0.000459 616.0
0.000354 -0.000460 617.0
0.000353 -0.000462 618.0
0.000351 -0.000463 619.0
0.000350 -0.000464 620.0
0.000348 -0.000466 621.0
0.000347 -0.000467 622.0
0.000346 -0.000469 623.0
0.000344 -0.000470 624.0
0.000343 -0.000472 625.0
0.000341 -0.000473 626.0
0.000340 -0.000475 627.0
0.000339 -0.000476 628.0
0.000337 -0.000478 629.0
0.000336 -0.000479 630.0
0.000335 -0.000481 631.0
0.000333 -0.000482 632.0
0.000332 -0.000484 633.0
0.000330 -0.000485 634.0
0.000329 -0.000487 635.0
0.000328 -0.000488 636.0
0.000326 -0.000490 637.0
0.000325 -0.000491 638.0
0.000323 -0.000493 639.0
0.000322 -0.000494 640.0
0.000321 -0.000496 641.0
0.000319 -0.000497 642.0
0.000312 -0.000486 643.0
0.000312 -0.000488 644.0
0.000311 -0.000490 645.0
0.000311 -0.000492 646.0
0.000310 -0.000495 647.0
0.000309 -0.000497 648.0
0.000309 -0.000499 649.0
0.000308 -0.000501 650.0
0.000308 -0.000503 651.0
0.000307 -0.000506 652.0
0.000307 -0.000508 653.0
0.000306 -0.000510 654.0
0.000305 -0.000512 655.0
0.000305 -0.000515 656.0
0.000304 -0.000517 657.0
0.000304 -0.000519 658.0
0.000303 -0.000521 659.0
0.000303 -0.000524 660.0
0.000302 -0.000526 661.0
0.000301 -0.000528 662.0
0.000301 -0.000530 663.0
0.000300 -0.000532 664.0
0.000300 -0.000535 665.0
0.000299 -0.000537 666.0
0.000299 -0.000539 667.0
0.000298 -0.000541 668.0
0.000297 -0.000544 669.0
0.000297 -0.000546 670.0
0.000296 -0.000548 671.0
0.000296 -0.000550 672.0
0.000295 -0.000553 673.0
0.000295 -0.000555 674.0
0.000294 -0.000557 675.0
0.000293 -0.000559 676.0
0.000293 -0.000561 677.0
0.000292 -0.000564 678.0
0.000292 -0.000566 679.0
0.000291 -0.000568 680.0
0.000291 -0.000570 681.0
0.000290 -0.000573 682.0
0.000289 -0.000575 683.0
0.000289 -0.000577 684.0
0.000288 -0.000579 685.0
0.000288 -0.000582 686.0
0.000287 -0.000584 687.0
0.000287 -0.000586 688.0
0.000286 -0.000588 689.0
0.000285 -0.000591 690.0
0.000285 -0.000593 691.0
0.000284 -0.000595 692.0
0.000284 -0.000597 693.0
0.000283 -0.000599 694.0
0.000283 -0.000602 695.0
0.000282 -0.000604 696.0
0.000281 -0.000606 697.0
0.000281 -0.000608 698.0
0.000274 -0.000605 699.0
0.000274 -0.000606 700.0
0.000274 -0.000607 701.0
0.000273 -0.000608 702.0
0.000273 -0.000609 703.0
0.000273 -0.000610 704.0
0.000273 -0.000611 705.0
0.000273 -0.000612 706.0
0.000273 -0.000613 707.0
0.000273 -0.000614 708.0
0.000273 -0.000615 709.0
0.000273 -0.000616 710.0
0.000273 -0.000617 711.0
0.000273 -0.000617 712.0
0.000273 -0.000618 713.0
0.000273 -0.000619 714.0
0.000273 -0.000620 715.0
0.000273 -0.000621 716.0
0.000272 -0.000622 717.0
0.000272 -0.000623 718.0
0.000272 -0.000624 719.0
0.000272 -0.000625 720.0
0.000272 -0.000626 721.0
0.000272 -0.000627 722.0
0.000272 -0.000628 723.0
0.000272 -0.000629 724.0
0.000272 -0.000630 725.0
0.000272 -0.000631 726.0
0.000272 -0.000632 727.0
0.000272 -0.000633 728.0
0.000272 -0.000634 729.0
0.000272 -0.000635 730.0
0.000271 -0.000636 731.0
0.000271 -0.000636 732.0
0.000271 -0.000637 733.0
0.000271 -0.000638 734.0
0.000271 -0.000639 735.0
0.000271 -0.000640 736.0
0.000271 -0.000641 737.0
0.000271 -0.000642 738.0
0.000271 -0.000643 739.0
0.000271 -0.000644 740.0
0.000271 -0.000645 741.0
0.000271 -0.000646 742.0
0.000271 -0.000647 743.0
0.000271 -0.000648 744.0
0.000270 -0.000649 745.0
0.000270 -0.000650 746.0
0.000270 -0.000651 747.0
0.000270 -0.000652 748.0
0.000270 -0.000653 749.0
0.000270 -0.000654 750.0
0.000270 -0.000655 751.0
0.000270 -0.000656 752.0
0.000270 -0.000656 753.0
0.000270 -0.000657 754.0
0.000270 -0.000658 755.0
0.000270 -0.000659 756.0
0.000270 -0.000660 757.0
0.000270 -0.000661 758.0
0.000269 -0.000662 759.0
0.000269 -0.000663 760.0
0.000269 -0.000664 761.0
0.000269 -0.000665 762.0
0.000269 -0.000666 763.0
0.000269 -0.000667 764.0
0.000268 -0.000667 765.0
0.000268 -0.000667 766.0
0.000267 -0.000667 767.0
0.000267 -0.000667 768.0
0.000267 -0.000667 769.0
0.000266 -0.000667 770.0
0.000266 -0.000667 771.0
0.000266 -0.000667 772.0
0.000266 -0.000667 773.0
0.000265 -0.000666 774.0
0.000265 -0.000666 775.0
0.000265 -0.000666 776.0
0.000264 -0.000666 777.0
0.000264 -0.000666 778.0
0.000264 -0.000666 779.0
0.000264 -0.000666 780.0
0.000263 -0.000666 781.0
0.000263 -0.000666 782.0
0.000263 -0.000666 783.0
0.000262 -0.000666 784.0
0.000262 -0.000666 785.0
0.000262 -0.000666 786.0
0.000262 -0.000666 787.0
0.000261 -0.000666 788.0
0.000261 -0.000666 789.0
0.000261 -0.000666 790.0
0.000261 -0.000666 791.0
0.000260 -0.000666 792.0
0.000260 -0.000666 793.0
0.000260 -0.000666 794.0
0.000259 -0.000666 795.0
0.000259 -0.000666 796.0
0.000259 -0.000666 797.0
0.000259 -0.000666 798.0
0.000258 -0.000666 799.0
0.000258 -0.000666 800.0
0.000258 -0.000666 801.0
0.000257 -0.000666 802.0
0.000257 -0.000666 803.0
0.000257 -0.000666 804.0
0.000257 -0.000666 805.0
0.000256 -0.000665 806.0
0.000256 -0.000665 807.0
0.000256 -0.000665 808.0
0.000255 -0.000665 809.0
0.000255 -0.000665 810.0
0.000255 -0.000665 811.0
0.000255 -0.000665 812.0
0.000254 -0.000665 813.0
0.000254 -0.000665 814.0
0.000254 -0.000665 815.0
0.000253 -0.000665 816.0
0.000253 -0.000665 817.0
0.000253 -0.000665 818.0
0.000253 -0.000665 819.0
0.000253 -0.000665 820.0
0.000253 -0.000665 821.0
0.000253 -0.000665 822.0
0.000253 -0.000665 823.0
0.000253 -0.000665 824.0
0.000253 -0.000665 825.0
0.000253 -0.000665 826.0
0.000253 -0.000665 827.0
0.000253 -0.000665 828.0
0.000253 -0.000664 829.0
0.000253 -0.000664 830.0
0.000253 -0.000664 831.0
0.000253 -0.000664 832.0
0.000252 -0.000664 833.0
0.000252 -0.000664 834.0
0.000252 -0.000664 835.0
0.000252 -0.000664 836.0
0.000252 -0.000664 837.0
0.000252 -0.000663 838.0
0.000252 -0.000663 839.0
0.000252 -0.000663 840.0
0.000252 -0.000663 841.0
0.000252 -0.000663 842.0
0.000252 -0.000663 843.0
0.000252 -0.000663 844.0
0.000252 -0.000663 845.0
0.000252 -0.000663 846.0
0.000252 -0.000662 847.0
0.000252 -0.000662 848.0
0.000252 -0.000662 849.0
0.000252 -0.000662 850.0
0.000252 -0.000662 851.0
0.000252 -0.000662 852.0
0.000252 -0.000662 853.0
0.000252 -0.000662 854.0
0.000252 -0.000662 855.0
0.000252 -0.000661 856.0
0.000252 -0.000661 857.0
0.000252 -0.000661 858.0
0.000252 -0.000661 859.0
0.000252 -0.000661 860.0
0.000252 -0.000661 861.0
0.000252 -0.000661 862.0
0.000252 -0.000661 863.0
0.000252 -0.000661 864.0
0.000252 -0.000660 865.0
0.000252 -0.000660 866.0
0.000252 -0.000660 867.0
0.000252 -0.000660 868.0
0.000252 -0.000660 869.0
0.000252 -0.000660 870.0
0.000252 -0.000660 871.0
0.000252 -0.000660 872.0
0.000252 -0.000660 873.0
0.000252 -0.000659 874.0
0.000252 -0.000659 875.0
0.000252 -0.000659 876.0
0.000252 -0.000659 877.0
0.000252 -0.000659 878.0
0.000252 -0.000659 879.0
0.000252 -0.000659 880.0
0.000252 -0.000659 881.0
0.000252 -0.000657 882.0
0.000252 -0.000656 883.0
0.000253 -0.000655 884.0
0.000253 -0.000653 885.0
0.000253 -0.000652 886.0
0.000253 -0.000651 887.0
0.000253 -0.000651 888.0
0.000253 -0.000651 889.0
0.000253 -0.000651 890.0
0.000253 -0.000652 891.0
0.000254 -0.000652 892.0
0.000254 -0.000652 893.0
0.000254 -0.000653 894.0
0.000254 -0.000653 895.0
0.000254 -0.000653 896.0
0.000255 -0.000654 897.0
0.000255 -0.000654 898.0
0.000255 -0.000654 899.0
0.000255 -0.000655 900.0
0.000255 -0.000655 901.0
0.000256 -0.000655 902.0
0.000256 -0.000655 903.0
0.000256 -0.000656 904.0
0.000256 -0.000656 905.0
0.000256 -0.000656 906.0
0.000257 -0.000657 907.0
0.000257 -0.000657 908.0
0.000257 -0.000657 909.0
0.000257 -0.000658 910.0
0.000257 -0.000658 911.0
0.000258 -0.000658 912.0
0.000258 -0.000658 913.0
0.000258 -0.000659 914.0
0.000258 -0.000659 915.0
0.000258 -0.000659 916.0
0.000259 -0.000660 917.0
0.000259 -0.000660 918.0
0.000259 -0.000660 919.0
0.000259 -0.000661 920.0
0.000259 -0.000661 921.0
0.000260 -0.000661 922.0
0.000260 -0.000661 923.0
0.000260 -0.000662 924.0
0.000260 -0.000662 925.0
0.000260 -0.000662 926.0
0.000261 -0.000663 927.0
0.000261 -0.000663 928.0
0.000261 -0.000663 929.0
0.000261 -0.000664 930.0
0.000261 -0.000664 931.0
0.000262 -0.000664 932.0
0.000262 -0.000664 933.0
0.000262 -0.000665 934.0
0.000262 -0.000665 935.0
0.000262 -0.000665 936.0
0.000263 -0.000666 937.0
0.000263 -0.000666 938.0
0.000263 -0.000666 939.0
0.000263 -0.000667 940.0
0.000263 -0.000667 941.0
0.000264 -0.000667 942.0
0.000265 -0.000666 943.0
0.000265 -0.000664 944.0
0.000266 -0.000662 945.0
0.000266 -0.000660 946.0
0.000266 -0.000658 947.0
0.000266 -0.000656 948.0
0.000267 -0.000654 949.0
0.000267 -0.000652 950.0
0.000267 -0.000651 951.0
0.000268 -0.000649 952.0
0.000268 -0.000647 953.0
0.000268 -0.000645 954.0
0.000268 -0.000643 955.0
0.000269 -0.000641 956.0
0.000269 -0.000639 957.0
0.000269 -0.000637 958.0
0.000269 -0.000636 959.0
0.000270 -0.000634 960.0
0.000270 -0.000632 961.0
0.000270 -0.000630 962.0
0.000270 -0.000628 963.0
0.000271 -0.000626 964.0
0.000271 -0.000624 965.0
0.000271 -0.000623 966.0
0.000272 -0.000621 967.0
0.000272 -0.000619 968.0
0.000272 -0.000617 969.0
0.000272 -0.000615 970.0
0.000273 -0.000613 971.0
0.000273 -0.000611 972.0
0.000273 -0.000609 973.0
0.000273 -0.000608 974.0
0.000274 -0.000606 975.0
0.000274 -0.000604 976.0
0.000274 -0.000602 977.0
0.000274 -0.000600 978.0
0.000275 -0.000598 979.0
0.000275 -0.000596 980.0
0.000275 -0.000595 981.0
0.000276 -0.000593 982.0
0.000276 -0.000591 983.0
0.000276 -0.000589 984.0
0.000276 -0.000587 985.0
0.000277 -0.000585 986.0
0.000277 -0.000583 987.0
0.000277 -0.000581 988.0
0.000277 -0.000580 989.0
0.000278 -0.000578 990.0
0.000278 -0.000576 991.0
0.000278 -0.000574 992.0
0.000278 -0.000572 993.0
0.000279 -0.000570 994.0
0.000279 -0.000568 995.0
0.000279 -0.000566 996.0
0.000280 -0.000565 997.0
0.000280 -0.000563 998.0
0.000280 -0.000561 999.0
0.000280 -0.000559 1000.0
0.000281 -0.000557 1001.0
0.000281 -0.000555 1002.0
0.000281 -0.000553 1003.0
0.000281 -0.000552 1004.0
0.000282 -0.000550 1005.0
0.000282 -0.000548 1006.0
0.000282 -0.000546 1007.0
0.000282 -0.000544 1008.0
0.000287 -0.000545 1009.0
0.000287 -0.000544 1010.0
0.000287 -0.000543 1011.0
0.000288 -0.000542 1012.0
0.000288 -0.000541 1013.0
0.000288 -0.000540 1014.0
0.000288 -0.000540 1015.0
0.000289 -0.000539 1016.0
0.000289 -0.000538 1017.0
0.000289 -0.000537 1018.0
0.000290 -0.000536 1019.0
0.000290 -0.000535 1020.0
0.000290 -0.000534 1021.0
0.000291 -0.000533 1022.0
0.000291 -0.000532 1023.0
0.000291 -0.000531 1024.0
0.000291 -0.000530 1025.0
0.000292 -0.000529 1026.0
0.000292 -0.000528 1027.0
0.000292 -0.000527 1028.0
0.000293 -0.000526 1029.0
0.000293 -0.000525 1030.0
0.000293 -0.000524 1031.0
0.000293 -0.000524 1032.0
0.000294 -0.000523 1033.0
0.000294 -0.000522 1034.0
0.000294 -0.000521 1035.0
0.000295 -0.000520 1036.0
0.000295 -0.000519 1037.0
0.000295 -0.000518 1038.0
0.000295 -0.000517 1039.0
0.000296 -0.000516 1040.0
0.000296 -0.000515 1041.0
0.000296 -0.000514 1042.0
0.000297 -0.000513 1043.0
0.000297 -0.000512 1044.0
0.000297 -0.000511 1045.0
0.000297 -0.000510 1046.0
0.000298 -0.000509 1047.0
0.000298 -0.000508 1048.0
0.000298 -0.000508 1049.0
0.000299 -0.000507 1050.0
0.000299 -0.000506 1051.0
0.000299 -0.000505 1052.0
0.000299 -0.000504 1053.0
0.000300 -0.000503 1054.0
0.000300 -0.000502 1055.0
0.000300 -0.000501 1056.0
0.000301 -0.000500 1057.0
0.000301 -0.000499 1058.0
0.000301 -0.000498 1059.0
0.000302 -0.000497 1060.0
0.000302 -0.000496 1061.0
0.000302 -0.000495 1062.0
0.000305 -0.000497 1063.0
0.000313 -0.000487 1064.0
0.000321 -0.000477 1065.0
0.000329 -0.000467 1066.0
0.000337 -0.000457 1067.0
0.000345 -0.000447 1068.0
0.000353 -0.000436 1069.0
0.000361 -0.000426 1070.0
0.000369 -0.000416 1071.0
0.000377 -0.000406 1072.0
0.000385 -0.000417 1073.0
0.000387 -0.000417 1074.0
0.000389 -0.000416 1075.0
0.000391 -0.000416 1076.0
0.000393 -0.000416 1077.0
0.000395 -0.000416 1078.0
0.000397 -0.000415 1079.0
0.000399 -0.000415 1080.0
0.000401 -0.000415 1081.0
0.000403 -0.000414 1082.0
0.000405 -0.000414 1083.0
0.000407 -0.000414 1084.0
0.000409 -0.000414 1085.0
0.000411 -0.000413 1086.0
0.000413 -0.000413 1087.0
0.000415 -0.000413 1088.0
0.000417 -0.000413 1089.0
0.000419 -0.000412 1090.0
0.000421 -0.000412 1091.0
0.000423 -0.000412 1092.0
0.000425 -0.000411 1093.0
0.000427 -0.000411 1094.0
0.000429 -0.000411 1095.0
0.000431 -0.000411 1096.0
0.000433 -0.000410 1097.0
0.000435 -0.000410 1098.0
0.000437 -0.000410 1099.0
0.000439 -0.000410 1100.0
0.000441 -0.000409 1101.0
0.000444 -0.000409 1102.0
0.000446 -0.000409 1103.0
0.000448 -0.000409 1104.0
0.000450 -0.000408 1105.0
0.000452 -0.000408 1106.0
0.000454 -0.000408 1107.0
0.000456 -0.000407 1108.0
0.000458 -0.000407 1109.0
0.000460 -0.000407 1110.0
0.000462 -0.000407 1111.0
0.000464 -0.000406 1112.0
0.000466 -0.000406 1113.0
0.000468 -0.000406 1114.0
0.000470 -0.000406 1115.0
0.000472 -0.000405 1116.0
0.000474 -0.000405 1117.0
0.000476 -0.000405 1118.0
0.000478 -0.000404 1119.0
0.000480 -0.000404 1120.0
0.000482 -0.000404 1121.0
0.000484 -0.000404 1122.0
0.000486 -0.000403 1123.0
0.000488 -0.000403 1124.0
0.000490 -0.000403 1125.0
0.000490 -0.000406 1126.0
0.000492 -0.000407 1127.0
0.000493 -0.000407 1128.0
0.000495 -0.000408 1129.0
0.000497 -0.000409 1130.0
0.000498 -0.000410 1131.0
0.000500 -0.000411 1132.0
0.000502 -0.000412 1133.0
0.000503 -0.000413 1134.0
0.000505 -0.000414 1135.0
0.000507 -0.000415 1136.0
0.000508 -0.000416 1137.0
0.000510 -0.000416 1138.0
0.000511 -0.000417 1139.0
0.000513 -0.000418 1140.0
0.000515 -0.000419 1141.0
0.000516 -0.000420 1142.0
0.000518 -0.000421 1143.0
0.000520 -0.000422 1144.0
0.000521 -0.000423 1145.0
0.000523 -0.000424 1146.0
0.000525 -0.000424 1147.0
0.000526 -0.000425 1148.0
0.000528 -0.000426 1149.0
0.000529 -0.000427 1150.0
0.000531 -0.000428 1151.0
0.000533 -0.000429 1152.0
0.000534 -0.000430 1153.0
0.000536 -0.000431 1154.0
0.000538 -0.000432 1155.0
0.000539 -0.000432 1156.0
0.000541 -0.000433 1157.0
0.000543 -0.000434 1158.0
0.000544 -0.000435 1159.0
0.000546 -0.000436 1160.0
0.000547 -0.000437 1161.0
0.000549 -0.000438 1162.0
0.000551 -0.000439 1163.0
0.000552 -0.000440 1164.0
0.000554 -0.000441 1165.0
0.000556 -0.000441 1166.0
0.000557 -0.000442 1167.0
0.000559 -0.000443 1168.0
0.000561 -0.000444 1169.0
0.000562 -0.000445 1170.0
0.000564 -0.000446 1171.0
0.000566 -0.000447 1172.0
0.000567 -0.000448 1173.0
0.000569 -0.000449 1174.0
0.000570 -0.000449 1175.0
0.000572 -0.000450 1176.0
0.000574 -0.000451 1177.0
0.000575 -0.000452 1178.0
0.000577 -0.000453 1179.0
0.000579 -0.000454 1180.0
0.000580 -0.000455 1181.0
0.000582 -0.000456 1182.0
0.000584 -0.000457 1183.0
0.000585 -0.000457 1184.0
0.000588 -0.000448 1185.0
0.000589 -0.000447 1186.0
0.000589 -0.000447 1187.0
0.000590 -0.000446 1188.0
0.000590 -0.000445 1189.0
0.000591 -0.000444 1190.0
0.000591 -0.000443 1191.0
0.000592 -0.000443 1192.0
0.000592 -0.000442 1193.0
0.000593 -0.000441 1194.0
0.000593 -0.000440 1195.0
0.000594 -0.000439 1196.0
0.000594 -0.000439 1197.0
0.000595 -0.000438 1198.0
0.000595 -0.000437 1199.0
0.000596 -0.000436 1200.0
0.000596 -0.000435 1201.0
0.000597 -0.000435 1202.0
0.000597 -0.000434 1203.0
0.000598 -0.000433 1204.0
0.000598 -0.000432 1205.0
0.000599 -0.000431 1206.0
0.000599 -0.000431 1207.0
0.000600 -0.000430 1208.0
0.000600 -0.000429 1209.0
0.000601 -0.000428 1210.0
0.000601 -0.000427 1211.0
0.000602 -0.000427 1212.0
0.000602 -0.000426 1213.0
0.000603 -0.000425 1214.0
0.000603 -0.000424 1215.0
0.000604 -0.000423 1216.0
0.000604 -0.000423 1217.0
0.000605 -0.000422 1218.0
0.000605 -0.000421 1219.0
0.000606 -0.000420 1220.0
0.000606 -0.000420 1221.0
0.000607 -0.000419 1222.0
0.000607 -0.000418 1223.0
0.000608 -0.000417 1224.0
0.000608 -0.000416 1225.0
0.000609 -0.000416 1226.0
0.000609 -0.000415 1227.0
0.000610 -0.000414 1228.0
0.000613 -0.000417 1229.0
0.000613 -0.000417 1230.0
0.000613 -0.000417 1231.0
0.000613 -0.000417 1232.0
0.000613 -0.000417 1233.0
0.000614 -0.000417 1234.0
0.000614 -0.000417 1235.0
0.000614 -0.000417 1236.0
0.000614 -0.000417 1237.0
0.000614 -0.000417 1238.0
0.000614 -0.000417 1239.0
0.000614 -0.000416 1240.0
0.000615 -0.000416 1241.0
0.000615 -0.000416 1242.0
0.000615 -0.000416 1243.0
0.000615 -0.000416 1244.0
0.000615 -0.000416 1245.0
0.000615 -0.000416 1246.0
0.000615 -0.000416 1247.0
0.000615 -0.000416 1248.0
0.000616 -0.000416 1249.0
0.000616 -0.000416 1250.0
0.000616 -0.000416 1251.0
0.000616 -0.000416 1252.0
0.000616 -0.000415 1253.0
0.000616 -0.000415 1254.0
0.000616 -0.000415 1255.0
0.000617 -0.000415 1256.0
0.000617 -0.000415 1257.0
0.000617 -0.000415 1258.0
0.000617 -0.000415 1259.0
0.000617 -0.000415 1260.0
0.000617 -0.000415 1261.0
0.000617 -0.000415 1262.0
0.000617 -0.000415 1263.0
0.000618 -0.000415 1264.0
0.000618 -0.000415 1265.0
0.000618 -0.000415 1266.0
0.000618 -0.000414 1267.0
0.000618 -0.000414 1268.0
0.000618 -0.000415 1269.0
0.000618 -0.000415 1270.0
0.000619 -0.000414 1271.0
0.000619 -0.000414 1272.0
0.000619 -0.000414 1273.0
0.000619 -0.000414 1274.0
0.000619 -0.000413 1275.0
0.000619 -0.000413 1276.0
0.000620 -0.000413 1277.0
0.000620 -0.000412 1278.0
0.000620 -0.000412 1279.0
0.000620 -0.000412 1280.0
0.000620 -0.000412 1281.0
0.000620 -0.000411 1282.0
0.000621 -0.000411 1283.0
0.000621 -0.000411 1284.0
0.000621 -0.000411 1285.0
0.000621 -0.000410 1286.0
0.000621 -0.000410 1287.0
0.000621 -0.000410 1288.0
0.000622 -0.000409 1289.0
0.000622 -0.000409 1290.0
0.000622 -0.000409 1291.0
0.000622 -0.000409 1292.0
0.000622 -0.000408 1293.0
0.000622 -0.000408 1294.0
0.000623 -0.000408 1295.0
0.000623 -0.000408 1296.0
0.000623 -0.000407 1297.0
0.000623 -0.000407 1298.0
0.000623 -0.000407 1299.0
0.000623 -0.000406 1300.0
0.000623 -0.000406 1301.0
0.000624 -0.000406 1302.0
0.000624 -0.000406 1303.0
0.000624 -0.000405 1304.0
0.000624 -0.000405 1305.0
0.000624 -0.000405 1306.0
0.000624 -0.000404 1307.0
0.000625 -0.000404 1308.0
0.000625 -0.000404 1309.0
0.000625 -0.000404 1310.0
0.000625 -0.000403 1311.0
0.000625 -0.000403 1312.0
0.000625 -0.000403 1313.0
0.000626 -0.000403 1314.0
0.000626 -0.000402 1315.0
0.000626 -0.000402 1316.0
0.000626 -0.000402 1317.0
0.000626 -0.000401 1318.0
0.000626 -0.000401 1319.0
0.000627 -0.000401 1320.0
0.000627 -0.000401 1321.0
0.000627 -0.000400 1322.0
0.000628 -0.000402 1323.0
0.000628 -0.000402 1324.0
0.000628 -0.000402 1325.0
0.000628 -0.000402 1326.0
0.000629 -0.000402 1327.0
0.000629 -0.000402 1328.0
0.000629 -0.000402 1329.0
0.000629 -0.000402 1330.0
0.000629 -0.000402 1331.0
0.000629 -0.000403 1332.0
0.000629 -0.000403 1333.0
0.000629 -0.000403 1334.0
0.000629 -0.000403 1335.0
0.000629 -0.000403 1336.0
0.000629 -0.000403 1337.0
0.000630 -0.000403 1338.0
0.000630 -0.000403 1339.0
0.000630 -0.000403 1340.0
0.000630 -0.000403 1341.0
0.000630 -0.000403 1342.0
0.000630 -0.000404 1343.0
0.000630 -0.000404 1344.0
0.000630 -0.000404 1345.0
0.000630 -0.000404 1346.0
0.000630 -0.000404 1347.0
0.000631 -0.000404 1348.0
0.000631 -0.000404 1349.0
0.000631 -0.000404 1350.0
0.000631 -0.000404 1351.0
0.000631 -0.000404 1352.0
0.000631 -0.000404 1353.0
0.000631 -0.000405 1354.0
0.000631 -0.000405 1355.0
0.000631 -0.000405 1356.0
0.000631 -0.000405 1357.0
0.000632 -0.000405 1358.0
0.000632 -0.000405 1359.0
0.000632 -0.000405 1360.0
0.000632 -0.000405 1361.0
0.000632 -0.000405 1362.0
0.000632 -0.000405 1363.0
0.000632 -0.000406 1364.0
0.000632 -0.000406 1365.0
0.000632 -0.000406 1366.0
0.000632 -0.000406 1367.0
0.000633 -0.000405 1368.0
0.000633 -0.000406 1369.0
0.000633 -0.000406 1370.0
0.000633 -0.000407 1371.0
0.000633 -0.000407 1372.0
0.000633 -0.000408 1373.0
0.000633 -0.000408 1374.0
0.000633 -0.000409 1375.0
0.000633 -0.000409 1376.0
0.000633 -0.000410 1377.0
0.000633 -0.000410 1378.0
0.000633 -0.000411 1379.0
0.000633 -0.000411 1380.0
0.000633 -0.000412 1381.0
0.000633 -0.000412 1382.0
0.000633 -0.000413 1383.0
0.000633 -0.000413 1384.0
0.000633 -0.000414 1385.0
0.000633 -0.000414 1386.0
0.000633 -0.000415 1387.0
0.000633 -0.000415 1388.0
0.000633 -0.000416 1389.0
0.000633 -0.000416 1390.0
0.000633 -0.000417 1391.0
0.000633 -0.000417 1392.0
0.000633 -0.000418 1393.0
0.000633 -0.000418 1394.0
0.000633 -0.000418 1395.0
0.000633 -0.000419 1396.0
0.000633 -0.000419 1397.0
0.000633 -0.000420 1398.0
0.000633 -0.000420 1399.0
0.000633 -0.000421 1400.0
0.000633 -0.000421 1401.0
0.000633 -0.000422 1402.0
0.000633 -0.000422 1403.0
0.000633 -0.000423 1404.0
0.000633 -0.000423 1405.0
0.000633 -0.000424 1406.0
0.000633 -0.000424 1407.0
0.000633 -0.000425 1408.0
0.000633 -0.000425 1409.0
0.000633 -0.000426 1410.0
0.000633 -0.000426 1411.0
0.000633 -0.000427 1412.0
0.000633 -0.000427 1413.0
0.000633 -0.000428 1414.0
0.000633 -0.000428 1415.0
0.000633 -0.000429 1416.0
0.000633 -0.000429 1417.0
0.000633 -0.000430 1418.0
0.000633 -0.000430 1419.0
0.000633 -0.000431 1420.0
0.000633 -0.000431 1421.0
0.000633 -0.000432 1422.0
0.000633 -0.000432 1423.0
0.000633 -0.000433 1424.0
0.000633 -0.000433 1425.0
0.000633 -0.000434 1426.0
0.000633 -0.000434 1427.0
0.000633 -0.000435 1428.0
0.000633 -0.000435 1429.0
0.000633 -0.000436 1430.0
0.000633 -0.000436 1431.0
0.000633 -0.000437 1432.0
0.000633 -0.000437 1433.0
0.000633 -0.000437 1434.0
0.000633 -0.000438 1435.0
0.000632 -0.000438 1436.0
0.000632 -0.000439 1437.0
0.000632 -0.000439 1438.0
0.000631 -0.000440 1439.0
0.000631 -0.000440 1440.0
0.000631 -0.000441 1441.0
0.000630 -0.000442 1442.0
0.000630 -0.000442 1443.0
0.000630 -0.000443 1444.0
0.000629 -0.000443 1445.0
0.000629 -0.000444 1446.0
0.000629 -0.000444 1447.0
0.000628 -0.000445 1448.0
0.000628 -0.000445 1449.0
0.000628 -0.000446 1450.0
0.000627 -0.000446 1451.0
0.000627 -0.000447 1452.0
0.000626 -0.000448 1453.0
0.000626 -0.000448 1454.0
0.000626 -0.000449 1455.0
0.000625 -0.000449 1456.0
0.000625 -0.000450 1457.0
0.000625 -0.000450 1458.0
0.000624 -0.000451 1459.0
0.000624 -0.000451 1460.0
0.000624 -0.000452 1461.0
0.000623 -0.000452 1462.0
0.000623 -0.000453 1463.0
0.000623 -0.000454 1464.0
0.000622 -0.000454 1465.0
0.000622 -0.000455 1466.0
0.000622 -0.000455 1467.0
0.000621 -0.000456 1468.0
0.000621 -0.000456 1469.0
0.000621 -0.000457 1470.0
0.000620 -0.000457 1471.0
0.000620 -0.000458 1472.0
0.000620 -0.000458 1473.0
0.000619 -0.000459 1474.0
0.000619 -0.000459 1475.0
0.000619 -0.000460 1476.0
0.000618 -0.000461 1477.0
0.000618 -0.000461 1478.0
0.000618 -0.000462 1479.0
0.000617 -0.000462 1480.0
0.000617 -0.000463 1481.0
0.000617 -0.000463 1482.0
0.000616 -0.000464 1483.0
0.000616 -0.000464 1484.0
0.000616 -0.000465 1485.0
0.000615 -0.000465 1486.0
0.000615 -0.000466 1487.0
0.000614 -0.000467 1488.0
0.000614 -0.000467 1489.0
0.000614 -0.000468 1490.0
0.000613 -0.000468 1491.0
0.000613 -0.000469 1492.0
0.000613 -0.000469 1493.0
0.000612 -0.000470 1494.0
0.000612 -0.000470 1495.0
0.000612 -0.000471 1496.0
0.000611 -0.000471 1497.0
0.000611 -0.000472 1498.0
0.000611 -0.000473 1499.0
0.000610 -0.000473 1500.0
0.000607 -0.000470 1501.0
0.000607 -0.000471 1502.0
0.000606 -0.000472 1503.0
0.000605 -0.000473 1504.0
0.000605 -0.000473 1505.0
0.000604 -0.000474 1506.0
0.000604 -0.000475 1507.0
0.000603 -0.000476 1508.0
0.000602 -0.000477 1509.0
0.000602 -0.000478 1510.0
0.000601 -0.000479 1511.0
0.000601 -0.000480 1512.0
0.000600 -0.000481 1513.0
0.000599 -0.000482 1514.0
0.000599 -0.000483 1515.0
0.000598 -0.000484 1516.0
0.000598 -0.000485 1517.0
0.000597 -0.000486 1518.0
0.000596 -0.000487 1519.0
0.000596 -0.000488 1520.0
0.000595 -0.000489 1521.0
0.000595 -0.000490 1522.0
0.000594 -0.000491 1523.0
0.000593 -0.000492 1524.0
0.000593 -0.000493 1525.0
0.000592 -0.000494 1526.0
0.000591 -0.000495 1527.0
0.000591 -0.000496 1528.0
0.000590 -0.000496 1529.0
0.000590 -0.000497 1530.0
0.000589 -0.000498 1531.0
0.000588 -0.000499 1532.0
0.000588 -0.000500 1533.0
0.000587 -0.000501 1534.0
0.000587 -0.000502 1535.0
0.000586 -0.000503 1536.0
0.000585 -0.000504 1537.0
0.000585 -0.000505 1538.0
0.000584 -0.000506 1539.0
0.000584 -0.000507 1540.0
0.000583 -0.000508 1541.0
0.000582 -0.000509 1542.0
0.000582 -0.000510 1543.0
0.000581 -0.000511 1544.0
0.000581 -0.000512 1545.0
0.000580 -0.000513 1546.0
0.000579 -0.000514 1547.0
0.000579 -0.000515 1548.0
0.000578 -0.000516 1549.0
0.000578 -0.000517 1550.0
0.000577 -0.000518 1551.0
0.000576 -0.000518 1552.0
0.000576 -0.000519 1553.0
0.000575 -0.000520 1554.0
0.000571 -0.000515 1555.0
0.000570 -0.000516 1556.0
0.000570 -0.000516 1557.0
0.000570 -0.000516 1558.0
0.000570 -0.000516 1559.0
0.000569 -0.000516 1560.0
0.000569 -0.000517 1561.0
0.000569 -0.000517 1562.0
0.000568 -0.000517 1563.0
0.000568 -0.000517 1564.0
0.000568 -0.000517 1565.0
0.000568 -0.000517 1566.0
0.000567 -0.000518 1567.0
0.000567 -0.000518 1568.0
0.000567 -0.000518 1569.0
0.000566 -0.000518 1570.0
0.000566 -0.000518 1571.0
0.000566 -0.000519 1572.0
0.000566 -0.000519 1573.0
0.000565 -0.000519 1574.0
0.000565 -0.000519 1575.0
0.000565 -0.000519 1576.0
0.000565 -0.000519 1577.0
0.000564 -0.000520 1578.0
0.000564 -0.000520 1579.0
0.000564 -0.000520 1580.0
0.000563 -0.000520 1581.0
0.000563 -0.000520 1582.0
0.000563 -0.000520 1583.0
0.000563 -0.000521 1584.0
0.000562 -0.000521 1585.0
0.000562 -0.000521 1586.0
0.000562 -0.000521 1587.0
0.000561 -0.000521 1588.0
0.000561 -0.000522 1589.0
0.000561 -0.000522 1590.0
0.000561 -0.000522 1591.0
0.000560 -0.000522 1592.0
0.000560 -0.000522 1593.0
0.000560 -0.000522 1594.0
0.000559 -0.000523 1595.0
0.000559 -0.000523 1596.0
0.000559 -0.000523 1597.0
0.000559 -0.000523 1598.0
0.000558 -0.000523 1599.0
0.000558 -0.000523 1600.0
0.000558 -0.000524 1601.0
0.000557 -0.000524 1602.0
0.000557 -0.000524 1603.0
0.000557 -0.000524 1604.0
0.000557 -0.000524 1605.0
0.000556 -0.000525 1606.0
0.000556 -0.000525 1607.0
0.000556 -0.000525 1608.0
0.000556 -0.000525 1609.0
0.000555 -0.000525 1610.0
0.000555 -0.000525 1611.0
0.000555 -0.000526 1612.0
0.000554 -0.000526 1613.0
0.000554 -0.000526 1614.0
0.000554 -0.000526 1615.0
0.000554 -0.000526 1616.0
0.000553 -0.000527 1617.0
0.000553 -0.000527 1618.0
0.000553 -0.000527 1619.0
0.000552 -0.000525 1620.0
0.000551 -0.000525 1621.0
0.000551 -0.000525 1622.0
0.000550 -0.000525 1623.0
0.000550 -0.000525 1624.0
0.000549 -0.000525 1625.0
0.000548 -0.000525 1626.0
0.000548 -0.000524 1627.0
0.000547 -0.000524 1628.0
0.000547 -0.000524 1629.0
0.000546 -0.000524 1630.0
0.000545 -0.000524 1631.0
0.000545 -0.000524 1632.0
0.000544 -0.000524 1633.0
0.000544 -0.000524 1634.0
0.000543 -0.000524 1635.0
0.000542 -0.000524 1636.0
0.000542 -0.000524 1637.0
0.000541 -0.000524 1638.0
0.000540 -0.000524 1639.0
0.000540 -0.000524 1640.0
0.000539 -0.000524 1641.0
0.000539 -0.000524 1642.0
0.000538 -0.000523 1643.0
0.000537 -0.000523 1644.0
0.000537 -0.000523 1645.0
0.000536 -0.000523 1646.0
0.000536 -0.000523 1647.0
0.000535 -0.000523 1648.0
0.000534 -0.000523 1649.0
0.000534 -0.000523 1650.0
0.000533 -0.000523 1651.0
0.000533 -0.000523 1652.0
0.000532 -0.000523 1653.0
0.000531 -0.000523 1654.0
0.000531 -0.000523 1655.0
0.000530 -0.000523 1656.0
0.000530 -0.000523 1657.0
0.000529 -0.000523 1658.0
0.000528 -0.000522 1659.0
0.000528 -0.000522 1660.0
0.000527 -0.000522 1661.0
0.000527 -0.000522 1662.0
0.000526 -0.000522 1663.0
0.000525 -0.000522 1664.0
0.000525 -0.000522 1665.0
0.000524 -0.000522 1666.0
0.000523 -0.000522 1667.0
0.000523 -0.000522 1668.0
0.000523 -0.000523 1669.0
0.000522 -0.000522 1670.0
0.000521 -0.000522 1671.0
0.000520 -0.000522 1672.0
0.000519 -0.000522 1673.0
0.000518 -0.000522 1674.0
0.000517 -0.000522 1675.0
0.000516 -0.000522 1676.0
0.000515 -0.000522 1677.0
0.000514 -0.000521 1678.0
0.000513 -0.000521 1679.0
0.000512 -0.000521 1680.0
0.000511 -0.000521 1681.0
0.000510 -0.000521 1682.0
0.000509 -0.000521 1683.0
0.000508 -0.000521 1684.0
0.000507 -0.000521 1685.0
0.000506 -0.000520 1686.0
0.000505 -0.000520 1687.0
0.000504 -0.000520 1688.0
0.000503 -0.000520 1689.0
0.000502 -0.000520 1690.0
0.000501 -0.000520 1691.0
0.000500 -0.000520 1692.0
0.000499 -0.000520 1693.0
0.000498 -0.000520 1694.0
0.000497 -0.000519 1695.0
0.000496 -0.000519 1696.0
0.000495 -0.000519 1697.0
0.000494 -0.000519 1698.0
0.000493 -0.000519 1699.0
0.000492 -0.000519 1700.0
0.000491 -0.000519 1701.0
0.000490 -0.000519 1702.0
0.000489 -0.000518 1703.0
0.000488 -0.000518 1704.0
0.000487 -0.000518 1705.0
0.000486 -0.000518 1706.0
0.000485 -0.000518 1707.0
0.000484 -0.000518 1708.0
0.000483 -0.000518 1709.0
0.000482 -0.000518 1710.0
0.000482 -0.000517 1711.0
0.000481 -0.000517 1712.0
0.000480 -0.000517 1713.0
0.000479 -0.000517 1714.0
0.000478 -0.000517 1715.0
0.000477 -0.000517 1716.0
0.000476 -0.000517 1717.0
0.000475 -0.000517 1718.0
0.000474 -0.000517 1719.0
0.000473 -0.000516 1720.0
0.000472 -0.000516 1721.0
0.000471 -0.000516 1722.0
0.000470 -0.000516 1723.0
0.000469 -0.000516 1724.0
0.000468 -0.000516 1725.0
0.000467 -0.000516 1726.0
0.000466 -0.000516 1727.0
0.000465 -0.000515 1728.0
0.000465 -0.000517 1729.0
0.000465 -0.000517 1730.0
0.000464 -0.000516 1731.0
0.000464 -0.000516 1732.0
0.000464 -0.000515 1733.0
0.000464 -0.000515 1734.0
0.000464 -0.000515 1735.0
0.000463 -0.000514 1736.0
0.000463 -0.000514 1737.0
0.000463 -0.000514 1738.0
0.000463 -0.000513 1739.0
0.000463 -0.000513 1740.0
0.000463 -0.000513 1741.0
0.000462 -0.000512 1742.0
0.000462 -0.000512 1743.0
0.000462 -0.000512 1744.0
0.000462 -0.000511 1745.0
0.000462 -0.000511 1746.0
0.000461 -0.000511 1747.0
0.000461 -0.000510 1748.0
0.000461 -0.000510 1749.0
0.000461 -0.000510 1750.0
0.000461 -0.000509 1751.0
0.000461 -0.000509 1752.0
0.000460 -0.000508 1753.0
0.000460 -0.000508 1754.0
0.000460 -0.000508 1755.0
0.000460 -0.000507 1756.0
0.000460 -0.000507 1757.0
0.000459 -0.000507 1758.0
0.000459 -0.000506 1759.0
0.000459 -0.000506 1760.0
0.000459 -0.000506 1761.0
0.000459 -0.000505 1762.0
0.000459 -0.000505 1763.0
0.000458 -0.000505 1764.0
0.000458 -0.000504 1765.0
0.000458 -0.000504 1766.0
0.000458 -0.000504 1767.0
0.000458 -0.000503 1768.0
0.000457 -0.000503 1769.0
0.000457 -0.000503 1770.0
0.000457 -0.000502 1771.0
0.000457 -0.000502 1772.0
0.000457 -0.000501 1773.0
0.000457 -0.000501 1774.0
0.000456 -0.000501 1775.0
0.000456 -0.000500 1776.0
0.000456 -0.000500 1777.0
0.000456 -0.000500 1778.0
0.000456 -0.000499 1779.0
0.000455 -0.000499 1780.0
0.000455 -0.000499 1781.0
0.000455 -0.000498 1782.0
0.000455 -0.000498 1783.0
0.000455 -0.000498 1784.0
0.000455 -0.000497 1785.0
0.000454 -0.000497 1786.0
0.000454 -0.000497 1787.0
0.000454 -0.000496 1788.0
0.000454 -0.000496 1789.0
0.000454 -0.000496 1790.0
0.000454 -0.000495 1791.0
0.000453 -0.000495 1792.0
0.000453 -0.000494 1793.0
0.000451 -0.000496 1794.0
0.000451 -0.000496 1795.0
0.000451 -0.000496 1796.0
0.000451 -0.000496 1797.0
0.000451 -0.000496 1798.0
0.000451 -0.000496 1799.0
0.000451 -0.000496 1800.0
0.000451 -0.000496 1801.0
0.000451 -0.000496 1802.0
0.000451 -0.000496 1803.0
0.000451 -0.000496 1804.0
0.000451 -0.000496 1805.0
0.000451 -0.000496 1806.0
0.000451 -0.000496 1807.0
0.000451 -0.000496 1808.0
0.000451 -0.000496 1809.0
0.000451 -0.000496 1810.0
0.000451 -0.000496 1811.0
0.000451 -0.000496 1812.0
0.000451 -0.000496 1813.0
0.000451 -0.000496 1814.0
0.000451 -0.000496 1815.0
0.000451 -0.000496 1816.0
0.000451 -0.000496 1817.0
0.000451 -0.000496 1818.0
0.000451 -0.000497 1819.0
0.000451 -0.000497 1820.0
0.000451 -0.000497 1821.0
0.000451 -0.000497 1822.0
0.000451 -0.000497 1823.0
0.000451 -0.000497 1824.0
0.000451 -0.000497 1825.0
0.000451 -0.000497 1826.0
0.000451 -0.000497 1827.0
0.000451 -0.000497 1828.0
0.000451 -0.000497 1829.0
0.000451 -0.000497 1830.0
0.000451 -0.000497 1831.0
0.000451 -0.000497 1832.0
0.000451 -0.000497 1833.0
0.000451 -0.000497 1834.0
0.000451 -0.000497 1835.0
0.000451 -0.000497 1836.0
0.000451 -0.000497 1837.0
0.000451 -0.000497 1838.0
0.000451 -0.000497 1839.0
0.000451 -0.000497 1840.0
0.000451 -0.000497 1841.0
0.000451 -0.000497 1842.0
0.000451 -0.000497 1843.0
0.000451 -0.000497 1844.0
0.000451 -0.000497 1845.0
0.000451 -0.000497 1846.0
0.000451 -0.000497 1847.0
0.000451 -0.000497 1848.0
0.000451 -0.000497 1849.0
0.000451 -0.000497 1850.0
0.000451 -0.000497 1851.0
0.000451 -0.000497 1852.0
0.000451 -0.000497 1853.0
0.000451 -0.000497 1854.0
0.000451 -0.000497 1855.0
0.000451 -0.000497 1856.0
0.000451 -0.000497 1857.0
0.000451 -0.000497 1858.0
0.000451 -0.000497 1859.0
0.000451 -0.000497 1860.0
0.000451 -0.000497 1861.0
0.000451 -0.000497 1862.0
0.000451 -0.000497 1863.0
0.000451 -0.000497 1864.0
0.000451 -0.000497 1865.0
0.000451 -0.000497 1866.0
0.000451 -0.000497 1867.0
0.000451 -0.000497 1868.0
0.000451 -0.000497 1869.0
0.000451 -0.000497 1870.0
0.000451 -0.000497 1871.0
0.000451 -0.000497 1872.0
0.000451 -0.000497 1873.0
0.000451 -0.000497 1874.0
0.000451 -0.000497 1875.0
0.000451 -0.000497 1876.0
0.000451 -0.000497 1877.0
0.000451 -0.000497 1878.0
0.000451 -0.000497 1879.0
0.000451 -0.000497 1880.0
0.000451 -0.000497 1881.0
0.000451 -0.000497 1882.0
0.000451 -0.000497 1883.0
0.000451 -0.000497 1884.0
0.000451 -0.000497 1885.0
0.000451 -0.000497 1886.0
0.000451 -0.000497 1887.0
0.000451 -0.000497 1888.0
0.000451 -0.000497 1889.0
0.000451 -0.000497 1890.0
0.000451 -0.000497 1891.0
0.000451 -0.000497 1892.0
0.000451 -0.000497 1893.0
0.000451 -0.000497 1894.0
0.000451 -0.000497 1895.0
0.000451 -0.000497 1896.0
0.000451 -0.000497 1897.0
0.000451 -0.000497 1898.0
0.000451 -0.000497 1899.0
0.000451 -0.000497 1900.0
0.000451 -0.000497 1901.0
0.000451 -0.000497 1902.0
0.000451 -0.000497 1903.0
0.000451 -0.000497 1904.0
0.000451 -0.000497 1905.0
0.000451 -0.000497 1906.0
0.000451 -0.000497 1907.0
0.000451 -0.000497 1908.0
0.000451 -0.000497 1909.0
0.000451 -0.000497 1910.0
0.000451 -0.000497 1911.0
0.000451 -0.000497 1912.0
0.000451 -0.000497 1913.0
0.000451 -0.000497 1914.0
0.000451 -0.000497 1915.0
0.000451 -0.000497 1916.0
0.000451 -0.000497 1917.0
0.000451 -0.000497 1918.0
0.000451 -0.000497 1919.0
0.000451 -0.000497 1920.0
0.000451 -0.000497 1921.0
0.000451 -0.000497 1922.0
0.000451 -0.000497 1923.0
0.000451 -0.000497 1924.0
0.000451 -0.000497 1925.0
0.000451 -0.000497 1926.0
0.000451 -0.000497 1927.0
0.000451 -0.000497 1928.0
0.000451 -0.000497 1929.0
0.000451 -0.000497 1930.0
0.000451 -0.000497 1931.0
0.000451 -0.000497 1932.0
0.000451 -0.000497 1933.0
0.000451 -0.000497 1934.0
0.000451 -0.000497 1935.0
0.000451 -0.000497 1936.0
0.000451 -0.000497 1937.0
0.000451 -0.000497 1938.0
0.000451 -0.000497 1939.0
0.000451 -0.000497 1940.0
0.000451 -0.000497 1941.0
0.000451 -0.000497 1942.0
0.000451 -0.000497 1943.0
0.000451 -0.000497 1944.0
0.000451 -0.000497 1945.0
0.000451 -0.000497 1946.0
0.000451 -0.000497 1947.0
0.000451 -0.000497 1948.0
0.000451 -0.000497 1949.0
0.000451 -0.000497 1950.0
0.000451 -0.000497 1951.0
0.000451 -0.000497 1952.0
0.000451 -0.000497 1953.0
0.000451 -0.000497 1954.0
0.000451 -0.000497 1955.0
0.000451 -0.000497 1956.0
0.000451 -0.000497 1957.0
0.000451 -0.000497 1958.0
0.000451 -0.000497 1959.0
0.000451 -0.000497 1960.0
0.000451 -0.000497 1961.0
0.000451 -0.000497 1962.0
0.000451 -0.000497 1963.0
0.000451 -0.000497 1964.0
0.000450 -0.000497 1965.0
0.000450 -0.000496 1966.0
0.000450 -0.000496 1967.0
0.000450 -0.000496 1968.0
0.000450 -0.000496 1969.0
0.000450 -0.000496 1970.0
0.000450 -0.000496 1971.0
0.000449 -0.000496 1972.0
0.000449 -0.000496 1973.0
0.000449 -0.000496 1974.0
0.000449 -0.000496 1975.0
0.000449 -0.000495 1976.0
0.000449 -0.000495 1977.0
0.000449 -0.000495 1978.0
0.000448 -0.000495 1979.0
0.000448 -0.000495 1980.0
0.000448 -0.000495 1981.0
0.000448 -0.000495 1982.0
0.000448 -0.000495 1983.0
0.000448 -0.000495 1984.0
0.000448 -0.000495 1985.0
0.000447 -0.000495 1986.0
0.000447 -0.000494 1987.0
0.000447 -0.000495 1988.0
0.000447 -0.000496 1989.0
0.000447 -0.000496 1990.0
0.000447 -0.000497 1991.0
0.000447 -0.000498 1992.0
0.000447 -0.000498 1993.0
0.000447 -0.000499 1994.0
0.000447 -0.000500 1995.0
0.000447 -0.000500 1996.0
0.000447 -0.000501 1997.0
0.000447 -0.000502 1998.0
0.000447 -0.000502 1999.0
0.000447 -0.000503 2000.0
0.000446 -0.000504 2001.0
0.000446 -0.000504 2002.0
0.000446 -0.000505 2003.0
0.000446 -0.000506 2004.0
0.000446 -0.000506 2005.0
0.000446 -0.000507 2006.0
0.000446 -0.000508 2007.0
0.000446 -0.000508 2008.0
0.000446 -0.000509 2009.0
0.000446 -0.000509 2010.0
0.000446 -0.000509 2011.0
0.000447 -0.000509 2012.0
0.000447 -0.000509 2013.0
0.000448 -0.000509 2014.0
0.000448 -0.000510 2015.0
0.000449 -0.000510 2016.0
0.000449 -0.000510 2017.0
0.000450 -0.000510 2018.0
0.000450 -0.000510 2019.0
0.000450 -0.000510 2020.0
0.000451 -0.000511 2021.0
0.000451 -0.000511 2022.0
0.000452 -0.000511 2023.0
0.000452 -0.000511 2024.0
0.000453 -0.000511 2025.0
0.000453 -0.000512 2026.0
0.000454 -0.000512 2027.0
0.000454 -0.000512 2028.0
0.000455 -0.000512 2029.0
0.000455 -0.000512 2030.0
0.000456 -0.000512 2031.0
0.000456 -0.000513 2032.0
0.000457 -0.000513 2033.0
0.000457 -0.000513 2034.0
0.000457 -0.000513 2035.0
0.000458 -0.000513 2036.0
0.000458 -0.000513 2037.0
0.000459 -0.000514 2038.0
0.000459 -0.000514 2039.0
0.000460 -0.000514 2040.0
0.000460 -0.000514 2041.0
0.000461 -0.000514 2042.0
0.000461 -0.000514 2043.0
0.000462 -0.000515 2044.0
0.000462 -0.000515 2045.0
0.000463 -0.000515 2046.0
0.000463 -0.000515 2047.0
0.000464 -0.000515 2048.0
0.000464 -0.000515 2049.0
0.000465 -0.000516 2050.0
0.000465 -0.000516 2051.0
0.000465 -0.000516 2052.0
0.000466 -0.000516 2053.0
0.000466 -0.000516 2054.0
0.000467 -0.000516 2055.0
0.000467 -0.000517 2056.0
0.000468 -0.000517 2057.0
0.000468 -0.000517 2058.0
0.000469 -0.000517 2059.0
0.000469 -0.000517 2060.0
0.000470 -0.000517 2061.0
0.000470 -0.000518 2062.0
0.000471 -0.000518 2063.0
0.000471 -0.000518 2064.0
0.000472 -0.000518 2065.0
0.000472 -0.000518 2066.0
0.000473 -0.000518 2067.0
0.000473 -0.000519 2068.0
0.000473 -0.000519 2069.0
0.000474 -0.000519 2070.0
0.000474 -0.000517 2071.0
0.000475 -0.000517 2072.0
0.000476 -0.000517 2073.0
0.000477 -0.000517 2074.0
0.000478 -0.000517 2075.0
0.000479 -0.000518 2076.0
0.000479 -0.000518 2077.0
0.000480 -0.000518 2078.0
0.000481 -0.000518 2079.0
0.000482 -0.000518 2080.0
0.000483 -0.000518 2081.0
0.000484 -0.000518 2082.0
0.000484 -0.000518 2083.0
0.000485 -0.000518 2084.0
0.000486 -0.000518 2085.0
0.000487 -0.000519 2086.0
0.000488 -0.000519 2087.0
0.000489 -0.000519 2088.0
0.000489 -0.000519 2089.0
0.000490 -0.000519 2090.0
0.000491 -0.000519 2091.0
0.000492 -0.000519 2092.0
0.000493 -0.000519 2093.0
0.000494 -0.000519 2094.0
0.000494 -0.000520 2095.0
0.000495 -0.000520 2096.0
0.000496 -0.000520 2097.0
0.000497 -0.000520 2098.0
0.000498 -0.000520 2099.0
0.000499 -0.000520 2100.0
0.000499 -0.000520 2101.0
0.000500 -0.000520 2102.0
0.000501 -0.000520 2103.0
0.000502 -0.000520 2104.0
0.000503 -0.000521 2105.0
0.000504 -0.000521 2106.0
0.000505 -0.000521 2107.0
0.000505 -0.000521 2108.0
0.000506 -0.000521 2109.0
0.000507 -0.000521 2110.0
0.000508 -0.000521 2111.0
0.000509 -0.000521 2112.0
0.000510 -0.000521 2113.0
0.000510 -0.000521 2114.0
0.000511 -0.000522 2115.0
0.000512 -0.000522 2116.0
0.000513 -0.000522 2117.0
0.000514 -0.000522 2118.0
0.000515 -0.000522 2119.0
0.000515 -0.000522 2120.0
0.000516 -0.000522 2121.0
0.000517 -0.000522 2122.0
0.000518 -0.000522 2123.0
0.000519 -0.000522 2124.0
0.000520 -0.000523 2125.0
0.000520 -0.000523 2126.0
0.000521 -0.000523 2127.0
0.000522 -0.000523 2128.0
0.000523 -0.000523 2129.0
0.000524 -0.000523 2130.0
0.000525 -0.000523 2131.0
0.000525 -0.000522 2132.0
0.000526 -0.000522 2133.0
0.000527 -0.000522 2134.0
0.000529 -0.000522 2135.0
0.000530 -0.000523 2136.0
0.000531 -0.000523 2137.0
0.000533 -0.000523 2138.0
0.000534 -0.000523 2139.0
0.000535 -0.000523 2140.0
0.000537 -0.000523 2141.0
0.000538 -0.000523 2142.0
0.000539 -0.000524 2143.0
0.000540 -0.000524 2144.0
0.000542 -0.000524 2145.0
0.000543 -0.000524 2146.0
0.000544 -0.000524 2147.0
0.000546 -0.000524 2148.0
0.000547 -0.000524 2149.0
0.000548 -0.000525 2150.0
0.000550 -0.000525 2151.0
0.000551 -0.000525 2152.0
0.000552 -0.000525 2153.0
0.000553 -0.000525 2154.0
0.000555 -0.000525 2155.0
0.000556 -0.000525 2156.0
0.000556 -0.000525 2157.0
0.000557 -0.000524 2158.0
0.000557 -0.000524 2159.0
0.000558 -0.000523 2160.0
0.000558 -0.000523 2161.0
0.000558 -0.000522 2162.0
0.000559 -0.000522 2163.0
0.000559 -0.000521 2164.0
0.000560 -0.000521 2165.0
0.000560 -0.000520 2166.0
0.000561 -0.000520 2167.0
0.000561 -0.000519 2168.0
0.000562 -0.000518 2169.0
0.000562 -0.000518 2170.0
0.000563 -0.000517 2171.0
0.000563 -0.000517 2172.0
0.000564 -0.000516 2173.0
0.000564 -0.000516 2174.0
0.000565 -0.000515 2175.0
0.000565 -0.000515 2176.0
0.000565 -0.000514 2177.0
0.000566 -0.000514 2178.0
0.000566 -0.000513 2179.0
0.000567 -0.000513 2180.0
0.000567 -0.000512 2181.0
0.000568 -0.000512 2182.0
0.000568 -0.000511 2183.0
0.000569 -0.000511 2184.0
0.000569 -0.000510 2185.0
0.000570 -0.000510 2186.0
0.000570 -0.000509 2187.0
0.000571 -0.000509 2188.0
0.000571 -0.000508 2189.0
0.000572 -0.000507 2190.0
0.000572 -0.000507 2191.0
0.000572 -0.000506 2192.0
0.000573 -0.000506 2193.0
0.000573 -0.000505 2194.0
0.000574 -0.000505 2195.0
0.000574 -0.000504 2196.0
0.000575 -0.000504 2197.0
0.000575 -0.000503 2198.0
0.000576 -0.000503 2199.0
0.000576 -0.000502 2200.0
0.000577 -0.000502 2201.0
0.000579 -0.000505 2202.0
0.000579 -0.000504 2203.0
0.000579 -0.000504 2204.0
0.000579 -0.000503 2205.0
0.000580 -0.000503 2206.0
0.000580 -0.000502 2207.0
0.000580 -0.000502 2208.0
0.000581 -0.000501 2209.0
0.000581 -0.000501 2210.0
0.000581 -0.000500 2211.0
0.000582 -0.000500 2212.0
0.000582 -0.000500 2213.0
0.000582 -0.000499 2214.0
0.000582 -0.000499 2215.0
0.000583 -0.000498 2216.0
0.000583 -0.000498 2217.0
0.000583 -0.000497 2218.0
0.000584 -0.000497 2219.0
0.000584 -0.000496 2220.0
0.000584 -0.000496 2221.0
0.000585 -0.000495 2222.0
0.000585 -0.000495 2223.0
0.000585 -0.000494 2224.0
0.000585 -0.000494 2225.0
0.000586 -0.000493 2226.0
0.000586 -0.000493 2227.0
0.000586 -0.000493 2228.0
0.000587 -0.000492 2229.0
0.000587 -0.000492 2230.0
0.000587 -0.000491 2231.0
0.000587 -0.000491 2232.0
0.000588 -0.000490 2233.0
0.000588 -0.000490 2234.0
0.000588 -0.000489 2235.0
0.000589 -0.000489 2236.0
0.000589 -0.000488 2237.0
0.000589 -0.000488 2238.0
0.000590 -0.000487 2239.0
0.000590 -0.000487 2240.0
0.000590 -0.000486 2241.0
0.000590 -0.000486 2242.0
0.000591 -0.000485 2243.0
0.000591 -0.000485 2244.0
0.000591 -0.000485 2245.0
0.000592 -0.000484 2246.0
0.000592 -0.000484 2247.0
0.000592 -0.000483 2248.0
0.000593 -0.000483 2249.0
0.000594 -0.000485 2250.0
0.000595 -0.000484 2251.0
0.000595 -0.000483 2252.0
0.000596 -0.000483 2253.0
0.000596 -0.000482 2254.0
0.000597 -0.000481 2255.0
0.000597 -0.000481 2256.0
0.000598 -0.000480 2257.0
0.000598 -0.000479 2258.0
0.000598 -0.000479 2259.0
0.000599 -0.000478 2260.0
0.000599 -0.000477 2261.0
0.000600 -0.000477 2262.0
0.000600 -0.000476 2263.0
0.000601 -0.000475 2264.0
0.000601 -0.000475 2265.0
0.000601 -0.000474 2266.0
0.000602 -0.000473 2267.0
0.000602 -0.000473 2268.0
0.000603 -0.000472 2269.0
0.000603 -0.000471 2270.0
0.000604 -0.000471 2271.0
0.000604 -0.000470 2272.0
0.000604 -0.000469 2273.0
0.000605 -0.000468 2274.0
0.000605 -0.000468 2275.0
0.000606 -0.000467 2276.0
0.000606 -0.000466 2277.0
0.000607 -0.000466 2278.0
0.000607 -0.000465 2279.0
0.000608 -0.000464 2280.0
0.000608 -0.000464 2281.0
0.000608 -0.000463 2282.0
0.000609 -0.000462 2283.0
0.000609 -0.000462 2284.0
0.000610 -0.000461 2285.0
0.000610 -0.000460 2286.0
0.000611 -0.000460 2287.0
0.000611 -0.000459 2288.0
0.000611 -0.000458 2289.0
0.000612 -0.000458 2290.0
0.000612 -0.000457 2291.0
0.000613 -0.000456 2292.0
0.000613 -0.000456 2293.0
0.000614 -0.000455 2294.0
0.000614 -0.000454 2295.0
0.000615 -0.000454 2296.0
0.000615 -0.000453 2297.0
0.000615 -0.000452 2298.0
0.000616 -0.000452 2299.0
0.000616 -0.000451 2300.0
0.000617 -0.000450 2301.0
0.000617 -0.000450 2302.0
0.000618 -0.000449 2303.0
0.000618 -0.000448 2304.0
0.000618 -0.000447 2305.0
0.000619 -0.000447 2306.0
0.000619 -0.000446 2307.0
0.000620 -0.000445 2308.0
0.000620 -0.000445 2309.0
0.000624 -0.000449 2310.0
0.000624 -0.000448 2311.0
0.000623 -0.000448 2312.0
0.000623 -0.000447 2313.0
0.000623 -0.000447 2314.0
0.000623 -0.000446 2315.0
0.000623 -0.000446 2316.0
0.000623 -0.000445 2317.0
0.000623 -0.000445 2318.0
0.000623 -0.000445 2319.0
0.000623 -0.000444 2320.0
0.000623 -0.000444 2321.0
0.000623 -0.000443 2322.0
0.000623 -0.000443 2323.0
0.000623 -0.000442 2324.0
0.000623 -0.000442 2325.0
0.000622 -0.000441 2326.0
0.000622 -0.000441 2327.0
0.000622 -0.000440 2328.0
0.000622 -0.000440 2329.0
0.000622 -0.000440 2330.0
0.000622 -0.000439 2331.0
0.000622 -0.000439 2332.0
0.000622 -0.000438 2333.0
0.000622 -0.000438 2334.0
0.000622 -0.000437 2335.0
0.000622 -0.000437 2336.0
0.000622 -0.000436 2337.0
0.000622 -0.000436 2338.0
0.000622 -0.000436 2339.0
0.000621 -0.000435 2340.0
0.000621 -0.000435 2341.0
0.000621 -0.000434 2342.0
0.000621 -0.000434 2343.0
0.000621 -0.000433 2344.0
0.000621 -0.000433 2345.0
0.000621 -0.000432 2346.0
0.000621 -0.000432 2347.0
0.000621 -0.000431 2348.0
0.000621 -0.000431 2349.0
0.000621 -0.000431 2350.0
0.000621 -0.000430 2351.0
0.000621 -0.000430 2352.0
0.000620 -0.000429 2353.0
0.000620 -0.000429 2354.0
0.000620 -0.000428 2355.0
0.000620 -0.000428 2356.0
0.000620 -0.000427 2357.0
0.000620 -0.000427 2358.0
0.000620 -0.000426 2359.0
0.000620 -0.000426 2360.0
0.000620 -0.000426 2361.0
0.000620 -0.000425 2362.0
0.000620 -0.000425 2363.0
0.000620 -0.000424 2364.0
0.000620 -0.000424 2365.0
0.000620 -0.000423 2366.0
0.000619 -0.000423 2367.0
0.000619 -0.000422 2368.0
0.000619 -0.000422 2369.0
0.000619 -0.000421 2370.0
0.000618 -0.000422 2371.0
0.000618 -0.000421 2372.0
0.000618 -0.000421 2373.0
0.000619 -0.000421 2374.0
0.000619 -0.000420 2375.0
0.000619 -0.000420 2376.0
0.000619 -0.000420 2377.0
0.000619 -0.000419 2378.0
0.000619 -0.000419 2379.0
0.000619 -0.000419 2380.0
0.000620 -0.000418 2381.0
0.000620 -0.000418 2382.0
0.000620 -0.000418 2383.0
0.000620 -0.000417 2384.0
0.000620 -0.000417 2385.0
0.000620 -0.000416 2386.0
0.000621 -0.000416 2387.0
0.000621 -0.000416 2388.0
0.000621 -0.000415 2389.0
0.000621 -0.000415 2390.0
0.000621 -0.000415 2391.0
0.000621 -0.000414 2392.0
0.000621 -0.000414 2393.0
0.000622 -0.000414 2394.0
0.000622 -0.000413 2395.0
0.000622 -0.000413 2396.0
0.000622 -0.000413 2397.0
0.000622 -0.000412 2398.0
0.000622 -0.000412 2399.0
0.000622 -0.000412 2400.0
0.000623 -0.000411 2401.0
0.000623 -0.000411 2402.0
0.000623 -0.000411 2403.0
0.000623 -0.000410 2404.0
0.000623 -0.000410 2405.0
0.000623 -0.000409 2406.0
0.000623 -0.000409 2407.0
0.000624 -0.000409 2408.0
0.000624 -0.000408 2409.0
0.000624 -0.000408 2410.0
0.000624 -0.000408 2411.0
0.000624 -0.000407 2412.0
0.000624 -0.000407 2413.0
0.000624 -0.000407 2414.0
0.000625 -0.000406 2415.0
0.000625 -0.000406 2416.0
0.000625 -0.000406 2417.0
0.000625 -0.000405 2418.0
0.000625 -0.000405 2419.0
0.000625 -0.000405 2420.0
0.000625 -0.000404 2421.0
0.000626 -0.000404 2422.0
0.000626 -0.000403 2423.0
0.000626 -0.000403 2424.0
0.000626 -0.000403 2425.0
0.000626 -0.000402 2426.0
0.000626 -0.000402 2427.0
0.000626 -0.000402 2428.0
0.000627 -0.000401 2429.0
0.000627 -0.000401 2430.0
0.000628 -0.000402 2431.0
0.000628 -0.000402 2432.0
0.000629 -0.000402 2433.0
0.000629 -0.000402 2434.0
0.000629 -0.000402 2435.0
0.000629 -0.000402 2436.0
0.000629 -0.000402 2437.0
0.000629 -0.000402 2438.0
0.000629 -0.000402 2439.0
0.000630 -0.000402 2440.0
0.000630 -0.000403 2441.0
0.000630 -0.000403 2442.0
0.000630 -0.000403 2443.0
0.000630 -0.000403 2444.0
0.000630 -0.000403 2445.0
0.000630 -0.000403 2446.0
0.000631 -0.000403 2447.0
0.000631 -0.000403 2448.0
0.000631 -0.000403 2449.0
0.000631 -0.000403 2450.0
0.000631 -0.000403 2451.0
0.000631 -0.000403 2452.0
0.000631 -0.000403 2453.0
0.000631 -0.000403 2454.0
0.000632 -0.000403 2455.0
0.000632 -0.000403 2456.0
0.000632 -0.000403 2457.0
0.000632 -0.000403 2458.0
0.000632 -0.000403 2459.0
0.000632 -0.000403 2460.0
0.000632 -0.000403 2461.0
0.000632 -0.000403 2462.0
0.000632 -0.000403 2463.0
0.000632 -0.000403 2464.0
0.000632 -0.000403 2465.0
0.000632 -0.000403 2466.0
0.000632 -0.000403 2467.0
0.000632 -0.000403 2468.0
0.000632 -0.000403 2469.0
0.000632 -0.000403 2470.0
0.000632 -0.000403 2471.0
0.000632 -0.000403 2472.0
0.000632 -0.000403 2473.0
0.000632 -0.000403 2474.0
0.000632 -0.000403 2475.0
0.000632 -0.000403 2476.0
0.000632 -0.000403 2477.0
0.000632 -0.000403 2478.0
0.000632 -0.000403 2479.0
0.000632 -0.000403 2480.0
0.000632 -0.000403 2481.0
0.000632 -0.000403 2482.0
0.000632 -0.000403 2483.0
0.000632 -0.000403 2484.0
0.000632 -0.000403 2485.0
0.000632 -0.000403 2486.0
0.000632 -0.000403 2487.0
0.000632 -0.000403 2488.0
0.000632 -0.000403 2489.0
0.000632 -0.000403 2490.0
0.000632 -0.000403 2491.0
0.000632 -0.000403 2492.0
0.000632 -0.000403 2493.0
0.000632 -0.000403 2494.0
0.000632 -0.000403 2495.0
0.000632 -0.000403 2496.0
0.000632 -0.000403 2497.0
0.000632 -0.000403 2498.0
0.000632 -0.000403 2499.0
0.000632 -0.000403 2500.0
0.000632 -0.000403 2501.0
0.000632 -0.000403 2502.0
0.000632 -0.000403 2503.0
0.000632 -0.000403 2504.0
0.000632 -0.000403 2505.0
0.000632 -0.000403 2506.0
0.000632 -0.000403 2507.0
0.000632 -0.000403 2508.0
0.000632 -0.000403 2509.0
0.000632 -0.000403 2510.0
0.000632 -0.000403 2511.0
0.000632 -0.000403 2512.0
0.000632 -0.000403 2513.0
0.000632 -0.000403 2514.0
0.000632 -0.000403 2515.0
0.000632 -0.000403 2516.0
0.000632 -0.000403 2517.0
0.000632 -0.000403 2518.0
0.000632 -0.000403 2519.0
0.000632 -0.000403 2520.0
0.000632 -0.000403 2521.0
0.000632 -0.000403 2522.0
0.000632 -0.000403 2523.0
0.000632 -0.000403 2524.0
0.000632 -0.000403 2525.0
0.000632 -0.000403 2526.0
0.000632 -0.000403 2527.0
0.000632 -0.000403 2528.0
0.000632 -0.000403 2529.0
0.000632 -0.000403 2530.0
0.000632 -0.000403 2531.0
0.000632 -0.000403 2532.0
0.000632 -0.000403 2533.0
0.000632 -0.000403 2534.0
0.000632 -0.000403 2535.0
0.000632 -0.000403 2536.0
0.000632 -0.000403 2537.0
0.000632 -0.000403 2538.0
0.000632 -0.000403 2539.0
0.000632 -0.000403 2540.0
0.000632 -0.000403 2541.0
0.000632 -0.000403 2542.0
0.000632 -0.000403 2543.0
0.000632 -0.000403 2544.0
0.000632 -0.000403 2545.0
0.000632 -0.000403 2546.0
0.000632 -0.000403 2547.0
0.000632 -0.000403 2548.0
0.000632 -0.000403 2549.0
0.000632 -0.000403 2550.0
0.000632 -0.000403 2551.0
0.000632 -0.000403 2552.0
0.000632 -0.000403 2553.0
0.000632 -0.000403 2554.0
0.000632 -0.000403 2555.0
0.000632 -0.000403 2556.0
0.000632 -0.000403 2557.0
0.000632 -0.000403 2558.0
0.000632 -0.000403 2559.0
0.000632 -0.000403 2560.0
0.000632 -0.000403 2561.0
0.000632 -0.000403 2562.0
0.000632 -0.000403 2563.0
0.000632 -0.000403 2564.0
0.000632 -0.000403 2565.0
0.000632 -0.000403 2566.0
0.000632 -0.000403 2567.0
0.000632 -0.000403 2568.0
0.000633 -0.000403 2569.0
0.000633 -0.000403 2570.0
0.000633 -0.000403 2571.0
0.000633 -0.000403 2572.0
0.000633 -0.000403 2573.0
0.000633 -0.000403 2574.0
0.000633 -0.000403 2575.0
0.000633 -0.000403 2576.0
0.000633 -0.000403 2577.0
0.000633 -0.000403 2578.0
0.000633 -0.000403 2579.0
0.000633 -0.000403 2580.0
0.000633 -0.000403 2581.0
0.000633 -0.000403 2582.0
0.000633 -0.000403 2583.0
0.000633 -0.000403 2584.0
0.000633 -0.000403 2585.0
0.000633 -0.000403 2586.0
0.000633 -0.000403 2587.0
0.000633 -0.000403 2588.0
0.000633 -0.000403 2589.0
0.000633 -0.000403 2590.0
0.000633 -0.000403 2591.0
0.000633 -0.000403 2592.0
0.000633 -0.000403 2593.0
0.000633 -0.000403 2594.0
0.000633 -0.000403 2595.0
0.000633 -0.000403 2596.0
0.000633 -0.000403 2597.0
0.000633 -0.000403 2598.0
0.000633 -0.000403 2599.0
0.000633 -0.000403 2600.0
0.000633 -0.000403 2601.0
0.000633 -0.000403 2602.0
0.000633 -0.000403 2603.0
0.000633 -0.000403 2604.0
0.000633 -0.000403 2605.0
0.000633 -0.000403 2606.0
0.000633 -0.000403 2607.0
0.000633 -0.000403 2608.0
0.000633 -0.000403 2609.0
0.000633 -0.000403 2610.0
0.000634 -0.000403 2611.0
0.000634 -0.000403 2612.0
0.000634 -0.000404 2613.0
0.000634 -0.000404 2614.0
0.000634 -0.000404 2615.0
0.000634 -0.000405 2616.0
0.000635 -0.000405 2617.0
0.000635 -0.000405 2618.0
0.000635 -0.000406 2619.0
0.000635 -0.000406 2620.0
0.000635 -0.000406 2621.0
0.000635 -0.000406 2622.0
0.000636 -0.000407 2623.0
0.000636 -0.000407 2624.0
0.000636 -0.000407 2625.0
0.000636 -0.000408 2626.0
0.000636 -0.000408 2627.0
0.000636 -0.000408 2628.0
0.000637 -0.000409 2629.0
0.000637 -0.000409 2630.0
0.000637 -0.000409 2631.0
0.000637 -0.000409 2632.0
0.000637 -0.000410 2633.0
0.000637 -0.000410 2634.0
0.000638 -0.000410 2635.0
0.000638 -0.000411 2636.0
0.000638 -0.000411 2637.0
0.000638 -0.000411 2638.0
0.000638 -0.000411 2639.0
0.000638 -0.000412 2640.0
0.000639 -0.000412 2641.0
0.000639 -0.000412 2642.0
0.000639 -0.000413 2643.0
0.000639 -0.000413 2644.0
0.000639 -0.000413 2645.0
0.000639 -0.000414 2646.0
0.000640 -0.000414 2647.0
0.000640 -0.000414 2648.0
0.000640 -0.000414 2649.0
0.000640 -0.000415 2650.0
0.000640 -0.000415 2651.0
0.000640 -0.000415 2652.0
0.000641 -0.000416 2653.0
0.000641 -0.000416 2654.0
0.000641 -0.000416 2655.0
0.000641 -0.000417 2656.0
0.000641 -0.000417 2657.0
0.000641 -0.000417 2658.0
0.000642 -0.000417 2659.0
0.000642 -0.000418 2660.0
0.000642 -0.000418 2661.0
0.000642 -0.000418 2662.0
0.000642 -0.000419 2663.0
0.000642 -0.000419 2664.0
0.000643 -0.000419 2665.0
0.000643 -0.000419 2666.0
0.000643 -0.000420 2667.0
0.000643 -0.000420 2668.0
0.000645 -0.000419 2669.0
0.000645 -0.000419 2670.0
0.000645 -0.000420 2671.0
0.000646 -0.000420 2672.0
0.000646 -0.000421 2673.0
0.000646 -0.000422 2674.0
0.000647 -0.000422 2675.0
0.000647 -0.000423 2676.0
0.000647 -0.000423 2677.0
0.000648 -0.000424 2678.0
0.000648 -0.000424 2679.0
0.000648 -0.000425 2680.0
0.000649 -0.000426 2681.0
0.000649 -0.000426 2682.0
0.000650 -0.000427 2683.0
0.000650 -0.000427 2684.0
0.000650 -0.000428 2685.0
0.000651 -0.000428 2686.0
0.000651 -0.000429 2687.0
0.000651 -0.000430 2688.0
0.000652 -0.000430 2689.0
0.000652 -0.000431 2690.0
0.000652 -0.000431 2691.0
0.000653 -0.000432 2692.0
0.000653 -0.000432 2693.0
0.000653 -0.000433 2694.0
0.000654 -0.000434 2695.0
0.000654 -0.000434 2696.0
0.000655 -0.000435 2697.0
0.000655 -0.000435 2698.0
0.000655 -0.000436 2699.0
0.000656 -0.000437 2700.0
0.000656 -0.000437 2701.0
0.000656 -0.000438 2702.0
0.000657 -0.000438 2703.0
0.000657 -0.000439 2704.0
0.000657 -0.000439 2705.0
0.000659 -0.000437 2706.0
0.000659 -0.000438 2707.0
0.000660 -0.000438 2708.0
0.000660 -0.000439 2709.0
0.000660 -0.000439 2710.0
0.000660 -0.000439 2711.0
0.000661 -0.000440 2712.0
0.000661 -0.000440 2713.0
0.000661 -0.000441 2714.0
0.000661 -0.000441 2715.0
0.000662 -0.000441 2716.0
0.000662 -0.000442 2717.0
0.000662 -0.000442 2718.0
0.000662 -0.000443 2719.0
0.000663 -0.000443 2720.0
0.000663 -0.000443 2721.0
0.000663 -0.000444 2722.0
0.000663 -0.000444 2723.0
0.000664 -0.000444 2724.0
0.000664 -0.000445 2725.0
0.000664 -0.000445 2726.0
0.000664 -0.000446 2727.0
0.000665 -0.000446 2728.0
0.000665 -0.000446 2729.0
0.000665 -0.000447 2730.0
0.000665 -0.000447 2731.0
0.000666 -0.000448 2732.0
0.000666 -0.000448 2733.0
0.000666 -0.000448 2734.0
0.000666 -0.000449 2735.0
0.000667 -0.000449 2736.0
0.000667 -0.000450 2737.0
0.000667 -0.000450 2738.0
0.000667 -0.000450 2739.0
0.000668 -0.000451 2740.0
0.000668 -0.000451 2741.0
0.000668 -0.000452 2742.0
0.000668 -0.000452 2743.0
0.000669 -0.000452 2744.0
0.000669 -0.000453 2745.0
0.000669 -0.000453 2746.0
0.000669 -0.000453 2747.0
0.000670 -0.000454 2748.0
0.000670 -0.000454 2749.0
0.000670 -0.000455 2750.0
0.000670 -0.000455 2751.0
0.000671 -0.000455 2752.0
0.000671 -0.000456 2753.0
0.000671 -0.000456 2754.0
0.000671 -0.000457 2755.0
0.000672 -0.000457 2756.0
0.000672 -0.000457 2757.0
0.000672 -0.000458 2758.0
0.000672 -0.000458 2759.0
0.000674 -0.000456 2760.0
0.000675 -0.000457 2761.0
0.000675 -0.000457 2762.0
0.000675 -0.000457 2763.0
0.000675 -0.000458 2764.0
0.000676 -0.000458 2765.0
0.000676 -0.000459 2766.0
0.000676 -0.000459 2767.0
0.000677 -0.000460 2768.0
0.000677 -0.000460 2769.0
0.000677 -0.000460 2770.0
0.000678 -0.000461 2771.0
0.000678 -0.000461 2772.0
0.000678 -0.000462 2773.0
0.000679 -0.000462 2774.0
0.000679 -0.000463 2775.0
0.000679 -0.000463 2776.0
0.000679 -0.000464 2777.0
0.000680 -0.000464 2778.0
0.000680 -0.000464 2779.0
0.000680 -0.000465 2780.0
0.000681 -0.000465 2781.0
0.000681 -0.000466 2782.0
0.000681 -0.000466 2783.0
0.000682 -0.000467 2784.0
0.000682 -0.000467 2785.0
0.000682 -0.000467 2786.0
0.000682 -0.000468 2787.0
0.000683 -0.000468 2788.0
0.000683 -0.000469 2789.0
0.000683 -0.000469 2790.0
0.000684 -0.000470 2791.0
0.000684 -0.000470 2792.0
0.000684 -0.000471 2793.0
0.000685 -0.000471 2794.0
0.000685 -0.000471 2795.0
0.000685 -0.000472 2796.0
0.000686 -0.000472 2797.0
0.000686 -0.000473 2798.0
0.000686 -0.000473 2799.0
0.000686 -0.000474 2800.0
0.000687 -0.000474 2801.0
0.000687 -0.000474 2802.0
0.000687 -0.000475 2803.0
0.000688 -0.000475 2804.0
0.000688 -0.000476 2805.0
0.000688 -0.000476 2806.0
0.000689 -0.000477 2807.0
0.000689 -0.000477 2808.0
0.000689 -0.000477 2809.0
0.000690 -0.000478 2810.0
0.000690 -0.000478 2811.0
0.000690 -0.000479 2812.0
0.000690 -0.000479 2813.0
0.000691 -0.000480 2814.0
0.000691 -0.000480 2815.0
0.000691 -0.000481 2816.0
0.000692 -0.000481 2817.0
0.000692 -0.000481 2818.0
0.000692 -0.000482 2819.0
0.000694 -0.000479 2820.0
0.000695 -0.000479 2821.0
0.000695 -0.000478 2822.0
0.000696 -0.000477 2823.0
0.000696 -0.000477 2824.0
0.000697 -0.000476 2825.0
0.000697 -0.000475 2826.0
0.000698 -0.000475 2827.0
0.000698 -0.000474 2828.0
0.000698 -0.000473 2829.0
0.000699 -0.000473 2830.0
0.000699 -0.000472 2831.0
0.000700 -0.000471 2832.0
0.000700 -0.000471 2833.0
0.000701 -0.000470 2834.0
0.000701 -0.000470 2835.0
0.000701 -0.000469 2836.0
0.000702 -0.000468 2837.0
0.000702 -0.000468 2838.0
0.000703 -0.000467 2839.0
0.000703 -0.000466 2840.0
0.000704 -0.000466 2841.0
0.000704 -0.000465 2842.0
0.000705 -0.000464 2843.0
0.000705 -0.000464 2844.0
0.000705 -0.000463 2845.0
0.000706 -0.000463 2846.0
0.000706 -0.000462 2847.0
0.000707 -0.000461 2848.0
0.000707 -0.000461 2849.0
0.000708 -0.000460 2850.0
0.000708 -0.000459 2851.0
0.000708 -0.000459 2852.0
0.000709 -0.000458 2853.0
0.000709 -0.000457 2854.0
0.000710 -0.000457 2855.0
0.000710 -0.000456 2856.0
0.000711 -0.000456 2857.0
0.000711 -0.000455 2858.0
0.000712 -0.000454 2859.0
0.000712 -0.000454 2860.0
0.000712 -0.000453 2861.0
0.000713 -0.000452 2862.0
0.000713 -0.000452 2863.0
0.000714 -0.000451 2864.0
0.000714 -0.000450 2865.0
0.000715 -0.000450 2866.0
0.000715 -0.000449 2867.0
0.000718 -0.000452 2868.0
0.000717 -0.000452 2869.0
0.000717 -0.000451 2870.0
0.000717 -0.000450 2871.0
0.000716 -0.000449 2872.0
0.000716 -0.000449 2873.0
0.000716 -0.000448 2874.0
0.000716 -0.000447 2875.0
0.000715 -0.000447 2876.0
0.000715 -0.000446 2877.0
0.000715 -0.000445 2878.0
0.000714 -0.000445 2879.0
0.000714 -0.000444 2880.0
0.000714 -0.000443 2881.0
0.000714 -0.000443 2882.0
0.000713 -0.000442 2883.0
0.000713 -0.000441 2884.0
0.000713 -0.000440 2885.0
0.000713 -0.000440 2886.0
0.000712 -0.000439 2887.0
0.000712 -0.000438 2888.0
0.000712 -0.000438 2889.0
0.000711 -0.000437 2890.0
0.000711 -0.000436 2891.0
0.000711 -0.000436 2892.0
0.000711 -0.000435 2893.0
0.000710 -0.000434 2894.0
0.000710 -0.000433 2895.0
0.000710 -0.000433 2896.0
0.000709 -0.000432 2897.0
0.000709 -0.000431 2898.0
0.000709 -0.000431 2899.0
0.000709 -0.000430 2900.0
0.000708 -0.000429 2901.0
0.000708 -0.000429 2902.0
0.000708 -0.000428 2903.0
0.000707 -0.000427 2904.0
0.000707 -0.000426 2905.0
0.000707 -0.000426 2906.0
0.000707 -0.000425 2907.0
0.000704 -0.000427 2908.0
0.000705 -0.000426 2909.0
0.000705 -0.000425 2910.0
0.000705 -0.000425 2911.0
0.000705 -0.000424 2912.0
0.000706 -0.000424 2913.0
0.000706 -0.000423 2914.0
0.000706 -0.000423 2915.0
0.000706 -0.000422 2916.0
0.000707 -0.000422 2917.0
0.000707 -0.000421 2918.0
0.000707 -0.000421 2919.0
0.000707 -0.000420 2920.0
0.000708 -0.000420 2921.0
0.000708 -0.000419 2922.0
0.000708 -0.000419 2923.0
0.000708 -0.000418 2924.0
0.000709 -0.000418 2925.0
0.000709 -0.000417 2926.0
0.000709 -0.000417 2927.0
0.000709 -0.000416 2928.0
0.000710 -0.000416 2929.0
0.000710 -0.000415 2930.0
0.000710 -0.000414 2931.0
0.000710 -0.000414 2932.0
0.000711 -0.000413 2933.0
0.000711 -0.000413 2934.0
0.000711 -0.000412 2935.0
0.000711 -0.000412 2936.0
0.000712 -0.000411 2937.0
0.000712 -0.000411 2938.0
0.000712 -0.000410 2939.0
0.000712 -0.000410 2940.0
0.000713 -0.000409 2941.0
0.000713 -0.000409 2942.0
0.000713 -0.000408 2943.0
0.000713 -0.000408 2944.0
0.000714 -0.000407 2945.0
0.000714 -0.000407 2946.0
0.000714 -0.000406 2947.0
0.000714 -0.000406 2948.0
0.000715 -0.000405 2949.0
0.000715 -0.000404 2950.0
0.000715 -0.000404 2951.0
0.000715 -0.000403 2952.0
0.000716 -0.000403 2953.0
0.000716 -0.000402 2954.0
0.000716 -0.000402 2955.0
0.000716 -0.000401 2956.0
0.000717 -0.000401 2957.0
0.000717 -0.000400 2958.0
0.000717 -0.000400 2959.0
0.000717 -0.000399 2960.0
0.000718 -0.000399 2961.0
0.000718 -0.000398 2962.0
0.000718 -0.000398 2963.0
0.000718 -0.000397 2964.0
0.000719 -0.000397 2965.0
0.000719 -0.000396 2966.0
0.000719 -0.000396 2967.0
0.000719 -0.000395 2968.0
0.000722 -0.000397 2969.0
0.000722 -0.000397 2970.0
0.000722 -0.000397 2971.0
0.000722 -0.000396 2972.0
0.000722 -0.000396 2973.0
0.000722 -0.000396 2974.0
0.000722 -0.000396 2975.0
0.000722 -0.000396 2976.0
0.000721 -0.000395 2977.0
0.000721 -0.000395 2978.0
0.000721 -0.000395 2979.0
0.000721 -0.000395 2980.0
0.000721 -0.000394 2981.0
0.000721 -0.000394 2982.0
0.000721 -0.000394 2983.0
0.000721 -0.000394 2984.0
0.000721 -0.000394 2985.0
0.000721 -0.000393 2986.0
0.000721 -0.000393 2987.0
0.000721 -0.000393 2988.0
0.000721 -0.000393 2989.0
0.000721 -0.000392 2990.0
0.000721 -0.000392 2991.0
0.000721 -0.000392 2992.0
0.000721 -0.000392 2993.0
0.000721 -0.000392 2994.0
0.000721 -0.000391 2995.0
0.000721 -0.000391 2996.0
0.000721 -0.000391 2997.0
0.000720 -0.000391 2998.0
0.000720 -0.000390 2999.0
0.000720 -0.000390 3000.0
0.000720 -0.000390 3001.0
0.000720 -0.000390 3002.0
0.000720 -0.000390 3003.0
0.000720 -0.000389 3004.0
0.000720 -0.000389 3005.0
0.000720 -0.000389 3006.0
0.000720 -0.000389 3007.0
0.000720 -0.000388 3008.0
0.000720 -0.000388 3009.0
0.000720 -0.000388 3010.0
0.000720 -0.000388 3011.0
0.000720 -0.000387 3012.0
0.000720 -0.000387 3013.0
0.000720 -0.000387 3014.0
0.000720 -0.000387 3015.0
0.000720 -0.000387 3016.0
0.000720 -0.000386 3017.0
0.000720 -0.000386 3018.0
0.000719 -0.000386 3019.0
0.000719 -0.000386 3020.0
0.000719 -0.000385 3021.0
0.000719 -0.000385 3022.0
0.000719 -0.000385 3023.0
0.000719 -0.000385 3024.0
0.000719 -0.000385 3025.0
0.000719 -0.000384 3026.0
0.000719 -0.000384 3027.0
0.000719 -0.000384 3028.0
0.000719 -0.000384 3029.0
0.000719 -0.000383 3030.0
0.000719 -0.000383 3031.0
0.000719 -0.000383 3032.0
0.000719 -0.000383 3033.0
0.000719 -0.000383 3034.0
0.000719 -0.000382 3035.0
0.000719 -0.000382 3036.0
0.000719 -0.000382 3037.0
0.000719 -0.000382 3038.0
0.000719 -0.000381 3039.0
0.000718 -0.000381 3040.0
0.000718 -0.000381 3041.0
0.000718 -0.000381 3042.0
0.000718 -0.000381 3043.0
0.000718 -0.000380 3044.0
0.000718 -0.000380 3045.0
0.000717 -0.000380 3046.0
0.000717 -0.000381 3047.0
0.000717 -0.000381 3048.0
0.000717 -0.000381 3049.0
0.000717 -0.000381 3050.0
0.000717 -0.000381 3051.0
0.000717 -0.000381 3052.0
0.000717 -0.000381 3053.0
0.000716 -0.000382 3054.0
0.000716 -0.000382 3055.0
0.000716 -0.000382 3056.0
0.000716 -0.000382 3057.0
0.000716 -0.000382 3058.0
0.000716 -0.000382 3059.0
0.000716 -0.000383 3060.0
0.000716 -0.000383 3061.0
0.000716 -0.000383 3062.0
0.000715 -0.000383 3063.0
0.000715 -0.000383 3064.0
0.000715 -0.000383 3065.0
0.000715 -0.000383 3066.0
0.000715 -0.000384 3067.0
0.000715 -0.000383 3068.0
0.000715 -0.000384 3069.0
0.000714 -0.000384 3070.0
0.000714 -0.000385 3071.0
0.000714 -0.000385 3072.0
0.000714 -0.000386 3073.0
0.000714 -0.000386 3074.0
0.000714 -0.000387 3075.0
0.000714 -0.000387 3076.0
0.000713 -0.000388 3077.0
0.000713 -0.000388 3078.0
0.000713 -0.000389 3079.0
0.000713 -0.000389 3080.0
0.000713 -0.000390 3081.0
0.000713 -0.000390 3082.0
0.000713 -0.000391 3083.0
0.000713 -0.000391 3084.0
0.000712 -0.000392 3085.0
0.000712 -0.000392 3086.0
0.000712 -0.000393 3087.0
0.000712 -0.000393 3088.0
0.000712 -0.000394 3089.0
0.000712 -0.000394 3090.0
0.000712 -0.000395 3091.0
0.000712 -0.000395 3092.0
0.000711 -0.000396 3093.0
0.000711 -0.000396 3094.0
0.000711 -0.000397 3095.0
0.000711 -0.000397 3096.0
0.000711 -0.000398 3097.0
0.000711 -0.000399 3098.0
0.000711 -0.000399 3099.0
0.000711 -0.000400 3100.0
0.000710 -0.000400 3101.0
0.000710 -0.000401 3102.0
0.000710 -0.000401 3103.0
0.000710 -0.000402 3104.0
0.000710 -0.000402 3105.0
0.000710 -0.000403 3106.0
0.000710 -0.000403 3107.0
0.000709 -0.000404 3108.0
0.000709 -0.000404 3109.0
0.000709 -0.000405 3110.0
0.000709 -0.000405 3111.0
0.000709 -0.000406 3112.0
0.000709 -0.000406 3113.0
0.000709 -0.000407 3114.0
0.000709 -0.000407 3115.0
0.000708 -0.000408 3116.0
0.000708 -0.000408 3117.0
0.000708 -0.000409 3118.0
0.000708 -0.000409 3119.0
0.000708 -0.000410 3120.0
0.000708 -0.000410 3121.0
0.000708 -0.000411 3122.0
0.000708 -0.000411 3123.0
0.000707 -0.000412 3124.0
0.000707 -0.000412 3125.0
0.000707 -0.000413 3126.0
0.000707 -0.000413 3127.0
0.000707 -0.000414 3128.0
0.000705 -0.000413 3129.0
0.000705 -0.000413 3130.0
0.000705 -0.000414 3131.0
0.000705 -0.000414 3132.0
0.000705 -0.000414 3133.0
0.000706 -0.000415 3134.0
0.000706 -0.000415 3135.0
0.000706 -0.000416 3136.0
0.000706 -0.000416 3137.0
0.000706 -0.000416 3138.0
0.000706 -0.000417 3139.0
0.000706 -0.000417 3140.0
0.000706 -0.000417 3141.0
0.000706 -0.000418 3142.0
0.000706 -0.000418 3143.0
0.000706 -0.000418 3144.0
0.000706 -0.000419 3145.0
0.000706 -0.000419 3146.0
0.000707 -0.000419 3147.0
0.000707 -0.000420 3148.0
0.000707 -0.000420 3149.0
0.000707 -0.000421 3150.0
0.000707 -0.000421 3151.0
0.000707 -0.000421 3152.0
0.000707 -0.000422 3153.0
0.000707 -0.000422 3154.0
0.000707 -0.000422 3155.0
0.000707 -0.000423 3156.0
0.000707 -0.000423 3157.0
0.000707 -0.000423 3158.0
0.000707 -0.000424 3159.0
0.000708 -0.000424 3160.0
0.000708 -0.000424 3161.0
0.000708 -0.000425 3162.0
0.000708 -0.000425 3163.0
0.000708 -0.000426 3164.0
0.000708 -0.000426 3165.0
0.000708 -0.000426 3166.0
0.000708 -0.000427 3167.0
0.000708 -0.000427 3168.0
0.000708 -0.000427 3169.0
0.000708 -0.000428 3170.0
0.000708 -0.000428 3171.0
0.000708 -0.000428 3172.0
0.000709 -0.000429 3173.0
0.000709 -0.000429 3174.0
0.000709 -0.000429 3175.0
0.000709 -0.000430 3176.0
0.000709 -0.000430 3177.0
0.000709 -0.000431 3178.0
0.000709 -0.000431 3179.0
0.000709 -0.000431 3180.0
0.000709 -0.000432 3181.0
0.000709 -0.000432 3182.0
0.000709 -0.000432 3183.0
0.000709 -0.000433 3184.0
0.000710 -0.000433 3185.0
0.000710 -0.000433 3186.0
0.000710 -0.000434 3187.0
0.000711 -0.000433 3188.0
0.000710 -0.000434 3189.0
0.000710 -0.000434 3190.0
0.000710 -0.000435 3191.0
0.000710 -0.000435 3192.0
0.000709 -0.000436 3193.0
0.000709 -0.000436 3194.0
0.000709 -0.000437 3195.0
0.000709 -0.000437 3196.0
0.000708 -0.000437 3197.0
0.000708 -0.000438 3198.0
0.000708 -0.000438 3199.0
0.000707 -0.000439 3200.0
0.000707 -0.000439 3201.0
0.000707 -0.000440 3202.0
0.000707 -0.000440 3203.0
0.000706 -0.000441 3204.0
0.000706 -0.000441 3205.0
0.000706 -0.000442 3206.0
0.000706 -0.000442 3207.0
0.000705 -0.000443 3208.0
0.000705 -0.000443 3209.0
0.000705 -0.000443 3210.0
0.000705 -0.000444 3211.0
0.000704 -0.000444 3212.0
0.000704 -0.000445 3213.0
0.000704 -0.000445 3214.0
0.000703 -0.000446 3215.0
0.000703 -0.000446 3216.0
0.000703 -0.000447 3217.0
0.000703 -0.000447 3218.0
0.000702 -0.000448 3219.0
0.000702 -0.000448 3220.0
0.000702 -0.000449 3221.0
0.000702 -0.000449 3222.0
0.000701 -0.000449 3223.0
0.000701 -0.000450 3224.0
0.000701 -0.000450 3225.0
0.000701 -0.000451 3226.0
0.000700 -0.000451 3227.0
0.000700 -0.000452 3228.0
0.000700 -0.000452 3229.0
0.000699 -0.000453 3230.0
0.000699 -0.000453 3231.0
0.000699 -0.000454 3232.0
0.000699 -0.000454 3233.0
0.000698 -0.000454 3234.0
0.000698 -0.000455 3235.0
0.000698 -0.000455 3236.0
0.000698 -0.000456 3237.0
0.000697 -0.000456 3238.0
0.000697 -0.000457 3239.0
0.000697 -0.000457 3240.0
0.000697 -0.000458 3241.0
0.000696 -0.000458 3242.0
0.000696 -0.000459 3243.0
0.000696 -0.000459 3244.0
0.000695 -0.000460 3245.0
0.000695 -0.000460 3246.0
0.000695 -0.000460 3247.0
0.000695 -0.000461 3248.0
0.000694 -0.000461 3249.0
0.000694 -0.000462 3250.0
0.000694 -0.000462 3251.0
0.000694 -0.000463 3252.0
0.000691 -0.000460 3253.0
0.000691 -0.000460 3254.0
0.000692 -0.000460 3255.0
0.000692 -0.000460 3256.0
0.000692 -0.000461 3257.0
0.000692 -0.000461 3258.0
0.000693 -0.000461 3259.0
0.000693 -0.000461 3260.0
0.000693 -0.000461 3261.0
0.000693 -0.000461 3262.0
0.000694 -0.000461 3263.0
0.000694 -0.000461 3264.0
0.000694 -0.000461 3265.0
0.000694 -0.000461 3266.0
0.000695 -0.000461 3267.0
0.000695 -0.000461 3268.0
0.000695 -0.000462 3269.0
0.000695 -0.000462 3270.0
0.000696 -0.000462 3271.0
0.000696 -0.000462 3272.0
0.000696 -0.000462 3273.0
0.000696 -0.000462 3274.0
0.000697 -0.000462 3275.0
0.000697 -0.000462 3276.0
0.000697 -0.000462 3277.0
0.000697 -0.000462 3278.0
0.000698 -0.000462 3279.0
0.000698 -0.000463 3280.0
0.000698 -0.000463 3281.0
0.000698 -0.000463 3282.0
0.000699 -0.000463 3283.0
0.000699 -0.000463 3284.0
0.000699 -0.000463 3285.0
0.000699 -0.000463 3286.0
0.000700 -0.000463 3287.0
0.000700 -0.000463 3288.0
0.000700 -0.000463 3289.0
0.000700 -0.000463 3290.0
0.000701 -0.000463 3291.0
0.000701 -0.000464 3292.0
0.000701 -0.000464 3293.0
0.000701 -0.000464 3294.0
0.000702 -0.000464 3295.0
0.000702 -0.000464 3296.0
0.000702 -0.000464 3297.0
0.000702 -0.000464 3298.0
0.000703 -0.000464 3299.0
0.000703 -0.000464 3300.0
0.000703 -0.000464 3301.0
0.000703 -0.000464 3302.0
0.000704 -0.000464 3303.0
0.000704 -0.000465 3304.0
0.000704 -0.000465 3305.0
0.000704 -0.000465 3306.0
0.000705 -0.000465 3307.0
0.000705 -0.000465 3308.0
0.000705 -0.000465 3309.0
0.000705 -0.000465 3310.0
0.000706 -0.000465 3311.0
0.000706 -0.000465 3312.0
0.000706 -0.000465 3313.0
0.000706 -0.000464 3314.0
0.000707 -0.000464 3315.0
0.000707 -0.000463 3316.0
0.000707 -0.000462 3317.0
0.000708 -0.000462 3318.0
0.000708 -0.000461 3319.0
0.000708 -0.000461 3320.0
0.000709 -0.000460 3321.0
0.000709 -0.000459 3322.0
0.000709 -0.000459 3323.0
0.000709 -0.000458 3324.0
0.000710 -0.000458 3325.0
0.000710 -0.000457 3326.0
0.000710 -0.000456 3327.0
0.000711 -0.000456 3328.0
0.000711 -0.000455 3329.0
0.000711 -0.000454 3330.0
0.000712 -0.000454 3331.0
0.000712 -0.000453 3332.0
0.000712 -0.000453 3333.0
0.000713 -0.000452 3334.0
0.000713 -0.000451 3335.0
0.000713 -0.000451 3336.0
0.000714 -0.000450 3337.0
0.000714 -0.000449 3338.0
0.000714 -0.000449 3339.0
0.000715 -0.000448 3340.0
0.000715 -0.000448 3341.0
0.000715 -0.000447 3342.0
0.000715 -0.000446 3343.0
0.000716 -0.000446 3344.0
0.000716 -0.000445 3345.0
0.000716 -0.000444 3346.0
0.000717 -0.000444 3347.0
0.000717 -0.000443 3348.0
0.000719 -0.000445 3349.0
0.000719 -0.000444 3350.0
0.000718 -0.000444 3351.0
0.000718 -0.000444 3352.0
0.000718 -0.000444 3353.0
0.000718 -0.000443 3354.0
0.000718 -0.000443 3355.0
0.000718 -0.000443 3356.0
0.000718 -0.000443 3357.0
0.000718 -0.000443 3358.0
0.000718 -0.000443 3359.0
0.000718 -0.000443 3360.0
0.000718 -0.000443 3361.0
0.000718 -0.000443 3362.0
0.000718 -0.000443 3363.0
0.000718 -0.000443 3364.0
0.000718 -0.000443 3365.0
0.000718 -0.000443 3366.0
0.000718 -0.000443 3367.0
0.000718 -0.000443 3368.0
0.000718 -0.000443 3369.0
0.000717 -0.000444 3370.0
0.000717 -0.000444 3371.0
0.000716 -0.000444 3372.0
0.000716 -0.000444 3373.0
0.000715 -0.000445 3374.0
0.000715 -0.000445 3375.0
0.000714 -0.000445 3376.0
0.000714 -0.000445 3377.0
0.000713 -0.000445 3378.0
0.000713 -0.000446 3379.0
0.000712 -0.000446 3380.0
0.000712 -0.000446 3381.0
0.000711 -0.000446 3382.0
0.000711 -0.000447 3383.0
0.000711 -0.000447 3384.0
0.000710 -0.000447 3385.0
0.000710 -0.000447 3386.0
0.000709 -0.000448 3387.0
0.000709 -0.000448 3388.0
0.000708 -0.000448 3389.0
0.000708 -0.000448 3390.0
0.000707 -0.000449 3391.0
0.000707 -0.000449 3392.0
0.000706 -0.000449 3393.0
0.000706 -0.000449 3394.0
0.000705 -0.000450 3395.0
0.000705 -0.000450 3396.0
0.000705 -0.000450 3397.0
0.000704 -0.000450 3398.0
0.000704 -0.000450 3399.0
0.000703 -0.000451 3400.0
0.000703 -0.000451 3401.0
0.000702 -0.000451 3402.0
0.000702 -0.000451 3403.0
0.000701 -0.000452 3404.0
0.000701 -0.000452 3405.0
0.000700 -0.000452 3406.0
0.000700 -0.000452 3407.0
0.000699 -0.000453 3408.0
0.000699 -0.000453 3409.0
0.000698 -0.000453 3410.0
0.000698 -0.000451 3411.0
0.000697 -0.000452 3412.0
0.000697 -0.000452 3413.0
0.000696 -0.000453 3414.0
0.000696 -0.000453 3415.0
0.000695 -0.000454 3416.0
0.000695 -0.000454 3417.0
0.000694 -0.000455 3418.0
0.000694 -0.000455 3419.0
0.000693 -0.000456 3420.0
0.000692 -0.000457 3421.0
0.000692 -0.000457 3422.0
0.000691 -0.000458 3423.0
0.000691 -0.000458 3424.0
0.000690 -0.000459 3425.0
0.000690 -0.000459 3426.0
0.000689 -0.000460 3427.0
0.000689 -0.000460 3428.0
0.000688 -0.000461 3429.0
0.000688 -0.000461 3430.0
0.000687 -0.000462 3431.0
0.000686 -0.000462 3432.0
0.000686 -0.000463 3433.0
0.000685 -0.000463 3434.0
0.000685 -0.000464 3435.0
0.000684 -0.000464 3436.0
0.000684 -0.000465 3437.0
0.000683 -0.000465 3438.0
0.000683 -0.000466 3439.0
0.000682 -0.000466 3440.0
0.000681 -0.000467 3441.0
0.000681 -0.000467 3442.0
0.000680 -0.000468 3443.0
0.000680 -0.000468 3444.0
0.000679 -0.000469 3445.0
0.000679 -0.000469 3446.0
0.000678 -0.000470 3447.0
0.000678 -0.000470 3448.0
0.000677 -0.000471 3449.0
0.000677 -0.000472 3450.0
0.000676 -0.000472 3451.0
0.000675 -0.000473 3452.0
0.000675 -0.000473 3453.0
0.000674 -0.000474 3454.0
0.000674 -0.000474 3455.0
0.000673 -0.000475 3456.0
0.000673 -0.000475 3457.0
0.000672 -0.000476 3458.0
0.000672 -0.000476 3459.0
0.000671 -0.000477 3460.0
0.000670 -0.000477 3461.0
0.000670 -0.000478 3462.0
0.000669 -0.000478 3463.0
0.000669 -0.000479 3464.0
0.000668 -0.000479 3465.0
0.000668 -0.000480 3466.0
0.000667 -0.000480 3467.0
0.000667 -0.000481 3468.0
0.000666 -0.000481 3469.0
0.000666 -0.000482 3470.0
0.000663 -0.000477 3471.0
0.000663 -0.000477 3472.0
0.000662 -0.000476 3473.0
0.000662 -0.000476 3474.0
0.000661 -0.000475 3475.0
0.000661 -0.000474 3476.0
0.000661 -0.000474 3477.0
0.000660 -0.000473 3478.0
0.000660 -0.000472 3479.0
0.000659 -0.000472 3480.0
0.000659 -0.000471 3481.0
0.000659 -0.000470 3482.0
0.000658 -0.000470 3483.0
0.000658 -0.000469 3484.0
0.000657 -0.000469 3485.0
0.000657 -0.000468 3486.0
0.000657 -0.000467 3487.0
0.000656 -0.000467 3488.0
0.000656 -0.000466 3489.0
0.000655 -0.000465 3490.0
0.000655 -0.000465 3491.0
0.000655 -0.000464 3492.0
0.000654 -0.000463 3493.0
0.000654 -0.000463 3494.0
0.000653 -0.000462 3495.0
0.000653 -0.000462 3496.0
0.000652 -0.000461 3497.0
0.000652 -0.000460 3498.0
0.000652 -0.000460 3499.0
0.000651 -0.000459 3500.0
0.000651 -0.000458 3501.0
0.000650 -0.000458 3502.0
0.000650 -0.000457 3503.0
0.000650 -0.000456 3504.0
0.000649 -0.000456 3505.0
0.000649 -0.000455 3506.0
0.000648 -0.000454 3507.0
0.000648 -0.000454 3508.0
0.000648 -0.000453 3509.0
0.000647 -0.000453 3510.0
0.000647 -0.000452 3511.0
0.000646 -0.000451 3512.0
0.000646 -0.000451 3513.0
0.000645 -0.000450 3514.0
0.000645 -0.000449 3515.0
0.000645 -0.000449 3516.0
0.000644 -0.000448 3517.0
0.000644 -0.000447 3518.0
0.000643 -0.000447 3519.0
0.000643 -0.000446 3520.0
0.000643 -0.000446 3521.0
0.000642 -0.000445 3522.0
0.000642 -0.000444 3523.0
0.000641 -0.000444 3524.0
0.000641 -0.000443 3525.0
0.000641 -0.000442 3526.0
0.000640 -0.000442 3527.0
0.000640 -0.000441 3528.0
0.000639 -0.000440 3529.0
0.000639 -0.000440 3530.0
0.000638 -0.000439 3531.0
0.000638 -0.000439 3532.0
0.000638 -0.000438 3533.0
0.000637 -0.000437 3534.0
0.000637 -0.000437 3535.0
0.000636 -0.000436 3536.0
0.000633 -0.000440 3537.0
0.000633 -0.000439 3538.0
0.000633 -0.000439 3539.0
0.000633 -0.000438 3540.0
0.000632 -0.000437 3541.0
0.000632 -0.000437 3542.0
0.000632 -0.000436 3543.0
0.000632 -0.000435 3544.0
0.000632 -0.000435 3545.0
0.000632 -0.000434 3546.0
0.000632 -0.000433 3547.0
0.000632 -0.000433 3548.0
0.000632 -0.000432 3549.0
0.000632 -0.000431 3550.0
0.000631 -0.000431 3551.0
0.000631 -0.000430 3552.0
0.000631 -0.000429 3553.0
0.000631 -0.000429 3554.0
0.000631 -0.000428 3555.0
0.000631 -0.000427 3556.0
0.000631 -0.000427 3557.0
0.000631 -0.000426 3558.0
0.000631 -0.000426 3559.0
0.000631 -0.000425 3560.0
0.000630 -0.000424 3561.0
0.000630 -0.000424 3562.0
0.000630 -0.000423 3563.0
0.000630 -0.000422 3564.0
0.000630 -0.000422 3565.0
0.000630 -0.000421 3566.0
0.000630 -0.000420 3567.0
0.000630 -0.000420 3568.0
0.000630 -0.000419 3569.0
0.000629 -0.000418 3570.0
0.000629 -0.000418 3571.0
0.000629 -0.000417 3572.0
0.000629 -0.000416 3573.0
0.000629 -0.000416 3574.0
0.000629 -0.000415 3575.0
0.000629 -0.000414 3576.0
0.000629 -0.000414 3577.0
0.000629 -0.000413 3578.0
0.000629 -0.000412 3579.0
0.000628 -0.000412 3580.0
0.000628 -0.000411 3581.0
0.000628 -0.000410 3582.0
0.000628 -0.000410 3583.0
0.000628 -0.000409 3584.0
0.000628 -0.000408 3585.0
0.000628 -0.000408 3586.0
0.000628 -0.000407 3587.0
0.000628 -0.000406 3588.0
0.000628 -0.000406 3589.0
0.000627 -0.000405 3590.0
0.000626 -0.000405 3591.0
