0.000424 -0.000414 35.0
0.000424 -0.000415 36.0
0.000424 -0.000415 37.0
0.000424 -0.000415 38.0
0.000424 -0.000415 39.0
0.000424 -0.000416 40.0
0.000424 -0.000416 41.0
0.000424 -0.000416 42.0
0.000424 -0.000416 43.0
0.000424 -0.000417 44.0
0.000424 -0.000417 45.0
0.000424 -0.000417 46.0
0.000424 -0.000417 47.0
0.000424 -0.000418 48.0
0.000424 -0.000418 49.0
0.000424 -0.000418 50.0
0.000424 -0.000418 51.0
0.000424 -0.000419 52.0
0.000424 -0.000419 53.0
0.000424 -0.000419 54.0
0.000424 -0.000419 55.0
0.000424 -0.000419 56.0
0.000424 -0.000420 57.0
0.000424 -0.000420 58.0
0.000425 -0.000420 59.0
0.000425 -0.000420 60.0
0.000425 -0.000421 61.0
0.000425 -0.000421 62.0
0.000425 -0.000421 63.0
0.000425 -0.000421 64.0
0.000425 -0.000422 65.0
0.000425 -0.000422 66.0
0.000425 -0.000422 67.0
0.000425 -0.000422 68.0
0.000425 -0.000423 69.0
0.000425 -0.000423 70.0
0.000425 -0.000423 71.0
0.000425 -0.000423 72.0
0.000425 -0.000424 73.0
0.000425 -0.000424 74.0
0.000425 -0.000424 75.0
0.000425 -0.000424 76.0
0.000425 -0.000424 77.0
0.000425 -0.000425 78.0
0.000425 -0.000425 79.0
0.000425 -0.000425 80.0
0.000425 -0.000425 81.0
0.000425 -0.000426 82.0
0.000425 -0.000426 83.0
0.000426 -0.000426 84.0
0.000426 -0.000426 85.0
0.000426 -0.000427 86.0
0.000426 -0.000427 87.0
0.000426 -0.000427 88.0
0.000426 -0.000427 89.0
0.000426 -0.000428 90.0
0.000426 -0.000428 91.0
0.000426 -0.000428 92.0
0.000426 -0.000428 93.0
0.000426 -0.000428 94.0
0.000426 -0.000428 95.0
0.000426 -0.000428 96.0
0.000426 -0.000428 97.0
0.000426 -0.000428 98.0
0.000426 -0.000428 99.0
0.000426 -0.000428 100.0
0.000426 -0.000428 101.0
0.000426 -0.000428 102.0
0.000426 -0.000428 103.0
0.000426 -0.000428 104.0
0.000426 -0.000428 105.0
0.000426 -0.000428 106.0
0.000426 -0.000428 107.0
0.000426 -0.000428 108.0
0.000426 -0.000428 109.0
0.000426 -0.000428 110.0
0.000426 -0.000428 111.0
0.000426 -0.000428 112.0
0.000426 -0.000428 113.0
0.000426 -0.000428 114.0
0.000426 -0.000428 115.0
0.000426 -0.000428 116.0
0.000426 -0.000428 117.0
0.000426 -0.000428 118.0
0.000426 -0.000428 119.0
0.000426 -0.000428 120.0
0.000426 -0.000428 121.0
0.000426 -0.000428 122.0
0.000426 -0.000428 123.0
0.000426 -0.000428 124.0
0.000426 -0.000428 125.0
0.000426 -0.000428 126.0
0.000426 -0.000428 127.0
0.000426 -0.000428 128.0
0.000426 -0.000428 129.0
0.000426 -0.000428 130.0
0.000426 -0.000428 131.0
0.000426 -0.000428 132.0
0.000426 -0.000428 133.0
0.000426 -0.000428 134.0
0.000426 -0.000428 135.0
0.000426 -0.000428 136.0
0.000426 -0.000428 137.0
0.000426 -0.000428 138.0
0.000426 -0.000428 139.0
0.000426 -0.000428 140.0
0.000426 -0.000428 141.0
0.000426 -0.000428 142.0
0.000426 -0.000428 143.0
0.000426 -0.000428 144.0
0.000426 -0.000429 145.0
0.000426 -0.000429 146.0
0.000426 -0.000429 147.0
0.000426 -0.000429 148.0
0.000426 -0.000429 149.0
0.000426 -0.000429 150.0
0.000426 -0.000428 151.0
0.000426 -0.000428 152.0
0.000425 -0.000428 153.0
0.000425 -0.000428 154.0
0.000425 -0.000428 155.0
0.000425 -0.000428 156.0
0.000425 -0.000428 157.0
0.000425 -0.000428 158.0
0.000425 -0.000428 159.0
0.000425 -0.000428 160.0
0.000425 -0.000428 161.0
0.000425 -0.000428 162.0
0.000425 -0.000428 163.0
0.000425 -0.000428 164.0
0.000425 -0.000428 165.0
0.000425 -0.000428 166.0
0.000425 -0.000428 167.0
0.000425 -0.000428 168.0
0.000425 -0.000429 169.0
0.000425 -0.000429 170.0
0.000425 -0.000429 171.0
0.000425 -0.000429 172.0
0.000425 -0.000429 173.0
0.000425 -0.000429 174.0
0.000425 -0.000429 175.0
0.000425 -0.000429 176.0
0.000425 -0.000429 177.0
0.000425 -0.000429 178.0
0.000425 -0.000429 179.0
0.000425 -0.000429 180.0
0.000425 -0.000429 181.0
0.000425 -0.000429 182.0
0.000425 -0.000429 183.0
0.000425 -0.000429 184.0
0.000425 -0.000429 185.0
0.000425 -0.000429 186.0
0.000425 -0.000429 187.0
0.000425 -0.000429 188.0
0.000425 -0.000429 189.0
0.000425 -0.000429 190.0
0.000425 -0.000429 191.0
0.000425 -0.000429 192.0
0.000425 -0.000429 193.0
0.000425 -0.000429 194.0
0.000425 -0.000429 195.0
0.000425 -0.000429 196.0
0.000425 -0.000429 197.0
0.000425 -0.000429 198.0
0.000425 -0.000429 199.0
0.000425 -0.000429 200.0
0.000425 -0.000429 201.0
0.000425 -0.000429 202.0
0.000425 -0.000429 203.0
0.000425 -0.000429 204.0
0.000425 -0.000429 205.0
0.000425 -0.000429 206.0
0.000425 -0.000429 207.0
0.000425 -0.000429 208.0
0.000425 -0.000429 209.0
0.000425 -0.000429 210.0
0.000425 -0.000429 211.0
0.000425 -0.000429 212.0
0.000425 -0.000429 213.0
0.000425 -0.000429 214.0
0.000425 -0.000429 215.0
0.000425 -0.000429 216.0
0.000425 -0.000429 217.0
0.000425 -0.000429 218.0
0.000425 -0.000429 219.0
0.000425 -0.000429 220.0
0.000425 -0.000429 221.0
0.000425 -0.000429 222.0
0.000425 -0.000429 223.0
0.000425 -0.000429 224.0
0.000425 -0.000429 225.0
0.000425 -0.000429 226.0
0.000425 -0.000429 227.0
0.000425 -0.000429 228.0
0.000425 -0.000429 229.0
0.000425 -0.000429 230.0
0.000425 -0.000429 231.0
0.000425 -0.000429 232.0
0.000425 -0.000429 233.0
0.000425 -0.000429 234.0
0.000425 -0.000429 235.0
0.000425 -0.000429 236.0
0.000425 -0.000429 237.0
0.000425 -0.000429 238.0
0.000425 -0.000429 239.0
0.000425 -0.000429 240.0
0.000425 -0.000429 241.0
0.000425 -0.000429 242.0
0.000425 -0.000429 243.0
0.000425 -0.000429 244.0
0.000425 -0.000429 245.0
0.000425 -0.000429 246.0
0.000425 -0.000429 247.0
0.000425 -0.000429 248.0
0.000425 -0.000429 249.0
0.000425 -0.000429 250.0
0.000425 -0.000429 251.0
0.000425 -0.000429 252.0
0.000425 -0.000429 253.0
0.000425 -0.000429 254.0
0.000425 -0.000429 255.0
0.000425 -0.000429 256.0
0.000425 -0.000429 257.0
0.000425 -0.000429 258.0
0.000425 -0.000429 259.0
0.000425 -0.000429 260.0
0.000425 -0.000429 261.0
0.000425 -0.000429 262.0
0.000425 -0.000429 263.0
0.000425 -0.000429 264.0
0.000425 -0.000429 265.0
0.000425 -0.000429 266.0
0.000425 -0.000429 267.0
0.000425 -0.000429 268.0
0.000425 -0.000429 269.0
0.000425 -0.000429 270.0
0.000424 -0.000429 271.0
0.000424 -0.000429 272.0
0.000424 -0.000429 273.0
0.000425 -0.000429 274.0
0.000425 -0.000429 275.0
0.000425 -0.000429 276.0
0.000425 -0.000429 277.0
0.000425 -0.000429 278.0
0.000425 -0.000429 279.0
0.000425 -0.000429 280.0
0.000425 -0.000429 281.0
0.000425 -0.000429 282.0
0.000425 -0.000429 283.0
0.000425 -0.000429 284.0
0.000425 -0.000429 285.0
0.000425 -0.000429 286.0
0.000425 -0.000429 287.0
0.000425 -0.000429 288.0
0.000425 -0.000429 289.0
0.000425 -0.000429 290.0
0.000425 -0.000429 291.0
0.000425 -0.000429 292.0
0.000425 -0.000429 293.0
0.000425 -0.000429 294.0
0.000425 -0.000429 295.0
0.000425 -0.000429 296.0
0.000425 -0.000429 297.0
0.000425 -0.000429 298.0
0.000425 -0.000429 299.0
0.000425 -0.000429 300.0
0.000425 -0.000429 301.0
0.000425 -0.000429 302.0
0.000425 -0.000429 303.0
0.000425 -0.000429 304.0
0.000425 -0.000429 305.0
0.000425 -0.000429 306.0
0.000425 -0.000429 307.0
0.000425 -0.000429 308.0
0.000425 -0.000429 309.0
0.000425 -0.000429 310.0
0.000425 -0.000429 311.0
0.000425 -0.000429 312.0
0.000425 -0.000429 313.0
0.000425 -0.000429 314.0
0.000425 -0.000429 315.0
0.000425 -0.000429 316.0
0.000425 -0.000429 317.0
0.000425 -0.000429 318.0
0.000425 -0.000429 319.0
0.000425 -0.000429 320.0
0.000425 -0.000429 321.0
0.000425 -0.000429 322.0
0.000425 -0.000429 323.0
0.000425 -0.000429 324.0
0.000425 -0.000429 325.0
0.000425 -0.000429 326.0
0.000425 -0.000429 327.0
0.000425 -0.000429 328.0
0.000425 -0.000429 329.0
0.000425 -0.000429 330.0
0.000425 -0.000429 331.0
0.000425 -0.000429 332.0
0.000425 -0.000429 333.0
0.000425 -0.000429 334.0
0.000425 -0.000429 335.0
0.000425 -0.000429 336.0
0.000425 -0.000429 337.0
0.000425 -0.000429 338.0
0.000425 -0.000429 339.0
0.000425 -0.000429 340.0
0.000425 -0.000429 341.0
0.000425 -0.000429 342.0
0.000425 -0.000429 343.0
0.000425 -0.000429 344.0
0.000425 -0.000429 345.0
0.000425 -0.000429 346.0
0.000425 -0.000429 347.0
0.000425 -0.000429 348.0
0.000425 -0.000429 349.0
0.000425 -0.000429 350.0
0.000425 -0.000429 351.0
0.000425 -0.000429 352.0
0.000425 -0.000429 353.0
0.000425 -0.000429 354.0
0.000425 -0.000429 355.0
0.000425 -0.000429 356.0
0.000424 -0.000429 357.0
0.000424 -0.000429 358.0
0.000424 -0.000429 359.0
0.000424 -0.000429 360.0
0.000424 -0.000429 361.0
0.000424 -0.000429 362.0
0.000424 -0.000429 363.0
0.000424 -0.000429 364.0
0.000424 -0.000429 365.0
0.000424 -0.000429 366.0
0.000424 -0.000429 367.0
0.000424 -0.000429 368.0
0.000424 -0.000429 369.0
0.000424 -0.000429 370.0
0.000424 -0.000429 371.0
0.000424 -0.000429 372.0
0.000424 -0.000429 373.0
0.000424 -0.000429 374.0
0.000424 -0.000429 375.0
0.000424 -0.000429 376.0
0.000424 -0.000429 377.0
0.000424 -0.000429 378.0
0.000424 -0.000429 379.0
0.000424 -0.000429 380.0
0.000424 -0.000429 381.0
0.000424 -0.000429 382.0
0.000424 -0.000429 383.0
0.000424 -0.000429 384.0
0.000424 -0.000429 385.0
0.000424 -0.000429 386.0
0.000424 -0.000429 387.0
0.000424 -0.000429 388.0
0.000424 -0.000429 389.0
0.000424 -0.000429 390.0
0.000424 -0.000429 391.0
0.000424 -0.000429 392.0
0.000424 -0.000429 393.0
0.000424 -0.000429 394.0
0.000424 -0.000429 395.0
0.000424 -0.000429 396.0
0.000424 -0.000429 397.0
0.000424 -0.000429 398.0
0.000424 -0.000429 399.0
0.000424 -0.000429 400.0
0.000424 -0.000429 401.0
0.000424 -0.000429 402.0
0.000424 -0.000429 403.0
0.000424 -0.000429 404.0
0.000424 -0.000429 405.0
0.000424 -0.000429 406.0
0.000424 -0.000429 407.0
0.000424 -0.000429 408.0
0.000424 -0.000429 409.0
0.000424 -0.000429 410.0
0.000424 -0.000429 411.0
0.000424 -0.000429 412.0
0.000424 -0.000429 413.0
0.000424 -0.000429 414.0
0.000424 -0.000429 415.0
0.000424 -0.000429 416.0
0.000424 -0.000429 417.0
0.000424 -0.000429 418.0
0.000424 -0.000429 419.0
0.000424 -0.000429 420.0
0.000424 -0.000429 421.0
0.000424 -0.000429 422.0
0.000424 -0.000429 423.0
0.000424 -0.000429 424.0
0.000424 -0.000429 425.0
0.000424 -0.000429 426.0
0.000424 -0.000429 427.0
0.000424 -0.000429 428.0
0.000424 -0.000429 429.0
0.000424 -0.000428 430.0
0.000424 -0.000428 431.0
0.000424 -0.000428 432.0
0.000424 -0.000428 433.0
0.000424 -0.000428 434.0
0.000424 -0.000428 435.0
0.000424 -0.000428 436.0
0.000424 -0.000428 437.0
0.000424 -0.000428 438.0
0.000424 -0.000428 439.0
0.000424 -0.000428 440.0
0.000424 -0.000428 441.0
0.000424 -0.000428 442.0
0.000424 -0.000428 443.0
0.000424 -0.000428 444.0
0.000424 -0.000428 445.0
0.000424 -0.000428 446.0
0.000424 -0.000428 447.0
0.000424 -0.000428 448.0
0.000424 -0.000428 449.0
0.000424 -0.000428 450.0
0.000424 -0.000428 451.0
