0.000562 -0.000689 54.0
0.000562 -0.000689 55.0
0.000561 -0.000689 56.0
0.000561 -0.000689 57.0
0.000561 -0.000689 58.0
0.000561 -0.000689 59.0
0.000561 -0.000689 60.0
0.000560 -0.000689 61.0
0.000560 -0.000689 62.0
0.000560 -0.000689 63.0
0.000560 -0.000689 64.0
0.000560 -0.000689 65.0
0.000559 -0.000689 66.0
0.000559 -0.000689 67.0
0.000559 -0.000689 68.0
0.000559 -0.000689 69.0
0.000559 -0.000689 70.0
0.000559 -0.000689 71.0
0.000558 -0.000689 72.0
0.000558 -0.000689 73.0
0.000558 -0.000689 74.0
0.000558 -0.000689 75.0
0.000558 -0.000689 76.0
0.000557 -0.000689 77.0
0.000557 -0.000689 78.0
0.000557 -0.000689 79.0
0.000557 -0.000689 80.0
0.000557 -0.000689 81.0
0.000557 -0.000689 82.0
0.000556 -0.000689 83.0
0.000556 -0.000689 84.0
0.000556 -0.000689 85.0
0.000556 -0.000689 86.0
0.000556 -0.000689 87.0
0.000555 -0.000689 88.0
0.000555 -0.000689 89.0
0.000555 -0.000689 90.0
0.000555 -0.000689 91.0
0.000555 -0.000689 92.0
0.000555 -0.000688 93.0
0.000554 -0.000688 94.0
0.000554 -0.000688 95.0
0.000554 -0.000688 96.0
0.000554 -0.000688 97.0
0.000554 -0.000688 98.0
0.000553 -0.000688 99.0
0.000553 -0.000688 100.0
0.000553 -0.000688 101.0
0.000553 -0.000688 102.0
0.000553 -0.000688 103.0
0.000553 -0.000688 104.0
0.000552 -0.000688 105.0
0.000552 -0.000688 106.0
0.000552 -0.000688 107.0
0.000552 -0.000688 108.0
0.000552 -0.000688 109.0
0.000551 -0.000688 110.0
0.000551 -0.000688 111.0
0.000551 -0.000688 112.0
0.000551 -0.000688 113.0
0.000551 -0.000688 114.0
0.000550 -0.000688 115.0
0.000550 -0.000687 116.0
0.000550 -0.000686 117.0
0.000549 -0.000686 118.0
0.000549 -0.000685 119.0
0.000548 -0.000684 120.0
0.000548 -0.000684 121.0
0.000548 -0.000683 122.0
0.000547 -0.000682 123.0
0.000547 -0.000682 124.0
0.000547 -0.000681 125.0
0.000546 -0.000681 126.0
0.000546 -0.000680 127.0
0.000545 -0.000679 128.0
0.000545 -0.000679 129.0
0.000545 -0.000678 130.0
0.000544 -0.000677 131.0
0.000544 -0.000677 132.0
0.000543 -0.000676 133.0
0.000543 -0.000675 134.0
0.000543 -0.000675 135.0
0.000542 -0.000674 136.0
0.000542 -0.000673 137.0
0.000541 -0.000673 138.0
0.000541 -0.000672 139.0
0.000541 -0.000671 140.0
0.000540 -0.000671 141.0
0.000540 -0.000670 142.0
0.000540 -0.000669 143.0
0.000539 -0.000669 144.0
0.000539 -0.000668 145.0
0.000538 -0.000668 146.0
0.000538 -0.000667 147.0
0.000538 -0.000666 148.0
0.000537 -0.000666 149.0
0.000537 -0.000665 150.0
0.000536 -0.000664 151.0
0.000536 -0.000664 152.0
0.000536 -0.000663 153.0
0.000535 -0.000662 154.0
0.000535 -0.000662 155.0
0.000534 -0.000661 156.0
0.000534 -0.000660 157.0
0.000534 -0.000660 158.0
0.000533 -0.000659 159.0
0.000533 -0.000658 160.0
0.000533 -0.000658 161.0
0.000532 -0.000657 162.0
0.000532 -0.000656 163.0
0.000531 -0.000656 164.0
0.000531 -0.000655 165.0
0.000531 -0.000655 166.0
0.000530 -0.000654 167.0
0.000530 -0.000653 168.0
0.000529 -0.000653 169.0
0.000526 -0.000656 170.0
0.000526 -0.000656 171.0
0.000526 -0.000656 172.0
0.000525 -0.000655 173.0
0.000525 -0.000655 174.0
0.000524 -0.000655 175.0
0.000524 -0.000655 176.0
0.000524 -0.000655 177.0
0.000523 -0.000655 178.0
0.000523 -0.000655 179.0
0.000522 -0.000654 180.0
0.000522 -0.000654 181.0
0.000522 -0.000654 182.0
0.000521 -0.000654 183.0
0.000521 -0.000654 184.0
0.000520 -0.000654 185.0
0.000520 -0.000653 186.0
0.000520 -0.000653 187.0
0.000519 -0.000653 188.0
0.000519 -0.000653 189.0
0.000518 -0.000653 190.0
0.000518 -0.000653 191.0
0.000518 -0.000653 192.0
0.000517 -0.000652 193.0
0.000517 -0.000652 194.0
0.000516 -0.000652 195.0
0.000516 -0.000652 196.0
0.000516 -0.000652 197.0
0.000515 -0.000652 198.0
0.000515 -0.000652 199.0
0.000514 -0.000651 200.0
0.000514 -0.000651 201.0
0.000514 -0.000651 202.0
0.000513 -0.000651 203.0
0.000513 -0.000651 204.0
0.000513 -0.000651 205.0
0.000512 -0.000651 206.0
0.000512 -0.000650 207.0
0.000511 -0.000650 208.0
0.000511 -0.000650 209.0
0.000511 -0.000650 210.0
0.000510 -0.000650 211.0
0.000510 -0.000650 212.0
0.000509 -0.000650 213.0
0.000509 -0.000649 214.0
0.000509 -0.000649 215.0
0.000508 -0.000649 216.0
0.000508 -0.000649 217.0
0.000507 -0.000649 218.0
0.000507 -0.000649 219.0
0.000507 -0.000649 220.0
0.000506 -0.000648 221.0
0.000506 -0.000648 222.0
0.000505 -0.000648 223.0
0.000505 -0.000648 224.0
0.000505 -0.000648 225.0
0.000504 -0.000648 226.0
0.000504 -0.000648 227.0
0.000503 -0.000647 228.0
0.000503 -0.000647 229.0
0.000503 -0.000649 230.0
0.000502 -0.000649 231.0
0.000502 -0.000649 232.0
0.000501 -0.000649 233.0
0.000501 -0.000649 234.0
0.000501 -0.000649 235.0
0.000500 -0.000649 236.0
0.000500 -0.000649 237.0
0.000499 -0.000648 238.0
0.000499 -0.000648 239.0
0.000499 -0.000648 240.0
0.000498 -0.000648 241.0
0.000498 -0.000648 242.0
0.000497 -0.000648 243.0
0.000497 -0.000648 244.0
0.000497 -0.000648 245.0
0.000496 -0.000648 246.0
0.000496 -0.000648 247.0
0.000495 -0.000648 248.0
0.000495 -0.000648 249.0
0.000495 -0.000648 250.0
0.000494 -0.000648 251.0
0.000494 -0.000648 252.0
0.000493 -0.000648 253.0
0.000493 -0.000648 254.0
0.000492 -0.000648 255.0
0.000492 -0.000648 256.0
0.000492 -0.000648 257.0
0.000491 -0.000648 258.0
0.000491 -0.000647 259.0
0.000490 -0.000647 260.0
0.000490 -0.000647 261.0
0.000490 -0.000647 262.0
0.000489 -0.000647 263.0
0.000489 -0.000647 264.0
0.000488 -0.000647 265.0
0.000488 -0.000647 266.0
0.000488 -0.000647 267.0
0.000487 -0.000647 268.0
0.000487 -0.000647 269.0
0.000486 -0.000647 270.0
0.000486 -0.000647 271.0
0.000485 -0.000647 272.0
0.000485 -0.000647 273.0
0.000485 -0.000647 274.0
0.000484 -0.000647 275.0
0.000484 -0.000647 276.0
0.000483 -0.000647 277.0
0.000483 -0.000647 278.0
0.000483 -0.000646 279.0
0.000482 -0.000646 280.0
0.000482 -0.000646 281.0
0.000481 -0.000646 282.0
0.000481 -0.000646 283.0
0.000481 -0.000646 284.0
0.000480 -0.000646 285.0
0.000480 -0.000646 286.0
0.000479 -0.000646 287.0
0.000479 -0.000646 288.0
0.000478 -0.000646 289.0
0.000478 -0.000647 290.0
0.000478 -0.000647 291.0
0.000478 -0.000647 292.0
0.000477 -0.000647 293.0
0.000477 -0.000646 294.0
0.000476 -0.000646 295.0
0.000476 -0.000646 296.0
0.000475 -0.000646 297.0
0.000475 -0.000646 298.0
0.000474 -0.000646 299.0
0.000474 -0.000646 300.0
0.000474 -0.000646 301.0
0.000473 -0.000646 302.0
0.000473 -0.000646 303.0
0.000472 -0.000646 304.0
0.000472 -0.000646 305.0
0.000471 -0.000646 306.0
0.000471 -0.000646 307.0
0.000470 -0.000646 308.0
0.000470 -0.000646 309.0
0.000470 -0.000646 310.0
0.000469 -0.000646 311.0
0.000469 -0.000646 312.0
0.000468 -0.000646 313.0
0.000468 -0.000646 314.0
0.000467 -0.000646 315.0
0.000467 -0.000646 316.0
0.000466 -0.000646 317.0
0.000466 -0.000646 318.0
0.000466 -0.000646 319.0
0.000465 -0.000646 320.0
0.000465 -0.000646 321.0
0.000464 -0.000646 322.0
0.000464 -0.000646 323.0
0.000463 -0.000646 324.0
0.000463 -0.000646 325.0
0.000462 -0.000646 326.0
0.000462 -0.000646 327.0
0.000462 -0.000646 328.0
0.000461 -0.000646 329.0
0.000461 -0.000646 330.0
0.000460 -0.000646 331.0
0.000460 -0.000646 332.0
0.000459 -0.000646 333.0
0.000459 -0.000646 334.0
0.000458 -0.000646 335.0
0.000458 -0.000646 336.0
0.000458 -0.000645 337.0
0.000457 -0.000645 338.0
0.000457 -0.000645 339.0
0.000456 -0.000645 340.0
0.000456 -0.000645 341.0
0.000455 -0.000645 342.0
0.000455 -0.000645 343.0
0.000455 -0.000645 344.0
0.000454 -0.000645 345.0
0.000454 -0.000645 346.0
0.000453 -0.000645 347.0
0.000453 -0.000645 348.0
0.000452 -0.000645 349.0
0.000452 -0.000645 350.0
0.000452 -0.000646 351.0
0.000452 -0.000646 352.0
0.000452 -0.000646 353.0
0.000452 -0.000646 354.0
0.000452 -0.000646 355.0
0.000452 -0.000646 356.0
0.000452 -0.000646 357.0
0.000452 -0.000646 358.0
0.000452 -0.000646 359.0
0.000452 -0.000646 360.0
0.000452 -0.000646 361.0
0.000452 -0.000646 362.0
0.000452 -0.000646 363.0
0.000452 -0.000646 364.0
0.000452 -0.000646 365.0
0.000452 -0.000646 366.0
0.000452 -0.000646 367.0
0.000452 -0.000646 368.0
0.000452 -0.000646 369.0
0.000452 -0.000646 370.0
0.000452 -0.000646 371.0
0.000452 -0.000646 372.0
0.000452 -0.000646 373.0
0.000452 -0.000646 374.0
0.000452 -0.000646 375.0
0.000452 -0.000646 376.0
0.000452 -0.000646 377.0
0.000452 -0.000646 378.0
0.000452 -0.000646 379.0
0.000452 -0.000646 380.0
0.000452 -0.000646 381.0
0.000452 -0.000646 382.0
0.000452 -0.000646 383.0
0.000452 -0.000646 384.0
0.000452 -0.000646 385.0
0.000452 -0.000646 386.0
0.000452 -0.000646 387.0
0.000452 -0.000646 388.0
0.000452 -0.000646 389.0
0.000452 -0.000646 390.0
0.000453 -0.000646 391.0
0.000453 -0.000646 392.0
0.000453 -0.000646 393.0
0.000453 -0.000646 394.0
0.000453 -0.000646 395.0
0.000453 -0.000646 396.0
0.000453 -0.000646 397.0
0.000453 -0.000646 398.0
0.000453 -0.000646 399.0
0.000453 -0.000646 400.0
0.000453 -0.000646 401.0
0.000453 -0.000646 402.0
0.000453 -0.000646 403.0
0.000453 -0.000646 404.0
0.000453 -0.000646 405.0
0.000453 -0.000647 406.0
0.000453 -0.000647 407.0
0.000453 -0.000647 408.0
0.000453 -0.000647 409.0
0.000453 -0.000647 410.0
0.000453 -0.000647 411.0
0.000453 -0.000647 412.0
0.000453 -0.000647 413.0
0.000453 -0.000647 414.0
0.000453 -0.000647 415.0
0.000453 -0.000647 416.0
0.000453 -0.000647 417.0
0.000453 -0.000647 418.0
0.000453 -0.000647 419.0
0.000453 -0.000647 420.0
0.000453 -0.000647 421.0
0.000453 -0.000647 422.0
0.000453 -0.000647 423.0
0.000453 -0.000647 424.0
0.000453 -0.000647 425.0
0.000453 -0.000647 426.0
0.000453 -0.000647 427.0
0.000453 -0.000647 428.0
0.000453 -0.000647 429.0
0.000453 -0.000647 430.0
0.000453 -0.000647 431.0
0.000453 -0.000647 432.0
0.000453 -0.000647 433.0
0.000453 -0.000647 434.0
0.000453 -0.000647 435.0
0.000453 -0.000647 436.0
0.000453 -0.000647 437.0
0.000453 -0.000647 438.0
0.000453 -0.000647 439.0
0.000453 -0.000647 440.0
0.000453 -0.000647 441.0
0.000453 -0.000647 442.0
0.000453 -0.000647 443.0
0.000453 -0.000647 444.0
0.000453 -0.000647 445.0
0.000453 -0.000647 446.0
0.000453 -0.000647 447.0
0.000453 -0.000647 448.0
0.000453 -0.000647 449.0
0.000453 -0.000647 450.0
0.000453 -0.000647 451.0
0.000453 -0.000647 452.0
0.000453 -0.000647 453.0
0.000453 -0.000647 454.0
0.000453 -0.000647 455.0
0.000453 -0.000648 456.0
0.000453 -0.000648 457.0
0.000453 -0.000648 458.0
0.000453 -0.000648 459.0
0.000453 -0.000648 460.0
0.000453 -0.000648 461.0
0.000453 -0.000648 462.0
0.000453 -0.000649 463.0
0.000453 -0.000649 464.0
0.000453 -0.000649 465.0
0.000453 -0.000649 466.0
0.000453 -0.000649 467.0
0.000453 -0.000649 468.0
0.000453 -0.000649 469.0
0.000453 -0.000650 470.0
0.000453 -0.000650 471.0
0.000452 -0.000649 472.0
0.000452 -0.000649 473.0
0.000452 -0.000649 474.0
0.000452 -0.000649 475.0
0.000452 -0.000649 476.0
0.000452 -0.000649 477.0
0.000452 -0.000649 478.0
0.000451 -0.000649 479.0
0.000451 -0.000649 480.0
0.000451 -0.000648 481.0
0.000451 -0.000648 482.0
0.000451 -0.000648 483.0
0.000451 -0.000648 484.0
0.000451 -0.000648 485.0
0.000451 -0.000648 486.0
0.000450 -0.000648 487.0
0.000450 -0.000648 488.0
0.000450 -0.000647 489.0
0.000450 -0.000647 490.0
0.000450 -0.000647 491.0
0.000450 -0.000647 492.0
0.000450 -0.000647 493.0
0.000449 -0.000647 494.0
0.000449 -0.000647 495.0
0.000449 -0.000647 496.0
0.000449 -0.000647 497.0
0.000449 -0.000646 498.0
0.000449 -0.000646 499.0
0.000449 -0.000646 500.0
0.000448 -0.000646 501.0
0.000448 -0.000646 502.0
0.000448 -0.000646 503.0
0.000448 -0.000646 504.0
0.000448 -0.000646 505.0
0.000448 -0.000645 506.0
0.000448 -0.000645 507.0
0.000448 -0.000645 508.0
0.000447 -0.000645 509.0
0.000447 -0.000645 510.0
0.000447 -0.000645 511.0
0.000447 -0.000645 512.0
0.000447 -0.000645 513.0
0.000447 -0.000645 514.0
0.000447 -0.000644 515.0
0.000446 -0.000644 516.0
0.000446 -0.000644 517.0
0.000446 -0.000644 518.0
0.000446 -0.000644 519.0
0.000446 -0.000644 520.0
0.000446 -0.000644 521.0
0.000446 -0.000644 522.0
0.000445 -0.000643 523.0
0.000445 -0.000643 524.0
0.000445 -0.000643 525.0
0.000445 -0.000643 526.0
0.000445 -0.000643 527.0
0.000445 -0.000643 528.0
0.000445 -0.000643 529.0
0.000444 -0.000643 530.0
0.000444 -0.000643 531.0
0.000444 -0.000642 532.0
0.000444 -0.000642 533.0
0.000444 -0.000642 534.0
0.000444 -0.000642 535.0
0.000444 -0.000642 536.0
0.000444 -0.000642 537.0
0.000443 -0.000642 538.0
0.000443 -0.000642 539.0
0.000443 -0.000641 540.0
0.000443 -0.000641 541.0
0.000443 -0.000641 542.0
0.000443 -0.000641 543.0
0.000443 -0.000641 544.0
0.000442 -0.000641 545.0
0.000442 -0.000641 546.0
0.000442 -0.000641 547.0
0.000442 -0.000641 548.0
0.000442 -0.000640 549.0
0.000442 -0.000640 550.0
0.000442 -0.000640 551.0
0.000441 -0.000640 552.0
0.000441 -0.000640 553.0
0.000441 -0.000640 554.0
0.000441 -0.000640 555.0
0.000441 -0.000640 556.0
0.000440 -0.000641 557.0
0.000441 -0.000641 558.0
0.000441 -0.000641 559.0
0.000441 -0.000641 560.0
0.000442 -0.000641 561.0
0.000442 -0.000641 562.0
0.000442 -0.000641 563.0
0.000443 -0.000642 564.0
0.000443 -0.000642 565.0
0.000443 -0.000642 566.0
0.000444 -0.000642 567.0
0.000444 -0.000642 568.0
0.000444 -0.000642 569.0
0.000445 -0.000642 570.0
0.000445 -0.000642 571.0
0.000445 -0.000642 572.0
0.000446 -0.000642 573.0
0.000446 -0.000642 574.0
0.000446 -0.000642 575.0
0.000447 -0.000642 576.0
0.000447 -0.000642 577.0
0.000447 -0.000642 578.0
0.000448 -0.000642 579.0
0.000448 -0.000643 580.0
0.000449 -0.000643 581.0
0.000449 -0.000643 582.0
0.000449 -0.000643 583.0
0.000450 -0.000643 584.0
0.000450 -0.000643 585.0
0.000450 -0.000643 586.0
0.000451 -0.000643 587.0
0.000451 -0.000643 588.0
0.000451 -0.000643 589.0
0.000452 -0.000643 590.0
0.000452 -0.000643 591.0
0.000452 -0.000643 592.0
0.000453 -0.000643 593.0
0.000453 -0.000643 594.0
0.000453 -0.000643 595.0
0.000454 -0.000644 596.0
0.000454 -0.000644 597.0
0.000454 -0.000644 598.0
0.000455 -0.000644 599.0
0.000455 -0.000644 600.0
0.000455 -0.000644 601.0
0.000456 -0.000644 602.0
0.000456 -0.000643 603.0
0.000456 -0.000643 604.0
0.000457 -0.000643 605.0
0.000457 -0.000644 606.0
0.000458 -0.000644 607.0
0.000458 -0.000644 608.0
0.000459 -0.000644 609.0
0.000459 -0.000644 610.0
0.000460 -0.000644 611.0
0.000460 -0.000644 612.0
0.000460 -0.000644 613.0
0.000461 -0.000644 614.0
0.000461 -0.000644 615.0
0.000462 -0.000644 616.0
0.000462 -0.000644 617.0
0.000463 -0.000644 618.0
0.000463 -0.000644 619.0
0.000464 -0.000644 620.0
0.000464 -0.000644 621.0
0.000465 -0.000644 622.0
0.000465 -0.000645 623.0
0.000465 -0.000645 624.0
0.000466 -0.000645 625.0
0.000466 -0.000645 626.0
0.000467 -0.000645 627.0
0.000467 -0.000645 628.0
0.000468 -0.000645 629.0
0.000468 -0.000645 630.0
0.000469 -0.000645 631.0
0.000469 -0.000645 632.0
0.000470 -0.000645 633.0
0.000470 -0.000645 634.0
0.000470 -0.000645 635.0
0.000471 -0.000645 636.0
0.000471 -0.000645 637.0
0.000472 -0.000645 638.0
0.000472 -0.000645 639.0
0.000473 -0.000646 640.0
0.000473 -0.000646 641.0
0.000474 -0.000646 642.0
0.000474 -0.000646 643.0
0.000475 -0.000646 644.0
0.000475 -0.000646 645.0
0.000476 -0.000646 646.0
0.000476 -0.000646 647.0
0.000476 -0.000646 648.0
0.000477 -0.000646 649.0
0.000477 -0.000646 650.0
0.000478 -0.000646 651.0
0.000478 -0.000646 652.0
0.000479 -0.000646 653.0
0.000479 -0.000646 654.0
0.000480 -0.000646 655.0
0.000480 -0.000646 656.0
0.000481 -0.000647 657.0
0.000481 -0.000647 658.0
0.000481 -0.000647 659.0
0.000482 -0.000647 660.0
0.000482 -0.000647 661.0
0.000483 -0.000647 662.0
0.000483 -0.000647 663.0
0.000484 -0.000647 664.0
0.000484 -0.000647 665.0
0.000485 -0.000647 666.0
0.000485 -0.000647 667.0
0.000486 -0.000647 668.0
0.000486 -0.000647 669.0
0.000487 -0.000647 670.0
0.000487 -0.000646 671.0
0.000488 -0.000647 672.0
0.000489 -0.000647 673.0
0.000490 -0.000647 674.0
0.000491 -0.000647 675.0
0.000492 -0.000647 676.0
0.000493 -0.000647 677.0
0.000494 -0.000647 678.0
0.000495 -0.000647 679.0
0.000496 -0.000648 680.0
0.000497 -0.000648 681.0
0.000498 -0.000648 682.0
0.000499 -0.000648 683.0
0.000500 -0.000648 684.0
0.000501 -0.000648 685.0
0.000502 -0.000648 686.0
0.000503 -0.000648 687.0
0.000504 -0.000649 688.0
0.000505 -0.000649 689.0
0.000506 -0.000649 690.0
0.000507 -0.000649 691.0
0.000508 -0.000649 692.0
0.000509 -0.000649 693.0
0.000510 -0.000649 694.0
0.000511 -0.000649 695.0
0.000512 -0.000649 696.0
0.000513 -0.000650 697.0
0.000514 -0.000650 698.0
0.000515 -0.000650 699.0
0.000516 -0.000650 700.0
0.000517 -0.000650 701.0
0.000518 -0.000650 702.0
0.000519 -0.000650 703.0
0.000520 -0.000650 704.0
0.000521 -0.000651 705.0
0.000522 -0.000651 706.0
0.000523 -0.000651 707.0
0.000524 -0.000651 708.0
0.000525 -0.000651 709.0
0.000526 -0.000651 710.0
0.000527 -0.000651 711.0
0.000528 -0.000651 712.0
0.000529 -0.000651 713.0
0.000530 -0.000652 714.0
0.000531 -0.000652 715.0
0.000532 -0.000652 716.0
0.000533 -0.000652 717.0
0.000534 -0.000652 718.0
0.000535 -0.000652 719.0
0.000536 -0.000652 720.0
0.000536 -0.000651 721.0
0.000537 -0.000651 722.0
0.000537 -0.000651 723.0
0.000538 -0.000651 724.0
0.000538 -0.000651 725.0
0.000539 -0.000651 726.0
0.000540 -0.000652 727.0
0.000540 -0.000652 728.0
0.000541 -0.000652 729.0
0.000541 -0.000652 730.0
0.000542 -0.000652 731.0
0.000542 -0.000652 732.0
0.000543 -0.000652 733.0
0.000544 -0.000652 734.0
0.000544 -0.000652 735.0
0.000545 -0.000652 736.0
0.000545 -0.000652 737.0
0.000546 -0.000652 738.0
0.000546 -0.000652 739.0
0.000547 -0.000653 740.0
0.000547 -0.000653 741.0
0.000548 -0.000653 742.0
0.000549 -0.000653 743.0
0.000549 -0.000653 744.0
0.000550 -0.000653 745.0
0.000550 -0.000653 746.0
0.000551 -0.000653 747.0
0.000551 -0.000653 748.0
0.000552 -0.000653 749.0
0.000553 -0.000653 750.0
0.000553 -0.000653 751.0
0.000554 -0.000653 752.0
0.000554 -0.000654 753.0
0.000555 -0.000654 754.0
0.000555 -0.000654 755.0
0.000556 -0.000654 756.0
0.000557 -0.000654 757.0
0.000557 -0.000654 758.0
0.000558 -0.000654 759.0
0.000558 -0.000654 760.0
0.000559 -0.000654 761.0
0.000559 -0.000654 762.0
0.000560 -0.000654 763.0
0.000561 -0.000654 764.0
0.000561 -0.000654 765.0
0.000562 -0.000655 766.0
0.000562 -0.000655 767.0
0.000563 -0.000655 768.0
0.000563 -0.000655 769.0
0.000564 -0.000655 770.0
0.000565 -0.000655 771.0
0.000565 -0.000655 772.0
0.000566 -0.000655 773.0
0.000566 -0.000655 774.0
0.000567 -0.000655 775.0
0.000567 -0.000655 776.0
0.000568 -0.000655 777.0
0.000569 -0.000655 778.0
0.000569 -0.000655 779.0
0.000570 -0.000656 780.0
0.000570 -0.000656 781.0
0.000571 -0.000656 782.0
0.000571 -0.000656 783.0
0.000572 -0.000656 784.0
0.000573 -0.000656 785.0
0.000573 -0.000655 786.0
0.000573 -0.000655 787.0
0.000573 -0.000656 788.0
0.000574 -0.000656 789.0
0.000574 -0.000656 790.0
0.000575 -0.000656 791.0
0.000575 -0.000657 792.0
0.000575 -0.000657 793.0
0.000576 -0.000657 794.0
0.000576 -0.000658 795.0
0.000577 -0.000658 796.0
0.000577 -0.000658 797.0
0.000577 -0.000659 798.0
0.000578 -0.000659 799.0
0.000578 -0.000659 800.0
0.000578 -0.000659 801.0
0.000579 -0.000660 802.0
0.000579 -0.000660 803.0
0.000580 -0.000660 804.0
0.000580 -0.000661 805.0
0.000580 -0.000661 806.0
0.000581 -0.000661 807.0
0.000581 -0.000662 808.0
0.000582 -0.000662 809.0
0.000582 -0.000662 810.0
0.000582 -0.000662 811.0
0.000583 -0.000663 812.0
0.000583 -0.000663 813.0
0.000583 -0.000663 814.0
0.000584 -0.000664 815.0
0.000584 -0.000664 816.0
0.000585 -0.000664 817.0
0.000585 -0.000665 818.0
0.000585 -0.000665 819.0
0.000586 -0.000665 820.0
0.000586 -0.000666 821.0
0.000587 -0.000666 822.0
0.000587 -0.000666 823.0
0.000587 -0.000666 824.0
0.000588 -0.000667 825.0
0.000588 -0.000667 826.0
0.000589 -0.000667 827.0
0.000589 -0.000668 828.0
0.000589 -0.000668 829.0
0.000590 -0.000668 830.0
0.000590 -0.000669 831.0
0.000590 -0.000669 832.0
0.000591 -0.000669 833.0
0.000591 -0.000669 834.0
0.000592 -0.000670 835.0
0.000592 -0.000670 836.0
0.000592 -0.000670 837.0
0.000593 -0.000671 838.0
0.000593 -0.000671 839.0
0.000594 -0.000671 840.0
0.000594 -0.000672 841.0
0.000594 -0.000672 842.0
0.000596 -0.000669 843.0
0.000595 -0.000670 844.0
0.000595 -0.000670 845.0
0.000595 -0.000670 846.0
0.000595 -0.000671 847.0
0.000595 -0.000671 848.0
0.000595 -0.000672 849.0
0.000595 -0.000672 850.0
0.000595 -0.000672 851.0
0.000595 -0.000673 852.0
0.000595 -0.000673 853.0
0.000595 -0.000674 854.0
0.000595 -0.000674 855.0
0.000595 -0.000674 856.0
0.000595 -0.000675 857.0
0.000595 -0.000675 858.0
0.000595 -0.000676 859.0
0.000595 -0.000676 860.0
0.000595 -0.000676 861.0
0.000595 -0.000677 862.0
0.000595 -0.000677 863.0
0.000595 -0.000678 864.0
0.000595 -0.000678 865.0
0.000595 -0.000678 866.0
0.000594 -0.000679 867.0
0.000594 -0.000679 868.0
0.000594 -0.000680 869.0
0.000594 -0.000680 870.0
0.000594 -0.000681 871.0
0.000594 -0.000681 872.0
0.000594 -0.000681 873.0
0.000594 -0.000682 874.0
0.000594 -0.000682 875.0
0.000594 -0.000683 876.0
0.000594 -0.000683 877.0
0.000594 -0.000683 878.0
0.000594 -0.000684 879.0
0.000594 -0.000684 880.0
0.000594 -0.000685 881.0
0.000594 -0.000685 882.0
0.000594 -0.000685 883.0
0.000594 -0.000686 884.0
0.000594 -0.000686 885.0
0.000594 -0.000687 886.0
0.000594 -0.000687 887.0
0.000594 -0.000687 888.0
0.000593 -0.000688 889.0
0.000593 -0.000688 890.0
0.000593 -0.000689 891.0
0.000593 -0.000689 892.0
0.000593 -0.000689 893.0
0.000593 -0.000690 894.0
0.000593 -0.000690 895.0
0.000593 -0.000691 896.0
0.000593 -0.000691 897.0
0.000593 -0.000691 898.0
0.000593 -0.000692 899.0
0.000593 -0.000692 900.0
0.000592 -0.000692 901.0
0.000592 -0.000692 902.0
0.000592 -0.000693 903.0
0.000592 -0.000693 904.0
0.000592 -0.000693 905.0
0.000592 -0.000693 906.0
0.000592 -0.000693 907.0
0.000592 -0.000693 908.0
0.000592 -0.000694 909.0
0.000592 -0.000694 910.0
0.000592 -0.000694 911.0
0.000592 -0.000694 912.0
0.000592 -0.000694 913.0
0.000592 -0.000694 914.0
0.000592 -0.000695 915.0
0.000592 -0.000695 916.0
0.000592 -0.000695 917.0
0.000592 -0.000695 918.0
0.000592 -0.000695 919.0
0.000592 -0.000696 920.0
0.000592 -0.000696 921.0
0.000592 -0.000696 922.0
0.000592 -0.000696 923.0
0.000592 -0.000696 924.0
0.000592 -0.000696 925.0
0.000592 -0.000697 926.0
0.000592 -0.000697 927.0
0.000592 -0.000697 928.0
0.000592 -0.000697 929.0
0.000592 -0.000697 930.0
0.000592 -0.000697 931.0
0.000591 -0.000697 932.0
0.000591 -0.000697 933.0
0.000590 -0.000697 934.0
0.000590 -0.000697 935.0
0.000590 -0.000697 936.0
0.000589 -0.000696 937.0
0.000589 -0.000696 938.0
0.000589 -0.000696 939.0
0.000588 -0.000696 940.0
0.000588 -0.000696 941.0
0.000587 -0.000696 942.0
0.000587 -0.000696 943.0
0.000587 -0.000696 944.0
0.000586 -0.000695 945.0
0.000586 -0.000695 946.0
0.000586 -0.000695 947.0
0.000585 -0.000695 948.0
0.000585 -0.000695 949.0
0.000585 -0.000695 950.0
0.000584 -0.000695 951.0
0.000584 -0.000695 952.0
0.000583 -0.000694 953.0
0.000583 -0.000694 954.0
0.000583 -0.000694 955.0
0.000582 -0.000694 956.0
0.000582 -0.000694 957.0
0.000582 -0.000694 958.0
0.000581 -0.000694 959.0
0.000581 -0.000694 960.0
0.000581 -0.000693 961.0
0.000580 -0.000693 962.0
0.000580 -0.000693 963.0
0.000579 -0.000693 964.0
0.000579 -0.000693 965.0
0.000579 -0.000693 966.0
0.000578 -0.000693 967.0
0.000578 -0.000693 968.0
0.000578 -0.000692 969.0
0.000577 -0.000692 970.0
0.000577 -0.000692 971.0
0.000576 -0.000692 972.0
0.000576 -0.000692 973.0
0.000576 -0.000692 974.0
0.000575 -0.000692 975.0
0.000575 -0.000692 976.0
0.000575 -0.000691 977.0
0.000574 -0.000691 978.0
0.000574 -0.000691 979.0
0.000574 -0.000691 980.0
0.000573 -0.000691 981.0
0.000573 -0.000691 982.0
0.000572 -0.000691 983.0
0.000572 -0.000691 984.0
0.000572 -0.000690 985.0
0.000571 -0.000690 986.0
0.000571 -0.000690 987.0
0.000571 -0.000690 988.0
0.000570 -0.000690 989.0
0.000570 -0.000690 990.0
0.000570 -0.000690 991.0
0.000569 -0.000690 992.0
0.000569 -0.000689 993.0
0.000568 -0.000689 994.0
0.000568 -0.000689 995.0
0.000568 -0.000689 996.0
0.000567 -0.000689 997.0
0.000567 -0.000689 998.0
0.000567 -0.000689 999.0
0.000566 -0.000689 1000.0
0.000566 -0.000688 1001.0
0.000565 -0.000688 1002.0
0.000565 -0.000688 1003.0
0.000565 -0.000688 1004.0
0.000564 -0.000688 1005.0
0.000564 -0.000690 1006.0
0.000564 -0.000690 1007.0
0.000563 -0.000690 1008.0
0.000562 -0.000690 1009.0
0.000562 -0.000689 1010.0
0.000561 -0.000689 1011.0
0.000561 -0.000689 1012.0
0.000560 -0.000689 1013.0
0.000560 -0.000689 1014.0
0.000559 -0.000689 1015.0
0.000559 -0.000689 1016.0
0.000558 -0.000689 1017.0
0.000558 -0.000689 1018.0
0.000557 -0.000689 1019.0
0.000557 -0.000689 1020.0
0.000556 -0.000689 1021.0
0.000556 -0.000689 1022.0
0.000555 -0.000688 1023.0
0.000555 -0.000688 1024.0
0.000554 -0.000688 1025.0
0.000554 -0.000688 1026.0
0.000553 -0.000688 1027.0
0.000553 -0.000688 1028.0
0.000552 -0.000688 1029.0
0.000552 -0.000688 1030.0
0.000551 -0.000688 1031.0
0.000551 -0.000688 1032.0
0.000550 -0.000688 1033.0
0.000550 -0.000688 1034.0
0.000549 -0.000687 1035.0
0.000549 -0.000687 1036.0
0.000548 -0.000687 1037.0
0.000548 -0.000687 1038.0
0.000547 -0.000687 1039.0
0.000547 -0.000687 1040.0
0.000546 -0.000687 1041.0
0.000546 -0.000687 1042.0
0.000545 -0.000687 1043.0
0.000545 -0.000687 1044.0
0.000544 -0.000687 1045.0
0.000543 -0.000687 1046.0
0.000543 -0.000687 1047.0
0.000542 -0.000686 1048.0
0.000542 -0.000686 1049.0
0.000541 -0.000686 1050.0
0.000541 -0.000686 1051.0
0.000540 -0.000686 1052.0
0.000540 -0.000686 1053.0
0.000539 -0.000686 1054.0
0.000539 -0.000686 1055.0
0.000538 -0.000686 1056.0
0.000538 -0.000687 1057.0
0.000538 -0.000686 1058.0
0.000538 -0.000686 1059.0
0.000538 -0.000686 1060.0
0.000538 -0.000686 1061.0
0.000537 -0.000685 1062.0
0.000537 -0.000685 1063.0
0.000537 -0.000685 1064.0
0.000537 -0.000685 1065.0
0.000537 -0.000684 1066.0
0.000537 -0.000684 1067.0
0.000536 -0.000684 1068.0
0.000536 -0.000684 1069.0
0.000536 -0.000683 1070.0
0.000536 -0.000683 1071.0
0.000536 -0.000683 1072.0
0.000536 -0.000683 1073.0
0.000535 -0.000682 1074.0
0.000535 -0.000682 1075.0
0.000535 -0.000682 1076.0
0.000535 -0.000682 1077.0
0.000535 -0.000681 1078.0
0.000535 -0.000681 1079.0
0.000534 -0.000681 1080.0
0.000534 -0.000681 1081.0
0.000534 -0.000680 1082.0
0.000534 -0.000680 1083.0
0.000534 -0.000680 1084.0
0.000534 -0.000680 1085.0
0.000533 -0.000679 1086.0
0.000533 -0.000679 1087.0
0.000533 -0.000679 1088.0
0.000533 -0.000678 1089.0
0.000533 -0.000678 1090.0
0.000533 -0.000678 1091.0
0.000532 -0.000678 1092.0
0.000532 -0.000677 1093.0
0.000532 -0.000677 1094.0
0.000532 -0.000677 1095.0
0.000532 -0.000677 1096.0
0.000532 -0.000676 1097.0
0.000531 -0.000676 1098.0
0.000531 -0.000676 1099.0
0.000531 -0.000676 1100.0
0.000531 -0.000675 1101.0
0.000531 -0.000675 1102.0
0.000531 -0.000675 1103.0
0.000530 -0.000675 1104.0
0.000530 -0.000674 1105.0
0.000530 -0.000674 1106.0
0.000530 -0.000674 1107.0
0.000530 -0.000674 1108.0
0.000530 -0.000673 1109.0
0.000529 -0.000673 1110.0
0.000529 -0.000673 1111.0
0.000529 -0.000673 1112.0
0.000529 -0.000672 1113.0
0.000529 -0.000672 1114.0
0.000529 -0.000672 1115.0
0.000528 -0.000672 1116.0
0.000528 -0.000671 1117.0
0.000528 -0.000671 1118.0
0.000528 -0.000671 1119.0
0.000528 -0.000671 1120.0
0.000528 -0.000670 1121.0
0.000527 -0.000670 1122.0
0.000527 -0.000670 1123.0
0.000527 -0.000670 1124.0
0.000527 -0.000669 1125.0
0.000527 -0.000669 1126.0
0.000525 -0.000671 1127.0
0.000525 -0.000670 1128.0
0.000525 -0.000669 1129.0
0.000525 -0.000669 1130.0
0.000525 -0.000668 1131.0
0.000526 -0.000667 1132.0
0.000526 -0.000667 1133.0
0.000526 -0.000666 1134.0
0.000526 -0.000665 1135.0
0.000526 -0.000665 1136.0
0.000526 -0.000664 1137.0
0.000526 -0.000663 1138.0
0.000526 -0.000662 1139.0
0.000526 -0.000662 1140.0
0.000526 -0.000661 1141.0
0.000526 -0.000660 1142.0
0.000526 -0.000660 1143.0
0.000526 -0.000659 1144.0
0.000526 -0.000658 1145.0
0.000526 -0.000658 1146.0
0.000526 -0.000657 1147.0
0.000526 -0.000656 1148.0
0.000526 -0.000655 1149.0
0.000526 -0.000655 1150.0
0.000526 -0.000654 1151.0
0.000526 -0.000653 1152.0
0.000526 -0.000653 1153.0
0.000526 -0.000652 1154.0
0.000526 -0.000651 1155.0
0.000526 -0.000651 1156.0
0.000527 -0.000650 1157.0
0.000527 -0.000649 1158.0
0.000527 -0.000648 1159.0
0.000527 -0.000648 1160.0
0.000527 -0.000647 1161.0
0.000527 -0.000646 1162.0
0.000527 -0.000646 1163.0
0.000527 -0.000645 1164.0
0.000527 -0.000644 1165.0
0.000527 -0.000643 1166.0
0.000527 -0.000643 1167.0
0.000527 -0.000642 1168.0
0.000527 -0.000641 1169.0
0.000527 -0.000641 1170.0
0.000527 -0.000640 1171.0
0.000527 -0.000639 1172.0
0.000528 -0.000639 1173.0
0.000527 -0.000639 1174.0
0.000527 -0.000638 1175.0
0.000527 -0.000638 1176.0
0.000527 -0.000637 1177.0
0.000527 -0.000637 1178.0
0.000527 -0.000636 1179.0
0.000527 -0.000636 1180.0
0.000527 -0.000635 1181.0
0.000527 -0.000635 1182.0
0.000527 -0.000634 1183.0
0.000527 -0.000634 1184.0
0.000526 -0.000633 1185.0
0.000526 -0.000633 1186.0
0.000526 -0.000632 1187.0
0.000526 -0.000631 1188.0
0.000526 -0.000631 1189.0
0.000526 -0.000630 1190.0
0.000526 -0.000630 1191.0
0.000526 -0.000629 1192.0
0.000526 -0.000629 1193.0
0.000526 -0.000628 1194.0
0.000526 -0.000628 1195.0
0.000526 -0.000627 1196.0
0.000525 -0.000627 1197.0
0.000525 -0.000626 1198.0
0.000525 -0.000626 1199.0
0.000525 -0.000625 1200.0
0.000525 -0.000625 1201.0
0.000525 -0.000624 1202.0
0.000525 -0.000624 1203.0
0.000525 -0.000623 1204.0
0.000525 -0.000623 1205.0
0.000525 -0.000622 1206.0
0.000525 -0.000622 1207.0
0.000524 -0.000621 1208.0
0.000524 -0.000620 1209.0
0.000524 -0.000620 1210.0
0.000524 -0.000619 1211.0
0.000524 -0.000619 1212.0
0.000524 -0.000618 1213.0
0.000524 -0.000618 1214.0
0.000524 -0.000617 1215.0
0.000524 -0.000617 1216.0
0.000524 -0.000616 1217.0
0.000524 -0.000616 1218.0
0.000523 -0.000615 1219.0
0.000523 -0.000615 1220.0
0.000523 -0.000614 1221.0
0.000523 -0.000614 1222.0
0.000523 -0.000613 1223.0
0.000523 -0.000613 1224.0
0.000523 -0.000612 1225.0
0.000523 -0.000612 1226.0
0.000523 -0.000611 1227.0
0.000523 -0.000611 1228.0
0.000523 -0.000610 1229.0
0.000523 -0.000609 1230.0
0.000522 -0.000609 1231.0
0.000522 -0.000608 1232.0
0.000522 -0.000608 1233.0
0.000521 -0.000608 1234.0
0.000521 -0.000608 1235.0
0.000521 -0.000607 1236.0
0.000521 -0.000607 1237.0
0.000521 -0.000606 1238.0
0.000521 -0.000605 1239.0
0.000521 -0.000605 1240.0
0.000521 -0.000604 1241.0
0.000521 -0.000604 1242.0
0.000521 -0.000603 1243.0
0.000521 -0.000602 1244.0
0.000521 -0.000602 1245.0
0.000521 -0.000601 1246.0
0.000521 -0.000601 1247.0
0.000521 -0.000600 1248.0
0.000521 -0.000599 1249.0
0.000521 -0.000599 1250.0
0.000520 -0.000598 1251.0
0.000520 -0.000598 1252.0
0.000520 -0.000597 1253.0
0.000520 -0.000596 1254.0
0.000520 -0.000596 1255.0
0.000520 -0.000595 1256.0
0.000520 -0.000595 1257.0
0.000520 -0.000594 1258.0
0.000520 -0.000593 1259.0
0.000520 -0.000593 1260.0
0.000520 -0.000592 1261.0
0.000520 -0.000592 1262.0
0.000520 -0.000591 1263.0
0.000520 -0.000590 1264.0
0.000520 -0.000590 1265.0
0.000520 -0.000589 1266.0
0.000520 -0.000589 1267.0
0.000520 -0.000588 1268.0
0.000520 -0.000587 1269.0
0.000520 -0.000587 1270.0
0.000520 -0.000586 1271.0
0.000520 -0.000586 1272.0
0.000520 -0.000585 1273.0
0.000520 -0.000584 1274.0
0.000520 -0.000584 1275.0
0.000520 -0.000583 1276.0
0.000520 -0.000583 1277.0
0.000520 -0.000582 1278.0
0.000520 -0.000581 1279.0
0.000520 -0.000581 1280.0
0.000520 -0.000580 1281.0
0.000520 -0.000580 1282.0
0.000520 -0.000579 1283.0
0.000520 -0.000578 1284.0
0.000520 -0.000578 1285.0
0.000520 -0.000577 1286.0
0.000519 -0.000577 1287.0
0.000519 -0.000576 1288.0
0.000519 -0.000575 1289.0
0.000519 -0.000575 1290.0
0.000519 -0.000574 1291.0
0.000519 -0.000574 1292.0
0.000519 -0.000573 1293.0
0.000519 -0.000572 1294.0
0.000519 -0.000572 1295.0
0.000519 -0.000572 1296.0
0.000519 -0.000572 1297.0
0.000518 -0.000572 1298.0
0.000518 -0.000572 1299.0
0.000518 -0.000572 1300.0
0.000518 -0.000572 1301.0
0.000518 -0.000572 1302.0
0.000518 -0.000572 1303.0
0.000518 -0.000572 1304.0
0.000518 -0.000572 1305.0
0.000518 -0.000572 1306.0
0.000517 -0.000572 1307.0
0.000517 -0.000572 1308.0
0.000517 -0.000572 1309.0
0.000517 -0.000572 1310.0
0.000517 -0.000572 1311.0
0.000517 -0.000572 1312.0
0.000517 -0.000572 1313.0
0.000517 -0.000572 1314.0
0.000516 -0.000572 1315.0
0.000516 -0.000572 1316.0
0.000516 -0.000572 1317.0
0.000516 -0.000572 1318.0
0.000516 -0.000572 1319.0
0.000516 -0.000572 1320.0
0.000516 -0.000572 1321.0
0.000516 -0.000572 1322.0
0.000515 -0.000572 1323.0
0.000515 -0.000572 1324.0
0.000515 -0.000572 1325.0
0.000515 -0.000572 1326.0
0.000515 -0.000572 1327.0
0.000515 -0.000572 1328.0
0.000515 -0.000572 1329.0
0.000515 -0.000572 1330.0
0.000514 -0.000572 1331.0
0.000514 -0.000572 1332.0
0.000514 -0.000572 1333.0
0.000514 -0.000572 1334.0
0.000514 -0.000572 1335.0
0.000514 -0.000572 1336.0
0.000514 -0.000572 1337.0
0.000514 -0.000572 1338.0
0.000513 -0.000572 1339.0
0.000513 -0.000572 1340.0
0.000513 -0.000572 1341.0
0.000513 -0.000572 1342.0
0.000513 -0.000572 1343.0
0.000513 -0.000572 1344.0
0.000513 -0.000572 1345.0
0.000513 -0.000572 1346.0
0.000512 -0.000572 1347.0
0.000512 -0.000572 1348.0
0.000512 -0.000572 1349.0
0.000512 -0.000572 1350.0
0.000512 -0.000572 1351.0
0.000512 -0.000572 1352.0
0.000512 -0.000572 1353.0
0.000512 -0.000572 1354.0
0.000511 -0.000572 1355.0
0.000511 -0.000572 1356.0
0.000511 -0.000572 1357.0
0.000511 -0.000572 1358.0
0.000511 -0.000572 1359.0
0.000511 -0.000572 1360.0
0.000511 -0.000572 1361.0
0.000511 -0.000572 1362.0
0.000510 -0.000572 1363.0
0.000510 -0.000572 1364.0
0.000510 -0.000572 1365.0
0.000510 -0.000572 1366.0
0.000510 -0.000571 1367.0
0.000509 -0.000571 1368.0
0.000509 -0.000570 1369.0
0.000509 -0.000570 1370.0
0.000508 -0.000569 1371.0
0.000508 -0.000569 1372.0
0.000508 -0.000568 1373.0
0.000508 -0.000568 1374.0
0.000507 -0.000568 1375.0
0.000507 -0.000567 1376.0
0.000507 -0.000567 1377.0
0.000506 -0.000566 1378.0
0.000506 -0.000566 1379.0
0.000506 -0.000565 1380.0
0.000505 -0.000565 1381.0
0.000505 -0.000564 1382.0
0.000505 -0.000564 1383.0
0.000504 -0.000563 1384.0
0.000504 -0.000563 1385.0
0.000504 -0.000562 1386.0
0.000504 -0.000562 1387.0
0.000503 -0.000561 1388.0
0.000503 -0.000561 1389.0
0.000503 -0.000560 1390.0
0.000502 -0.000560 1391.0
0.000502 -0.000560 1392.0
0.000502 -0.000559 1393.0
0.000501 -0.000559 1394.0
0.000501 -0.000558 1395.0
0.000501 -0.000558 1396.0
0.000501 -0.000557 1397.0
0.000500 -0.000557 1398.0
0.000500 -0.000556 1399.0
0.000500 -0.000556 1400.0
0.000499 -0.000555 1401.0
0.000499 -0.000555 1402.0
0.000499 -0.000554 1403.0
0.000498 -0.000554 1404.0
0.000498 -0.000553 1405.0
0.000498 -0.000553 1406.0
0.000497 -0.000553 1407.0
0.000497 -0.000552 1408.0
0.000497 -0.000552 1409.0
0.000497 -0.000551 1410.0
0.000496 -0.000551 1411.0
0.000496 -0.000550 1412.0
0.000496 -0.000550 1413.0
0.000495 -0.000549 1414.0
0.000495 -0.000549 1415.0
0.000493 -0.000551 1416.0
0.000493 -0.000551 1417.0
0.000493 -0.000550 1418.0
0.000493 -0.000550 1419.0
0.000493 -0.000550 1420.0
0.000493 -0.000549 1421.0
0.000493 -0.000549 1422.0
0.000493 -0.000549 1423.0
0.000493 -0.000548 1424.0
0.000493 -0.000548 1425.0
0.000493 -0.000548 1426.0
0.000493 -0.000548 1427.0
0.000493 -0.000547 1428.0
0.000493 -0.000547 1429.0
0.000493 -0.000547 1430.0
0.000493 -0.000546 1431.0
0.000493 -0.000546 1432.0
0.000493 -0.000546 1433.0
0.000493 -0.000545 1434.0
0.000493 -0.000545 1435.0
0.000493 -0.000545 1436.0
0.000493 -0.000544 1437.0
0.000494 -0.000544 1438.0
0.000494 -0.000544 1439.0
0.000494 -0.000543 1440.0
0.000494 -0.000543 1441.0
0.000494 -0.000543 1442.0
0.000494 -0.000543 1443.0
0.000494 -0.000543 1444.0
0.000494 -0.000543 1445.0
0.000494 -0.000543 1446.0
0.000494 -0.000543 1447.0
0.000494 -0.000543 1448.0
0.000494 -0.000543 1449.0
0.000494 -0.000543 1450.0
0.000494 -0.000543 1451.0
0.000494 -0.000543 1452.0
0.000494 -0.000543 1453.0
0.000494 -0.000543 1454.0
0.000494 -0.000543 1455.0
0.000494 -0.000543 1456.0
0.000494 -0.000543 1457.0
0.000494 -0.000543 1458.0
0.000494 -0.000543 1459.0
0.000494 -0.000543 1460.0
0.000494 -0.000543 1461.0
0.000494 -0.000543 1462.0
0.000494 -0.000544 1463.0
0.000494 -0.000544 1464.0
0.000494 -0.000544 1465.0
0.000494 -0.000544 1466.0
0.000494 -0.000544 1467.0
0.000494 -0.000544 1468.0
0.000494 -0.000544 1469.0
0.000494 -0.000544 1470.0
0.000494 -0.000544 1471.0
0.000494 -0.000544 1472.0
0.000494 -0.000544 1473.0
0.000494 -0.000544 1474.0
0.000494 -0.000544 1475.0
0.000494 -0.000544 1476.0
0.000494 -0.000544 1477.0
0.000494 -0.000544 1478.0
0.000494 -0.000544 1479.0
0.000494 -0.000544 1480.0
0.000494 -0.000544 1481.0
0.000494 -0.000544 1482.0
0.000494 -0.000544 1483.0
0.000494 -0.000544 1484.0
0.000494 -0.000544 1485.0
0.000494 -0.000544 1486.0
0.000494 -0.000545 1487.0
0.000494 -0.000545 1488.0
0.000494 -0.000545 1489.0
0.000494 -0.000545 1490.0
0.000494 -0.000545 1491.0
0.000494 -0.000545 1492.0
0.000494 -0.000545 1493.0
0.000494 -0.000545 1494.0
0.000494 -0.000545 1495.0
0.000494 -0.000545 1496.0
0.000494 -0.000545 1497.0
0.000494 -0.000545 1498.0
0.000494 -0.000545 1499.0
0.000494 -0.000545 1500.0
0.000494 -0.000545 1501.0
0.000494 -0.000545 1502.0
0.000494 -0.000545 1503.0
0.000494 -0.000545 1504.0
0.000494 -0.000546 1505.0
0.000494 -0.000546 1506.0
0.000494 -0.000546 1507.0
0.000493 -0.000547 1508.0
0.000493 -0.000547 1509.0
0.000493 -0.000547 1510.0
0.000493 -0.000547 1511.0
0.000493 -0.000548 1512.0
0.000493 -0.000548 1513.0
0.000493 -0.000548 1514.0
0.000493 -0.000549 1515.0
0.000493 -0.000549 1516.0
0.000493 -0.000549 1517.0
0.000493 -0.000550 1518.0
0.000493 -0.000550 1519.0
0.000493 -0.000550 1520.0
0.000493 -0.000550 1521.0
0.000493 -0.000551 1522.0
0.000493 -0.000551 1523.0
0.000493 -0.000551 1524.0
0.000493 -0.000552 1525.0
0.000493 -0.000552 1526.0
0.000493 -0.000552 1527.0
0.000493 -0.000552 1528.0
0.000493 -0.000553 1529.0
0.000493 -0.000553 1530.0
0.000493 -0.000553 1531.0
0.000493 -0.000554 1532.0
0.000493 -0.000554 1533.0
0.000493 -0.000554 1534.0
0.000493 -0.000554 1535.0
0.000493 -0.000555 1536.0
0.000493 -0.000555 1537.0
0.000493 -0.000555 1538.0
0.000493 -0.000556 1539.0
0.000493 -0.000556 1540.0
0.000493 -0.000556 1541.0
0.000493 -0.000557 1542.0
0.000493 -0.000557 1543.0
0.000493 -0.000557 1544.0
0.000493 -0.000557 1545.0
0.000493 -0.000558 1546.0
0.000493 -0.000558 1547.0
0.000493 -0.000558 1548.0
0.000493 -0.000559 1549.0
0.000493 -0.000559 1550.0
0.000493 -0.000559 1551.0
0.000493 -0.000559 1552.0
0.000493 -0.000560 1553.0
0.000493 -0.000560 1554.0
0.000493 -0.000560 1555.0
0.000493 -0.000561 1556.0
0.000493 -0.000561 1557.0
0.000493 -0.000561 1558.0
0.000493 -0.000561 1559.0
0.000494 -0.000561 1560.0
0.000494 -0.000561 1561.0
0.000495 -0.000561 1562.0
0.000496 -0.000561 1563.0
0.000496 -0.000562 1564.0
0.000497 -0.000562 1565.0
0.000497 -0.000562 1566.0
0.000498 -0.000562 1567.0
0.000499 -0.000562 1568.0
0.000499 -0.000562 1569.0
0.000500 -0.000562 1570.0
0.000500 -0.000562 1571.0
0.000501 -0.000562 1572.0
0.000502 -0.000562 1573.0
0.000502 -0.000563 1574.0
0.000503 -0.000563 1575.0
0.000503 -0.000563 1576.0
0.000504 -0.000563 1577.0
0.000505 -0.000563 1578.0
0.000505 -0.000563 1579.0
0.000506 -0.000563 1580.0
0.000506 -0.000563 1581.0
0.000507 -0.000563 1582.0
0.000508 -0.000564 1583.0
0.000508 -0.000564 1584.0
0.000509 -0.000564 1585.0
0.000509 -0.000564 1586.0
0.000510 -0.000564 1587.0
0.000511 -0.000564 1588.0
0.000511 -0.000564 1589.0
0.000512 -0.000564 1590.0
0.000512 -0.000564 1591.0
0.000513 -0.000565 1592.0
0.000514 -0.000565 1593.0
0.000514 -0.000565 1594.0
0.000515 -0.000565 1595.0
0.000516 -0.000565 1596.0
0.000516 -0.000565 1597.0
0.000517 -0.000565 1598.0
0.000517 -0.000565 1599.0
0.000518 -0.000565 1600.0
0.000519 -0.000565 1601.0
0.000519 -0.000565 1602.0
0.000520 -0.000565 1603.0
0.000521 -0.000566 1604.0
0.000521 -0.000566 1605.0
0.000521 -0.000566 1606.0
0.000521 -0.000566 1607.0
0.000521 -0.000566 1608.0
0.000521 -0.000566 1609.0
0.000521 -0.000566 1610.0
0.000521 -0.000566 1611.0
0.000521 -0.000566 1612.0
0.000521 -0.000567 1613.0
0.000521 -0.000567 1614.0
0.000521 -0.000567 1615.0
0.000521 -0.000567 1616.0
0.000521 -0.000567 1617.0
0.000521 -0.000567 1618.0
0.000521 -0.000567 1619.0
0.000521 -0.000567 1620.0
0.000520 -0.000567 1621.0
0.000520 -0.000567 1622.0
0.000520 -0.000567 1623.0
0.000520 -0.000567 1624.0
0.000520 -0.000568 1625.0
0.000520 -0.000568 1626.0
0.000520 -0.000568 1627.0
0.000520 -0.000568 1628.0
0.000520 -0.000568 1629.0
0.000520 -0.000568 1630.0
0.000520 -0.000568 1631.0
0.000520 -0.000568 1632.0
0.000520 -0.000568 1633.0
0.000520 -0.000568 1634.0
0.000520 -0.000568 1635.0
0.000520 -0.000568 1636.0
0.000519 -0.000568 1637.0
0.000519 -0.000569 1638.0
0.000519 -0.000569 1639.0
0.000519 -0.000569 1640.0
0.000519 -0.000569 1641.0
0.000519 -0.000569 1642.0
0.000519 -0.000569 1643.0
0.000519 -0.000569 1644.0
0.000519 -0.000569 1645.0
0.000519 -0.000569 1646.0
0.000519 -0.000569 1647.0
0.000519 -0.000569 1648.0
0.000519 -0.000569 1649.0
0.000519 -0.000570 1650.0
0.000519 -0.000570 1651.0
0.000519 -0.000570 1652.0
0.000518 -0.000570 1653.0
0.000518 -0.000570 1654.0
0.000518 -0.000570 1655.0
0.000518 -0.000570 1656.0
0.000518 -0.000570 1657.0
0.000518 -0.000570 1658.0
0.000518 -0.000570 1659.0
0.000518 -0.000570 1660.0
0.000518 -0.000570 1661.0
0.000518 -0.000570 1662.0
0.000518 -0.000571 1663.0
0.000518 -0.000571 1664.0
0.000517 -0.000570 1665.0
0.000517 -0.000570 1666.0
0.000517 -0.000570 1667.0
0.000517 -0.000570 1668.0
0.000517 -0.000570 1669.0
0.000517 -0.000570 1670.0
0.000517 -0.000570 1671.0
0.000517 -0.000570 1672.0
0.000517 -0.000571 1673.0
0.000518 -0.000571 1674.0
0.000518 -0.000571 1675.0
0.000518 -0.000571 1676.0
0.000518 -0.000571 1677.0
0.000518 -0.000572 1678.0
0.000518 -0.000572 1679.0
0.000518 -0.000572 1680.0
0.000518 -0.000572 1681.0
0.000518 -0.000572 1682.0
0.000518 -0.000573 1683.0
0.000518 -0.000573 1684.0
0.000519 -0.000573 1685.0
0.000519 -0.000573 1686.0
0.000519 -0.000574 1687.0
0.000519 -0.000574 1688.0
0.000519 -0.000574 1689.0
0.000519 -0.000574 1690.0
0.000519 -0.000574 1691.0
0.000519 -0.000575 1692.0
0.000519 -0.000575 1693.0
0.000519 -0.000575 1694.0
0.000519 -0.000575 1695.0
0.000519 -0.000575 1696.0
0.000520 -0.000576 1697.0
0.000520 -0.000576 1698.0
0.000520 -0.000576 1699.0
0.000520 -0.000576 1700.0
0.000520 -0.000577 1701.0
0.000520 -0.000577 1702.0
0.000520 -0.000577 1703.0
0.000520 -0.000577 1704.0
0.000520 -0.000577 1705.0
0.000520 -0.000578 1706.0
0.000520 -0.000578 1707.0
0.000520 -0.000578 1708.0
0.000521 -0.000578 1709.0
0.000521 -0.000578 1710.0
0.000521 -0.000579 1711.0
0.000521 -0.000579 1712.0
0.000521 -0.000579 1713.0
0.000521 -0.000579 1714.0
0.000521 -0.000580 1715.0
0.000521 -0.000580 1716.0
0.000521 -0.000580 1717.0
0.000521 -0.000580 1718.0
0.000521 -0.000580 1719.0
0.000521 -0.000581 1720.0
0.000522 -0.000581 1721.0
0.000522 -0.000581 1722.0
0.000522 -0.000581 1723.0
0.000522 -0.000581 1724.0
0.000522 -0.000582 1725.0
0.000522 -0.000582 1726.0
0.000522 -0.000582 1727.0
0.000522 -0.000582 1728.0
0.000522 -0.000583 1729.0
0.000522 -0.000583 1730.0
0.000523 -0.000582 1731.0
0.000524 -0.000582 1732.0
0.000524 -0.000582 1733.0
0.000525 -0.000582 1734.0
0.000525 -0.000582 1735.0
0.000526 -0.000582 1736.0
0.000527 -0.000582 1737.0
0.000527 -0.000583 1738.0
0.000528 -0.000583 1739.0
0.000528 -0.000583 1740.0
0.000529 -0.000583 1741.0
0.000529 -0.000583 1742.0
0.000530 -0.000583 1743.0
0.000530 -0.000583 1744.0
0.000531 -0.000583 1745.0
0.000531 -0.000583 1746.0
0.000532 -0.000583 1747.0
0.000533 -0.000583 1748.0
0.000533 -0.000583 1749.0
0.000534 -0.000583 1750.0
0.000534 -0.000583 1751.0
0.000535 -0.000583 1752.0
0.000535 -0.000583 1753.0
0.000536 -0.000583 1754.0
0.000536 -0.000583 1755.0
0.000537 -0.000584 1756.0
0.000537 -0.000584 1757.0
0.000538 -0.000584 1758.0
0.000538 -0.000584 1759.0
0.000539 -0.000584 1760.0
0.000540 -0.000584 1761.0
0.000540 -0.000584 1762.0
0.000541 -0.000584 1763.0
0.000541 -0.000584 1764.0
0.000542 -0.000584 1765.0
0.000542 -0.000584 1766.0
0.000543 -0.000584 1767.0
0.000543 -0.000584 1768.0
0.000544 -0.000584 1769.0
0.000544 -0.000584 1770.0
0.000545 -0.000584 1771.0
0.000546 -0.000584 1772.0
0.000546 -0.000585 1773.0
0.000547 -0.000585 1774.0
0.000547 -0.000585 1775.0
0.000548 -0.000585 1776.0
0.000548 -0.000585 1777.0
0.000549 -0.000585 1778.0
0.000549 -0.000585 1779.0
0.000550 -0.000585 1780.0
0.000550 -0.000585 1781.0
0.000551 -0.000585 1782.0
0.000551 -0.000585 1783.0
0.000552 -0.000585 1784.0
0.000553 -0.000585 1785.0
0.000553 -0.000585 1786.0
0.000554 -0.000585 1787.0
0.000554 -0.000585 1788.0
0.000555 -0.000585 1789.0
0.000555 -0.000585 1790.0
0.000555 -0.000585 1791.0
0.000556 -0.000585 1792.0
0.000556 -0.000584 1793.0
0.000557 -0.000584 1794.0
0.000557 -0.000584 1795.0
0.000557 -0.000584 1796.0
0.000558 -0.000583 1797.0
0.000558 -0.000583 1798.0
0.000559 -0.000583 1799.0
0.000559 -0.000583 1800.0
0.000560 -0.000583 1801.0
0.000560 -0.000582 1802.0
0.000560 -0.000582 1803.0
0.000561 -0.000582 1804.0
0.000561 -0.000582 1805.0
0.000562 -0.000582 1806.0
0.000562 -0.000581 1807.0
0.000562 -0.000581 1808.0
0.000563 -0.000581 1809.0
0.000563 -0.000581 1810.0
0.000564 -0.000580 1811.0
0.000564 -0.000580 1812.0
0.000565 -0.000580 1813.0
0.000565 -0.000580 1814.0
0.000565 -0.000580 1815.0
0.000566 -0.000579 1816.0
0.000566 -0.000579 1817.0
0.000567 -0.000579 1818.0
0.000567 -0.000579 1819.0
0.000567 -0.000578 1820.0
0.000568 -0.000578 1821.0
0.000568 -0.000578 1822.0
0.000569 -0.000578 1823.0
0.000569 -0.000578 1824.0
0.000570 -0.000577 1825.0
0.000570 -0.000577 1826.0
0.000570 -0.000577 1827.0
0.000571 -0.000577 1828.0
0.000571 -0.000576 1829.0
0.000572 -0.000576 1830.0
0.000572 -0.000576 1831.0
0.000572 -0.000576 1832.0
0.000573 -0.000576 1833.0
0.000573 -0.000575 1834.0
0.000574 -0.000575 1835.0
0.000574 -0.000575 1836.0
0.000575 -0.000575 1837.0
0.000575 -0.000574 1838.0
0.000575 -0.000574 1839.0
0.000576 -0.000574 1840.0
0.000576 -0.000574 1841.0
0.000577 -0.000574 1842.0
0.000577 -0.000573 1843.0
0.000577 -0.000573 1844.0
0.000578 -0.000573 1845.0
0.000578 -0.000573 1846.0
0.000579 -0.000573 1847.0
0.000579 -0.000572 1848.0
0.000580 -0.000572 1849.0
0.000580 -0.000572 1850.0
0.000580 -0.000572 1851.0
0.000581 -0.000574 1852.0
0.000582 -0.000573 1853.0
0.000582 -0.000572 1854.0
0.000583 -0.000572 1855.0
0.000584 -0.000571 1856.0
0.000584 -0.000570 1857.0
0.000585 -0.000569 1858.0
0.000586 -0.000568 1859.0
0.000586 -0.000567 1860.0
0.000587 -0.000567 1861.0
0.000588 -0.000566 1862.0
0.000588 -0.000565 1863.0
0.000589 -0.000564 1864.0
0.000589 -0.000563 1865.0
0.000590 -0.000563 1866.0
0.000591 -0.000562 1867.0
0.000591 -0.000561 1868.0
0.000592 -0.000560 1869.0
0.000593 -0.000559 1870.0
0.000593 -0.000558 1871.0
0.000594 -0.000558 1872.0
0.000595 -0.000557 1873.0
0.000595 -0.000556 1874.0
0.000596 -0.000555 1875.0
0.000597 -0.000554 1876.0
0.000597 -0.000553 1877.0
0.000598 -0.000553 1878.0
0.000598 -0.000552 1879.0
0.000599 -0.000551 1880.0
0.000600 -0.000550 1881.0
0.000600 -0.000549 1882.0
0.000601 -0.000549 1883.0
0.000602 -0.000548 1884.0
0.000602 -0.000547 1885.0
0.000603 -0.000546 1886.0
0.000604 -0.000545 1887.0
0.000604 -0.000544 1888.0
0.000605 -0.000544 1889.0
0.000606 -0.000543 1890.0
0.000606 -0.000542 1891.0
0.000607 -0.000541 1892.0
0.000607 -0.000540 1893.0
0.000608 -0.000539 1894.0
0.000609 -0.000539 1895.0
0.000609 -0.000538 1896.0
0.000610 -0.000537 1897.0
0.000611 -0.000536 1898.0
0.000611 -0.000535 1899.0
0.000612 -0.000535 1900.0
0.000613 -0.000534 1901.0
0.000613 -0.000533 1902.0
0.000614 -0.000532 1903.0
0.000615 -0.000531 1904.0
0.000615 -0.000530 1905.0
0.000616 -0.000530 1906.0
0.000617 -0.000529 1907.0
0.000617 -0.000528 1908.0
0.000618 -0.000527 1909.0
0.000618 -0.000526 1910.0
0.000619 -0.000525 1911.0
0.000620 -0.000525 1912.0
0.000624 -0.000530 1913.0
0.000624 -0.000531 1914.0
0.000625 -0.000532 1915.0
0.000625 -0.000532 1916.0
0.000626 -0.000533 1917.0
0.000626 -0.000534 1918.0
0.000626 -0.000534 1919.0
0.000627 -0.000535 1920.0
0.000627 -0.000535 1921.0
0.000628 -0.000536 1922.0
0.000628 -0.000537 1923.0
0.000629 -0.000537 1924.0
0.000629 -0.000538 1925.0
0.000629 -0.000538 1926.0
0.000630 -0.000539 1927.0
0.000630 -0.000540 1928.0
0.000631 -0.000540 1929.0
0.000631 -0.000541 1930.0
0.000631 -0.000542 1931.0
0.000632 -0.000542 1932.0
0.000632 -0.000543 1933.0
0.000633 -0.000543 1934.0
0.000633 -0.000544 1935.0
0.000634 -0.000545 1936.0
0.000634 -0.000545 1937.0
0.000634 -0.000546 1938.0
0.000635 -0.000546 1939.0
0.000635 -0.000547 1940.0
0.000636 -0.000548 1941.0
0.000636 -0.000548 1942.0
0.000637 -0.000549 1943.0
0.000637 -0.000550 1944.0
0.000637 -0.000550 1945.0
0.000638 -0.000551 1946.0
0.000638 -0.000551 1947.0
0.000639 -0.000552 1948.0
0.000639 -0.000553 1949.0
0.000639 -0.000553 1950.0
0.000640 -0.000554 1951.0
0.000640 -0.000555 1952.0
0.000641 -0.000555 1953.0
0.000641 -0.000556 1954.0
0.000642 -0.000556 1955.0
0.000642 -0.000557 1956.0
0.000642 -0.000558 1957.0
0.000643 -0.000558 1958.0
0.000643 -0.000559 1959.0
0.000644 -0.000559 1960.0
0.000644 -0.000560 1961.0
0.000644 -0.000561 1962.0
0.000645 -0.000561 1963.0
0.000645 -0.000562 1964.0
0.000646 -0.000563 1965.0
0.000646 -0.000563 1966.0
0.000647 -0.000564 1967.0
0.000647 -0.000564 1968.0
0.000647 -0.000565 1969.0
0.000648 -0.000566 1970.0
0.000648 -0.000566 1971.0
0.000649 -0.000567 1972.0
0.000649 -0.000567 1973.0
0.000652 -0.000564 1974.0
0.000652 -0.000564 1975.0
0.000652 -0.000564 1976.0
0.000652 -0.000564 1977.0
0.000652 -0.000564 1978.0
0.000652 -0.000564 1979.0
0.000652 -0.000564 1980.0
0.000652 -0.000564 1981.0
0.000652 -0.000564 1982.0
0.000652 -0.000564 1983.0
0.000652 -0.000564 1984.0
0.000652 -0.000564 1985.0
0.000652 -0.000564 1986.0
0.000652 -0.000564 1987.0
0.000652 -0.000564 1988.0
0.000652 -0.000564 1989.0
0.000652 -0.000564 1990.0
0.000652 -0.000564 1991.0
0.000652 -0.000564 1992.0
0.000652 -0.000564 1993.0
0.000652 -0.000564 1994.0
0.000652 -0.000564 1995.0
0.000652 -0.000564 1996.0
0.000652 -0.000564 1997.0
0.000652 -0.000564 1998.0
0.000652 -0.000564 1999.0
0.000652 -0.000564 2000.0
0.000652 -0.000564 2001.0
0.000652 -0.000564 2002.0
0.000652 -0.000564 2003.0
0.000652 -0.000564 2004.0
0.000652 -0.000564 2005.0
0.000652 -0.000564 2006.0
0.000652 -0.000564 2007.0
0.000652 -0.000564 2008.0
0.000652 -0.000564 2009.0
0.000652 -0.000564 2010.0
0.000652 -0.000564 2011.0
0.000652 -0.000564 2012.0
0.000652 -0.000564 2013.0
0.000652 -0.000564 2014.0
0.000652 -0.000564 2015.0
0.000652 -0.000564 2016.0
0.000652 -0.000564 2017.0
0.000652 -0.000564 2018.0
0.000652 -0.000564 2019.0
0.000652 -0.000564 2020.0
0.000652 -0.000564 2021.0
0.000652 -0.000564 2022.0
0.000652 -0.000564 2023.0
0.000652 -0.000564 2024.0
0.000652 -0.000564 2025.0
0.000652 -0.000565 2026.0
0.000653 -0.000565 2027.0
0.000653 -0.000565 2028.0
0.000654 -0.000565 2029.0
0.000654 -0.000566 2030.0
0.000654 -0.000566 2031.0
0.000655 -0.000566 2032.0
0.000655 -0.000566 2033.0
0.000656 -0.000566 2034.0
0.000656 -0.000567 2035.0
0.000657 -0.000567 2036.0
0.000657 -0.000567 2037.0
0.000657 -0.000567 2038.0
0.000658 -0.000568 2039.0
0.000658 -0.000568 2040.0
0.000659 -0.000568 2041.0
0.000659 -0.000568 2042.0
0.000660 -0.000569 2043.0
0.000660 -0.000569 2044.0
0.000661 -0.000569 2045.0
0.000661 -0.000569 2046.0
0.000661 -0.000570 2047.0
0.000662 -0.000570 2048.0
0.000662 -0.000570 2049.0
0.000663 -0.000570 2050.0
0.000663 -0.000570 2051.0
0.000664 -0.000571 2052.0
0.000664 -0.000571 2053.0
0.000664 -0.000571 2054.0
0.000665 -0.000571 2055.0
0.000665 -0.000572 2056.0
0.000666 -0.000572 2057.0
0.000666 -0.000572 2058.0
0.000667 -0.000572 2059.0
0.000667 -0.000573 2060.0
0.000667 -0.000573 2061.0
0.000668 -0.000573 2062.0
0.000668 -0.000573 2063.0
0.000669 -0.000574 2064.0
0.000669 -0.000574 2065.0
0.000670 -0.000574 2066.0
0.000670 -0.000574 2067.0
0.000671 -0.000575 2068.0
0.000671 -0.000575 2069.0
0.000671 -0.000575 2070.0
0.000672 -0.000575 2071.0
0.000672 -0.000575 2072.0
0.000673 -0.000576 2073.0
0.000673 -0.000576 2074.0
0.000674 -0.000576 2075.0
0.000674 -0.000576 2076.0
0.000674 -0.000577 2077.0
0.000675 -0.000577 2078.0
0.000675 -0.000577 2079.0
0.000676 -0.000577 2080.0
0.000676 -0.000578 2081.0
0.000677 -0.000578 2082.0
0.000677 -0.000578 2083.0
0.000677 -0.000578 2084.0
0.000678 -0.000576 2085.0
0.000679 -0.000576 2086.0
0.000679 -0.000575 2087.0
0.000680 -0.000575 2088.0
0.000680 -0.000575 2089.0
0.000681 -0.000575 2090.0
0.000681 -0.000575 2091.0
0.000682 -0.000575 2092.0
0.000682 -0.000575 2093.0
0.000682 -0.000574 2094.0
0.000683 -0.000574 2095.0
0.000683 -0.000574 2096.0
0.000684 -0.000574 2097.0
0.000684 -0.000574 2098.0
0.000685 -0.000574 2099.0
0.000685 -0.000574 2100.0
0.000686 -0.000573 2101.0
0.000686 -0.000573 2102.0
0.000687 -0.000573 2103.0
0.000687 -0.000573 2104.0
0.000688 -0.000573 2105.0
0.000688 -0.000573 2106.0
0.000689 -0.000573 2107.0
0.000689 -0.000572 2108.0
0.000689 -0.000572 2109.0
0.000690 -0.000572 2110.0
0.000690 -0.000572 2111.0
0.000691 -0.000572 2112.0
0.000691 -0.000572 2113.0
0.000692 -0.000571 2114.0
0.000692 -0.000571 2115.0
0.000693 -0.000571 2116.0
0.000693 -0.000571 2117.0
0.000694 -0.000571 2118.0
0.000694 -0.000571 2119.0
0.000695 -0.000571 2120.0
0.000695 -0.000570 2121.0
0.000696 -0.000570 2122.0
0.000696 -0.000570 2123.0
0.000696 -0.000570 2124.0
0.000697 -0.000570 2125.0
0.000697 -0.000570 2126.0
0.000698 -0.000570 2127.0
0.000698 -0.000569 2128.0
0.000699 -0.000569 2129.0
0.000699 -0.000569 2130.0
0.000700 -0.000569 2131.0
0.000700 -0.000569 2132.0
0.000701 -0.000569 2133.0
0.000701 -0.000569 2134.0
0.000702 -0.000568 2135.0
0.000702 -0.000568 2136.0
0.000703 -0.000568 2137.0
0.000703 -0.000568 2138.0
0.000704 -0.000568 2139.0
0.000704 -0.000569 2140.0
0.000704 -0.000569 2141.0
0.000704 -0.000568 2142.0
0.000704 -0.000568 2143.0
0.000704 -0.000567 2144.0
0.000704 -0.000567 2145.0
0.000704 -0.000566 2146.0
0.000704 -0.000566 2147.0
0.000704 -0.000565 2148.0
0.000704 -0.000565 2149.0
0.000704 -0.000564 2150.0
0.000704 -0.000564 2151.0
0.000704 -0.000564 2152.0
0.000704 -0.000563 2153.0
0.000704 -0.000563 2154.0
0.000704 -0.000562 2155.0
0.000704 -0.000562 2156.0
0.000704 -0.000561 2157.0
0.000704 -0.000561 2158.0
0.000704 -0.000560 2159.0
0.000705 -0.000560 2160.0
0.000705 -0.000559 2161.0
0.000705 -0.000559 2162.0
0.000705 -0.000558 2163.0
0.000705 -0.000558 2164.0
0.000705 -0.000557 2165.0
0.000705 -0.000557 2166.0
0.000705 -0.000556 2167.0
0.000705 -0.000556 2168.0
0.000705 -0.000555 2169.0
0.000705 -0.000555 2170.0
0.000705 -0.000554 2171.0
0.000705 -0.000554 2172.0
0.000705 -0.000553 2173.0
0.000705 -0.000553 2174.0
0.000705 -0.000552 2175.0
0.000705 -0.000552 2176.0
0.000705 -0.000551 2177.0
0.000705 -0.000551 2178.0
0.000705 -0.000550 2179.0
0.000705 -0.000550 2180.0
0.000705 -0.000550 2181.0
0.000705 -0.000549 2182.0
0.000705 -0.000549 2183.0
0.000705 -0.000548 2184.0
0.000705 -0.000548 2185.0
0.000705 -0.000547 2186.0
0.000706 -0.000547 2187.0
0.000706 -0.000546 2188.0
0.000706 -0.000546 2189.0
0.000706 -0.000545 2190.0
0.000706 -0.000545 2191.0
0.000706 -0.000544 2192.0
0.000706 -0.000544 2193.0
0.000706 -0.000543 2194.0
0.000706 -0.000543 2195.0
0.000706 -0.000542 2196.0
0.000706 -0.000542 2197.0
0.000706 -0.000541 2198.0
0.000706 -0.000541 2199.0
0.000707 -0.000541 2200.0
0.000706 -0.000541 2201.0
0.000706 -0.000541 2202.0
0.000706 -0.000541 2203.0
0.000706 -0.000541 2204.0
0.000706 -0.000541 2205.0
0.000706 -0.000541 2206.0
0.000706 -0.000541 2207.0
0.000706 -0.000541 2208.0
0.000706 -0.000541 2209.0
0.000706 -0.000541 2210.0
0.000706 -0.000541 2211.0
0.000706 -0.000541 2212.0
0.000706 -0.000541 2213.0
0.000706 -0.000541 2214.0
0.000706 -0.000541 2215.0
0.000706 -0.000541 2216.0
0.000705 -0.000541 2217.0
0.000705 -0.000541 2218.0
0.000705 -0.000541 2219.0
0.000705 -0.000541 2220.0
0.000705 -0.000541 2221.0
0.000705 -0.000541 2222.0
0.000705 -0.000541 2223.0
0.000705 -0.000541 2224.0
0.000705 -0.000541 2225.0
0.000705 -0.000541 2226.0
0.000705 -0.000541 2227.0
0.000705 -0.000541 2228.0
0.000705 -0.000541 2229.0
0.000705 -0.000541 2230.0
0.000705 -0.000541 2231.0
0.000705 -0.000541 2232.0
0.000705 -0.000540 2233.0
0.000704 -0.000540 2234.0
0.000704 -0.000540 2235.0
0.000704 -0.000540 2236.0
0.000704 -0.000540 2237.0
0.000704 -0.000540 2238.0
0.000704 -0.000540 2239.0
0.000704 -0.000540 2240.0
0.000704 -0.000540 2241.0
0.000704 -0.000540 2242.0
0.000704 -0.000540 2243.0
0.000704 -0.000540 2244.0
0.000704 -0.000540 2245.0
0.000704 -0.000540 2246.0
0.000704 -0.000540 2247.0
0.000704 -0.000540 2248.0
0.000704 -0.000540 2249.0
0.000703 -0.000540 2250.0
0.000703 -0.000540 2251.0
0.000703 -0.000540 2252.0
0.000703 -0.000540 2253.0
0.000703 -0.000540 2254.0
0.000703 -0.000540 2255.0
0.000703 -0.000540 2256.0
0.000703 -0.000540 2257.0
0.000703 -0.000540 2258.0
0.000703 -0.000540 2259.0
0.000703 -0.000540 2260.0
0.000703 -0.000540 2261.0
0.000703 -0.000540 2262.0
0.000703 -0.000540 2263.0
0.000703 -0.000540 2264.0
0.000703 -0.000540 2265.0
0.000703 -0.000541 2266.0
0.000703 -0.000541 2267.0
0.000703 -0.000541 2268.0
0.000702 -0.000541 2269.0
0.000702 -0.000541 2270.0
0.000702 -0.000541 2271.0
0.000702 -0.000541 2272.0
0.000702 -0.000541 2273.0
0.000702 -0.000541 2274.0
0.000702 -0.000541 2275.0
0.000702 -0.000541 2276.0
0.000702 -0.000541 2277.0
0.000702 -0.000541 2278.0
0.000702 -0.000541 2279.0
0.000702 -0.000541 2280.0
0.000702 -0.000542 2281.0
0.000702 -0.000542 2282.0
0.000702 -0.000542 2283.0
0.000702 -0.000542 2284.0
0.000702 -0.000542 2285.0
0.000702 -0.000542 2286.0
0.000702 -0.000542 2287.0
0.000702 -0.000542 2288.0
0.000702 -0.000542 2289.0
0.000702 -0.000542 2290.0
0.000701 -0.000542 2291.0
0.000701 -0.000542 2292.0
0.000701 -0.000542 2293.0
0.000701 -0.000542 2294.0
0.000701 -0.000542 2295.0
0.000701 -0.000542 2296.0
0.000701 -0.000543 2297.0
0.000701 -0.000542 2298.0
0.000701 -0.000543 2299.0
0.000702 -0.000543 2300.0
0.000702 -0.000543 2301.0
0.000702 -0.000544 2302.0
0.000703 -0.000544 2303.0
0.000703 -0.000544 2304.0
0.000703 -0.000545 2305.0
0.000703 -0.000545 2306.0
0.000704 -0.000545 2307.0
0.000704 -0.000546 2308.0
0.000704 -0.000546 2309.0
0.000705 -0.000546 2310.0
0.000705 -0.000547 2311.0
0.000705 -0.000547 2312.0
0.000706 -0.000547 2313.0
0.000706 -0.000548 2314.0
0.000706 -0.000548 2315.0
0.000706 -0.000548 2316.0
0.000707 -0.000549 2317.0
0.000707 -0.000549 2318.0
0.000707 -0.000549 2319.0
0.000708 -0.000550 2320.0
0.000708 -0.000550 2321.0
0.000708 -0.000550 2322.0
0.000709 -0.000550 2323.0
0.000709 -0.000551 2324.0
0.000709 -0.000551 2325.0
0.000709 -0.000551 2326.0
0.000710 -0.000552 2327.0
0.000710 -0.000552 2328.0
0.000710 -0.000552 2329.0
0.000711 -0.000553 2330.0
0.000711 -0.000553 2331.0
0.000711 -0.000553 2332.0
0.000712 -0.000554 2333.0
0.000712 -0.000554 2334.0
0.000712 -0.000554 2335.0
0.000712 -0.000555 2336.0
0.000713 -0.000555 2337.0
0.000713 -0.000555 2338.0
0.000713 -0.000556 2339.0
0.000714 -0.000556 2340.0
0.000714 -0.000556 2341.0
0.000714 -0.000557 2342.0
0.000715 -0.000557 2343.0
0.000715 -0.000557 2344.0
0.000715 -0.000558 2345.0
0.000715 -0.000558 2346.0
0.000716 -0.000558 2347.0
0.000716 -0.000559 2348.0
0.000716 -0.000559 2349.0
0.000717 -0.000559 2350.0
0.000717 -0.000560 2351.0
0.000717 -0.000560 2352.0
0.000718 -0.000560 2353.0
0.000718 -0.000561 2354.0
0.000718 -0.000561 2355.0
0.000719 -0.000561 2356.0
0.000719 -0.000562 2357.0
0.000720 -0.000559 2358.0
0.000720 -0.000559 2359.0
0.000721 -0.000560 2360.0
0.000721 -0.000560 2361.0
0.000721 -0.000561 2362.0
0.000721 -0.000561 2363.0
0.000721 -0.000561 2364.0
0.000721 -0.000562 2365.0
0.000721 -0.000562 2366.0
0.000721 -0.000563 2367.0
0.000721 -0.000563 2368.0
0.000721 -0.000563 2369.0
0.000721 -0.000564 2370.0
0.000721 -0.000564 2371.0
0.000721 -0.000564 2372.0
0.000721 -0.000565 2373.0
0.000721 -0.000565 2374.0
0.000721 -0.000566 2375.0
0.000722 -0.000566 2376.0
0.000722 -0.000566 2377.0
0.000722 -0.000567 2378.0
0.000722 -0.000567 2379.0
0.000722 -0.000568 2380.0
0.000722 -0.000568 2381.0
0.000722 -0.000568 2382.0
0.000722 -0.000569 2383.0
0.000722 -0.000569 2384.0
0.000722 -0.000569 2385.0
0.000722 -0.000570 2386.0
0.000722 -0.000570 2387.0
0.000722 -0.000571 2388.0
0.000722 -0.000571 2389.0
0.000722 -0.000571 2390.0
0.000723 -0.000572 2391.0
0.000723 -0.000572 2392.0
0.000723 -0.000573 2393.0
0.000723 -0.000573 2394.0
0.000723 -0.000573 2395.0
0.000723 -0.000574 2396.0
0.000723 -0.000574 2397.0
0.000723 -0.000574 2398.0
0.000723 -0.000575 2399.0
0.000723 -0.000575 2400.0
0.000723 -0.000576 2401.0
0.000723 -0.000576 2402.0
0.000723 -0.000576 2403.0
0.000723 -0.000577 2404.0
0.000723 -0.000577 2405.0
0.000723 -0.000578 2406.0
0.000724 -0.000578 2407.0
0.000724 -0.000578 2408.0
0.000724 -0.000579 2409.0
0.000724 -0.000579 2410.0
0.000724 -0.000579 2411.0
0.000724 -0.000580 2412.0
0.000724 -0.000580 2413.0
0.000724 -0.000581 2414.0
0.000724 -0.000581 2415.0
0.000724 -0.000581 2416.0
0.000724 -0.000582 2417.0
0.000724 -0.000582 2418.0
0.000725 -0.000582 2419.0
0.000725 -0.000583 2420.0
0.000725 -0.000583 2421.0
0.000725 -0.000584 2422.0
0.000725 -0.000585 2423.0
0.000725 -0.000585 2424.0
0.000725 -0.000586 2425.0
0.000725 -0.000587 2426.0
0.000725 -0.000587 2427.0
0.000725 -0.000588 2428.0
0.000725 -0.000589 2429.0
0.000724 -0.000589 2430.0
0.000724 -0.000590 2431.0
0.000724 -0.000591 2432.0
0.000724 -0.000591 2433.0
0.000724 -0.000592 2434.0
0.000724 -0.000593 2435.0
0.000724 -0.000593 2436.0
0.000724 -0.000594 2437.0
0.000724 -0.000595 2438.0
0.000724 -0.000595 2439.0
0.000724 -0.000596 2440.0
0.000724 -0.000597 2441.0
0.000724 -0.000597 2442.0
0.000724 -0.000598 2443.0
0.000724 -0.000599 2444.0
0.000724 -0.000599 2445.0
0.000723 -0.000600 2446.0
0.000723 -0.000601 2447.0
0.000723 -0.000601 2448.0
0.000723 -0.000602 2449.0
0.000723 -0.000602 2450.0
0.000723 -0.000603 2451.0
0.000723 -0.000604 2452.0
0.000723 -0.000604 2453.0
0.000723 -0.000605 2454.0
0.000723 -0.000606 2455.0
0.000723 -0.000606 2456.0
0.000723 -0.000607 2457.0
0.000723 -0.000608 2458.0
0.000723 -0.000608 2459.0
0.000723 -0.000609 2460.0
0.000723 -0.000610 2461.0
0.000722 -0.000610 2462.0
0.000722 -0.000611 2463.0
0.000722 -0.000612 2464.0
0.000722 -0.000612 2465.0
0.000722 -0.000613 2466.0
0.000722 -0.000614 2467.0
0.000722 -0.000614 2468.0
0.000722 -0.000615 2469.0
0.000722 -0.000616 2470.0
0.000722 -0.000616 2471.0
0.000722 -0.000617 2472.0
0.000722 -0.000618 2473.0
0.000722 -0.000618 2474.0
0.000722 -0.000619 2475.0
0.000722 -0.000620 2476.0
0.000722 -0.000620 2477.0
0.000721 -0.000620 2478.0
0.000721 -0.000620 2479.0
0.000721 -0.000620 2480.0
0.000721 -0.000620 2481.0
0.000721 -0.000620 2482.0
0.000721 -0.000620 2483.0
0.000721 -0.000620 2484.0
0.000721 -0.000620 2485.0
0.000721 -0.000620 2486.0
0.000721 -0.000620 2487.0
0.000721 -0.000620 2488.0
0.000721 -0.000620 2489.0
0.000721 -0.000620 2490.0
0.000721 -0.000620 2491.0
0.000721 -0.000620 2492.0
0.000721 -0.000620 2493.0
0.000721 -0.000620 2494.0
0.000721 -0.000620 2495.0
0.000721 -0.000620 2496.0
0.000721 -0.000620 2497.0
0.000721 -0.000620 2498.0
0.000721 -0.000620 2499.0
0.000721 -0.000620 2500.0
0.000721 -0.000620 2501.0
0.000721 -0.000620 2502.0
0.000721 -0.000620 2503.0
0.000721 -0.000620 2504.0
0.000721 -0.000620 2505.0
0.000721 -0.000620 2506.0
0.000721 -0.000620 2507.0
0.000721 -0.000620 2508.0
0.000721 -0.000620 2509.0
0.000721 -0.000621 2510.0
0.000721 -0.000621 2511.0
0.000721 -0.000621 2512.0
0.000720 -0.000621 2513.0
0.000720 -0.000621 2514.0
0.000720 -0.000621 2515.0
0.000720 -0.000621 2516.0
0.000720 -0.000621 2517.0
0.000720 -0.000621 2518.0
0.000720 -0.000622 2519.0
0.000720 -0.000622 2520.0
0.000720 -0.000622 2521.0
0.000720 -0.000622 2522.0
0.000720 -0.000622 2523.0
0.000720 -0.000622 2524.0
0.000720 -0.000622 2525.0
0.000720 -0.000622 2526.0
0.000720 -0.000622 2527.0
0.000720 -0.000623 2528.0
0.000720 -0.000623 2529.0
0.000720 -0.000623 2530.0
0.000720 -0.000623 2531.0
0.000720 -0.000623 2532.0
0.000720 -0.000623 2533.0
0.000720 -0.000623 2534.0
0.000720 -0.000623 2535.0
0.000720 -0.000623 2536.0
0.000720 -0.000624 2537.0
0.000720 -0.000624 2538.0
0.000720 -0.000624 2539.0
0.000720 -0.000624 2540.0
0.000720 -0.000624 2541.0
0.000720 -0.000624 2542.0
0.000720 -0.000624 2543.0
0.000720 -0.000624 2544.0
0.000720 -0.000624 2545.0
0.000720 -0.000625 2546.0
0.000720 -0.000625 2547.0
0.000720 -0.000625 2548.0
0.000720 -0.000625 2549.0
0.000720 -0.000625 2550.0
0.000720 -0.000625 2551.0
0.000720 -0.000625 2552.0
0.000720 -0.000626 2553.0
0.000720 -0.000626 2554.0
0.000720 -0.000626 2555.0
0.000720 -0.000627 2556.0
0.000720 -0.000627 2557.0
0.000720 -0.000628 2558.0
0.000719 -0.000628 2559.0
0.000719 -0.000628 2560.0
0.000719 -0.000629 2561.0
0.000719 -0.000629 2562.0
0.000719 -0.000629 2563.0
0.000719 -0.000630 2564.0
0.000719 -0.000630 2565.0
0.000719 -0.000631 2566.0
0.000719 -0.000631 2567.0
0.000719 -0.000631 2568.0
0.000719 -0.000632 2569.0
0.000719 -0.000632 2570.0
0.000719 -0.000633 2571.0
0.000719 -0.000633 2572.0
0.000719 -0.000633 2573.0
0.000719 -0.000634 2574.0
0.000719 -0.000634 2575.0
0.000719 -0.000634 2576.0
0.000719 -0.000635 2577.0
0.000719 -0.000635 2578.0
0.000718 -0.000636 2579.0
0.000718 -0.000636 2580.0
0.000718 -0.000636 2581.0
0.000718 -0.000637 2582.0
0.000718 -0.000637 2583.0
0.000718 -0.000637 2584.0
0.000718 -0.000638 2585.0
0.000718 -0.000638 2586.0
0.000718 -0.000639 2587.0
0.000718 -0.000639 2588.0
0.000718 -0.000639 2589.0
0.000718 -0.000640 2590.0
0.000718 -0.000640 2591.0
0.000718 -0.000640 2592.0
0.000718 -0.000641 2593.0
0.000718 -0.000641 2594.0
0.000718 -0.000642 2595.0
0.000718 -0.000642 2596.0
0.000718 -0.000642 2597.0
0.000718 -0.000643 2598.0
0.000717 -0.000643 2599.0
0.000717 -0.000643 2600.0
0.000717 -0.000644 2601.0
0.000717 -0.000644 2602.0
0.000717 -0.000645 2603.0
0.000717 -0.000645 2604.0
0.000717 -0.000645 2605.0
0.000717 -0.000646 2606.0
0.000717 -0.000646 2607.0
0.000717 -0.000647 2608.0
0.000717 -0.000647 2609.0
0.000717 -0.000647 2610.0
0.000717 -0.000648 2611.0
0.000716 -0.000647 2612.0
0.000715 -0.000648 2613.0
0.000715 -0.000648 2614.0
0.000714 -0.000648 2615.0
0.000713 -0.000648 2616.0
0.000712 -0.000648 2617.0
0.000711 -0.000648 2618.0
0.000711 -0.000648 2619.0
0.000710 -0.000648 2620.0
0.000709 -0.000648 2621.0
0.000708 -0.000648 2622.0
0.000707 -0.000648 2623.0
0.000707 -0.000649 2624.0
0.000706 -0.000649 2625.0
0.000705 -0.000649 2626.0
0.000704 -0.000649 2627.0
0.000703 -0.000649 2628.0
0.000703 -0.000649 2629.0
0.000702 -0.000649 2630.0
0.000701 -0.000649 2631.0
0.000700 -0.000649 2632.0
0.000699 -0.000649 2633.0
0.000699 -0.000649 2634.0
0.000698 -0.000650 2635.0
0.000697 -0.000650 2636.0
0.000696 -0.000650 2637.0
0.000696 -0.000650 2638.0
0.000695 -0.000650 2639.0
0.000694 -0.000650 2640.0
0.000693 -0.000650 2641.0
0.000692 -0.000650 2642.0
0.000692 -0.000650 2643.0
0.000691 -0.000650 2644.0
0.000690 -0.000650 2645.0
0.000689 -0.000651 2646.0
0.000688 -0.000651 2647.0
0.000688 -0.000651 2648.0
0.000687 -0.000651 2649.0
0.000686 -0.000651 2650.0
0.000685 -0.000651 2651.0
0.000684 -0.000651 2652.0
0.000684 -0.000651 2653.0
0.000683 -0.000651 2654.0
0.000682 -0.000651 2655.0
0.000681 -0.000651 2656.0
0.000680 -0.000652 2657.0
0.000680 -0.000652 2658.0
0.000679 -0.000652 2659.0
0.000678 -0.000652 2660.0
0.000677 -0.000652 2661.0
0.000676 -0.000652 2662.0
0.000676 -0.000652 2663.0
0.000675 -0.000652 2664.0
0.000674 -0.000652 2665.0
0.000673 -0.000652 2666.0
0.000673 -0.000652 2667.0
0.000672 -0.000653 2668.0
0.000671 -0.000653 2669.0
0.000670 -0.000653 2670.0
0.000669 -0.000653 2671.0
0.000669 -0.000652 2672.0
0.000668 -0.000652 2673.0
0.000667 -0.000651 2674.0
0.000666 -0.000651 2675.0
0.000665 -0.000651 2676.0
0.000665 -0.000651 2677.0
0.000664 -0.000651 2678.0
0.000663 -0.000651 2679.0
0.000662 -0.000650 2680.0
0.000661 -0.000650 2681.0
0.000660 -0.000650 2682.0
0.000659 -0.000650 2683.0
0.000658 -0.000650 2684.0
0.000657 -0.000650 2685.0
0.000656 -0.000649 2686.0
0.000655 -0.000649 2687.0
0.000654 -0.000649 2688.0
0.000653 -0.000649 2689.0
0.000652 -0.000649 2690.0
0.000651 -0.000649 2691.0
0.000650 -0.000648 2692.0
0.000649 -0.000648 2693.0
0.000648 -0.000648 2694.0
0.000647 -0.000648 2695.0
0.000647 -0.000648 2696.0
0.000646 -0.000648 2697.0
0.000645 -0.000647 2698.0
0.000644 -0.000647 2699.0
0.000643 -0.000647 2700.0
0.000642 -0.000647 2701.0
0.000641 -0.000647 2702.0
0.000640 -0.000647 2703.0
0.000639 -0.000646 2704.0
0.000638 -0.000646 2705.0
0.000637 -0.000646 2706.0
0.000636 -0.000646 2707.0
0.000635 -0.000646 2708.0
0.000634 -0.000646 2709.0
0.000633 -0.000645 2710.0
0.000632 -0.000645 2711.0
0.000631 -0.000645 2712.0
0.000630 -0.000645 2713.0
0.000630 -0.000645 2714.0
0.000629 -0.000645 2715.0
0.000628 -0.000644 2716.0
0.000627 -0.000644 2717.0
0.000626 -0.000644 2718.0
0.000625 -0.000644 2719.0
0.000624 -0.000644 2720.0
0.000623 -0.000644 2721.0
0.000622 -0.000643 2722.0
0.000621 -0.000643 2723.0
0.000620 -0.000643 2724.0
0.000619 -0.000643 2725.0
0.000618 -0.000643 2726.0
0.000617 -0.000643 2727.0
0.000616 -0.000642 2728.0
0.000615 -0.000642 2729.0
0.000614 -0.000642 2730.0
0.000613 -0.000642 2731.0
0.000613 -0.000644 2732.0
0.000613 -0.000644 2733.0
0.000613 -0.000644 2734.0
0.000613 -0.000644 2735.0
0.000613 -0.000644 2736.0
0.000613 -0.000644 2737.0
0.000613 -0.000645 2738.0
0.000613 -0.000645 2739.0
0.000613 -0.000645 2740.0
0.000613 -0.000645 2741.0
0.000613 -0.000645 2742.0
0.000613 -0.000645 2743.0
0.000613 -0.000645 2744.0
0.000613 -0.000645 2745.0
0.000613 -0.000645 2746.0
0.000613 -0.000645 2747.0
0.000613 -0.000646 2748.0
0.000613 -0.000646 2749.0
0.000613 -0.000646 2750.0
0.000613 -0.000646 2751.0
0.000613 -0.000646 2752.0
0.000613 -0.000646 2753.0
0.000613 -0.000646 2754.0
0.000613 -0.000646 2755.0
0.000613 -0.000646 2756.0
0.000613 -0.000646 2757.0
0.000613 -0.000647 2758.0
0.000613 -0.000647 2759.0
0.000613 -0.000647 2760.0
0.000613 -0.000647 2761.0
0.000613 -0.000647 2762.0
0.000613 -0.000647 2763.0
0.000613 -0.000647 2764.0
0.000613 -0.000647 2765.0
0.000613 -0.000647 2766.0
0.000613 -0.000648 2767.0
0.000613 -0.000648 2768.0
0.000613 -0.000648 2769.0
0.000613 -0.000648 2770.0
0.000613 -0.000648 2771.0
0.000613 -0.000648 2772.0
0.000613 -0.000648 2773.0
0.000613 -0.000648 2774.0
0.000613 -0.000648 2775.0
0.000613 -0.000648 2776.0
0.000613 -0.000649 2777.0
0.000613 -0.000649 2778.0
0.000613 -0.000649 2779.0
0.000613 -0.000649 2780.0
0.000613 -0.000649 2781.0
0.000613 -0.000649 2782.0
0.000613 -0.000649 2783.0
0.000613 -0.000649 2784.0
0.000613 -0.000649 2785.0
0.000613 -0.000649 2786.0
0.000613 -0.000650 2787.0
0.000613 -0.000650 2788.0
0.000613 -0.000650 2789.0
0.000613 -0.000650 2790.0
0.000613 -0.000650 2791.0
0.000613 -0.000650 2792.0
0.000613 -0.000650 2793.0
0.000612 -0.000651 2794.0
0.000612 -0.000652 2795.0
0.000612 -0.000653 2796.0
0.000612 -0.000654 2797.0
0.000612 -0.000655 2798.0
0.000612 -0.000656 2799.0
0.000612 -0.000657 2800.0
0.000612 -0.000658 2801.0
0.000612 -0.000659 2802.0
0.000612 -0.000660 2803.0
0.000611 -0.000661 2804.0
0.000611 -0.000661 2805.0
0.000611 -0.000662 2806.0
0.000611 -0.000663 2807.0
0.000611 -0.000664 2808.0
0.000611 -0.000665 2809.0
0.000611 -0.000666 2810.0
0.000611 -0.000667 2811.0
0.000611 -0.000668 2812.0
0.000611 -0.000669 2813.0
0.000611 -0.000670 2814.0
0.000610 -0.000671 2815.0
0.000610 -0.000672 2816.0
0.000610 -0.000673 2817.0
0.000610 -0.000674 2818.0
0.000610 -0.000675 2819.0
0.000610 -0.000676 2820.0
0.000610 -0.000677 2821.0
0.000610 -0.000678 2822.0
0.000610 -0.000679 2823.0
0.000610 -0.000680 2824.0
0.000609 -0.000681 2825.0
0.000609 -0.000682 2826.0
0.000609 -0.000682 2827.0
0.000609 -0.000683 2828.0
0.000609 -0.000684 2829.0
0.000609 -0.000685 2830.0
0.000609 -0.000686 2831.0
0.000609 -0.000687 2832.0
0.000609 -0.000688 2833.0
0.000609 -0.000689 2834.0
0.000608 -0.000690 2835.0
0.000608 -0.000691 2836.0
0.000608 -0.000692 2837.0
0.000608 -0.000693 2838.0
0.000608 -0.000694 2839.0
0.000608 -0.000695 2840.0
0.000608 -0.000696 2841.0
0.000608 -0.000697 2842.0
0.000608 -0.000698 2843.0
0.000608 -0.000699 2844.0
0.000608 -0.000700 2845.0
0.000607 -0.000701 2846.0
0.000607 -0.000702 2847.0
0.000607 -0.000703 2848.0
0.000607 -0.000703 2849.0
0.000607 -0.000704 2850.0
0.000607 -0.000705 2851.0
0.000607 -0.000706 2852.0
0.000605 -0.000706 2853.0
0.000605 -0.000707 2854.0
0.000605 -0.000709 2855.0
0.000605 -0.000710 2856.0
0.000605 -0.000712 2857.0
0.000605 -0.000713 2858.0
0.000605 -0.000714 2859.0
0.000604 -0.000716 2860.0
0.000604 -0.000717 2861.0
0.000604 -0.000719 2862.0
0.000604 -0.000720 2863.0
0.000604 -0.000721 2864.0
0.000604 -0.000723 2865.0
0.000603 -0.000724 2866.0
0.000603 -0.000726 2867.0
0.000603 -0.000727 2868.0
0.000603 -0.000728 2869.0
0.000603 -0.000730 2870.0
0.000603 -0.000731 2871.0
0.000603 -0.000733 2872.0
0.000602 -0.000734 2873.0
0.000602 -0.000735 2874.0
0.000602 -0.000737 2875.0
0.000602 -0.000738 2876.0
0.000602 -0.000740 2877.0
0.000602 -0.000741 2878.0
0.000602 -0.000742 2879.0
0.000601 -0.000744 2880.0
0.000601 -0.000745 2881.0
0.000601 -0.000746 2882.0
0.000601 -0.000748 2883.0
0.000601 -0.000749 2884.0
0.000601 -0.000751 2885.0
0.000601 -0.000752 2886.0
0.000600 -0.000753 2887.0
0.000600 -0.000755 2888.0
0.000600 -0.000756 2889.0
0.000600 -0.000758 2890.0
0.000600 -0.000759 2891.0
0.000600 -0.000760 2892.0
0.000599 -0.000762 2893.0
0.000599 -0.000763 2894.0
0.000599 -0.000765 2895.0
0.000599 -0.000766 2896.0
0.000599 -0.000767 2897.0
0.000599 -0.000769 2898.0
0.000599 -0.000770 2899.0
0.000598 -0.000772 2900.0
0.000598 -0.000773 2901.0
0.000598 -0.000774 2902.0
0.000598 -0.000776 2903.0
0.000598 -0.000777 2904.0
0.000598 -0.000778 2905.0
0.000598 -0.000780 2906.0
0.000597 -0.000781 2907.0
0.000597 -0.000783 2908.0
0.000597 -0.000784 2909.0
0.000597 -0.000785 2910.0
0.000597 -0.000787 2911.0
0.000597 -0.000788 2912.0
0.000597 -0.000790 2913.0
0.000594 -0.000789 2914.0
0.000594 -0.000790 2915.0
0.000594 -0.000792 2916.0
0.000594 -0.000793 2917.0
0.000594 -0.000794 2918.0
0.000594 -0.000795 2919.0
0.000594 -0.000796 2920.0
0.000593 -0.000797 2921.0
0.000593 -0.000799 2922.0
0.000593 -0.000800 2923.0
0.000593 -0.000801 2924.0
0.000593 -0.000802 2925.0
0.000593 -0.000803 2926.0
0.000593 -0.000805 2927.0
0.000593 -0.000806 2928.0
0.000592 -0.000807 2929.0
0.000592 -0.000808 2930.0
0.000592 -0.000809 2931.0
0.000592 -0.000810 2932.0
0.000592 -0.000812 2933.0
0.000592 -0.000813 2934.0
0.000592 -0.000814 2935.0
0.000592 -0.000815 2936.0
0.000592 -0.000816 2937.0
0.000591 -0.000818 2938.0
0.000591 -0.000819 2939.0
0.000591 -0.000820 2940.0
0.000591 -0.000821 2941.0
0.000591 -0.000822 2942.0
0.000591 -0.000823 2943.0
0.000591 -0.000825 2944.0
0.000591 -0.000826 2945.0
0.000590 -0.000827 2946.0
0.000590 -0.000828 2947.0
0.000590 -0.000829 2948.0
0.000590 -0.000831 2949.0
0.000590 -0.000832 2950.0
0.000590 -0.000833 2951.0
0.000590 -0.000834 2952.0
0.000590 -0.000835 2953.0
0.000589 -0.000836 2954.0
0.000589 -0.000838 2955.0
0.000589 -0.000839 2956.0
0.000589 -0.000840 2957.0
0.000589 -0.000841 2958.0
0.000589 -0.000842 2959.0
0.000589 -0.000844 2960.0
0.000589 -0.000845 2961.0
0.000589 -0.000846 2962.0
0.000588 -0.000847 2963.0
0.000588 -0.000848 2964.0
0.000588 -0.000849 2965.0
0.000588 -0.000851 2966.0
0.000588 -0.000852 2967.0
0.000588 -0.000853 2968.0
0.000588 -0.000854 2969.0
0.000588 -0.000855 2970.0
0.000587 -0.000857 2971.0
0.000587 -0.000858 2972.0
0.000587 -0.000859 2973.0
0.000585 -0.000859 2974.0
0.000585 -0.000859 2975.0
0.000584 -0.000860 2976.0
0.000584 -0.000861 2977.0
0.000583 -0.000861 2978.0
0.000583 -0.000862 2979.0
0.000582 -0.000863 2980.0
0.000582 -0.000863 2981.0
0.000582 -0.000864 2982.0
0.000581 -0.000865 2983.0
0.000581 -0.000866 2984.0
0.000580 -0.000866 2985.0
0.000580 -0.000867 2986.0
0.000579 -0.000868 2987.0
0.000579 -0.000868 2988.0
0.000578 -0.000869 2989.0
0.000578 -0.000870 2990.0
0.000577 -0.000870 2991.0
0.000577 -0.000871 2992.0
0.000576 -0.000872 2993.0
0.000576 -0.000872 2994.0
0.000575 -0.000873 2995.0
0.000575 -0.000874 2996.0
0.000574 -0.000874 2997.0
0.000574 -0.000875 2998.0
0.000573 -0.000876 2999.0
0.000573 -0.000877 3000.0
0.000572 -0.000877 3001.0
0.000572 -0.000878 3002.0
0.000571 -0.000879 3003.0
0.000571 -0.000879 3004.0
0.000570 -0.000880 3005.0
0.000570 -0.000881 3006.0
0.000569 -0.000881 3007.0
0.000569 -0.000882 3008.0
0.000568 -0.000883 3009.0
0.000568 -0.000883 3010.0
0.000567 -0.000884 3011.0
0.000567 -0.000885 3012.0
0.000567 -0.000886 3013.0
0.000566 -0.000886 3014.0
0.000566 -0.000887 3015.0
0.000565 -0.000888 3016.0
0.000565 -0.000888 3017.0
0.000564 -0.000889 3018.0
0.000564 -0.000890 3019.0
0.000563 -0.000890 3020.0
0.000563 -0.000891 3021.0
0.000562 -0.000892 3022.0
0.000562 -0.000892 3023.0
0.000561 -0.000893 3024.0
0.000561 -0.000894 3025.0
0.000560 -0.000895 3026.0
0.000560 -0.000895 3027.0
0.000559 -0.000896 3028.0
0.000559 -0.000897 3029.0
0.000558 -0.000897 3030.0
0.000558 -0.000898 3031.0
0.000557 -0.000899 3032.0
0.000557 -0.000899 3033.0
0.000556 -0.000900 3034.0
0.000556 -0.000901 3035.0
0.000552 -0.000896 3036.0
0.000552 -0.000897 3037.0
0.000552 -0.000899 3038.0
0.000552 -0.000900 3039.0
0.000551 -0.000901 3040.0
0.000551 -0.000902 3041.0
0.000551 -0.000903 3042.0
0.000551 -0.000904 3043.0
0.000551 -0.000905 3044.0
0.000550 -0.000906 3045.0
0.000550 -0.000907 3046.0
0.000550 -0.000908 3047.0
0.000550 -0.000910 3048.0
0.000549 -0.000911 3049.0
0.000549 -0.000912 3050.0
0.000549 -0.000913 3051.0
0.000549 -0.000914 3052.0
0.000549 -0.000915 3053.0
0.000548 -0.000916 3054.0
0.000548 -0.000917 3055.0
0.000548 -0.000918 3056.0
0.000548 -0.000919 3057.0
0.000548 -0.000921 3058.0
0.000547 -0.000922 3059.0
0.000547 -0.000923 3060.0
0.000547 -0.000924 3061.0
0.000547 -0.000925 3062.0
0.000547 -0.000926 3063.0
0.000546 -0.000927 3064.0
0.000546 -0.000928 3065.0
0.000546 -0.000929 3066.0
0.000546 -0.000930 3067.0
0.000545 -0.000932 3068.0
0.000545 -0.000933 3069.0
0.000545 -0.000934 3070.0
0.000545 -0.000935 3071.0
0.000545 -0.000936 3072.0
0.000544 -0.000937 3073.0
0.000544 -0.000938 3074.0
0.000544 -0.000939 3075.0
0.000544 -0.000940 3076.0
0.000544 -0.000941 3077.0
0.000543 -0.000943 3078.0
0.000543 -0.000944 3079.0
0.000543 -0.000945 3080.0
0.000543 -0.000946 3081.0
0.000542 -0.000947 3082.0
0.000542 -0.000948 3083.0
0.000542 -0.000949 3084.0
0.000542 -0.000950 3085.0
0.000542 -0.000951 3086.0
0.000541 -0.000952 3087.0
0.000541 -0.000954 3088.0
0.000541 -0.000955 3089.0
0.000541 -0.000956 3090.0
0.000541 -0.000957 3091.0
0.000540 -0.000958 3092.0
0.000540 -0.000959 3093.0
0.000540 -0.000960 3094.0
0.000537 -0.000959 3095.0
0.000537 -0.000960 3096.0
0.000536 -0.000960 3097.0
0.000536 -0.000960 3098.0
0.000536 -0.000961 3099.0
0.000536 -0.000961 3100.0
0.000535 -0.000962 3101.0
0.000535 -0.000962 3102.0
0.000535 -0.000963 3103.0
0.000535 -0.000963 3104.0
0.000534 -0.000964 3105.0
0.000534 -0.000964 3106.0
0.000534 -0.000964 3107.0
0.000533 -0.000965 3108.0
0.000533 -0.000965 3109.0
0.000533 -0.000966 3110.0
0.000533 -0.000966 3111.0
0.000532 -0.000967 3112.0
0.000532 -0.000967 3113.0
0.000532 -0.000968 3114.0
0.000531 -0.000968 3115.0
0.000531 -0.000968 3116.0
0.000531 -0.000969 3117.0
0.000531 -0.000969 3118.0
0.000530 -0.000970 3119.0
0.000530 -0.000970 3120.0
0.000530 -0.000971 3121.0
0.000529 -0.000971 3122.0
0.000529 -0.000972 3123.0
0.000529 -0.000972 3124.0
0.000529 -0.000972 3125.0
0.000528 -0.000973 3126.0
0.000528 -0.000973 3127.0
0.000528 -0.000974 3128.0
0.000528 -0.000974 3129.0
0.000527 -0.000975 3130.0
0.000527 -0.000975 3131.0
0.000527 -0.000976 3132.0
0.000526 -0.000976 3133.0
0.000526 -0.000976 3134.0
0.000526 -0.000977 3135.0
0.000526 -0.000977 3136.0
0.000525 -0.000978 3137.0
0.000525 -0.000978 3138.0
0.000525 -0.000979 3139.0
0.000524 -0.000979 3140.0
0.000524 -0.000980 3141.0
0.000524 -0.000980 3142.0
0.000524 -0.000980 3143.0
0.000523 -0.000981 3144.0
0.000523 -0.000981 3145.0
0.000523 -0.000982 3146.0
0.000522 -0.000982 3147.0
0.000522 -0.000983 3148.0
0.000522 -0.000983 3149.0
0.000522 -0.000983 3150.0
0.000521 -0.000984 3151.0
0.000521 -0.000984 3152.0
0.000521 -0.000985 3153.0
0.000521 -0.000985 3154.0
0.000520 -0.000986 3155.0
0.000520 -0.000986 3156.0
0.000520 -0.000987 3157.0
0.000517 -0.000984 3158.0
0.000517 -0.000984 3159.0
0.000516 -0.000984 3160.0
0.000515 -0.000984 3161.0
0.000515 -0.000984 3162.0
0.000514 -0.000984 3163.0
0.000513 -0.000984 3164.0
0.000512 -0.000984 3165.0
0.000512 -0.000983 3166.0
0.000511 -0.000983 3167.0
0.000510 -0.000983 3168.0
0.000510 -0.000983 3169.0
0.000509 -0.000983 3170.0
0.000508 -0.000983 3171.0
0.000507 -0.000983 3172.0
0.000507 -0.000983 3173.0
0.000506 -0.000983 3174.0
0.000505 -0.000983 3175.0
0.000505 -0.000983 3176.0
0.000504 -0.000983 3177.0
0.000503 -0.000983 3178.0
0.000503 -0.000983 3179.0
0.000502 -0.000983 3180.0
0.000501 -0.000983 3181.0
0.000500 -0.000982 3182.0
0.000500 -0.000982 3183.0
0.000499 -0.000982 3184.0
0.000498 -0.000982 3185.0
0.000498 -0.000982 3186.0
0.000497 -0.000982 3187.0
0.000496 -0.000982 3188.0
0.000496 -0.000982 3189.0
0.000495 -0.000982 3190.0
0.000494 -0.000982 3191.0
0.000493 -0.000982 3192.0
0.000493 -0.000982 3193.0
0.000492 -0.000982 3194.0
0.000491 -0.000982 3195.0
0.000491 -0.000982 3196.0
0.000490 -0.000982 3197.0
0.000489 -0.000982 3198.0
0.000489 -0.000981 3199.0
0.000488 -0.000981 3200.0
0.000487 -0.000981 3201.0
0.000486 -0.000981 3202.0
0.000486 -0.000981 3203.0
0.000485 -0.000981 3204.0
0.000484 -0.000981 3205.0
0.000484 -0.000981 3206.0
0.000483 -0.000981 3207.0
0.000482 -0.000981 3208.0
0.000482 -0.000981 3209.0
0.000481 -0.000981 3210.0
0.000480 -0.000981 3211.0
0.000479 -0.000981 3212.0
0.000479 -0.000981 3213.0
0.000478 -0.000981 3214.0
0.000477 -0.000980 3215.0
0.000477 -0.000981 3216.0
0.000477 -0.000981 3217.0
0.000477 -0.000981 3218.0
0.000477 -0.000981 3219.0
0.000476 -0.000981 3220.0
0.000476 -0.000981 3221.0
0.000476 -0.000981 3222.0
0.000476 -0.000981 3223.0
0.000476 -0.000981 3224.0
0.000476 -0.000981 3225.0
0.000475 -0.000981 3226.0
0.000475 -0.000981 3227.0
0.000475 -0.000981 3228.0
0.000475 -0.000981 3229.0
0.000475 -0.000981 3230.0
0.000474 -0.000981 3231.0
0.000474 -0.000981 3232.0
0.000474 -0.000981 3233.0
0.000474 -0.000981 3234.0
0.000474 -0.000981 3235.0
0.000473 -0.000981 3236.0
0.000473 -0.000981 3237.0
0.000473 -0.000981 3238.0
0.000473 -0.000981 3239.0
0.000473 -0.000981 3240.0
0.000472 -0.000981 3241.0
0.000472 -0.000981 3242.0
0.000472 -0.000981 3243.0
0.000472 -0.000981 3244.0
0.000472 -0.000981 3245.0
0.000471 -0.000981 3246.0
0.000471 -0.000981 3247.0
0.000471 -0.000981 3248.0
0.000471 -0.000981 3249.0
0.000471 -0.000981 3250.0
0.000470 -0.000981 3251.0
0.000470 -0.000981 3252.0
0.000470 -0.000981 3253.0
0.000470 -0.000981 3254.0
0.000470 -0.000981 3255.0
0.000469 -0.000980 3256.0
0.000469 -0.000980 3257.0
0.000469 -0.000980 3258.0
0.000469 -0.000980 3259.0
0.000469 -0.000980 3260.0
0.000469 -0.000981 3261.0
0.000469 -0.000981 3262.0
0.000469 -0.000981 3263.0
0.000469 -0.000981 3264.0
0.000469 -0.000981 3265.0
0.000469 -0.000981 3266.0
0.000469 -0.000981 3267.0
0.000469 -0.000981 3268.0
0.000469 -0.000981 3269.0
0.000469 -0.000981 3270.0
0.000469 -0.000981 3271.0
0.000469 -0.000981 3272.0
0.000469 -0.000981 3273.0
0.000469 -0.000981 3274.0
0.000470 -0.000981 3275.0
0.000470 -0.000981 3276.0
0.000470 -0.000981 3277.0
0.000471 -0.000982 3278.0
0.000471 -0.000982 3279.0
0.000472 -0.000982 3280.0
0.000472 -0.000982 3281.0
0.000473 -0.000983 3282.0
0.000473 -0.000983 3283.0
0.000473 -0.000983 3284.0
0.000474 -0.000983 3285.0
0.000474 -0.000984 3286.0
0.000475 -0.000984 3287.0
0.000475 -0.000984 3288.0
0.000476 -0.000984 3289.0
0.000476 -0.000984 3290.0
0.000476 -0.000985 3291.0
0.000477 -0.000985 3292.0
0.000477 -0.000985 3293.0
0.000478 -0.000985 3294.0
0.000478 -0.000986 3295.0
0.000479 -0.000986 3296.0
0.000479 -0.000986 3297.0
0.000479 -0.000986 3298.0
0.000480 -0.000986 3299.0
0.000480 -0.000987 3300.0
0.000481 -0.000987 3301.0
0.000481 -0.000987 3302.0
0.000482 -0.000987 3303.0
0.000482 -0.000988 3304.0
0.000482 -0.000988 3305.0
0.000483 -0.000988 3306.0
0.000483 -0.000988 3307.0
0.000484 -0.000989 3308.0
0.000484 -0.000989 3309.0
0.000485 -0.000989 3310.0
0.000485 -0.000989 3311.0
0.000485 -0.000989 3312.0
0.000486 -0.000990 3313.0
0.000486 -0.000990 3314.0
0.000487 -0.000990 3315.0
0.000487 -0.000990 3316.0
0.000488 -0.000991 3317.0
0.000488 -0.000991 3318.0
0.000488 -0.000991 3319.0
0.000489 -0.000991 3320.0
0.000489 -0.000991 3321.0
0.000490 -0.000992 3322.0
0.000490 -0.000990 3323.0
0.000491 -0.000990 3324.0
0.000492 -0.000990 3325.0
0.000493 -0.000990 3326.0
0.000493 -0.000990 3327.0
0.000494 -0.000990 3328.0
0.000495 -0.000990 3329.0
0.000496 -0.000990 3330.0
0.000496 -0.000990 3331.0
0.000497 -0.000990 3332.0
0.000498 -0.000990 3333.0
0.000499 -0.000990 3334.0
0.000499 -0.000990 3335.0
0.000500 -0.000990 3336.0
0.000501 -0.000990 3337.0
0.000502 -0.000991 3338.0
0.000502 -0.000991 3339.0
0.000503 -0.000991 3340.0
0.000504 -0.000991 3341.0
0.000505 -0.000991 3342.0
0.000505 -0.000991 3343.0
0.000506 -0.000991 3344.0
0.000507 -0.000991 3345.0
0.000508 -0.000991 3346.0
0.000508 -0.000991 3347.0
0.000509 -0.000991 3348.0
0.000510 -0.000991 3349.0
0.000511 -0.000991 3350.0
0.000511 -0.000991 3351.0
0.000512 -0.000991 3352.0
0.000513 -0.000991 3353.0
0.000514 -0.000991 3354.0
0.000514 -0.000992 3355.0
0.000515 -0.000992 3356.0
0.000516 -0.000992 3357.0
0.000517 -0.000992 3358.0
0.000517 -0.000992 3359.0
0.000518 -0.000992 3360.0
0.000519 -0.000992 3361.0
0.000520 -0.000992 3362.0
0.000520 -0.000992 3363.0
0.000521 -0.000992 3364.0
0.000522 -0.000992 3365.0
0.000523 -0.000992 3366.0
0.000523 -0.000992 3367.0
0.000524 -0.000992 3368.0
0.000525 -0.000992 3369.0
0.000526 -0.000992 3370.0
0.000526 -0.000992 3371.0
0.000527 -0.000993 3372.0
0.000528 -0.000993 3373.0
0.000529 -0.000993 3374.0
0.000529 -0.000993 3375.0
0.000530 -0.000993 3376.0
0.000531 -0.000993 3377.0
0.000532 -0.000993 3378.0
0.000532 -0.000993 3379.0
0.000533 -0.000993 3380.0
0.000534 -0.000993 3381.0
0.000535 -0.000993 3382.0
0.000535 -0.000992 3383.0
0.000535 -0.000991 3384.0
0.000535 -0.000990 3385.0
0.000535 -0.000989 3386.0
0.000535 -0.000988 3387.0
0.000535 -0.000987 3388.0
0.000535 -0.000986 3389.0
0.000535 -0.000985 3390.0
0.000535 -0.000984 3391.0
0.000535 -0.000983 3392.0
0.000535 -0.000982 3393.0
0.000535 -0.000981 3394.0
0.000535 -0.000979 3395.0
0.000535 -0.000978 3396.0
0.000535 -0.000977 3397.0
0.000535 -0.000976 3398.0
0.000535 -0.000975 3399.0
0.000535 -0.000974 3400.0
0.000535 -0.000973 3401.0
0.000535 -0.000972 3402.0
0.000535 -0.000971 3403.0
0.000536 -0.000970 3404.0
0.000536 -0.000969 3405.0
0.000536 -0.000968 3406.0
0.000536 -0.000966 3407.0
0.000536 -0.000965 3408.0
0.000536 -0.000964 3409.0
0.000536 -0.000963 3410.0
0.000536 -0.000962 3411.0
0.000536 -0.000961 3412.0
0.000536 -0.000960 3413.0
0.000536 -0.000959 3414.0
0.000536 -0.000958 3415.0
0.000536 -0.000957 3416.0
0.000536 -0.000956 3417.0
0.000536 -0.000955 3418.0
0.000536 -0.000953 3419.0
0.000536 -0.000952 3420.0
0.000536 -0.000951 3421.0
0.000536 -0.000950 3422.0
0.000536 -0.000949 3423.0
0.000536 -0.000948 3424.0
0.000537 -0.000947 3425.0
0.000537 -0.000946 3426.0
0.000537 -0.000945 3427.0
0.000537 -0.000944 3428.0
0.000537 -0.000943 3429.0
0.000537 -0.000942 3430.0
0.000537 -0.000940 3431.0
0.000537 -0.000939 3432.0
0.000537 -0.000938 3433.0
0.000537 -0.000937 3434.0
0.000537 -0.000936 3435.0
0.000537 -0.000935 3436.0
0.000537 -0.000934 3437.0
0.000537 -0.000933 3438.0
0.000537 -0.000932 3439.0
0.000537 -0.000931 3440.0
0.000537 -0.000930 3441.0
0.000537 -0.000929 3442.0
0.000538 -0.000929 3443.0
0.000538 -0.000928 3444.0
0.000538 -0.000927 3445.0
0.000538 -0.000927 3446.0
0.000538 -0.000926 3447.0
0.000538 -0.000925 3448.0
0.000538 -0.000925 3449.0
0.000538 -0.000924 3450.0
0.000538 -0.000923 3451.0
0.000538 -0.000923 3452.0
0.000538 -0.000922 3453.0
0.000538 -0.000921 3454.0
0.000538 -0.000921 3455.0
0.000538 -0.000920 3456.0
0.000538 -0.000920 3457.0
0.000538 -0.000919 3458.0
0.000538 -0.000918 3459.0
0.000538 -0.000918 3460.0
0.000538 -0.000917 3461.0
0.000538 -0.000916 3462.0
0.000538 -0.000916 3463.0
0.000538 -0.000915 3464.0
0.000538 -0.000914 3465.0
0.000538 -0.000914 3466.0
0.000538 -0.000913 3467.0
0.000538 -0.000912 3468.0
0.000538 -0.000912 3469.0
0.000538 -0.000911 3470.0
0.000538 -0.000910 3471.0
0.000538 -0.000910 3472.0
0.000538 -0.000909 3473.0
0.000538 -0.000909 3474.0
0.000538 -0.000908 3475.0
0.000538 -0.000907 3476.0
0.000538 -0.000907 3477.0
0.000538 -0.000906 3478.0
0.000538 -0.000905 3479.0
0.000538 -0.000905 3480.0
0.000538 -0.000904 3481.0
0.000538 -0.000903 3482.0
0.000538 -0.000903 3483.0
0.000538 -0.000902 3484.0
0.000538 -0.000901 3485.0
0.000538 -0.000901 3486.0
0.000538 -0.000900 3487.0
0.000538 -0.000900 3488.0
0.000538 -0.000899 3489.0
0.000538 -0.000898 3490.0
0.000538 -0.000898 3491.0
0.000538 -0.000897 3492.0
0.000538 -0.000896 3493.0
0.000538 -0.000896 3494.0
0.000538 -0.000895 3495.0
0.000538 -0.000894 3496.0
0.000538 -0.000894 3497.0
0.000538 -0.000893 3498.0
0.000538 -0.000892 3499.0
0.000538 -0.000892 3500.0
0.000538 -0.000891 3501.0
0.000538 -0.000890 3502.0
0.000537 -0.000890 3503.0
0.000538 -0.000891 3504.0
0.000538 -0.000892 3505.0
0.000538 -0.000892 3506.0
0.000538 -0.000893 3507.0
0.000538 -0.000894 3508.0
0.000538 -0.000894 3509.0
0.000539 -0.000895 3510.0
0.000539 -0.000895 3511.0
0.000539 -0.000896 3512.0
0.000539 -0.000897 3513.0
0.000539 -0.000897 3514.0
0.000540 -0.000898 3515.0
0.000540 -0.000899 3516.0
0.000540 -0.000899 3517.0
0.000540 -0.000900 3518.0
0.000540 -0.000900 3519.0
0.000540 -0.000901 3520.0
0.000541 -0.000902 3521.0
0.000541 -0.000902 3522.0
0.000541 -0.000903 3523.0
0.000541 -0.000904 3524.0
0.000541 -0.000904 3525.0
0.000542 -0.000905 3526.0
0.000542 -0.000905 3527.0
0.000542 -0.000906 3528.0
0.000542 -0.000907 3529.0
0.000542 -0.000907 3530.0
0.000542 -0.000908 3531.0
0.000543 -0.000909 3532.0
0.000543 -0.000909 3533.0
0.000543 -0.000910 3534.0
0.000543 -0.000910 3535.0
0.000543 -0.000911 3536.0
0.000544 -0.000912 3537.0
0.000544 -0.000912 3538.0
0.000545 -0.000912 3539.0
