0.000789 -0.000727 12.0
0.000788 -0.000727 13.0
0.000788 -0.000726 14.0
0.000788 -0.000726 15.0
0.000788 -0.000725 16.0
0.000788 -0.000725 17.0
0.000787 -0.000724 18.0
0.000787 -0.000724 19.0
0.000787 -0.000724 20.0
0.000787 -0.000723 21.0
0.000787 -0.000723 22.0
0.000786 -0.000722 23.0
0.000786 -0.000722 24.0
0.000786 -0.000721 25.0
0.000786 -0.000721 26.0
0.000786 -0.000720 27.0
0.000785 -0.000720 28.0
0.000785 -0.000720 29.0
0.000785 -0.000719 30.0
0.000785 -0.000719 31.0
0.000785 -0.000718 32.0
0.000785 -0.000718 33.0
0.000784 -0.000717 34.0
0.000784 -0.000717 35.0
0.000784 -0.000716 36.0
0.000784 -0.000716 37.0
0.000784 -0.000716 38.0
0.000783 -0.000715 39.0
0.000783 -0.000715 40.0
0.000783 -0.000714 41.0
0.000783 -0.000714 42.0
0.000783 -0.000713 43.0
0.000782 -0.000713 44.0
0.000782 -0.000712 45.0
0.000782 -0.000712 46.0
0.000782 -0.000712 47.0
0.000782 -0.000711 48.0
0.000781 -0.000711 49.0
0.000781 -0.000710 50.0
0.000781 -0.000710 51.0
0.000781 -0.000709 52.0
0.000781 -0.000709 53.0
0.000781 -0.000708 54.0
0.000780 -0.000708 55.0
0.000780 -0.000708 56.0
0.000780 -0.000707 57.0
0.000780 -0.000707 58.0
0.000780 -0.000706 59.0
0.000779 -0.000706 60.0
0.000779 -0.000705 61.0
0.000779 -0.000705 62.0
0.000779 -0.000704 63.0
0.000779 -0.000704 64.0
0.000778 -0.000704 65.0
0.000778 -0.000703 66.0
0.000778 -0.000703 67.0
0.000778 -0.000702 68.0
0.000778 -0.000702 69.0
0.000777 -0.000701 70.0
0.000777 -0.000701 71.0
0.000777 -0.000700 72.0
0.000777 -0.000700 73.0
0.000777 -0.000700 74.0
0.000777 -0.000699 75.0
0.000774 -0.000701 76.0
0.000774 -0.000700 77.0
0.000775 -0.000699 78.0
0.000775 -0.000698 79.0
0.000775 -0.000697 80.0
0.000775 -0.000696 81.0
0.000775 -0.000695 82.0
0.000775 -0.000694 83.0
0.000775 -0.000693 84.0
0.000775 -0.000692 85.0
0.000775 -0.000691 86.0
0.000775 -0.000690 87.0
0.000776 -0.000689 88.0
0.000776 -0.000688 89.0
0.000776 -0.000687 90.0
0.000776 -0.000686 91.0
0.000776 -0.000685 92.0
0.000776 -0.000684 93.0
0.000776 -0.000683 94.0
0.000776 -0.000682 95.0
0.000776 -0.000681 96.0
0.000776 -0.000680 97.0
0.000777 -0.000679 98.0
0.000777 -0.000678 99.0
0.000777 -0.000677 100.0
0.000777 -0.000676 101.0
0.000777 -0.000675 102.0
0.000777 -0.000674 103.0
0.000777 -0.000673 104.0
0.000777 -0.000672 105.0
0.000777 -0.000671 106.0
0.000777 -0.000670 107.0
0.000778 -0.000669 108.0
0.000778 -0.000668 109.0
0.000778 -0.000667 110.0
0.000778 -0.000666 111.0
0.000778 -0.000665 112.0
0.000778 -0.000664 113.0
0.000778 -0.000663 114.0
0.000778 -0.000662 115.0
0.000778 -0.000661 116.0
0.000778 -0.000660 117.0
0.000779 -0.000659 118.0
0.000779 -0.000658 119.0
0.000779 -0.000657 120.0
0.000779 -0.000656 121.0
0.000780 -0.000656 122.0
0.000780 -0.000656 123.0
0.000780 -0.000656 124.0
0.000780 -0.000656 125.0
0.000780 -0.000656 126.0
0.000780 -0.000656 127.0
0.000780 -0.000656 128.0
0.000780 -0.000656 129.0
0.000780 -0.000656 130.0
0.000780 -0.000656 131.0
0.000780 -0.000656 132.0
0.000780 -0.000656 133.0
0.000780 -0.000656 134.0
0.000780 -0.000656 135.0
0.000780 -0.000656 136.0
0.000780 -0.000656 137.0
0.000780 -0.000656 138.0
0.000780 -0.000656 139.0
0.000780 -0.000656 140.0
0.000780 -0.000656 141.0
0.000780 -0.000656 142.0
0.000780 -0.000656 143.0
0.000780 -0.000656 144.0
0.000780 -0.000656 145.0
0.000780 -0.000656 146.0
0.000780 -0.000656 147.0
0.000780 -0.000656 148.0
0.000780 -0.000656 149.0
0.000780 -0.000656 150.0
0.000780 -0.000656 151.0
0.000780 -0.000656 152.0
0.000780 -0.000656 153.0
0.000780 -0.000656 154.0
0.000780 -0.000656 155.0
0.000780 -0.000656 156.0
0.000780 -0.000656 157.0
0.000781 -0.000656 158.0
0.000781 -0.000656 159.0
0.000781 -0.000656 160.0
0.000781 -0.000656 161.0
0.000781 -0.000656 162.0
0.000781 -0.000656 163.0
0.000781 -0.000656 164.0
0.000781 -0.000656 165.0
0.000781 -0.000656 166.0
0.000781 -0.000656 167.0
0.000781 -0.000656 168.0
0.000781 -0.000656 169.0
0.000781 -0.000656 170.0
0.000781 -0.000656 171.0
0.000781 -0.000656 172.0
0.000781 -0.000656 173.0
0.000781 -0.000656 174.0
0.000781 -0.000656 175.0
0.000781 -0.000656 176.0
0.000781 -0.000656 177.0
0.000781 -0.000656 178.0
0.000781 -0.000656 179.0
0.000781 -0.000656 180.0
0.000781 -0.000656 181.0
0.000781 -0.000655 182.0
0.000781 -0.000655 183.0
0.000781 -0.000655 184.0
0.000781 -0.000656 185.0
0.000781 -0.000655 186.0
0.000781 -0.000654 187.0
0.000781 -0.000654 188.0
0.000781 -0.000653 189.0
0.000781 -0.000652 190.0
0.000781 -0.000652 191.0
0.000781 -0.000651 192.0
0.000781 -0.000650 193.0
0.000781 -0.000650 194.0
0.000781 -0.000650 195.0
0.000781 -0.000649 196.0
0.000781 -0.000649 197.0
0.000781 -0.000648 198.0
0.000780 -0.000647 199.0
0.000780 -0.000647 200.0
0.000780 -0.000646 201.0
0.000780 -0.000646 202.0
0.000780 -0.000645 203.0
0.000780 -0.000645 204.0
0.000779 -0.000644 205.0
0.000779 -0.000643 206.0
0.000779 -0.000643 207.0
0.000779 -0.000642 208.0
0.000779 -0.000642 209.0
0.000778 -0.000641 210.0
0.000778 -0.000640 211.0
0.000778 -0.000640 212.0
0.000778 -0.000639 213.0
0.000778 -0.000639 214.0
0.000778 -0.000638 215.0
0.000777 -0.000638 216.0
0.000777 -0.000637 217.0
0.000777 -0.000636 218.0
0.000777 -0.000636 219.0
0.000777 -0.000635 220.0
0.000776 -0.000635 221.0
0.000776 -0.000634 222.0
0.000776 -0.000633 223.0
0.000776 -0.000633 224.0
0.000776 -0.000632 225.0
0.000775 -0.000632 226.0
0.000775 -0.000631 227.0
0.000775 -0.000630 228.0
0.000775 -0.000630 229.0
0.000775 -0.000629 230.0
0.000775 -0.000629 231.0
0.000774 -0.000628 232.0
0.000774 -0.000628 233.0
0.000774 -0.000627 234.0
0.000774 -0.000626 235.0
0.000774 -0.000626 236.0
0.000773 -0.000625 237.0
0.000773 -0.000625 238.0
0.000773 -0.000624 239.0
0.000773 -0.000623 240.0
0.000773 -0.000623 241.0
0.000773 -0.000622 242.0
0.000772 -0.000622 243.0
0.000772 -0.000621 244.0
0.000772 -0.000620 245.0
0.000772 -0.000620 246.0
0.000770 -0.000621 247.0
0.000770 -0.000620 248.0
0.000770 -0.000618 249.0
0.000770 -0.000617 250.0
0.000770 -0.000615 251.0
0.000771 -0.000614 252.0
0.000771 -0.000612 253.0
0.000771 -0.000611 254.0
0.000771 -0.000609 255.0
0.000771 -0.000608 256.0
0.000771 -0.000606 257.0
0.000772 -0.000605 258.0
0.000772 -0.000603 259.0
0.000772 -0.000602 260.0
0.000772 -0.000600 261.0
0.000772 -0.000599 262.0
0.000772 -0.000597 263.0
0.000772 -0.000596 264.0
0.000773 -0.000594 265.0
0.000773 -0.000593 266.0
0.000773 -0.000591 267.0
0.000773 -0.000590 268.0
0.000773 -0.000589 269.0
0.000773 -0.000587 270.0
0.000774 -0.000586 271.0
0.000774 -0.000584 272.0
0.000774 -0.000583 273.0
0.000774 -0.000581 274.0
0.000774 -0.000580 275.0
0.000774 -0.000578 276.0
0.000775 -0.000577 277.0
0.000775 -0.000575 278.0
0.000775 -0.000574 279.0
0.000775 -0.000572 280.0
0.000775 -0.000571 281.0
0.000775 -0.000569 282.0
0.000775 -0.000568 283.0
0.000776 -0.000566 284.0
0.000776 -0.000565 285.0
0.000776 -0.000563 286.0
0.000776 -0.000562 287.0
0.000776 -0.000560 288.0
0.000776 -0.000559 289.0
0.000777 -0.000557 290.0
0.000777 -0.000556 291.0
0.000777 -0.000555 292.0
0.000777 -0.000553 293.0
0.000777 -0.000552 294.0
0.000777 -0.000550 295.0
0.000778 -0.000549 296.0
0.000778 -0.000547 297.0
0.000778 -0.000546 298.0
0.000778 -0.000544 299.0
0.000778 -0.000543 300.0
0.000778 -0.000541 301.0
0.000779 -0.000540 302.0
0.000779 -0.000538 303.0
0.000779 -0.000537 304.0
0.000779 -0.000535 305.0
0.000779 -0.000534 306.0
0.000779 -0.000532 307.0
0.000782 -0.000533 308.0
0.000782 -0.000532 309.0
0.000782 -0.000532 310.0
0.000782 -0.000532 311.0
0.000782 -0.000531 312.0
0.000782 -0.000531 313.0
0.000782 -0.000530 314.0
0.000782 -0.000530 315.0
0.000782 -0.000530 316.0
0.000782 -0.000529 317.0
0.000782 -0.000529 318.0
0.000782 -0.000528 319.0
0.000782 -0.000528 320.0
0.000782 -0.000528 321.0
0.000782 -0.000527 322.0
0.000782 -0.000527 323.0
0.000782 -0.000526 324.0
0.000782 -0.000526 325.0
0.000782 -0.000526 326.0
0.000782 -0.000525 327.0
0.000782 -0.000525 328.0
0.000782 -0.000524 329.0
0.000782 -0.000524 330.0
0.000782 -0.000524 331.0
0.000782 -0.000523 332.0
0.000782 -0.000523 333.0
0.000782 -0.000522 334.0
0.000782 -0.000522 335.0
0.000782 -0.000522 336.0
0.000782 -0.000521 337.0
0.000782 -0.000521 338.0
0.000782 -0.000520 339.0
0.000782 -0.000520 340.0
0.000782 -0.000520 341.0
0.000782 -0.000519 342.0
0.000782 -0.000519 343.0
0.000782 -0.000518 344.0
0.000782 -0.000518 345.0
0.000782 -0.000518 346.0
0.000782 -0.000517 347.0
0.000782 -0.000517 348.0
0.000782 -0.000516 349.0
0.000782 -0.000516 350.0
0.000782 -0.000516 351.0
0.000782 -0.000515 352.0
0.000782 -0.000515 353.0
0.000782 -0.000514 354.0
0.000782 -0.000514 355.0
0.000782 -0.000514 356.0
0.000782 -0.000513 357.0
0.000782 -0.000513 358.0
0.000782 -0.000512 359.0
0.000782 -0.000512 360.0
0.000782 -0.000512 361.0
0.000782 -0.000511 362.0
0.000782 -0.000511 363.0
0.000782 -0.000510 364.0
0.000782 -0.000510 365.0
0.000782 -0.000510 366.0
0.000782 -0.000509 367.0
0.000782 -0.000509 368.0
0.000782 -0.000508 369.0
0.000782 -0.000508 370.0
0.000782 -0.000508 371.0
0.000782 -0.000507 372.0
0.000782 -0.000507 373.0
0.000782 -0.000507 374.0
0.000782 -0.000507 375.0
0.000782 -0.000507 376.0
0.000783 -0.000507 377.0
0.000783 -0.000507 378.0
0.000783 -0.000507 379.0
0.000783 -0.000506 380.0
0.000783 -0.000506 381.0
0.000783 -0.000506 382.0
0.000783 -0.000506 383.0
0.000783 -0.000506 384.0
0.000783 -0.000506 385.0
0.000783 -0.000506 386.0
0.000783 -0.000506 387.0
0.000783 -0.000506 388.0
0.000783 -0.000505 389.0
0.000783 -0.000505 390.0
0.000783 -0.000505 391.0
0.000783 -0.000505 392.0
0.000783 -0.000505 393.0
0.000783 -0.000505 394.0
0.000783 -0.000505 395.0
0.000783 -0.000505 396.0
0.000784 -0.000505 397.0
0.000784 -0.000504 398.0
0.000784 -0.000504 399.0
0.000784 -0.000504 400.0
0.000784 -0.000504 401.0
0.000784 -0.000504 402.0
0.000784 -0.000504 403.0
0.000784 -0.000504 404.0
0.000784 -0.000504 405.0
0.000784 -0.000504 406.0
0.000784 -0.000503 407.0
0.000784 -0.000503 408.0
0.000784 -0.000503 409.0
0.000784 -0.000503 410.0
0.000784 -0.000503 411.0
0.000784 -0.000503 412.0
0.000784 -0.000503 413.0
0.000784 -0.000503 414.0
0.000784 -0.000503 415.0
0.000784 -0.000502 416.0
0.000784 -0.000502 417.0
0.000785 -0.000502 418.0
0.000785 -0.000502 419.0
0.000785 -0.000502 420.0
0.000785 -0.000502 421.0
0.000785 -0.000502 422.0
0.000785 -0.000502 423.0
0.000785 -0.000502 424.0
0.000785 -0.000501 425.0
0.000785 -0.000501 426.0
0.000785 -0.000501 427.0
0.000785 -0.000502 428.0
0.000785 -0.000501 429.0
0.000786 -0.000500 430.0
0.000786 -0.000499 431.0
0.000786 -0.000498 432.0
0.000786 -0.000498 433.0
0.000786 -0.000497 434.0
0.000786 -0.000496 435.0
0.000786 -0.000495 436.0
0.000786 -0.000494 437.0
0.000786 -0.000494 438.0
0.000786 -0.000493 439.0
0.000786 -0.000492 440.0
0.000786 -0.000491 441.0
0.000786 -0.000490 442.0
0.000786 -0.000490 443.0
0.000786 -0.000489 444.0
0.000786 -0.000488 445.0
0.000786 -0.000487 446.0
0.000786 -0.000486 447.0
0.000787 -0.000485 448.0
0.000787 -0.000485 449.0
0.000787 -0.000484 450.0
0.000787 -0.000483 451.0
0.000787 -0.000482 452.0
0.000787 -0.000481 453.0
0.000787 -0.000481 454.0
0.000787 -0.000480 455.0
0.000787 -0.000479 456.0
0.000787 -0.000478 457.0
0.000787 -0.000477 458.0
0.000787 -0.000477 459.0
0.000787 -0.000476 460.0
0.000787 -0.000475 461.0
0.000787 -0.000474 462.0
0.000787 -0.000473 463.0
0.000787 -0.000473 464.0
0.000787 -0.000472 465.0
0.000788 -0.000471 466.0
0.000788 -0.000470 467.0
0.000788 -0.000469 468.0
0.000788 -0.000469 469.0
0.000788 -0.000468 470.0
0.000788 -0.000467 471.0
0.000788 -0.000466 472.0
0.000788 -0.000465 473.0
0.000788 -0.000465 474.0
0.000788 -0.000464 475.0
0.000788 -0.000463 476.0
0.000788 -0.000462 477.0
0.000788 -0.000461 478.0
0.000788 -0.000461 479.0
0.000788 -0.000460 480.0
0.000788 -0.000459 481.0
0.000788 -0.000458 482.0
0.000788 -0.000457 483.0
0.000789 -0.000457 484.0
0.000789 -0.000456 485.0
0.000789 -0.000455 486.0
0.000789 -0.000454 487.0
0.000789 -0.000453 488.0
0.000789 -0.000453 489.0
0.000789 -0.000452 490.0
0.000789 -0.000451 491.0
0.000789 -0.000450 492.0
0.000789 -0.000449 493.0
0.000789 -0.000449 494.0
0.000789 -0.000448 495.0
0.000789 -0.000447 496.0
0.000789 -0.000446 497.0
0.000789 -0.000445 498.0
0.000790 -0.000445 499.0
0.000790 -0.000445 500.0
0.000789 -0.000444 501.0
0.000788 -0.000443 502.0
0.000788 -0.000442 503.0
0.000787 -0.000441 504.0
0.000786 -0.000441 505.0
0.000786 -0.000440 506.0
0.000785 -0.000439 507.0
0.000784 -0.000438 508.0
0.000784 -0.000437 509.0
0.000783 -0.000436 510.0
0.000782 -0.000436 511.0
0.000782 -0.000435 512.0
0.000781 -0.000434 513.0
0.000780 -0.000433 514.0
0.000780 -0.000432 515.0
0.000779 -0.000432 516.0
0.000778 -0.000431 517.0
0.000778 -0.000430 518.0
0.000777 -0.000429 519.0
0.000776 -0.000428 520.0
0.000776 -0.000428 521.0
0.000775 -0.000427 522.0
0.000774 -0.000426 523.0
0.000774 -0.000425 524.0
0.000773 -0.000424 525.0
0.000773 -0.000423 526.0
0.000772 -0.000423 527.0
0.000771 -0.000422 528.0
0.000771 -0.000421 529.0
0.000770 -0.000420 530.0
0.000769 -0.000419 531.0
0.000769 -0.000419 532.0
0.000768 -0.000418 533.0
0.000767 -0.000417 534.0
0.000767 -0.000416 535.0
0.000766 -0.000415 536.0
0.000765 -0.000414 537.0
0.000765 -0.000414 538.0
0.000764 -0.000413 539.0
0.000763 -0.000412 540.0
0.000763 -0.000411 541.0
0.000762 -0.000410 542.0
0.000761 -0.000410 543.0
0.000761 -0.000409 544.0
0.000760 -0.000408 545.0
0.000759 -0.000407 546.0
0.000759 -0.000406 547.0
0.000758 -0.000406 548.0
0.000757 -0.000405 549.0
0.000757 -0.000404 550.0
0.000756 -0.000403 551.0
0.000755 -0.000402 552.0
0.000755 -0.000401 553.0
0.000754 -0.000401 554.0
0.000753 -0.000400 555.0
0.000753 -0.000399 556.0
0.000752 -0.000398 557.0
0.000752 -0.000397 558.0
0.000751 -0.000397 559.0
0.000750 -0.000396 560.0
0.000750 -0.000395 561.0
0.000749 -0.000394 562.0
0.000745 -0.000400 563.0
0.000744 -0.000400 564.0
0.000744 -0.000399 565.0
0.000743 -0.000399 566.0
0.000743 -0.000399 567.0
0.000742 -0.000398 568.0
0.000742 -0.000398 569.0
0.000741 -0.000397 570.0
0.000741 -0.000397 571.0
0.000740 -0.000396 572.0
0.000740 -0.000396 573.0
0.000739 -0.000395 574.0
0.000739 -0.000395 575.0
0.000738 -0.000395 576.0
0.000738 -0.000394 577.0
0.000737 -0.000394 578.0
0.000737 -0.000393 579.0
0.000736 -0.000393 580.0
0.000735 -0.000392 581.0
0.000735 -0.000392 582.0
0.000734 -0.000391 583.0
0.000734 -0.000391 584.0
0.000733 -0.000391 585.0
0.000733 -0.000390 586.0
0.000732 -0.000390 587.0
0.000732 -0.000389 588.0
0.000731 -0.000389 589.0
0.000731 -0.000388 590.0
0.000730 -0.000388 591.0
0.000730 -0.000387 592.0
0.000729 -0.000387 593.0
0.000729 -0.000387 594.0
0.000728 -0.000386 595.0
0.000727 -0.000388 596.0
0.000727 -0.000389 597.0
0.000726 -0.000389 598.0
0.000726 -0.000389 599.0
0.000725 -0.000390 600.0
0.000725 -0.000390 601.0
0.000724 -0.000390 602.0
0.000724 -0.000391 603.0
0.000723 -0.000391 604.0
0.000723 -0.000391 605.0
0.000722 -0.000392 606.0
0.000722 -0.000392 607.0
0.000721 -0.000392 608.0
0.000721 -0.000393 609.0
0.000721 -0.000393 610.0
0.000720 -0.000393 611.0
0.000720 -0.000394 612.0
0.000719 -0.000394 613.0
0.000719 -0.000394 614.0
0.000718 -0.000395 615.0
0.000718 -0.000395 616.0
0.000717 -0.000395 617.0
0.000717 -0.000396 618.0
0.000716 -0.000396 619.0
0.000716 -0.000396 620.0
0.000715 -0.000397 621.0
0.000715 -0.000397 622.0
0.000714 -0.000397 623.0
0.000714 -0.000398 624.0
0.000713 -0.000398 625.0
0.000713 -0.000398 626.0
0.000712 -0.000399 627.0
0.000712 -0.000399 628.0
0.000711 -0.000399 629.0
0.000711 -0.000400 630.0
0.000710 -0.000400 631.0
0.000710 -0.000400 632.0
0.000709 -0.000401 633.0
0.000709 -0.000401 634.0
0.000708 -0.000401 635.0
0.000708 -0.000402 636.0
0.000707 -0.000402 637.0
0.000707 -0.000402 638.0
0.000706 -0.000403 639.0
0.000706 -0.000403 640.0
0.000705 -0.000403 641.0
0.000705 -0.000404 642.0
0.000704 -0.000404 643.0
0.000704 -0.000404 644.0
0.000703 -0.000405 645.0
0.000703 -0.000405 646.0
0.000702 -0.000405 647.0
0.000702 -0.000406 648.0
0.000701 -0.000406 649.0
0.000701 -0.000406 650.0
0.000700 -0.000407 651.0
0.000700 -0.000407 652.0
0.000699 -0.000407 653.0
0.000699 -0.000408 654.0
0.000698 -0.000408 655.0
0.000698 -0.000408 656.0
0.000697 -0.000405 657.0
0.000697 -0.000404 658.0
0.000697 -0.000403 659.0
0.000698 -0.000402 660.0
0.000698 -0.000402 661.0
0.000699 -0.000401 662.0
0.000699 -0.000400 663.0
0.000699 -0.000399 664.0
0.000700 -0.000398 665.0
0.000700 -0.000398 666.0
0.000701 -0.000397 667.0
0.000701 -0.000396 668.0
0.000701 -0.000395 669.0
0.000702 -0.000394 670.0
0.000702 -0.000394 671.0
0.000702 -0.000393 672.0
0.000703 -0.000392 673.0
0.000703 -0.000391 674.0
0.000704 -0.000390 675.0
0.000704 -0.000389 676.0
0.000704 -0.000389 677.0
0.000705 -0.000388 678.0
0.000705 -0.000387 679.0
0.000706 -0.000386 680.0
0.000706 -0.000385 681.0
0.000706 -0.000385 682.0
0.000707 -0.000384 683.0
0.000707 -0.000383 684.0
0.000708 -0.000382 685.0
0.000708 -0.000381 686.0
0.000708 -0.000381 687.0
0.000709 -0.000380 688.0
0.000709 -0.000379 689.0
0.000710 -0.000378 690.0
0.000710 -0.000377 691.0
0.000710 -0.000377 692.0
0.000711 -0.000376 693.0
0.000711 -0.000375 694.0
0.000712 -0.000374 695.0
0.000712 -0.000373 696.0
0.000712 -0.000373 697.0
0.000713 -0.000372 698.0
0.000713 -0.000371 699.0
0.000714 -0.000370 700.0
0.000714 -0.000369 701.0
0.000714 -0.000369 702.0
0.000715 -0.000368 703.0
0.000715 -0.000367 704.0
0.000715 -0.000366 705.0
0.000716 -0.000365 706.0
0.000716 -0.000364 707.0
0.000717 -0.000364 708.0
0.000717 -0.000363 709.0
0.000717 -0.000362 710.0
0.000718 -0.000361 711.0
0.000718 -0.000360 712.0
0.000719 -0.000360 713.0
0.000719 -0.000359 714.0
0.000719 -0.000358 715.0
0.000720 -0.000357 716.0
0.000720 -0.000356 717.0
0.000721 -0.000356 718.0
0.000721 -0.000355 719.0
0.000721 -0.000354 720.0
0.000726 -0.000358 721.0
0.000727 -0.000356 722.0
0.000728 -0.000355 723.0
0.000729 -0.000353 724.0
0.000730 -0.000352 725.0
0.000731 -0.000350 726.0
0.000732 -0.000349 727.0
0.000733 -0.000348 728.0
0.000734 -0.000346 729.0
0.000735 -0.000345 730.0
0.000736 -0.000343 731.0
0.000737 -0.000342 732.0
0.000738 -0.000340 733.0
0.000739 -0.000339 734.0
0.000740 -0.000337 735.0
0.000741 -0.000336 736.0
0.000743 -0.000335 737.0
0.000744 -0.000333 738.0
0.000745 -0.000332 739.0
0.000746 -0.000330 740.0
0.000747 -0.000329 741.0
0.000748 -0.000327 742.0
0.000749 -0.000326 743.0
0.000750 -0.000325 744.0
0.000751 -0.000323 745.0
0.000752 -0.000322 746.0
0.000753 -0.000320 747.0
0.000754 -0.000319 748.0
0.000755 -0.000317 749.0
0.000756 -0.000316 750.0
0.000757 -0.000315 751.0
0.000758 -0.000313 752.0
0.000760 -0.000312 753.0
0.000761 -0.000310 754.0
0.000762 -0.000309 755.0
0.000763 -0.000307 756.0
0.000764 -0.000306 757.0
0.000765 -0.000304 758.0
0.000766 -0.000303 759.0
0.000767 -0.000302 760.0
0.000768 -0.000300 761.0
0.000769 -0.000299 762.0
0.000770 -0.000297 763.0
0.000771 -0.000296 764.0
0.000772 -0.000294 765.0
0.000773 -0.000293 766.0
0.000774 -0.000292 767.0
0.000775 -0.000290 768.0
0.000777 -0.000289 769.0
0.000778 -0.000287 770.0
0.000779 -0.000286 771.0
0.000780 -0.000284 772.0
0.000781 -0.000283 773.0
0.000782 -0.000282 774.0
0.000783 -0.000280 775.0
0.000784 -0.000279 776.0
0.000785 -0.000277 777.0
0.000786 -0.000276 778.0
0.000787 -0.000274 779.0
0.000788 -0.000273 780.0
0.000789 -0.000271 781.0
0.000790 -0.000270 782.0
0.000791 -0.000269 783.0
0.000792 -0.000267 784.0
0.000794 -0.000266 785.0
0.000795 -0.000264 786.0
0.000803 -0.000275 787.0
0.000804 -0.000273 788.0
0.000805 -0.000271 789.0
0.000806 -0.000269 790.0
0.000807 -0.000267 791.0
0.000808 -0.000265 792.0
0.000809 -0.000263 793.0
0.000810 -0.000261 794.0
0.000811 -0.000260 795.0
0.000812 -0.000258 796.0
0.000813 -0.000256 797.0
0.000814 -0.000254 798.0
0.000815 -0.000252 799.0
0.000816 -0.000250 800.0
0.000817 -0.000248 801.0
0.000818 -0.000246 802.0
0.000819 -0.000245 803.0
0.000820 -0.000243 804.0
0.000821 -0.000241 805.0
0.000822 -0.000239 806.0
0.000823 -0.000237 807.0
0.000824 -0.000235 808.0
0.000825 -0.000233 809.0
0.000826 -0.000231 810.0
0.000827 -0.000230 811.0
0.000828 -0.000228 812.0
0.000829 -0.000226 813.0
0.000830 -0.000224 814.0
0.000831 -0.000222 815.0
0.000832 -0.000220 816.0
0.000833 -0.000218 817.0
0.000834 -0.000216 818.0
0.000835 -0.000214 819.0
0.000836 -0.000213 820.0
0.000837 -0.000211 821.0
0.000839 -0.000209 822.0
0.000840 -0.000207 823.0
0.000841 -0.000205 824.0
0.000842 -0.000203 825.0
0.000843 -0.000201 826.0
0.000844 -0.000199 827.0
0.000845 -0.000198 828.0
0.000846 -0.000196 829.0
0.000847 -0.000194 830.0
0.000848 -0.000192 831.0
0.000849 -0.000190 832.0
0.000850 -0.000188 833.0
0.000851 -0.000186 834.0
0.000852 -0.000184 835.0
0.000853 -0.000183 836.0
0.000854 -0.000181 837.0
0.000855 -0.000179 838.0
0.000856 -0.000177 839.0
0.000857 -0.000175 840.0
0.000858 -0.000173 841.0
0.000859 -0.000171 842.0
0.000860 -0.000169 843.0
0.000861 -0.000167 844.0
0.000862 -0.000166 845.0
0.000863 -0.000164 846.0
0.000864 -0.000162 847.0
0.000865 -0.000160 848.0
0.000866 -0.000158 849.0
0.000867 -0.000156 850.0
0.000868 -0.000154 851.0
0.000869 -0.000152 852.0
0.000870 -0.000151 853.0
0.000871 -0.000149 854.0
0.000872 -0.000147 855.0
0.000873 -0.000145 856.0
0.000875 -0.000143 857.0
0.000876 -0.000141 858.0
0.000877 -0.000139 859.0
0.000878 -0.000137 860.0
0.000879 -0.000136 861.0
0.000880 -0.000134 862.0
0.000881 -0.000132 863.0
0.000882 -0.000130 864.0
0.000883 -0.000128 865.0
0.000884 -0.000126 866.0
0.000885 -0.000124 867.0
0.000886 -0.000122 868.0
0.000887 -0.000121 869.0
0.000888 -0.000119 870.0
0.000889 -0.000117 871.0
0.000890 -0.000115 872.0
0.000891 -0.000113 873.0
0.000892 -0.000111 874.0
0.000893 -0.000109 875.0
0.000894 -0.000107 876.0
0.000895 -0.000105 877.0
0.000896 -0.000104 878.0
0.000897 -0.000102 879.0
0.000898 -0.000100 880.0
0.000899 -0.000098 881.0
0.000900 -0.000096 882.0
0.000901 -0.000094 883.0
0.000902 -0.000092 884.0
0.000903 -0.000090 885.0
0.000904 -0.000089 886.0
0.000905 -0.000087 887.0
0.000906 -0.000085 888.0
0.000907 -0.000083 889.0
0.000908 -0.000081 890.0
0.000909 -0.000079 891.0
0.000926 -0.000095 892.0
0.000926 -0.000093 893.0
0.000926 -0.000091 894.0
0.000927 -0.000089 895.0
0.000927 -0.000087 896.0
0.000928 -0.000085 897.0
0.000928 -0.000083 898.0
0.000928 -0.000081 899.0
0.000929 -0.000079 900.0
0.000929 -0.000077 901.0
0.000930 -0.000075 902.0
0.000930 -0.000073 903.0
0.000930 -0.000071 904.0
0.000931 -0.000069 905.0
0.000931 -0.000067 906.0
0.000932 -0.000065 907.0
0.000932 -0.000063 908.0
0.000932 -0.000061 909.0
0.000933 -0.000059 910.0
0.000933 -0.000057 911.0
0.000934 -0.000055 912.0
0.000934 -0.000053 913.0
0.000934 -0.000051 914.0
0.000935 -0.000049 915.0
0.000935 -0.000047 916.0
0.000936 -0.000045 917.0
0.000936 -0.000043 918.0
0.000937 -0.000041 919.0
0.000937 -0.000039 920.0
0.000937 -0.000037 921.0
0.000938 -0.000035 922.0
0.000938 -0.000033 923.0
0.000939 -0.000031 924.0
0.000939 -0.000029 925.0
0.000939 -0.000027 926.0
0.000940 -0.000025 927.0
0.000940 -0.000023 928.0
0.000941 -0.000021 929.0
0.000941 -0.000020 930.0
0.000941 -0.000018 931.0
0.000942 -0.000016 932.0
0.000942 -0.000014 933.0
0.000943 -0.000012 934.0
0.000943 -0.000010 935.0
0.000943 -0.000008 936.0
0.000944 -0.000006 937.0
0.000944 -0.000004 938.0
0.000945 -0.000002 939.0
0.000945 0.000000 940.0
0.000945 0.000002 941.0
0.000946 0.000004 942.0
0.000946 0.000006 943.0
0.000947 0.000008 944.0
0.000947 0.000010 945.0
0.000947 0.000012 946.0
0.000948 0.000014 947.0
0.000948 0.000016 948.0
0.000949 0.000018 949.0
0.000949 0.000020 950.0
0.000949 0.000022 951.0
0.000955 0.000020 952.0
0.000955 0.000022 953.0
0.000955 0.000024 954.0
0.000956 0.000027 955.0
0.000956 0.000029 956.0
0.000956 0.000031 957.0
0.000957 0.000033 958.0
0.000957 0.000036 959.0
0.000957 0.000038 960.0
0.000957 0.000040 961.0
0.000958 0.000042 962.0
0.000958 0.000044 963.0
0.000958 0.000047 964.0
0.000959 0.000049 965.0
0.000959 0.000051 966.0
0.000959 0.000053 967.0
0.000959 0.000055 968.0
0.000960 0.000058 969.0
0.000960 0.000060 970.0
0.000960 0.000062 971.0
0.000961 0.000064 972.0
0.000961 0.000067 973.0
0.000961 0.000069 974.0
0.000962 0.000071 975.0
0.000962 0.000073 976.0
0.000962 0.000075 977.0
0.000962 0.000078 978.0
0.000963 0.000080 979.0
0.000963 0.000082 980.0
0.000963 0.000084 981.0
0.000964 0.000086 982.0
0.000964 0.000089 983.0
0.000964 0.000091 984.0
0.000964 0.000093 985.0
0.000965 0.000095 986.0
0.000965 0.000098 987.0
0.000965 0.000100 988.0
0.000966 0.000102 989.0
0.000966 0.000104 990.0
0.000966 0.000106 991.0
0.000966 0.000109 992.0
0.000967 0.000111 993.0
0.000967 0.000113 994.0
0.000967 0.000115 995.0
0.000968 0.000117 996.0
0.000968 0.000120 997.0
0.000968 0.000122 998.0
0.000968 0.000124 999.0
0.000969 0.000126 1000.0
0.000969 0.000129 1001.0
0.000969 0.000131 1002.0
0.000970 0.000133 1003.0
0.000970 0.000135 1004.0
0.000970 0.000137 1005.0
0.000971 0.000140 1006.0
0.000971 0.000142 1007.0
0.000975 0.000141 1008.0
0.000975 0.000143 1009.0
0.000975 0.000145 1010.0
0.000975 0.000147 1011.0
0.000975 0.000149 1012.0
0.000976 0.000151 1013.0
0.000976 0.000153 1014.0
0.000976 0.000155 1015.0
0.000976 0.000157 1016.0
0.000976 0.000160 1017.0
0.000977 0.000162 1018.0
0.000977 0.000164 1019.0
0.000977 0.000166 1020.0
0.000977 0.000168 1021.0
0.000977 0.000170 1022.0
0.000978 0.000172 1023.0
0.000978 0.000174 1024.0
0.000978 0.000176 1025.0
0.000978 0.000178 1026.0
0.000978 0.000180 1027.0
0.000978 0.000182 1028.0
0.000979 0.000184 1029.0
0.000979 0.000186 1030.0
0.000979 0.000188 1031.0
0.000979 0.000191 1032.0
0.000979 0.000193 1033.0
0.000980 0.000195 1034.0
0.000980 0.000197 1035.0
0.000980 0.000199 1036.0
0.000980 0.000201 1037.0
0.000980 0.000203 1038.0
0.000981 0.000205 1039.0
0.000981 0.000207 1040.0
0.000981 0.000209 1041.0
0.000981 0.000211 1042.0
0.000981 0.000213 1043.0
0.000982 0.000215 1044.0
0.000982 0.000217 1045.0
0.000982 0.000219 1046.0
0.000982 0.000221 1047.0
0.000982 0.000224 1048.0
0.000983 0.000226 1049.0
0.000983 0.000228 1050.0
0.000983 0.000230 1051.0
0.000983 0.000232 1052.0
0.000983 0.000234 1053.0
0.000984 0.000236 1054.0
0.000984 0.000238 1055.0
0.000984 0.000240 1056.0
0.000984 0.000242 1057.0
0.000984 0.000244 1058.0
0.000985 0.000246 1059.0
0.000985 0.000248 1060.0
0.000985 0.000250 1061.0
0.000985 0.000252 1062.0
0.000985 0.000255 1063.0
0.000986 0.000257 1064.0
0.000986 0.000259 1065.0
0.000986 0.000261 1066.0
0.000986 0.000263 1067.0
0.000986 0.000265 1068.0
0.000987 0.000267 1069.0
0.000987 0.000269 1070.0
0.000987 0.000271 1071.0
0.000987 0.000273 1072.0
0.000987 0.000275 1073.0
0.000988 0.000277 1074.0
0.000988 0.000279 1075.0
0.000988 0.000281 1076.0
0.000988 0.000283 1077.0
0.000988 0.000285 1078.0
0.000988 0.000288 1079.0
0.000989 0.000290 1080.0
0.000989 0.000292 1081.0
0.000989 0.000294 1082.0
0.000989 0.000296 1083.0
0.000989 0.000298 1084.0
0.000990 0.000300 1085.0
0.000990 0.000302 1086.0
0.000990 0.000304 1087.0
0.000990 0.000306 1088.0
0.000990 0.000308 1089.0
0.000991 0.000310 1090.0
0.000991 0.000312 1091.0
0.000991 0.000314 1092.0
0.000991 0.000316 1093.0
0.000991 0.000319 1094.0
0.000992 0.000321 1095.0
0.000992 0.000323 1096.0
0.000992 0.000325 1097.0
0.000992 0.000327 1098.0
0.000992 0.000329 1099.0
0.000993 0.000331 1100.0
0.000993 0.000333 1101.0
0.000993 0.000335 1102.0
0.000993 0.000337 1103.0
0.000993 0.000339 1104.0
0.000994 0.000341 1105.0
0.000994 0.000343 1106.0
0.000994 0.000345 1107.0
0.000994 0.000347 1108.0
0.000994 0.000349 1109.0
0.000995 0.000352 1110.0
0.000995 0.000354 1111.0
0.000995 0.000356 1112.0
0.000995 0.000358 1113.0
0.000995 0.000360 1114.0
0.000996 0.000362 1115.0
0.000996 0.000364 1116.0
0.000996 0.000366 1117.0
0.000996 0.000368 1118.0
0.000996 0.000370 1119.0
0.000997 0.000372 1120.0
0.000997 0.000374 1121.0
0.000997 0.000376 1122.0
0.000997 0.000378 1123.0
0.000997 0.000380 1124.0
0.000998 0.000383 1125.0
0.000998 0.000385 1126.0
0.000998 0.000387 1127.0
0.000998 0.000389 1128.0
0.000998 0.000391 1129.0
0.000999 0.000393 1130.0
0.000999 0.000395 1131.0
0.001004 0.000394 1132.0
0.001004 0.000396 1133.0
0.001004 0.000399 1134.0
0.001004 0.000401 1135.0
0.001003 0.000404 1136.0
0.001003 0.000406 1137.0
0.001003 0.000409 1138.0
0.001003 0.000411 1139.0
0.001003 0.000414 1140.0
0.001003 0.000416 1141.0
0.001003 0.000419 1142.0
0.001002 0.000421 1143.0
0.001002 0.000424 1144.0
0.001002 0.000426 1145.0
0.001002 0.000429 1146.0
0.001002 0.000431 1147.0
0.001002 0.000433 1148.0
0.001001 0.000436 1149.0
0.001001 0.000438 1150.0
0.001001 0.000441 1151.0
0.001001 0.000443 1152.0
0.001001 0.000446 1153.0
0.001001 0.000448 1154.0
0.001001 0.000451 1155.0
0.001000 0.000453 1156.0
0.001000 0.000456 1157.0
0.001000 0.000458 1158.0
0.001000 0.000461 1159.0
0.001000 0.000463 1160.0
0.001000 0.000465 1161.0
0.000999 0.000468 1162.0
0.000999 0.000470 1163.0
0.000999 0.000473 1164.0
0.000999 0.000475 1165.0
0.000999 0.000478 1166.0
0.000999 0.000480 1167.0
0.000998 0.000483 1168.0
0.000998 0.000485 1169.0
0.000998 0.000488 1170.0
0.000998 0.000490 1171.0
0.000998 0.000493 1172.0
0.000998 0.000495 1173.0
0.000998 0.000498 1174.0
0.000997 0.000500 1175.0
0.000997 0.000502 1176.0
0.000997 0.000505 1177.0
0.000997 0.000507 1178.0
0.000997 0.000510 1179.0
0.000997 0.000512 1180.0
0.000996 0.000515 1181.0
0.000994 0.000515 1182.0
0.000995 0.000516 1183.0
0.000997 0.000517 1184.0
0.000998 0.000518 1185.0
0.000999 0.000519 1186.0
0.001000 0.000520 1187.0
0.001001 0.000521 1188.0
0.001002 0.000522 1189.0
0.001003 0.000523 1190.0
0.001004 0.000524 1191.0
0.001005 0.000525 1192.0
0.001006 0.000526 1193.0
0.001007 0.000527 1194.0
0.001008 0.000528 1195.0
0.001009 0.000529 1196.0
0.001010 0.000530 1197.0
0.001011 0.000531 1198.0
0.001012 0.000532 1199.0
0.001014 0.000533 1200.0
0.001015 0.000534 1201.0
0.001016 0.000535 1202.0
0.001017 0.000536 1203.0
0.001018 0.000537 1204.0
0.001019 0.000538 1205.0
0.001020 0.000539 1206.0
0.001021 0.000540 1207.0
0.001022 0.000541 1208.0
0.001023 0.000542 1209.0
0.001024 0.000543 1210.0
0.001025 0.000544 1211.0
0.001026 0.000545 1212.0
0.001027 0.000546 1213.0
0.001028 0.000547 1214.0
0.001029 0.000548 1215.0
0.001031 0.000549 1216.0
0.001032 0.000550 1217.0
0.001033 0.000551 1218.0
0.001034 0.000552 1219.0
0.001035 0.000553 1220.0
0.001036 0.000554 1221.0
0.001037 0.000555 1222.0
0.001038 0.000556 1223.0
0.001039 0.000557 1224.0
0.001040 0.000558 1225.0
0.001041 0.000559 1226.0
0.001042 0.000560 1227.0
0.001043 0.000561 1228.0
0.001044 0.000562 1229.0
0.001045 0.000563 1230.0
0.001047 0.000564 1231.0
0.001048 0.000565 1232.0
0.001049 0.000566 1233.0
0.001050 0.000567 1234.0
0.001051 0.000568 1235.0
0.001052 0.000569 1236.0
0.001053 0.000570 1237.0
0.001054 0.000571 1238.0
0.001055 0.000572 1239.0
0.001056 0.000573 1240.0
0.001057 0.000574 1241.0
0.001058 0.000575 1242.0
0.001059 0.000576 1243.0
0.001060 0.000577 1244.0
0.001061 0.000578 1245.0
0.001062 0.000579 1246.0
0.001067 0.000570 1247.0
0.001068 0.000571 1248.0
0.001069 0.000572 1249.0
0.001070 0.000573 1250.0
0.001071 0.000574 1251.0
0.001072 0.000575 1252.0
0.001073 0.000576 1253.0
0.001074 0.000578 1254.0
0.001075 0.000579 1255.0
0.001075 0.000580 1256.0
0.001076 0.000581 1257.0
0.001077 0.000582 1258.0
0.001078 0.000583 1259.0
0.001079 0.000584 1260.0
0.001080 0.000585 1261.0
0.001081 0.000586 1262.0
0.001082 0.000588 1263.0
0.001083 0.000589 1264.0
0.001084 0.000590 1265.0
0.001084 0.000591 1266.0
0.001085 0.000592 1267.0
0.001086 0.000593 1268.0
0.001087 0.000594 1269.0
0.001088 0.000595 1270.0
0.001089 0.000596 1271.0
0.001090 0.000598 1272.0
0.001091 0.000599 1273.0
0.001092 0.000600 1274.0
0.001093 0.000601 1275.0
0.001093 0.000602 1276.0
0.001094 0.000603 1277.0
0.001095 0.000604 1278.0
0.001096 0.000605 1279.0
0.001097 0.000606 1280.0
0.001098 0.000608 1281.0
0.001099 0.000609 1282.0
0.001100 0.000610 1283.0
0.001101 0.000611 1284.0
0.001102 0.000612 1285.0
0.001102 0.000613 1286.0
0.001103 0.000614 1287.0
0.001104 0.000615 1288.0
0.001105 0.000616 1289.0
0.001106 0.000617 1290.0
0.001107 0.000619 1291.0
0.001108 0.000620 1292.0
0.001109 0.000621 1293.0
0.001110 0.000622 1294.0
0.001111 0.000623 1295.0
0.001111 0.000624 1296.0
0.001112 0.000625 1297.0
0.001113 0.000626 1298.0
0.001114 0.000627 1299.0
0.001115 0.000629 1300.0
0.001116 0.000630 1301.0
0.001121 0.000623 1302.0
0.001121 0.000623 1303.0
0.001122 0.000624 1304.0
0.001123 0.000624 1305.0
0.001123 0.000625 1306.0
0.001124 0.000626 1307.0
0.001124 0.000626 1308.0
0.001125 0.000627 1309.0
0.001126 0.000628 1310.0
0.001126 0.000628 1311.0
0.001127 0.000629 1312.0
0.001128 0.000629 1313.0
0.001128 0.000630 1314.0
0.001129 0.000631 1315.0
0.001129 0.000631 1316.0
0.001130 0.000632 1317.0
0.001131 0.000632 1318.0
0.001131 0.000633 1319.0
0.001132 0.000634 1320.0
0.001132 0.000634 1321.0
0.001133 0.000635 1322.0
0.001134 0.000635 1323.0
0.001134 0.000636 1324.0
0.001135 0.000637 1325.0
0.001135 0.000637 1326.0
0.001136 0.000638 1327.0
0.001137 0.000638 1328.0
0.001137 0.000639 1329.0
0.001138 0.000640 1330.0
0.001138 0.000640 1331.0
0.001139 0.000641 1332.0
0.001140 0.000641 1333.0
0.001140 0.000642 1334.0
0.001141 0.000643 1335.0
0.001141 0.000643 1336.0
0.001142 0.000644 1337.0
0.001143 0.000644 1338.0
0.001143 0.000645 1339.0
0.001144 0.000646 1340.0
0.001144 0.000646 1341.0
0.001145 0.000647 1342.0
0.001146 0.000647 1343.0
0.001146 0.000648 1344.0
0.001147 0.000649 1345.0
0.001147 0.000649 1346.0
0.001148 0.000650 1347.0
0.001149 0.000650 1348.0
0.001149 0.000651 1349.0
0.001150 0.000652 1350.0
0.001151 0.000652 1351.0
0.001151 0.000653 1352.0
0.001152 0.000654 1353.0
0.001152 0.000654 1354.0
0.001153 0.000655 1355.0
0.001154 0.000655 1356.0
0.001154 0.000656 1357.0
0.001155 0.000657 1358.0
0.001155 0.000657 1359.0
0.001156 0.000658 1360.0
0.001157 0.000658 1361.0
0.001157 0.000659 1362.0
0.001158 0.000660 1363.0
0.001158 0.000660 1364.0
0.001159 0.000661 1365.0
0.001160 0.000661 1366.0
0.001160 0.000662 1367.0
0.001161 0.000663 1368.0
0.001164 0.000657 1369.0
0.001164 0.000657 1370.0
0.001165 0.000658 1371.0
0.001165 0.000658 1372.0
0.001166 0.000658 1373.0
0.001166 0.000659 1374.0
0.001167 0.000659 1375.0
0.001167 0.000659 1376.0
0.001168 0.000659 1377.0
0.001168 0.000660 1378.0
0.001169 0.000660 1379.0
0.001169 0.000660 1380.0
0.001170 0.000660 1381.0
0.001170 0.000661 1382.0
0.001171 0.000661 1383.0
0.001171 0.000661 1384.0
0.001172 0.000661 1385.0
0.001172 0.000662 1386.0
0.001173 0.000662 1387.0
0.001173 0.000662 1388.0
0.001174 0.000663 1389.0
0.001174 0.000663 1390.0
0.001175 0.000663 1391.0
0.001175 0.000663 1392.0
0.001176 0.000664 1393.0
0.001176 0.000664 1394.0
0.001177 0.000664 1395.0
0.001177 0.000664 1396.0
0.001178 0.000665 1397.0
0.001178 0.000665 1398.0
0.001179 0.000665 1399.0
0.001179 0.000665 1400.0
0.001180 0.000666 1401.0
0.001180 0.000666 1402.0
0.001181 0.000666 1403.0
0.001181 0.000667 1404.0
0.001182 0.000667 1405.0
0.001182 0.000667 1406.0
0.001183 0.000667 1407.0
0.001183 0.000668 1408.0
0.001184 0.000668 1409.0
0.001185 0.000668 1410.0
0.001185 0.000668 1411.0
0.001186 0.000669 1412.0
0.001186 0.000669 1413.0
0.001187 0.000669 1414.0
0.001187 0.000670 1415.0
0.001188 0.000670 1416.0
0.001188 0.000670 1417.0
0.001189 0.000670 1418.0
0.001189 0.000671 1419.0
0.001190 0.000671 1420.0
0.001190 0.000671 1421.0
0.001191 0.000671 1422.0
0.001191 0.000672 1423.0
0.001192 0.000672 1424.0
0.001192 0.000672 1425.0
0.001193 0.000672 1426.0
0.001193 0.000673 1427.0
0.001194 0.000673 1428.0
0.001194 0.000673 1429.0
0.001195 0.000674 1430.0
0.001195 0.000674 1431.0
0.001196 0.000674 1432.0
0.001196 0.000674 1433.0
0.001197 0.000671 1434.0
0.001198 0.000671 1435.0
0.001199 0.000671 1436.0
0.001199 0.000671 1437.0
0.001200 0.000671 1438.0
0.001201 0.000671 1439.0
0.001202 0.000671 1440.0
0.001203 0.000671 1441.0
0.001203 0.000671 1442.0
0.001204 0.000671 1443.0
0.001205 0.000670 1444.0
0.001206 0.000670 1445.0
0.001207 0.000670 1446.0
0.001207 0.000670 1447.0
0.001208 0.000670 1448.0
0.001209 0.000670 1449.0
0.001210 0.000670 1450.0
0.001211 0.000670 1451.0
0.001211 0.000670 1452.0
0.001212 0.000670 1453.0
0.001213 0.000669 1454.0
0.001214 0.000669 1455.0
0.001215 0.000669 1456.0
0.001215 0.000669 1457.0
0.001216 0.000669 1458.0
0.001217 0.000669 1459.0
0.001218 0.000669 1460.0
0.001219 0.000669 1461.0
0.001219 0.000669 1462.0
0.001220 0.000669 1463.0
0.001221 0.000669 1464.0
0.001222 0.000668 1465.0
0.001223 0.000668 1466.0
0.001223 0.000668 1467.0
0.001224 0.000668 1468.0
0.001225 0.000668 1469.0
0.001226 0.000668 1470.0
0.001227 0.000668 1471.0
0.001227 0.000668 1472.0
0.001228 0.000668 1473.0
0.001229 0.000668 1474.0
0.001230 0.000668 1475.0
0.001231 0.000667 1476.0
0.001231 0.000667 1477.0
0.001232 0.000667 1478.0
0.001233 0.000667 1479.0
0.001234 0.000667 1480.0
0.001234 0.000667 1481.0
0.001235 0.000667 1482.0
0.001236 0.000667 1483.0
0.001237 0.000667 1484.0
0.001238 0.000667 1485.0
0.001238 0.000667 1486.0
0.001239 0.000666 1487.0
0.001240 0.000666 1488.0
0.001241 0.000666 1489.0
0.001242 0.000666 1490.0
0.001242 0.000667 1491.0
0.001242 0.000667 1492.0
0.001243 0.000667 1493.0
0.001244 0.000667 1494.0
0.001245 0.000667 1495.0
0.001245 0.000667 1496.0
0.001246 0.000667 1497.0
0.001247 0.000667 1498.0
0.001247 0.000667 1499.0
0.001248 0.000666 1500.0
0.001249 0.000666 1501.0
0.001249 0.000666 1502.0
0.001250 0.000666 1503.0
0.001251 0.000666 1504.0
0.001252 0.000666 1505.0
0.001252 0.000666 1506.0
0.001253 0.000666 1507.0
0.001254 0.000666 1508.0
0.001254 0.000666 1509.0
0.001255 0.000666 1510.0
0.001256 0.000666 1511.0
0.001256 0.000666 1512.0
0.001257 0.000665 1513.0
0.001258 0.000665 1514.0
0.001258 0.000665 1515.0
0.001259 0.000665 1516.0
0.001260 0.000665 1517.0
0.001261 0.000665 1518.0
0.001261 0.000665 1519.0
0.001262 0.000665 1520.0
0.001263 0.000665 1521.0
0.001263 0.000665 1522.0
0.001264 0.000665 1523.0
0.001265 0.000665 1524.0
0.001265 0.000664 1525.0
0.001266 0.000664 1526.0
0.001267 0.000664 1527.0
0.001268 0.000664 1528.0
0.001268 0.000664 1529.0
0.001269 0.000664 1530.0
0.001270 0.000664 1531.0
0.001270 0.000664 1532.0
0.001271 0.000664 1533.0
0.001272 0.000664 1534.0
0.001272 0.000664 1535.0
0.001273 0.000664 1536.0
0.001274 0.000664 1537.0
0.001275 0.000663 1538.0
0.001275 0.000663 1539.0
0.001276 0.000663 1540.0
0.001277 0.000663 1541.0
0.001277 0.000663 1542.0
0.001278 0.000663 1543.0
0.001279 0.000663 1544.0
0.001279 0.000663 1545.0
0.001280 0.000663 1546.0
0.001281 0.000663 1547.0
0.001282 0.000663 1548.0
0.001282 0.000663 1549.0
0.001283 0.000662 1550.0
0.001284 0.000662 1551.0
0.001284 0.000663 1552.0
0.001284 0.000664 1553.0
0.001285 0.000664 1554.0
0.001285 0.000664 1555.0
0.001286 0.000665 1556.0
0.001286 0.000665 1557.0
0.001286 0.000665 1558.0
0.001287 0.000666 1559.0
0.001287 0.000666 1560.0
0.001288 0.000666 1561.0
0.001288 0.000667 1562.0
0.001289 0.000667 1563.0
0.001289 0.000667 1564.0
0.001290 0.000668 1565.0
0.001290 0.000668 1566.0
0.001291 0.000668 1567.0
0.001291 0.000669 1568.0
0.001292 0.000669 1569.0
0.001292 0.000669 1570.0
0.001292 0.000670 1571.0
0.001293 0.000670 1572.0
0.001293 0.000671 1573.0
0.001294 0.000671 1574.0
0.001294 0.000671 1575.0
0.001295 0.000672 1576.0
0.001295 0.000672 1577.0
0.001296 0.000672 1578.0
0.001296 0.000673 1579.0
0.001297 0.000673 1580.0
0.001297 0.000673 1581.0
0.001298 0.000674 1582.0
0.001298 0.000674 1583.0
0.001298 0.000674 1584.0
0.001299 0.000675 1585.0
0.001299 0.000675 1586.0
0.001300 0.000675 1587.0
0.001300 0.000676 1588.0
0.001301 0.000676 1589.0
0.001301 0.000676 1590.0
0.001302 0.000677 1591.0
0.001302 0.000677 1592.0
0.001303 0.000677 1593.0
0.001303 0.000678 1594.0
0.001304 0.000678 1595.0
0.001304 0.000678 1596.0
0.001304 0.000679 1597.0
0.001305 0.000679 1598.0
0.001305 0.000679 1599.0
0.001306 0.000680 1600.0
0.001306 0.000680 1601.0
0.001307 0.000680 1602.0
0.001307 0.000681 1603.0
0.001308 0.000678 1604.0
0.001308 0.000678 1605.0
0.001308 0.000678 1606.0
0.001308 0.000678 1607.0
0.001308 0.000678 1608.0
0.001308 0.000678 1609.0
0.001308 0.000678 1610.0
0.001308 0.000678 1611.0
0.001308 0.000678 1612.0
0.001307 0.000678 1613.0
0.001307 0.000678 1614.0
0.001307 0.000678 1615.0
0.001307 0.000678 1616.0
0.001307 0.000678 1617.0
0.001307 0.000678 1618.0
0.001307 0.000678 1619.0
0.001307 0.000678 1620.0
0.001306 0.000678 1621.0
0.001306 0.000678 1622.0
0.001306 0.000678 1623.0
0.001306 0.000678 1624.0
0.001306 0.000678 1625.0
0.001306 0.000678 1626.0
0.001306 0.000678 1627.0
0.001306 0.000678 1628.0
0.001306 0.000678 1629.0
0.001305 0.000678 1630.0
0.001305 0.000678 1631.0
0.001305 0.000678 1632.0
0.001305 0.000678 1633.0
0.001305 0.000678 1634.0
0.001305 0.000678 1635.0
0.001305 0.000678 1636.0
0.001305 0.000678 1637.0
0.001305 0.000678 1638.0
0.001305 0.000678 1639.0
0.001305 0.000678 1640.0
0.001305 0.000678 1641.0
0.001305 0.000678 1642.0
0.001305 0.000678 1643.0
0.001305 0.000678 1644.0
0.001306 0.000678 1645.0
0.001306 0.000678 1646.0
0.001306 0.000678 1647.0
0.001306 0.000678 1648.0
0.001306 0.000678 1649.0
0.001306 0.000678 1650.0
0.001306 0.000678 1651.0
0.001307 0.000678 1652.0
0.001307 0.000678 1653.0
0.001307 0.000678 1654.0
0.001307 0.000678 1655.0
0.001307 0.000678 1656.0
0.001307 0.000678 1657.0
0.001307 0.000678 1658.0
0.001307 0.000678 1659.0
0.001308 0.000678 1660.0
0.001308 0.000678 1661.0
0.001308 0.000678 1662.0
0.001308 0.000678 1663.0
0.001308 0.000678 1664.0
0.001308 0.000678 1665.0
0.001308 0.000678 1666.0
0.001309 0.000678 1667.0
0.001309 0.000678 1668.0
0.001309 0.000678 1669.0
0.001309 0.000678 1670.0
0.001309 0.000678 1671.0
0.001309 0.000678 1672.0
0.001309 0.000678 1673.0
0.001309 0.000678 1674.0
0.001310 0.000678 1675.0
0.001310 0.000678 1676.0
0.001310 0.000678 1677.0
0.001310 0.000678 1678.0
0.001310 0.000678 1679.0
0.001310 0.000678 1680.0
0.001310 0.000678 1681.0
0.001310 0.000678 1682.0
0.001311 0.000678 1683.0
0.001311 0.000677 1684.0
0.001311 0.000677 1685.0
0.001311 0.000677 1686.0
0.001311 0.000676 1687.0
0.001311 0.000676 1688.0
0.001311 0.000676 1689.0
0.001311 0.000676 1690.0
0.001311 0.000675 1691.0
0.001311 0.000675 1692.0
0.001311 0.000675 1693.0
0.001311 0.000674 1694.0
0.001311 0.000674 1695.0
0.001312 0.000674 1696.0
0.001312 0.000673 1697.0
0.001312 0.000673 1698.0
0.001312 0.000673 1699.0
0.001312 0.000672 1700.0
0.001312 0.000672 1701.0
0.001312 0.000672 1702.0
0.001312 0.000671 1703.0
0.001312 0.000671 1704.0
0.001312 0.000671 1705.0
0.001312 0.000670 1706.0
0.001312 0.000670 1707.0
0.001313 0.000670 1708.0
0.001313 0.000670 1709.0
0.001313 0.000669 1710.0
0.001313 0.000669 1711.0
0.001313 0.000669 1712.0
0.001313 0.000668 1713.0
0.001313 0.000668 1714.0
0.001313 0.000668 1715.0
0.001313 0.000667 1716.0
0.001313 0.000667 1717.0
0.001313 0.000667 1718.0
0.001313 0.000666 1719.0
0.001314 0.000666 1720.0
0.001314 0.000666 1721.0
0.001314 0.000665 1722.0
0.001314 0.000665 1723.0
0.001314 0.000665 1724.0
0.001314 0.000665 1725.0
0.001314 0.000664 1726.0
0.001314 0.000664 1727.0
0.001314 0.000664 1728.0
0.001314 0.000663 1729.0
0.001314 0.000663 1730.0
0.001314 0.000663 1731.0
0.001315 0.000662 1732.0
0.001315 0.000662 1733.0
0.001315 0.000662 1734.0
0.001315 0.000661 1735.0
0.001315 0.000661 1736.0
0.001315 0.000661 1737.0
0.001315 0.000660 1738.0
0.001315 0.000660 1739.0
0.001315 0.000660 1740.0
0.001315 0.000659 1741.0
0.001316 0.000660 1742.0
0.001316 0.000660 1743.0
0.001315 0.000660 1744.0
0.001315 0.000660 1745.0
0.001314 0.000660 1746.0
0.001314 0.000660 1747.0
0.001313 0.000660 1748.0
0.001313 0.000660 1749.0
0.001312 0.000660 1750.0
0.001312 0.000660 1751.0
0.001311 0.000660 1752.0
0.001311 0.000660 1753.0
0.001310 0.000661 1754.0
0.001310 0.000661 1755.0
0.001309 0.000661 1756.0
0.001309 0.000661 1757.0
0.001308 0.000661 1758.0
0.001308 0.000661 1759.0
0.001307 0.000661 1760.0
0.001307 0.000661 1761.0
0.001306 0.000661 1762.0
0.001306 0.000661 1763.0
0.001305 0.000661 1764.0
0.001305 0.000661 1765.0
0.001304 0.000661 1766.0
0.001304 0.000661 1767.0
0.001303 0.000661 1768.0
0.001303 0.000661 1769.0
0.001302 0.000661 1770.0
0.001302 0.000661 1771.0
0.001301 0.000661 1772.0
0.001301 0.000661 1773.0
0.001300 0.000661 1774.0
0.001300 0.000662 1775.0
0.001299 0.000662 1776.0
0.001299 0.000662 1777.0
0.001298 0.000662 1778.0
0.001298 0.000662 1779.0
0.001297 0.000662 1780.0
0.001297 0.000662 1781.0
0.001296 0.000662 1782.0
0.001296 0.000662 1783.0
0.001295 0.000662 1784.0
0.001295 0.000662 1785.0
0.001294 0.000662 1786.0
0.001294 0.000662 1787.0
0.001293 0.000662 1788.0
0.001293 0.000662 1789.0
0.001292 0.000662 1790.0
0.001292 0.000662 1791.0
0.001291 0.000662 1792.0
0.001291 0.000662 1793.0
0.001290 0.000662 1794.0
0.001290 0.000663 1795.0
0.001290 0.000663 1796.0
0.001289 0.000663 1797.0
0.001289 0.000663 1798.0
0.001288 0.000663 1799.0
0.001288 0.000663 1800.0
0.001287 0.000663 1801.0
0.001287 0.000662 1802.0
0.001286 0.000662 1803.0
0.001285 0.000662 1804.0
0.001284 0.000663 1805.0
0.001284 0.000663 1806.0
0.001283 0.000663 1807.0
0.001282 0.000663 1808.0
0.001281 0.000663 1809.0
0.001280 0.000663 1810.0
0.001279 0.000663 1811.0
0.001278 0.000663 1812.0
0.001278 0.000663 1813.0
0.001277 0.000663 1814.0
0.001276 0.000664 1815.0
0.001275 0.000664 1816.0
0.001274 0.000664 1817.0
0.001273 0.000664 1818.0
0.001272 0.000664 1819.0
0.001272 0.000664 1820.0
0.001271 0.000664 1821.0
0.001270 0.000664 1822.0
0.001269 0.000664 1823.0
0.001268 0.000665 1824.0
0.001267 0.000665 1825.0
0.001266 0.000665 1826.0
0.001266 0.000665 1827.0
0.001265 0.000665 1828.0
0.001264 0.000665 1829.0
0.001263 0.000665 1830.0
0.001262 0.000665 1831.0
0.001261 0.000665 1832.0
0.001260 0.000665 1833.0
0.001260 0.000666 1834.0
0.001259 0.000666 1835.0
0.001258 0.000666 1836.0
0.001257 0.000666 1837.0
0.001256 0.000666 1838.0
0.001255 0.000666 1839.0
0.001255 0.000666 1840.0
0.001254 0.000666 1841.0
0.001253 0.000666 1842.0
0.001252 0.000667 1843.0
0.001251 0.000667 1844.0
0.001250 0.000667 1845.0
0.001249 0.000667 1846.0
0.001249 0.000667 1847.0
0.001248 0.000667 1848.0
0.001247 0.000667 1849.0
0.001246 0.000667 1850.0
0.001245 0.000667 1851.0
0.001244 0.000667 1852.0
0.001243 0.000668 1853.0
0.001243 0.000668 1854.0
0.001242 0.000668 1855.0
0.001241 0.000668 1856.0
0.001240 0.000668 1857.0
0.001239 0.000668 1858.0
0.001238 0.000668 1859.0
0.001237 0.000668 1860.0
0.001237 0.000668 1861.0
0.001236 0.000667 1862.0
0.001236 0.000667 1863.0
0.001235 0.000667 1864.0
0.001235 0.000667 1865.0
0.001234 0.000667 1866.0
0.001234 0.000668 1867.0
0.001233 0.000668 1868.0
0.001233 0.000668 1869.0
0.001232 0.000668 1870.0
0.001232 0.000668 1871.0
0.001231 0.000668 1872.0
0.001230 0.000668 1873.0
0.001230 0.000668 1874.0
0.001229 0.000668 1875.0
0.001229 0.000668 1876.0
0.001228 0.000668 1877.0
0.001228 0.000668 1878.0
0.001227 0.000668 1879.0
0.001227 0.000668 1880.0
0.001226 0.000668 1881.0
0.001226 0.000668 1882.0
0.001225 0.000669 1883.0
0.001224 0.000669 1884.0
0.001224 0.000669 1885.0
0.001223 0.000669 1886.0
0.001223 0.000669 1887.0
0.001222 0.000669 1888.0
0.001222 0.000669 1889.0
0.001221 0.000669 1890.0
0.001221 0.000669 1891.0
0.001220 0.000669 1892.0
0.001219 0.000669 1893.0
0.001219 0.000669 1894.0
0.001218 0.000669 1895.0
0.001218 0.000669 1896.0
0.001217 0.000669 1897.0
0.001217 0.000669 1898.0
0.001216 0.000670 1899.0
0.001216 0.000670 1900.0
0.001215 0.000670 1901.0
0.001215 0.000670 1902.0
0.001214 0.000670 1903.0
0.001213 0.000670 1904.0
0.001213 0.000670 1905.0
0.001212 0.000670 1906.0
0.001212 0.000670 1907.0
0.001211 0.000670 1908.0
0.001211 0.000670 1909.0
0.001210 0.000670 1910.0
0.001210 0.000670 1911.0
0.001209 0.000670 1912.0
0.001209 0.000670 1913.0
0.001208 0.000671 1914.0
0.001207 0.000671 1915.0
0.001207 0.000671 1916.0
0.001206 0.000671 1917.0
0.001206 0.000671 1918.0
0.001205 0.000671 1919.0
0.001205 0.000671 1920.0
0.001204 0.000671 1921.0
0.001204 0.000671 1922.0
0.001203 0.000671 1923.0
0.001202 0.000671 1924.0
0.001202 0.000671 1925.0
0.001201 0.000671 1926.0
0.001201 0.000671 1927.0
0.001200 0.000671 1928.0
0.001200 0.000671 1929.0
0.001199 0.000672 1930.0
0.001199 0.000672 1931.0
0.001199 0.000671 1932.0
0.001198 0.000671 1933.0
0.001198 0.000671 1934.0
0.001198 0.000670 1935.0
0.001197 0.000670 1936.0
0.001197 0.000670 1937.0
0.001197 0.000670 1938.0
0.001196 0.000670 1939.0
0.001196 0.000670 1940.0
0.001196 0.000670 1941.0
0.001195 0.000670 1942.0
0.001195 0.000670 1943.0
0.001195 0.000670 1944.0
0.001194 0.000669 1945.0
0.001194 0.000669 1946.0
0.001194 0.000669 1947.0
0.001193 0.000669 1948.0
0.001193 0.000669 1949.0
0.001193 0.000669 1950.0
0.001192 0.000669 1951.0
0.001192 0.000669 1952.0
0.001191 0.000669 1953.0
0.001191 0.000669 1954.0
0.001191 0.000668 1955.0
0.001190 0.000668 1956.0
0.001190 0.000668 1957.0
0.001190 0.000668 1958.0
0.001189 0.000668 1959.0
0.001189 0.000668 1960.0
0.001189 0.000668 1961.0
0.001188 0.000668 1962.0
0.001188 0.000668 1963.0
0.001188 0.000668 1964.0
0.001187 0.000667 1965.0
0.001187 0.000667 1966.0
0.001187 0.000667 1967.0
0.001186 0.000667 1968.0
0.001186 0.000667 1969.0
0.001186 0.000667 1970.0
0.001185 0.000667 1971.0
0.001185 0.000667 1972.0
0.001185 0.000667 1973.0
0.001184 0.000667 1974.0
0.001184 0.000666 1975.0
0.001184 0.000666 1976.0
0.001183 0.000666 1977.0
0.001183 0.000666 1978.0
0.001183 0.000666 1979.0
0.001182 0.000666 1980.0
0.001182 0.000666 1981.0
0.001182 0.000666 1982.0
0.001181 0.000666 1983.0
0.001181 0.000665 1984.0
0.001181 0.000665 1985.0
0.001180 0.000665 1986.0
0.001180 0.000665 1987.0
0.001180 0.000665 1988.0
0.001179 0.000665 1989.0
0.001179 0.000665 1990.0
0.001179 0.000665 1991.0
0.001178 0.000665 1992.0
0.001178 0.000665 1993.0
0.001178 0.000664 1994.0
0.001177 0.000664 1995.0
0.001177 0.000664 1996.0
0.001177 0.000664 1997.0
0.001176 0.000664 1998.0
0.001176 0.000664 1999.0
0.001176 0.000664 2000.0
0.001175 0.000664 2001.0
0.001175 0.000664 2002.0
0.001175 0.000664 2003.0
0.001174 0.000665 2004.0
0.001174 0.000664 2005.0
0.001173 0.000663 2006.0
0.001172 0.000662 2007.0
0.001171 0.000661 2008.0
0.001171 0.000660 2009.0
0.001170 0.000659 2010.0
0.001169 0.000658 2011.0
0.001169 0.000657 2012.0
0.001168 0.000656 2013.0
0.001167 0.000655 2014.0
0.001166 0.000654 2015.0
0.001166 0.000653 2016.0
0.001165 0.000652 2017.0
0.001164 0.000651 2018.0
0.001163 0.000650 2019.0
0.001163 0.000649 2020.0
0.001162 0.000648 2021.0
0.001161 0.000647 2022.0
0.001161 0.000646 2023.0
0.001160 0.000645 2024.0
0.001159 0.000644 2025.0
0.001158 0.000643 2026.0
0.001158 0.000642 2027.0
0.001157 0.000641 2028.0
0.001156 0.000640 2029.0
0.001155 0.000639 2030.0
0.001155 0.000638 2031.0
0.001154 0.000637 2032.0
0.001153 0.000636 2033.0
0.001153 0.000635 2034.0
0.001152 0.000634 2035.0
0.001151 0.000633 2036.0
0.001150 0.000632 2037.0
0.001150 0.000631 2038.0
0.001149 0.000630 2039.0
0.001148 0.000629 2040.0
0.001147 0.000628 2041.0
0.001147 0.000627 2042.0
0.001146 0.000626 2043.0
0.001145 0.000625 2044.0
0.001145 0.000624 2045.0
0.001144 0.000623 2046.0
0.001143 0.000622 2047.0
0.001142 0.000621 2048.0
0.001142 0.000620 2049.0
0.001141 0.000619 2050.0
0.001140 0.000618 2051.0
0.001139 0.000617 2052.0
0.001139 0.000616 2053.0
0.001138 0.000615 2054.0
0.001137 0.000614 2055.0
0.001137 0.000613 2056.0
0.001136 0.000612 2057.0
0.001135 0.000612 2058.0
0.001134 0.000611 2059.0
0.001134 0.000610 2060.0
0.001133 0.000609 2061.0
0.001132 0.000608 2062.0
0.001131 0.000607 2063.0
0.001131 0.000606 2064.0
0.001126 0.000612 2065.0
0.001124 0.000611 2066.0
0.001122 0.000610 2067.0
0.001121 0.000608 2068.0
0.001119 0.000607 2069.0
0.001118 0.000606 2070.0
0.001116 0.000605 2071.0
0.001114 0.000604 2072.0
0.001113 0.000602 2073.0
0.001111 0.000601 2074.0
0.001110 0.000600 2075.0
0.001108 0.000599 2076.0
0.001106 0.000598 2077.0
0.001105 0.000596 2078.0
0.001103 0.000595 2079.0
0.001101 0.000594 2080.0
0.001100 0.000593 2081.0
0.001098 0.000592 2082.0
0.001097 0.000590 2083.0
0.001095 0.000589 2084.0
0.001093 0.000588 2085.0
0.001092 0.000587 2086.0
0.001090 0.000585 2087.0
0.001088 0.000584 2088.0
0.001087 0.000583 2089.0
0.001085 0.000582 2090.0
0.001084 0.000581 2091.0
0.001082 0.000579 2092.0
0.001080 0.000578 2093.0
0.001079 0.000577 2094.0
0.001077 0.000576 2095.0
0.001075 0.000575 2096.0
0.001074 0.000573 2097.0
0.001072 0.000572 2098.0
0.001071 0.000571 2099.0
0.001069 0.000570 2100.0
0.001067 0.000569 2101.0
0.001066 0.000567 2102.0
0.001064 0.000566 2103.0
0.001063 0.000565 2104.0
0.001061 0.000564 2105.0
0.001059 0.000563 2106.0
0.001058 0.000561 2107.0
0.001056 0.000560 2108.0
0.001054 0.000559 2109.0
0.001053 0.000558 2110.0
0.001051 0.000557 2111.0
0.001050 0.000555 2112.0
0.001048 0.000554 2113.0
0.001046 0.000553 2114.0
0.001045 0.000552 2115.0
0.001043 0.000551 2116.0
0.001041 0.000549 2117.0
0.001040 0.000548 2118.0
0.001038 0.000547 2119.0
0.001037 0.000546 2120.0
0.001032 0.000556 2121.0
0.001032 0.000554 2122.0
0.001032 0.000552 2123.0
0.001031 0.000550 2124.0
0.001031 0.000548 2125.0
0.001031 0.000546 2126.0
0.001031 0.000544 2127.0
0.001030 0.000542 2128.0
0.001030 0.000540 2129.0
0.001030 0.000538 2130.0
0.001030 0.000536 2131.0
0.001029 0.000534 2132.0
0.001029 0.000531 2133.0
0.001029 0.000529 2134.0
0.001029 0.000527 2135.0
0.001028 0.000525 2136.0
0.001028 0.000523 2137.0
0.001028 0.000521 2138.0
0.001028 0.000519 2139.0
0.001027 0.000517 2140.0
0.001027 0.000515 2141.0
0.001027 0.000513 2142.0
0.001027 0.000511 2143.0
0.001026 0.000509 2144.0
0.001026 0.000507 2145.0
0.001026 0.000505 2146.0
0.001026 0.000502 2147.0
0.001025 0.000500 2148.0
0.001025 0.000498 2149.0
0.001025 0.000496 2150.0
0.001025 0.000494 2151.0
0.001025 0.000492 2152.0
0.001024 0.000490 2153.0
0.001024 0.000488 2154.0
0.001024 0.000486 2155.0
0.001024 0.000484 2156.0
0.001023 0.000482 2157.0
0.001023 0.000480 2158.0
0.001023 0.000478 2159.0
0.001023 0.000475 2160.0
0.001022 0.000473 2161.0
0.001022 0.000471 2162.0
0.001022 0.000469 2163.0
0.001022 0.000467 2164.0
0.001021 0.000465 2165.0
0.001021 0.000463 2166.0
0.001021 0.000461 2167.0
0.001021 0.000459 2168.0
0.001020 0.000457 2169.0
0.001020 0.000455 2170.0
0.001020 0.000453 2171.0
0.001020 0.000451 2172.0
0.001019 0.000449 2173.0
0.001019 0.000446 2174.0
0.001019 0.000444 2175.0
0.001019 0.000442 2176.0
0.001018 0.000440 2177.0
0.001018 0.000438 2178.0
0.001018 0.000436 2179.0
0.001018 0.000434 2180.0
0.001014 0.000435 2181.0
0.001014 0.000432 2182.0
0.001014 0.000430 2183.0
0.001014 0.000427 2184.0
0.001014 0.000425 2185.0
0.001013 0.000423 2186.0
0.001013 0.000420 2187.0
0.001013 0.000418 2188.0
0.001013 0.000415 2189.0
0.001013 0.000413 2190.0
0.001013 0.000410 2191.0
0.001013 0.000408 2192.0
0.001013 0.000405 2193.0
0.001012 0.000403 2194.0
0.001012 0.000401 2195.0
0.001012 0.000398 2196.0
0.001012 0.000396 2197.0
0.001012 0.000393 2198.0
0.001012 0.000391 2199.0
0.001012 0.000388 2200.0
0.001012 0.000386 2201.0
0.001011 0.000384 2202.0
0.001011 0.000381 2203.0
0.001011 0.000379 2204.0
0.001011 0.000376 2205.0
0.001011 0.000374 2206.0
0.001011 0.000371 2207.0
0.001011 0.000369 2208.0
0.001011 0.000366 2209.0
0.001011 0.000364 2210.0
0.001010 0.000362 2211.0
0.001010 0.000359 2212.0
0.001010 0.000357 2213.0
0.001010 0.000354 2214.0
0.001010 0.000352 2215.0
0.001010 0.000349 2216.0
0.001010 0.000347 2217.0
0.001010 0.000345 2218.0
0.001009 0.000342 2219.0
0.001009 0.000340 2220.0
0.001009 0.000337 2221.0
0.001009 0.000335 2222.0
0.001009 0.000332 2223.0
0.001009 0.000330 2224.0
0.001009 0.000327 2225.0
0.001009 0.000325 2226.0
0.001008 0.000323 2227.0
0.001008 0.000320 2228.0
0.001008 0.000318 2229.0
0.001008 0.000315 2230.0
0.001008 0.000313 2231.0
0.001008 0.000310 2232.0
0.001008 0.000308 2233.0
0.001006 0.000308 2234.0
0.001006 0.000306 2235.0
0.001006 0.000304 2236.0
0.001005 0.000302 2237.0
0.001005 0.000300 2238.0
0.001005 0.000298 2239.0
0.001005 0.000295 2240.0
0.001004 0.000293 2241.0
0.001004 0.000291 2242.0
0.001004 0.000289 2243.0
0.001004 0.000287 2244.0
0.001003 0.000285 2245.0
0.001003 0.000283 2246.0
0.001003 0.000281 2247.0
0.001003 0.000279 2248.0
0.001002 0.000277 2249.0
0.001002 0.000274 2250.0
0.001002 0.000272 2251.0
0.001002 0.000270 2252.0
0.001002 0.000268 2253.0
0.001001 0.000266 2254.0
0.001001 0.000264 2255.0
0.001001 0.000262 2256.0
0.001001 0.000260 2257.0
0.001000 0.000258 2258.0
0.001000 0.000256 2259.0
0.001000 0.000253 2260.0
0.001000 0.000251 2261.0
0.000999 0.000249 2262.0
0.000999 0.000247 2263.0
0.000999 0.000245 2264.0
0.000999 0.000243 2265.0
0.000998 0.000241 2266.0
0.000998 0.000239 2267.0
0.000998 0.000237 2268.0
0.000998 0.000235 2269.0
0.000998 0.000233 2270.0
0.000997 0.000230 2271.0
0.000997 0.000228 2272.0
0.000997 0.000226 2273.0
0.000997 0.000224 2274.0
0.000996 0.000222 2275.0
0.000996 0.000220 2276.0
0.000996 0.000218 2277.0
0.000996 0.000216 2278.0
0.000995 0.000214 2279.0
0.000995 0.000212 2280.0
0.000995 0.000209 2281.0
0.000995 0.000207 2282.0
0.000994 0.000205 2283.0
0.000994 0.000203 2284.0
0.000994 0.000201 2285.0
0.000994 0.000199 2286.0
0.000994 0.000197 2287.0
0.000993 0.000195 2288.0
0.000993 0.000193 2289.0
0.000993 0.000191 2290.0
0.000993 0.000188 2291.0
0.000992 0.000186 2292.0
0.000992 0.000184 2293.0
0.000989 0.000185 2294.0
0.000988 0.000183 2295.0
0.000988 0.000181 2296.0
0.000988 0.000179 2297.0
0.000987 0.000177 2298.0
0.000987 0.000175 2299.0
0.000987 0.000173 2300.0
0.000986 0.000171 2301.0
0.000986 0.000169 2302.0
0.000986 0.000167 2303.0
0.000985 0.000165 2304.0
0.000985 0.000163 2305.0
0.000985 0.000161 2306.0
0.000984 0.000159 2307.0
0.000984 0.000156 2308.0
0.000984 0.000154 2309.0
0.000983 0.000152 2310.0
0.000983 0.000150 2311.0
0.000983 0.000148 2312.0
0.000982 0.000146 2313.0
0.000982 0.000144 2314.0
0.000982 0.000142 2315.0
0.000981 0.000140 2316.0
0.000981 0.000138 2317.0
0.000981 0.000136 2318.0
0.000980 0.000134 2319.0
0.000980 0.000132 2320.0
0.000980 0.000130 2321.0
0.000979 0.000128 2322.0
0.000979 0.000126 2323.0
0.000979 0.000124 2324.0
0.000978 0.000122 2325.0
0.000978 0.000120 2326.0
0.000978 0.000118 2327.0
0.000977 0.000116 2328.0
0.000977 0.000114 2329.0
0.000977 0.000112 2330.0
0.000976 0.000110 2331.0
0.000976 0.000108 2332.0
0.000976 0.000106 2333.0
0.000976 0.000104 2334.0
0.000975 0.000102 2335.0
0.000975 0.000100 2336.0
0.000975 0.000098 2337.0
0.000974 0.000096 2338.0
0.000974 0.000094 2339.0
0.000974 0.000091 2340.0
0.000973 0.000089 2341.0
0.000973 0.000087 2342.0
0.000973 0.000085 2343.0
0.000972 0.000083 2344.0
0.000972 0.000081 2345.0
0.000972 0.000079 2346.0
0.000971 0.000077 2347.0
0.000971 0.000075 2348.0
0.000971 0.000073 2349.0
0.000970 0.000071 2350.0
0.000970 0.000069 2351.0
0.000970 0.000067 2352.0
0.000969 0.000065 2353.0
0.000969 0.000063 2354.0
0.000969 0.000061 2355.0
0.000964 0.000062 2356.0
0.000963 0.000060 2357.0
0.000963 0.000057 2358.0
0.000962 0.000054 2359.0
0.000962 0.000052 2360.0
0.000962 0.000049 2361.0
0.000961 0.000046 2362.0
0.000961 0.000044 2363.0
0.000960 0.000041 2364.0
0.000960 0.000039 2365.0
0.000959 0.000036 2366.0
0.000959 0.000033 2367.0
0.000959 0.000031 2368.0
0.000958 0.000028 2369.0
0.000958 0.000025 2370.0
0.000957 0.000023 2371.0
0.000957 0.000020 2372.0
0.000956 0.000017 2373.0
0.000956 0.000015 2374.0
0.000956 0.000012 2375.0
0.000955 0.000009 2376.0
0.000955 0.000007 2377.0
0.000954 0.000004 2378.0
0.000954 0.000001 2379.0
0.000953 -0.000001 2380.0
0.000953 -0.000004 2381.0
0.000952 -0.000007 2382.0
0.000952 -0.000009 2383.0
0.000952 -0.000012 2384.0
0.000951 -0.000015 2385.0
0.000951 -0.000017 2386.0
0.000950 -0.000020 2387.0
0.000950 -0.000023 2388.0
0.000949 -0.000025 2389.0
0.000949 -0.000028 2390.0
0.000949 -0.000030 2391.0
0.000948 -0.000033 2392.0
0.000948 -0.000036 2393.0
0.000947 -0.000038 2394.0
0.000947 -0.000041 2395.0
0.000946 -0.000044 2396.0
0.000946 -0.000046 2397.0
0.000946 -0.000049 2398.0
0.000945 -0.000052 2399.0
0.000945 -0.000054 2400.0
0.000944 -0.000057 2401.0
0.000944 -0.000060 2402.0
0.000943 -0.000062 2403.0
0.000943 -0.000065 2404.0
0.000938 -0.000064 2405.0
0.000937 -0.000066 2406.0
0.000936 -0.000069 2407.0
0.000936 -0.000071 2408.0
0.000935 -0.000074 2409.0
0.000934 -0.000076 2410.0
0.000933 -0.000079 2411.0
0.000932 -0.000081 2412.0
0.000932 -0.000084 2413.0
0.000931 -0.000087 2414.0
0.000930 -0.000089 2415.0
0.000929 -0.000092 2416.0
0.000929 -0.000094 2417.0
0.000928 -0.000097 2418.0
0.000927 -0.000099 2419.0
0.000926 -0.000102 2420.0
0.000926 -0.000104 2421.0
0.000925 -0.000107 2422.0
0.000924 -0.000109 2423.0
0.000923 -0.000112 2424.0
0.000922 -0.000115 2425.0
0.000922 -0.000117 2426.0
0.000921 -0.000120 2427.0
0.000920 -0.000122 2428.0
0.000919 -0.000125 2429.0
0.000919 -0.000127 2430.0
0.000918 -0.000130 2431.0
0.000917 -0.000132 2432.0
0.000916 -0.000135 2433.0
0.000916 -0.000138 2434.0
0.000915 -0.000140 2435.0
0.000914 -0.000143 2436.0
0.000913 -0.000145 2437.0
0.000912 -0.000148 2438.0
0.000912 -0.000150 2439.0
0.000911 -0.000153 2440.0
0.000910 -0.000155 2441.0
0.000909 -0.000158 2442.0
0.000909 -0.000161 2443.0
0.000908 -0.000163 2444.0
0.000907 -0.000166 2445.0
0.000906 -0.000168 2446.0
0.000905 -0.000171 2447.0
0.000905 -0.000173 2448.0
0.000904 -0.000176 2449.0
0.000903 -0.000178 2450.0
0.000902 -0.000181 2451.0
0.000902 -0.000184 2452.0
0.000894 -0.000179 2453.0
0.000893 -0.000181 2454.0
0.000891 -0.000183 2455.0
0.000890 -0.000185 2456.0
0.000888 -0.000187 2457.0
0.000887 -0.000189 2458.0
0.000886 -0.000191 2459.0
0.000884 -0.000193 2460.0
0.000883 -0.000194 2461.0
0.000881 -0.000196 2462.0
0.000880 -0.000198 2463.0
0.000879 -0.000200 2464.0
0.000877 -0.000202 2465.0
0.000876 -0.000204 2466.0
0.000874 -0.000206 2467.0
0.000873 -0.000207 2468.0
0.000872 -0.000209 2469.0
0.000870 -0.000211 2470.0
0.000869 -0.000213 2471.0
0.000867 -0.000215 2472.0
0.000866 -0.000217 2473.0
0.000865 -0.000219 2474.0
0.000863 -0.000220 2475.0
0.000862 -0.000222 2476.0
0.000860 -0.000224 2477.0
0.000859 -0.000226 2478.0
0.000858 -0.000228 2479.0
0.000856 -0.000230 2480.0
0.000855 -0.000232 2481.0
0.000853 -0.000233 2482.0
0.000852 -0.000235 2483.0
0.000851 -0.000237 2484.0
0.000849 -0.000239 2485.0
0.000848 -0.000241 2486.0
0.000846 -0.000243 2487.0
0.000845 -0.000245 2488.0
0.000844 -0.000246 2489.0
0.000842 -0.000248 2490.0
0.000841 -0.000250 2491.0
0.000839 -0.000252 2492.0
0.000838 -0.000254 2493.0
0.000837 -0.000256 2494.0
0.000835 -0.000258 2495.0
0.000834 -0.000259 2496.0
0.000832 -0.000261 2497.0
0.000831 -0.000263 2498.0
0.000830 -0.000265 2499.0
0.000828 -0.000267 2500.0
0.000827 -0.000269 2501.0
0.000826 -0.000271 2502.0
0.000824 -0.000272 2503.0
0.000823 -0.000274 2504.0
0.000821 -0.000276 2505.0
0.000813 -0.000265 2506.0
0.000811 -0.000268 2507.0
0.000810 -0.000270 2508.0
0.000808 -0.000272 2509.0
0.000806 -0.000274 2510.0
0.000805 -0.000277 2511.0
0.000803 -0.000279 2512.0
0.000801 -0.000281 2513.0
0.000799 -0.000284 2514.0
0.000798 -0.000286 2515.0
0.000796 -0.000288 2516.0
0.000794 -0.000290 2517.0
0.000793 -0.000293 2518.0
0.000791 -0.000295 2519.0
0.000789 -0.000297 2520.0
0.000788 -0.000299 2521.0
0.000786 -0.000302 2522.0
0.000784 -0.000304 2523.0
0.000782 -0.000306 2524.0
0.000781 -0.000309 2525.0
0.000779 -0.000311 2526.0
0.000777 -0.000313 2527.0
0.000776 -0.000315 2528.0
0.000774 -0.000318 2529.0
0.000772 -0.000320 2530.0
0.000770 -0.000322 2531.0
0.000769 -0.000325 2532.0
0.000767 -0.000327 2533.0
0.000765 -0.000329 2534.0
0.000764 -0.000331 2535.0
0.000762 -0.000334 2536.0
0.000760 -0.000336 2537.0
0.000759 -0.000338 2538.0
0.000757 -0.000340 2539.0
0.000755 -0.000343 2540.0
0.000753 -0.000345 2541.0
0.000752 -0.000347 2542.0
0.000750 -0.000350 2543.0
0.000748 -0.000352 2544.0
0.000747 -0.000354 2545.0
0.000745 -0.000356 2546.0
0.000743 -0.000359 2547.0
0.000735 -0.000348 2548.0
0.000734 -0.000350 2549.0
0.000733 -0.000352 2550.0
0.000732 -0.000354 2551.0
0.000730 -0.000356 2552.0
0.000729 -0.000358 2553.0
0.000728 -0.000359 2554.0
0.000727 -0.000361 2555.0
0.000726 -0.000363 2556.0
0.000724 -0.000365 2557.0
0.000723 -0.000367 2558.0
0.000722 -0.000369 2559.0
0.000721 -0.000371 2560.0
0.000720 -0.000372 2561.0
0.000719 -0.000374 2562.0
0.000717 -0.000376 2563.0
0.000716 -0.000378 2564.0
0.000715 -0.000380 2565.0
0.000714 -0.000382 2566.0
0.000713 -0.000384 2567.0
0.000711 -0.000386 2568.0
0.000710 -0.000387 2569.0
0.000709 -0.000389 2570.0
0.000708 -0.000391 2571.0
0.000707 -0.000393 2572.0
0.000705 -0.000395 2573.0
0.000704 -0.000397 2574.0
0.000703 -0.000399 2575.0
0.000702 -0.000400 2576.0
0.000701 -0.000402 2577.0
0.000699 -0.000404 2578.0
0.000698 -0.000406 2579.0
0.000697 -0.000408 2580.0
0.000696 -0.000410 2581.0
0.000695 -0.000412 2582.0
0.000693 -0.000414 2583.0
0.000692 -0.000415 2584.0
0.000691 -0.000417 2585.0
0.000690 -0.000419 2586.0
0.000689 -0.000421 2587.0
0.000687 -0.000423 2588.0
0.000686 -0.000425 2589.0
0.000685 -0.000427 2590.0
0.000684 -0.000428 2591.0
0.000683 -0.000430 2592.0
0.000681 -0.000432 2593.0
0.000680 -0.000434 2594.0
0.000679 -0.000436 2595.0
0.000678 -0.000438 2596.0
0.000677 -0.000440 2597.0
0.000676 -0.000441 2598.0
0.000674 -0.000443 2599.0
0.000673 -0.000445 2600.0
0.000672 -0.000447 2601.0
0.000671 -0.000449 2602.0
0.000662 -0.000439 2603.0
0.000661 -0.000441 2604.0
0.000660 -0.000442 2605.0
0.000659 -0.000444 2606.0
0.000658 -0.000446 2607.0
0.000656 -0.000447 2608.0
0.000655 -0.000449 2609.0
0.000654 -0.000450 2610.0
0.000653 -0.000452 2611.0
0.000652 -0.000453 2612.0
0.000651 -0.000455 2613.0
0.000650 -0.000457 2614.0
0.000649 -0.000458 2615.0
0.000647 -0.000460 2616.0
0.000646 -0.000461 2617.0
0.000645 -0.000463 2618.0
0.000644 -0.000465 2619.0
0.000643 -0.000466 2620.0
0.000642 -0.000468 2621.0
0.000641 -0.000469 2622.0
0.000640 -0.000471 2623.0
0.000639 -0.000472 2624.0
0.000637 -0.000474 2625.0
0.000636 -0.000476 2626.0
0.000635 -0.000477 2627.0
0.000634 -0.000479 2628.0
0.000633 -0.000480 2629.0
0.000632 -0.000482 2630.0
0.000631 -0.000484 2631.0
0.000630 -0.000485 2632.0
0.000628 -0.000487 2633.0
0.000627 -0.000488 2634.0
0.000626 -0.000490 2635.0
0.000625 -0.000491 2636.0
0.000624 -0.000493 2637.0
0.000623 -0.000495 2638.0
0.000622 -0.000496 2639.0
0.000621 -0.000498 2640.0
0.000620 -0.000499 2641.0
0.000618 -0.000501 2642.0
0.000617 -0.000503 2643.0
0.000616 -0.000504 2644.0
0.000615 -0.000506 2645.0
0.000614 -0.000507 2646.0
0.000613 -0.000509 2647.0
0.000612 -0.000511 2648.0
0.000611 -0.000512 2649.0
0.000609 -0.000514 2650.0
0.000608 -0.000515 2651.0
0.000607 -0.000517 2652.0
0.000606 -0.000518 2653.0
0.000605 -0.000520 2654.0
0.000604 -0.000522 2655.0
0.000603 -0.000523 2656.0
0.000602 -0.000525 2657.0
0.000600 -0.000526 2658.0
0.000599 -0.000528 2659.0
0.000598 -0.000530 2660.0
0.000597 -0.000531 2661.0
0.000589 -0.000521 2662.0
0.000589 -0.000521 2663.0
0.000588 -0.000520 2664.0
0.000588 -0.000520 2665.0
0.000588 -0.000519 2666.0
0.000587 -0.000519 2667.0
0.000587 -0.000518 2668.0
0.000587 -0.000518 2669.0
0.000586 -0.000517 2670.0
0.000586 -0.000517 2671.0
0.000586 -0.000516 2672.0
0.000585 -0.000516 2673.0
0.000585 -0.000515 2674.0
0.000584 -0.000515 2675.0
0.000584 -0.000515 2676.0
0.000584 -0.000514 2677.0
0.000583 -0.000514 2678.0
0.000583 -0.000513 2679.0
0.000583 -0.000513 2680.0
0.000582 -0.000512 2681.0
0.000582 -0.000512 2682.0
0.000582 -0.000511 2683.0
0.000581 -0.000511 2684.0
0.000581 -0.000510 2685.0
0.000580 -0.000510 2686.0
0.000580 -0.000509 2687.0
0.000580 -0.000509 2688.0
0.000579 -0.000508 2689.0
0.000579 -0.000508 2690.0
0.000579 -0.000507 2691.0
0.000578 -0.000507 2692.0
0.000578 -0.000506 2693.0
0.000578 -0.000506 2694.0
0.000577 -0.000505 2695.0
0.000577 -0.000505 2696.0
0.000577 -0.000504 2697.0
0.000576 -0.000504 2698.0
0.000576 -0.000503 2699.0
0.000575 -0.000503 2700.0
0.000575 -0.000503 2701.0
0.000575 -0.000502 2702.0
0.000574 -0.000502 2703.0
0.000574 -0.000501 2704.0
0.000574 -0.000501 2705.0
0.000573 -0.000500 2706.0
0.000573 -0.000500 2707.0
0.000573 -0.000499 2708.0
0.000572 -0.000499 2709.0
0.000572 -0.000498 2710.0
0.000571 -0.000498 2711.0
0.000571 -0.000497 2712.0
0.000571 -0.000497 2713.0
0.000570 -0.000496 2714.0
0.000570 -0.000496 2715.0
0.000570 -0.000495 2716.0
0.000569 -0.000495 2717.0
0.000569 -0.000494 2718.0
0.000569 -0.000494 2719.0
0.000568 -0.000493 2720.0
0.000568 -0.000493 2721.0
0.000567 -0.000492 2722.0
0.000567 -0.000492 2723.0
0.000565 -0.000495 2724.0
0.000564 -0.000495 2725.0
0.000563 -0.000494 2726.0
0.000563 -0.000494 2727.0
0.000562 -0.000493 2728.0
0.000562 -0.000493 2729.0
0.000561 -0.000492 2730.0
0.000561 -0.000491 2731.0
0.000560 -0.000491 2732.0
0.000560 -0.000490 2733.0
0.000559 -0.000490 2734.0
0.000559 -0.000489 2735.0
0.000558 -0.000489 2736.0
0.000557 -0.000488 2737.0
0.000557 -0.000488 2738.0
0.000556 -0.000487 2739.0
0.000556 -0.000487 2740.0
0.000555 -0.000486 2741.0
0.000555 -0.000485 2742.0
0.000554 -0.000485 2743.0
0.000554 -0.000484 2744.0
0.000553 -0.000484 2745.0
0.000552 -0.000483 2746.0
0.000552 -0.000483 2747.0
0.000551 -0.000482 2748.0
0.000551 -0.000482 2749.0
0.000550 -0.000481 2750.0
0.000550 -0.000481 2751.0
0.000549 -0.000480 2752.0
0.000549 -0.000479 2753.0
0.000548 -0.000479 2754.0
0.000548 -0.000478 2755.0
0.000547 -0.000478 2756.0
0.000546 -0.000477 2757.0
0.000546 -0.000477 2758.0
0.000545 -0.000476 2759.0
0.000545 -0.000476 2760.0
0.000544 -0.000475 2761.0
0.000544 -0.000474 2762.0
0.000543 -0.000474 2763.0
0.000543 -0.000473 2764.0
0.000542 -0.000473 2765.0
0.000541 -0.000472 2766.0
0.000541 -0.000472 2767.0
0.000540 -0.000471 2768.0
0.000540 -0.000471 2769.0
0.000539 -0.000470 2770.0
0.000537 -0.000474 2771.0
0.000537 -0.000473 2772.0
0.000537 -0.000472 2773.0
0.000536 -0.000472 2774.0
0.000536 -0.000471 2775.0
0.000535 -0.000470 2776.0
0.000535 -0.000470 2777.0
0.000535 -0.000469 2778.0
0.000534 -0.000469 2779.0
0.000534 -0.000468 2780.0
0.000534 -0.000467 2781.0
0.000533 -0.000467 2782.0
0.000533 -0.000466 2783.0
0.000532 -0.000465 2784.0
0.000532 -0.000465 2785.0
0.000532 -0.000464 2786.0
0.000531 -0.000463 2787.0
0.000531 -0.000463 2788.0
0.000531 -0.000462 2789.0
0.000530 -0.000462 2790.0
0.000530 -0.000461 2791.0
0.000530 -0.000460 2792.0
0.000529 -0.000460 2793.0
0.000529 -0.000459 2794.0
0.000528 -0.000458 2795.0
0.000528 -0.000458 2796.0
0.000528 -0.000457 2797.0
0.000527 -0.000456 2798.0
0.000527 -0.000456 2799.0
0.000527 -0.000455 2800.0
0.000526 -0.000454 2801.0
0.000526 -0.000454 2802.0
0.000525 -0.000453 2803.0
0.000525 -0.000453 2804.0
0.000525 -0.000452 2805.0
0.000524 -0.000451 2806.0
0.000524 -0.000451 2807.0
0.000524 -0.000450 2808.0
0.000523 -0.000449 2809.0
0.000523 -0.000449 2810.0
0.000523 -0.000448 2811.0
0.000522 -0.000447 2812.0
0.000522 -0.000447 2813.0
0.000521 -0.000446 2814.0
0.000521 -0.000445 2815.0
0.000521 -0.000445 2816.0
0.000520 -0.000444 2817.0
0.000520 -0.000444 2818.0
0.000520 -0.000443 2819.0
0.000519 -0.000442 2820.0
0.000519 -0.000442 2821.0
0.000518 -0.000441 2822.0
0.000518 -0.000440 2823.0
0.000518 -0.000440 2824.0
0.000517 -0.000439 2825.0
0.000517 -0.000438 2826.0
0.000517 -0.000438 2827.0
0.000516 -0.000437 2828.0
0.000516 -0.000437 2829.0
0.000516 -0.000436 2830.0
0.000515 -0.000435 2831.0
0.000512 -0.000439 2832.0
0.000512 -0.000438 2833.0
0.000511 -0.000438 2834.0
0.000511 -0.000437 2835.0
0.000511 -0.000437 2836.0
0.000510 -0.000436 2837.0
0.000510 -0.000436 2838.0
0.000510 -0.000435 2839.0
0.000509 -0.000435 2840.0
0.000509 -0.000434 2841.0
0.000509 -0.000434 2842.0
0.000508 -0.000433 2843.0
0.000508 -0.000433 2844.0
0.000508 -0.000432 2845.0
0.000508 -0.000432 2846.0
0.000507 -0.000432 2847.0
0.000507 -0.000431 2848.0
0.000507 -0.000431 2849.0
0.000506 -0.000430 2850.0
0.000506 -0.000430 2851.0
0.000506 -0.000429 2852.0
0.000505 -0.000429 2853.0
0.000505 -0.000428 2854.0
0.000505 -0.000428 2855.0
0.000504 -0.000427 2856.0
0.000504 -0.000427 2857.0
0.000504 -0.000426 2858.0
0.000503 -0.000426 2859.0
0.000503 -0.000425 2860.0
0.000503 -0.000425 2861.0
0.000503 -0.000425 2862.0
0.000502 -0.000424 2863.0
0.000502 -0.000424 2864.0
0.000502 -0.000423 2865.0
0.000501 -0.000423 2866.0
0.000501 -0.000422 2867.0
0.000501 -0.000422 2868.0
0.000500 -0.000421 2869.0
0.000500 -0.000421 2870.0
0.000500 -0.000420 2871.0
0.000499 -0.000420 2872.0
0.000499 -0.000419 2873.0
0.000499 -0.000419 2874.0
0.000498 -0.000418 2875.0
0.000498 -0.000418 2876.0
0.000498 -0.000418 2877.0
0.000498 -0.000417 2878.0
0.000497 -0.000417 2879.0
0.000497 -0.000416 2880.0
0.000497 -0.000416 2881.0
0.000496 -0.000415 2882.0
0.000496 -0.000415 2883.0
0.000496 -0.000414 2884.0
0.000495 -0.000414 2885.0
0.000495 -0.000413 2886.0
0.000495 -0.000413 2887.0
0.000494 -0.000412 2888.0
0.000494 -0.000412 2889.0
0.000494 -0.000411 2890.0
0.000493 -0.000411 2891.0
0.000491 -0.000414 2892.0
0.000491 -0.000413 2893.0
0.000490 -0.000412 2894.0
0.000490 -0.000412 2895.0
0.000489 -0.000411 2896.0
0.000489 -0.000410 2897.0
0.000488 -0.000409 2898.0
0.000488 -0.000409 2899.0
0.000487 -0.000408 2900.0
0.000487 -0.000407 2901.0
0.000486 -0.000406 2902.0
0.000486 -0.000406 2903.0
0.000485 -0.000405 2904.0
0.000485 -0.000404 2905.0
0.000484 -0.000403 2906.0
0.000484 -0.000403 2907.0
0.000483 -0.000402 2908.0
0.000483 -0.000401 2909.0
0.000482 -0.000400 2910.0
0.000482 -0.000400 2911.0
0.000481 -0.000399 2912.0
0.000481 -0.000398 2913.0
0.000480 -0.000397 2914.0
0.000480 -0.000397 2915.0
0.000479 -0.000396 2916.0
0.000479 -0.000395 2917.0
0.000478 -0.000394 2918.0
0.000478 -0.000394 2919.0
0.000477 -0.000393 2920.0
0.000477 -0.000392 2921.0
0.000476 -0.000391 2922.0
0.000476 -0.000391 2923.0
0.000475 -0.000390 2924.0
0.000475 -0.000389 2925.0
0.000474 -0.000388 2926.0
0.000474 -0.000388 2927.0
0.000473 -0.000387 2928.0
0.000473 -0.000386 2929.0
0.000472 -0.000385 2930.0
0.000472 -0.000385 2931.0
0.000471 -0.000384 2932.0
0.000471 -0.000383 2933.0
0.000470 -0.000382 2934.0
0.000470 -0.000382 2935.0
0.000469 -0.000381 2936.0
0.000469 -0.000380 2937.0
0.000468 -0.000379 2938.0
0.000468 -0.000379 2939.0
0.000467 -0.000378 2940.0
0.000467 -0.000377 2941.0
0.000467 -0.000376 2942.0
0.000466 -0.000376 2943.0
0.000466 -0.000375 2944.0
0.000465 -0.000374 2945.0
0.000465 -0.000373 2946.0
0.000464 -0.000373 2947.0
0.000464 -0.000372 2948.0
0.000463 -0.000371 2949.0
0.000463 -0.000370 2950.0
0.000462 -0.000370 2951.0
0.000458 -0.000374 2952.0
0.000458 -0.000374 2953.0
0.000458 -0.000374 2954.0
0.000458 -0.000374 2955.0
0.000458 -0.000374 2956.0
0.000458 -0.000374 2957.0
0.000458 -0.000374 2958.0
0.000458 -0.000374 2959.0
0.000458 -0.000374 2960.0
0.000458 -0.000374 2961.0
0.000458 -0.000374 2962.0
0.000458 -0.000375 2963.0
0.000457 -0.000375 2964.0
0.000457 -0.000375 2965.0
0.000457 -0.000375 2966.0
0.000457 -0.000375 2967.0
0.000457 -0.000375 2968.0
0.000457 -0.000375 2969.0
0.000457 -0.000375 2970.0
0.000457 -0.000375 2971.0
0.000457 -0.000375 2972.0
0.000457 -0.000375 2973.0
0.000457 -0.000375 2974.0
0.000457 -0.000375 2975.0
0.000457 -0.000375 2976.0
0.000457 -0.000375 2977.0
0.000457 -0.000375 2978.0
0.000456 -0.000375 2979.0
0.000456 -0.000375 2980.0
0.000456 -0.000375 2981.0
0.000456 -0.000375 2982.0
0.000456 -0.000375 2983.0
0.000456 -0.000375 2984.0
0.000456 -0.000375 2985.0
0.000456 -0.000376 2986.0
0.000456 -0.000376 2987.0
0.000456 -0.000376 2988.0
0.000456 -0.000376 2989.0
0.000456 -0.000376 2990.0
0.000456 -0.000376 2991.0
0.000456 -0.000376 2992.0
0.000456 -0.000376 2993.0
0.000455 -0.000376 2994.0
0.000455 -0.000376 2995.0
0.000455 -0.000376 2996.0
0.000455 -0.000376 2997.0
0.000455 -0.000376 2998.0
0.000455 -0.000376 2999.0
0.000455 -0.000376 3000.0
0.000455 -0.000376 3001.0
0.000455 -0.000376 3002.0
0.000455 -0.000376 3003.0
0.000455 -0.000376 3004.0
0.000455 -0.000376 3005.0
0.000455 -0.000376 3006.0
0.000455 -0.000376 3007.0
0.000455 -0.000376 3008.0
0.000454 -0.000377 3009.0
0.000454 -0.000377 3010.0
0.000454 -0.000377 3011.0
0.000454 -0.000376 3012.0
0.000454 -0.000376 3013.0
0.000454 -0.000376 3014.0
0.000454 -0.000376 3015.0
0.000454 -0.000376 3016.0
0.000454 -0.000376 3017.0
0.000454 -0.000376 3018.0
0.000454 -0.000376 3019.0
0.000454 -0.000376 3020.0
0.000454 -0.000376 3021.0
0.000454 -0.000376 3022.0
0.000454 -0.000376 3023.0
0.000454 -0.000376 3024.0
0.000454 -0.000376 3025.0
0.000454 -0.000376 3026.0
0.000454 -0.000376 3027.0
0.000454 -0.000376 3028.0
0.000454 -0.000376 3029.0
0.000454 -0.000376 3030.0
0.000454 -0.000376 3031.0
0.000454 -0.000376 3032.0
0.000454 -0.000376 3033.0
0.000454 -0.000376 3034.0
0.000454 -0.000376 3035.0
0.000454 -0.000376 3036.0
0.000454 -0.000376 3037.0
0.000454 -0.000376 3038.0
0.000454 -0.000376 3039.0
0.000454 -0.000376 3040.0
0.000454 -0.000376 3041.0
0.000454 -0.000376 3042.0
0.000454 -0.000376 3043.0
0.000454 -0.000376 3044.0
0.000454 -0.000376 3045.0
0.000454 -0.000376 3046.0
0.000454 -0.000376 3047.0
0.000454 -0.000376 3048.0
0.000454 -0.000376 3049.0
0.000454 -0.000376 3050.0
0.000454 -0.000376 3051.0
0.000454 -0.000376 3052.0
0.000454 -0.000376 3053.0
0.000454 -0.000376 3054.0
0.000454 -0.000376 3055.0
0.000454 -0.000376 3056.0
0.000454 -0.000376 3057.0
0.000454 -0.000376 3058.0
0.000454 -0.000376 3059.0
0.000454 -0.000376 3060.0
0.000454 -0.000376 3061.0
0.000454 -0.000376 3062.0
0.000454 -0.000376 3063.0
0.000454 -0.000376 3064.0
0.000454 -0.000376 3065.0
0.000454 -0.000376 3066.0
0.000454 -0.000376 3067.0
0.000454 -0.000376 3068.0
0.000454 -0.000376 3069.0
0.000454 -0.000376 3070.0
0.000454 -0.000376 3071.0
0.000454 -0.000376 3072.0
0.000454 -0.000376 3073.0
0.000454 -0.000376 3074.0
0.000454 -0.000376 3075.0
0.000454 -0.000376 3076.0
0.000454 -0.000376 3077.0
0.000454 -0.000376 3078.0
0.000454 -0.000376 3079.0
0.000454 -0.000376 3080.0
0.000454 -0.000376 3081.0
0.000454 -0.000376 3082.0
0.000454 -0.000376 3083.0
0.000454 -0.000376 3084.0
0.000454 -0.000376 3085.0
0.000454 -0.000376 3086.0
0.000454 -0.000376 3087.0
0.000454 -0.000376 3088.0
0.000454 -0.000376 3089.0
0.000454 -0.000376 3090.0
0.000454 -0.000376 3091.0
0.000454 -0.000376 3092.0
0.000454 -0.000376 3093.0
0.000454 -0.000376 3094.0
0.000454 -0.000376 3095.0
0.000454 -0.000376 3096.0
0.000454 -0.000376 3097.0
0.000454 -0.000376 3098.0
0.000454 -0.000376 3099.0
0.000454 -0.000376 3100.0
0.000454 -0.000376 3101.0
0.000454 -0.000376 3102.0
0.000454 -0.000376 3103.0
0.000454 -0.000376 3104.0
0.000454 -0.000376 3105.0
0.000454 -0.000376 3106.0
0.000454 -0.000376 3107.0
0.000454 -0.000376 3108.0
0.000454 -0.000376 3109.0
0.000454 -0.000376 3110.0
0.000454 -0.000376 3111.0
0.000454 -0.000376 3112.0
0.000454 -0.000376 3113.0
0.000454 -0.000376 3114.0
0.000454 -0.000376 3115.0
0.000454 -0.000376 3116.0
0.000454 -0.000376 3117.0
0.000454 -0.000376 3118.0
0.000454 -0.000376 3119.0
0.000454 -0.000376 3120.0
0.000454 -0.000376 3121.0
0.000454 -0.000376 3122.0
0.000454 -0.000376 3123.0
0.000454 -0.000376 3124.0
0.000454 -0.000376 3125.0
0.000454 -0.000376 3126.0
0.000454 -0.000376 3127.0
0.000454 -0.000376 3128.0
0.000454 -0.000376 3129.0
0.000454 -0.000376 3130.0
0.000454 -0.000376 3131.0
0.000454 -0.000376 3132.0
0.000454 -0.000376 3133.0
0.000454 -0.000376 3134.0
0.000454 -0.000376 3135.0
0.000454 -0.000376 3136.0
0.000454 -0.000376 3137.0
0.000454 -0.000376 3138.0
0.000454 -0.000376 3139.0
0.000454 -0.000376 3140.0
0.000454 -0.000376 3141.0
0.000454 -0.000376 3142.0
0.000454 -0.000376 3143.0
0.000454 -0.000376 3144.0
0.000454 -0.000376 3145.0
0.000454 -0.000376 3146.0
0.000454 -0.000376 3147.0
0.000454 -0.000376 3148.0
0.000454 -0.000376 3149.0
0.000454 -0.000376 3150.0
0.000454 -0.000376 3151.0
0.000454 -0.000376 3152.0
0.000454 -0.000376 3153.0
0.000454 -0.000376 3154.0
0.000454 -0.000376 3155.0
0.000454 -0.000376 3156.0
0.000454 -0.000376 3157.0
0.000454 -0.000376 3158.0
0.000454 -0.000376 3159.0
0.000454 -0.000376 3160.0
0.000454 -0.000376 3161.0
0.000454 -0.000376 3162.0
0.000454 -0.000376 3163.0
0.000454 -0.000376 3164.0
0.000454 -0.000376 3165.0
0.000454 -0.000376 3166.0
0.000454 -0.000376 3167.0
0.000454 -0.000376 3168.0
0.000454 -0.000376 3169.0
0.000454 -0.000376 3170.0
0.000454 -0.000376 3171.0
0.000454 -0.000376 3172.0
0.000454 -0.000376 3173.0
0.000454 -0.000376 3174.0
0.000454 -0.000376 3175.0
0.000454 -0.000376 3176.0
0.000454 -0.000376 3177.0
0.000454 -0.000376 3178.0
0.000454 -0.000376 3179.0
0.000454 -0.000376 3180.0
0.000454 -0.000376 3181.0
0.000454 -0.000376 3182.0
0.000454 -0.000376 3183.0
0.000454 -0.000376 3184.0
0.000454 -0.000376 3185.0
0.000454 -0.000376 3186.0
0.000454 -0.000376 3187.0
0.000454 -0.000376 3188.0
0.000454 -0.000376 3189.0
0.000454 -0.000376 3190.0
0.000454 -0.000376 3191.0
0.000454 -0.000376 3192.0
0.000454 -0.000376 3193.0
0.000454 -0.000376 3194.0
0.000454 -0.000376 3195.0
0.000454 -0.000376 3196.0
0.000454 -0.000376 3197.0
0.000454 -0.000376 3198.0
0.000454 -0.000376 3199.0
0.000454 -0.000376 3200.0
0.000454 -0.000375 3201.0
0.000454 -0.000375 3202.0
0.000454 -0.000375 3203.0
0.000454 -0.000375 3204.0
0.000454 -0.000375 3205.0
0.000454 -0.000375 3206.0
0.000454 -0.000375 3207.0
0.000454 -0.000375 3208.0
0.000454 -0.000375 3209.0
0.000454 -0.000375 3210.0
0.000454 -0.000375 3211.0
0.000454 -0.000375 3212.0
0.000454 -0.000375 3213.0
0.000454 -0.000375 3214.0
0.000454 -0.000375 3215.0
0.000454 -0.000375 3216.0
0.000454 -0.000375 3217.0
0.000454 -0.000375 3218.0
0.000454 -0.000375 3219.0
0.000454 -0.000375 3220.0
0.000454 -0.000375 3221.0
0.000454 -0.000375 3222.0
0.000454 -0.000375 3223.0
0.000454 -0.000375 3224.0
0.000454 -0.000375 3225.0
0.000454 -0.000375 3226.0
0.000454 -0.000375 3227.0
0.000454 -0.000375 3228.0
0.000454 -0.000375 3229.0
0.000454 -0.000375 3230.0
0.000454 -0.000375 3231.0
0.000454 -0.000375 3232.0
0.000454 -0.000375 3233.0
0.000454 -0.000375 3234.0
0.000454 -0.000375 3235.0
0.000454 -0.000375 3236.0
0.000454 -0.000375 3237.0
0.000454 -0.000375 3238.0
0.000454 -0.000375 3239.0
0.000454 -0.000375 3240.0
0.000454 -0.000375 3241.0
0.000454 -0.000375 3242.0
0.000454 -0.000375 3243.0
0.000454 -0.000375 3244.0
0.000454 -0.000375 3245.0
0.000454 -0.000375 3246.0
0.000454 -0.000375 3247.0
0.000454 -0.000375 3248.0
0.000454 -0.000375 3249.0
0.000454 -0.000375 3250.0
0.000454 -0.000375 3251.0
0.000454 -0.000375 3252.0
0.000454 -0.000375 3253.0
0.000454 -0.000375 3254.0
0.000454 -0.000375 3255.0
0.000454 -0.000375 3256.0
0.000454 -0.000375 3257.0
0.000454 -0.000375 3258.0
0.000454 -0.000375 3259.0
0.000454 -0.000375 3260.0
0.000454 -0.000375 3261.0
0.000454 -0.000375 3262.0
0.000454 -0.000375 3263.0
0.000454 -0.000375 3264.0
0.000454 -0.000375 3265.0
0.000454 -0.000375 3266.0
0.000454 -0.000375 3267.0
0.000454 -0.000375 3268.0
0.000454 -0.000375 3269.0
0.000454 -0.000375 3270.0
0.000454 -0.000375 3271.0
0.000454 -0.000375 3272.0
0.000454 -0.000375 3273.0
0.000454 -0.000375 3274.0
0.000454 -0.000375 3275.0
0.000454 -0.000375 3276.0
0.000454 -0.000375 3277.0
0.000454 -0.000375 3278.0
0.000454 -0.000375 3279.0
0.000454 -0.000375 3280.0
0.000454 -0.000375 3281.0
0.000454 -0.000375 3282.0
0.000454 -0.000375 3283.0
0.000454 -0.000375 3284.0
0.000454 -0.000375 3285.0
0.000454 -0.000375 3286.0
0.000454 -0.000375 3287.0
0.000454 -0.000375 3288.0
0.000454 -0.000375 3289.0
0.000454 -0.000375 3290.0
0.000454 -0.000375 3291.0
0.000454 -0.000375 3292.0
0.000454 -0.000375 3293.0
0.000454 -0.000375 3294.0
0.000454 -0.000375 3295.0
0.000454 -0.000375 3296.0
0.000454 -0.000375 3297.0
0.000454 -0.000375 3298.0
0.000454 -0.000375 3299.0
0.000454 -0.000375 3300.0
0.000454 -0.000375 3301.0
0.000454 -0.000375 3302.0
0.000454 -0.000375 3303.0
0.000454 -0.000375 3304.0
0.000454 -0.000375 3305.0
0.000454 -0.000375 3306.0
0.000454 -0.000375 3307.0
0.000454 -0.000375 3308.0
0.000454 -0.000375 3309.0
0.000454 -0.000375 3310.0
0.000454 -0.000375 3311.0
0.000454 -0.000375 3312.0
0.000454 -0.000375 3313.0
