0.000668 -0.000573 9.0
0.000668 -0.000574 10.0
0.000668 -0.000575 11.0
0.000668 -0.000576 12.0
0.000668 -0.000577 13.0
0.000668 -0.000578 14.0
0.000667 -0.000579 15.0
0.000667 -0.000580 16.0
0.000667 -0.000581 17.0
0.000667 -0.000582 18.0
0.000667 -0.000583 19.0
0.000667 -0.000584 20.0
0.000667 -0.000585 21.0
0.000667 -0.000587 22.0
0.000667 -0.000588 23.0
0.000666 -0.000589 24.0
0.000666 -0.000590 25.0
0.000666 -0.000591 26.0
0.000666 -0.000592 27.0
0.000666 -0.000593 28.0
0.000666 -0.000594 29.0
0.000666 -0.000595 30.0
0.000666 -0.000596 31.0
0.000666 -0.000597 32.0
0.000665 -0.000598 33.0
0.000665 -0.000599 34.0
0.000665 -0.000600 35.0
0.000665 -0.000601 36.0
0.000665 -0.000602 37.0
0.000665 -0.000603 38.0
0.000665 -0.000604 39.0
0.000665 -0.000605 40.0
0.000665 -0.000607 41.0
0.000664 -0.000608 42.0
0.000664 -0.000609 43.0
0.000664 -0.000610 44.0
0.000664 -0.000611 45.0
0.000664 -0.000612 46.0
0.000664 -0.000613 47.0
0.000664 -0.000614 48.0
0.000664 -0.000615 49.0
0.000664 -0.000616 50.0
0.000664 -0.000617 51.0
0.000663 -0.000618 52.0
0.000663 -0.000619 53.0
0.000663 -0.000620 54.0
0.000663 -0.000621 55.0
0.000663 -0.000622 56.0
0.000663 -0.000623 57.0
0.000663 -0.000624 58.0
0.000663 -0.000626 59.0
0.000663 -0.000627 60.0
0.000662 -0.000628 61.0
0.000662 -0.000629 62.0
0.000662 -0.000630 63.0
0.000662 -0.000631 64.0
0.000662 -0.000632 65.0
0.000662 -0.000633 66.0
0.000662 -0.000634 67.0
0.000662 -0.000635 68.0
0.000660 -0.000635 69.0
0.000660 -0.000636 70.0
0.000660 -0.000637 71.0
0.000660 -0.000637 72.0
0.000660 -0.000638 73.0
0.000660 -0.000639 74.0
0.000659 -0.000640 75.0
0.000659 -0.000641 76.0
0.000659 -0.000642 77.0
0.000659 -0.000643 78.0
0.000659 -0.000644 79.0
0.000659 -0.000645 80.0
0.000659 -0.000646 81.0
0.000659 -0.000647 82.0
0.000659 -0.000648 83.0
0.000658 -0.000649 84.0
0.000658 -0.000649 85.0
0.000658 -0.000650 86.0
0.000658 -0.000651 87.0
0.000658 -0.000652 88.0
0.000658 -0.000653 89.0
0.000658 -0.000654 90.0
0.000658 -0.000655 91.0
0.000658 -0.000656 92.0
0.000658 -0.000657 93.0
0.000657 -0.000658 94.0
0.000657 -0.000659 95.0
0.000657 -0.000660 96.0
0.000657 -0.000660 97.0
0.000657 -0.000661 98.0
0.000657 -0.000662 99.0
0.000657 -0.000663 100.0
0.000657 -0.000664 101.0
0.000657 -0.000665 102.0
0.000656 -0.000666 103.0
0.000656 -0.000667 104.0
0.000656 -0.000668 105.0
0.000656 -0.000669 106.0
0.000656 -0.000670 107.0
0.000656 -0.000671 108.0
0.000656 -0.000672 109.0
0.000656 -0.000672 110.0
0.000656 -0.000673 111.0
0.000656 -0.000674 112.0
0.000655 -0.000675 113.0
0.000655 -0.000676 114.0
0.000655 -0.000677 115.0
0.000655 -0.000678 116.0
0.000655 -0.000679 117.0
0.000655 -0.000680 118.0
0.000655 -0.000681 119.0
0.000655 -0.000682 120.0
0.000655 -0.000683 121.0
0.000654 -0.000684 122.0
0.000654 -0.000684 123.0
0.000654 -0.000685 124.0
0.000654 -0.000686 125.0
0.000654 -0.000687 126.0
0.000654 -0.000688 127.0
0.000654 -0.000689 128.0
0.000654 -0.000690 129.0
0.000654 -0.000691 130.0
0.000654 -0.000692 131.0
0.000653 -0.000693 132.0
0.000652 -0.000692 133.0
0.000652 -0.000693 134.0
0.000652 -0.000694 135.0
0.000652 -0.000695 136.0
0.000652 -0.000695 137.0
0.000651 -0.000696 138.0
0.000651 -0.000697 139.0
0.000651 -0.000697 140.0
0.000651 -0.000698 141.0
0.000651 -0.000699 142.0
0.000651 -0.000700 143.0
0.000651 -0.000700 144.0
0.000651 -0.000701 145.0
0.000651 -0.000702 146.0
0.000651 -0.000702 147.0
0.000651 -0.000703 148.0
0.000651 -0.000704 149.0
0.000651 -0.000705 150.0
0.000650 -0.000705 151.0
0.000650 -0.000706 152.0
0.000650 -0.000707 153.0
0.000650 -0.000707 154.0
0.000650 -0.000708 155.0
0.000650 -0.000709 156.0
0.000650 -0.000710 157.0
0.000650 -0.000710 158.0
0.000650 -0.000711 159.0
0.000650 -0.000712 160.0
0.000650 -0.000712 161.0
0.000650 -0.000713 162.0
0.000650 -0.000714 163.0
0.000649 -0.000715 164.0
0.000649 -0.000715 165.0
0.000649 -0.000716 166.0
0.000649 -0.000717 167.0
0.000649 -0.000717 168.0
0.000649 -0.000718 169.0
0.000649 -0.000719 170.0
0.000649 -0.000720 171.0
0.000649 -0.000720 172.0
0.000649 -0.000721 173.0
0.000649 -0.000722 174.0
0.000649 -0.000722 175.0
0.000649 -0.000723 176.0
0.000648 -0.000724 177.0
0.000648 -0.000725 178.0
0.000648 -0.000725 179.0
0.000648 -0.000726 180.0
0.000648 -0.000727 181.0
0.000648 -0.000727 182.0
0.000648 -0.000728 183.0
0.000648 -0.000729 184.0
0.000648 -0.000730 185.0
0.000648 -0.000730 186.0
0.000648 -0.000731 187.0
0.000648 -0.000732 188.0
0.000648 -0.000732 189.0
0.000648 -0.000733 190.0
0.000646 -0.000733 191.0
0.000646 -0.000734 192.0
0.000646 -0.000735 193.0
0.000646 -0.000736 194.0
0.000646 -0.000737 195.0
0.000646 -0.000738 196.0
0.000645 -0.000739 197.0
0.000645 -0.000740 198.0
0.000645 -0.000740 199.0
0.000645 -0.000741 200.0
0.000645 -0.000742 201.0
0.000644 -0.000743 202.0
0.000644 -0.000744 203.0
0.000644 -0.000745 204.0
0.000644 -0.000746 205.0
0.000644 -0.000747 206.0
0.000644 -0.000748 207.0
0.000643 -0.000749 208.0
0.000643 -0.000750 209.0
0.000643 -0.000751 210.0
0.000643 -0.000752 211.0
0.000643 -0.000753 212.0
0.000643 -0.000754 213.0
0.000642 -0.000755 214.0
0.000642 -0.000756 215.0
0.000642 -0.000756 216.0
0.000642 -0.000757 217.0
0.000642 -0.000758 218.0
0.000641 -0.000759 219.0
0.000641 -0.000760 220.0
0.000641 -0.000761 221.0
0.000641 -0.000762 222.0
0.000641 -0.000763 223.0
0.000641 -0.000764 224.0
0.000640 -0.000765 225.0
0.000640 -0.000766 226.0
0.000640 -0.000767 227.0
0.000640 -0.000768 228.0
0.000640 -0.000769 229.0
0.000639 -0.000770 230.0
0.000639 -0.000771 231.0
0.000639 -0.000771 232.0
0.000639 -0.000772 233.0
0.000639 -0.000773 234.0
0.000639 -0.000774 235.0
0.000638 -0.000775 236.0
0.000638 -0.000776 237.0
0.000638 -0.000777 238.0
0.000638 -0.000778 239.0
0.000638 -0.000779 240.0
0.000638 -0.000780 241.0
0.000637 -0.000781 242.0
0.000637 -0.000782 243.0
0.000637 -0.000783 244.0
0.000637 -0.000784 245.0
0.000637 -0.000785 246.0
0.000636 -0.000786 247.0
0.000636 -0.000786 248.0
0.000636 -0.000787 249.0
0.000636 -0.000788 250.0
0.000633 -0.000788 251.0
0.000633 -0.000787 252.0
0.000632 -0.000787 253.0
0.000632 -0.000787 254.0
0.000631 -0.000787 255.0
0.000630 -0.000787 256.0
0.000630 -0.000787 257.0
0.000629 -0.000786 258.0
0.000629 -0.000786 259.0
0.000628 -0.000786 260.0
0.000627 -0.000786 261.0
0.000627 -0.000786 262.0
0.000626 -0.000786 263.0
0.000625 -0.000786 264.0
0.000625 -0.000785 265.0
0.000624 -0.000785 266.0
0.000624 -0.000785 267.0
0.000623 -0.000785 268.0
0.000622 -0.000785 269.0
0.000622 -0.000785 270.0
0.000621 -0.000785 271.0
0.000621 -0.000784 272.0
0.000620 -0.000784 273.0
0.000619 -0.000784 274.0
0.000619 -0.000784 275.0
0.000618 -0.000784 276.0
0.000618 -0.000784 277.0
0.000617 -0.000784 278.0
0.000616 -0.000783 279.0
0.000616 -0.000783 280.0
0.000615 -0.000783 281.0
0.000614 -0.000783 282.0
0.000614 -0.000783 283.0
0.000613 -0.000783 284.0
0.000613 -0.000782 285.0
0.000612 -0.000782 286.0
0.000611 -0.000782 287.0
0.000611 -0.000782 288.0
0.000610 -0.000782 289.0
0.000610 -0.000782 290.0
0.000609 -0.000782 291.0
0.000608 -0.000781 292.0
0.000608 -0.000781 293.0
0.000607 -0.000781 294.0
0.000607 -0.000781 295.0
0.000606 -0.000781 296.0
0.000605 -0.000781 297.0
0.000605 -0.000781 298.0
0.000604 -0.000780 299.0
0.000604 -0.000780 300.0
0.000603 -0.000780 301.0
0.000602 -0.000780 302.0
0.000602 -0.000780 303.0
0.000601 -0.000780 304.0
0.000600 -0.000780 305.0
0.000600 -0.000779 306.0
0.000599 -0.000779 307.0
0.000599 -0.000779 308.0
0.000598 -0.000779 309.0
0.000597 -0.000779 310.0
0.000597 -0.000779 311.0
0.000597 -0.000780 312.0
0.000596 -0.000780 313.0
0.000596 -0.000780 314.0
0.000595 -0.000780 315.0
0.000595 -0.000780 316.0
0.000595 -0.000780 317.0
0.000594 -0.000780 318.0
0.000594 -0.000780 319.0
0.000593 -0.000780 320.0
0.000593 -0.000780 321.0
0.000593 -0.000780 322.0
0.000592 -0.000780 323.0
0.000592 -0.000780 324.0
0.000591 -0.000780 325.0
0.000591 -0.000779 326.0
0.000591 -0.000779 327.0
0.000590 -0.000779 328.0
0.000590 -0.000779 329.0
0.000590 -0.000779 330.0
0.000589 -0.000779 331.0
0.000589 -0.000779 332.0
0.000588 -0.000779 333.0
0.000588 -0.000779 334.0
0.000588 -0.000779 335.0
0.000587 -0.000779 336.0
0.000587 -0.000779 337.0
0.000586 -0.000779 338.0
0.000586 -0.000779 339.0
0.000586 -0.000779 340.0
0.000585 -0.000778 341.0
0.000585 -0.000778 342.0
0.000584 -0.000778 343.0
0.000584 -0.000778 344.0
0.000584 -0.000778 345.0
0.000583 -0.000778 346.0
0.000583 -0.000778 347.0
0.000583 -0.000778 348.0
0.000582 -0.000778 349.0
0.000582 -0.000778 350.0
0.000581 -0.000778 351.0
0.000581 -0.000778 352.0
0.000581 -0.000778 353.0
0.000580 -0.000778 354.0
0.000580 -0.000778 355.0
0.000579 -0.000777 356.0
0.000579 -0.000777 357.0
0.000579 -0.000777 358.0
0.000578 -0.000777 359.0
0.000578 -0.000777 360.0
0.000577 -0.000777 361.0
0.000577 -0.000777 362.0
0.000577 -0.000777 363.0
0.000576 -0.000777 364.0
0.000576 -0.000777 365.0
0.000575 -0.000777 366.0
0.000575 -0.000777 367.0
0.000575 -0.000777 368.0
0.000574 -0.000777 369.0
0.000574 -0.000777 370.0
0.000574 -0.000776 371.0
0.000573 -0.000776 372.0
0.000573 -0.000776 373.0
0.000572 -0.000776 374.0
0.000572 -0.000776 375.0
0.000572 -0.000776 376.0
0.000571 -0.000776 377.0
0.000571 -0.000776 378.0
0.000570 -0.000776 379.0
0.000570 -0.000776 380.0
0.000570 -0.000776 381.0
0.000569 -0.000776 382.0
0.000569 -0.000776 383.0
0.000568 -0.000776 384.0
0.000568 -0.000776 385.0
0.000568 -0.000775 386.0
0.000567 -0.000775 387.0
0.000567 -0.000775 388.0
0.000567 -0.000775 389.0
0.000566 -0.000775 390.0
0.000566 -0.000775 391.0
0.000565 -0.000775 392.0
0.000565 -0.000775 393.0
0.000565 -0.000775 394.0
0.000564 -0.000775 395.0
0.000564 -0.000775 396.0
0.000563 -0.000775 397.0
0.000563 -0.000775 398.0
0.000563 -0.000775 399.0
0.000562 -0.000775 400.0
0.000562 -0.000774 401.0
0.000561 -0.000774 402.0
0.000561 -0.000774 403.0
0.000561 -0.000774 404.0
0.000560 -0.000774 405.0
0.000560 -0.000774 406.0
0.000560 -0.000774 407.0
0.000559 -0.000774 408.0
0.000559 -0.000774 409.0
0.000558 -0.000774 410.0
0.000558 -0.000774 411.0
0.000558 -0.000774 412.0
0.000557 -0.000774 413.0
0.000557 -0.000774 414.0
0.000556 -0.000774 415.0
0.000556 -0.000773 416.0
0.000556 -0.000773 417.0
0.000555 -0.000773 418.0
0.000555 -0.000773 419.0
0.000554 -0.000773 420.0
0.000554 -0.000773 421.0
0.000554 -0.000773 422.0
0.000553 -0.000773 423.0
0.000553 -0.000773 424.0
0.000552 -0.000773 425.0
0.000552 -0.000773 426.0
0.000552 -0.000773 427.0
0.000551 -0.000773 428.0
0.000551 -0.000773 429.0
0.000551 -0.000773 430.0
0.000550 -0.000772 431.0
0.000550 -0.000772 432.0
0.000550 -0.000774 433.0
0.000550 -0.000774 434.0
0.000550 -0.000774 435.0
0.000550 -0.000774 436.0
0.000550 -0.000774 437.0
0.000550 -0.000774 438.0
0.000550 -0.000774 439.0
0.000550 -0.000774 440.0
0.000550 -0.000774 441.0
0.000550 -0.000774 442.0
0.000550 -0.000774 443.0
0.000550 -0.000774 444.0
0.000550 -0.000774 445.0
0.000550 -0.000774 446.0
0.000550 -0.000774 447.0
0.000550 -0.000774 448.0
0.000550 -0.000774 449.0
0.000550 -0.000774 450.0
0.000550 -0.000774 451.0
0.000549 -0.000774 452.0
0.000549 -0.000774 453.0
0.000549 -0.000774 454.0
0.000549 -0.000774 455.0
0.000549 -0.000774 456.0
0.000549 -0.000774 457.0
0.000549 -0.000774 458.0
0.000549 -0.000774 459.0
0.000549 -0.000774 460.0
0.000549 -0.000774 461.0
0.000549 -0.000774 462.0
0.000549 -0.000774 463.0
0.000549 -0.000774 464.0
0.000549 -0.000774 465.0
0.000549 -0.000774 466.0
0.000549 -0.000774 467.0
0.000549 -0.000774 468.0
0.000549 -0.000774 469.0
0.000549 -0.000774 470.0
0.000549 -0.000774 471.0
0.000549 -0.000774 472.0
0.000549 -0.000774 473.0
0.000549 -0.000774 474.0
0.000549 -0.000774 475.0
0.000549 -0.000774 476.0
0.000549 -0.000774 477.0
0.000549 -0.000774 478.0
0.000549 -0.000774 479.0
0.000549 -0.000774 480.0
0.000549 -0.000774 481.0
0.000549 -0.000774 482.0
0.000549 -0.000774 483.0
0.000549 -0.000774 484.0
0.000549 -0.000774 485.0
0.000549 -0.000774 486.0
0.000549 -0.000774 487.0
0.000549 -0.000774 488.0
0.000549 -0.000774 489.0
0.000549 -0.000774 490.0
0.000549 -0.000774 491.0
0.000549 -0.000774 492.0
0.000549 -0.000774 493.0
0.000549 -0.000774 494.0
0.000549 -0.000774 495.0
0.000549 -0.000774 496.0
0.000549 -0.000774 497.0
0.000549 -0.000774 498.0
0.000549 -0.000774 499.0
0.000549 -0.000774 500.0
0.000549 -0.000774 501.0
0.000549 -0.000774 502.0
0.000549 -0.000774 503.0
0.000549 -0.000774 504.0
0.000549 -0.000774 505.0
0.000549 -0.000774 506.0
0.000549 -0.000774 507.0
0.000549 -0.000774 508.0
0.000549 -0.000774 509.0
0.000549 -0.000774 510.0
0.000549 -0.000774 511.0
0.000549 -0.000774 512.0
0.000549 -0.000774 513.0
0.000549 -0.000774 514.0
0.000549 -0.000774 515.0
0.000549 -0.000774 516.0
0.000549 -0.000774 517.0
0.000549 -0.000774 518.0
0.000549 -0.000774 519.0
0.000549 -0.000774 520.0
0.000549 -0.000774 521.0
0.000549 -0.000774 522.0
0.000549 -0.000774 523.0
0.000549 -0.000774 524.0
0.000549 -0.000774 525.0
0.000549 -0.000774 526.0
0.000549 -0.000774 527.0
0.000549 -0.000774 528.0
0.000549 -0.000774 529.0
0.000549 -0.000773 530.0
0.000550 -0.000773 531.0
0.000550 -0.000772 532.0
0.000550 -0.000772 533.0
0.000550 -0.000771 534.0
0.000550 -0.000771 535.0
0.000550 -0.000770 536.0
0.000550 -0.000770 537.0
0.000551 -0.000769 538.0
0.000551 -0.000769 539.0
0.000551 -0.000768 540.0
0.000551 -0.000768 541.0
0.000551 -0.000767 542.0
0.000551 -0.000767 543.0
0.000551 -0.000766 544.0
0.000552 -0.000766 545.0
0.000552 -0.000765 546.0
0.000552 -0.000765 547.0
0.000552 -0.000764 548.0
0.000552 -0.000764 549.0
0.000552 -0.000763 550.0
0.000552 -0.000763 551.0
0.000553 -0.000762 552.0
0.000553 -0.000762 553.0
0.000553 -0.000761 554.0
0.000553 -0.000761 555.0
0.000553 -0.000760 556.0
0.000553 -0.000760 557.0
0.000554 -0.000759 558.0
0.000554 -0.000758 559.0
0.000554 -0.000758 560.0
0.000554 -0.000757 561.0
0.000554 -0.000757 562.0
0.000554 -0.000756 563.0
0.000554 -0.000756 564.0
0.000555 -0.000755 565.0
0.000555 -0.000755 566.0
0.000555 -0.000754 567.0
0.000555 -0.000754 568.0
0.000555 -0.000753 569.0
0.000555 -0.000753 570.0
0.000555 -0.000752 571.0
0.000556 -0.000752 572.0
0.000556 -0.000751 573.0
0.000556 -0.000751 574.0
0.000556 -0.000750 575.0
0.000556 -0.000750 576.0
0.000556 -0.000749 577.0
0.000556 -0.000749 578.0
0.000557 -0.000748 579.0
0.000557 -0.000748 580.0
0.000557 -0.000747 581.0
0.000557 -0.000747 582.0
0.000557 -0.000746 583.0
0.000557 -0.000746 584.0
0.000557 -0.000745 585.0
0.000558 -0.000745 586.0
0.000558 -0.000744 587.0
0.000558 -0.000744 588.0
0.000560 -0.000744 589.0
0.000559 -0.000744 590.0
0.000558 -0.000744 591.0
0.000557 -0.000744 592.0
0.000557 -0.000744 593.0
0.000556 -0.000744 594.0
0.000555 -0.000743 595.0
0.000554 -0.000743 596.0
0.000553 -0.000743 597.0
0.000553 -0.000743 598.0
0.000552 -0.000743 599.0
0.000551 -0.000742 600.0
0.000550 -0.000742 601.0
0.000549 -0.000742 602.0
0.000549 -0.000742 603.0
0.000548 -0.000742 604.0
0.000547 -0.000742 605.0
0.000546 -0.000741 606.0
0.000545 -0.000741 607.0
0.000544 -0.000741 608.0
0.000544 -0.000741 609.0
0.000543 -0.000741 610.0
0.000542 -0.000741 611.0
0.000541 -0.000740 612.0
0.000540 -0.000740 613.0
0.000540 -0.000740 614.0
0.000539 -0.000740 615.0
0.000538 -0.000740 616.0
0.000537 -0.000739 617.0
0.000536 -0.000739 618.0
0.000536 -0.000739 619.0
0.000535 -0.000739 620.0
0.000534 -0.000739 621.0
0.000533 -0.000739 622.0
0.000532 -0.000738 623.0
0.000532 -0.000738 624.0
0.000531 -0.000738 625.0
0.000530 -0.000738 626.0
0.000529 -0.000738 627.0
0.000528 -0.000737 628.0
0.000528 -0.000737 629.0
0.000527 -0.000737 630.0
0.000526 -0.000737 631.0
0.000525 -0.000737 632.0
0.000524 -0.000737 633.0
0.000524 -0.000736 634.0
0.000523 -0.000736 635.0
0.000522 -0.000736 636.0
0.000521 -0.000736 637.0
0.000520 -0.000736 638.0
0.000520 -0.000735 639.0
0.000519 -0.000735 640.0
0.000518 -0.000735 641.0
0.000517 -0.000735 642.0
0.000516 -0.000735 643.0
0.000516 -0.000735 644.0
0.000515 -0.000734 645.0
0.000514 -0.000734 646.0
0.000513 -0.000734 647.0
0.000512 -0.000734 648.0
0.000512 -0.000736 649.0
0.000512 -0.000736 650.0
0.000512 -0.000736 651.0
0.000512 -0.000736 652.0
0.000512 -0.000736 653.0
0.000512 -0.000736 654.0
0.000512 -0.000736 655.0
0.000512 -0.000736 656.0
0.000512 -0.000736 657.0
0.000512 -0.000736 658.0
0.000511 -0.000736 659.0
0.000511 -0.000736 660.0
0.000511 -0.000736 661.0
0.000511 -0.000736 662.0
0.000511 -0.000736 663.0
0.000511 -0.000736 664.0
0.000511 -0.000736 665.0
0.000511 -0.000736 666.0
0.000511 -0.000736 667.0
0.000511 -0.000736 668.0
0.000511 -0.000736 669.0
0.000511 -0.000736 670.0
0.000511 -0.000736 671.0
0.000511 -0.000736 672.0
0.000511 -0.000736 673.0
0.000511 -0.000736 674.0
0.000511 -0.000736 675.0
0.000511 -0.000736 676.0
0.000510 -0.000736 677.0
0.000510 -0.000736 678.0
0.000510 -0.000736 679.0
0.000510 -0.000736 680.0
0.000510 -0.000736 681.0
0.000510 -0.000736 682.0
0.000510 -0.000736 683.0
0.000510 -0.000736 684.0
0.000510 -0.000736 685.0
0.000510 -0.000736 686.0
0.000510 -0.000736 687.0
0.000510 -0.000736 688.0
0.000510 -0.000736 689.0
0.000510 -0.000736 690.0
0.000510 -0.000736 691.0
0.000510 -0.000736 692.0
0.000510 -0.000736 693.0
0.000510 -0.000736 694.0
0.000509 -0.000736 695.0
0.000509 -0.000736 696.0
0.000509 -0.000736 697.0
0.000509 -0.000736 698.0
0.000509 -0.000736 699.0
0.000509 -0.000736 700.0
0.000509 -0.000736 701.0
0.000509 -0.000736 702.0
0.000509 -0.000736 703.0
0.000509 -0.000736 704.0
0.000509 -0.000736 705.0
0.000509 -0.000736 706.0
0.000509 -0.000736 707.0
0.000509 -0.000736 708.0
0.000509 -0.000736 709.0
0.000509 -0.000735 710.0
0.000508 -0.000735 711.0
0.000508 -0.000734 712.0
0.000508 -0.000733 713.0
0.000508 -0.000733 714.0
0.000508 -0.000732 715.0
0.000508 -0.000732 716.0
0.000508 -0.000731 717.0
0.000508 -0.000730 718.0
0.000507 -0.000730 719.0
0.000507 -0.000729 720.0
0.000507 -0.000728 721.0
0.000507 -0.000728 722.0
0.000507 -0.000727 723.0
0.000507 -0.000726 724.0
0.000507 -0.000726 725.0
0.000506 -0.000725 726.0
0.000506 -0.000725 727.0
0.000506 -0.000724 728.0
0.000506 -0.000723 729.0
0.000506 -0.000723 730.0
0.000506 -0.000722 731.0
0.000506 -0.000721 732.0
0.000505 -0.000721 733.0
0.000505 -0.000720 734.0
0.000505 -0.000719 735.0
0.000505 -0.000719 736.0
0.000505 -0.000718 737.0
0.000505 -0.000717 738.0
0.000505 -0.000717 739.0
0.000504 -0.000716 740.0
0.000504 -0.000716 741.0
0.000504 -0.000715 742.0
0.000504 -0.000714 743.0
0.000504 -0.000714 744.0
0.000504 -0.000713 745.0
0.000504 -0.000712 746.0
0.000504 -0.000712 747.0
0.000503 -0.000711 748.0
0.000503 -0.000710 749.0
0.000503 -0.000710 750.0
0.000503 -0.000709 751.0
0.000503 -0.000709 752.0
0.000503 -0.000708 753.0
0.000503 -0.000707 754.0
0.000502 -0.000707 755.0
0.000502 -0.000706 756.0
0.000502 -0.000705 757.0
0.000502 -0.000705 758.0
0.000502 -0.000704 759.0
0.000502 -0.000703 760.0
0.000502 -0.000703 761.0
0.000501 -0.000702 762.0
0.000501 -0.000701 763.0
0.000501 -0.000701 764.0
0.000501 -0.000700 765.0
0.000501 -0.000700 766.0
0.000501 -0.000699 767.0
0.000501 -0.000698 768.0
0.000499 -0.000699 769.0
0.000499 -0.000698 770.0
0.000499 -0.000697 771.0
0.000499 -0.000696 772.0
0.000499 -0.000695 773.0
0.000499 -0.000694 774.0
0.000499 -0.000693 775.0
0.000499 -0.000692 776.0
0.000499 -0.000691 777.0
0.000499 -0.000691 778.0
0.000499 -0.000690 779.0
0.000499 -0.000689 780.0
0.000499 -0.000688 781.0
0.000499 -0.000687 782.0
0.000499 -0.000686 783.0
0.000499 -0.000685 784.0
0.000499 -0.000684 785.0
0.000499 -0.000683 786.0
0.000500 -0.000682 787.0
0.000500 -0.000681 788.0
0.000500 -0.000680 789.0
0.000500 -0.000679 790.0
0.000500 -0.000678 791.0
0.000500 -0.000677 792.0
0.000500 -0.000676 793.0
0.000500 -0.000675 794.0
0.000500 -0.000675 795.0
0.000500 -0.000674 796.0
0.000500 -0.000673 797.0
0.000500 -0.000672 798.0
0.000500 -0.000671 799.0
0.000500 -0.000670 800.0
0.000500 -0.000669 801.0
0.000500 -0.000668 802.0
0.000500 -0.000667 803.0
0.000500 -0.000666 804.0
0.000500 -0.000665 805.0
0.000500 -0.000664 806.0
0.000500 -0.000663 807.0
0.000501 -0.000662 808.0
0.000501 -0.000661 809.0
0.000501 -0.000660 810.0
0.000501 -0.000659 811.0
0.000501 -0.000659 812.0
0.000501 -0.000658 813.0
0.000501 -0.000657 814.0
0.000501 -0.000656 815.0
0.000501 -0.000655 816.0
0.000501 -0.000654 817.0
0.000501 -0.000653 818.0
0.000501 -0.000652 819.0
0.000501 -0.000651 820.0
0.000501 -0.000650 821.0
0.000501 -0.000649 822.0
0.000501 -0.000648 823.0
0.000501 -0.000647 824.0
0.000501 -0.000646 825.0
0.000501 -0.000645 826.0
0.000501 -0.000644 827.0
0.000501 -0.000643 828.0
0.000501 -0.000643 829.0
0.000502 -0.000643 830.0
0.000502 -0.000642 831.0
0.000502 -0.000641 832.0
0.000502 -0.000640 833.0
0.000502 -0.000640 834.0
0.000502 -0.000639 835.0
0.000502 -0.000638 836.0
0.000502 -0.000637 837.0
0.000502 -0.000637 838.0
0.000502 -0.000636 839.0
0.000502 -0.000635 840.0
0.000502 -0.000634 841.0
0.000502 -0.000634 842.0
0.000502 -0.000633 843.0
0.000502 -0.000632 844.0
0.000502 -0.000632 845.0
0.000502 -0.000631 846.0
0.000502 -0.000630 847.0
0.000502 -0.000629 848.0
0.000502 -0.000629 849.0
0.000501 -0.000628 850.0
0.000501 -0.000627 851.0
0.000501 -0.000626 852.0
0.000501 -0.000626 853.0
0.000501 -0.000625 854.0
0.000501 -0.000624 855.0
0.000501 -0.000623 856.0
0.000501 -0.000623 857.0
0.000501 -0.000622 858.0
0.000501 -0.000621 859.0
0.000501 -0.000621 860.0
0.000501 -0.000620 861.0
0.000501 -0.000619 862.0
0.000501 -0.000618 863.0
0.000501 -0.000618 864.0
0.000501 -0.000617 865.0
0.000501 -0.000616 866.0
0.000501 -0.000615 867.0
0.000501 -0.000615 868.0
0.000501 -0.000614 869.0
0.000501 -0.000613 870.0
0.000501 -0.000612 871.0
0.000501 -0.000612 872.0
0.000501 -0.000611 873.0
0.000501 -0.000610 874.0
0.000501 -0.000609 875.0
0.000501 -0.000609 876.0
0.000501 -0.000608 877.0
0.000501 -0.000607 878.0
0.000500 -0.000607 879.0
0.000500 -0.000606 880.0
0.000500 -0.000605 881.0
0.000500 -0.000604 882.0
0.000500 -0.000604 883.0
0.000500 -0.000603 884.0
0.000500 -0.000602 885.0
0.000500 -0.000601 886.0
0.000500 -0.000601 887.0
0.000500 -0.000600 888.0
0.000500 -0.000599 889.0
0.000500 -0.000598 890.0
0.000500 -0.000598 891.0
0.000500 -0.000597 892.0
0.000499 -0.000597 893.0
0.000499 -0.000597 894.0
0.000499 -0.000597 895.0
0.000498 -0.000597 896.0
0.000498 -0.000597 897.0
0.000497 -0.000597 898.0
0.000497 -0.000597 899.0
0.000497 -0.000597 900.0
0.000496 -0.000597 901.0
0.000496 -0.000597 902.0
0.000495 -0.000597 903.0
0.000495 -0.000597 904.0
0.000495 -0.000596 905.0
0.000494 -0.000596 906.0
0.000494 -0.000596 907.0
0.000494 -0.000596 908.0
0.000493 -0.000596 909.0
0.000493 -0.000596 910.0
0.000492 -0.000596 911.0
0.000492 -0.000596 912.0
0.000492 -0.000596 913.0
0.000491 -0.000596 914.0
0.000491 -0.000596 915.0
0.000490 -0.000596 916.0
0.000490 -0.000596 917.0
0.000490 -0.000596 918.0
0.000489 -0.000596 919.0
0.000489 -0.000596 920.0
0.000488 -0.000596 921.0
0.000488 -0.000596 922.0
0.000488 -0.000596 923.0
0.000487 -0.000596 924.0
0.000487 -0.000596 925.0
0.000486 -0.000596 926.0
0.000486 -0.000595 927.0
0.000486 -0.000595 928.0
0.000485 -0.000595 929.0
0.000485 -0.000595 930.0
0.000484 -0.000595 931.0
0.000484 -0.000595 932.0
0.000484 -0.000595 933.0
0.000483 -0.000595 934.0
0.000483 -0.000595 935.0
0.000482 -0.000595 936.0
0.000482 -0.000595 937.0
0.000482 -0.000595 938.0
0.000481 -0.000595 939.0
0.000481 -0.000595 940.0
0.000480 -0.000595 941.0
0.000480 -0.000595 942.0
0.000480 -0.000595 943.0
0.000479 -0.000595 944.0
0.000479 -0.000595 945.0
0.000478 -0.000595 946.0
0.000478 -0.000595 947.0
0.000478 -0.000594 948.0
0.000477 -0.000594 949.0
0.000477 -0.000595 950.0
0.000476 -0.000595 951.0
0.000476 -0.000595 952.0
0.000475 -0.000595 953.0
0.000474 -0.000595 954.0
0.000473 -0.000595 955.0
0.000473 -0.000594 956.0
0.000472 -0.000594 957.0
0.000471 -0.000594 958.0
0.000471 -0.000594 959.0
0.000470 -0.000594 960.0
0.000469 -0.000594 961.0
0.000468 -0.000594 962.0
0.000468 -0.000594 963.0
0.000467 -0.000594 964.0
0.000466 -0.000594 965.0
0.000465 -0.000594 966.0
0.000465 -0.000593 967.0
0.000464 -0.000593 968.0
0.000463 -0.000593 969.0
0.000462 -0.000593 970.0
0.000462 -0.000593 971.0
0.000461 -0.000593 972.0
0.000460 -0.000593 973.0
0.000459 -0.000593 974.0
0.000459 -0.000593 975.0
0.000458 -0.000593 976.0
0.000457 -0.000592 977.0
0.000456 -0.000592 978.0
0.000456 -0.000592 979.0
0.000455 -0.000592 980.0
0.000454 -0.000592 981.0
0.000453 -0.000592 982.0
0.000453 -0.000592 983.0
0.000452 -0.000592 984.0
0.000451 -0.000592 985.0
0.000450 -0.000592 986.0
0.000450 -0.000592 987.0
0.000449 -0.000591 988.0
0.000448 -0.000591 989.0
0.000447 -0.000591 990.0
0.000447 -0.000591 991.0
0.000446 -0.000591 992.0
0.000445 -0.000591 993.0
0.000445 -0.000591 994.0
0.000444 -0.000591 995.0
0.000443 -0.000591 996.0
0.000442 -0.000591 997.0
0.000442 -0.000591 998.0
0.000441 -0.000590 999.0
0.000440 -0.000590 1000.0
0.000439 -0.000590 1001.0
0.000439 -0.000590 1002.0
0.000438 -0.000590 1003.0
0.000437 -0.000590 1004.0
0.000436 -0.000590 1005.0
0.000436 -0.000590 1006.0
0.000435 -0.000590 1007.0
0.000434 -0.000590 1008.0
0.000433 -0.000590 1009.0
0.000433 -0.000589 1010.0
0.000432 -0.000589 1011.0
0.000432 -0.000591 1012.0
0.000432 -0.000590 1013.0
0.000431 -0.000590 1014.0
0.000431 -0.000589 1015.0
0.000431 -0.000589 1016.0
0.000431 -0.000588 1017.0
0.000431 -0.000588 1018.0
0.000431 -0.000587 1019.0
0.000430 -0.000587 1020.0
0.000430 -0.000586 1021.0
0.000430 -0.000586 1022.0
0.000430 -0.000585 1023.0
0.000430 -0.000585 1024.0
0.000429 -0.000584 1025.0
0.000429 -0.000584 1026.0
0.000429 -0.000584 1027.0
0.000429 -0.000583 1028.0
0.000429 -0.000583 1029.0
0.000429 -0.000582 1030.0
0.000428 -0.000582 1031.0
0.000428 -0.000581 1032.0
0.000428 -0.000581 1033.0
0.000428 -0.000580 1034.0
0.000428 -0.000580 1035.0
0.000428 -0.000579 1036.0
0.000427 -0.000579 1037.0
0.000427 -0.000578 1038.0
0.000427 -0.000578 1039.0
0.000427 -0.000577 1040.0
0.000427 -0.000577 1041.0
0.000426 -0.000577 1042.0
0.000426 -0.000576 1043.0
0.000426 -0.000576 1044.0
0.000426 -0.000575 1045.0
0.000426 -0.000575 1046.0
0.000426 -0.000574 1047.0
0.000425 -0.000574 1048.0
0.000425 -0.000573 1049.0
0.000425 -0.000573 1050.0
0.000425 -0.000572 1051.0
0.000425 -0.000572 1052.0
0.000425 -0.000571 1053.0
0.000424 -0.000571 1054.0
0.000424 -0.000570 1055.0
0.000424 -0.000570 1056.0
0.000424 -0.000570 1057.0
0.000424 -0.000569 1058.0
0.000423 -0.000569 1059.0
0.000423 -0.000568 1060.0
0.000423 -0.000568 1061.0
0.000423 -0.000567 1062.0
0.000423 -0.000567 1063.0
0.000423 -0.000566 1064.0
0.000422 -0.000566 1065.0
0.000422 -0.000565 1066.0
0.000422 -0.000565 1067.0
0.000422 -0.000564 1068.0
0.000422 -0.000564 1069.0
0.000422 -0.000563 1070.0
0.000421 -0.000563 1071.0
0.000419 -0.000564 1072.0
0.000419 -0.000564 1073.0
0.000419 -0.000564 1074.0
0.000419 -0.000564 1075.0
0.000418 -0.000564 1076.0
0.000418 -0.000564 1077.0
0.000418 -0.000564 1078.0
0.000418 -0.000564 1079.0
0.000417 -0.000564 1080.0
0.000417 -0.000564 1081.0
0.000417 -0.000564 1082.0
0.000417 -0.000564 1083.0
0.000416 -0.000564 1084.0
0.000416 -0.000564 1085.0
0.000416 -0.000564 1086.0
0.000416 -0.000564 1087.0
0.000415 -0.000564 1088.0
0.000415 -0.000564 1089.0
0.000415 -0.000563 1090.0
0.000415 -0.000563 1091.0
0.000414 -0.000563 1092.0
0.000414 -0.000563 1093.0
0.000414 -0.000563 1094.0
0.000414 -0.000563 1095.0
0.000413 -0.000563 1096.0
0.000413 -0.000563 1097.0
0.000413 -0.000563 1098.0
0.000413 -0.000563 1099.0
0.000412 -0.000563 1100.0
0.000412 -0.000563 1101.0
0.000412 -0.000563 1102.0
0.000412 -0.000563 1103.0
0.000412 -0.000563 1104.0
0.000412 -0.000563 1105.0
0.000412 -0.000563 1106.0
0.000412 -0.000563 1107.0
0.000412 -0.000563 1108.0
0.000412 -0.000563 1109.0
0.000412 -0.000563 1110.0
0.000412 -0.000563 1111.0
0.000412 -0.000563 1112.0
0.000412 -0.000563 1113.0
0.000412 -0.000563 1114.0
0.000412 -0.000563 1115.0
0.000412 -0.000563 1116.0
0.000412 -0.000563 1117.0
0.000412 -0.000563 1118.0
0.000412 -0.000563 1119.0
0.000412 -0.000563 1120.0
0.000412 -0.000563 1121.0
0.000412 -0.000563 1122.0
0.000412 -0.000563 1123.0
0.000412 -0.000563 1124.0
0.000412 -0.000563 1125.0
0.000412 -0.000563 1126.0
0.000412 -0.000563 1127.0
0.000412 -0.000563 1128.0
0.000412 -0.000563 1129.0
0.000412 -0.000563 1130.0
0.000412 -0.000563 1131.0
0.000412 -0.000563 1132.0
0.000412 -0.000563 1133.0
0.000412 -0.000563 1134.0
0.000412 -0.000563 1135.0
0.000412 -0.000563 1136.0
0.000412 -0.000563 1137.0
0.000412 -0.000563 1138.0
0.000412 -0.000563 1139.0
0.000412 -0.000563 1140.0
0.000412 -0.000563 1141.0
0.000412 -0.000563 1142.0
0.000412 -0.000563 1143.0
0.000412 -0.000563 1144.0
0.000412 -0.000563 1145.0
0.000412 -0.000563 1146.0
0.000412 -0.000563 1147.0
0.000412 -0.000563 1148.0
0.000412 -0.000563 1149.0
0.000412 -0.000563 1150.0
0.000412 -0.000563 1151.0
0.000412 -0.000563 1152.0
0.000412 -0.000563 1153.0
0.000412 -0.000563 1154.0
0.000412 -0.000563 1155.0
0.000412 -0.000563 1156.0
0.000412 -0.000563 1157.0
0.000412 -0.000563 1158.0
0.000412 -0.000563 1159.0
0.000412 -0.000563 1160.0
0.000412 -0.000563 1161.0
0.000412 -0.000563 1162.0
0.000412 -0.000563 1163.0
0.000412 -0.000563 1164.0
0.000412 -0.000563 1165.0
0.000412 -0.000563 1166.0
0.000412 -0.000563 1167.0
0.000412 -0.000563 1168.0
0.000412 -0.000563 1169.0
0.000412 -0.000563 1170.0
0.000412 -0.000563 1171.0
0.000412 -0.000563 1172.0
0.000412 -0.000563 1173.0
0.000412 -0.000563 1174.0
0.000412 -0.000563 1175.0
0.000412 -0.000563 1176.0
0.000412 -0.000563 1177.0
0.000412 -0.000563 1178.0
0.000412 -0.000563 1179.0
0.000412 -0.000563 1180.0
0.000412 -0.000563 1181.0
0.000412 -0.000563 1182.0
0.000412 -0.000563 1183.0
0.000412 -0.000563 1184.0
0.000412 -0.000563 1185.0
0.000412 -0.000563 1186.0
0.000412 -0.000563 1187.0
0.000412 -0.000563 1188.0
0.000412 -0.000563 1189.0
0.000412 -0.000563 1190.0
0.000412 -0.000563 1191.0
0.000412 -0.000563 1192.0
0.000412 -0.000563 1193.0
0.000412 -0.000563 1194.0
0.000412 -0.000563 1195.0
0.000412 -0.000564 1196.0
0.000412 -0.000564 1197.0
0.000412 -0.000564 1198.0
0.000412 -0.000564 1199.0
0.000412 -0.000564 1200.0
0.000412 -0.000564 1201.0
0.000412 -0.000564 1202.0
0.000412 -0.000564 1203.0
0.000412 -0.000564 1204.0
0.000412 -0.000564 1205.0
0.000412 -0.000564 1206.0
0.000412 -0.000564 1207.0
0.000412 -0.000564 1208.0
0.000412 -0.000564 1209.0
0.000412 -0.000564 1210.0
0.000412 -0.000564 1211.0
0.000412 -0.000564 1212.0
0.000412 -0.000564 1213.0
0.000412 -0.000564 1214.0
0.000412 -0.000564 1215.0
0.000412 -0.000564 1216.0
0.000412 -0.000564 1217.0
0.000412 -0.000564 1218.0
0.000412 -0.000563 1219.0
0.000412 -0.000563 1220.0
0.000412 -0.000563 1221.0
0.000412 -0.000563 1222.0
0.000412 -0.000563 1223.0
0.000412 -0.000563 1224.0
0.000412 -0.000563 1225.0
0.000412 -0.000563 1226.0
0.000412 -0.000563 1227.0
0.000412 -0.000563 1228.0
0.000412 -0.000563 1229.0
0.000412 -0.000563 1230.0
0.000412 -0.000563 1231.0
0.000412 -0.000563 1232.0
0.000412 -0.000563 1233.0
0.000412 -0.000563 1234.0
0.000412 -0.000563 1235.0
0.000412 -0.000563 1236.0
0.000412 -0.000563 1237.0
0.000412 -0.000563 1238.0
0.000412 -0.000563 1239.0
0.000412 -0.000563 1240.0
0.000412 -0.000563 1241.0
0.000412 -0.000563 1242.0
0.000412 -0.000563 1243.0
0.000412 -0.000563 1244.0
0.000412 -0.000563 1245.0
0.000412 -0.000563 1246.0
0.000412 -0.000563 1247.0
0.000412 -0.000563 1248.0
0.000412 -0.000563 1249.0
0.000412 -0.000563 1250.0
0.000412 -0.000563 1251.0
0.000412 -0.000563 1252.0
0.000412 -0.000563 1253.0
0.000412 -0.000563 1254.0
0.000412 -0.000563 1255.0
0.000412 -0.000563 1256.0
0.000412 -0.000563 1257.0
0.000412 -0.000563 1258.0
0.000412 -0.000563 1259.0
0.000412 -0.000563 1260.0
0.000412 -0.000563 1261.0
0.000412 -0.000563 1262.0
0.000412 -0.000563 1263.0
0.000412 -0.000563 1264.0
0.000412 -0.000563 1265.0
0.000412 -0.000563 1266.0
0.000412 -0.000563 1267.0
0.000412 -0.000563 1268.0
0.000412 -0.000563 1269.0
0.000412 -0.000563 1270.0
0.000412 -0.000563 1271.0
0.000412 -0.000563 1272.0
0.000412 -0.000563 1273.0
0.000412 -0.000563 1274.0
0.000412 -0.000563 1275.0
0.000412 -0.000563 1276.0
0.000412 -0.000563 1277.0
0.000412 -0.000563 1278.0
0.000412 -0.000563 1279.0
0.000412 -0.000563 1280.0
0.000412 -0.000563 1281.0
0.000412 -0.000563 1282.0
0.000412 -0.000563 1283.0
0.000412 -0.000563 1284.0
0.000412 -0.000563 1285.0
0.000412 -0.000563 1286.0
0.000412 -0.000563 1287.0
0.000412 -0.000563 1288.0
0.000412 -0.000563 1289.0
0.000412 -0.000563 1290.0
0.000412 -0.000563 1291.0
0.000412 -0.000563 1292.0
0.000412 -0.000563 1293.0
0.000412 -0.000563 1294.0
0.000412 -0.000563 1295.0
0.000412 -0.000563 1296.0
0.000412 -0.000563 1297.0
0.000412 -0.000563 1298.0
0.000412 -0.000563 1299.0
0.000412 -0.000563 1300.0
0.000412 -0.000563 1301.0
0.000412 -0.000563 1302.0
0.000412 -0.000563 1303.0
0.000412 -0.000563 1304.0
0.000412 -0.000563 1305.0
0.000412 -0.000563 1306.0
0.000412 -0.000563 1307.0
0.000412 -0.000563 1308.0
0.000412 -0.000563 1309.0
0.000412 -0.000563 1310.0
0.000412 -0.000563 1311.0
0.000412 -0.000563 1312.0
0.000412 -0.000563 1313.0
0.000412 -0.000563 1314.0
0.000412 -0.000563 1315.0
0.000412 -0.000563 1316.0
0.000412 -0.000563 1317.0
0.000412 -0.000563 1318.0
0.000412 -0.000563 1319.0
0.000412 -0.000563 1320.0
0.000412 -0.000563 1321.0
0.000412 -0.000563 1322.0
0.000412 -0.000563 1323.0
0.000412 -0.000563 1324.0
0.000412 -0.000563 1325.0
0.000412 -0.000563 1326.0
0.000412 -0.000563 1327.0
0.000412 -0.000563 1328.0
0.000412 -0.000563 1329.0
0.000412 -0.000563 1330.0
0.000412 -0.000563 1331.0
0.000412 -0.000563 1332.0
0.000412 -0.000563 1333.0
0.000412 -0.000563 1334.0
0.000412 -0.000563 1335.0
0.000412 -0.000563 1336.0
0.000412 -0.000563 1337.0
0.000412 -0.000563 1338.0
0.000412 -0.000563 1339.0
0.000412 -0.000563 1340.0
0.000412 -0.000563 1341.0
0.000412 -0.000563 1342.0
0.000412 -0.000563 1343.0
0.000412 -0.000563 1344.0
0.000412 -0.000563 1345.0
0.000412 -0.000563 1346.0
0.000412 -0.000563 1347.0
0.000412 -0.000563 1348.0
0.000412 -0.000563 1349.0
0.000412 -0.000563 1350.0
0.000412 -0.000563 1351.0
0.000412 -0.000563 1352.0
0.000412 -0.000563 1353.0
0.000412 -0.000563 1354.0
0.000412 -0.000563 1355.0
0.000412 -0.000563 1356.0
0.000412 -0.000563 1357.0
0.000412 -0.000563 1358.0
0.000412 -0.000563 1359.0
0.000412 -0.000563 1360.0
0.000412 -0.000563 1361.0
0.000412 -0.000563 1362.0
0.000412 -0.000563 1363.0
0.000412 -0.000563 1364.0
0.000412 -0.000563 1365.0
0.000412 -0.000563 1366.0
0.000412 -0.000563 1367.0
0.000412 -0.000563 1368.0
0.000412 -0.000563 1369.0
0.000412 -0.000563 1370.0
0.000412 -0.000563 1371.0
0.000412 -0.000563 1372.0
0.000412 -0.000563 1373.0
0.000412 -0.000563 1374.0
0.000412 -0.000563 1375.0
0.000412 -0.000563 1376.0
0.000412 -0.000563 1377.0
0.000412 -0.000563 1378.0
0.000412 -0.000563 1379.0
0.000412 -0.000563 1380.0
0.000412 -0.000563 1381.0
0.000412 -0.000563 1382.0
0.000412 -0.000563 1383.0
0.000412 -0.000563 1384.0
0.000412 -0.000563 1385.0
0.000412 -0.000563 1386.0
0.000412 -0.000563 1387.0
0.000412 -0.000563 1388.0
0.000412 -0.000563 1389.0
0.000412 -0.000563 1390.0
0.000412 -0.000563 1391.0
0.000412 -0.000563 1392.0
0.000412 -0.000563 1393.0
0.000412 -0.000563 1394.0
0.000412 -0.000563 1395.0
0.000412 -0.000563 1396.0
0.000412 -0.000563 1397.0
0.000412 -0.000563 1398.0
0.000412 -0.000563 1399.0
0.000412 -0.000563 1400.0
0.000412 -0.000563 1401.0
0.000412 -0.000563 1402.0
0.000412 -0.000563 1403.0
0.000412 -0.000563 1404.0
0.000412 -0.000563 1405.0
0.000412 -0.000563 1406.0
0.000412 -0.000563 1407.0
0.000412 -0.000563 1408.0
0.000412 -0.000563 1409.0
0.000412 -0.000563 1410.0
0.000412 -0.000563 1411.0
0.000412 -0.000563 1412.0
0.000412 -0.000563 1413.0
0.000412 -0.000563 1414.0
0.000412 -0.000563 1415.0
0.000412 -0.000563 1416.0
0.000412 -0.000563 1417.0
0.000412 -0.000563 1418.0
0.000412 -0.000563 1419.0
0.000412 -0.000563 1420.0
0.000412 -0.000563 1421.0
0.000412 -0.000563 1422.0
0.000412 -0.000563 1423.0
0.000412 -0.000563 1424.0
0.000412 -0.000563 1425.0
0.000412 -0.000563 1426.0
0.000412 -0.000563 1427.0
0.000412 -0.000563 1428.0
0.000412 -0.000563 1429.0
0.000412 -0.000563 1430.0
0.000412 -0.000563 1431.0
0.000412 -0.000563 1432.0
0.000412 -0.000563 1433.0
0.000412 -0.000563 1434.0
0.000412 -0.000563 1435.0
0.000412 -0.000563 1436.0
0.000412 -0.000563 1437.0
0.000412 -0.000563 1438.0
0.000412 -0.000563 1439.0
0.000412 -0.000563 1440.0
0.000412 -0.000563 1441.0
0.000412 -0.000563 1442.0
0.000412 -0.000563 1443.0
0.000412 -0.000563 1444.0
0.000412 -0.000563 1445.0
0.000412 -0.000563 1446.0
0.000412 -0.000563 1447.0
0.000412 -0.000563 1448.0
0.000412 -0.000563 1449.0
0.000412 -0.000563 1450.0
0.000412 -0.000563 1451.0
0.000412 -0.000563 1452.0
0.000412 -0.000563 1453.0
0.000412 -0.000563 1454.0
0.000412 -0.000563 1455.0
0.000412 -0.000563 1456.0
0.000412 -0.000563 1457.0
0.000412 -0.000563 1458.0
0.000412 -0.000563 1459.0
0.000412 -0.000563 1460.0
0.000412 -0.000563 1461.0
0.000412 -0.000563 1462.0
0.000412 -0.000563 1463.0
0.000412 -0.000563 1464.0
0.000412 -0.000563 1465.0
0.000412 -0.000563 1466.0
0.000412 -0.000563 1467.0
0.000412 -0.000563 1468.0
0.000412 -0.000563 1469.0
0.000412 -0.000563 1470.0
0.000412 -0.000563 1471.0
0.000412 -0.000563 1472.0
0.000412 -0.000563 1473.0
0.000412 -0.000563 1474.0
0.000412 -0.000563 1475.0
0.000412 -0.000563 1476.0
0.000412 -0.000563 1477.0
0.000412 -0.000563 1478.0
0.000412 -0.000563 1479.0
0.000412 -0.000563 1480.0
0.000412 -0.000563 1481.0
0.000412 -0.000563 1482.0
0.000412 -0.000563 1483.0
0.000412 -0.000563 1484.0
0.000412 -0.000563 1485.0
0.000412 -0.000563 1486.0
0.000412 -0.000563 1487.0
0.000412 -0.000563 1488.0
0.000412 -0.000563 1489.0
0.000412 -0.000563 1490.0
0.000412 -0.000563 1491.0
0.000412 -0.000563 1492.0
0.000412 -0.000563 1493.0
0.000412 -0.000563 1494.0
0.000412 -0.000563 1495.0
0.000412 -0.000563 1496.0
0.000412 -0.000563 1497.0
0.000412 -0.000563 1498.0
0.000412 -0.000563 1499.0
0.000412 -0.000563 1500.0
0.000412 -0.000563 1501.0
0.000412 -0.000563 1502.0
0.000412 -0.000563 1503.0
0.000412 -0.000563 1504.0
0.000412 -0.000563 1505.0
0.000412 -0.000563 1506.0
0.000412 -0.000563 1507.0
0.000412 -0.000563 1508.0
0.000412 -0.000563 1509.0
0.000412 -0.000563 1510.0
0.000412 -0.000563 1511.0
0.000412 -0.000563 1512.0
0.000412 -0.000563 1513.0
0.000412 -0.000563 1514.0
0.000412 -0.000563 1515.0
0.000412 -0.000563 1516.0
0.000412 -0.000563 1517.0
0.000412 -0.000563 1518.0
0.000412 -0.000563 1519.0
0.000412 -0.000563 1520.0
0.000412 -0.000563 1521.0
0.000412 -0.000563 1522.0
0.000412 -0.000563 1523.0
0.000412 -0.000563 1524.0
0.000412 -0.000563 1525.0
0.000412 -0.000563 1526.0
0.000412 -0.000563 1527.0
0.000412 -0.000563 1528.0
0.000412 -0.000563 1529.0
0.000412 -0.000563 1530.0
0.000412 -0.000563 1531.0
0.000412 -0.000563 1532.0
0.000412 -0.000563 1533.0
0.000412 -0.000563 1534.0
0.000412 -0.000563 1535.0
0.000412 -0.000563 1536.0
0.000412 -0.000563 1537.0
0.000412 -0.000563 1538.0
0.000412 -0.000563 1539.0
0.000412 -0.000563 1540.0
0.000412 -0.000563 1541.0
0.000412 -0.000563 1542.0
0.000412 -0.000563 1543.0
0.000412 -0.000563 1544.0
0.000412 -0.000563 1545.0
0.000412 -0.000563 1546.0
0.000412 -0.000563 1547.0
0.000412 -0.000563 1548.0
0.000412 -0.000563 1549.0
0.000412 -0.000563 1550.0
0.000412 -0.000563 1551.0
0.000412 -0.000563 1552.0
0.000411 -0.000563 1553.0
0.000411 -0.000563 1554.0
0.000411 -0.000563 1555.0
0.000411 -0.000563 1556.0
0.000411 -0.000563 1557.0
0.000410 -0.000563 1558.0
0.000410 -0.000563 1559.0
0.000410 -0.000563 1560.0
0.000410 -0.000563 1561.0
0.000410 -0.000563 1562.0
0.000410 -0.000564 1563.0
0.000409 -0.000564 1564.0
0.000409 -0.000564 1565.0
0.000409 -0.000564 1566.0
0.000409 -0.000564 1567.0
0.000409 -0.000564 1568.0
0.000409 -0.000564 1569.0
0.000408 -0.000564 1570.0
0.000408 -0.000564 1571.0
0.000408 -0.000564 1572.0
0.000408 -0.000564 1573.0
0.000408 -0.000564 1574.0
0.000408 -0.000564 1575.0
0.000408 -0.000564 1576.0
0.000407 -0.000564 1577.0
0.000407 -0.000564 1578.0
0.000407 -0.000563 1579.0
0.000407 -0.000563 1580.0
0.000407 -0.000563 1581.0
0.000407 -0.000563 1582.0
0.000406 -0.000563 1583.0
0.000406 -0.000563 1584.0
0.000406 -0.000563 1585.0
0.000406 -0.000563 1586.0
0.000406 -0.000563 1587.0
0.000406 -0.000563 1588.0
0.000406 -0.000563 1589.0
0.000405 -0.000562 1590.0
0.000405 -0.000562 1591.0
0.000405 -0.000562 1592.0
0.000405 -0.000562 1593.0
0.000405 -0.000562 1594.0
0.000405 -0.000562 1595.0
0.000405 -0.000562 1596.0
0.000404 -0.000562 1597.0
0.000404 -0.000562 1598.0
0.000404 -0.000562 1599.0
0.000404 -0.000562 1600.0
0.000404 -0.000561 1601.0
0.000404 -0.000561 1602.0
0.000403 -0.000561 1603.0
0.000403 -0.000561 1604.0
0.000403 -0.000561 1605.0
0.000403 -0.000561 1606.0
0.000403 -0.000561 1607.0
0.000403 -0.000561 1608.0
0.000403 -0.000561 1609.0
0.000402 -0.000561 1610.0
0.000402 -0.000561 1611.0
0.000402 -0.000561 1612.0
0.000402 -0.000560 1613.0
0.000402 -0.000560 1614.0
0.000402 -0.000560 1615.0
0.000402 -0.000560 1616.0
0.000401 -0.000560 1617.0
0.000401 -0.000560 1618.0
0.000401 -0.000560 1619.0
0.000401 -0.000560 1620.0
0.000401 -0.000560 1621.0
0.000401 -0.000560 1622.0
0.000400 -0.000560 1623.0
0.000400 -0.000559 1624.0
0.000400 -0.000559 1625.0
0.000400 -0.000559 1626.0
0.000400 -0.000559 1627.0
0.000400 -0.000559 1628.0
0.000400 -0.000559 1629.0
0.000399 -0.000559 1630.0
0.000399 -0.000559 1631.0
0.000399 -0.000559 1632.0
0.000399 -0.000559 1633.0
0.000399 -0.000559 1634.0
0.000399 -0.000558 1635.0
0.000398 -0.000559 1636.0
0.000398 -0.000560 1637.0
0.000398 -0.000560 1638.0
0.000398 -0.000560 1639.0
0.000398 -0.000560 1640.0
0.000398 -0.000560 1641.0
0.000397 -0.000561 1642.0
0.000397 -0.000561 1643.0
0.000397 -0.000561 1644.0
0.000397 -0.000561 1645.0
0.000397 -0.000561 1646.0
0.000397 -0.000562 1647.0
0.000396 -0.000562 1648.0
0.000396 -0.000562 1649.0
0.000396 -0.000562 1650.0
0.000396 -0.000562 1651.0
0.000396 -0.000563 1652.0
0.000396 -0.000563 1653.0
0.000395 -0.000563 1654.0
0.000395 -0.000563 1655.0
0.000395 -0.000563 1656.0
0.000395 -0.000564 1657.0
0.000395 -0.000564 1658.0
0.000395 -0.000564 1659.0
0.000395 -0.000564 1660.0
0.000394 -0.000564 1661.0
0.000394 -0.000565 1662.0
0.000394 -0.000565 1663.0
0.000394 -0.000565 1664.0
0.000394 -0.000565 1665.0
0.000394 -0.000565 1666.0
0.000393 -0.000566 1667.0
0.000393 -0.000566 1668.0
0.000393 -0.000566 1669.0
0.000393 -0.000566 1670.0
0.000393 -0.000566 1671.0
0.000393 -0.000567 1672.0
0.000392 -0.000567 1673.0
0.000392 -0.000567 1674.0
0.000392 -0.000567 1675.0
0.000392 -0.000567 1676.0
0.000392 -0.000567 1677.0
0.000392 -0.000568 1678.0
0.000391 -0.000568 1679.0
0.000391 -0.000568 1680.0
0.000391 -0.000568 1681.0
0.000391 -0.000568 1682.0
0.000391 -0.000569 1683.0
0.000391 -0.000569 1684.0
0.000391 -0.000569 1685.0
0.000390 -0.000569 1686.0
0.000390 -0.000569 1687.0
0.000390 -0.000570 1688.0
0.000390 -0.000570 1689.0
0.000390 -0.000570 1690.0
0.000390 -0.000570 1691.0
0.000389 -0.000570 1692.0
0.000389 -0.000571 1693.0
0.000389 -0.000571 1694.0
0.000389 -0.000571 1695.0
0.000388 -0.000570 1696.0
0.000388 -0.000569 1697.0
0.000388 -0.000569 1698.0
0.000388 -0.000569 1699.0
0.000388 -0.000569 1700.0
0.000387 -0.000569 1701.0
0.000387 -0.000569 1702.0
0.000387 -0.000568 1703.0
0.000387 -0.000568 1704.0
0.000387 -0.000568 1705.0
0.000387 -0.000568 1706.0
0.000387 -0.000568 1707.0
0.000387 -0.000568 1708.0
0.000387 -0.000568 1709.0
0.000386 -0.000567 1710.0
0.000386 -0.000567 1711.0
0.000386 -0.000567 1712.0
0.000386 -0.000567 1713.0
0.000386 -0.000567 1714.0
0.000386 -0.000567 1715.0
0.000386 -0.000566 1716.0
0.000386 -0.000566 1717.0
0.000386 -0.000566 1718.0
0.000386 -0.000566 1719.0
0.000385 -0.000566 1720.0
0.000385 -0.000566 1721.0
0.000385 -0.000565 1722.0
0.000385 -0.000565 1723.0
0.000385 -0.000565 1724.0
0.000385 -0.000565 1725.0
0.000385 -0.000565 1726.0
0.000385 -0.000565 1727.0
0.000385 -0.000564 1728.0
0.000384 -0.000564 1729.0
0.000384 -0.000564 1730.0
0.000384 -0.000564 1731.0
0.000384 -0.000564 1732.0
0.000384 -0.000564 1733.0
0.000384 -0.000563 1734.0
0.000384 -0.000563 1735.0
0.000384 -0.000563 1736.0
0.000384 -0.000563 1737.0
0.000384 -0.000563 1738.0
0.000383 -0.000563 1739.0
0.000383 -0.000562 1740.0
0.000383 -0.000562 1741.0
0.000383 -0.000562 1742.0
0.000383 -0.000562 1743.0
0.000383 -0.000562 1744.0
0.000383 -0.000562 1745.0
0.000383 -0.000561 1746.0
0.000383 -0.000561 1747.0
0.000382 -0.000561 1748.0
0.000382 -0.000561 1749.0
0.000382 -0.000561 1750.0
0.000382 -0.000561 1751.0
0.000382 -0.000560 1752.0
0.000382 -0.000560 1753.0
0.000382 -0.000560 1754.0
0.000382 -0.000560 1755.0
0.000381 -0.000561 1756.0
0.000381 -0.000561 1757.0
0.000381 -0.000561 1758.0
0.000381 -0.000561 1759.0
0.000381 -0.000561 1760.0
0.000381 -0.000561 1761.0
0.000381 -0.000561 1762.0
0.000380 -0.000561 1763.0
0.000380 -0.000561 1764.0
0.000380 -0.000561 1765.0
0.000380 -0.000561 1766.0
0.000380 -0.000561 1767.0
0.000380 -0.000561 1768.0
0.000380 -0.000561 1769.0
0.000380 -0.000561 1770.0
0.000380 -0.000561 1771.0
0.000380 -0.000561 1772.0
0.000380 -0.000561 1773.0
0.000380 -0.000561 1774.0
0.000380 -0.000561 1775.0
0.000380 -0.000561 1776.0
0.000380 -0.000561 1777.0
0.000380 -0.000561 1778.0
0.000379 -0.000561 1779.0
0.000379 -0.000561 1780.0
0.000379 -0.000561 1781.0
0.000379 -0.000561 1782.0
0.000379 -0.000561 1783.0
0.000379 -0.000561 1784.0
0.000379 -0.000561 1785.0
0.000379 -0.000561 1786.0
0.000379 -0.000561 1787.0
0.000379 -0.000561 1788.0
0.000379 -0.000561 1789.0
0.000379 -0.000561 1790.0
0.000379 -0.000561 1791.0
0.000379 -0.000561 1792.0
0.000379 -0.000561 1793.0
0.000379 -0.000561 1794.0
0.000378 -0.000561 1795.0
0.000378 -0.000561 1796.0
0.000378 -0.000561 1797.0
0.000378 -0.000561 1798.0
0.000378 -0.000561 1799.0
0.000378 -0.000561 1800.0
0.000378 -0.000561 1801.0
0.000378 -0.000561 1802.0
0.000378 -0.000561 1803.0
0.000378 -0.000561 1804.0
0.000378 -0.000561 1805.0
0.000378 -0.000561 1806.0
0.000378 -0.000561 1807.0
0.000378 -0.000561 1808.0
0.000378 -0.000561 1809.0
0.000378 -0.000561 1810.0
0.000377 -0.000561 1811.0
0.000377 -0.000561 1812.0
0.000377 -0.000561 1813.0
0.000377 -0.000561 1814.0
0.000377 -0.000561 1815.0
0.000377 -0.000561 1816.0
0.000377 -0.000561 1817.0
0.000377 -0.000561 1818.0
0.000377 -0.000561 1819.0
0.000377 -0.000561 1820.0
0.000377 -0.000561 1821.0
0.000377 -0.000561 1822.0
0.000377 -0.000561 1823.0
0.000377 -0.000561 1824.0
0.000377 -0.000561 1825.0
0.000377 -0.000561 1826.0
0.000377 -0.000561 1827.0
0.000377 -0.000561 1828.0
0.000377 -0.000561 1829.0
0.000377 -0.000561 1830.0
0.000377 -0.000561 1831.0
0.000377 -0.000561 1832.0
0.000377 -0.000561 1833.0
0.000377 -0.000561 1834.0
0.000377 -0.000561 1835.0
0.000377 -0.000561 1836.0
0.000377 -0.000561 1837.0
0.000377 -0.000561 1838.0
0.000377 -0.000561 1839.0
0.000377 -0.000561 1840.0
0.000377 -0.000561 1841.0
0.000377 -0.000561 1842.0
0.000377 -0.000561 1843.0
0.000377 -0.000561 1844.0
0.000377 -0.000561 1845.0
0.000377 -0.000561 1846.0
0.000377 -0.000561 1847.0
0.000377 -0.000561 1848.0
0.000377 -0.000561 1849.0
0.000377 -0.000561 1850.0
0.000377 -0.000561 1851.0
0.000377 -0.000561 1852.0
0.000377 -0.000561 1853.0
0.000377 -0.000561 1854.0
0.000377 -0.000561 1855.0
0.000377 -0.000561 1856.0
0.000377 -0.000561 1857.0
0.000377 -0.000561 1858.0
0.000377 -0.000561 1859.0
0.000377 -0.000561 1860.0
0.000377 -0.000561 1861.0
0.000377 -0.000561 1862.0
0.000377 -0.000561 1863.0
0.000377 -0.000561 1864.0
0.000377 -0.000561 1865.0
0.000377 -0.000561 1866.0
0.000377 -0.000561 1867.0
0.000377 -0.000561 1868.0
0.000377 -0.000561 1869.0
0.000377 -0.000561 1870.0
0.000377 -0.000561 1871.0
0.000377 -0.000561 1872.0
0.000377 -0.000561 1873.0
0.000377 -0.000561 1874.0
0.000377 -0.000561 1875.0
0.000377 -0.000561 1876.0
0.000377 -0.000561 1877.0
0.000377 -0.000561 1878.0
0.000377 -0.000561 1879.0
0.000377 -0.000561 1880.0
0.000377 -0.000561 1881.0
0.000377 -0.000561 1882.0
0.000377 -0.000561 1883.0
0.000377 -0.000561 1884.0
0.000377 -0.000561 1885.0
0.000377 -0.000561 1886.0
0.000377 -0.000561 1887.0
0.000377 -0.000561 1888.0
0.000377 -0.000561 1889.0
0.000377 -0.000561 1890.0
0.000377 -0.000561 1891.0
0.000377 -0.000561 1892.0
0.000377 -0.000561 1893.0
0.000377 -0.000561 1894.0
0.000377 -0.000561 1895.0
0.000377 -0.000561 1896.0
0.000377 -0.000561 1897.0
0.000377 -0.000561 1898.0
0.000377 -0.000561 1899.0
0.000377 -0.000561 1900.0
0.000377 -0.000561 1901.0
0.000377 -0.000561 1902.0
0.000377 -0.000561 1903.0
0.000377 -0.000561 1904.0
0.000377 -0.000561 1905.0
0.000377 -0.000561 1906.0
0.000377 -0.000561 1907.0
0.000377 -0.000561 1908.0
0.000377 -0.000561 1909.0
0.000377 -0.000561 1910.0
0.000377 -0.000561 1911.0
0.000377 -0.000561 1912.0
0.000377 -0.000561 1913.0
0.000377 -0.000561 1914.0
0.000377 -0.000561 1915.0
0.000377 -0.000561 1916.0
0.000377 -0.000561 1917.0
0.000377 -0.000561 1918.0
0.000377 -0.000561 1919.0
0.000377 -0.000561 1920.0
0.000377 -0.000561 1921.0
0.000377 -0.000561 1922.0
0.000377 -0.000561 1923.0
0.000377 -0.000561 1924.0
0.000377 -0.000561 1925.0
0.000377 -0.000561 1926.0
0.000377 -0.000561 1927.0
0.000377 -0.000561 1928.0
0.000377 -0.000561 1929.0
0.000377 -0.000561 1930.0
0.000377 -0.000561 1931.0
0.000377 -0.000561 1932.0
0.000377 -0.000561 1933.0
0.000377 -0.000561 1934.0
0.000377 -0.000561 1935.0
0.000377 -0.000561 1936.0
0.000377 -0.000561 1937.0
0.000377 -0.000561 1938.0
0.000377 -0.000561 1939.0
0.000377 -0.000561 1940.0
0.000377 -0.000561 1941.0
0.000377 -0.000561 1942.0
0.000377 -0.000561 1943.0
0.000377 -0.000561 1944.0
0.000377 -0.000561 1945.0
0.000377 -0.000561 1946.0
0.000377 -0.000561 1947.0
0.000377 -0.000561 1948.0
0.000377 -0.000561 1949.0
0.000377 -0.000561 1950.0
0.000377 -0.000561 1951.0
0.000377 -0.000561 1952.0
0.000377 -0.000561 1953.0
0.000377 -0.000561 1954.0
0.000377 -0.000561 1955.0
0.000377 -0.000561 1956.0
0.000377 -0.000561 1957.0
0.000377 -0.000561 1958.0
0.000377 -0.000561 1959.0
0.000377 -0.000561 1960.0
0.000377 -0.000561 1961.0
0.000377 -0.000561 1962.0
0.000377 -0.000561 1963.0
0.000377 -0.000561 1964.0
0.000377 -0.000561 1965.0
0.000377 -0.000561 1966.0
0.000377 -0.000561 1967.0
0.000377 -0.000561 1968.0
0.000377 -0.000561 1969.0
0.000377 -0.000561 1970.0
0.000377 -0.000561 1971.0
0.000377 -0.000561 1972.0
0.000377 -0.000561 1973.0
0.000377 -0.000561 1974.0
0.000377 -0.000561 1975.0
0.000377 -0.000561 1976.0
0.000377 -0.000561 1977.0
0.000377 -0.000561 1978.0
0.000377 -0.000561 1979.0
0.000377 -0.000561 1980.0
0.000377 -0.000561 1981.0
0.000377 -0.000561 1982.0
0.000377 -0.000561 1983.0
0.000377 -0.000561 1984.0
0.000377 -0.000561 1985.0
0.000377 -0.000561 1986.0
0.000377 -0.000561 1987.0
0.000377 -0.000561 1988.0
0.000377 -0.000561 1989.0
0.000377 -0.000561 1990.0
0.000377 -0.000561 1991.0
0.000377 -0.000561 1992.0
0.000377 -0.000561 1993.0
0.000377 -0.000561 1994.0
0.000377 -0.000561 1995.0
0.000377 -0.000561 1996.0
0.000377 -0.000561 1997.0
0.000377 -0.000561 1998.0
0.000377 -0.000561 1999.0
0.000377 -0.000561 2000.0
0.000377 -0.000561 2001.0
0.000377 -0.000561 2002.0
0.000377 -0.000561 2003.0
0.000377 -0.000561 2004.0
0.000377 -0.000561 2005.0
0.000377 -0.000561 2006.0
0.000377 -0.000561 2007.0
0.000377 -0.000561 2008.0
0.000377 -0.000561 2009.0
0.000377 -0.000561 2010.0
0.000377 -0.000561 2011.0
0.000377 -0.000561 2012.0
0.000377 -0.000561 2013.0
0.000377 -0.000561 2014.0
0.000377 -0.000561 2015.0
0.000377 -0.000561 2016.0
0.000377 -0.000561 2017.0
0.000377 -0.000561 2018.0
0.000377 -0.000561 2019.0
0.000377 -0.000561 2020.0
0.000377 -0.000561 2021.0
0.000377 -0.000561 2022.0
0.000377 -0.000561 2023.0
0.000377 -0.000561 2024.0
0.000377 -0.000561 2025.0
0.000377 -0.000561 2026.0
0.000377 -0.000561 2027.0
0.000377 -0.000561 2028.0
0.000377 -0.000561 2029.0
0.000377 -0.000561 2030.0
0.000377 -0.000561 2031.0
0.000377 -0.000561 2032.0
0.000377 -0.000561 2033.0
0.000377 -0.000561 2034.0
0.000377 -0.000561 2035.0
0.000377 -0.000561 2036.0
0.000377 -0.000561 2037.0
0.000377 -0.000561 2038.0
0.000377 -0.000561 2039.0
0.000377 -0.000561 2040.0
0.000377 -0.000561 2041.0
0.000377 -0.000561 2042.0
0.000377 -0.000561 2043.0
0.000377 -0.000561 2044.0
0.000377 -0.000561 2045.0
0.000377 -0.000561 2046.0
0.000377 -0.000561 2047.0
0.000377 -0.000561 2048.0
0.000377 -0.000561 2049.0
0.000377 -0.000561 2050.0
0.000377 -0.000561 2051.0
0.000377 -0.000561 2052.0
0.000377 -0.000561 2053.0
0.000377 -0.000561 2054.0
0.000377 -0.000561 2055.0
0.000377 -0.000561 2056.0
0.000377 -0.000561 2057.0
0.000377 -0.000561 2058.0
0.000377 -0.000561 2059.0
0.000377 -0.000561 2060.0
0.000377 -0.000561 2061.0
0.000377 -0.000561 2062.0
0.000377 -0.000561 2063.0
0.000377 -0.000561 2064.0
0.000377 -0.000561 2065.0
0.000377 -0.000561 2066.0
0.000377 -0.000561 2067.0
0.000377 -0.000561 2068.0
0.000377 -0.000561 2069.0
0.000377 -0.000561 2070.0
0.000377 -0.000561 2071.0
0.000377 -0.000561 2072.0
0.000377 -0.000561 2073.0
0.000377 -0.000561 2074.0
0.000377 -0.000561 2075.0
0.000377 -0.000561 2076.0
0.000377 -0.000561 2077.0
0.000377 -0.000561 2078.0
0.000377 -0.000561 2079.0
0.000377 -0.000561 2080.0
0.000377 -0.000561 2081.0
0.000377 -0.000561 2082.0
0.000377 -0.000561 2083.0
0.000377 -0.000561 2084.0
0.000377 -0.000561 2085.0
0.000377 -0.000561 2086.0
0.000377 -0.000561 2087.0
0.000377 -0.000561 2088.0
0.000377 -0.000561 2089.0
0.000377 -0.000561 2090.0
0.000377 -0.000561 2091.0
0.000377 -0.000561 2092.0
0.000377 -0.000561 2093.0
0.000377 -0.000561 2094.0
0.000377 -0.000561 2095.0
0.000377 -0.000561 2096.0
0.000377 -0.000561 2097.0
0.000377 -0.000561 2098.0
0.000377 -0.000561 2099.0
0.000377 -0.000561 2100.0
0.000377 -0.000561 2101.0
0.000377 -0.000561 2102.0
0.000377 -0.000561 2103.0
0.000377 -0.000561 2104.0
0.000377 -0.000561 2105.0
0.000377 -0.000561 2106.0
0.000377 -0.000561 2107.0
0.000377 -0.000561 2108.0
0.000377 -0.000561 2109.0
0.000377 -0.000561 2110.0
0.000377 -0.000561 2111.0
0.000377 -0.000561 2112.0
0.000377 -0.000561 2113.0
0.000377 -0.000561 2114.0
0.000377 -0.000561 2115.0
0.000377 -0.000561 2116.0
0.000377 -0.000561 2117.0
0.000377 -0.000561 2118.0
0.000377 -0.000561 2119.0
0.000377 -0.000561 2120.0
0.000377 -0.000561 2121.0
0.000377 -0.000561 2122.0
0.000377 -0.000561 2123.0
0.000377 -0.000561 2124.0
0.000377 -0.000561 2125.0
0.000377 -0.000561 2126.0
0.000377 -0.000561 2127.0
0.000377 -0.000561 2128.0
0.000377 -0.000561 2129.0
0.000377 -0.000561 2130.0
0.000377 -0.000561 2131.0
0.000377 -0.000561 2132.0
0.000377 -0.000561 2133.0
0.000377 -0.000561 2134.0
0.000377 -0.000561 2135.0
0.000377 -0.000561 2136.0
0.000377 -0.000561 2137.0
0.000377 -0.000561 2138.0
0.000377 -0.000561 2139.0
0.000377 -0.000561 2140.0
0.000377 -0.000561 2141.0
0.000377 -0.000561 2142.0
0.000377 -0.000561 2143.0
0.000377 -0.000561 2144.0
0.000377 -0.000561 2145.0
0.000377 -0.000561 2146.0
0.000377 -0.000561 2147.0
0.000377 -0.000561 2148.0
0.000377 -0.000561 2149.0
0.000377 -0.000561 2150.0
0.000377 -0.000561 2151.0
0.000377 -0.000561 2152.0
0.000377 -0.000561 2153.0
0.000377 -0.000561 2154.0
0.000377 -0.000561 2155.0
0.000377 -0.000561 2156.0
0.000377 -0.000561 2157.0
0.000377 -0.000561 2158.0
0.000377 -0.000561 2159.0
0.000377 -0.000561 2160.0
0.000377 -0.000561 2161.0
0.000377 -0.000561 2162.0
0.000377 -0.000561 2163.0
0.000377 -0.000561 2164.0
0.000377 -0.000561 2165.0
0.000377 -0.000561 2166.0
0.000377 -0.000561 2167.0
0.000377 -0.000561 2168.0
0.000377 -0.000561 2169.0
0.000377 -0.000561 2170.0
0.000377 -0.000561 2171.0
0.000377 -0.000561 2172.0
0.000377 -0.000561 2173.0
0.000377 -0.000561 2174.0
0.000377 -0.000561 2175.0
0.000377 -0.000561 2176.0
0.000377 -0.000561 2177.0
0.000377 -0.000561 2178.0
0.000377 -0.000561 2179.0
0.000377 -0.000561 2180.0
0.000377 -0.000561 2181.0
0.000377 -0.000561 2182.0
0.000377 -0.000561 2183.0
0.000377 -0.000561 2184.0
0.000377 -0.000561 2185.0
0.000377 -0.000561 2186.0
0.000377 -0.000561 2187.0
0.000377 -0.000561 2188.0
0.000377 -0.000561 2189.0
0.000377 -0.000561 2190.0
0.000377 -0.000561 2191.0
0.000377 -0.000561 2192.0
0.000377 -0.000561 2193.0
0.000377 -0.000561 2194.0
0.000377 -0.000561 2195.0
0.000377 -0.000561 2196.0
0.000377 -0.000561 2197.0
0.000377 -0.000561 2198.0
0.000377 -0.000561 2199.0
0.000377 -0.000561 2200.0
0.000377 -0.000561 2201.0
0.000377 -0.000561 2202.0
0.000377 -0.000561 2203.0
0.000377 -0.000561 2204.0
0.000377 -0.000561 2205.0
0.000377 -0.000561 2206.0
0.000377 -0.000561 2207.0
0.000377 -0.000561 2208.0
0.000377 -0.000561 2209.0
0.000377 -0.000561 2210.0
0.000377 -0.000561 2211.0
0.000377 -0.000561 2212.0
0.000377 -0.000561 2213.0
0.000377 -0.000561 2214.0
0.000377 -0.000561 2215.0
0.000377 -0.000561 2216.0
0.000377 -0.000561 2217.0
0.000377 -0.000561 2218.0
0.000377 -0.000561 2219.0
0.000377 -0.000561 2220.0
0.000377 -0.000561 2221.0
0.000377 -0.000561 2222.0
0.000377 -0.000561 2223.0
0.000377 -0.000561 2224.0
0.000377 -0.000561 2225.0
0.000377 -0.000561 2226.0
0.000377 -0.000561 2227.0
0.000377 -0.000561 2228.0
0.000377 -0.000561 2229.0
0.000377 -0.000561 2230.0
0.000377 -0.000561 2231.0
0.000377 -0.000561 2232.0
0.000377 -0.000561 2233.0
0.000377 -0.000561 2234.0
0.000377 -0.000561 2235.0
0.000377 -0.000561 2236.0
0.000377 -0.000561 2237.0
0.000377 -0.000561 2238.0
0.000377 -0.000561 2239.0
0.000377 -0.000561 2240.0
0.000377 -0.000561 2241.0
0.000377 -0.000561 2242.0
0.000377 -0.000561 2243.0
0.000377 -0.000561 2244.0
0.000377 -0.000561 2245.0
0.000377 -0.000561 2246.0
0.000377 -0.000561 2247.0
0.000377 -0.000561 2248.0
0.000377 -0.000561 2249.0
0.000377 -0.000561 2250.0
0.000377 -0.000561 2251.0
0.000377 -0.000561 2252.0
0.000377 -0.000561 2253.0
0.000377 -0.000561 2254.0
0.000377 -0.000561 2255.0
0.000377 -0.000561 2256.0
0.000377 -0.000561 2257.0
0.000377 -0.000561 2258.0
0.000377 -0.000561 2259.0
0.000377 -0.000561 2260.0
0.000377 -0.000561 2261.0
0.000377 -0.000561 2262.0
0.000377 -0.000561 2263.0
0.000377 -0.000561 2264.0
0.000377 -0.000561 2265.0
0.000377 -0.000561 2266.0
0.000377 -0.000561 2267.0
0.000377 -0.000561 2268.0
0.000378 -0.000561 2269.0
0.000378 -0.000561 2270.0
0.000378 -0.000561 2271.0
0.000378 -0.000562 2272.0
0.000378 -0.000562 2273.0
0.000379 -0.000562 2274.0
0.000379 -0.000563 2275.0
0.000379 -0.000563 2276.0
0.000379 -0.000563 2277.0
0.000380 -0.000564 2278.0
0.000380 -0.000564 2279.0
0.000380 -0.000564 2280.0
0.000380 -0.000564 2281.0
0.000380 -0.000565 2282.0
0.000381 -0.000565 2283.0
0.000381 -0.000565 2284.0
0.000381 -0.000566 2285.0
0.000381 -0.000566 2286.0
0.000382 -0.000566 2287.0
0.000382 -0.000566 2288.0
0.000382 -0.000567 2289.0
0.000382 -0.000567 2290.0
0.000382 -0.000567 2291.0
0.000383 -0.000568 2292.0
0.000383 -0.000568 2293.0
0.000383 -0.000568 2294.0
0.000383 -0.000568 2295.0
0.000384 -0.000569 2296.0
0.000384 -0.000569 2297.0
0.000384 -0.000569 2298.0
0.000384 -0.000570 2299.0
0.000384 -0.000570 2300.0
0.000385 -0.000570 2301.0
0.000385 -0.000570 2302.0
0.000385 -0.000571 2303.0
0.000385 -0.000571 2304.0
0.000386 -0.000571 2305.0
0.000386 -0.000572 2306.0
0.000386 -0.000572 2307.0
0.000386 -0.000572 2308.0
0.000386 -0.000572 2309.0
0.000387 -0.000573 2310.0
0.000387 -0.000573 2311.0
0.000387 -0.000573 2312.0
0.000387 -0.000574 2313.0
0.000388 -0.000574 2314.0
0.000388 -0.000574 2315.0
0.000388 -0.000575 2316.0
0.000388 -0.000575 2317.0
0.000388 -0.000575 2318.0
0.000389 -0.000575 2319.0
0.000389 -0.000576 2320.0
0.000389 -0.000576 2321.0
0.000389 -0.000576 2322.0
0.000390 -0.000577 2323.0
0.000390 -0.000577 2324.0
0.000390 -0.000577 2325.0
0.000390 -0.000577 2326.0
0.000390 -0.000578 2327.0
0.000391 -0.000578 2328.0
0.000391 -0.000578 2329.0
0.000391 -0.000579 2330.0
0.000391 -0.000579 2331.0
0.000392 -0.000579 2332.0
0.000392 -0.000579 2333.0
0.000392 -0.000580 2334.0
0.000392 -0.000580 2335.0
0.000392 -0.000580 2336.0
0.000393 -0.000581 2337.0
0.000393 -0.000581 2338.0
0.000393 -0.000581 2339.0
0.000393 -0.000581 2340.0
0.000394 -0.000582 2341.0
0.000394 -0.000582 2342.0
0.000394 -0.000582 2343.0
0.000394 -0.000583 2344.0
0.000394 -0.000583 2345.0
0.000395 -0.000583 2346.0
0.000395 -0.000584 2347.0
0.000395 -0.000584 2348.0
0.000395 -0.000584 2349.0
0.000396 -0.000584 2350.0
0.000396 -0.000585 2351.0
0.000396 -0.000585 2352.0
0.000396 -0.000585 2353.0
0.000396 -0.000586 2354.0
0.000397 -0.000586 2355.0
0.000397 -0.000586 2356.0
0.000397 -0.000586 2357.0
0.000397 -0.000587 2358.0
0.000398 -0.000587 2359.0
0.000398 -0.000587 2360.0
0.000398 -0.000588 2361.0
0.000398 -0.000588 2362.0
0.000398 -0.000588 2363.0
0.000399 -0.000588 2364.0
0.000399 -0.000589 2365.0
0.000399 -0.000589 2366.0
0.000399 -0.000589 2367.0
0.000400 -0.000590 2368.0
0.000400 -0.000590 2369.0
0.000400 -0.000590 2370.0
0.000400 -0.000590 2371.0
0.000400 -0.000591 2372.0
0.000401 -0.000591 2373.0
0.000401 -0.000591 2374.0
0.000401 -0.000592 2375.0
0.000401 -0.000592 2376.0
0.000402 -0.000592 2377.0
0.000402 -0.000592 2378.0
0.000402 -0.000593 2379.0
0.000402 -0.000593 2380.0
0.000402 -0.000593 2381.0
0.000403 -0.000594 2382.0
0.000403 -0.000594 2383.0
0.000403 -0.000594 2384.0
0.000403 -0.000595 2385.0
0.000404 -0.000595 2386.0
0.000404 -0.000595 2387.0
0.000404 -0.000595 2388.0
0.000404 -0.000596 2389.0
0.000404 -0.000596 2390.0
0.000405 -0.000596 2391.0
0.000405 -0.000597 2392.0
0.000405 -0.000597 2393.0
0.000405 -0.000597 2394.0
0.000406 -0.000597 2395.0
0.000406 -0.000598 2396.0
0.000406 -0.000598 2397.0
0.000406 -0.000598 2398.0
0.000406 -0.000599 2399.0
0.000407 -0.000599 2400.0
0.000407 -0.000599 2401.0
0.000407 -0.000599 2402.0
0.000407 -0.000600 2403.0
0.000408 -0.000600 2404.0
0.000408 -0.000600 2405.0
0.000408 -0.000601 2406.0
0.000408 -0.000601 2407.0
0.000408 -0.000601 2408.0
0.000409 -0.000601 2409.0
0.000409 -0.000602 2410.0
0.000409 -0.000602 2411.0
0.000409 -0.000602 2412.0
0.000410 -0.000603 2413.0
0.000410 -0.000603 2414.0
0.000410 -0.000603 2415.0
0.000410 -0.000603 2416.0
0.000410 -0.000604 2417.0
0.000411 -0.000604 2418.0
0.000411 -0.000604 2419.0
0.000411 -0.000605 2420.0
0.000411 -0.000605 2421.0
0.000412 -0.000605 2422.0
0.000412 -0.000606 2423.0
0.000412 -0.000606 2424.0
0.000412 -0.000606 2425.0
0.000412 -0.000606 2426.0
0.000413 -0.000607 2427.0
0.000413 -0.000607 2428.0
0.000413 -0.000607 2429.0
0.000413 -0.000608 2430.0
0.000414 -0.000608 2431.0
0.000414 -0.000608 2432.0
0.000414 -0.000608 2433.0
0.000414 -0.000609 2434.0
0.000414 -0.000609 2435.0
0.000415 -0.000609 2436.0
0.000415 -0.000610 2437.0
0.000415 -0.000610 2438.0
0.000415 -0.000610 2439.0
0.000416 -0.000610 2440.0
0.000416 -0.000611 2441.0
0.000416 -0.000611 2442.0
0.000416 -0.000611 2443.0
0.000416 -0.000612 2444.0
0.000417 -0.000612 2445.0
0.000417 -0.000612 2446.0
0.000417 -0.000612 2447.0
0.000417 -0.000613 2448.0
0.000418 -0.000613 2449.0
0.000418 -0.000613 2450.0
0.000418 -0.000614 2451.0
0.000418 -0.000614 2452.0
0.000418 -0.000614 2453.0
0.000419 -0.000614 2454.0
0.000419 -0.000615 2455.0
0.000419 -0.000615 2456.0
0.000419 -0.000615 2457.0
0.000420 -0.000616 2458.0
0.000420 -0.000616 2459.0
0.000420 -0.000616 2460.0
0.000420 -0.000617 2461.0
0.000420 -0.000617 2462.0
0.000421 -0.000617 2463.0
0.000421 -0.000617 2464.0
0.000421 -0.000618 2465.0
0.000421 -0.000618 2466.0
0.000422 -0.000618 2467.0
0.000422 -0.000619 2468.0
0.000422 -0.000619 2469.0
0.000422 -0.000619 2470.0
0.000422 -0.000619 2471.0
0.000423 -0.000620 2472.0
0.000423 -0.000620 2473.0
0.000423 -0.000620 2474.0
0.000423 -0.000621 2475.0
0.000424 -0.000621 2476.0
0.000424 -0.000621 2477.0
0.000424 -0.000621 2478.0
0.000424 -0.000622 2479.0
0.000424 -0.000622 2480.0
0.000425 -0.000622 2481.0
0.000425 -0.000623 2482.0
0.000425 -0.000623 2483.0
0.000425 -0.000623 2484.0
0.000426 -0.000623 2485.0
0.000426 -0.000624 2486.0
0.000426 -0.000624 2487.0
0.000426 -0.000624 2488.0
0.000426 -0.000625 2489.0
0.000427 -0.000625 2490.0
0.000427 -0.000625 2491.0
0.000427 -0.000625 2492.0
0.000427 -0.000626 2493.0
0.000428 -0.000626 2494.0
0.000428 -0.000626 2495.0
0.000428 -0.000627 2496.0
0.000428 -0.000627 2497.0
0.000428 -0.000627 2498.0
0.000429 -0.000628 2499.0
0.000429 -0.000628 2500.0
0.000429 -0.000628 2501.0
0.000429 -0.000628 2502.0
0.000430 -0.000629 2503.0
0.000430 -0.000629 2504.0
0.000430 -0.000629 2505.0
0.000430 -0.000630 2506.0
0.000430 -0.000630 2507.0
0.000431 -0.000630 2508.0
0.000431 -0.000630 2509.0
0.000431 -0.000631 2510.0
0.000431 -0.000631 2511.0
0.000432 -0.000631 2512.0
0.000432 -0.000632 2513.0
0.000432 -0.000632 2514.0
0.000432 -0.000632 2515.0
0.000432 -0.000632 2516.0
0.000433 -0.000633 2517.0
0.000433 -0.000633 2518.0
0.000433 -0.000633 2519.0
0.000433 -0.000634 2520.0
0.000434 -0.000634 2521.0
0.000434 -0.000634 2522.0
0.000434 -0.000634 2523.0
0.000434 -0.000635 2524.0
0.000435 -0.000635 2525.0
0.000435 -0.000635 2526.0
0.000435 -0.000636 2527.0
0.000435 -0.000636 2528.0
0.000435 -0.000636 2529.0
0.000436 -0.000636 2530.0
0.000436 -0.000637 2531.0
0.000436 -0.000637 2532.0
0.000436 -0.000637 2533.0
0.000437 -0.000638 2534.0
0.000437 -0.000638 2535.0
0.000437 -0.000638 2536.0
0.000437 -0.000639 2537.0
0.000437 -0.000639 2538.0
0.000438 -0.000639 2539.0
0.000438 -0.000639 2540.0
0.000438 -0.000640 2541.0
0.000438 -0.000640 2542.0
0.000439 -0.000640 2543.0
0.000439 -0.000641 2544.0
0.000439 -0.000641 2545.0
0.000439 -0.000641 2546.0
0.000439 -0.000641 2547.0
0.000440 -0.000642 2548.0
0.000440 -0.000642 2549.0
0.000440 -0.000642 2550.0
0.000440 -0.000643 2551.0
0.000441 -0.000643 2552.0
0.000441 -0.000643 2553.0
0.000441 -0.000643 2554.0
0.000441 -0.000644 2555.0
0.000441 -0.000644 2556.0
0.000442 -0.000644 2557.0
0.000442 -0.000645 2558.0
0.000442 -0.000645 2559.0
0.000442 -0.000645 2560.0
0.000443 -0.000645 2561.0
0.000443 -0.000646 2562.0
0.000443 -0.000646 2563.0
0.000443 -0.000646 2564.0
0.000443 -0.000647 2565.0
0.000444 -0.000647 2566.0
0.000444 -0.000647 2567.0
0.000444 -0.000647 2568.0
0.000444 -0.000648 2569.0
0.000445 -0.000648 2570.0
0.000445 -0.000648 2571.0
0.000445 -0.000649 2572.0
0.000445 -0.000649 2573.0
0.000445 -0.000649 2574.0
0.000446 -0.000650 2575.0
0.000446 -0.000650 2576.0
0.000446 -0.000650 2577.0
0.000446 -0.000650 2578.0
0.000447 -0.000651 2579.0
0.000447 -0.000651 2580.0
0.000447 -0.000651 2581.0
0.000447 -0.000652 2582.0
0.000447 -0.000652 2583.0
0.000448 -0.000652 2584.0
0.000448 -0.000652 2585.0
0.000448 -0.000653 2586.0
0.000448 -0.000653 2587.0
0.000449 -0.000653 2588.0
0.000449 -0.000654 2589.0
0.000449 -0.000654 2590.0
0.000449 -0.000654 2591.0
0.000449 -0.000654 2592.0
0.000450 -0.000655 2593.0
0.000450 -0.000655 2594.0
0.000450 -0.000655 2595.0
0.000450 -0.000656 2596.0
0.000451 -0.000656 2597.0
0.000451 -0.000656 2598.0
0.000451 -0.000656 2599.0
0.000451 -0.000657 2600.0
0.000451 -0.000657 2601.0
0.000452 -0.000657 2602.0
0.000452 -0.000658 2603.0
0.000452 -0.000658 2604.0
0.000452 -0.000658 2605.0
0.000453 -0.000659 2606.0
0.000453 -0.000659 2607.0
0.000453 -0.000659 2608.0
0.000453 -0.000659 2609.0
0.000453 -0.000660 2610.0
0.000454 -0.000660 2611.0
0.000454 -0.000660 2612.0
0.000454 -0.000661 2613.0
0.000454 -0.000661 2614.0
0.000455 -0.000661 2615.0
0.000455 -0.000661 2616.0
0.000455 -0.000662 2617.0
0.000455 -0.000662 2618.0
0.000455 -0.000662 2619.0
0.000456 -0.000663 2620.0
0.000456 -0.000663 2621.0
0.000456 -0.000663 2622.0
0.000456 -0.000663 2623.0
0.000457 -0.000664 2624.0
0.000457 -0.000664 2625.0
0.000457 -0.000664 2626.0
0.000457 -0.000665 2627.0
0.000457 -0.000665 2628.0
0.000458 -0.000665 2629.0
0.000458 -0.000665 2630.0
0.000458 -0.000666 2631.0
0.000458 -0.000666 2632.0
0.000459 -0.000666 2633.0
0.000459 -0.000667 2634.0
0.000459 -0.000667 2635.0
0.000459 -0.000667 2636.0
0.000459 -0.000667 2637.0
0.000460 -0.000668 2638.0
0.000460 -0.000668 2639.0
0.000460 -0.000668 2640.0
0.000460 -0.000669 2641.0
0.000461 -0.000669 2642.0
0.000461 -0.000669 2643.0
0.000461 -0.000670 2644.0
0.000461 -0.000670 2645.0
0.000461 -0.000670 2646.0
0.000462 -0.000670 2647.0
0.000462 -0.000671 2648.0
0.000462 -0.000671 2649.0
0.000462 -0.000671 2650.0
0.000463 -0.000672 2651.0
0.000463 -0.000672 2652.0
0.000463 -0.000672 2653.0
0.000463 -0.000672 2654.0
0.000463 -0.000673 2655.0
0.000464 -0.000673 2656.0
0.000464 -0.000673 2657.0
0.000464 -0.000674 2658.0
0.000464 -0.000674 2659.0
0.000465 -0.000674 2660.0
0.000465 -0.000674 2661.0
0.000465 -0.000675 2662.0
0.000465 -0.000675 2663.0
0.000465 -0.000675 2664.0
0.000466 -0.000676 2665.0
0.000466 -0.000676 2666.0
0.000466 -0.000676 2667.0
0.000466 -0.000676 2668.0
0.000467 -0.000677 2669.0
0.000467 -0.000677 2670.0
0.000467 -0.000677 2671.0
0.000467 -0.000678 2672.0
0.000467 -0.000678 2673.0
0.000468 -0.000678 2674.0
0.000468 -0.000678 2675.0
0.000468 -0.000679 2676.0
0.000468 -0.000679 2677.0
0.000469 -0.000679 2678.0
0.000469 -0.000680 2679.0
0.000469 -0.000680 2680.0
0.000469 -0.000680 2681.0
0.000469 -0.000681 2682.0
0.000470 -0.000681 2683.0
0.000470 -0.000681 2684.0
0.000470 -0.000681 2685.0
0.000470 -0.000682 2686.0
0.000471 -0.000682 2687.0
0.000471 -0.000682 2688.0
0.000471 -0.000683 2689.0
0.000471 -0.000683 2690.0
0.000471 -0.000683 2691.0
0.000472 -0.000683 2692.0
0.000472 -0.000684 2693.0
0.000472 -0.000684 2694.0
0.000472 -0.000684 2695.0
0.000473 -0.000685 2696.0
0.000473 -0.000685 2697.0
0.000473 -0.000685 2698.0
0.000473 -0.000685 2699.0
0.000473 -0.000686 2700.0
0.000474 -0.000686 2701.0
0.000474 -0.000686 2702.0
0.000474 -0.000687 2703.0
0.000474 -0.000687 2704.0
0.000475 -0.000687 2705.0
0.000475 -0.000687 2706.0
0.000475 -0.000688 2707.0
0.000475 -0.000688 2708.0
0.000475 -0.000688 2709.0
0.000476 -0.000689 2710.0
0.000476 -0.000689 2711.0
0.000476 -0.000689 2712.0
0.000476 -0.000689 2713.0
0.000477 -0.000690 2714.0
0.000477 -0.000690 2715.0
0.000477 -0.000690 2716.0
0.000477 -0.000691 2717.0
0.000477 -0.000691 2718.0
0.000478 -0.000691 2719.0
0.000478 -0.000692 2720.0
0.000478 -0.000692 2721.0
0.000478 -0.000692 2722.0
0.000479 -0.000692 2723.0
0.000479 -0.000693 2724.0
0.000479 -0.000693 2725.0
0.000479 -0.000693 2726.0
0.000479 -0.000694 2727.0
0.000480 -0.000694 2728.0
0.000480 -0.000694 2729.0
0.000480 -0.000694 2730.0
0.000480 -0.000695 2731.0
0.000481 -0.000695 2732.0
0.000481 -0.000695 2733.0
0.000481 -0.000696 2734.0
0.000481 -0.000696 2735.0
0.000481 -0.000696 2736.0
0.000482 -0.000696 2737.0
0.000482 -0.000697 2738.0
0.000482 -0.000697 2739.0
0.000482 -0.000697 2740.0
0.000483 -0.000698 2741.0
0.000483 -0.000698 2742.0
0.000483 -0.000698 2743.0
0.000483 -0.000698 2744.0
0.000483 -0.000699 2745.0
0.000484 -0.000699 2746.0
0.000484 -0.000699 2747.0
0.000484 -0.000700 2748.0
0.000484 -0.000700 2749.0
0.000485 -0.000700 2750.0
0.000485 -0.000700 2751.0
0.000485 -0.000701 2752.0
0.000485 -0.000701 2753.0
0.000485 -0.000701 2754.0
0.000486 -0.000702 2755.0
0.000486 -0.000702 2756.0
0.000486 -0.000702 2757.0
0.000486 -0.000703 2758.0
0.000487 -0.000703 2759.0
0.000487 -0.000703 2760.0
0.000487 -0.000703 2761.0
0.000487 -0.000704 2762.0
0.000487 -0.000704 2763.0
0.000488 -0.000704 2764.0
0.000488 -0.000705 2765.0
0.000488 -0.000705 2766.0
0.000488 -0.000705 2767.0
0.000489 -0.000705 2768.0
0.000489 -0.000706 2769.0
0.000489 -0.000706 2770.0
0.000489 -0.000706 2771.0
0.000489 -0.000707 2772.0
0.000490 -0.000707 2773.0
0.000490 -0.000707 2774.0
0.000490 -0.000707 2775.0
0.000490 -0.000708 2776.0
0.000491 -0.000708 2777.0
0.000491 -0.000708 2778.0
0.000491 -0.000709 2779.0
0.000491 -0.000709 2780.0
0.000491 -0.000709 2781.0
0.000492 -0.000709 2782.0
0.000492 -0.000710 2783.0
0.000492 -0.000710 2784.0
0.000492 -0.000710 2785.0
0.000493 -0.000711 2786.0
0.000493 -0.000711 2787.0
0.000493 -0.000711 2788.0
0.000493 -0.000711 2789.0
0.000493 -0.000712 2790.0
0.000494 -0.000712 2791.0
0.000494 -0.000712 2792.0
0.000494 -0.000713 2793.0
0.000494 -0.000713 2794.0
0.000495 -0.000713 2795.0
0.000495 -0.000714 2796.0
0.000495 -0.000714 2797.0
0.000495 -0.000714 2798.0
0.000495 -0.000714 2799.0
0.000496 -0.000715 2800.0
0.000496 -0.000715 2801.0
0.000496 -0.000715 2802.0
0.000496 -0.000716 2803.0
0.000497 -0.000716 2804.0
0.000497 -0.000716 2805.0
0.000497 -0.000716 2806.0
0.000497 -0.000717 2807.0
0.000497 -0.000717 2808.0
0.000498 -0.000717 2809.0
0.000498 -0.000718 2810.0
0.000498 -0.000718 2811.0
0.000498 -0.000718 2812.0
0.000499 -0.000718 2813.0
0.000499 -0.000719 2814.0
0.000499 -0.000719 2815.0
0.000499 -0.000719 2816.0
0.000499 -0.000720 2817.0
0.000500 -0.000720 2818.0
0.000500 -0.000720 2819.0
0.000500 -0.000720 2820.0
0.000500 -0.000721 2821.0
0.000501 -0.000721 2822.0
0.000501 -0.000721 2823.0
0.000501 -0.000722 2824.0
0.000501 -0.000722 2825.0
0.000501 -0.000722 2826.0
0.000502 -0.000723 2827.0
0.000502 -0.000723 2828.0
0.000502 -0.000723 2829.0
0.000502 -0.000723 2830.0
0.000503 -0.000724 2831.0
0.000503 -0.000724 2832.0
0.000503 -0.000724 2833.0
0.000503 -0.000725 2834.0
0.000503 -0.000725 2835.0
0.000504 -0.000725 2836.0
0.000504 -0.000725 2837.0
0.000504 -0.000726 2838.0
0.000504 -0.000726 2839.0
0.000505 -0.000726 2840.0
0.000505 -0.000727 2841.0
0.000505 -0.000727 2842.0
0.000505 -0.000727 2843.0
0.000505 -0.000727 2844.0
0.000506 -0.000728 2845.0
0.000506 -0.000728 2846.0
0.000506 -0.000728 2847.0
0.000506 -0.000729 2848.0
0.000507 -0.000729 2849.0
0.000507 -0.000729 2850.0
0.000507 -0.000729 2851.0
0.000507 -0.000730 2852.0
0.000507 -0.000730 2853.0
0.000508 -0.000730 2854.0
0.000508 -0.000731 2855.0
0.000508 -0.000731 2856.0
0.000508 -0.000731 2857.0
0.000509 -0.000731 2858.0
0.000509 -0.000732 2859.0
0.000509 -0.000732 2860.0
0.000509 -0.000732 2861.0
0.000509 -0.000733 2862.0
0.000510 -0.000733 2863.0
0.000510 -0.000733 2864.0
0.000510 -0.000734 2865.0
0.000510 -0.000734 2866.0
0.000511 -0.000734 2867.0
0.000511 -0.000734 2868.0
0.000511 -0.000735 2869.0
0.000511 -0.000735 2870.0
0.000511 -0.000735 2871.0
0.000512 -0.000736 2872.0
0.000512 -0.000736 2873.0
0.000512 -0.000736 2874.0
0.000512 -0.000736 2875.0
0.000513 -0.000737 2876.0
0.000513 -0.000737 2877.0
0.000513 -0.000737 2878.0
0.000513 -0.000738 2879.0
0.000513 -0.000738 2880.0
0.000514 -0.000738 2881.0
0.000514 -0.000738 2882.0
0.000514 -0.000739 2883.0
0.000514 -0.000739 2884.0
0.000515 -0.000739 2885.0
0.000515 -0.000740 2886.0
0.000515 -0.000740 2887.0
0.000515 -0.000740 2888.0
0.000515 -0.000740 2889.0
0.000516 -0.000741 2890.0
0.000516 -0.000741 2891.0
0.000516 -0.000741 2892.0
0.000516 -0.000742 2893.0
0.000517 -0.000742 2894.0
0.000517 -0.000742 2895.0
0.000517 -0.000742 2896.0
0.000517 -0.000743 2897.0
0.000517 -0.000743 2898.0
0.000518 -0.000743 2899.0
0.000518 -0.000744 2900.0
0.000518 -0.000744 2901.0
0.000518 -0.000744 2902.0
0.000519 -0.000745 2903.0
0.000519 -0.000745 2904.0
0.000519 -0.000745 2905.0
0.000519 -0.000745 2906.0
0.000520 -0.000746 2907.0
0.000520 -0.000746 2908.0
0.000520 -0.000746 2909.0
0.000520 -0.000747 2910.0
0.000520 -0.000747 2911.0
0.000521 -0.000747 2912.0
0.000521 -0.000747 2913.0
0.000521 -0.000748 2914.0
0.000521 -0.000748 2915.0
0.000522 -0.000748 2916.0
0.000522 -0.000749 2917.0
0.000522 -0.000749 2918.0
0.000522 -0.000749 2919.0
0.000522 -0.000749 2920.0
0.000523 -0.000750 2921.0
0.000523 -0.000750 2922.0
0.000523 -0.000750 2923.0
0.000523 -0.000751 2924.0
0.000524 -0.000751 2925.0
0.000524 -0.000751 2926.0
0.000524 -0.000751 2927.0
0.000524 -0.000752 2928.0
0.000524 -0.000752 2929.0
0.000525 -0.000752 2930.0
0.000525 -0.000753 2931.0
0.000525 -0.000753 2932.0
0.000525 -0.000753 2933.0
0.000526 -0.000753 2934.0
0.000526 -0.000754 2935.0
0.000526 -0.000754 2936.0
0.000526 -0.000754 2937.0
0.000526 -0.000755 2938.0
0.000527 -0.000755 2939.0
0.000527 -0.000755 2940.0
0.000527 -0.000756 2941.0
0.000527 -0.000756 2942.0
0.000528 -0.000756 2943.0
0.000528 -0.000756 2944.0
0.000528 -0.000757 2945.0
0.000528 -0.000757 2946.0
0.000528 -0.000757 2947.0
0.000529 -0.000758 2948.0
0.000529 -0.000758 2949.0
0.000529 -0.000758 2950.0
0.000529 -0.000758 2951.0
0.000530 -0.000759 2952.0
0.000530 -0.000759 2953.0
0.000530 -0.000759 2954.0
0.000530 -0.000760 2955.0
0.000530 -0.000760 2956.0
0.000531 -0.000760 2957.0
0.000531 -0.000760 2958.0
0.000531 -0.000761 2959.0
0.000531 -0.000761 2960.0
0.000532 -0.000761 2961.0
0.000532 -0.000762 2962.0
0.000532 -0.000762 2963.0
0.000532 -0.000762 2964.0
0.000532 -0.000762 2965.0
0.000533 -0.000763 2966.0
0.000533 -0.000763 2967.0
0.000533 -0.000763 2968.0
0.000533 -0.000764 2969.0
0.000534 -0.000764 2970.0
0.000534 -0.000764 2971.0
0.000534 -0.000765 2972.0
0.000534 -0.000765 2973.0
0.000534 -0.000765 2974.0
0.000535 -0.000765 2975.0
0.000535 -0.000766 2976.0
0.000535 -0.000766 2977.0
0.000535 -0.000766 2978.0
0.000536 -0.000767 2979.0
0.000536 -0.000767 2980.0
0.000536 -0.000767 2981.0
0.000536 -0.000767 2982.0
0.000536 -0.000768 2983.0
0.000537 -0.000768 2984.0
0.000537 -0.000768 2985.0
0.000537 -0.000769 2986.0
0.000537 -0.000769 2987.0
0.000538 -0.000769 2988.0
0.000538 -0.000769 2989.0
0.000538 -0.000770 2990.0
0.000538 -0.000770 2991.0
0.000538 -0.000770 2992.0
0.000539 -0.000771 2993.0
0.000539 -0.000771 2994.0
0.000539 -0.000771 2995.0
0.000539 -0.000771 2996.0
0.000540 -0.000772 2997.0
0.000540 -0.000772 2998.0
0.000540 -0.000772 2999.0
0.000540 -0.000773 3000.0
0.000540 -0.000773 3001.0
0.000541 -0.000773 3002.0
0.000541 -0.000773 3003.0
0.000541 -0.000774 3004.0
0.000541 -0.000774 3005.0
0.000542 -0.000774 3006.0
0.000542 -0.000775 3007.0
0.000542 -0.000775 3008.0
0.000542 -0.000775 3009.0
0.000542 -0.000776 3010.0
0.000543 -0.000776 3011.0
0.000543 -0.000776 3012.0
0.000543 -0.000776 3013.0
0.000543 -0.000777 3014.0
0.000544 -0.000777 3015.0
0.000544 -0.000777 3016.0
0.000544 -0.000778 3017.0
0.000544 -0.000778 3018.0
0.000544 -0.000778 3019.0
0.000545 -0.000778 3020.0
0.000545 -0.000779 3021.0
0.000545 -0.000779 3022.0
0.000545 -0.000779 3023.0
0.000546 -0.000780 3024.0
0.000546 -0.000780 3025.0
0.000546 -0.000780 3026.0
0.000546 -0.000780 3027.0
0.000546 -0.000781 3028.0
0.000547 -0.000781 3029.0
0.000547 -0.000781 3030.0
0.000547 -0.000782 3031.0
0.000547 -0.000782 3032.0
0.000548 -0.000782 3033.0
0.000548 -0.000782 3034.0
0.000548 -0.000783 3035.0
0.000548 -0.000783 3036.0
0.000548 -0.000783 3037.0
0.000549 -0.000784 3038.0
0.000549 -0.000784 3039.0
0.000549 -0.000784 3040.0
0.000549 -0.000784 3041.0
0.000550 -0.000785 3042.0
0.000550 -0.000785 3043.0
0.000550 -0.000785 3044.0
0.000550 -0.000786 3045.0
0.000550 -0.000786 3046.0
0.000551 -0.000786 3047.0
0.000551 -0.000787 3048.0
0.000551 -0.000787 3049.0
0.000551 -0.000787 3050.0
0.000552 -0.000787 3051.0
0.000552 -0.000788 3052.0
0.000552 -0.000788 3053.0
0.000552 -0.000788 3054.0
0.000552 -0.000789 3055.0
0.000553 -0.000789 3056.0
0.000553 -0.000789 3057.0
0.000553 -0.000789 3058.0
0.000553 -0.000790 3059.0
0.000554 -0.000790 3060.0
0.000554 -0.000790 3061.0
0.000554 -0.000791 3062.0
0.000554 -0.000791 3063.0
0.000554 -0.000791 3064.0
0.000555 -0.000791 3065.0
0.000555 -0.000792 3066.0
0.000555 -0.000792 3067.0
0.000555 -0.000792 3068.0
0.000556 -0.000793 3069.0
0.000556 -0.000793 3070.0
0.000556 -0.000793 3071.0
0.000556 -0.000793 3072.0
0.000556 -0.000794 3073.0
0.000557 -0.000794 3074.0
0.000557 -0.000794 3075.0
0.000557 -0.000795 3076.0
0.000557 -0.000795 3077.0
0.000558 -0.000795 3078.0
0.000558 -0.000795 3079.0
0.000558 -0.000796 3080.0
0.000558 -0.000796 3081.0
0.000558 -0.000796 3082.0
0.000559 -0.000797 3083.0
0.000559 -0.000797 3084.0
0.000559 -0.000797 3085.0
0.000559 -0.000798 3086.0
0.000560 -0.000798 3087.0
0.000560 -0.000798 3088.0
0.000560 -0.000798 3089.0
0.000560 -0.000799 3090.0
0.000560 -0.000799 3091.0
0.000561 -0.000799 3092.0
0.000561 -0.000800 3093.0
0.000561 -0.000800 3094.0
0.000561 -0.000800 3095.0
0.000562 -0.000800 3096.0
0.000562 -0.000801 3097.0
0.000562 -0.000801 3098.0
0.000562 -0.000801 3099.0
0.000562 -0.000802 3100.0
0.000563 -0.000802 3101.0
0.000563 -0.000802 3102.0
0.000563 -0.000802 3103.0
0.000563 -0.000803 3104.0
0.000564 -0.000803 3105.0
0.000564 -0.000803 3106.0
0.000564 -0.000804 3107.0
0.000564 -0.000804 3108.0
0.000564 -0.000804 3109.0
0.000565 -0.000804 3110.0
0.000565 -0.000805 3111.0
0.000565 -0.000805 3112.0
0.000565 -0.000805 3113.0
0.000566 -0.000806 3114.0
0.000566 -0.000806 3115.0
0.000566 -0.000806 3116.0
0.000566 -0.000806 3117.0
0.000566 -0.000807 3118.0
0.000567 -0.000807 3119.0
0.000567 -0.000807 3120.0
0.000567 -0.000808 3121.0
0.000567 -0.000808 3122.0
0.000568 -0.000808 3123.0
0.000568 -0.000809 3124.0
0.000568 -0.000809 3125.0
0.000568 -0.000809 3126.0
0.000568 -0.000809 3127.0
0.000569 -0.000810 3128.0
0.000569 -0.000810 3129.0
0.000569 -0.000810 3130.0
0.000569 -0.000811 3131.0
0.000570 -0.000811 3132.0
0.000570 -0.000811 3133.0
0.000570 -0.000811 3134.0
0.000570 -0.000812 3135.0
0.000570 -0.000812 3136.0
0.000571 -0.000812 3137.0
0.000571 -0.000813 3138.0
0.000571 -0.000813 3139.0
0.000571 -0.000813 3140.0
0.000572 -0.000813 3141.0
0.000572 -0.000814 3142.0
0.000572 -0.000814 3143.0
0.000572 -0.000814 3144.0
0.000572 -0.000815 3145.0
0.000573 -0.000815 3146.0
0.000573 -0.000815 3147.0
0.000573 -0.000815 3148.0
0.000573 -0.000816 3149.0
0.000574 -0.000816 3150.0
0.000574 -0.000816 3151.0
0.000574 -0.000817 3152.0
0.000574 -0.000817 3153.0
0.000574 -0.000817 3154.0
0.000575 -0.000818 3155.0
0.000575 -0.000818 3156.0
0.000575 -0.000818 3157.0
0.000575 -0.000818 3158.0
0.000576 -0.000819 3159.0
0.000576 -0.000819 3160.0
0.000576 -0.000819 3161.0
0.000576 -0.000820 3162.0
0.000576 -0.000820 3163.0
0.000577 -0.000820 3164.0
0.000577 -0.000820 3165.0
0.000577 -0.000821 3166.0
0.000577 -0.000821 3167.0
0.000578 -0.000821 3168.0
0.000578 -0.000822 3169.0
0.000578 -0.000822 3170.0
0.000578 -0.000822 3171.0
0.000578 -0.000822 3172.0
0.000579 -0.000823 3173.0
0.000579 -0.000823 3174.0
0.000579 -0.000823 3175.0
0.000579 -0.000824 3176.0
0.000580 -0.000824 3177.0
0.000580 -0.000824 3178.0
0.000580 -0.000824 3179.0
0.000580 -0.000825 3180.0
0.000580 -0.000825 3181.0
0.000581 -0.000825 3182.0
0.000581 -0.000826 3183.0
0.000581 -0.000826 3184.0
0.000581 -0.000826 3185.0
0.000582 -0.000826 3186.0
0.000582 -0.000827 3187.0
0.000582 -0.000827 3188.0
0.000582 -0.000827 3189.0
0.000582 -0.000828 3190.0
0.000583 -0.000828 3191.0
0.000583 -0.000828 3192.0
0.000583 -0.000829 3193.0
0.000583 -0.000829 3194.0
0.000584 -0.000829 3195.0
0.000584 -0.000829 3196.0
0.000584 -0.000830 3197.0
0.000584 -0.000830 3198.0
0.000584 -0.000830 3199.0
0.000585 -0.000831 3200.0
0.000585 -0.000831 3201.0
0.000585 -0.000831 3202.0
0.000585 -0.000831 3203.0
0.000586 -0.000832 3204.0
0.000586 -0.000832 3205.0
0.000586 -0.000832 3206.0
0.000586 -0.000833 3207.0
0.000586 -0.000833 3208.0
0.000587 -0.000833 3209.0
0.000587 -0.000833 3210.0
0.000587 -0.000834 3211.0
0.000587 -0.000834 3212.0
0.000588 -0.000834 3213.0
0.000588 -0.000835 3214.0
0.000588 -0.000835 3215.0
0.000588 -0.000835 3216.0
0.000588 -0.000835 3217.0
0.000589 -0.000836 3218.0
0.000589 -0.000836 3219.0
0.000589 -0.000836 3220.0
0.000589 -0.000837 3221.0
0.000590 -0.000837 3222.0
0.000590 -0.000837 3223.0
0.000590 -0.000837 3224.0
0.000590 -0.000838 3225.0
0.000590 -0.000838 3226.0
0.000591 -0.000838 3227.0
0.000614 -0.000807 3228.0
0.000615 -0.000803 3229.0
0.000615 -0.000802 3230.0
0.000615 -0.000802 3231.0
0.000615 -0.000801 3232.0
0.000615 -0.000800 3233.0
0.000615 -0.000799 3234.0
0.000615 -0.000799 3235.0
0.000615 -0.000798 3236.0
0.000616 -0.000797 3237.0
0.000616 -0.000796 3238.0
0.000616 -0.000796 3239.0
0.000616 -0.000795 3240.0
0.000616 -0.000794 3241.0
0.000616 -0.000794 3242.0
0.000616 -0.000793 3243.0
0.000616 -0.000792 3244.0
0.000616 -0.000791 3245.0
0.000617 -0.000791 3246.0
0.000617 -0.000790 3247.0
0.000617 -0.000789 3248.0
0.000617 -0.000788 3249.0
0.000617 -0.000788 3250.0
0.000617 -0.000787 3251.0
0.000617 -0.000786 3252.0
0.000617 -0.000786 3253.0
0.000617 -0.000785 3254.0
0.000618 -0.000784 3255.0
0.000618 -0.000783 3256.0
0.000618 -0.000783 3257.0
0.000618 -0.000782 3258.0
0.000618 -0.000781 3259.0
0.000618 -0.000780 3260.0
0.000618 -0.000780 3261.0
0.000618 -0.000779 3262.0
0.000618 -0.000778 3263.0
0.000619 -0.000778 3264.0
0.000619 -0.000777 3265.0
0.000619 -0.000776 3266.0
0.000619 -0.000775 3267.0
0.000619 -0.000775 3268.0
0.000619 -0.000774 3269.0
0.000619 -0.000773 3270.0
0.000619 -0.000772 3271.0
0.000619 -0.000772 3272.0
0.000620 -0.000771 3273.0
0.000620 -0.000770 3274.0
0.000620 -0.000770 3275.0
0.000620 -0.000769 3276.0
0.000620 -0.000768 3277.0
0.000620 -0.000767 3278.0
0.000620 -0.000767 3279.0
0.000620 -0.000766 3280.0
0.000620 -0.000765 3281.0
0.000621 -0.000764 3282.0
0.000621 -0.000764 3283.0
0.000621 -0.000763 3284.0
0.000621 -0.000762 3285.0
0.000621 -0.000762 3286.0
0.000621 -0.000761 3287.0
0.000621 -0.000760 3288.0
0.000621 -0.000759 3289.0
0.000621 -0.000759 3290.0
0.000623 -0.000759 3291.0
0.000623 -0.000759 3292.0
0.000624 -0.000759 3293.0
0.000624 -0.000759 3294.0
0.000625 -0.000760 3295.0
0.000625 -0.000760 3296.0
0.000626 -0.000760 3297.0
0.000626 -0.000760 3298.0
0.000626 -0.000760 3299.0
0.000627 -0.000760 3300.0
0.000627 -0.000760 3301.0
0.000628 -0.000760 3302.0
0.000628 -0.000760 3303.0
0.000629 -0.000760 3304.0
0.000629 -0.000761 3305.0
0.000630 -0.000761 3306.0
0.000630 -0.000761 3307.0
0.000630 -0.000761 3308.0
0.000631 -0.000761 3309.0
0.000631 -0.000761 3310.0
0.000632 -0.000761 3311.0
0.000632 -0.000761 3312.0
0.000633 -0.000761 3313.0
0.000633 -0.000761 3314.0
0.000633 -0.000762 3315.0
0.000634 -0.000762 3316.0
0.000634 -0.000762 3317.0
0.000635 -0.000762 3318.0
0.000635 -0.000762 3319.0
0.000636 -0.000762 3320.0
0.000636 -0.000762 3321.0
0.000637 -0.000762 3322.0
0.000637 -0.000762 3323.0
0.000637 -0.000763 3324.0
0.000638 -0.000763 3325.0
0.000638 -0.000763 3326.0
0.000639 -0.000763 3327.0
0.000639 -0.000763 3328.0
0.000640 -0.000763 3329.0
0.000640 -0.000763 3330.0
0.000640 -0.000763 3331.0
0.000641 -0.000763 3332.0
0.000641 -0.000763 3333.0
0.000642 -0.000764 3334.0
0.000642 -0.000764 3335.0
0.000643 -0.000764 3336.0
0.000643 -0.000764 3337.0
0.000644 -0.000764 3338.0
0.000644 -0.000764 3339.0
0.000644 -0.000764 3340.0
0.000645 -0.000764 3341.0
0.000645 -0.000764 3342.0
0.000646 -0.000765 3343.0
0.000646 -0.000765 3344.0
0.000647 -0.000765 3345.0
0.000647 -0.000765 3346.0
0.000648 -0.000765 3347.0
0.000648 -0.000765 3348.0
0.000648 -0.000765 3349.0
0.000649 -0.000765 3350.0
0.000649 -0.000764 3351.0
0.000649 -0.000764 3352.0
0.000650 -0.000764 3353.0
0.000650 -0.000764 3354.0
0.000650 -0.000764 3355.0
0.000651 -0.000764 3356.0
0.000651 -0.000765 3357.0
0.000651 -0.000765 3358.0
0.000652 -0.000765 3359.0
0.000652 -0.000765 3360.0
0.000652 -0.000765 3361.0
0.000653 -0.000765 3362.0
0.000653 -0.000765 3363.0
0.000653 -0.000765 3364.0
0.000654 -0.000765 3365.0
0.000654 -0.000765 3366.0
0.000654 -0.000765 3367.0
0.000654 -0.000765 3368.0
0.000655 -0.000765 3369.0
0.000655 -0.000766 3370.0
0.000655 -0.000766 3371.0
0.000656 -0.000766 3372.0
0.000656 -0.000766 3373.0
0.000656 -0.000766 3374.0
0.000657 -0.000766 3375.0
0.000657 -0.000766 3376.0
0.000657 -0.000766 3377.0
0.000658 -0.000766 3378.0
0.000658 -0.000766 3379.0
0.000658 -0.000766 3380.0
0.000659 -0.000766 3381.0
0.000659 -0.000767 3382.0
0.000659 -0.000767 3383.0
0.000660 -0.000767 3384.0
0.000660 -0.000767 3385.0
0.000660 -0.000767 3386.0
0.000661 -0.000767 3387.0
0.000661 -0.000767 3388.0
0.000661 -0.000767 3389.0
0.000662 -0.000767 3390.0
0.000662 -0.000767 3391.0
0.000662 -0.000767 3392.0
0.000663 -0.000767 3393.0
0.000663 -0.000768 3394.0
0.000663 -0.000768 3395.0
0.000664 -0.000768 3396.0
0.000664 -0.000768 3397.0
0.000664 -0.000768 3398.0
0.000665 -0.000768 3399.0
0.000665 -0.000768 3400.0
0.000665 -0.000768 3401.0
0.000665 -0.000768 3402.0
0.000666 -0.000768 3403.0
0.000666 -0.000768 3404.0
0.000666 -0.000768 3405.0
0.000667 -0.000769 3406.0
0.000667 -0.000769 3407.0
0.000667 -0.000769 3408.0
0.000668 -0.000769 3409.0
0.000668 -0.000769 3410.0
0.000668 -0.000769 3411.0
0.000669 -0.000769 3412.0
0.000669 -0.000769 3413.0
0.000669 -0.000769 3414.0
0.000669 -0.000768 3415.0
0.000670 -0.000768 3416.0
0.000670 -0.000768 3417.0
0.000670 -0.000768 3418.0
0.000670 -0.000768 3419.0
0.000671 -0.000768 3420.0
0.000671 -0.000769 3421.0
0.000671 -0.000769 3422.0
0.000671 -0.000769 3423.0
0.000672 -0.000769 3424.0
0.000672 -0.000769 3425.0
0.000672 -0.000769 3426.0
0.000672 -0.000769 3427.0
0.000673 -0.000769 3428.0
0.000673 -0.000769 3429.0
0.000673 -0.000769 3430.0
0.000673 -0.000769 3431.0
0.000673 -0.000769 3432.0
0.000674 -0.000769 3433.0
0.000674 -0.000769 3434.0
0.000674 -0.000769 3435.0
0.000674 -0.000769 3436.0
0.000675 -0.000770 3437.0
0.000675 -0.000770 3438.0
0.000675 -0.000770 3439.0
0.000675 -0.000770 3440.0
0.000676 -0.000770 3441.0
0.000676 -0.000770 3442.0
0.000676 -0.000770 3443.0
0.000676 -0.000770 3444.0
0.000676 -0.000770 3445.0
0.000677 -0.000770 3446.0
0.000677 -0.000770 3447.0
0.000677 -0.000770 3448.0
0.000677 -0.000770 3449.0
0.000678 -0.000770 3450.0
0.000678 -0.000770 3451.0
0.000678 -0.000770 3452.0
0.000678 -0.000771 3453.0
0.000679 -0.000771 3454.0
0.000679 -0.000771 3455.0
0.000679 -0.000771 3456.0
0.000679 -0.000771 3457.0
0.000679 -0.000771 3458.0
0.000680 -0.000771 3459.0
0.000680 -0.000771 3460.0
0.000680 -0.000771 3461.0
0.000680 -0.000771 3462.0
0.000681 -0.000771 3463.0
0.000681 -0.000771 3464.0
0.000681 -0.000771 3465.0
0.000681 -0.000771 3466.0
0.000682 -0.000771 3467.0
0.000682 -0.000771 3468.0
0.000682 -0.000772 3469.0
0.000682 -0.000772 3470.0
0.000683 -0.000772 3471.0
0.000683 -0.000772 3472.0
0.000683 -0.000771 3473.0
0.000683 -0.000770 3474.0
0.000683 -0.000770 3475.0
0.000684 -0.000769 3476.0
0.000684 -0.000769 3477.0
0.000684 -0.000768 3478.0
0.000685 -0.000767 3479.0
0.000685 -0.000767 3480.0
0.000685 -0.000766 3481.0
0.000685 -0.000766 3482.0
0.000686 -0.000765 3483.0
0.000686 -0.000764 3484.0
0.000686 -0.000764 3485.0
0.000686 -0.000763 3486.0
0.000687 -0.000763 3487.0
0.000687 -0.000762 3488.0
0.000687 -0.000761 3489.0
0.000688 -0.000761 3490.0
0.000688 -0.000760 3491.0
0.000688 -0.000760 3492.0
0.000688 -0.000759 3493.0
0.000689 -0.000758 3494.0
0.000689 -0.000758 3495.0
0.000689 -0.000757 3496.0
0.000690 -0.000757 3497.0
0.000690 -0.000756 3498.0
0.000690 -0.000755 3499.0
0.000690 -0.000755 3500.0
0.000691 -0.000754 3501.0
0.000691 -0.000754 3502.0
0.000691 -0.000753 3503.0
0.000692 -0.000752 3504.0
0.000692 -0.000752 3505.0
0.000692 -0.000751 3506.0
0.000692 -0.000751 3507.0
0.000693 -0.000750 3508.0
0.000693 -0.000749 3509.0
0.000693 -0.000749 3510.0
0.000693 -0.000748 3511.0
0.000694 -0.000748 3512.0
0.000694 -0.000747 3513.0
0.000694 -0.000746 3514.0
0.000695 -0.000746 3515.0
0.000695 -0.000745 3516.0
0.000695 -0.000745 3517.0
0.000695 -0.000744 3518.0
0.000696 -0.000743 3519.0
0.000696 -0.000743 3520.0
0.000696 -0.000742 3521.0
0.000697 -0.000742 3522.0
0.000697 -0.000741 3523.0
0.000697 -0.000740 3524.0
0.000697 -0.000740 3525.0
0.000698 -0.000739 3526.0
0.000698 -0.000739 3527.0
0.000698 -0.000738 3528.0
0.000699 -0.000737 3529.0
0.000699 -0.000737 3530.0
0.000699 -0.000736 3531.0
0.000699 -0.000736 3532.0
0.000700 -0.000735 3533.0
0.000700 -0.000734 3534.0
0.000700 -0.000734 3535.0
0.000703 -0.000736 3536.0
0.000704 -0.000736 3537.0
0.000704 -0.000737 3538.0
0.000704 -0.000737 3539.0
0.000705 -0.000737 3540.0
0.000705 -0.000737 3541.0
0.000706 -0.000737 3542.0
0.000706 -0.000737 3543.0
0.000706 -0.000737 3544.0
0.000707 -0.000737 3545.0
0.000707 -0.000737 3546.0
0.000708 -0.000737 3547.0
0.000708 -0.000738 3548.0
0.000709 -0.000738 3549.0
0.000709 -0.000738 3550.0
0.000709 -0.000738 3551.0
0.000710 -0.000738 3552.0
0.000710 -0.000738 3553.0
0.000711 -0.000738 3554.0
0.000711 -0.000738 3555.0
0.000711 -0.000738 3556.0
0.000712 -0.000739 3557.0
0.000712 -0.000739 3558.0
0.000713 -0.000739 3559.0
0.000713 -0.000739 3560.0
0.000713 -0.000739 3561.0
0.000714 -0.000739 3562.0
0.000714 -0.000739 3563.0
0.000715 -0.000739 3564.0
0.000715 -0.000739 3565.0
0.000715 -0.000739 3566.0
0.000716 -0.000740 3567.0
0.000716 -0.000740 3568.0
0.000717 -0.000740 3569.0
0.000717 -0.000740 3570.0
0.000718 -0.000740 3571.0
0.000718 -0.000740 3572.0
0.000718 -0.000740 3573.0
0.000719 -0.000740 3574.0
0.000719 -0.000740 3575.0
0.000720 -0.000741 3576.0
0.000720 -0.000741 3577.0
0.000720 -0.000741 3578.0
0.000721 -0.000741 3579.0
0.000721 -0.000741 3580.0
0.000722 -0.000741 3581.0
0.000722 -0.000741 3582.0
0.000722 -0.000741 3583.0
0.000723 -0.000741 3584.0
0.000723 -0.000741 3585.0
0.000724 -0.000742 3586.0
0.000724 -0.000742 3587.0
0.000724 -0.000742 3588.0
0.000725 -0.000742 3589.0
0.000725 -0.000742 3590.0
0.000726 -0.000742 3591.0
0.000726 -0.000742 3592.0
0.000726 -0.000741 3593.0
