0.000754 -0.000578 40.0
0.000754 -0.000578 41.0
0.000754 -0.000578 42.0
0.000754 -0.000578 43.0
0.000754 -0.000578 44.0
0.000754 -0.000578 45.0
0.000754 -0.000578 46.0
0.000754 -0.000578 47.0
0.000754 -0.000578 48.0
0.000754 -0.000578 49.0
0.000754 -0.000578 50.0
0.000754 -0.000578 51.0
0.000754 -0.000578 52.0
0.000754 -0.000578 53.0
0.000754 -0.000578 54.0
0.000754 -0.000578 55.0
0.000754 -0.000578 56.0
0.000754 -0.000578 57.0
0.000754 -0.000578 58.0
0.000754 -0.000578 59.0
0.000754 -0.000578 60.0
0.000754 -0.000578 61.0
0.000754 -0.000578 62.0
0.000754 -0.000578 63.0
0.000754 -0.000578 64.0
0.000754 -0.000578 65.0
0.000754 -0.000578 66.0
0.000754 -0.000578 67.0
0.000754 -0.000578 68.0
0.000754 -0.000578 69.0
0.000754 -0.000578 70.0
0.000754 -0.000578 71.0
0.000754 -0.000578 72.0
0.000754 -0.000578 73.0
0.000754 -0.000578 74.0
0.000754 -0.000578 75.0
0.000754 -0.000578 76.0
0.000754 -0.000578 77.0
0.000754 -0.000578 78.0
0.000754 -0.000578 79.0
0.000754 -0.000578 80.0
0.000754 -0.000578 81.0
0.000754 -0.000578 82.0
0.000754 -0.000578 83.0
0.000754 -0.000578 84.0
0.000754 -0.000578 85.0
0.000754 -0.000578 86.0
0.000754 -0.000578 87.0
0.000754 -0.000578 88.0
0.000754 -0.000578 89.0
0.000754 -0.000578 90.0
0.000754 -0.000578 91.0
0.000754 -0.000578 92.0
0.000754 -0.000578 93.0
0.000754 -0.000578 94.0
0.000754 -0.000578 95.0
0.000754 -0.000578 96.0
0.000754 -0.000578 97.0
0.000754 -0.000578 98.0
0.000754 -0.000578 99.0
0.000754 -0.000578 100.0
0.000754 -0.000578 101.0
0.000754 -0.000578 102.0
0.000754 -0.000578 103.0
0.000754 -0.000578 104.0
0.000754 -0.000578 105.0
0.000754 -0.000578 106.0
0.000754 -0.000578 107.0
0.000754 -0.000578 108.0
0.000754 -0.000578 109.0
0.000754 -0.000578 110.0
0.000754 -0.000578 111.0
0.000754 -0.000578 112.0
0.000754 -0.000578 113.0
0.000754 -0.000578 114.0
0.000754 -0.000578 115.0
0.000754 -0.000578 116.0
0.000754 -0.000578 117.0
0.000754 -0.000578 118.0
0.000754 -0.000578 119.0
0.000754 -0.000578 120.0
0.000754 -0.000578 121.0
0.000754 -0.000578 122.0
0.000754 -0.000578 123.0
0.000754 -0.000578 124.0
0.000754 -0.000578 125.0
0.000754 -0.000578 126.0
0.000754 -0.000578 127.0
0.000754 -0.000578 128.0
0.000754 -0.000578 129.0
0.000754 -0.000578 130.0
0.000754 -0.000578 131.0
0.000754 -0.000578 132.0
0.000754 -0.000578 133.0
0.000754 -0.000578 134.0
0.000754 -0.000578 135.0
0.000754 -0.000578 136.0
0.000754 -0.000578 137.0
0.000754 -0.000578 138.0
0.000754 -0.000578 139.0
0.000754 -0.000578 140.0
0.000754 -0.000578 141.0
0.000754 -0.000578 142.0
0.000754 -0.000578 143.0
0.000754 -0.000578 144.0
0.000754 -0.000578 145.0
0.000754 -0.000578 146.0
0.000754 -0.000578 147.0
0.000754 -0.000578 148.0
0.000754 -0.000578 149.0
0.000754 -0.000578 150.0
0.000754 -0.000578 151.0
0.000754 -0.000578 152.0
0.000754 -0.000578 153.0
0.000754 -0.000578 154.0
0.000754 -0.000578 155.0
0.000754 -0.000578 156.0
0.000754 -0.000578 157.0
0.000754 -0.000578 158.0
0.000754 -0.000578 159.0
0.000754 -0.000578 160.0
0.000754 -0.000578 161.0
0.000754 -0.000578 162.0
0.000753 -0.000578 163.0
0.000753 -0.000578 164.0
0.000753 -0.000578 165.0
0.000752 -0.000578 166.0
0.000752 -0.000577 167.0
0.000751 -0.000577 168.0
0.000751 -0.000577 169.0
0.000750 -0.000577 170.0
0.000750 -0.000577 171.0
0.000750 -0.000577 172.0
0.000749 -0.000577 173.0
0.000749 -0.000577 174.0
0.000748 -0.000577 175.0
0.000748 -0.000576 176.0
0.000748 -0.000576 177.0
0.000747 -0.000576 178.0
0.000747 -0.000576 179.0
0.000746 -0.000576 180.0
0.000746 -0.000576 181.0
0.000745 -0.000576 182.0
0.000745 -0.000576 183.0
0.000745 -0.000575 184.0
0.000744 -0.000575 185.0
0.000744 -0.000575 186.0
0.000743 -0.000575 187.0
0.000743 -0.000575 188.0
0.000743 -0.000575 189.0
0.000742 -0.000575 190.0
0.000742 -0.000575 191.0
0.000741 -0.000575 192.0
0.000741 -0.000575 193.0
0.000741 -0.000575 194.0
0.000741 -0.000574 195.0
0.000741 -0.000574 196.0
0.000741 -0.000573 197.0
0.000741 -0.000572 198.0
0.000741 -0.000572 199.0
0.000741 -0.000571 200.0
0.000741 -0.000571 201.0
0.000741 -0.000570 202.0
0.000741 -0.000570 203.0
0.000741 -0.000569 204.0
0.000741 -0.000569 205.0
0.000740 -0.000568 206.0
0.000740 -0.000568 207.0
0.000740 -0.000567 208.0
0.000740 -0.000566 209.0
0.000740 -0.000566 210.0
0.000740 -0.000565 211.0
0.000740 -0.000565 212.0
0.000740 -0.000564 213.0
0.000740 -0.000564 214.0
0.000740 -0.000563 215.0
0.000740 -0.000563 216.0
0.000740 -0.000562 217.0
0.000740 -0.000561 218.0
0.000740 -0.000561 219.0
0.000740 -0.000560 220.0
0.000740 -0.000560 221.0
0.000740 -0.000559 222.0
0.000740 -0.000559 223.0
0.000740 -0.000558 224.0
0.000739 -0.000558 225.0
0.000739 -0.000557 226.0
0.000739 -0.000556 227.0
0.000739 -0.000556 228.0
0.000739 -0.000555 229.0
0.000739 -0.000555 230.0
0.000739 -0.000554 231.0
0.000739 -0.000554 232.0
0.000739 -0.000553 233.0
0.000739 -0.000553 234.0
0.000739 -0.000552 235.0
0.000739 -0.000552 236.0
0.000739 -0.000551 237.0
0.000739 -0.000550 238.0
0.000739 -0.000550 239.0
0.000739 -0.000549 240.0
0.000739 -0.000549 241.0
0.000739 -0.000548 242.0
0.000738 -0.000548 243.0
0.000738 -0.000547 244.0
0.000738 -0.000547 245.0
0.000738 -0.000546 246.0
0.000738 -0.000545 247.0
0.000738 -0.000545 248.0
0.000738 -0.000544 249.0
0.000738 -0.000544 250.0
0.000738 -0.000543 251.0
0.000738 -0.000543 252.0
0.000737 -0.000543 253.0
0.000737 -0.000543 254.0
0.000737 -0.000542 255.0
0.000737 -0.000542 256.0
0.000737 -0.000542 257.0
0.000737 -0.000542 258.0
0.000737 -0.000542 259.0
0.000736 -0.000542 260.0
0.000736 -0.000541 261.0
0.000736 -0.000541 262.0
0.000736 -0.000541 263.0
0.000736 -0.000541 264.0
0.000736 -0.000541 265.0
0.000736 -0.000540 266.0
0.000736 -0.000540 267.0
0.000736 -0.000540 268.0
0.000736 -0.000540 269.0
0.000735 -0.000540 270.0
0.000735 -0.000540 271.0
0.000735 -0.000539 272.0
0.000735 -0.000539 273.0
0.000735 -0.000539 274.0
0.000735 -0.000539 275.0
0.000735 -0.000539 276.0
0.000735 -0.000538 277.0
0.000735 -0.000538 278.0
0.000735 -0.000538 279.0
0.000734 -0.000538 280.0
0.000734 -0.000538 281.0
0.000734 -0.000537 282.0
0.000734 -0.000537 283.0
0.000734 -0.000537 284.0
0.000734 -0.000537 285.0
0.000734 -0.000537 286.0
0.000734 -0.000537 287.0
0.000734 -0.000536 288.0
0.000733 -0.000536 289.0
0.000733 -0.000536 290.0
0.000733 -0.000536 291.0
0.000733 -0.000536 292.0
0.000733 -0.000535 293.0
0.000733 -0.000535 294.0
0.000733 -0.000535 295.0
0.000733 -0.000535 296.0
0.000733 -0.000535 297.0
0.000733 -0.000534 298.0
0.000732 -0.000534 299.0
0.000732 -0.000534 300.0
0.000732 -0.000534 301.0
0.000732 -0.000534 302.0
0.000732 -0.000534 303.0
0.000732 -0.000533 304.0
0.000732 -0.000533 305.0
0.000732 -0.000533 306.0
0.000732 -0.000533 307.0
0.000732 -0.000533 308.0
0.000731 -0.000532 309.0
0.000731 -0.000532 310.0
0.000731 -0.000532 311.0
0.000731 -0.000532 312.0
0.000731 -0.000532 313.0
0.000731 -0.000532 314.0
0.000731 -0.000531 315.0
0.000730 -0.000532 316.0
0.000730 -0.000532 317.0
0.000729 -0.000532 318.0
0.000729 -0.000532 319.0
0.000729 -0.000532 320.0
0.000729 -0.000532 321.0
0.000728 -0.000532 322.0
0.000728 -0.000532 323.0
0.000728 -0.000532 324.0
0.000728 -0.000532 325.0
0.000727 -0.000532 326.0
0.000727 -0.000532 327.0
0.000727 -0.000532 328.0
0.000727 -0.000532 329.0
0.000726 -0.000532 330.0
0.000726 -0.000531 331.0
0.000726 -0.000531 332.0
0.000726 -0.000531 333.0
0.000725 -0.000531 334.0
0.000725 -0.000531 335.0
0.000725 -0.000531 336.0
0.000725 -0.000531 337.0
0.000724 -0.000531 338.0
0.000724 -0.000531 339.0
0.000724 -0.000531 340.0
0.000724 -0.000531 341.0
0.000723 -0.000531 342.0
0.000723 -0.000531 343.0
0.000723 -0.000531 344.0
0.000723 -0.000531 345.0
0.000722 -0.000531 346.0
0.000722 -0.000531 347.0
0.000722 -0.000531 348.0
0.000721 -0.000531 349.0
0.000721 -0.000530 350.0
0.000721 -0.000530 351.0
0.000721 -0.000530 352.0
0.000720 -0.000530 353.0
0.000720 -0.000530 354.0
0.000720 -0.000530 355.0
0.000720 -0.000530 356.0
0.000719 -0.000530 357.0
0.000719 -0.000530 358.0
0.000719 -0.000530 359.0
0.000719 -0.000530 360.0
0.000718 -0.000530 361.0
0.000718 -0.000530 362.0
0.000718 -0.000530 363.0
0.000718 -0.000530 364.0
0.000717 -0.000530 365.0
0.000717 -0.000530 366.0
0.000717 -0.000530 367.0
0.000717 -0.000529 368.0
0.000716 -0.000529 369.0
0.000716 -0.000529 370.0
0.000716 -0.000529 371.0
0.000716 -0.000529 372.0
0.000715 -0.000529 373.0
0.000715 -0.000529 374.0
0.000715 -0.000529 375.0
0.000715 -0.000530 376.0
0.000715 -0.000530 377.0
0.000714 -0.000530 378.0
0.000714 -0.000530 379.0
0.000714 -0.000531 380.0
0.000714 -0.000531 381.0
0.000713 -0.000531 382.0
0.000713 -0.000531 383.0
0.000713 -0.000532 384.0
0.000713 -0.000532 385.0
0.000713 -0.000532 386.0
0.000712 -0.000532 387.0
0.000712 -0.000532 388.0
0.000712 -0.000533 389.0
0.000712 -0.000533 390.0
0.000711 -0.000533 391.0
0.000711 -0.000533 392.0
0.000711 -0.000534 393.0
0.000711 -0.000534 394.0
0.000711 -0.000534 395.0
0.000710 -0.000534 396.0
0.000710 -0.000535 397.0
0.000710 -0.000535 398.0
0.000710 -0.000535 399.0
0.000710 -0.000535 400.0
0.000709 -0.000535 401.0
0.000709 -0.000536 402.0
0.000709 -0.000536 403.0
0.000709 -0.000536 404.0
0.000708 -0.000536 405.0
0.000708 -0.000537 406.0
0.000708 -0.000537 407.0
0.000708 -0.000537 408.0
0.000708 -0.000537 409.0
0.000707 -0.000538 410.0
0.000707 -0.000538 411.0
0.000707 -0.000538 412.0
0.000707 -0.000538 413.0
0.000706 -0.000538 414.0
0.000706 -0.000539 415.0
0.000706 -0.000539 416.0
0.000706 -0.000539 417.0
0.000706 -0.000539 418.0
0.000705 -0.000540 419.0
0.000705 -0.000540 420.0
0.000705 -0.000540 421.0
0.000705 -0.000540 422.0
0.000704 -0.000541 423.0
0.000704 -0.000541 424.0
0.000704 -0.000541 425.0
0.000704 -0.000541 426.0
0.000704 -0.000541 427.0
0.000703 -0.000542 428.0
0.000703 -0.000542 429.0
0.000703 -0.000542 430.0
0.000703 -0.000542 431.0
0.000702 -0.000543 432.0
0.000701 -0.000541 433.0
0.000701 -0.000541 434.0
0.000701 -0.000541 435.0
0.000701 -0.000541 436.0
0.000701 -0.000541 437.0
0.000701 -0.000542 438.0
0.000700 -0.000542 439.0
0.000700 -0.000542 440.0
0.000700 -0.000542 441.0
0.000700 -0.000542 442.0
0.000700 -0.000542 443.0
0.000699 -0.000542 444.0
0.000699 -0.000542 445.0
0.000699 -0.000543 446.0
0.000699 -0.000543 447.0
0.000699 -0.000543 448.0
0.000699 -0.000543 449.0
0.000698 -0.000543 450.0
0.000698 -0.000543 451.0
0.000698 -0.000543 452.0
0.000698 -0.000544 453.0
0.000698 -0.000544 454.0
0.000698 -0.000544 455.0
0.000697 -0.000544 456.0
0.000697 -0.000544 457.0
0.000697 -0.000544 458.0
0.000697 -0.000544 459.0
0.000697 -0.000545 460.0
0.000696 -0.000545 461.0
0.000696 -0.000545 462.0
0.000696 -0.000545 463.0
0.000696 -0.000545 464.0
0.000696 -0.000545 465.0
0.000696 -0.000545 466.0
0.000695 -0.000545 467.0
0.000695 -0.000546 468.0
0.000695 -0.000546 469.0
0.000695 -0.000546 470.0
0.000695 -0.000546 471.0
0.000695 -0.000546 472.0
0.000694 -0.000546 473.0
0.000694 -0.000546 474.0
0.000694 -0.000547 475.0
0.000694 -0.000547 476.0
0.000694 -0.000547 477.0
0.000694 -0.000547 478.0
0.000693 -0.000547 479.0
0.000693 -0.000547 480.0
0.000693 -0.000547 481.0
0.000693 -0.000547 482.0
0.000693 -0.000548 483.0
0.000692 -0.000548 484.0
0.000692 -0.000548 485.0
0.000692 -0.000548 486.0
0.000692 -0.000548 487.0
0.000692 -0.000548 488.0
0.000692 -0.000548 489.0
0.000691 -0.000549 490.0
0.000691 -0.000549 491.0
0.000691 -0.000549 492.0
0.000691 -0.000549 493.0
0.000690 -0.000548 494.0
0.000690 -0.000547 495.0
0.000690 -0.000547 496.0
0.000690 -0.000547 497.0
0.000690 -0.000547 498.0
0.000689 -0.000547 499.0
0.000689 -0.000546 500.0
0.000689 -0.000546 501.0
0.000689 -0.000546 502.0
0.000689 -0.000546 503.0
0.000689 -0.000546 504.0
0.000688 -0.000545 505.0
0.000688 -0.000545 506.0
0.000688 -0.000545 507.0
0.000688 -0.000545 508.0
0.000688 -0.000544 509.0
0.000688 -0.000544 510.0
0.000687 -0.000544 511.0
0.000687 -0.000544 512.0
0.000687 -0.000544 513.0
0.000687 -0.000543 514.0
0.000687 -0.000543 515.0
0.000686 -0.000543 516.0
0.000686 -0.000543 517.0
0.000686 -0.000543 518.0
0.000686 -0.000542 519.0
0.000686 -0.000542 520.0
0.000686 -0.000542 521.0
0.000685 -0.000542 522.0
0.000685 -0.000541 523.0
0.000685 -0.000541 524.0
0.000685 -0.000541 525.0
0.000685 -0.000541 526.0
0.000685 -0.000541 527.0
0.000684 -0.000540 528.0
0.000684 -0.000540 529.0
0.000684 -0.000540 530.0
0.000684 -0.000540 531.0
0.000684 -0.000540 532.0
0.000684 -0.000539 533.0
0.000683 -0.000539 534.0
0.000683 -0.000539 535.0
0.000683 -0.000539 536.0
0.000683 -0.000538 537.0
0.000683 -0.000538 538.0
0.000683 -0.000538 539.0
0.000682 -0.000538 540.0
0.000682 -0.000538 541.0
0.000682 -0.000537 542.0
0.000682 -0.000537 543.0
0.000682 -0.000537 544.0
0.000681 -0.000537 545.0
0.000681 -0.000537 546.0
0.000681 -0.000536 547.0
0.000681 -0.000536 548.0
0.000681 -0.000536 549.0
0.000681 -0.000536 550.0
0.000680 -0.000535 551.0
0.000680 -0.000535 552.0
0.000680 -0.000535 553.0
0.000679 -0.000537 554.0
0.000679 -0.000536 555.0
0.000679 -0.000536 556.0
0.000678 -0.000535 557.0
0.000678 -0.000535 558.0
0.000678 -0.000535 559.0
0.000678 -0.000534 560.0
0.000678 -0.000534 561.0
0.000678 -0.000534 562.0
0.000677 -0.000533 563.0
0.000677 -0.000533 564.0
0.000677 -0.000533 565.0
0.000677 -0.000532 566.0
0.000677 -0.000532 567.0
0.000676 -0.000531 568.0
0.000676 -0.000531 569.0
0.000676 -0.000531 570.0
0.000676 -0.000530 571.0
0.000676 -0.000530 572.0
0.000676 -0.000530 573.0
0.000675 -0.000529 574.0
0.000675 -0.000529 575.0
0.000675 -0.000529 576.0
0.000675 -0.000528 577.0
0.000675 -0.000528 578.0
0.000674 -0.000527 579.0
0.000674 -0.000527 580.0
0.000674 -0.000527 581.0
0.000674 -0.000526 582.0
0.000674 -0.000526 583.0
0.000674 -0.000526 584.0
0.000673 -0.000525 585.0
0.000673 -0.000525 586.0
0.000673 -0.000525 587.0
0.000673 -0.000524 588.0
0.000673 -0.000524 589.0
0.000672 -0.000523 590.0
0.000672 -0.000523 591.0
0.000672 -0.000523 592.0
0.000672 -0.000522 593.0
0.000672 -0.000522 594.0
0.000672 -0.000522 595.0
0.000671 -0.000521 596.0
0.000671 -0.000521 597.0
0.000671 -0.000521 598.0
0.000671 -0.000520 599.0
0.000671 -0.000520 600.0
0.000670 -0.000519 601.0
0.000670 -0.000519 602.0
0.000670 -0.000519 603.0
0.000670 -0.000518 604.0
0.000670 -0.000518 605.0
0.000670 -0.000518 606.0
0.000669 -0.000517 607.0
0.000669 -0.000517 608.0
0.000669 -0.000517 609.0
0.000669 -0.000516 610.0
0.000669 -0.000516 611.0
0.000668 -0.000515 612.0
0.000668 -0.000515 613.0
0.000668 -0.000515 614.0
0.000666 -0.000516 615.0
0.000666 -0.000516 616.0
0.000666 -0.000516 617.0
0.000666 -0.000516 618.0
0.000666 -0.000516 619.0
0.000666 -0.000516 620.0
0.000666 -0.000516 621.0
0.000666 -0.000516 622.0
0.000666 -0.000516 623.0
0.000666 -0.000516 624.0
0.000667 -0.000516 625.0
0.000667 -0.000516 626.0
0.000667 -0.000516 627.0
0.000667 -0.000516 628.0
0.000666 -0.000516 629.0
0.000666 -0.000517 630.0
0.000665 -0.000518 631.0
0.000665 -0.000519 632.0
0.000664 -0.000519 633.0
0.000664 -0.000520 634.0
0.000663 -0.000521 635.0
0.000663 -0.000522 636.0
0.000662 -0.000522 637.0
0.000662 -0.000523 638.0
0.000661 -0.000524 639.0
0.000661 -0.000524 640.0
0.000660 -0.000525 641.0
0.000660 -0.000526 642.0
0.000659 -0.000527 643.0
0.000659 -0.000527 644.0
0.000659 -0.000528 645.0
0.000658 -0.000529 646.0
0.000658 -0.000530 647.0
0.000657 -0.000530 648.0
0.000657 -0.000531 649.0
0.000656 -0.000532 650.0
0.000656 -0.000533 651.0
0.000655 -0.000533 652.0
0.000655 -0.000534 653.0
0.000654 -0.000535 654.0
0.000654 -0.000535 655.0
0.000653 -0.000536 656.0
0.000653 -0.000537 657.0
0.000652 -0.000538 658.0
0.000652 -0.000538 659.0
0.000651 -0.000539 660.0
0.000651 -0.000540 661.0
0.000650 -0.000541 662.0
0.000650 -0.000541 663.0
0.000649 -0.000542 664.0
0.000649 -0.000543 665.0
0.000649 -0.000543 666.0
0.000648 -0.000544 667.0
0.000648 -0.000545 668.0
0.000647 -0.000546 669.0
0.000647 -0.000546 670.0
0.000646 -0.000547 671.0
0.000646 -0.000548 672.0
0.000645 -0.000549 673.0
0.000645 -0.000549 674.0
0.000644 -0.000550 675.0
0.000644 -0.000551 676.0
0.000643 -0.000551 677.0
0.000643 -0.000552 678.0
0.000642 -0.000553 679.0
0.000642 -0.000554 680.0
0.000641 -0.000554 681.0
0.000641 -0.000555 682.0
0.000640 -0.000556 683.0
0.000640 -0.000557 684.0
0.000639 -0.000557 685.0
0.000639 -0.000558 686.0
0.000639 -0.000559 687.0
0.000635 -0.000555 688.0
0.000635 -0.000555 689.0
0.000634 -0.000555 690.0
0.000634 -0.000556 691.0
0.000634 -0.000556 692.0
0.000633 -0.000557 693.0
0.000633 -0.000557 694.0
0.000633 -0.000558 695.0
0.000632 -0.000558 696.0
0.000632 -0.000559 697.0
0.000632 -0.000559 698.0
0.000632 -0.000559 699.0
0.000631 -0.000560 700.0
0.000631 -0.000560 701.0
0.000631 -0.000561 702.0
0.000630 -0.000561 703.0
0.000630 -0.000562 704.0
0.000630 -0.000562 705.0
0.000629 -0.000563 706.0
0.000629 -0.000563 707.0
0.000629 -0.000563 708.0
0.000629 -0.000564 709.0
0.000628 -0.000564 710.0
0.000628 -0.000565 711.0
0.000628 -0.000565 712.0
0.000627 -0.000566 713.0
0.000627 -0.000566 714.0
0.000627 -0.000567 715.0
0.000627 -0.000567 716.0
0.000626 -0.000567 717.0
0.000626 -0.000568 718.0
0.000626 -0.000568 719.0
0.000625 -0.000569 720.0
0.000625 -0.000569 721.0
0.000625 -0.000570 722.0
0.000624 -0.000570 723.0
0.000624 -0.000571 724.0
0.000624 -0.000571 725.0
0.000624 -0.000571 726.0
0.000623 -0.000572 727.0
0.000623 -0.000572 728.0
0.000623 -0.000573 729.0
0.000622 -0.000573 730.0
0.000622 -0.000574 731.0
0.000622 -0.000574 732.0
0.000622 -0.000575 733.0
0.000621 -0.000575 734.0
0.000621 -0.000575 735.0
0.000621 -0.000576 736.0
0.000620 -0.000576 737.0
0.000620 -0.000577 738.0
0.000620 -0.000577 739.0
0.000619 -0.000578 740.0
0.000619 -0.000578 741.0
0.000619 -0.000579 742.0
0.000619 -0.000579 743.0
0.000618 -0.000579 744.0
0.000618 -0.000580 745.0
0.000618 -0.000580 746.0
0.000617 -0.000581 747.0
0.000615 -0.000578 748.0
0.000615 -0.000579 749.0
0.000614 -0.000579 750.0
0.000614 -0.000580 751.0
0.000614 -0.000580 752.0
0.000613 -0.000581 753.0
0.000613 -0.000581 754.0
0.000613 -0.000582 755.0
0.000612 -0.000582 756.0
0.000612 -0.000583 757.0
0.000612 -0.000583 758.0
0.000611 -0.000584 759.0
0.000611 -0.000585 760.0
0.000611 -0.000585 761.0
0.000610 -0.000586 762.0
0.000610 -0.000586 763.0
0.000610 -0.000587 764.0
0.000609 -0.000587 765.0
0.000609 -0.000588 766.0
0.000609 -0.000588 767.0
0.000608 -0.000589 768.0
0.000608 -0.000589 769.0
0.000608 -0.000590 770.0
0.000607 -0.000590 771.0
0.000607 -0.000591 772.0
0.000607 -0.000591 773.0
0.000606 -0.000592 774.0
0.000606 -0.000592 775.0
0.000606 -0.000593 776.0
0.000605 -0.000593 777.0
0.000605 -0.000594 778.0
0.000605 -0.000595 779.0
0.000605 -0.000595 780.0
0.000604 -0.000596 781.0
0.000604 -0.000596 782.0
0.000604 -0.000597 783.0
0.000603 -0.000597 784.0
0.000603 -0.000598 785.0
0.000603 -0.000598 786.0
0.000602 -0.000599 787.0
0.000602 -0.000599 788.0
0.000602 -0.000600 789.0
0.000601 -0.000600 790.0
0.000601 -0.000601 791.0
0.000601 -0.000601 792.0
0.000600 -0.000602 793.0
0.000600 -0.000602 794.0
0.000600 -0.000603 795.0
0.000599 -0.000604 796.0
0.000599 -0.000604 797.0
0.000599 -0.000605 798.0
0.000598 -0.000605 799.0
0.000598 -0.000606 800.0
0.000598 -0.000606 801.0
0.000597 -0.000607 802.0
0.000597 -0.000607 803.0
0.000597 -0.000608 804.0
0.000596 -0.000608 805.0
0.000596 -0.000609 806.0
0.000596 -0.000609 807.0
0.000595 -0.000610 808.0
0.000593 -0.000607 809.0
0.000592 -0.000607 810.0
0.000592 -0.000607 811.0
0.000592 -0.000607 812.0
0.000592 -0.000607 813.0
0.000591 -0.000607 814.0
0.000591 -0.000607 815.0
0.000591 -0.000607 816.0
0.000591 -0.000606 817.0
0.000590 -0.000606 818.0
0.000590 -0.000606 819.0
0.000590 -0.000606 820.0
0.000590 -0.000606 821.0
0.000590 -0.000606 822.0
0.000589 -0.000606 823.0
0.000589 -0.000606 824.0
0.000589 -0.000606 825.0
0.000589 -0.000606 826.0
0.000588 -0.000606 827.0
0.000588 -0.000606 828.0
0.000588 -0.000606 829.0
0.000588 -0.000606 830.0
0.000588 -0.000606 831.0
0.000587 -0.000606 832.0
0.000587 -0.000606 833.0
0.000587 -0.000606 834.0
0.000587 -0.000606 835.0
0.000586 -0.000606 836.0
0.000586 -0.000606 837.0
0.000586 -0.000606 838.0
0.000586 -0.000606 839.0
0.000586 -0.000605 840.0
0.000585 -0.000605 841.0
0.000585 -0.000605 842.0
0.000585 -0.000605 843.0
0.000585 -0.000605 844.0
0.000584 -0.000605 845.0
0.000584 -0.000605 846.0
0.000584 -0.000605 847.0
0.000584 -0.000605 848.0
0.000583 -0.000605 849.0
0.000583 -0.000605 850.0
0.000583 -0.000605 851.0
0.000583 -0.000605 852.0
0.000583 -0.000605 853.0
0.000582 -0.000605 854.0
0.000582 -0.000605 855.0
0.000582 -0.000605 856.0
0.000582 -0.000605 857.0
0.000581 -0.000605 858.0
0.000581 -0.000605 859.0
0.000581 -0.000605 860.0
0.000581 -0.000605 861.0
0.000581 -0.000604 862.0
0.000580 -0.000604 863.0
0.000580 -0.000604 864.0
0.000580 -0.000604 865.0
0.000580 -0.000604 866.0
0.000579 -0.000604 867.0
0.000579 -0.000604 868.0
0.000579 -0.000604 869.0
0.000579 -0.000604 870.0
0.000579 -0.000604 871.0
0.000578 -0.000604 872.0
0.000578 -0.000605 873.0
0.000578 -0.000605 874.0
0.000578 -0.000604 875.0
0.000578 -0.000604 876.0
0.000577 -0.000604 877.0
0.000577 -0.000604 878.0
0.000577 -0.000604 879.0
0.000577 -0.000604 880.0
0.000577 -0.000604 881.0
0.000577 -0.000604 882.0
0.000576 -0.000604 883.0
0.000576 -0.000604 884.0
0.000576 -0.000604 885.0
0.000576 -0.000604 886.0
0.000576 -0.000604 887.0
0.000575 -0.000603 888.0
0.000575 -0.000603 889.0
0.000575 -0.000603 890.0
0.000575 -0.000603 891.0
0.000575 -0.000603 892.0
0.000574 -0.000603 893.0
0.000574 -0.000603 894.0
0.000574 -0.000603 895.0
0.000574 -0.000603 896.0
0.000574 -0.000603 897.0
0.000573 -0.000603 898.0
0.000573 -0.000603 899.0
0.000573 -0.000603 900.0
0.000573 -0.000603 901.0
0.000573 -0.000602 902.0
0.000573 -0.000602 903.0
0.000572 -0.000602 904.0
0.000572 -0.000602 905.0
0.000572 -0.000602 906.0
0.000572 -0.000602 907.0
0.000572 -0.000602 908.0
0.000571 -0.000602 909.0
0.000571 -0.000602 910.0
0.000571 -0.000602 911.0
0.000571 -0.000602 912.0
0.000571 -0.000602 913.0
0.000570 -0.000602 914.0
0.000570 -0.000601 915.0
0.000570 -0.000601 916.0
0.000570 -0.000601 917.0
0.000570 -0.000601 918.0
0.000569 -0.000601 919.0
0.000569 -0.000601 920.0
0.000569 -0.000601 921.0
0.000569 -0.000601 922.0
0.000569 -0.000601 923.0
0.000569 -0.000601 924.0
0.000568 -0.000601 925.0
0.000568 -0.000601 926.0
0.000568 -0.000601 927.0
0.000568 -0.000600 928.0
0.000568 -0.000600 929.0
0.000567 -0.000601 930.0
0.000567 -0.000601 931.0
0.000567 -0.000601 932.0
0.000566 -0.000601 933.0
0.000566 -0.000601 934.0
0.000565 -0.000601 935.0
0.000565 -0.000601 936.0
0.000565 -0.000601 937.0
0.000564 -0.000601 938.0
0.000564 -0.000601 939.0
0.000563 -0.000601 940.0
0.000563 -0.000601 941.0
0.000562 -0.000601 942.0
0.000562 -0.000601 943.0
0.000562 -0.000601 944.0
0.000561 -0.000601 945.0
0.000561 -0.000601 946.0
0.000560 -0.000601 947.0
0.000560 -0.000601 948.0
0.000560 -0.000601 949.0
0.000559 -0.000601 950.0
0.000559 -0.000601 951.0
0.000558 -0.000601 952.0
0.000558 -0.000601 953.0
0.000558 -0.000601 954.0
0.000557 -0.000601 955.0
0.000557 -0.000601 956.0
0.000556 -0.000601 957.0
0.000556 -0.000601 958.0
0.000556 -0.000601 959.0
0.000555 -0.000601 960.0
0.000555 -0.000601 961.0
0.000554 -0.000601 962.0
0.000554 -0.000601 963.0
0.000553 -0.000601 964.0
0.000553 -0.000601 965.0
0.000553 -0.000601 966.0
0.000552 -0.000601 967.0
0.000552 -0.000601 968.0
0.000551 -0.000601 969.0
0.000551 -0.000601 970.0
0.000551 -0.000601 971.0
0.000550 -0.000601 972.0
0.000550 -0.000601 973.0
0.000549 -0.000601 974.0
0.000549 -0.000601 975.0
0.000549 -0.000601 976.0
0.000548 -0.000601 977.0
0.000548 -0.000601 978.0
0.000547 -0.000601 979.0
0.000547 -0.000601 980.0
0.000547 -0.000601 981.0
0.000546 -0.000601 982.0
0.000546 -0.000601 983.0
0.000545 -0.000601 984.0
0.000545 -0.000601 985.0
0.000544 -0.000601 986.0
0.000544 -0.000601 987.0
0.000544 -0.000601 988.0
0.000543 -0.000601 989.0
0.000543 -0.000601 990.0
0.000543 -0.000601 991.0
0.000542 -0.000601 992.0
0.000541 -0.000601 993.0
0.000540 -0.000601 994.0
0.000540 -0.000601 995.0
0.000539 -0.000601 996.0
0.000538 -0.000601 997.0
0.000538 -0.000601 998.0
0.000537 -0.000600 999.0
0.000536 -0.000600 1000.0
0.000536 -0.000600 1001.0
0.000535 -0.000600 1002.0
0.000534 -0.000600 1003.0
0.000534 -0.000600 1004.0
0.000533 -0.000600 1005.0
0.000532 -0.000600 1006.0
0.000532 -0.000600 1007.0
0.000531 -0.000600 1008.0
0.000530 -0.000600 1009.0
0.000529 -0.000600 1010.0
0.000529 -0.000599 1011.0
0.000528 -0.000599 1012.0
0.000527 -0.000599 1013.0
0.000527 -0.000599 1014.0
0.000526 -0.000599 1015.0
0.000525 -0.000599 1016.0
0.000525 -0.000599 1017.0
0.000524 -0.000599 1018.0
0.000523 -0.000599 1019.0
0.000523 -0.000599 1020.0
0.000522 -0.000599 1021.0
0.000521 -0.000599 1022.0
0.000520 -0.000599 1023.0
0.000520 -0.000598 1024.0
0.000519 -0.000598 1025.0
0.000518 -0.000598 1026.0
0.000518 -0.000598 1027.0
0.000517 -0.000598 1028.0
0.000516 -0.000598 1029.0
0.000516 -0.000598 1030.0
0.000515 -0.000598 1031.0
0.000514 -0.000598 1032.0
0.000514 -0.000598 1033.0
0.000513 -0.000598 1034.0
0.000512 -0.000598 1035.0
0.000512 -0.000597 1036.0
0.000511 -0.000597 1037.0
0.000510 -0.000597 1038.0
0.000509 -0.000597 1039.0
0.000509 -0.000597 1040.0
0.000508 -0.000597 1041.0
0.000507 -0.000597 1042.0
0.000507 -0.000597 1043.0
0.000506 -0.000597 1044.0
0.000505 -0.000597 1045.0
0.000505 -0.000597 1046.0
0.000504 -0.000597 1047.0
0.000503 -0.000596 1048.0
0.000503 -0.000596 1049.0
0.000502 -0.000597 1050.0
0.000502 -0.000597 1051.0
0.000501 -0.000598 1052.0
0.000501 -0.000598 1053.0
0.000500 -0.000598 1054.0
0.000500 -0.000598 1055.0
0.000499 -0.000598 1056.0
0.000499 -0.000598 1057.0
0.000498 -0.000598 1058.0
0.000498 -0.000599 1059.0
0.000497 -0.000599 1060.0
0.000497 -0.000599 1061.0
0.000496 -0.000599 1062.0
0.000496 -0.000599 1063.0
0.000495 -0.000599 1064.0
0.000495 -0.000599 1065.0
0.000494 -0.000600 1066.0
0.000494 -0.000600 1067.0
0.000493 -0.000600 1068.0
0.000493 -0.000600 1069.0
0.000492 -0.000600 1070.0
0.000492 -0.000600 1071.0
0.000491 -0.000600 1072.0
0.000491 -0.000600 1073.0
0.000490 -0.000601 1074.0
0.000490 -0.000601 1075.0
0.000489 -0.000601 1076.0
0.000489 -0.000601 1077.0
0.000488 -0.000601 1078.0
0.000488 -0.000601 1079.0
0.000487 -0.000601 1080.0
0.000487 -0.000602 1081.0
0.000486 -0.000602 1082.0
0.000486 -0.000602 1083.0
0.000485 -0.000602 1084.0
0.000485 -0.000602 1085.0
0.000484 -0.000602 1086.0
0.000484 -0.000602 1087.0
0.000483 -0.000603 1088.0
0.000483 -0.000603 1089.0
0.000482 -0.000603 1090.0
0.000482 -0.000603 1091.0
0.000481 -0.000603 1092.0
0.000481 -0.000603 1093.0
0.000480 -0.000603 1094.0
0.000480 -0.000602 1095.0
0.000480 -0.000602 1096.0
0.000480 -0.000602 1097.0
0.000480 -0.000602 1098.0
0.000480 -0.000602 1099.0
0.000480 -0.000602 1100.0
0.000480 -0.000602 1101.0
0.000480 -0.000602 1102.0
0.000480 -0.000602 1103.0
0.000480 -0.000602 1104.0
0.000480 -0.000602 1105.0
0.000480 -0.000602 1106.0
0.000480 -0.000602 1107.0
0.000480 -0.000602 1108.0
0.000480 -0.000602 1109.0
0.000480 -0.000602 1110.0
0.000480 -0.000602 1111.0
0.000480 -0.000602 1112.0
0.000480 -0.000602 1113.0
0.000480 -0.000602 1114.0
0.000480 -0.000602 1115.0
0.000480 -0.000602 1116.0
0.000480 -0.000602 1117.0
0.000480 -0.000602 1118.0
0.000480 -0.000602 1119.0
0.000480 -0.000602 1120.0
0.000480 -0.000602 1121.0
0.000480 -0.000602 1122.0
0.000480 -0.000602 1123.0
0.000480 -0.000602 1124.0
0.000480 -0.000602 1125.0
0.000480 -0.000602 1126.0
0.000480 -0.000602 1127.0
0.000480 -0.000602 1128.0
0.000480 -0.000602 1129.0
0.000480 -0.000602 1130.0
0.000480 -0.000602 1131.0
0.000480 -0.000602 1132.0
0.000480 -0.000602 1133.0
0.000480 -0.000602 1134.0
0.000480 -0.000602 1135.0
0.000480 -0.000602 1136.0
0.000480 -0.000602 1137.0
0.000480 -0.000602 1138.0
0.000480 -0.000602 1139.0
0.000480 -0.000602 1140.0
0.000480 -0.000602 1141.0
0.000480 -0.000602 1142.0
0.000480 -0.000602 1143.0
0.000480 -0.000603 1144.0
0.000481 -0.000603 1145.0
0.000481 -0.000603 1146.0
0.000481 -0.000603 1147.0
0.000481 -0.000603 1148.0
0.000481 -0.000604 1149.0
0.000481 -0.000604 1150.0
0.000482 -0.000604 1151.0
0.000482 -0.000604 1152.0
0.000482 -0.000605 1153.0
0.000482 -0.000605 1154.0
0.000482 -0.000605 1155.0
0.000483 -0.000605 1156.0
0.000483 -0.000605 1157.0
0.000483 -0.000606 1158.0
0.000483 -0.000606 1159.0
0.000483 -0.000606 1160.0
0.000483 -0.000606 1161.0
0.000484 -0.000607 1162.0
0.000484 -0.000607 1163.0
0.000484 -0.000607 1164.0
0.000484 -0.000607 1165.0
0.000484 -0.000607 1166.0
0.000484 -0.000608 1167.0
0.000485 -0.000608 1168.0
0.000485 -0.000608 1169.0
0.000485 -0.000608 1170.0
0.000485 -0.000609 1171.0
0.000485 -0.000609 1172.0
0.000486 -0.000609 1173.0
0.000486 -0.000609 1174.0
0.000486 -0.000609 1175.0
0.000486 -0.000610 1176.0
0.000486 -0.000610 1177.0
0.000486 -0.000610 1178.0
0.000487 -0.000610 1179.0
0.000487 -0.000611 1180.0
0.000487 -0.000611 1181.0
0.000487 -0.000611 1182.0
0.000487 -0.000611 1183.0
0.000488 -0.000611 1184.0
0.000488 -0.000612 1185.0
0.000488 -0.000612 1186.0
0.000488 -0.000612 1187.0
0.000488 -0.000612 1188.0
0.000488 -0.000613 1189.0
0.000489 -0.000613 1190.0
0.000489 -0.000613 1191.0
0.000489 -0.000613 1192.0
0.000489 -0.000613 1193.0
0.000489 -0.000614 1194.0
0.000489 -0.000614 1195.0
0.000490 -0.000614 1196.0
0.000491 -0.000613 1197.0
0.000491 -0.000613 1198.0
0.000491 -0.000613 1199.0
0.000492 -0.000613 1200.0
0.000492 -0.000613 1201.0
0.000493 -0.000613 1202.0
0.000493 -0.000613 1203.0
0.000493 -0.000613 1204.0
0.000494 -0.000613 1205.0
0.000494 -0.000613 1206.0
0.000494 -0.000613 1207.0
0.000495 -0.000613 1208.0
0.000495 -0.000613 1209.0
0.000495 -0.000613 1210.0
0.000496 -0.000613 1211.0
0.000496 -0.000613 1212.0
0.000496 -0.000613 1213.0
0.000497 -0.000613 1214.0
0.000497 -0.000614 1215.0
0.000498 -0.000614 1216.0
0.000498 -0.000614 1217.0
0.000498 -0.000614 1218.0
0.000499 -0.000614 1219.0
0.000499 -0.000614 1220.0
0.000499 -0.000614 1221.0
0.000500 -0.000614 1222.0
0.000500 -0.000614 1223.0
0.000500 -0.000614 1224.0
0.000501 -0.000614 1225.0
0.000501 -0.000614 1226.0
0.000502 -0.000614 1227.0
0.000502 -0.000614 1228.0
0.000502 -0.000614 1229.0
0.000503 -0.000614 1230.0
0.000503 -0.000614 1231.0
0.000503 -0.000614 1232.0
0.000504 -0.000614 1233.0
0.000504 -0.000614 1234.0
0.000504 -0.000614 1235.0
0.000505 -0.000615 1236.0
0.000505 -0.000615 1237.0
0.000506 -0.000615 1238.0
0.000506 -0.000615 1239.0
0.000506 -0.000615 1240.0
0.000507 -0.000615 1241.0
0.000507 -0.000615 1242.0
0.000507 -0.000615 1243.0
0.000508 -0.000615 1244.0
0.000508 -0.000615 1245.0
0.000508 -0.000615 1246.0
0.000509 -0.000615 1247.0
0.000509 -0.000615 1248.0
0.000510 -0.000615 1249.0
0.000510 -0.000615 1250.0
0.000510 -0.000615 1251.0
0.000511 -0.000615 1252.0
0.000511 -0.000615 1253.0
0.000511 -0.000615 1254.0
0.000512 -0.000615 1255.0
0.000512 -0.000615 1256.0
0.000512 -0.000615 1257.0
0.000512 -0.000615 1258.0
0.000513 -0.000615 1259.0
0.000513 -0.000614 1260.0
0.000513 -0.000614 1261.0
0.000513 -0.000614 1262.0
0.000513 -0.000614 1263.0
0.000514 -0.000614 1264.0
0.000514 -0.000613 1265.0
0.000514 -0.000613 1266.0
0.000514 -0.000613 1267.0
0.000515 -0.000613 1268.0
0.000515 -0.000613 1269.0
0.000515 -0.000613 1270.0
0.000515 -0.000612 1271.0
0.000515 -0.000612 1272.0
0.000516 -0.000612 1273.0
0.000516 -0.000612 1274.0
0.000516 -0.000612 1275.0
0.000516 -0.000612 1276.0
0.000517 -0.000611 1277.0
0.000517 -0.000611 1278.0
0.000517 -0.000611 1279.0
0.000517 -0.000611 1280.0
0.000517 -0.000611 1281.0
0.000518 -0.000610 1282.0
0.000518 -0.000610 1283.0
0.000518 -0.000610 1284.0
0.000518 -0.000610 1285.0
0.000519 -0.000610 1286.0
0.000519 -0.000610 1287.0
0.000519 -0.000609 1288.0
0.000519 -0.000609 1289.0
0.000519 -0.000609 1290.0
0.000520 -0.000609 1291.0
0.000520 -0.000609 1292.0
0.000520 -0.000608 1293.0
0.000520 -0.000608 1294.0
0.000521 -0.000608 1295.0
0.000521 -0.000608 1296.0
0.000521 -0.000608 1297.0
0.000521 -0.000608 1298.0
0.000521 -0.000607 1299.0
0.000522 -0.000607 1300.0
0.000522 -0.000607 1301.0
0.000522 -0.000607 1302.0
0.000522 -0.000607 1303.0
0.000522 -0.000607 1304.0
0.000523 -0.000606 1305.0
0.000523 -0.000606 1306.0
0.000523 -0.000606 1307.0
0.000523 -0.000606 1308.0
0.000524 -0.000606 1309.0
0.000524 -0.000605 1310.0
0.000524 -0.000605 1311.0
0.000524 -0.000605 1312.0
0.000524 -0.000605 1313.0
0.000525 -0.000605 1314.0
0.000525 -0.000605 1315.0
0.000525 -0.000604 1316.0
0.000525 -0.000604 1317.0
0.000526 -0.000604 1318.0
0.000526 -0.000604 1319.0
0.000526 -0.000604 1320.0
0.000526 -0.000603 1321.0
0.000526 -0.000603 1322.0
0.000527 -0.000603 1323.0
0.000527 -0.000603 1324.0
0.000527 -0.000603 1325.0
0.000527 -0.000603 1326.0
0.000528 -0.000602 1327.0
0.000528 -0.000602 1328.0
0.000528 -0.000602 1329.0
0.000528 -0.000602 1330.0
0.000528 -0.000602 1331.0
0.000529 -0.000604 1332.0
0.000530 -0.000604 1333.0
0.000531 -0.000604 1334.0
0.000531 -0.000604 1335.0
0.000532 -0.000604 1336.0
0.000533 -0.000603 1337.0
0.000533 -0.000603 1338.0
0.000534 -0.000603 1339.0
0.000535 -0.000603 1340.0
0.000535 -0.000603 1341.0
0.000536 -0.000603 1342.0
0.000537 -0.000603 1343.0
0.000537 -0.000603 1344.0
0.000538 -0.000603 1345.0
0.000539 -0.000603 1346.0
0.000539 -0.000603 1347.0
0.000540 -0.000603 1348.0
0.000541 -0.000603 1349.0
0.000541 -0.000603 1350.0
0.000542 -0.000603 1351.0
0.000543 -0.000603 1352.0
0.000543 -0.000603 1353.0
0.000544 -0.000603 1354.0
0.000545 -0.000603 1355.0
0.000545 -0.000602 1356.0
0.000546 -0.000602 1357.0
0.000547 -0.000602 1358.0
0.000547 -0.000602 1359.0
0.000548 -0.000602 1360.0
0.000549 -0.000602 1361.0
0.000549 -0.000602 1362.0
0.000550 -0.000602 1363.0
0.000551 -0.000602 1364.0
0.000551 -0.000602 1365.0
0.000552 -0.000602 1366.0
0.000553 -0.000602 1367.0
0.000553 -0.000602 1368.0
0.000554 -0.000602 1369.0
0.000555 -0.000602 1370.0
0.000555 -0.000602 1371.0
0.000556 -0.000602 1372.0
0.000557 -0.000602 1373.0
0.000557 -0.000601 1374.0
0.000558 -0.000601 1375.0
0.000559 -0.000601 1376.0
0.000559 -0.000601 1377.0
0.000560 -0.000601 1378.0
0.000561 -0.000601 1379.0
0.000561 -0.000601 1380.0
0.000562 -0.000601 1381.0
0.000563 -0.000601 1382.0
0.000563 -0.000602 1383.0
0.000563 -0.000601 1384.0
0.000563 -0.000601 1385.0
0.000563 -0.000600 1386.0
0.000564 -0.000600 1387.0
0.000564 -0.000599 1388.0
0.000564 -0.000599 1389.0
0.000564 -0.000598 1390.0
0.000565 -0.000598 1391.0
0.000565 -0.000598 1392.0
0.000565 -0.000597 1393.0
0.000565 -0.000597 1394.0
0.000565 -0.000596 1395.0
0.000566 -0.000596 1396.0
0.000566 -0.000595 1397.0
0.000566 -0.000595 1398.0
0.000566 -0.000594 1399.0
0.000566 -0.000594 1400.0
0.000567 -0.000593 1401.0
0.000567 -0.000593 1402.0
0.000567 -0.000593 1403.0
0.000567 -0.000592 1404.0
0.000568 -0.000592 1405.0
0.000568 -0.000591 1406.0
0.000568 -0.000591 1407.0
0.000568 -0.000590 1408.0
0.000568 -0.000590 1409.0
0.000569 -0.000589 1410.0
0.000569 -0.000589 1411.0
0.000569 -0.000588 1412.0
0.000569 -0.000588 1413.0
0.000569 -0.000588 1414.0
0.000570 -0.000587 1415.0
0.000570 -0.000587 1416.0
0.000570 -0.000586 1417.0
0.000570 -0.000586 1418.0
0.000571 -0.000585 1419.0
0.000571 -0.000585 1420.0
0.000571 -0.000584 1421.0
0.000571 -0.000584 1422.0
0.000571 -0.000583 1423.0
0.000572 -0.000583 1424.0
0.000572 -0.000583 1425.0
0.000572 -0.000582 1426.0
0.000572 -0.000582 1427.0
0.000572 -0.000581 1428.0
0.000573 -0.000581 1429.0
0.000573 -0.000580 1430.0
0.000573 -0.000580 1431.0
0.000573 -0.000579 1432.0
0.000574 -0.000579 1433.0
0.000574 -0.000578 1434.0
0.000574 -0.000578 1435.0
0.000574 -0.000578 1436.0
0.000574 -0.000577 1437.0
0.000575 -0.000577 1438.0
0.000575 -0.000576 1439.0
0.000575 -0.000576 1440.0
0.000575 -0.000575 1441.0
0.000577 -0.000577 1442.0
0.000578 -0.000576 1443.0
0.000578 -0.000576 1444.0
0.000578 -0.000575 1445.0
0.000579 -0.000575 1446.0
0.000579 -0.000574 1447.0
0.000580 -0.000574 1448.0
0.000580 -0.000573 1449.0
0.000580 -0.000573 1450.0
0.000581 -0.000572 1451.0
0.000581 -0.000572 1452.0
0.000581 -0.000571 1453.0
0.000582 -0.000570 1454.0
0.000582 -0.000570 1455.0
0.000582 -0.000569 1456.0
0.000583 -0.000569 1457.0
0.000583 -0.000568 1458.0
0.000584 -0.000568 1459.0
0.000584 -0.000567 1460.0
0.000584 -0.000567 1461.0
0.000585 -0.000566 1462.0
0.000585 -0.000565 1463.0
0.000585 -0.000565 1464.0
0.000586 -0.000564 1465.0
0.000586 -0.000564 1466.0
0.000586 -0.000563 1467.0
0.000587 -0.000563 1468.0
0.000587 -0.000562 1469.0
0.000588 -0.000562 1470.0
0.000588 -0.000561 1471.0
0.000588 -0.000560 1472.0
0.000589 -0.000560 1473.0
0.000589 -0.000559 1474.0
0.000589 -0.000559 1475.0
0.000590 -0.000558 1476.0
0.000590 -0.000558 1477.0
0.000590 -0.000557 1478.0
0.000591 -0.000557 1479.0
0.000591 -0.000556 1480.0
0.000592 -0.000556 1481.0
0.000592 -0.000555 1482.0
0.000592 -0.000554 1483.0
0.000593 -0.000554 1484.0
0.000593 -0.000553 1485.0
0.000593 -0.000553 1486.0
0.000594 -0.000552 1487.0
0.000594 -0.000552 1488.0
0.000594 -0.000551 1489.0
0.000595 -0.000551 1490.0
0.000595 -0.000550 1491.0
0.000596 -0.000549 1492.0
0.000596 -0.000549 1493.0
0.000596 -0.000548 1494.0
0.000597 -0.000548 1495.0
0.000597 -0.000547 1496.0
0.000597 -0.000547 1497.0
0.000598 -0.000546 1498.0
0.000600 -0.000549 1499.0
0.000601 -0.000549 1500.0
0.000601 -0.000548 1501.0
0.000602 -0.000547 1502.0
0.000602 -0.000546 1503.0
0.000603 -0.000546 1504.0
0.000603 -0.000545 1505.0
0.000604 -0.000544 1506.0
0.000604 -0.000544 1507.0
0.000604 -0.000543 1508.0
0.000605 -0.000542 1509.0
0.000605 -0.000542 1510.0
0.000606 -0.000541 1511.0
0.000606 -0.000540 1512.0
0.000607 -0.000539 1513.0
0.000607 -0.000539 1514.0
0.000607 -0.000538 1515.0
0.000608 -0.000537 1516.0
0.000608 -0.000537 1517.0
0.000609 -0.000536 1518.0
0.000609 -0.000535 1519.0
0.000610 -0.000535 1520.0
0.000610 -0.000534 1521.0
0.000611 -0.000533 1522.0
0.000611 -0.000532 1523.0
0.000611 -0.000532 1524.0
0.000612 -0.000531 1525.0
0.000612 -0.000530 1526.0
0.000613 -0.000530 1527.0
0.000613 -0.000529 1528.0
0.000614 -0.000528 1529.0
0.000614 -0.000528 1530.0
0.000614 -0.000527 1531.0
0.000615 -0.000526 1532.0
0.000615 -0.000525 1533.0
0.000616 -0.000525 1534.0
0.000616 -0.000524 1535.0
0.000617 -0.000523 1536.0
0.000617 -0.000523 1537.0
0.000618 -0.000522 1538.0
0.000618 -0.000521 1539.0
0.000618 -0.000521 1540.0
0.000619 -0.000520 1541.0
0.000619 -0.000519 1542.0
0.000620 -0.000518 1543.0
0.000620 -0.000518 1544.0
0.000621 -0.000517 1545.0
0.000621 -0.000516 1546.0
0.000622 -0.000516 1547.0
0.000622 -0.000515 1548.0
0.000622 -0.000514 1549.0
0.000623 -0.000514 1550.0
0.000623 -0.000513 1551.0
0.000624 -0.000512 1552.0
0.000624 -0.000511 1553.0
0.000625 -0.000511 1554.0
0.000625 -0.000510 1555.0
0.000625 -0.000509 1556.0
0.000626 -0.000509 1557.0
0.000626 -0.000508 1558.0
0.000630 -0.000512 1559.0
0.000630 -0.000511 1560.0
0.000630 -0.000511 1561.0
0.000629 -0.000511 1562.0
0.000629 -0.000510 1563.0
0.000629 -0.000510 1564.0
0.000629 -0.000510 1565.0
0.000629 -0.000509 1566.0
0.000629 -0.000509 1567.0
0.000628 -0.000508 1568.0
0.000628 -0.000508 1569.0
0.000628 -0.000508 1570.0
0.000628 -0.000507 1571.0
0.000628 -0.000507 1572.0
0.000628 -0.000507 1573.0
0.000628 -0.000506 1574.0
0.000627 -0.000506 1575.0
0.000627 -0.000505 1576.0
0.000627 -0.000505 1577.0
0.000627 -0.000505 1578.0
0.000627 -0.000504 1579.0
0.000627 -0.000504 1580.0
0.000626 -0.000503 1581.0
0.000626 -0.000503 1582.0
0.000626 -0.000503 1583.0
0.000626 -0.000502 1584.0
0.000626 -0.000502 1585.0
0.000626 -0.000502 1586.0
0.000625 -0.000501 1587.0
0.000625 -0.000501 1588.0
0.000625 -0.000500 1589.0
0.000625 -0.000500 1590.0
0.000625 -0.000500 1591.0
0.000625 -0.000499 1592.0
0.000624 -0.000499 1593.0
0.000624 -0.000499 1594.0
0.000624 -0.000498 1595.0
0.000624 -0.000498 1596.0
0.000624 -0.000497 1597.0
0.000624 -0.000497 1598.0
0.000624 -0.000497 1599.0
0.000623 -0.000496 1600.0
0.000623 -0.000496 1601.0
0.000623 -0.000495 1602.0
0.000623 -0.000495 1603.0
0.000623 -0.000495 1604.0
0.000623 -0.000494 1605.0
0.000622 -0.000494 1606.0
0.000622 -0.000494 1607.0
0.000622 -0.000493 1608.0
0.000622 -0.000493 1609.0
0.000622 -0.000492 1610.0
0.000622 -0.000492 1611.0
0.000621 -0.000492 1612.0
0.000621 -0.000491 1613.0
0.000621 -0.000491 1614.0
0.000621 -0.000491 1615.0
0.000621 -0.000490 1616.0
0.000621 -0.000490 1617.0
0.000620 -0.000489 1618.0
0.000620 -0.000489 1619.0
0.000620 -0.000489 1620.0
0.000618 -0.000490 1621.0
0.000619 -0.000489 1622.0
0.000619 -0.000489 1623.0
0.000619 -0.000488 1624.0
0.000619 -0.000488 1625.0
0.000619 -0.000487 1626.0
0.000620 -0.000487 1627.0
0.000620 -0.000487 1628.0
0.000620 -0.000486 1629.0
0.000620 -0.000486 1630.0
0.000620 -0.000485 1631.0
0.000620 -0.000485 1632.0
0.000621 -0.000484 1633.0
0.000621 -0.000484 1634.0
0.000621 -0.000483 1635.0
0.000621 -0.000483 1636.0
0.000621 -0.000482 1637.0
0.000622 -0.000482 1638.0
0.000622 -0.000481 1639.0
0.000622 -0.000481 1640.0
0.000622 -0.000480 1641.0
0.000622 -0.000480 1642.0
0.000623 -0.000479 1643.0
0.000623 -0.000479 1644.0
0.000623 -0.000478 1645.0
0.000623 -0.000478 1646.0
0.000623 -0.000477 1647.0
0.000624 -0.000477 1648.0
0.000624 -0.000476 1649.0
0.000624 -0.000476 1650.0
0.000624 -0.000475 1651.0
0.000624 -0.000475 1652.0
0.000625 -0.000474 1653.0
0.000625 -0.000474 1654.0
0.000625 -0.000473 1655.0
0.000625 -0.000473 1656.0
0.000625 -0.000472 1657.0
0.000626 -0.000472 1658.0
0.000626 -0.000471 1659.0
0.000626 -0.000471 1660.0
0.000626 -0.000470 1661.0
0.000626 -0.000470 1662.0
0.000627 -0.000469 1663.0
0.000627 -0.000469 1664.0
0.000627 -0.000468 1665.0
0.000627 -0.000468 1666.0
0.000627 -0.000467 1667.0
0.000627 -0.000467 1668.0
0.000628 -0.000467 1669.0
0.000628 -0.000466 1670.0
0.000630 -0.000467 1671.0
0.000631 -0.000466 1672.0
0.000631 -0.000465 1673.0
0.000632 -0.000463 1674.0
0.000633 -0.000462 1675.0
0.000634 -0.000461 1676.0
0.000635 -0.000460 1677.0
0.000636 -0.000458 1678.0
0.000637 -0.000457 1679.0
0.000638 -0.000456 1680.0
0.000638 -0.000455 1681.0
0.000639 -0.000453 1682.0
0.000640 -0.000452 1683.0
0.000641 -0.000451 1684.0
0.000642 -0.000449 1685.0
0.000643 -0.000448 1686.0
0.000644 -0.000447 1687.0
0.000645 -0.000446 1688.0
0.000645 -0.000444 1689.0
0.000646 -0.000443 1690.0
0.000647 -0.000442 1691.0
0.000648 -0.000441 1692.0
0.000649 -0.000439 1693.0
0.000650 -0.000438 1694.0
0.000651 -0.000437 1695.0
0.000652 -0.000435 1696.0
0.000652 -0.000434 1697.0
0.000653 -0.000433 1698.0
0.000654 -0.000432 1699.0
0.000655 -0.000430 1700.0
0.000656 -0.000429 1701.0
0.000657 -0.000428 1702.0
0.000658 -0.000427 1703.0
0.000659 -0.000425 1704.0
0.000659 -0.000424 1705.0
0.000660 -0.000423 1706.0
0.000661 -0.000422 1707.0
0.000662 -0.000420 1708.0
0.000663 -0.000419 1709.0
0.000664 -0.000418 1710.0
0.000665 -0.000416 1711.0
0.000666 -0.000415 1712.0
0.000666 -0.000414 1713.0
0.000667 -0.000413 1714.0
0.000668 -0.000411 1715.0
0.000669 -0.000410 1716.0
0.000670 -0.000409 1717.0
0.000671 -0.000408 1718.0
0.000672 -0.000406 1719.0
0.000673 -0.000405 1720.0
0.000674 -0.000404 1721.0
0.000674 -0.000402 1722.0
0.000675 -0.000401 1723.0
0.000676 -0.000400 1724.0
0.000677 -0.000399 1725.0
0.000678 -0.000397 1726.0
0.000679 -0.000396 1727.0
0.000680 -0.000395 1728.0
0.000681 -0.000394 1729.0
0.000681 -0.000392 1730.0
0.000682 -0.000391 1731.0
0.000689 -0.000399 1732.0
