0.000748 -0.000432 8.0
0.000748 -0.000432 9.0
0.000749 -0.000432 10.0
0.000749 -0.000431 11.0
0.000749 -0.000431 12.0
0.000750 -0.000431 13.0
0.000750 -0.000431 14.0
0.000750 -0.000431 15.0
0.000751 -0.000431 16.0
0.000751 -0.000431 17.0
0.000752 -0.000431 18.0
0.000752 -0.000431 19.0
0.000752 -0.000431 20.0
0.000753 -0.000431 21.0
0.000753 -0.000431 22.0
0.000753 -0.000431 23.0
0.000754 -0.000431 24.0
0.000754 -0.000431 25.0
0.000755 -0.000431 26.0
0.000755 -0.000430 27.0
0.000755 -0.000430 28.0
0.000756 -0.000430 29.0
0.000756 -0.000430 30.0
0.000756 -0.000430 31.0
0.000757 -0.000430 32.0
0.000757 -0.000430 33.0
0.000757 -0.000430 34.0
0.000758 -0.000430 35.0
0.000758 -0.000430 36.0
0.000759 -0.000430 37.0
0.000759 -0.000430 38.0
0.000759 -0.000430 39.0
0.000760 -0.000430 40.0
0.000760 -0.000430 41.0
0.000760 -0.000429 42.0
0.000761 -0.000429 43.0
0.000761 -0.000429 44.0
0.000762 -0.000429 45.0
0.000762 -0.000429 46.0
0.000762 -0.000429 47.0
0.000763 -0.000429 48.0
0.000763 -0.000429 49.0
0.000763 -0.000429 50.0
0.000764 -0.000429 51.0
0.000764 -0.000429 52.0
0.000765 -0.000429 53.0
0.000765 -0.000429 54.0
0.000765 -0.000429 55.0
0.000766 -0.000429 56.0
0.000766 -0.000428 57.0
0.000766 -0.000428 58.0
0.000767 -0.000428 59.0
0.000767 -0.000428 60.0
0.000768 -0.000428 61.0
0.000768 -0.000428 62.0
0.000768 -0.000428 63.0
0.000769 -0.000428 64.0
0.000769 -0.000428 65.0
0.000769 -0.000428 66.0
0.000770 -0.000428 67.0
0.000770 -0.000428 68.0
0.000771 -0.000428 69.0
0.000771 -0.000428 70.0
0.000770 -0.000428 71.0
0.000770 -0.000427 72.0
0.000769 -0.000427 73.0
0.000768 -0.000426 74.0
0.000768 -0.000425 75.0
0.000767 -0.000425 76.0
0.000767 -0.000424 77.0
0.000766 -0.000423 78.0
0.000766 -0.000423 79.0
0.000765 -0.000422 80.0
0.000765 -0.000421 81.0
0.000764 -0.000421 82.0
0.000763 -0.000420 83.0
0.000763 -0.000420 84.0
0.000762 -0.000419 85.0
0.000762 -0.000418 86.0
0.000761 -0.000418 87.0
0.000761 -0.000417 88.0
0.000760 -0.000416 89.0
0.000760 -0.000416 90.0
0.000759 -0.000415 91.0
0.000759 -0.000414 92.0
0.000758 -0.000414 93.0
0.000757 -0.000413 94.0
0.000757 -0.000413 95.0
0.000756 -0.000412 96.0
0.000756 -0.000411 97.0
0.000755 -0.000411 98.0
0.000755 -0.000410 99.0
0.000754 -0.000409 100.0
0.000754 -0.000409 101.0
0.000753 -0.000408 102.0
0.000752 -0.000407 103.0
0.000752 -0.000407 104.0
0.000751 -0.000406 105.0
0.000751 -0.000406 106.0
0.000750 -0.000405 107.0
0.000750 -0.000404 108.0
0.000749 -0.000404 109.0
0.000749 -0.000403 110.0
0.000748 -0.000402 111.0
0.000748 -0.000402 112.0
0.000747 -0.000401 113.0
0.000746 -0.000400 114.0
0.000746 -0.000400 115.0
0.000745 -0.000399 116.0
0.000745 -0.000398 117.0
0.000744 -0.000398 118.0
0.000744 -0.000397 119.0
0.000743 -0.000397 120.0
0.000743 -0.000396 121.0
0.000742 -0.000395 122.0
0.000742 -0.000395 123.0
0.000741 -0.000394 124.0
0.000740 -0.000393 125.0
0.000740 -0.000393 126.0
0.000739 -0.000392 127.0
0.000739 -0.000391 128.0
0.000738 -0.000391 129.0
0.000738 -0.000390 130.0
0.000737 -0.000390 131.0
0.000737 -0.000389 132.0
0.000736 -0.000388 133.0
0.000733 -0.000393 134.0
0.000732 -0.000393 135.0
0.000731 -0.000392 136.0
0.000730 -0.000392 137.0
0.000729 -0.000392 138.0
0.000729 -0.000391 139.0
0.000728 -0.000391 140.0
0.000727 -0.000390 141.0
0.000726 -0.000390 142.0
0.000725 -0.000389 143.0
0.000725 -0.000389 144.0
0.000724 -0.000389 145.0
0.000723 -0.000388 146.0
0.000722 -0.000388 147.0
0.000721 -0.000387 148.0
0.000720 -0.000387 149.0
0.000720 -0.000386 150.0
0.000719 -0.000386 151.0
0.000718 -0.000386 152.0
0.000717 -0.000385 153.0
0.000716 -0.000385 154.0
0.000716 -0.000384 155.0
0.000715 -0.000384 156.0
0.000714 -0.000383 157.0
0.000713 -0.000383 158.0
0.000712 -0.000383 159.0
0.000711 -0.000382 160.0
0.000711 -0.000382 161.0
0.000710 -0.000381 162.0
0.000709 -0.000381 163.0
0.000708 -0.000380 164.0
0.000707 -0.000380 165.0
0.000707 -0.000380 166.0
0.000706 -0.000379 167.0
0.000705 -0.000379 168.0
0.000704 -0.000378 169.0
0.000703 -0.000378 170.0
0.000702 -0.000377 171.0
0.000702 -0.000377 172.0
0.000701 -0.000376 173.0
0.000700 -0.000376 174.0
0.000699 -0.000376 175.0
0.000698 -0.000375 176.0
0.000698 -0.000375 177.0
0.000697 -0.000374 178.0
0.000696 -0.000374 179.0
0.000695 -0.000373 180.0
0.000694 -0.000373 181.0
0.000694 -0.000373 182.0
0.000693 -0.000372 183.0
0.000692 -0.000372 184.0
0.000691 -0.000371 185.0
0.000690 -0.000371 186.0
0.000689 -0.000370 187.0
0.000689 -0.000370 188.0
0.000688 -0.000370 189.0
0.000686 -0.000374 190.0
0.000686 -0.000375 191.0
0.000685 -0.000375 192.0
0.000685 -0.000376 193.0
0.000684 -0.000377 194.0
0.000684 -0.000377 195.0
0.000683 -0.000378 196.0
0.000683 -0.000378 197.0
0.000682 -0.000379 198.0
0.000682 -0.000380 199.0
0.000681 -0.000380 200.0
0.000681 -0.000381 201.0
0.000680 -0.000382 202.0
0.000680 -0.000382 203.0
0.000679 -0.000383 204.0
0.000679 -0.000384 205.0
0.000678 -0.000384 206.0
0.000678 -0.000385 207.0
0.000677 -0.000386 208.0
0.000677 -0.000386 209.0
0.000676 -0.000387 210.0
0.000676 -0.000388 211.0
0.000675 -0.000388 212.0
0.000675 -0.000389 213.0
0.000674 -0.000390 214.0
0.000674 -0.000390 215.0
0.000673 -0.000391 216.0
0.000673 -0.000392 217.0
0.000672 -0.000392 218.0
0.000672 -0.000393 219.0
0.000671 -0.000394 220.0
0.000671 -0.000394 221.0
0.000670 -0.000395 222.0
0.000670 -0.000396 223.0
0.000669 -0.000396 224.0
0.000669 -0.000397 225.0
0.000668 -0.000398 226.0
0.000668 -0.000398 227.0
0.000667 -0.000399 228.0
0.000667 -0.000400 229.0
0.000666 -0.000400 230.0
0.000666 -0.000401 231.0
0.000665 -0.000401 232.0
0.000665 -0.000402 233.0
0.000664 -0.000403 234.0
0.000664 -0.000403 235.0
0.000663 -0.000404 236.0
0.000663 -0.000405 237.0
0.000662 -0.000405 238.0
0.000661 -0.000406 239.0
0.000661 -0.000407 240.0
0.000660 -0.000407 241.0
0.000660 -0.000408 242.0
0.000659 -0.000409 243.0
0.000659 -0.000409 244.0
0.000658 -0.000410 245.0
0.000658 -0.000411 246.0
0.000657 -0.000411 247.0
0.000657 -0.000412 248.0
0.000656 -0.000413 249.0
0.000656 -0.000413 250.0
0.000653 -0.000409 251.0
0.000652 -0.000410 252.0
0.000652 -0.000410 253.0
0.000651 -0.000411 254.0
0.000651 -0.000412 255.0
0.000650 -0.000413 256.0
0.000650 -0.000414 257.0
0.000649 -0.000415 258.0
0.000649 -0.000416 259.0
0.000648 -0.000416 260.0
0.000648 -0.000417 261.0
0.000647 -0.000418 262.0
0.000647 -0.000419 263.0
0.000646 -0.000420 264.0
0.000646 -0.000421 265.0
0.000645 -0.000422 266.0
0.000645 -0.000422 267.0
0.000644 -0.000423 268.0
0.000644 -0.000424 269.0
0.000643 -0.000425 270.0
0.000643 -0.000426 271.0
0.000642 -0.000427 272.0
0.000642 -0.000427 273.0
0.000641 -0.000428 274.0
0.000641 -0.000429 275.0
0.000640 -0.000430 276.0
0.000640 -0.000431 277.0
0.000639 -0.000432 278.0
0.000639 -0.000433 279.0
0.000638 -0.000433 280.0
0.000638 -0.000434 281.0
0.000637 -0.000435 282.0
0.000637 -0.000436 283.0
0.000636 -0.000437 284.0
0.000636 -0.000438 285.0
0.000635 -0.000439 286.0
0.000635 -0.000439 287.0
0.000634 -0.000440 288.0
0.000634 -0.000441 289.0
0.000633 -0.000442 290.0
0.000633 -0.000443 291.0
0.000632 -0.000444 292.0
0.000632 -0.000444 293.0
0.000631 -0.000445 294.0
0.000631 -0.000446 295.0
0.000630 -0.000447 296.0
0.000630 -0.000448 297.0
0.000629 -0.000449 298.0
0.000629 -0.000450 299.0
0.000629 -0.000450 300.0
0.000628 -0.000451 301.0
0.000628 -0.000452 302.0
0.000627 -0.000453 303.0
0.000627 -0.000454 304.0
0.000626 -0.000455 305.0
0.000626 -0.000456 306.0
0.000625 -0.000456 307.0
0.000625 -0.000457 308.0
0.000624 -0.000458 309.0
0.000620 -0.000454 310.0
0.000620 -0.000454 311.0
0.000619 -0.000455 312.0
0.000619 -0.000456 313.0
0.000618 -0.000456 314.0
0.000618 -0.000457 315.0
0.000618 -0.000457 316.0
0.000617 -0.000458 317.0
0.000617 -0.000459 318.0
0.000617 -0.000459 319.0
0.000616 -0.000460 320.0
0.000616 -0.000460 321.0
0.000615 -0.000461 322.0
0.000615 -0.000461 323.0
0.000615 -0.000462 324.0
0.000614 -0.000463 325.0
0.000614 -0.000463 326.0
0.000614 -0.000464 327.0
0.000613 -0.000464 328.0
0.000613 -0.000465 329.0
0.000613 -0.000466 330.0
0.000612 -0.000466 331.0
0.000612 -0.000467 332.0
0.000611 -0.000467 333.0
0.000611 -0.000468 334.0
0.000611 -0.000468 335.0
0.000610 -0.000469 336.0
0.000610 -0.000470 337.0
0.000610 -0.000470 338.0
0.000609 -0.000471 339.0
0.000609 -0.000471 340.0
0.000609 -0.000472 341.0
0.000608 -0.000473 342.0
0.000608 -0.000473 343.0
0.000607 -0.000474 344.0
0.000607 -0.000474 345.0
0.000607 -0.000475 346.0
0.000606 -0.000476 347.0
0.000606 -0.000476 348.0
0.000606 -0.000477 349.0
0.000605 -0.000477 350.0
0.000605 -0.000478 351.0
0.000604 -0.000478 352.0
0.000604 -0.000479 353.0
0.000604 -0.000480 354.0
0.000603 -0.000480 355.0
0.000603 -0.000481 356.0
0.000603 -0.000481 357.0
0.000602 -0.000482 358.0
0.000602 -0.000483 359.0
0.000602 -0.000483 360.0
0.000601 -0.000484 361.0
0.000601 -0.000484 362.0
0.000600 -0.000485 363.0
0.000600 -0.000485 364.0
0.000600 -0.000486 365.0
0.000599 -0.000487 366.0
0.000599 -0.000487 367.0
0.000599 -0.000488 368.0
0.000598 -0.000488 369.0
0.000595 -0.000485 370.0
0.000595 -0.000486 371.0
0.000595 -0.000486 372.0
0.000594 -0.000487 373.0
0.000594 -0.000487 374.0
0.000594 -0.000488 375.0
0.000593 -0.000488 376.0
0.000593 -0.000489 377.0
0.000593 -0.000489 378.0
0.000592 -0.000490 379.0
0.000592 -0.000490 380.0
0.000592 -0.000491 381.0
0.000591 -0.000491 382.0
0.000591 -0.000492 383.0
0.000591 -0.000493 384.0
0.000590 -0.000493 385.0
0.000590 -0.000494 386.0
0.000590 -0.000494 387.0
0.000589 -0.000495 388.0
0.000589 -0.000495 389.0
0.000589 -0.000496 390.0
0.000588 -0.000496 391.0
0.000588 -0.000497 392.0
0.000588 -0.000497 393.0
0.000587 -0.000498 394.0
0.000587 -0.000498 395.0
0.000587 -0.000499 396.0
0.000586 -0.000499 397.0
0.000586 -0.000500 398.0
0.000586 -0.000500 399.0
0.000585 -0.000501 400.0
0.000585 -0.000502 401.0
0.000585 -0.000502 402.0
0.000584 -0.000503 403.0
0.000584 -0.000503 404.0
0.000584 -0.000504 405.0
0.000583 -0.000504 406.0
0.000583 -0.000505 407.0
0.000583 -0.000505 408.0
0.000582 -0.000506 409.0
0.000582 -0.000506 410.0
0.000582 -0.000507 411.0
0.000581 -0.000507 412.0
0.000581 -0.000508 413.0
0.000581 -0.000508 414.0
0.000580 -0.000509 415.0
0.000580 -0.000509 416.0
0.000580 -0.000510 417.0
0.000579 -0.000511 418.0
0.000579 -0.000511 419.0
0.000579 -0.000512 420.0
0.000578 -0.000512 421.0
0.000578 -0.000513 422.0
0.000578 -0.000513 423.0
0.000577 -0.000514 424.0
0.000577 -0.000514 425.0
0.000577 -0.000515 426.0
0.000576 -0.000515 427.0
0.000576 -0.000516 428.0
0.000576 -0.000516 429.0
0.000575 -0.000517 430.0
0.000575 -0.000517 431.0
0.000575 -0.000518 432.0
0.000574 -0.000518 433.0
0.000574 -0.000519 434.0
0.000574 -0.000519 435.0
0.000573 -0.000520 436.0
0.000573 -0.000521 437.0
0.000573 -0.000521 438.0
0.000572 -0.000522 439.0
0.000572 -0.000522 440.0
0.000572 -0.000523 441.0
0.000571 -0.000523 442.0
0.000571 -0.000524 443.0
0.000571 -0.000524 444.0
0.000570 -0.000525 445.0
0.000570 -0.000525 446.0
0.000567 -0.000522 447.0
0.000566 -0.000522 448.0
0.000566 -0.000522 449.0
0.000566 -0.000522 450.0
0.000566 -0.000522 451.0
0.000566 -0.000522 452.0
0.000566 -0.000522 453.0
0.000566 -0.000523 454.0
0.000566 -0.000523 455.0
0.000566 -0.000523 456.0
0.000565 -0.000523 457.0
0.000565 -0.000523 458.0
0.000565 -0.000523 459.0
0.000565 -0.000523 460.0
0.000565 -0.000524 461.0
0.000565 -0.000524 462.0
0.000565 -0.000524 463.0
0.000565 -0.000524 464.0
0.000564 -0.000524 465.0
0.000564 -0.000524 466.0
0.000564 -0.000524 467.0
0.000564 -0.000525 468.0
0.000564 -0.000525 469.0
0.000564 -0.000525 470.0
0.000564 -0.000525 471.0
0.000564 -0.000525 472.0
0.000564 -0.000525 473.0
0.000563 -0.000525 474.0
0.000563 -0.000525 475.0
0.000563 -0.000525 476.0
0.000563 -0.000525 477.0
0.000563 -0.000525 478.0
0.000563 -0.000525 479.0
0.000562 -0.000525 480.0
0.000562 -0.000525 481.0
0.000562 -0.000525 482.0
0.000562 -0.000525 483.0
0.000562 -0.000525 484.0
0.000562 -0.000525 485.0
0.000562 -0.000525 486.0
0.000562 -0.000525 487.0
0.000561 -0.000525 488.0
0.000561 -0.000525 489.0
0.000561 -0.000525 490.0
0.000561 -0.000525 491.0
0.000561 -0.000525 492.0
0.000561 -0.000525 493.0
0.000561 -0.000525 494.0
0.000561 -0.000525 495.0
0.000560 -0.000525 496.0
0.000560 -0.000525 497.0
0.000560 -0.000525 498.0
0.000560 -0.000525 499.0
0.000560 -0.000525 500.0
0.000560 -0.000525 501.0
0.000560 -0.000525 502.0
0.000560 -0.000526 503.0
0.000559 -0.000526 504.0
0.000559 -0.000526 505.0
0.000559 -0.000526 506.0
0.000559 -0.000526 507.0
0.000559 -0.000526 508.0
0.000559 -0.000526 509.0
0.000559 -0.000526 510.0
0.000559 -0.000526 511.0
0.000558 -0.000526 512.0
0.000558 -0.000526 513.0
0.000558 -0.000526 514.0
0.000558 -0.000526 515.0
0.000558 -0.000526 516.0
0.000558 -0.000526 517.0
0.000558 -0.000526 518.0
0.000558 -0.000526 519.0
0.000558 -0.000526 520.0
0.000557 -0.000526 521.0
0.000557 -0.000526 522.0
0.000557 -0.000526 523.0
0.000557 -0.000526 524.0
0.000557 -0.000526 525.0
0.000557 -0.000526 526.0
0.000557 -0.000526 527.0
0.000557 -0.000526 528.0
0.000556 -0.000526 529.0
0.000556 -0.000526 530.0
0.000556 -0.000526 531.0
0.000556 -0.000526 532.0
0.000556 -0.000526 533.0
0.000556 -0.000526 534.0
0.000556 -0.000526 535.0
0.000555 -0.000526 536.0
0.000555 -0.000527 537.0
0.000555 -0.000527 538.0
0.000554 -0.000527 539.0
0.000554 -0.000527 540.0
0.000554 -0.000527 541.0
0.000553 -0.000528 542.0
0.000553 -0.000528 543.0
0.000553 -0.000528 544.0
0.000552 -0.000528 545.0
0.000552 -0.000528 546.0
0.000552 -0.000529 547.0
0.000551 -0.000529 548.0
0.000551 -0.000529 549.0
0.000551 -0.000529 550.0
0.000550 -0.000530 551.0
0.000550 -0.000530 552.0
0.000550 -0.000530 553.0
0.000550 -0.000530 554.0
0.000549 -0.000530 555.0
0.000549 -0.000531 556.0
0.000549 -0.000531 557.0
0.000548 -0.000531 558.0
0.000548 -0.000531 559.0
0.000548 -0.000531 560.0
0.000547 -0.000532 561.0
0.000547 -0.000532 562.0
0.000547 -0.000532 563.0
0.000546 -0.000532 564.0
0.000546 -0.000533 565.0
0.000546 -0.000533 566.0
0.000545 -0.000533 567.0
0.000545 -0.000533 568.0
0.000545 -0.000533 569.0
0.000544 -0.000534 570.0
0.000544 -0.000534 571.0
0.000544 -0.000534 572.0
0.000543 -0.000534 573.0
0.000543 -0.000534 574.0
0.000543 -0.000535 575.0
0.000543 -0.000535 576.0
0.000542 -0.000535 577.0
0.000542 -0.000535 578.0
0.000542 -0.000536 579.0
0.000541 -0.000536 580.0
0.000541 -0.000536 581.0
0.000541 -0.000536 582.0
0.000540 -0.000536 583.0
0.000540 -0.000537 584.0
0.000540 -0.000537 585.0
0.000539 -0.000537 586.0
0.000539 -0.000537 587.0
0.000539 -0.000537 588.0
0.000538 -0.000538 589.0
0.000538 -0.000538 590.0
0.000538 -0.000538 591.0
0.000537 -0.000538 592.0
0.000537 -0.000539 593.0
0.000536 -0.000536 594.0
0.000536 -0.000536 595.0
0.000536 -0.000536 596.0
0.000536 -0.000536 597.0
0.000536 -0.000536 598.0
0.000536 -0.000536 599.0
0.000536 -0.000536 600.0
0.000536 -0.000536 601.0
0.000536 -0.000536 602.0
0.000536 -0.000536 603.0
0.000536 -0.000536 604.0
0.000536 -0.000536 605.0
0.000536 -0.000536 606.0
0.000536 -0.000536 607.0
0.000536 -0.000536 608.0
0.000536 -0.000536 609.0
0.000536 -0.000536 610.0
0.000536 -0.000536 611.0
0.000536 -0.000536 612.0
0.000536 -0.000536 613.0
0.000536 -0.000536 614.0
0.000536 -0.000536 615.0
0.000536 -0.000536 616.0
0.000536 -0.000536 617.0
0.000536 -0.000536 618.0
0.000536 -0.000536 619.0
0.000536 -0.000536 620.0
0.000536 -0.000536 621.0
0.000536 -0.000536 622.0
0.000536 -0.000536 623.0
0.000536 -0.000536 624.0
0.000536 -0.000536 625.0
0.000536 -0.000536 626.0
0.000536 -0.000536 627.0
0.000536 -0.000536 628.0
0.000536 -0.000536 629.0
0.000536 -0.000536 630.0
0.000536 -0.000536 631.0
0.000536 -0.000536 632.0
0.000536 -0.000536 633.0
0.000536 -0.000536 634.0
0.000536 -0.000536 635.0
0.000536 -0.000536 636.0
0.000536 -0.000536 637.0
0.000536 -0.000536 638.0
0.000536 -0.000536 639.0
0.000536 -0.000536 640.0
0.000536 -0.000536 641.0
0.000536 -0.000536 642.0
0.000536 -0.000536 643.0
0.000536 -0.000536 644.0
0.000536 -0.000536 645.0
0.000536 -0.000536 646.0
0.000536 -0.000536 647.0
0.000536 -0.000536 648.0
0.000536 -0.000536 649.0
0.000536 -0.000536 650.0
0.000536 -0.000536 651.0
0.000536 -0.000536 652.0
0.000536 -0.000536 653.0
0.000536 -0.000536 654.0
0.000536 -0.000536 655.0
0.000536 -0.000536 656.0
0.000536 -0.000536 657.0
0.000536 -0.000536 658.0
0.000536 -0.000536 659.0
0.000536 -0.000536 660.0
0.000536 -0.000536 661.0
0.000536 -0.000536 662.0
0.000536 -0.000536 663.0
0.000536 -0.000536 664.0
0.000536 -0.000536 665.0
0.000536 -0.000536 666.0
0.000536 -0.000536 667.0
0.000536 -0.000536 668.0
0.000536 -0.000536 669.0
0.000536 -0.000536 670.0
0.000536 -0.000536 671.0
0.000536 -0.000536 672.0
0.000536 -0.000536 673.0
0.000536 -0.000536 674.0
0.000536 -0.000536 675.0
0.000536 -0.000536 676.0
0.000536 -0.000536 677.0
0.000536 -0.000536 678.0
0.000536 -0.000536 679.0
0.000536 -0.000536 680.0
0.000536 -0.000536 681.0
0.000536 -0.000536 682.0
0.000536 -0.000536 683.0
0.000536 -0.000536 684.0
0.000536 -0.000536 685.0
0.000536 -0.000536 686.0
0.000536 -0.000536 687.0
0.000536 -0.000536 688.0
0.000536 -0.000536 689.0
0.000536 -0.000536 690.0
0.000536 -0.000536 691.0
0.000536 -0.000536 692.0
0.000536 -0.000536 693.0
0.000536 -0.000536 694.0
0.000536 -0.000536 695.0
0.000536 -0.000536 696.0
0.000536 -0.000536 697.0
0.000536 -0.000536 698.0
0.000536 -0.000536 699.0
0.000536 -0.000536 700.0
0.000536 -0.000536 701.0
0.000536 -0.000536 702.0
0.000536 -0.000536 703.0
0.000536 -0.000536 704.0
0.000536 -0.000536 705.0
0.000536 -0.000536 706.0
0.000536 -0.000536 707.0
0.000536 -0.000536 708.0
0.000536 -0.000536 709.0
0.000536 -0.000536 710.0
0.000536 -0.000536 711.0
0.000536 -0.000536 712.0
0.000536 -0.000536 713.0
0.000536 -0.000536 714.0
0.000536 -0.000536 715.0
0.000536 -0.000536 716.0
0.000536 -0.000536 717.0
0.000536 -0.000536 718.0
0.000536 -0.000536 719.0
0.000536 -0.000536 720.0
0.000536 -0.000536 721.0
0.000536 -0.000536 722.0
0.000536 -0.000536 723.0
0.000536 -0.000536 724.0
0.000536 -0.000536 725.0
0.000536 -0.000536 726.0
0.000536 -0.000536 727.0
0.000536 -0.000536 728.0
0.000536 -0.000536 729.0
0.000536 -0.000536 730.0
0.000536 -0.000536 731.0
0.000536 -0.000536 732.0
0.000536 -0.000536 733.0
0.000536 -0.000536 734.0
0.000536 -0.000536 735.0
0.000536 -0.000536 736.0
0.000536 -0.000536 737.0
0.000536 -0.000536 738.0
0.000536 -0.000536 739.0
0.000536 -0.000536 740.0
0.000536 -0.000536 741.0
0.000536 -0.000536 742.0
0.000536 -0.000536 743.0
0.000536 -0.000536 744.0
0.000536 -0.000536 745.0
0.000536 -0.000536 746.0
0.000536 -0.000536 747.0
0.000536 -0.000536 748.0
0.000536 -0.000536 749.0
0.000536 -0.000536 750.0
0.000536 -0.000536 751.0
0.000536 -0.000536 752.0
0.000536 -0.000536 753.0
0.000536 -0.000536 754.0
0.000536 -0.000536 755.0
0.000536 -0.000536 756.0
0.000536 -0.000536 757.0
0.000536 -0.000536 758.0
0.000536 -0.000536 759.0
0.000536 -0.000536 760.0
0.000536 -0.000536 761.0
0.000536 -0.000536 762.0
0.000536 -0.000536 763.0
0.000536 -0.000536 764.0
0.000536 -0.000536 765.0
0.000536 -0.000536 766.0
0.000536 -0.000536 767.0
0.000536 -0.000536 768.0
0.000536 -0.000536 769.0
0.000536 -0.000536 770.0
0.000536 -0.000536 771.0
0.000536 -0.000536 772.0
0.000536 -0.000536 773.0
0.000536 -0.000536 774.0
0.000536 -0.000536 775.0
0.000536 -0.000536 776.0
0.000537 -0.000536 777.0
0.000537 -0.000536 778.0
0.000537 -0.000536 779.0
0.000537 -0.000536 780.0
0.000537 -0.000536 781.0
0.000537 -0.000536 782.0
0.000537 -0.000536 783.0
0.000537 -0.000536 784.0
0.000537 -0.000536 785.0
0.000537 -0.000536 786.0
0.000537 -0.000536 787.0
0.000537 -0.000536 788.0
0.000537 -0.000536 789.0
0.000537 -0.000536 790.0
0.000537 -0.000536 791.0
0.000537 -0.000536 792.0
0.000537 -0.000536 793.0
0.000537 -0.000536 794.0
0.000537 -0.000536 795.0
0.000537 -0.000536 796.0
0.000537 -0.000536 797.0
0.000537 -0.000536 798.0
0.000537 -0.000536 799.0
0.000537 -0.000536 800.0
0.000537 -0.000536 801.0
0.000537 -0.000536 802.0
0.000537 -0.000536 803.0
0.000537 -0.000536 804.0
0.000537 -0.000536 805.0
0.000537 -0.000536 806.0
0.000537 -0.000536 807.0
0.000537 -0.000536 808.0
0.000537 -0.000536 809.0
0.000537 -0.000536 810.0
0.000537 -0.000536 811.0
0.000537 -0.000536 812.0
0.000537 -0.000536 813.0
0.000537 -0.000536 814.0
0.000537 -0.000536 815.0
0.000537 -0.000536 816.0
0.000537 -0.000536 817.0
0.000537 -0.000536 818.0
0.000537 -0.000537 819.0
0.000537 -0.000537 820.0
0.000537 -0.000537 821.0
0.000537 -0.000537 822.0
0.000537 -0.000537 823.0
0.000537 -0.000537 824.0
0.000537 -0.000537 825.0
0.000537 -0.000537 826.0
0.000537 -0.000537 827.0
0.000537 -0.000537 828.0
0.000537 -0.000537 829.0
0.000537 -0.000537 830.0
0.000537 -0.000537 831.0
0.000537 -0.000537 832.0
0.000537 -0.000537 833.0
0.000537 -0.000537 834.0
0.000537 -0.000537 835.0
0.000537 -0.000537 836.0
0.000537 -0.000537 837.0
0.000537 -0.000537 838.0
0.000537 -0.000537 839.0
0.000537 -0.000537 840.0
0.000537 -0.000537 841.0
0.000537 -0.000537 842.0
0.000537 -0.000537 843.0
0.000537 -0.000537 844.0
0.000537 -0.000537 845.0
0.000537 -0.000537 846.0
0.000537 -0.000537 847.0
0.000537 -0.000537 848.0
0.000537 -0.000537 849.0
0.000537 -0.000537 850.0
0.000537 -0.000537 851.0
0.000537 -0.000537 852.0
0.000537 -0.000537 853.0
0.000537 -0.000537 854.0
0.000537 -0.000537 855.0
0.000537 -0.000537 856.0
0.000537 -0.000537 857.0
0.000537 -0.000537 858.0
0.000537 -0.000537 859.0
0.000537 -0.000537 860.0
0.000537 -0.000537 861.0
0.000537 -0.000537 862.0
0.000537 -0.000537 863.0
0.000537 -0.000537 864.0
0.000537 -0.000537 865.0
0.000537 -0.000537 866.0
0.000537 -0.000537 867.0
0.000537 -0.000537 868.0
0.000537 -0.000537 869.0
0.000537 -0.000537 870.0
0.000537 -0.000537 871.0
0.000537 -0.000537 872.0
0.000537 -0.000537 873.0
0.000537 -0.000537 874.0
0.000537 -0.000537 875.0
0.000537 -0.000537 876.0
0.000537 -0.000537 877.0
0.000537 -0.000537 878.0
0.000537 -0.000537 879.0
0.000537 -0.000537 880.0
0.000537 -0.000537 881.0
0.000537 -0.000537 882.0
0.000537 -0.000537 883.0
0.000537 -0.000537 884.0
0.000537 -0.000537 885.0
0.000537 -0.000537 886.0
0.000537 -0.000537 887.0
0.000537 -0.000537 888.0
0.000537 -0.000537 889.0
0.000537 -0.000537 890.0
0.000537 -0.000537 891.0
0.000537 -0.000537 892.0
0.000537 -0.000537 893.0
0.000537 -0.000537 894.0
0.000537 -0.000537 895.0
0.000537 -0.000537 896.0
0.000537 -0.000537 897.0
0.000537 -0.000537 898.0
0.000537 -0.000537 899.0
0.000537 -0.000537 900.0
0.000537 -0.000537 901.0
0.000537 -0.000537 902.0
0.000537 -0.000537 903.0
0.000537 -0.000537 904.0
0.000537 -0.000537 905.0
0.000537 -0.000537 906.0
0.000537 -0.000537 907.0
0.000537 -0.000537 908.0
0.000537 -0.000537 909.0
0.000537 -0.000537 910.0
0.000537 -0.000537 911.0
0.000537 -0.000537 912.0
0.000537 -0.000537 913.0
0.000537 -0.000537 914.0
0.000537 -0.000537 915.0
0.000537 -0.000537 916.0
0.000537 -0.000537 917.0
0.000537 -0.000537 918.0
0.000537 -0.000537 919.0
0.000537 -0.000537 920.0
0.000537 -0.000537 921.0
0.000537 -0.000537 922.0
0.000537 -0.000537 923.0
0.000537 -0.000537 924.0
0.000537 -0.000537 925.0
0.000537 -0.000537 926.0
0.000537 -0.000537 927.0
0.000537 -0.000537 928.0
0.000537 -0.000537 929.0
0.000537 -0.000537 930.0
0.000537 -0.000537 931.0
0.000537 -0.000537 932.0
0.000537 -0.000537 933.0
0.000537 -0.000537 934.0
0.000537 -0.000537 935.0
0.000537 -0.000537 936.0
0.000537 -0.000537 937.0
0.000537 -0.000537 938.0
0.000537 -0.000537 939.0
0.000537 -0.000537 940.0
0.000537 -0.000537 941.0
0.000537 -0.000537 942.0
0.000537 -0.000537 943.0
0.000537 -0.000537 944.0
0.000537 -0.000537 945.0
0.000537 -0.000537 946.0
0.000537 -0.000537 947.0
0.000537 -0.000537 948.0
0.000537 -0.000537 949.0
0.000537 -0.000537 950.0
0.000537 -0.000537 951.0
0.000537 -0.000537 952.0
0.000537 -0.000537 953.0
0.000537 -0.000537 954.0
0.000537 -0.000537 955.0
0.000537 -0.000537 956.0
0.000537 -0.000537 957.0
0.000537 -0.000537 958.0
0.000537 -0.000537 959.0
0.000537 -0.000537 960.0
0.000537 -0.000537 961.0
0.000537 -0.000537 962.0
0.000537 -0.000537 963.0
0.000537 -0.000537 964.0
0.000537 -0.000537 965.0
0.000537 -0.000537 966.0
0.000537 -0.000537 967.0
0.000537 -0.000537 968.0
0.000537 -0.000537 969.0
0.000537 -0.000537 970.0
0.000537 -0.000537 971.0
0.000537 -0.000537 972.0
0.000537 -0.000537 973.0
0.000537 -0.000537 974.0
0.000537 -0.000537 975.0
0.000537 -0.000537 976.0
0.000537 -0.000537 977.0
0.000537 -0.000537 978.0
0.000537 -0.000537 979.0
0.000537 -0.000537 980.0
0.000537 -0.000537 981.0
0.000537 -0.000537 982.0
0.000537 -0.000537 983.0
0.000537 -0.000537 984.0
0.000537 -0.000537 985.0
0.000537 -0.000537 986.0
0.000537 -0.000537 987.0
0.000537 -0.000537 988.0
0.000537 -0.000537 989.0
0.000537 -0.000537 990.0
0.000537 -0.000537 991.0
0.000537 -0.000537 992.0
0.000537 -0.000537 993.0
0.000537 -0.000537 994.0
0.000537 -0.000537 995.0
0.000537 -0.000537 996.0
0.000537 -0.000537 997.0
0.000537 -0.000537 998.0
0.000537 -0.000537 999.0
0.000537 -0.000537 1000.0
0.000537 -0.000537 1001.0
0.000537 -0.000537 1002.0
0.000537 -0.000537 1003.0
0.000537 -0.000537 1004.0
0.000537 -0.000537 1005.0
0.000537 -0.000537 1006.0
0.000537 -0.000537 1007.0
0.000537 -0.000537 1008.0
0.000537 -0.000537 1009.0
0.000537 -0.000537 1010.0
0.000537 -0.000537 1011.0
0.000537 -0.000537 1012.0
0.000537 -0.000537 1013.0
0.000537 -0.000537 1014.0
0.000537 -0.000537 1015.0
0.000537 -0.000537 1016.0
0.000537 -0.000537 1017.0
0.000537 -0.000537 1018.0
0.000537 -0.000537 1019.0
0.000537 -0.000537 1020.0
0.000537 -0.000537 1021.0
0.000537 -0.000537 1022.0
0.000537 -0.000537 1023.0
0.000537 -0.000537 1024.0
0.000537 -0.000537 1025.0
0.000537 -0.000537 1026.0
0.000537 -0.000537 1027.0
0.000537 -0.000537 1028.0
0.000537 -0.000537 1029.0
0.000537 -0.000537 1030.0
0.000537 -0.000537 1031.0
0.000537 -0.000537 1032.0
0.000537 -0.000537 1033.0
0.000537 -0.000537 1034.0
0.000537 -0.000537 1035.0
0.000537 -0.000537 1036.0
0.000537 -0.000537 1037.0
0.000537 -0.000537 1038.0
0.000537 -0.000537 1039.0
0.000537 -0.000537 1040.0
0.000537 -0.000537 1041.0
0.000537 -0.000537 1042.0
0.000537 -0.000537 1043.0
0.000537 -0.000537 1044.0
0.000537 -0.000537 1045.0
0.000537 -0.000537 1046.0
0.000537 -0.000537 1047.0
0.000537 -0.000537 1048.0
0.000537 -0.000537 1049.0
0.000537 -0.000537 1050.0
0.000537 -0.000537 1051.0
0.000537 -0.000537 1052.0
0.000537 -0.000537 1053.0
0.000537 -0.000537 1054.0
0.000537 -0.000537 1055.0
0.000537 -0.000537 1056.0
0.000537 -0.000537 1057.0
0.000537 -0.000537 1058.0
0.000537 -0.000537 1059.0
0.000537 -0.000537 1060.0
0.000537 -0.000537 1061.0
0.000537 -0.000537 1062.0
0.000537 -0.000537 1063.0
0.000537 -0.000537 1064.0
0.000537 -0.000537 1065.0
0.000537 -0.000537 1066.0
0.000537 -0.000537 1067.0
0.000537 -0.000537 1068.0
0.000537 -0.000537 1069.0
0.000537 -0.000537 1070.0
0.000537 -0.000537 1071.0
0.000537 -0.000537 1072.0
0.000537 -0.000537 1073.0
0.000537 -0.000537 1074.0
0.000537 -0.000537 1075.0
0.000537 -0.000537 1076.0
0.000537 -0.000537 1077.0
0.000537 -0.000537 1078.0
0.000537 -0.000537 1079.0
0.000537 -0.000537 1080.0
0.000537 -0.000537 1081.0
0.000537 -0.000537 1082.0
0.000537 -0.000537 1083.0
0.000537 -0.000537 1084.0
0.000537 -0.000537 1085.0
0.000537 -0.000537 1086.0
0.000537 -0.000537 1087.0
0.000537 -0.000537 1088.0
0.000537 -0.000537 1089.0
0.000537 -0.000537 1090.0
0.000537 -0.000537 1091.0
0.000537 -0.000537 1092.0
0.000537 -0.000537 1093.0
0.000537 -0.000537 1094.0
0.000537 -0.000537 1095.0
0.000537 -0.000537 1096.0
0.000537 -0.000537 1097.0
0.000537 -0.000537 1098.0
0.000537 -0.000537 1099.0
0.000537 -0.000537 1100.0
0.000537 -0.000537 1101.0
0.000537 -0.000537 1102.0
0.000537 -0.000537 1103.0
0.000537 -0.000537 1104.0
0.000537 -0.000537 1105.0
0.000537 -0.000537 1106.0
0.000537 -0.000537 1107.0
0.000537 -0.000537 1108.0
0.000537 -0.000537 1109.0
0.000537 -0.000537 1110.0
0.000537 -0.000537 1111.0
0.000537 -0.000537 1112.0
0.000537 -0.000537 1113.0
0.000537 -0.000537 1114.0
0.000537 -0.000537 1115.0
0.000537 -0.000537 1116.0
0.000537 -0.000537 1117.0
0.000537 -0.000537 1118.0
0.000537 -0.000537 1119.0
0.000537 -0.000537 1120.0
0.000537 -0.000537 1121.0
0.000537 -0.000537 1122.0
0.000537 -0.000537 1123.0
0.000537 -0.000537 1124.0
0.000537 -0.000537 1125.0
0.000537 -0.000537 1126.0
0.000537 -0.000537 1127.0
0.000537 -0.000537 1128.0
0.000537 -0.000537 1129.0
0.000537 -0.000537 1130.0
0.000537 -0.000537 1131.0
0.000537 -0.000537 1132.0
0.000537 -0.000537 1133.0
0.000537 -0.000537 1134.0
0.000537 -0.000537 1135.0
0.000537 -0.000537 1136.0
0.000537 -0.000537 1137.0
0.000537 -0.000537 1138.0
0.000537 -0.000537 1139.0
0.000537 -0.000537 1140.0
0.000537 -0.000537 1141.0
0.000537 -0.000537 1142.0
0.000537 -0.000537 1143.0
0.000537 -0.000537 1144.0
0.000537 -0.000537 1145.0
0.000537 -0.000537 1146.0
0.000537 -0.000537 1147.0
0.000537 -0.000537 1148.0
0.000537 -0.000537 1149.0
0.000537 -0.000537 1150.0
0.000537 -0.000537 1151.0
0.000537 -0.000537 1152.0
0.000537 -0.000537 1153.0
0.000537 -0.000537 1154.0
0.000537 -0.000537 1155.0
0.000537 -0.000537 1156.0
0.000537 -0.000537 1157.0
0.000537 -0.000537 1158.0
0.000537 -0.000537 1159.0
0.000537 -0.000537 1160.0
0.000537 -0.000537 1161.0
0.000537 -0.000537 1162.0
0.000537 -0.000537 1163.0
0.000537 -0.000537 1164.0
0.000537 -0.000537 1165.0
0.000537 -0.000537 1166.0
0.000537 -0.000537 1167.0
0.000537 -0.000537 1168.0
0.000537 -0.000537 1169.0
0.000537 -0.000537 1170.0
0.000537 -0.000537 1171.0
0.000537 -0.000537 1172.0
0.000537 -0.000537 1173.0
0.000537 -0.000537 1174.0
0.000537 -0.000537 1175.0
0.000537 -0.000537 1176.0
0.000537 -0.000537 1177.0
0.000537 -0.000537 1178.0
0.000537 -0.000537 1179.0
0.000537 -0.000537 1180.0
0.000537 -0.000537 1181.0
0.000537 -0.000537 1182.0
0.000537 -0.000537 1183.0
0.000537 -0.000537 1184.0
0.000537 -0.000537 1185.0
0.000537 -0.000537 1186.0
0.000537 -0.000537 1187.0
0.000537 -0.000537 1188.0
0.000537 -0.000537 1189.0
0.000537 -0.000537 1190.0
0.000537 -0.000537 1191.0
0.000537 -0.000537 1192.0
0.000537 -0.000537 1193.0
0.000537 -0.000537 1194.0
0.000537 -0.000537 1195.0
0.000537 -0.000537 1196.0
0.000537 -0.000537 1197.0
0.000537 -0.000537 1198.0
0.000537 -0.000537 1199.0
0.000537 -0.000537 1200.0
0.000537 -0.000537 1201.0
0.000537 -0.000537 1202.0
0.000537 -0.000537 1203.0
0.000537 -0.000537 1204.0
0.000537 -0.000537 1205.0
0.000537 -0.000537 1206.0
0.000537 -0.000537 1207.0
0.000537 -0.000537 1208.0
0.000537 -0.000537 1209.0
0.000537 -0.000537 1210.0
0.000537 -0.000537 1211.0
0.000537 -0.000537 1212.0
0.000537 -0.000537 1213.0
0.000537 -0.000537 1214.0
0.000537 -0.000537 1215.0
0.000537 -0.000537 1216.0
0.000537 -0.000537 1217.0
0.000537 -0.000537 1218.0
0.000537 -0.000537 1219.0
0.000537 -0.000537 1220.0
0.000537 -0.000537 1221.0
0.000537 -0.000537 1222.0
0.000537 -0.000537 1223.0
0.000537 -0.000537 1224.0
0.000537 -0.000537 1225.0
0.000537 -0.000537 1226.0
0.000537 -0.000537 1227.0
0.000537 -0.000537 1228.0
0.000537 -0.000537 1229.0
0.000537 -0.000537 1230.0
0.000537 -0.000537 1231.0
0.000537 -0.000537 1232.0
0.000537 -0.000537 1233.0
0.000537 -0.000537 1234.0
0.000537 -0.000537 1235.0
0.000537 -0.000537 1236.0
0.000537 -0.000537 1237.0
0.000537 -0.000537 1238.0
0.000537 -0.000537 1239.0
0.000537 -0.000537 1240.0
0.000537 -0.000537 1241.0
0.000537 -0.000537 1242.0
0.000537 -0.000537 1243.0
0.000537 -0.000537 1244.0
0.000537 -0.000537 1245.0
0.000537 -0.000537 1246.0
0.000537 -0.000537 1247.0
0.000537 -0.000537 1248.0
0.000537 -0.000537 1249.0
0.000537 -0.000537 1250.0
0.000537 -0.000537 1251.0
0.000537 -0.000537 1252.0
0.000537 -0.000537 1253.0
0.000537 -0.000537 1254.0
0.000537 -0.000537 1255.0
0.000537 -0.000537 1256.0
0.000537 -0.000537 1257.0
0.000537 -0.000537 1258.0
0.000537 -0.000537 1259.0
0.000537 -0.000537 1260.0
0.000537 -0.000537 1261.0
0.000537 -0.000537 1262.0
0.000537 -0.000537 1263.0
0.000537 -0.000537 1264.0
0.000537 -0.000537 1265.0
0.000537 -0.000537 1266.0
0.000537 -0.000537 1267.0
0.000537 -0.000537 1268.0
0.000537 -0.000537 1269.0
0.000537 -0.000537 1270.0
0.000537 -0.000537 1271.0
0.000537 -0.000537 1272.0
0.000537 -0.000537 1273.0
0.000537 -0.000537 1274.0
0.000537 -0.000537 1275.0
0.000537 -0.000537 1276.0
0.000537 -0.000537 1277.0
0.000537 -0.000537 1278.0
0.000537 -0.000537 1279.0
0.000537 -0.000537 1280.0
0.000537 -0.000537 1281.0
0.000537 -0.000537 1282.0
0.000537 -0.000537 1283.0
0.000537 -0.000537 1284.0
0.000537 -0.000537 1285.0
0.000537 -0.000537 1286.0
0.000537 -0.000537 1287.0
0.000537 -0.000537 1288.0
0.000537 -0.000537 1289.0
0.000537 -0.000537 1290.0
0.000537 -0.000537 1291.0
0.000537 -0.000537 1292.0
0.000537 -0.000537 1293.0
0.000537 -0.000537 1294.0
0.000537 -0.000537 1295.0
0.000537 -0.000537 1296.0
0.000537 -0.000537 1297.0
0.000537 -0.000537 1298.0
0.000537 -0.000537 1299.0
0.000537 -0.000537 1300.0
0.000537 -0.000537 1301.0
0.000537 -0.000537 1302.0
0.000537 -0.000537 1303.0
0.000537 -0.000537 1304.0
0.000537 -0.000537 1305.0
0.000537 -0.000537 1306.0
0.000537 -0.000537 1307.0
0.000537 -0.000537 1308.0
0.000537 -0.000537 1309.0
0.000537 -0.000537 1310.0
0.000537 -0.000537 1311.0
0.000537 -0.000537 1312.0
0.000537 -0.000537 1313.0
0.000537 -0.000537 1314.0
0.000537 -0.000537 1315.0
0.000537 -0.000537 1316.0
0.000537 -0.000537 1317.0
0.000537 -0.000537 1318.0
0.000537 -0.000537 1319.0
0.000537 -0.000537 1320.0
0.000537 -0.000537 1321.0
0.000537 -0.000537 1322.0
0.000537 -0.000537 1323.0
0.000537 -0.000537 1324.0
0.000537 -0.000537 1325.0
0.000537 -0.000537 1326.0
0.000537 -0.000537 1327.0
0.000537 -0.000537 1328.0
0.000537 -0.000537 1329.0
0.000537 -0.000537 1330.0
0.000537 -0.000537 1331.0
0.000537 -0.000537 1332.0
0.000537 -0.000537 1333.0
0.000537 -0.000537 1334.0
0.000537 -0.000537 1335.0
0.000537 -0.000537 1336.0
0.000537 -0.000537 1337.0
0.000537 -0.000537 1338.0
0.000537 -0.000537 1339.0
0.000537 -0.000537 1340.0
0.000537 -0.000537 1341.0
0.000537 -0.000537 1342.0
0.000537 -0.000537 1343.0
0.000537 -0.000537 1344.0
0.000537 -0.000537 1345.0
0.000537 -0.000537 1346.0
0.000537 -0.000537 1347.0
0.000537 -0.000537 1348.0
0.000537 -0.000537 1349.0
0.000537 -0.000537 1350.0
0.000537 -0.000537 1351.0
0.000537 -0.000537 1352.0
0.000537 -0.000537 1353.0
0.000537 -0.000537 1354.0
0.000537 -0.000537 1355.0
0.000537 -0.000537 1356.0
0.000537 -0.000537 1357.0
0.000537 -0.000537 1358.0
0.000537 -0.000537 1359.0
0.000537 -0.000537 1360.0
0.000537 -0.000537 1361.0
0.000537 -0.000537 1362.0
0.000537 -0.000537 1363.0
0.000537 -0.000537 1364.0
0.000537 -0.000537 1365.0
0.000537 -0.000537 1366.0
0.000537 -0.000537 1367.0
0.000537 -0.000537 1368.0
0.000537 -0.000537 1369.0
0.000537 -0.000537 1370.0
0.000537 -0.000537 1371.0
0.000537 -0.000537 1372.0
0.000537 -0.000537 1373.0
0.000537 -0.000537 1374.0
0.000537 -0.000537 1375.0
0.000537 -0.000537 1376.0
0.000537 -0.000537 1377.0
0.000537 -0.000537 1378.0
0.000537 -0.000537 1379.0
0.000537 -0.000537 1380.0
0.000537 -0.000537 1381.0
0.000537 -0.000537 1382.0
0.000537 -0.000537 1383.0
0.000537 -0.000537 1384.0
0.000537 -0.000537 1385.0
0.000537 -0.000537 1386.0
0.000537 -0.000537 1387.0
0.000537 -0.000537 1388.0
0.000537 -0.000537 1389.0
0.000537 -0.000537 1390.0
0.000537 -0.000537 1391.0
0.000537 -0.000537 1392.0
0.000537 -0.000537 1393.0
0.000537 -0.000537 1394.0
0.000537 -0.000537 1395.0
0.000537 -0.000537 1396.0
0.000537 -0.000537 1397.0
0.000537 -0.000537 1398.0
0.000537 -0.000537 1399.0
0.000537 -0.000537 1400.0
0.000537 -0.000537 1401.0
0.000537 -0.000537 1402.0
0.000537 -0.000537 1403.0
0.000537 -0.000537 1404.0
0.000537 -0.000537 1405.0
0.000537 -0.000537 1406.0
0.000537 -0.000537 1407.0
0.000537 -0.000537 1408.0
0.000537 -0.000537 1409.0
0.000537 -0.000537 1410.0
0.000537 -0.000537 1411.0
0.000537 -0.000537 1412.0
0.000537 -0.000537 1413.0
0.000537 -0.000537 1414.0
0.000537 -0.000537 1415.0
0.000537 -0.000537 1416.0
0.000537 -0.000537 1417.0
0.000537 -0.000537 1418.0
0.000537 -0.000537 1419.0
0.000537 -0.000537 1420.0
0.000537 -0.000537 1421.0
0.000537 -0.000537 1422.0
0.000537 -0.000537 1423.0
0.000537 -0.000537 1424.0
0.000537 -0.000537 1425.0
0.000537 -0.000537 1426.0
0.000537 -0.000537 1427.0
0.000537 -0.000537 1428.0
0.000537 -0.000537 1429.0
0.000537 -0.000537 1430.0
0.000537 -0.000537 1431.0
0.000537 -0.000537 1432.0
0.000537 -0.000537 1433.0
0.000537 -0.000537 1434.0
0.000537 -0.000537 1435.0
0.000537 -0.000537 1436.0
0.000537 -0.000537 1437.0
0.000537 -0.000537 1438.0
0.000537 -0.000537 1439.0
0.000537 -0.000537 1440.0
0.000537 -0.000537 1441.0
0.000537 -0.000537 1442.0
0.000537 -0.000537 1443.0
0.000537 -0.000537 1444.0
0.000537 -0.000537 1445.0
0.000537 -0.000537 1446.0
0.000537 -0.000537 1447.0
0.000537 -0.000537 1448.0
0.000537 -0.000537 1449.0
0.000537 -0.000537 1450.0
0.000537 -0.000537 1451.0
0.000537 -0.000537 1452.0
0.000537 -0.000537 1453.0
0.000537 -0.000537 1454.0
0.000537 -0.000537 1455.0
0.000537 -0.000537 1456.0
0.000537 -0.000537 1457.0
0.000537 -0.000537 1458.0
0.000537 -0.000537 1459.0
0.000537 -0.000537 1460.0
0.000537 -0.000537 1461.0
0.000537 -0.000537 1462.0
0.000537 -0.000537 1463.0
0.000537 -0.000537 1464.0
0.000537 -0.000537 1465.0
0.000537 -0.000537 1466.0
0.000537 -0.000537 1467.0
0.000537 -0.000537 1468.0
0.000537 -0.000537 1469.0
0.000537 -0.000537 1470.0
0.000537 -0.000537 1471.0
0.000537 -0.000537 1472.0
0.000537 -0.000537 1473.0
0.000537 -0.000537 1474.0
0.000537 -0.000537 1475.0
0.000537 -0.000537 1476.0
0.000537 -0.000537 1477.0
0.000537 -0.000537 1478.0
0.000537 -0.000537 1479.0
0.000537 -0.000537 1480.0
0.000537 -0.000537 1481.0
0.000537 -0.000537 1482.0
0.000537 -0.000537 1483.0
0.000537 -0.000537 1484.0
0.000537 -0.000537 1485.0
0.000537 -0.000537 1486.0
0.000537 -0.000537 1487.0
0.000537 -0.000537 1488.0
0.000537 -0.000537 1489.0
0.000537 -0.000537 1490.0
0.000537 -0.000537 1491.0
0.000537 -0.000537 1492.0
0.000537 -0.000537 1493.0
0.000537 -0.000537 1494.0
0.000537 -0.000537 1495.0
0.000537 -0.000537 1496.0
0.000537 -0.000537 1497.0
0.000537 -0.000537 1498.0
0.000537 -0.000537 1499.0
0.000537 -0.000537 1500.0
0.000537 -0.000537 1501.0
0.000537 -0.000537 1502.0
0.000537 -0.000537 1503.0
0.000537 -0.000537 1504.0
0.000537 -0.000537 1505.0
0.000537 -0.000537 1506.0
0.000537 -0.000537 1507.0
0.000537 -0.000537 1508.0
0.000537 -0.000537 1509.0
0.000537 -0.000537 1510.0
0.000537 -0.000537 1511.0
0.000537 -0.000537 1512.0
0.000537 -0.000537 1513.0
0.000537 -0.000537 1514.0
0.000537 -0.000537 1515.0
0.000537 -0.000537 1516.0
0.000537 -0.000537 1517.0
0.000537 -0.000537 1518.0
0.000537 -0.000537 1519.0
0.000537 -0.000537 1520.0
0.000537 -0.000537 1521.0
0.000537 -0.000537 1522.0
0.000537 -0.000537 1523.0
0.000537 -0.000537 1524.0
0.000537 -0.000537 1525.0
0.000537 -0.000537 1526.0
0.000537 -0.000537 1527.0
0.000537 -0.000537 1528.0
0.000537 -0.000537 1529.0
0.000537 -0.000537 1530.0
0.000537 -0.000537 1531.0
0.000537 -0.000537 1532.0
0.000537 -0.000537 1533.0
0.000537 -0.000537 1534.0
0.000537 -0.000537 1535.0
0.000537 -0.000537 1536.0
0.000537 -0.000537 1537.0
0.000537 -0.000537 1538.0
0.000537 -0.000537 1539.0
0.000537 -0.000537 1540.0
0.000537 -0.000537 1541.0
0.000537 -0.000537 1542.0
0.000537 -0.000537 1543.0
0.000537 -0.000537 1544.0
0.000537 -0.000537 1545.0
0.000537 -0.000537 1546.0
0.000537 -0.000537 1547.0
0.000537 -0.000537 1548.0
0.000537 -0.000537 1549.0
0.000537 -0.000537 1550.0
0.000537 -0.000537 1551.0
0.000537 -0.000537 1552.0
0.000537 -0.000537 1553.0
0.000537 -0.000537 1554.0
0.000537 -0.000537 1555.0
0.000537 -0.000537 1556.0
0.000537 -0.000537 1557.0
0.000537 -0.000537 1558.0
0.000537 -0.000537 1559.0
0.000537 -0.000537 1560.0
0.000537 -0.000537 1561.0
0.000537 -0.000537 1562.0
0.000537 -0.000537 1563.0
0.000537 -0.000537 1564.0
0.000537 -0.000537 1565.0
0.000537 -0.000537 1566.0
0.000537 -0.000537 1567.0
0.000537 -0.000537 1568.0
0.000537 -0.000537 1569.0
0.000537 -0.000537 1570.0
0.000537 -0.000537 1571.0
0.000537 -0.000537 1572.0
0.000537 -0.000537 1573.0
0.000537 -0.000537 1574.0
0.000537 -0.000537 1575.0
0.000537 -0.000537 1576.0
0.000537 -0.000537 1577.0
0.000537 -0.000537 1578.0
0.000537 -0.000537 1579.0
0.000537 -0.000537 1580.0
0.000537 -0.000537 1581.0
0.000537 -0.000537 1582.0
0.000537 -0.000537 1583.0
0.000537 -0.000537 1584.0
0.000537 -0.000537 1585.0
0.000537 -0.000537 1586.0
0.000537 -0.000537 1587.0
0.000537 -0.000537 1588.0
0.000537 -0.000537 1589.0
0.000537 -0.000537 1590.0
0.000537 -0.000537 1591.0
0.000537 -0.000537 1592.0
0.000537 -0.000537 1593.0
0.000537 -0.000537 1594.0
0.000537 -0.000537 1595.0
0.000537 -0.000537 1596.0
0.000537 -0.000537 1597.0
0.000537 -0.000537 1598.0
0.000537 -0.000537 1599.0
0.000537 -0.000537 1600.0
0.000537 -0.000537 1601.0
0.000537 -0.000537 1602.0
0.000537 -0.000537 1603.0
0.000537 -0.000537 1604.0
0.000537 -0.000537 1605.0
0.000537 -0.000537 1606.0
0.000537 -0.000537 1607.0
0.000537 -0.000537 1608.0
0.000537 -0.000537 1609.0
0.000537 -0.000537 1610.0
0.000537 -0.000537 1611.0
0.000537 -0.000537 1612.0
0.000537 -0.000537 1613.0
0.000537 -0.000537 1614.0
0.000537 -0.000537 1615.0
0.000537 -0.000537 1616.0
0.000537 -0.000537 1617.0
0.000537 -0.000537 1618.0
0.000537 -0.000537 1619.0
0.000537 -0.000537 1620.0
0.000537 -0.000537 1621.0
0.000537 -0.000537 1622.0
0.000537 -0.000537 1623.0
0.000537 -0.000537 1624.0
0.000537 -0.000537 1625.0
0.000537 -0.000537 1626.0
0.000537 -0.000537 1627.0
0.000537 -0.000537 1628.0
0.000537 -0.000537 1629.0
0.000537 -0.000537 1630.0
0.000537 -0.000537 1631.0
0.000537 -0.000537 1632.0
0.000537 -0.000537 1633.0
0.000537 -0.000537 1634.0
0.000537 -0.000537 1635.0
0.000537 -0.000537 1636.0
0.000537 -0.000537 1637.0
0.000537 -0.000537 1638.0
0.000537 -0.000537 1639.0
0.000537 -0.000537 1640.0
0.000537 -0.000537 1641.0
0.000537 -0.000537 1642.0
0.000537 -0.000537 1643.0
0.000537 -0.000537 1644.0
0.000537 -0.000537 1645.0
0.000537 -0.000537 1646.0
0.000537 -0.000537 1647.0
0.000537 -0.000537 1648.0
0.000537 -0.000537 1649.0
0.000537 -0.000537 1650.0
0.000537 -0.000537 1651.0
0.000537 -0.000537 1652.0
0.000537 -0.000537 1653.0
0.000537 -0.000537 1654.0
0.000537 -0.000537 1655.0
0.000537 -0.000537 1656.0
0.000537 -0.000537 1657.0
0.000537 -0.000537 1658.0
0.000537 -0.000537 1659.0
0.000537 -0.000537 1660.0
0.000537 -0.000537 1661.0
0.000537 -0.000537 1662.0
0.000537 -0.000537 1663.0
0.000537 -0.000537 1664.0
0.000537 -0.000537 1665.0
0.000537 -0.000537 1666.0
0.000537 -0.000537 1667.0
0.000537 -0.000537 1668.0
0.000537 -0.000537 1669.0
0.000537 -0.000537 1670.0
0.000537 -0.000537 1671.0
0.000537 -0.000537 1672.0
0.000537 -0.000537 1673.0
0.000537 -0.000537 1674.0
0.000537 -0.000537 1675.0
0.000537 -0.000537 1676.0
0.000537 -0.000537 1677.0
0.000537 -0.000537 1678.0
0.000537 -0.000537 1679.0
0.000537 -0.000537 1680.0
0.000537 -0.000537 1681.0
0.000537 -0.000537 1682.0
0.000537 -0.000537 1683.0
0.000537 -0.000537 1684.0
0.000537 -0.000537 1685.0
0.000537 -0.000537 1686.0
0.000537 -0.000537 1687.0
0.000537 -0.000537 1688.0
0.000537 -0.000537 1689.0
0.000537 -0.000537 1690.0
0.000537 -0.000537 1691.0
0.000537 -0.000537 1692.0
0.000537 -0.000537 1693.0
0.000537 -0.000537 1694.0
0.000537 -0.000537 1695.0
0.000537 -0.000537 1696.0
0.000537 -0.000537 1697.0
0.000537 -0.000537 1698.0
0.000537 -0.000537 1699.0
0.000537 -0.000537 1700.0
0.000537 -0.000537 1701.0
0.000537 -0.000537 1702.0
0.000537 -0.000537 1703.0
0.000537 -0.000537 1704.0
0.000537 -0.000537 1705.0
0.000537 -0.000537 1706.0
0.000537 -0.000537 1707.0
0.000537 -0.000537 1708.0
0.000537 -0.000537 1709.0
0.000537 -0.000537 1710.0
0.000537 -0.000537 1711.0
0.000537 -0.000537 1712.0
0.000537 -0.000537 1713.0
0.000537 -0.000537 1714.0
0.000537 -0.000537 1715.0
0.000537 -0.000537 1716.0
0.000537 -0.000537 1717.0
0.000537 -0.000537 1718.0
0.000537 -0.000537 1719.0
0.000537 -0.000537 1720.0
0.000537 -0.000537 1721.0
0.000537 -0.000537 1722.0
0.000537 -0.000537 1723.0
0.000537 -0.000537 1724.0
0.000537 -0.000537 1725.0
0.000537 -0.000537 1726.0
0.000537 -0.000537 1727.0
0.000537 -0.000537 1728.0
0.000537 -0.000537 1729.0
0.000537 -0.000537 1730.0
0.000537 -0.000537 1731.0
0.000537 -0.000537 1732.0
0.000537 -0.000537 1733.0
0.000537 -0.000537 1734.0
0.000537 -0.000537 1735.0
0.000537 -0.000537 1736.0
0.000537 -0.000537 1737.0
0.000537 -0.000537 1738.0
0.000537 -0.000537 1739.0
0.000537 -0.000537 1740.0
0.000537 -0.000537 1741.0
0.000537 -0.000537 1742.0
0.000537 -0.000537 1743.0
0.000537 -0.000537 1744.0
0.000537 -0.000537 1745.0
0.000537 -0.000537 1746.0
0.000537 -0.000537 1747.0
0.000537 -0.000537 1748.0
0.000537 -0.000537 1749.0
0.000537 -0.000537 1750.0
0.000537 -0.000537 1751.0
0.000537 -0.000537 1752.0
0.000537 -0.000537 1753.0
0.000537 -0.000537 1754.0
0.000537 -0.000537 1755.0
0.000537 -0.000537 1756.0
0.000537 -0.000537 1757.0
0.000537 -0.000537 1758.0
0.000537 -0.000537 1759.0
0.000537 -0.000537 1760.0
0.000537 -0.000537 1761.0
0.000537 -0.000537 1762.0
0.000537 -0.000537 1763.0
0.000537 -0.000537 1764.0
0.000537 -0.000537 1765.0
0.000537 -0.000537 1766.0
0.000537 -0.000537 1767.0
0.000537 -0.000537 1768.0
0.000537 -0.000537 1769.0
0.000537 -0.000537 1770.0
0.000537 -0.000537 1771.0
0.000537 -0.000537 1772.0
0.000537 -0.000537 1773.0
0.000537 -0.000537 1774.0
0.000537 -0.000537 1775.0
0.000537 -0.000537 1776.0
0.000537 -0.000537 1777.0
0.000537 -0.000537 1778.0
0.000537 -0.000537 1779.0
0.000537 -0.000537 1780.0
0.000537 -0.000537 1781.0
0.000537 -0.000537 1782.0
0.000537 -0.000537 1783.0
0.000537 -0.000537 1784.0
0.000537 -0.000537 1785.0
0.000537 -0.000537 1786.0
0.000537 -0.000537 1787.0
0.000537 -0.000537 1788.0
0.000537 -0.000537 1789.0
0.000537 -0.000537 1790.0
0.000537 -0.000537 1791.0
0.000537 -0.000537 1792.0
0.000537 -0.000537 1793.0
0.000537 -0.000537 1794.0
0.000537 -0.000537 1795.0
0.000537 -0.000537 1796.0
0.000537 -0.000537 1797.0
0.000537 -0.000537 1798.0
0.000537 -0.000537 1799.0
0.000537 -0.000537 1800.0
0.000537 -0.000537 1801.0
0.000537 -0.000537 1802.0
0.000537 -0.000537 1803.0
0.000537 -0.000537 1804.0
0.000537 -0.000537 1805.0
0.000537 -0.000537 1806.0
0.000537 -0.000537 1807.0
0.000537 -0.000537 1808.0
0.000537 -0.000537 1809.0
0.000537 -0.000537 1810.0
0.000537 -0.000537 1811.0
0.000537 -0.000537 1812.0
0.000537 -0.000537 1813.0
0.000537 -0.000537 1814.0
0.000537 -0.000537 1815.0
0.000537 -0.000537 1816.0
0.000537 -0.000537 1817.0
0.000537 -0.000537 1818.0
0.000537 -0.000537 1819.0
0.000537 -0.000537 1820.0
0.000537 -0.000537 1821.0
0.000537 -0.000537 1822.0
0.000538 -0.000537 1823.0
0.000538 -0.000537 1824.0
0.000538 -0.000537 1825.0
0.000538 -0.000537 1826.0
0.000538 -0.000537 1827.0
0.000538 -0.000537 1828.0
0.000538 -0.000537 1829.0
0.000538 -0.000537 1830.0
0.000538 -0.000537 1831.0
0.000538 -0.000537 1832.0
0.000538 -0.000537 1833.0
0.000538 -0.000537 1834.0
0.000538 -0.000537 1835.0
0.000538 -0.000537 1836.0
0.000538 -0.000537 1837.0
0.000538 -0.000537 1838.0
0.000538 -0.000537 1839.0
0.000538 -0.000537 1840.0
0.000538 -0.000537 1841.0
0.000538 -0.000537 1842.0
0.000538 -0.000537 1843.0
0.000538 -0.000537 1844.0
0.000538 -0.000537 1845.0
0.000538 -0.000537 1846.0
0.000538 -0.000537 1847.0
0.000538 -0.000537 1848.0
0.000538 -0.000537 1849.0
0.000538 -0.000537 1850.0
0.000538 -0.000537 1851.0
0.000538 -0.000537 1852.0
0.000538 -0.000537 1853.0
0.000538 -0.000537 1854.0
0.000538 -0.000537 1855.0
0.000538 -0.000537 1856.0
0.000538 -0.000537 1857.0
0.000538 -0.000537 1858.0
0.000538 -0.000537 1859.0
0.000538 -0.000537 1860.0
0.000538 -0.000537 1861.0
0.000538 -0.000537 1862.0
0.000538 -0.000537 1863.0
0.000538 -0.000537 1864.0
0.000538 -0.000537 1865.0
0.000538 -0.000537 1866.0
0.000538 -0.000537 1867.0
0.000538 -0.000537 1868.0
0.000538 -0.000537 1869.0
0.000538 -0.000537 1870.0
0.000538 -0.000537 1871.0
0.000538 -0.000537 1872.0
0.000538 -0.000537 1873.0
0.000538 -0.000537 1874.0
0.000538 -0.000537 1875.0
0.000538 -0.000537 1876.0
0.000538 -0.000537 1877.0
0.000538 -0.000537 1878.0
0.000538 -0.000537 1879.0
0.000538 -0.000537 1880.0
0.000538 -0.000537 1881.0
0.000538 -0.000537 1882.0
0.000538 -0.000537 1883.0
0.000538 -0.000537 1884.0
0.000538 -0.000537 1885.0
0.000538 -0.000537 1886.0
0.000538 -0.000537 1887.0
0.000538 -0.000537 1888.0
0.000538 -0.000537 1889.0
0.000538 -0.000537 1890.0
0.000538 -0.000537 1891.0
0.000538 -0.000537 1892.0
0.000538 -0.000537 1893.0
0.000538 -0.000537 1894.0
0.000538 -0.000537 1895.0
0.000538 -0.000537 1896.0
0.000538 -0.000537 1897.0
0.000538 -0.000537 1898.0
0.000538 -0.000537 1899.0
0.000538 -0.000537 1900.0
0.000538 -0.000537 1901.0
0.000538 -0.000537 1902.0
0.000538 -0.000537 1903.0
0.000538 -0.000537 1904.0
0.000538 -0.000537 1905.0
0.000538 -0.000537 1906.0
0.000538 -0.000537 1907.0
0.000538 -0.000537 1908.0
0.000538 -0.000537 1909.0
0.000538 -0.000537 1910.0
0.000538 -0.000537 1911.0
0.000538 -0.000537 1912.0
0.000538 -0.000537 1913.0
0.000538 -0.000537 1914.0
0.000538 -0.000537 1915.0
0.000538 -0.000537 1916.0
0.000538 -0.000537 1917.0
0.000538 -0.000537 1918.0
0.000538 -0.000537 1919.0
0.000538 -0.000537 1920.0
0.000538 -0.000537 1921.0
0.000538 -0.000537 1922.0
0.000538 -0.000537 1923.0
0.000538 -0.000537 1924.0
0.000538 -0.000537 1925.0
0.000538 -0.000537 1926.0
0.000538 -0.000537 1927.0
0.000538 -0.000537 1928.0
0.000538 -0.000537 1929.0
0.000538 -0.000537 1930.0
0.000538 -0.000537 1931.0
0.000538 -0.000537 1932.0
0.000538 -0.000537 1933.0
0.000538 -0.000537 1934.0
0.000538 -0.000537 1935.0
0.000538 -0.000537 1936.0
0.000538 -0.000537 1937.0
0.000538 -0.000537 1938.0
0.000538 -0.000537 1939.0
0.000538 -0.000537 1940.0
0.000538 -0.000537 1941.0
0.000538 -0.000537 1942.0
0.000538 -0.000537 1943.0
0.000538 -0.000537 1944.0
0.000538 -0.000537 1945.0
0.000538 -0.000537 1946.0
0.000538 -0.000537 1947.0
0.000538 -0.000537 1948.0
0.000538 -0.000537 1949.0
0.000538 -0.000537 1950.0
0.000538 -0.000537 1951.0
0.000538 -0.000537 1952.0
0.000538 -0.000537 1953.0
0.000538 -0.000537 1954.0
0.000538 -0.000537 1955.0
0.000538 -0.000537 1956.0
0.000538 -0.000537 1957.0
0.000538 -0.000537 1958.0
0.000538 -0.000537 1959.0
0.000538 -0.000537 1960.0
0.000538 -0.000537 1961.0
0.000538 -0.000537 1962.0
0.000538 -0.000537 1963.0
0.000538 -0.000537 1964.0
0.000538 -0.000537 1965.0
0.000538 -0.000537 1966.0
0.000538 -0.000537 1967.0
0.000538 -0.000537 1968.0
0.000538 -0.000537 1969.0
0.000538 -0.000537 1970.0
0.000538 -0.000537 1971.0
0.000538 -0.000537 1972.0
0.000538 -0.000537 1973.0
0.000538 -0.000537 1974.0
0.000538 -0.000537 1975.0
0.000538 -0.000537 1976.0
0.000538 -0.000537 1977.0
0.000538 -0.000537 1978.0
0.000538 -0.000537 1979.0
0.000538 -0.000537 1980.0
0.000538 -0.000537 1981.0
0.000538 -0.000537 1982.0
0.000538 -0.000537 1983.0
0.000538 -0.000537 1984.0
0.000538 -0.000537 1985.0
0.000538 -0.000537 1986.0
0.000538 -0.000537 1987.0
0.000538 -0.000537 1988.0
0.000538 -0.000537 1989.0
0.000538 -0.000537 1990.0
0.000538 -0.000537 1991.0
0.000538 -0.000537 1992.0
0.000538 -0.000537 1993.0
0.000538 -0.000537 1994.0
0.000538 -0.000537 1995.0
0.000538 -0.000537 1996.0
0.000538 -0.000537 1997.0
0.000538 -0.000537 1998.0
0.000538 -0.000537 1999.0
0.000538 -0.000537 2000.0
0.000538 -0.000537 2001.0
0.000538 -0.000537 2002.0
0.000538 -0.000537 2003.0
0.000538 -0.000537 2004.0
0.000538 -0.000537 2005.0
0.000538 -0.000537 2006.0
0.000538 -0.000537 2007.0
0.000538 -0.000537 2008.0
0.000538 -0.000537 2009.0
0.000538 -0.000537 2010.0
0.000538 -0.000537 2011.0
0.000538 -0.000537 2012.0
0.000538 -0.000537 2013.0
0.000538 -0.000537 2014.0
0.000538 -0.000537 2015.0
0.000538 -0.000537 2016.0
0.000538 -0.000537 2017.0
0.000538 -0.000537 2018.0
0.000538 -0.000537 2019.0
0.000538 -0.000537 2020.0
0.000538 -0.000537 2021.0
0.000538 -0.000537 2022.0
0.000538 -0.000537 2023.0
0.000538 -0.000537 2024.0
0.000538 -0.000537 2025.0
0.000538 -0.000537 2026.0
0.000538 -0.000537 2027.0
0.000538 -0.000537 2028.0
0.000538 -0.000537 2029.0
0.000538 -0.000537 2030.0
0.000538 -0.000537 2031.0
0.000538 -0.000537 2032.0
0.000538 -0.000537 2033.0
0.000538 -0.000537 2034.0
0.000538 -0.000537 2035.0
0.000538 -0.000537 2036.0
0.000538 -0.000537 2037.0
0.000538 -0.000537 2038.0
0.000538 -0.000537 2039.0
0.000538 -0.000537 2040.0
0.000538 -0.000537 2041.0
0.000538 -0.000537 2042.0
0.000538 -0.000537 2043.0
0.000538 -0.000537 2044.0
0.000538 -0.000537 2045.0
0.000538 -0.000537 2046.0
0.000538 -0.000537 2047.0
0.000538 -0.000537 2048.0
0.000538 -0.000537 2049.0
0.000538 -0.000537 2050.0
0.000538 -0.000537 2051.0
0.000538 -0.000537 2052.0
0.000538 -0.000537 2053.0
0.000538 -0.000537 2054.0
0.000538 -0.000537 2055.0
0.000538 -0.000537 2056.0
0.000538 -0.000537 2057.0
0.000538 -0.000537 2058.0
0.000538 -0.000537 2059.0
0.000538 -0.000537 2060.0
0.000538 -0.000537 2061.0
0.000538 -0.000537 2062.0
0.000538 -0.000537 2063.0
0.000538 -0.000537 2064.0
0.000538 -0.000537 2065.0
0.000538 -0.000537 2066.0
0.000538 -0.000537 2067.0
0.000538 -0.000537 2068.0
0.000538 -0.000537 2069.0
0.000538 -0.000537 2070.0
0.000538 -0.000537 2071.0
0.000538 -0.000537 2072.0
0.000538 -0.000537 2073.0
0.000538 -0.000537 2074.0
0.000538 -0.000537 2075.0
0.000538 -0.000537 2076.0
0.000538 -0.000537 2077.0
0.000538 -0.000537 2078.0
0.000538 -0.000537 2079.0
0.000538 -0.000537 2080.0
0.000538 -0.000537 2081.0
0.000538 -0.000537 2082.0
0.000538 -0.000537 2083.0
0.000538 -0.000537 2084.0
0.000538 -0.000537 2085.0
0.000538 -0.000537 2086.0
0.000538 -0.000537 2087.0
0.000538 -0.000537 2088.0
0.000538 -0.000537 2089.0
0.000538 -0.000537 2090.0
0.000538 -0.000537 2091.0
0.000538 -0.000537 2092.0
0.000538 -0.000537 2093.0
0.000538 -0.000537 2094.0
0.000538 -0.000537 2095.0
0.000538 -0.000537 2096.0
0.000538 -0.000537 2097.0
0.000538 -0.000537 2098.0
0.000538 -0.000537 2099.0
0.000538 -0.000537 2100.0
0.000538 -0.000537 2101.0
0.000538 -0.000537 2102.0
0.000538 -0.000537 2103.0
0.000538 -0.000537 2104.0
0.000538 -0.000537 2105.0
0.000538 -0.000537 2106.0
0.000538 -0.000537 2107.0
0.000538 -0.000537 2108.0
0.000538 -0.000537 2109.0
0.000538 -0.000537 2110.0
0.000538 -0.000537 2111.0
0.000538 -0.000537 2112.0
0.000538 -0.000537 2113.0
0.000538 -0.000537 2114.0
0.000538 -0.000537 2115.0
0.000538 -0.000537 2116.0
0.000538 -0.000537 2117.0
0.000538 -0.000537 2118.0
0.000538 -0.000537 2119.0
0.000538 -0.000537 2120.0
0.000538 -0.000537 2121.0
0.000538 -0.000537 2122.0
0.000538 -0.000537 2123.0
0.000538 -0.000537 2124.0
0.000538 -0.000537 2125.0
0.000538 -0.000537 2126.0
0.000538 -0.000537 2127.0
0.000538 -0.000537 2128.0
0.000538 -0.000537 2129.0
0.000538 -0.000537 2130.0
0.000538 -0.000537 2131.0
0.000538 -0.000537 2132.0
0.000538 -0.000537 2133.0
0.000538 -0.000537 2134.0
0.000538 -0.000537 2135.0
0.000538 -0.000537 2136.0
0.000538 -0.000537 2137.0
0.000538 -0.000537 2138.0
0.000538 -0.000537 2139.0
0.000538 -0.000537 2140.0
0.000538 -0.000537 2141.0
0.000538 -0.000537 2142.0
0.000538 -0.000537 2143.0
0.000538 -0.000537 2144.0
0.000538 -0.000537 2145.0
0.000538 -0.000537 2146.0
0.000538 -0.000537 2147.0
0.000538 -0.000537 2148.0
0.000538 -0.000537 2149.0
0.000538 -0.000537 2150.0
0.000538 -0.000537 2151.0
0.000538 -0.000537 2152.0
0.000538 -0.000537 2153.0
0.000538 -0.000537 2154.0
0.000538 -0.000537 2155.0
0.000538 -0.000537 2156.0
0.000538 -0.000537 2157.0
0.000538 -0.000537 2158.0
0.000538 -0.000537 2159.0
0.000538 -0.000537 2160.0
0.000538 -0.000537 2161.0
0.000538 -0.000537 2162.0
0.000538 -0.000537 2163.0
0.000538 -0.000537 2164.0
0.000538 -0.000537 2165.0
0.000538 -0.000537 2166.0
0.000538 -0.000537 2167.0
0.000538 -0.000537 2168.0
0.000538 -0.000537 2169.0
0.000538 -0.000537 2170.0
0.000538 -0.000537 2171.0
0.000538 -0.000537 2172.0
0.000538 -0.000537 2173.0
0.000538 -0.000537 2174.0
0.000538 -0.000537 2175.0
0.000538 -0.000537 2176.0
0.000538 -0.000537 2177.0
0.000538 -0.000537 2178.0
0.000538 -0.000537 2179.0
0.000538 -0.000537 2180.0
0.000538 -0.000537 2181.0
0.000538 -0.000537 2182.0
0.000538 -0.000537 2183.0
0.000538 -0.000537 2184.0
0.000538 -0.000537 2185.0
0.000538 -0.000537 2186.0
0.000538 -0.000537 2187.0
0.000538 -0.000537 2188.0
0.000538 -0.000537 2189.0
0.000538 -0.000537 2190.0
0.000538 -0.000537 2191.0
0.000538 -0.000537 2192.0
0.000538 -0.000537 2193.0
0.000538 -0.000537 2194.0
0.000538 -0.000537 2195.0
0.000538 -0.000537 2196.0
0.000538 -0.000537 2197.0
0.000538 -0.000537 2198.0
0.000538 -0.000537 2199.0
0.000538 -0.000537 2200.0
0.000538 -0.000537 2201.0
0.000538 -0.000537 2202.0
0.000538 -0.000537 2203.0
0.000538 -0.000537 2204.0
0.000538 -0.000537 2205.0
0.000538 -0.000537 2206.0
0.000538 -0.000537 2207.0
0.000538 -0.000537 2208.0
0.000538 -0.000537 2209.0
0.000538 -0.000537 2210.0
0.000538 -0.000537 2211.0
0.000538 -0.000537 2212.0
0.000538 -0.000537 2213.0
0.000538 -0.000537 2214.0
0.000538 -0.000537 2215.0
0.000538 -0.000537 2216.0
0.000538 -0.000537 2217.0
0.000538 -0.000537 2218.0
0.000538 -0.000537 2219.0
0.000538 -0.000537 2220.0
0.000538 -0.000537 2221.0
0.000538 -0.000537 2222.0
0.000538 -0.000537 2223.0
0.000538 -0.000537 2224.0
0.000538 -0.000537 2225.0
0.000538 -0.000537 2226.0
0.000538 -0.000537 2227.0
0.000538 -0.000537 2228.0
0.000538 -0.000537 2229.0
0.000538 -0.000537 2230.0
0.000538 -0.000537 2231.0
0.000538 -0.000537 2232.0
0.000538 -0.000537 2233.0
0.000538 -0.000537 2234.0
0.000538 -0.000537 2235.0
0.000538 -0.000537 2236.0
0.000538 -0.000537 2237.0
0.000538 -0.000537 2238.0
0.000538 -0.000537 2239.0
0.000538 -0.000537 2240.0
0.000538 -0.000537 2241.0
0.000538 -0.000537 2242.0
0.000538 -0.000537 2243.0
0.000538 -0.000537 2244.0
0.000538 -0.000537 2245.0
0.000538 -0.000537 2246.0
0.000538 -0.000537 2247.0
0.000538 -0.000537 2248.0
0.000538 -0.000537 2249.0
0.000538 -0.000537 2250.0
0.000538 -0.000537 2251.0
0.000538 -0.000537 2252.0
0.000538 -0.000537 2253.0
0.000538 -0.000537 2254.0
0.000538 -0.000537 2255.0
0.000538 -0.000537 2256.0
0.000538 -0.000537 2257.0
0.000538 -0.000537 2258.0
0.000538 -0.000537 2259.0
0.000538 -0.000537 2260.0
0.000538 -0.000537 2261.0
0.000538 -0.000537 2262.0
0.000538 -0.000537 2263.0
0.000538 -0.000537 2264.0
0.000538 -0.000537 2265.0
0.000538 -0.000537 2266.0
0.000538 -0.000537 2267.0
0.000538 -0.000537 2268.0
0.000538 -0.000537 2269.0
0.000538 -0.000537 2270.0
0.000538 -0.000537 2271.0
0.000538 -0.000537 2272.0
0.000538 -0.000537 2273.0
0.000538 -0.000537 2274.0
0.000538 -0.000537 2275.0
0.000538 -0.000537 2276.0
0.000538 -0.000537 2277.0
0.000538 -0.000537 2278.0
0.000538 -0.000537 2279.0
0.000538 -0.000537 2280.0
0.000538 -0.000537 2281.0
0.000538 -0.000537 2282.0
0.000538 -0.000537 2283.0
0.000538 -0.000537 2284.0
0.000538 -0.000537 2285.0
0.000538 -0.000537 2286.0
0.000538 -0.000537 2287.0
0.000538 -0.000537 2288.0
0.000538 -0.000537 2289.0
0.000538 -0.000537 2290.0
0.000538 -0.000537 2291.0
0.000538 -0.000537 2292.0
0.000538 -0.000537 2293.0
0.000538 -0.000537 2294.0
0.000538 -0.000537 2295.0
0.000538 -0.000537 2296.0
0.000538 -0.000537 2297.0
0.000538 -0.000537 2298.0
0.000538 -0.000537 2299.0
0.000538 -0.000537 2300.0
0.000538 -0.000537 2301.0
0.000538 -0.000537 2302.0
0.000538 -0.000537 2303.0
0.000538 -0.000537 2304.0
0.000538 -0.000537 2305.0
0.000538 -0.000537 2306.0
0.000538 -0.000537 2307.0
0.000538 -0.000537 2308.0
0.000538 -0.000537 2309.0
0.000538 -0.000537 2310.0
0.000538 -0.000537 2311.0
0.000538 -0.000537 2312.0
0.000538 -0.000537 2313.0
0.000538 -0.000537 2314.0
0.000538 -0.000537 2315.0
0.000538 -0.000537 2316.0
0.000538 -0.000537 2317.0
0.000538 -0.000537 2318.0
0.000538 -0.000537 2319.0
0.000538 -0.000537 2320.0
0.000538 -0.000537 2321.0
0.000538 -0.000537 2322.0
0.000538 -0.000537 2323.0
0.000538 -0.000537 2324.0
0.000538 -0.000537 2325.0
0.000538 -0.000537 2326.0
0.000538 -0.000537 2327.0
0.000538 -0.000537 2328.0
0.000538 -0.000537 2329.0
0.000538 -0.000537 2330.0
0.000538 -0.000537 2331.0
0.000538 -0.000537 2332.0
0.000538 -0.000537 2333.0
0.000538 -0.000537 2334.0
0.000538 -0.000537 2335.0
0.000538 -0.000537 2336.0
0.000538 -0.000537 2337.0
0.000538 -0.000537 2338.0
0.000538 -0.000537 2339.0
0.000538 -0.000537 2340.0
0.000538 -0.000537 2341.0
0.000538 -0.000537 2342.0
0.000538 -0.000537 2343.0
0.000538 -0.000537 2344.0
0.000538 -0.000537 2345.0
0.000538 -0.000537 2346.0
0.000538 -0.000537 2347.0
0.000538 -0.000537 2348.0
0.000538 -0.000537 2349.0
0.000538 -0.000537 2350.0
0.000538 -0.000537 2351.0
0.000538 -0.000537 2352.0
0.000538 -0.000537 2353.0
0.000538 -0.000537 2354.0
0.000538 -0.000537 2355.0
0.000538 -0.000537 2356.0
0.000538 -0.000537 2357.0
0.000538 -0.000537 2358.0
0.000538 -0.000537 2359.0
0.000538 -0.000537 2360.0
0.000538 -0.000537 2361.0
0.000538 -0.000537 2362.0
0.000538 -0.000537 2363.0
0.000538 -0.000537 2364.0
0.000538 -0.000537 2365.0
0.000538 -0.000537 2366.0
0.000538 -0.000537 2367.0
0.000538 -0.000537 2368.0
0.000538 -0.000537 2369.0
0.000538 -0.000537 2370.0
0.000538 -0.000537 2371.0
0.000538 -0.000537 2372.0
0.000538 -0.000537 2373.0
0.000538 -0.000537 2374.0
0.000538 -0.000537 2375.0
0.000538 -0.000537 2376.0
0.000538 -0.000537 2377.0
0.000538 -0.000537 2378.0
0.000538 -0.000537 2379.0
0.000538 -0.000537 2380.0
0.000538 -0.000537 2381.0
0.000538 -0.000537 2382.0
0.000538 -0.000537 2383.0
0.000538 -0.000537 2384.0
0.000538 -0.000537 2385.0
0.000538 -0.000537 2386.0
0.000538 -0.000537 2387.0
0.000538 -0.000537 2388.0
0.000538 -0.000537 2389.0
0.000538 -0.000537 2390.0
0.000538 -0.000537 2391.0
0.000538 -0.000537 2392.0
0.000538 -0.000537 2393.0
0.000538 -0.000537 2394.0
0.000538 -0.000537 2395.0
0.000538 -0.000537 2396.0
0.000538 -0.000537 2397.0
0.000538 -0.000537 2398.0
0.000538 -0.000537 2399.0
0.000538 -0.000537 2400.0
0.000538 -0.000537 2401.0
0.000538 -0.000537 2402.0
0.000538 -0.000537 2403.0
0.000538 -0.000537 2404.0
0.000538 -0.000537 2405.0
0.000538 -0.000537 2406.0
0.000538 -0.000537 2407.0
0.000538 -0.000537 2408.0
0.000538 -0.000537 2409.0
0.000538 -0.000537 2410.0
0.000538 -0.000537 2411.0
0.000538 -0.000537 2412.0
0.000538 -0.000537 2413.0
0.000538 -0.000537 2414.0
0.000538 -0.000537 2415.0
0.000538 -0.000537 2416.0
0.000538 -0.000537 2417.0
0.000538 -0.000537 2418.0
0.000538 -0.000537 2419.0
0.000538 -0.000537 2420.0
0.000538 -0.000537 2421.0
0.000538 -0.000537 2422.0
0.000538 -0.000537 2423.0
0.000538 -0.000537 2424.0
0.000538 -0.000537 2425.0
0.000538 -0.000537 2426.0
0.000538 -0.000537 2427.0
0.000538 -0.000537 2428.0
0.000538 -0.000537 2429.0
0.000538 -0.000537 2430.0
0.000538 -0.000537 2431.0
0.000538 -0.000537 2432.0
0.000538 -0.000537 2433.0
0.000538 -0.000537 2434.0
0.000538 -0.000537 2435.0
0.000538 -0.000537 2436.0
0.000538 -0.000537 2437.0
0.000538 -0.000537 2438.0
0.000538 -0.000537 2439.0
0.000538 -0.000537 2440.0
0.000538 -0.000537 2441.0
0.000538 -0.000537 2442.0
0.000538 -0.000537 2443.0
0.000538 -0.000537 2444.0
0.000538 -0.000537 2445.0
0.000538 -0.000537 2446.0
0.000538 -0.000537 2447.0
0.000538 -0.000537 2448.0
0.000538 -0.000537 2449.0
0.000538 -0.000537 2450.0
0.000538 -0.000537 2451.0
0.000538 -0.000537 2452.0
0.000538 -0.000537 2453.0
0.000538 -0.000537 2454.0
0.000538 -0.000537 2455.0
0.000538 -0.000537 2456.0
0.000538 -0.000537 2457.0
0.000538 -0.000537 2458.0
0.000538 -0.000537 2459.0
0.000538 -0.000537 2460.0
0.000538 -0.000537 2461.0
0.000538 -0.000537 2462.0
0.000538 -0.000537 2463.0
0.000538 -0.000537 2464.0
0.000538 -0.000537 2465.0
0.000538 -0.000537 2466.0
0.000538 -0.000537 2467.0
0.000538 -0.000537 2468.0
0.000538 -0.000537 2469.0
0.000538 -0.000537 2470.0
0.000538 -0.000537 2471.0
0.000538 -0.000537 2472.0
0.000538 -0.000537 2473.0
0.000538 -0.000537 2474.0
0.000538 -0.000537 2475.0
0.000538 -0.000537 2476.0
0.000538 -0.000537 2477.0
0.000538 -0.000537 2478.0
0.000538 -0.000537 2479.0
0.000538 -0.000537 2480.0
0.000538 -0.000537 2481.0
0.000538 -0.000537 2482.0
0.000538 -0.000537 2483.0
0.000538 -0.000537 2484.0
0.000538 -0.000537 2485.0
0.000538 -0.000537 2486.0
0.000538 -0.000537 2487.0
0.000538 -0.000537 2488.0
0.000538 -0.000537 2489.0
0.000538 -0.000537 2490.0
0.000538 -0.000537 2491.0
0.000538 -0.000537 2492.0
0.000538 -0.000537 2493.0
0.000538 -0.000537 2494.0
0.000538 -0.000537 2495.0
0.000538 -0.000537 2496.0
0.000538 -0.000537 2497.0
0.000538 -0.000537 2498.0
0.000538 -0.000537 2499.0
0.000538 -0.000537 2500.0
0.000538 -0.000537 2501.0
0.000538 -0.000537 2502.0
0.000538 -0.000537 2503.0
0.000538 -0.000537 2504.0
0.000538 -0.000537 2505.0
0.000538 -0.000537 2506.0
0.000538 -0.000537 2507.0
0.000538 -0.000537 2508.0
0.000538 -0.000537 2509.0
0.000538 -0.000537 2510.0
0.000538 -0.000537 2511.0
0.000538 -0.000537 2512.0
0.000538 -0.000537 2513.0
0.000538 -0.000537 2514.0
0.000538 -0.000537 2515.0
0.000538 -0.000537 2516.0
0.000538 -0.000537 2517.0
0.000538 -0.000537 2518.0
0.000538 -0.000537 2519.0
0.000538 -0.000537 2520.0
0.000538 -0.000538 2521.0
0.000538 -0.000538 2522.0
0.000538 -0.000538 2523.0
0.000538 -0.000538 2524.0
0.000538 -0.000538 2525.0
0.000538 -0.000538 2526.0
0.000538 -0.000538 2527.0
0.000538 -0.000538 2528.0
0.000538 -0.000538 2529.0
0.000538 -0.000538 2530.0
0.000538 -0.000538 2531.0
0.000538 -0.000538 2532.0
0.000538 -0.000538 2533.0
0.000538 -0.000538 2534.0
0.000538 -0.000538 2535.0
0.000538 -0.000538 2536.0
0.000538 -0.000538 2537.0
0.000538 -0.000538 2538.0
0.000538 -0.000538 2539.0
0.000538 -0.000538 2540.0
0.000538 -0.000538 2541.0
0.000538 -0.000538 2542.0
0.000538 -0.000538 2543.0
0.000538 -0.000538 2544.0
0.000538 -0.000538 2545.0
0.000538 -0.000538 2546.0
0.000538 -0.000538 2547.0
0.000538 -0.000538 2548.0
0.000538 -0.000538 2549.0
0.000538 -0.000538 2550.0
0.000538 -0.000538 2551.0
0.000538 -0.000538 2552.0
0.000538 -0.000538 2553.0
0.000538 -0.000538 2554.0
0.000538 -0.000538 2555.0
0.000538 -0.000538 2556.0
0.000538 -0.000538 2557.0
0.000538 -0.000538 2558.0
0.000538 -0.000538 2559.0
0.000538 -0.000538 2560.0
0.000538 -0.000538 2561.0
0.000538 -0.000538 2562.0
0.000538 -0.000538 2563.0
0.000538 -0.000538 2564.0
0.000538 -0.000538 2565.0
0.000538 -0.000538 2566.0
0.000538 -0.000538 2567.0
0.000538 -0.000538 2568.0
0.000538 -0.000538 2569.0
0.000538 -0.000538 2570.0
0.000538 -0.000538 2571.0
0.000538 -0.000538 2572.0
0.000538 -0.000538 2573.0
0.000538 -0.000538 2574.0
0.000538 -0.000538 2575.0
0.000538 -0.000538 2576.0
0.000538 -0.000538 2577.0
0.000538 -0.000538 2578.0
0.000538 -0.000538 2579.0
0.000538 -0.000538 2580.0
0.000538 -0.000538 2581.0
0.000538 -0.000538 2582.0
0.000538 -0.000538 2583.0
0.000538 -0.000538 2584.0
0.000538 -0.000538 2585.0
0.000538 -0.000538 2586.0
0.000538 -0.000538 2587.0
0.000538 -0.000538 2588.0
0.000538 -0.000538 2589.0
0.000538 -0.000538 2590.0
0.000538 -0.000538 2591.0
0.000538 -0.000538 2592.0
0.000538 -0.000538 2593.0
0.000538 -0.000538 2594.0
0.000538 -0.000538 2595.0
0.000538 -0.000538 2596.0
0.000538 -0.000538 2597.0
0.000538 -0.000538 2598.0
0.000538 -0.000538 2599.0
0.000538 -0.000538 2600.0
0.000538 -0.000538 2601.0
0.000538 -0.000538 2602.0
0.000538 -0.000538 2603.0
0.000538 -0.000538 2604.0
0.000538 -0.000537 2605.0
0.000538 -0.000537 2606.0
0.000538 -0.000537 2607.0
0.000538 -0.000537 2608.0
0.000538 -0.000537 2609.0
0.000538 -0.000537 2610.0
0.000538 -0.000537 2611.0
0.000538 -0.000537 2612.0
0.000538 -0.000537 2613.0
0.000538 -0.000537 2614.0
0.000538 -0.000537 2615.0
0.000538 -0.000537 2616.0
0.000538 -0.000537 2617.0
0.000538 -0.000537 2618.0
0.000538 -0.000537 2619.0
0.000538 -0.000537 2620.0
0.000538 -0.000537 2621.0
0.000538 -0.000537 2622.0
0.000538 -0.000537 2623.0
0.000538 -0.000537 2624.0
0.000538 -0.000537 2625.0
0.000538 -0.000537 2626.0
0.000538 -0.000537 2627.0
0.000538 -0.000537 2628.0
0.000538 -0.000537 2629.0
0.000538 -0.000537 2630.0
0.000538 -0.000537 2631.0
0.000538 -0.000537 2632.0
0.000538 -0.000537 2633.0
0.000538 -0.000537 2634.0
0.000538 -0.000537 2635.0
0.000538 -0.000537 2636.0
0.000538 -0.000537 2637.0
0.000538 -0.000537 2638.0
0.000538 -0.000537 2639.0
0.000538 -0.000537 2640.0
0.000538 -0.000537 2641.0
0.000538 -0.000537 2642.0
0.000538 -0.000537 2643.0
0.000538 -0.000537 2644.0
0.000538 -0.000537 2645.0
0.000538 -0.000537 2646.0
0.000538 -0.000537 2647.0
0.000538 -0.000537 2648.0
0.000538 -0.000537 2649.0
0.000538 -0.000537 2650.0
0.000538 -0.000537 2651.0
0.000538 -0.000537 2652.0
0.000538 -0.000537 2653.0
0.000538 -0.000537 2654.0
0.000538 -0.000537 2655.0
0.000538 -0.000537 2656.0
0.000538 -0.000537 2657.0
0.000538 -0.000537 2658.0
0.000538 -0.000537 2659.0
0.000538 -0.000537 2660.0
0.000538 -0.000537 2661.0
0.000538 -0.000537 2662.0
0.000538 -0.000537 2663.0
0.000538 -0.000537 2664.0
0.000538 -0.000537 2665.0
0.000538 -0.000537 2666.0
0.000538 -0.000537 2667.0
0.000538 -0.000537 2668.0
0.000538 -0.000537 2669.0
0.000538 -0.000537 2670.0
0.000538 -0.000537 2671.0
0.000538 -0.000537 2672.0
0.000538 -0.000537 2673.0
0.000538 -0.000537 2674.0
0.000538 -0.000537 2675.0
0.000538 -0.000537 2676.0
0.000538 -0.000537 2677.0
0.000538 -0.000537 2678.0
0.000538 -0.000537 2679.0
0.000538 -0.000537 2680.0
0.000538 -0.000537 2681.0
0.000538 -0.000537 2682.0
0.000538 -0.000537 2683.0
0.000538 -0.000537 2684.0
0.000538 -0.000537 2685.0
0.000538 -0.000537 2686.0
0.000538 -0.000537 2687.0
0.000538 -0.000537 2688.0
0.000538 -0.000537 2689.0
0.000538 -0.000537 2690.0
0.000538 -0.000537 2691.0
0.000538 -0.000537 2692.0
0.000538 -0.000537 2693.0
0.000538 -0.000537 2694.0
0.000538 -0.000537 2695.0
0.000538 -0.000537 2696.0
0.000538 -0.000537 2697.0
0.000538 -0.000537 2698.0
0.000538 -0.000537 2699.0
0.000538 -0.000537 2700.0
0.000538 -0.000537 2701.0
0.000538 -0.000537 2702.0
0.000538 -0.000537 2703.0
0.000538 -0.000538 2704.0
0.000538 -0.000538 2705.0
0.000538 -0.000538 2706.0
0.000538 -0.000538 2707.0
0.000538 -0.000538 2708.0
0.000538 -0.000538 2709.0
0.000538 -0.000538 2710.0
0.000538 -0.000538 2711.0
0.000538 -0.000538 2712.0
0.000538 -0.000538 2713.0
0.000538 -0.000538 2714.0
0.000538 -0.000538 2715.0
0.000538 -0.000538 2716.0
0.000538 -0.000538 2717.0
0.000538 -0.000538 2718.0
0.000538 -0.000538 2719.0
0.000538 -0.000538 2720.0
0.000538 -0.000538 2721.0
0.000538 -0.000538 2722.0
0.000538 -0.000538 2723.0
0.000538 -0.000538 2724.0
0.000538 -0.000538 2725.0
0.000538 -0.000538 2726.0
0.000538 -0.000538 2727.0
0.000538 -0.000538 2728.0
0.000538 -0.000538 2729.0
0.000538 -0.000538 2730.0
0.000538 -0.000538 2731.0
0.000538 -0.000538 2732.0
0.000538 -0.000538 2733.0
0.000538 -0.000538 2734.0
0.000538 -0.000538 2735.0
0.000538 -0.000538 2736.0
0.000538 -0.000538 2737.0
0.000538 -0.000538 2738.0
0.000538 -0.000538 2739.0
0.000538 -0.000538 2740.0
0.000538 -0.000538 2741.0
0.000538 -0.000538 2742.0
0.000538 -0.000538 2743.0
0.000538 -0.000538 2744.0
0.000538 -0.000538 2745.0
0.000538 -0.000538 2746.0
0.000538 -0.000538 2747.0
0.000538 -0.000538 2748.0
0.000538 -0.000538 2749.0
0.000538 -0.000538 2750.0
0.000538 -0.000538 2751.0
0.000538 -0.000538 2752.0
0.000538 -0.000538 2753.0
0.000538 -0.000538 2754.0
0.000538 -0.000538 2755.0
0.000538 -0.000538 2756.0
0.000538 -0.000538 2757.0
0.000538 -0.000538 2758.0
0.000538 -0.000538 2759.0
0.000538 -0.000538 2760.0
0.000538 -0.000538 2761.0
0.000538 -0.000538 2762.0
0.000538 -0.000538 2763.0
0.000538 -0.000538 2764.0
0.000538 -0.000538 2765.0
0.000538 -0.000538 2766.0
0.000538 -0.000538 2767.0
0.000538 -0.000538 2768.0
0.000538 -0.000538 2769.0
0.000538 -0.000538 2770.0
0.000538 -0.000538 2771.0
0.000538 -0.000538 2772.0
0.000538 -0.000538 2773.0
0.000538 -0.000538 2774.0
0.000538 -0.000538 2775.0
0.000538 -0.000538 2776.0
0.000538 -0.000538 2777.0
0.000538 -0.000538 2778.0
0.000538 -0.000538 2779.0
0.000538 -0.000538 2780.0
0.000538 -0.000538 2781.0
0.000538 -0.000538 2782.0
0.000538 -0.000538 2783.0
0.000538 -0.000538 2784.0
0.000538 -0.000538 2785.0
0.000538 -0.000538 2786.0
0.000538 -0.000538 2787.0
0.000538 -0.000538 2788.0
0.000538 -0.000538 2789.0
0.000538 -0.000538 2790.0
0.000538 -0.000538 2791.0
0.000538 -0.000538 2792.0
0.000538 -0.000538 2793.0
0.000538 -0.000538 2794.0
0.000538 -0.000538 2795.0
0.000538 -0.000538 2796.0
0.000538 -0.000538 2797.0
0.000538 -0.000538 2798.0
0.000538 -0.000538 2799.0
0.000538 -0.000538 2800.0
0.000538 -0.000538 2801.0
0.000538 -0.000538 2802.0
0.000538 -0.000538 2803.0
0.000538 -0.000538 2804.0
0.000538 -0.000538 2805.0
0.000538 -0.000538 2806.0
0.000538 -0.000538 2807.0
0.000538 -0.000538 2808.0
0.000538 -0.000538 2809.0
0.000538 -0.000538 2810.0
0.000538 -0.000538 2811.0
0.000538 -0.000538 2812.0
0.000538 -0.000538 2813.0
0.000538 -0.000538 2814.0
0.000538 -0.000538 2815.0
0.000538 -0.000538 2816.0
0.000538 -0.000538 2817.0
0.000538 -0.000538 2818.0
0.000538 -0.000538 2819.0
0.000538 -0.000538 2820.0
0.000538 -0.000538 2821.0
0.000538 -0.000538 2822.0
0.000538 -0.000538 2823.0
0.000538 -0.000538 2824.0
0.000538 -0.000538 2825.0
0.000538 -0.000538 2826.0
0.000538 -0.000538 2827.0
0.000538 -0.000538 2828.0
0.000538 -0.000538 2829.0
0.000538 -0.000538 2830.0
0.000538 -0.000538 2831.0
0.000538 -0.000538 2832.0
0.000538 -0.000538 2833.0
0.000538 -0.000538 2834.0
0.000538 -0.000538 2835.0
0.000538 -0.000537 2836.0
0.000538 -0.000537 2837.0
0.000538 -0.000537 2838.0
0.000538 -0.000537 2839.0
0.000538 -0.000537 2840.0
0.000538 -0.000537 2841.0
0.000538 -0.000537 2842.0
0.000538 -0.000537 2843.0
0.000538 -0.000537 2844.0
0.000538 -0.000537 2845.0
0.000538 -0.000537 2846.0
0.000538 -0.000537 2847.0
0.000538 -0.000537 2848.0
0.000538 -0.000537 2849.0
0.000538 -0.000537 2850.0
0.000538 -0.000537 2851.0
0.000538 -0.000537 2852.0
0.000538 -0.000537 2853.0
0.000538 -0.000537 2854.0
0.000538 -0.000537 2855.0
0.000538 -0.000537 2856.0
0.000538 -0.000537 2857.0
0.000538 -0.000537 2858.0
0.000538 -0.000537 2859.0
0.000538 -0.000537 2860.0
0.000538 -0.000537 2861.0
0.000538 -0.000537 2862.0
0.000538 -0.000537 2863.0
0.000538 -0.000537 2864.0
0.000538 -0.000537 2865.0
0.000538 -0.000537 2866.0
0.000538 -0.000537 2867.0
0.000538 -0.000537 2868.0
0.000538 -0.000537 2869.0
0.000538 -0.000537 2870.0
0.000538 -0.000537 2871.0
0.000538 -0.000537 2872.0
0.000538 -0.000537 2873.0
0.000538 -0.000537 2874.0
0.000538 -0.000537 2875.0
0.000538 -0.000537 2876.0
0.000538 -0.000537 2877.0
0.000538 -0.000537 2878.0
0.000538 -0.000537 2879.0
0.000538 -0.000537 2880.0
0.000538 -0.000537 2881.0
0.000538 -0.000537 2882.0
0.000538 -0.000537 2883.0
0.000538 -0.000537 2884.0
0.000538 -0.000537 2885.0
0.000538 -0.000537 2886.0
0.000538 -0.000537 2887.0
0.000538 -0.000537 2888.0
0.000538 -0.000537 2889.0
0.000538 -0.000537 2890.0
0.000538 -0.000537 2891.0
0.000538 -0.000537 2892.0
0.000538 -0.000537 2893.0
0.000538 -0.000537 2894.0
0.000538 -0.000537 2895.0
0.000538 -0.000537 2896.0
0.000538 -0.000537 2897.0
0.000538 -0.000537 2898.0
0.000538 -0.000537 2899.0
0.000538 -0.000537 2900.0
0.000538 -0.000537 2901.0
0.000538 -0.000537 2902.0
0.000538 -0.000537 2903.0
0.000538 -0.000537 2904.0
0.000538 -0.000537 2905.0
0.000538 -0.000537 2906.0
0.000538 -0.000537 2907.0
0.000538 -0.000537 2908.0
0.000538 -0.000537 2909.0
0.000538 -0.000537 2910.0
0.000538 -0.000537 2911.0
0.000538 -0.000537 2912.0
0.000538 -0.000537 2913.0
0.000538 -0.000537 2914.0
0.000538 -0.000537 2915.0
0.000538 -0.000537 2916.0
0.000538 -0.000537 2917.0
0.000538 -0.000537 2918.0
0.000538 -0.000537 2919.0
0.000538 -0.000537 2920.0
0.000538 -0.000537 2921.0
0.000538 -0.000537 2922.0
0.000538 -0.000537 2923.0
0.000538 -0.000537 2924.0
0.000538 -0.000537 2925.0
0.000538 -0.000537 2926.0
0.000538 -0.000537 2927.0
0.000538 -0.000537 2928.0
0.000538 -0.000537 2929.0
0.000538 -0.000537 2930.0
0.000538 -0.000537 2931.0
0.000538 -0.000537 2932.0
0.000538 -0.000537 2933.0
0.000538 -0.000537 2934.0
0.000538 -0.000537 2935.0
0.000538 -0.000537 2936.0
0.000538 -0.000537 2937.0
0.000538 -0.000537 2938.0
0.000538 -0.000537 2939.0
0.000538 -0.000537 2940.0
0.000538 -0.000537 2941.0
0.000538 -0.000537 2942.0
0.000538 -0.000537 2943.0
0.000538 -0.000537 2944.0
0.000538 -0.000537 2945.0
0.000538 -0.000537 2946.0
0.000538 -0.000537 2947.0
0.000538 -0.000537 2948.0
0.000538 -0.000537 2949.0
0.000538 -0.000537 2950.0
0.000538 -0.000537 2951.0
0.000538 -0.000537 2952.0
0.000538 -0.000537 2953.0
0.000538 -0.000537 2954.0
0.000538 -0.000537 2955.0
0.000538 -0.000537 2956.0
0.000538 -0.000537 2957.0
0.000538 -0.000537 2958.0
0.000538 -0.000537 2959.0
0.000538 -0.000537 2960.0
0.000538 -0.000537 2961.0
0.000538 -0.000537 2962.0
0.000538 -0.000537 2963.0
0.000538 -0.000537 2964.0
0.000538 -0.000537 2965.0
0.000538 -0.000537 2966.0
0.000538 -0.000537 2967.0
0.000538 -0.000537 2968.0
0.000538 -0.000537 2969.0
0.000538 -0.000537 2970.0
0.000538 -0.000537 2971.0
0.000538 -0.000537 2972.0
0.000538 -0.000537 2973.0
0.000538 -0.000537 2974.0
0.000538 -0.000537 2975.0
0.000538 -0.000537 2976.0
0.000538 -0.000537 2977.0
0.000538 -0.000537 2978.0
0.000538 -0.000537 2979.0
0.000538 -0.000537 2980.0
0.000538 -0.000537 2981.0
0.000538 -0.000537 2982.0
0.000538 -0.000537 2983.0
0.000538 -0.000537 2984.0
0.000538 -0.000537 2985.0
0.000538 -0.000537 2986.0
0.000538 -0.000537 2987.0
0.000538 -0.000537 2988.0
0.000538 -0.000537 2989.0
0.000538 -0.000537 2990.0
0.000538 -0.000537 2991.0
0.000538 -0.000537 2992.0
0.000538 -0.000537 2993.0
0.000538 -0.000537 2994.0
0.000538 -0.000537 2995.0
0.000538 -0.000537 2996.0
0.000538 -0.000537 2997.0
0.000538 -0.000537 2998.0
0.000538 -0.000537 2999.0
0.000538 -0.000537 3000.0
0.000538 -0.000537 3001.0
0.000538 -0.000537 3002.0
0.000538 -0.000537 3003.0
0.000538 -0.000537 3004.0
0.000538 -0.000537 3005.0
0.000538 -0.000537 3006.0
0.000538 -0.000537 3007.0
0.000538 -0.000537 3008.0
0.000538 -0.000537 3009.0
0.000538 -0.000537 3010.0
0.000538 -0.000537 3011.0
0.000538 -0.000537 3012.0
0.000538 -0.000537 3013.0
0.000538 -0.000537 3014.0
0.000538 -0.000537 3015.0
0.000538 -0.000537 3016.0
0.000538 -0.000537 3017.0
0.000538 -0.000537 3018.0
0.000538 -0.000537 3019.0
0.000538 -0.000537 3020.0
0.000538 -0.000537 3021.0
0.000538 -0.000537 3022.0
0.000538 -0.000537 3023.0
0.000538 -0.000537 3024.0
0.000538 -0.000537 3025.0
0.000538 -0.000537 3026.0
0.000538 -0.000537 3027.0
0.000538 -0.000537 3028.0
0.000538 -0.000537 3029.0
0.000538 -0.000537 3030.0
0.000538 -0.000537 3031.0
0.000538 -0.000538 3032.0
0.000538 -0.000538 3033.0
0.000538 -0.000538 3034.0
0.000538 -0.000538 3035.0
0.000538 -0.000538 3036.0
0.000538 -0.000538 3037.0
0.000538 -0.000538 3038.0
0.000538 -0.000538 3039.0
0.000538 -0.000538 3040.0
0.000538 -0.000538 3041.0
0.000538 -0.000538 3042.0
0.000538 -0.000538 3043.0
0.000538 -0.000538 3044.0
0.000538 -0.000538 3045.0
0.000538 -0.000538 3046.0
0.000538 -0.000538 3047.0
0.000538 -0.000538 3048.0
0.000538 -0.000538 3049.0
0.000538 -0.000538 3050.0
0.000538 -0.000538 3051.0
0.000538 -0.000538 3052.0
0.000538 -0.000538 3053.0
0.000538 -0.000538 3054.0
0.000538 -0.000538 3055.0
0.000538 -0.000538 3056.0
0.000538 -0.000538 3057.0
0.000538 -0.000538 3058.0
0.000538 -0.000538 3059.0
0.000538 -0.000538 3060.0
0.000538 -0.000538 3061.0
0.000538 -0.000538 3062.0
0.000538 -0.000538 3063.0
0.000538 -0.000538 3064.0
0.000538 -0.000538 3065.0
0.000538 -0.000538 3066.0
0.000538 -0.000538 3067.0
0.000538 -0.000538 3068.0
0.000538 -0.000538 3069.0
0.000538 -0.000538 3070.0
0.000538 -0.000538 3071.0
0.000538 -0.000538 3072.0
0.000538 -0.000538 3073.0
0.000538 -0.000538 3074.0
0.000538 -0.000538 3075.0
0.000538 -0.000538 3076.0
0.000538 -0.000538 3077.0
0.000538 -0.000538 3078.0
0.000538 -0.000538 3079.0
0.000538 -0.000538 3080.0
0.000538 -0.000538 3081.0
0.000538 -0.000538 3082.0
0.000538 -0.000538 3083.0
0.000538 -0.000538 3084.0
0.000538 -0.000538 3085.0
0.000538 -0.000538 3086.0
0.000538 -0.000538 3087.0
0.000538 -0.000538 3088.0
0.000538 -0.000538 3089.0
0.000538 -0.000538 3090.0
0.000538 -0.000538 3091.0
0.000538 -0.000538 3092.0
0.000538 -0.000538 3093.0
0.000538 -0.000538 3094.0
0.000538 -0.000538 3095.0
0.000538 -0.000538 3096.0
0.000538 -0.000538 3097.0
0.000538 -0.000538 3098.0
0.000538 -0.000538 3099.0
0.000538 -0.000538 3100.0
0.000538 -0.000538 3101.0
0.000538 -0.000538 3102.0
0.000538 -0.000538 3103.0
0.000538 -0.000538 3104.0
0.000538 -0.000538 3105.0
0.000538 -0.000538 3106.0
0.000538 -0.000538 3107.0
0.000538 -0.000538 3108.0
0.000538 -0.000538 3109.0
0.000538 -0.000538 3110.0
0.000538 -0.000538 3111.0
0.000538 -0.000538 3112.0
0.000538 -0.000538 3113.0
0.000538 -0.000538 3114.0
0.000538 -0.000538 3115.0
0.000538 -0.000538 3116.0
0.000538 -0.000538 3117.0
0.000538 -0.000538 3118.0
0.000538 -0.000538 3119.0
0.000538 -0.000538 3120.0
0.000538 -0.000538 3121.0
0.000538 -0.000538 3122.0
0.000538 -0.000538 3123.0
0.000538 -0.000538 3124.0
0.000538 -0.000538 3125.0
0.000538 -0.000538 3126.0
0.000538 -0.000538 3127.0
0.000538 -0.000538 3128.0
0.000538 -0.000538 3129.0
0.000538 -0.000538 3130.0
0.000538 -0.000538 3131.0
0.000538 -0.000538 3132.0
0.000538 -0.000538 3133.0
0.000538 -0.000538 3134.0
0.000538 -0.000538 3135.0
0.000538 -0.000538 3136.0
0.000538 -0.000538 3137.0
0.000538 -0.000538 3138.0
0.000538 -0.000538 3139.0
0.000538 -0.000538 3140.0
0.000538 -0.000538 3141.0
0.000538 -0.000538 3142.0
0.000538 -0.000538 3143.0
0.000538 -0.000538 3144.0
0.000538 -0.000538 3145.0
0.000538 -0.000538 3146.0
0.000538 -0.000538 3147.0
0.000538 -0.000538 3148.0
0.000538 -0.000538 3149.0
0.000538 -0.000538 3150.0
0.000538 -0.000538 3151.0
0.000538 -0.000538 3152.0
0.000538 -0.000538 3153.0
0.000538 -0.000538 3154.0
0.000538 -0.000538 3155.0
0.000538 -0.000538 3156.0
0.000538 -0.000538 3157.0
0.000538 -0.000538 3158.0
0.000538 -0.000538 3159.0
0.000538 -0.000538 3160.0
0.000538 -0.000538 3161.0
0.000538 -0.000538 3162.0
0.000538 -0.000538 3163.0
0.000538 -0.000538 3164.0
0.000538 -0.000538 3165.0
0.000538 -0.000538 3166.0
0.000538 -0.000538 3167.0
0.000538 -0.000538 3168.0
0.000538 -0.000538 3169.0
0.000538 -0.000538 3170.0
0.000538 -0.000538 3171.0
0.000538 -0.000538 3172.0
0.000538 -0.000538 3173.0
0.000538 -0.000538 3174.0
0.000538 -0.000538 3175.0
0.000538 -0.000538 3176.0
0.000538 -0.000538 3177.0
0.000538 -0.000538 3178.0
0.000538 -0.000538 3179.0
0.000538 -0.000538 3180.0
0.000538 -0.000538 3181.0
0.000538 -0.000538 3182.0
0.000538 -0.000538 3183.0
0.000538 -0.000538 3184.0
0.000538 -0.000538 3185.0
0.000538 -0.000538 3186.0
0.000538 -0.000538 3187.0
0.000538 -0.000538 3188.0
0.000538 -0.000538 3189.0
0.000538 -0.000538 3190.0
0.000538 -0.000538 3191.0
0.000538 -0.000538 3192.0
0.000538 -0.000538 3193.0
0.000538 -0.000538 3194.0
0.000538 -0.000538 3195.0
0.000538 -0.000538 3196.0
0.000538 -0.000538 3197.0
0.000538 -0.000538 3198.0
0.000538 -0.000538 3199.0
0.000538 -0.000538 3200.0
0.000538 -0.000538 3201.0
0.000538 -0.000538 3202.0
0.000538 -0.000538 3203.0
0.000538 -0.000538 3204.0
0.000538 -0.000538 3205.0
0.000538 -0.000538 3206.0
0.000538 -0.000538 3207.0
0.000538 -0.000538 3208.0
0.000538 -0.000538 3209.0
0.000538 -0.000538 3210.0
0.000538 -0.000538 3211.0
0.000538 -0.000538 3212.0
0.000538 -0.000538 3213.0
0.000538 -0.000538 3214.0
0.000538 -0.000538 3215.0
0.000538 -0.000538 3216.0
0.000538 -0.000538 3217.0
0.000538 -0.000538 3218.0
0.000538 -0.000538 3219.0
0.000538 -0.000538 3220.0
0.000538 -0.000538 3221.0
0.000538 -0.000538 3222.0
0.000538 -0.000538 3223.0
0.000538 -0.000538 3224.0
0.000538 -0.000538 3225.0
0.000538 -0.000538 3226.0
0.000538 -0.000538 3227.0
0.000538 -0.000538 3228.0
0.000538 -0.000538 3229.0
0.000538 -0.000538 3230.0
0.000538 -0.000538 3231.0
0.000538 -0.000538 3232.0
0.000538 -0.000538 3233.0
0.000538 -0.000538 3234.0
0.000538 -0.000538 3235.0
0.000538 -0.000538 3236.0
0.000538 -0.000538 3237.0
0.000538 -0.000538 3238.0
0.000538 -0.000538 3239.0
0.000538 -0.000538 3240.0
0.000538 -0.000538 3241.0
0.000538 -0.000538 3242.0
0.000538 -0.000538 3243.0
0.000538 -0.000538 3244.0
0.000538 -0.000538 3245.0
0.000538 -0.000538 3246.0
0.000538 -0.000538 3247.0
0.000538 -0.000538 3248.0
0.000538 -0.000538 3249.0
0.000538 -0.000538 3250.0
0.000538 -0.000538 3251.0
0.000538 -0.000538 3252.0
0.000538 -0.000538 3253.0
0.000538 -0.000538 3254.0
0.000538 -0.000538 3255.0
0.000538 -0.000538 3256.0
0.000538 -0.000538 3257.0
0.000538 -0.000538 3258.0
0.000538 -0.000538 3259.0
0.000538 -0.000538 3260.0
0.000538 -0.000538 3261.0
0.000538 -0.000538 3262.0
0.000538 -0.000538 3263.0
0.000538 -0.000538 3264.0
0.000538 -0.000538 3265.0
0.000538 -0.000538 3266.0
0.000538 -0.000538 3267.0
0.000538 -0.000537 3268.0
0.000538 -0.000537 3269.0
0.000538 -0.000537 3270.0
0.000538 -0.000537 3271.0
0.000538 -0.000537 3272.0
0.000538 -0.000537 3273.0
0.000538 -0.000537 3274.0
0.000538 -0.000537 3275.0
0.000538 -0.000537 3276.0
0.000538 -0.000537 3277.0
0.000538 -0.000537 3278.0
0.000538 -0.000537 3279.0
0.000538 -0.000537 3280.0
0.000538 -0.000537 3281.0
0.000538 -0.000537 3282.0
0.000538 -0.000537 3283.0
0.000538 -0.000537 3284.0
0.000538 -0.000537 3285.0
0.000538 -0.000537 3286.0
0.000538 -0.000537 3287.0
0.000538 -0.000537 3288.0
0.000538 -0.000537 3289.0
0.000538 -0.000537 3290.0
0.000538 -0.000537 3291.0
0.000538 -0.000537 3292.0
0.000538 -0.000537 3293.0
0.000538 -0.000537 3294.0
0.000538 -0.000537 3295.0
0.000538 -0.000537 3296.0
0.000538 -0.000537 3297.0
0.000538 -0.000537 3298.0
0.000538 -0.000537 3299.0
0.000538 -0.000537 3300.0
0.000538 -0.000537 3301.0
0.000538 -0.000537 3302.0
0.000538 -0.000537 3303.0
0.000538 -0.000537 3304.0
0.000538 -0.000537 3305.0
0.000538 -0.000537 3306.0
0.000538 -0.000537 3307.0
0.000538 -0.000537 3308.0
0.000538 -0.000537 3309.0
0.000538 -0.000537 3310.0
0.000538 -0.000537 3311.0
0.000538 -0.000537 3312.0
0.000538 -0.000537 3313.0
0.000538 -0.000537 3314.0
0.000538 -0.000537 3315.0
0.000538 -0.000537 3316.0
0.000538 -0.000537 3317.0
0.000538 -0.000537 3318.0
0.000538 -0.000537 3319.0
0.000538 -0.000537 3320.0
0.000538 -0.000537 3321.0
0.000538 -0.000537 3322.0
0.000538 -0.000537 3323.0
0.000538 -0.000537 3324.0
0.000538 -0.000537 3325.0
0.000538 -0.000537 3326.0
0.000538 -0.000537 3327.0
0.000538 -0.000537 3328.0
0.000538 -0.000537 3329.0
0.000538 -0.000537 3330.0
0.000538 -0.000537 3331.0
0.000538 -0.000537 3332.0
0.000538 -0.000537 3333.0
0.000538 -0.000537 3334.0
0.000538 -0.000537 3335.0
0.000538 -0.000537 3336.0
0.000538 -0.000537 3337.0
0.000538 -0.000537 3338.0
0.000538 -0.000537 3339.0
0.000538 -0.000537 3340.0
0.000538 -0.000537 3341.0
0.000538 -0.000537 3342.0
0.000538 -0.000537 3343.0
0.000538 -0.000537 3344.0
0.000538 -0.000537 3345.0
0.000538 -0.000537 3346.0
0.000538 -0.000537 3347.0
0.000538 -0.000537 3348.0
0.000538 -0.000537 3349.0
0.000538 -0.000537 3350.0
0.000538 -0.000537 3351.0
0.000538 -0.000537 3352.0
0.000538 -0.000537 3353.0
0.000538 -0.000537 3354.0
0.000538 -0.000537 3355.0
0.000538 -0.000537 3356.0
0.000538 -0.000537 3357.0
0.000538 -0.000537 3358.0
0.000538 -0.000537 3359.0
0.000538 -0.000537 3360.0
0.000538 -0.000537 3361.0
0.000538 -0.000537 3362.0
0.000538 -0.000537 3363.0
0.000538 -0.000537 3364.0
0.000538 -0.000537 3365.0
0.000538 -0.000537 3366.0
0.000538 -0.000537 3367.0
0.000538 -0.000537 3368.0
0.000538 -0.000537 3369.0
0.000538 -0.000537 3370.0
0.000538 -0.000537 3371.0
0.000538 -0.000537 3372.0
0.000538 -0.000537 3373.0
0.000538 -0.000537 3374.0
0.000538 -0.000537 3375.0
0.000538 -0.000537 3376.0
0.000538 -0.000537 3377.0
0.000538 -0.000537 3378.0
0.000538 -0.000537 3379.0
0.000538 -0.000537 3380.0
0.000538 -0.000537 3381.0
0.000538 -0.000537 3382.0
0.000538 -0.000537 3383.0
0.000538 -0.000537 3384.0
0.000538 -0.000537 3385.0
0.000538 -0.000537 3386.0
0.000538 -0.000537 3387.0
0.000538 -0.000537 3388.0
0.000538 -0.000537 3389.0
0.000538 -0.000537 3390.0
0.000538 -0.000537 3391.0
0.000538 -0.000537 3392.0
0.000538 -0.000537 3393.0
0.000538 -0.000537 3394.0
0.000538 -0.000537 3395.0
0.000538 -0.000537 3396.0
0.000538 -0.000537 3397.0
0.000538 -0.000537 3398.0
0.000538 -0.000537 3399.0
0.000538 -0.000537 3400.0
0.000538 -0.000537 3401.0
0.000538 -0.000537 3402.0
0.000538 -0.000537 3403.0
0.000538 -0.000537 3404.0
0.000538 -0.000537 3405.0
0.000538 -0.000537 3406.0
0.000538 -0.000537 3407.0
0.000538 -0.000537 3408.0
0.000538 -0.000537 3409.0
0.000538 -0.000537 3410.0
0.000538 -0.000537 3411.0
0.000538 -0.000537 3412.0
0.000538 -0.000537 3413.0
0.000538 -0.000537 3414.0
0.000538 -0.000537 3415.0
0.000538 -0.000537 3416.0
0.000538 -0.000537 3417.0
0.000538 -0.000537 3418.0
0.000538 -0.000537 3419.0
0.000538 -0.000537 3420.0
0.000538 -0.000537 3421.0
0.000538 -0.000537 3422.0
0.000538 -0.000537 3423.0
0.000538 -0.000537 3424.0
0.000538 -0.000537 3425.0
0.000538 -0.000537 3426.0
0.000538 -0.000537 3427.0
0.000538 -0.000537 3428.0
0.000538 -0.000537 3429.0
0.000538 -0.000537 3430.0
0.000538 -0.000537 3431.0
0.000538 -0.000537 3432.0
0.000538 -0.000537 3433.0
0.000538 -0.000537 3434.0
0.000538 -0.000537 3435.0
0.000538 -0.000537 3436.0
0.000538 -0.000537 3437.0
0.000538 -0.000537 3438.0
0.000538 -0.000537 3439.0
0.000538 -0.000537 3440.0
0.000538 -0.000537 3441.0
0.000538 -0.000537 3442.0
0.000538 -0.000537 3443.0
0.000538 -0.000537 3444.0
0.000538 -0.000537 3445.0
0.000538 -0.000537 3446.0
0.000538 -0.000537 3447.0
0.000538 -0.000537 3448.0
0.000538 -0.000537 3449.0
0.000538 -0.000537 3450.0
0.000538 -0.000537 3451.0
0.000538 -0.000537 3452.0
0.000538 -0.000537 3453.0
0.000538 -0.000537 3454.0
0.000538 -0.000537 3455.0
0.000538 -0.000537 3456.0
0.000538 -0.000537 3457.0
0.000538 -0.000537 3458.0
0.000538 -0.000537 3459.0
0.000538 -0.000537 3460.0
0.000538 -0.000537 3461.0
0.000538 -0.000537 3462.0
0.000538 -0.000537 3463.0
0.000538 -0.000537 3464.0
0.000538 -0.000537 3465.0
0.000538 -0.000537 3466.0
0.000538 -0.000537 3467.0
0.000538 -0.000537 3468.0
0.000538 -0.000537 3469.0
0.000538 -0.000537 3470.0
0.000538 -0.000537 3471.0
0.000538 -0.000537 3472.0
0.000538 -0.000537 3473.0
0.000538 -0.000537 3474.0
0.000538 -0.000537 3475.0
0.000538 -0.000537 3476.0
0.000538 -0.000537 3477.0
0.000538 -0.000537 3478.0
0.000538 -0.000537 3479.0
0.000538 -0.000537 3480.0
0.000538 -0.000537 3481.0
0.000538 -0.000537 3482.0
0.000538 -0.000537 3483.0
0.000538 -0.000537 3484.0
0.000538 -0.000537 3485.0
0.000538 -0.000537 3486.0
0.000538 -0.000537 3487.0
0.000538 -0.000537 3488.0
0.000538 -0.000537 3489.0
0.000538 -0.000537 3490.0
0.000538 -0.000537 3491.0
0.000538 -0.000537 3492.0
0.000538 -0.000537 3493.0
0.000538 -0.000537 3494.0
0.000538 -0.000537 3495.0
0.000539 -0.000537 3496.0
0.000539 -0.000537 3497.0
0.000539 -0.000537 3498.0
0.000539 -0.000537 3499.0
0.000539 -0.000537 3500.0
0.000539 -0.000537 3501.0
0.000539 -0.000537 3502.0
0.000539 -0.000537 3503.0
0.000539 -0.000537 3504.0
0.000539 -0.000537 3505.0
0.000539 -0.000537 3506.0
0.000539 -0.000537 3507.0
0.000539 -0.000537 3508.0
0.000539 -0.000537 3509.0
0.000539 -0.000537 3510.0
0.000539 -0.000537 3511.0
0.000539 -0.000537 3512.0
0.000539 -0.000537 3513.0
0.000539 -0.000537 3514.0
0.000539 -0.000537 3515.0
0.000539 -0.000537 3516.0
0.000539 -0.000537 3517.0
0.000539 -0.000537 3518.0
0.000539 -0.000537 3519.0
0.000539 -0.000537 3520.0
0.000539 -0.000537 3521.0
0.000539 -0.000537 3522.0
0.000539 -0.000537 3523.0
0.000539 -0.000537 3524.0
0.000539 -0.000537 3525.0
0.000539 -0.000537 3526.0
0.000539 -0.000537 3527.0
0.000539 -0.000537 3528.0
0.000539 -0.000537 3529.0
0.000539 -0.000537 3530.0
0.000539 -0.000537 3531.0
0.000539 -0.000537 3532.0
0.000539 -0.000537 3533.0
0.000539 -0.000537 3534.0
0.000539 -0.000537 3535.0
0.000539 -0.000537 3536.0
0.000539 -0.000537 3537.0
0.000539 -0.000537 3538.0
0.000539 -0.000537 3539.0
0.000539 -0.000537 3540.0
0.000539 -0.000537 3541.0
0.000539 -0.000537 3542.0
0.000539 -0.000537 3543.0
0.000539 -0.000537 3544.0
0.000539 -0.000537 3545.0
0.000539 -0.000537 3546.0
0.000539 -0.000537 3547.0
0.000539 -0.000537 3548.0
0.000539 -0.000537 3549.0
0.000539 -0.000537 3550.0
0.000539 -0.000537 3551.0
0.000539 -0.000537 3552.0
0.000539 -0.000537 3553.0
0.000539 -0.000537 3554.0
0.000539 -0.000537 3555.0
0.000539 -0.000537 3556.0
0.000539 -0.000537 3557.0
0.000539 -0.000537 3558.0
0.000539 -0.000537 3559.0
0.000539 -0.000537 3560.0
