0.000523 -0.000888 30.0
0.000523 -0.000889 31.0
0.000523 -0.000890 32.0
0.000522 -0.000891 33.0
0.000522 -0.000891 34.0
0.000522 -0.000892 35.0
0.000522 -0.000893 36.0
0.000522 -0.000894 37.0
0.000522 -0.000895 38.0
0.000521 -0.000895 39.0
0.000521 -0.000896 40.0
0.000521 -0.000897 41.0
0.000521 -0.000898 42.0
0.000521 -0.000898 43.0
0.000521 -0.000899 44.0
0.000520 -0.000900 45.0
0.000520 -0.000901 46.0
0.000520 -0.000902 47.0
0.000520 -0.000902 48.0
0.000520 -0.000903 49.0
0.000520 -0.000904 50.0
0.000519 -0.000905 51.0
0.000519 -0.000905 52.0
0.000519 -0.000906 53.0
0.000519 -0.000907 54.0
0.000519 -0.000908 55.0
0.000519 -0.000909 56.0
0.000519 -0.000909 57.0
0.000518 -0.000910 58.0
0.000518 -0.000911 59.0
0.000518 -0.000912 60.0
0.000518 -0.000913 61.0
0.000518 -0.000913 62.0
0.000518 -0.000914 63.0
0.000517 -0.000915 64.0
0.000517 -0.000916 65.0
0.000517 -0.000916 66.0
0.000517 -0.000917 67.0
0.000517 -0.000918 68.0
0.000517 -0.000919 69.0
0.000516 -0.000920 70.0
0.000516 -0.000920 71.0
0.000516 -0.000921 72.0
0.000516 -0.000922 73.0
0.000516 -0.000923 74.0
0.000516 -0.000923 75.0
0.000515 -0.000924 76.0
0.000515 -0.000925 77.0
0.000515 -0.000926 78.0
0.000515 -0.000927 79.0
0.000515 -0.000927 80.0
0.000515 -0.000928 81.0
0.000514 -0.000929 82.0
0.000514 -0.000930 83.0
0.000514 -0.000930 84.0
0.000514 -0.000931 85.0
0.000514 -0.000932 86.0
0.000514 -0.000933 87.0
0.000513 -0.000934 88.0
0.000513 -0.000934 89.0
0.000513 -0.000935 90.0
0.000513 -0.000936 91.0
0.000513 -0.000937 92.0
0.000513 -0.000938 93.0
0.000512 -0.000938 94.0
0.000512 -0.000939 95.0
0.000512 -0.000940 96.0
0.000512 -0.000941 97.0
0.000512 -0.000941 98.0
0.000512 -0.000942 99.0
0.000512 -0.000943 100.0
0.000511 -0.000944 101.0
0.000509 -0.000943 102.0
0.000508 -0.000944 103.0
0.000507 -0.000945 104.0
0.000506 -0.000945 105.0
0.000505 -0.000946 106.0
0.000504 -0.000947 107.0
0.000503 -0.000948 108.0
0.000502 -0.000949 109.0
0.000501 -0.000950 110.0
0.000500 -0.000951 111.0
0.000500 -0.000950 112.0
0.000500 -0.000950 113.0
0.000500 -0.000950 114.0
0.000500 -0.000950 115.0
0.000499 -0.000951 116.0
0.000499 -0.000951 117.0
0.000499 -0.000951 118.0
0.000499 -0.000951 119.0
0.000499 -0.000952 120.0
0.000499 -0.000952 121.0
0.000499 -0.000952 122.0
0.000499 -0.000952 123.0
0.000499 -0.000953 124.0
0.000499 -0.000953 125.0
0.000499 -0.000953 126.0
0.000498 -0.000953 127.0
0.000498 -0.000954 128.0
0.000498 -0.000954 129.0
0.000498 -0.000954 130.0
0.000498 -0.000954 131.0
0.000498 -0.000955 132.0
0.000498 -0.000955 133.0
0.000498 -0.000955 134.0
0.000498 -0.000955 135.0
0.000498 -0.000956 136.0
0.000498 -0.000956 137.0
0.000497 -0.000956 138.0
0.000497 -0.000956 139.0
0.000497 -0.000957 140.0
0.000497 -0.000957 141.0
0.000497 -0.000957 142.0
0.000497 -0.000957 143.0
0.000497 -0.000958 144.0
0.000497 -0.000958 145.0
0.000497 -0.000958 146.0
0.000497 -0.000958 147.0
0.000497 -0.000959 148.0
0.000496 -0.000959 149.0
0.000496 -0.000959 150.0
0.000496 -0.000959 151.0
0.000496 -0.000960 152.0
0.000496 -0.000960 153.0
0.000496 -0.000960 154.0
0.000496 -0.000960 155.0
0.000496 -0.000961 156.0
0.000496 -0.000961 157.0
0.000496 -0.000961 158.0
0.000496 -0.000961 159.0
0.000495 -0.000962 160.0
0.000495 -0.000962 161.0
0.000495 -0.000962 162.0
0.000495 -0.000962 163.0
0.000495 -0.000963 164.0
0.000495 -0.000963 165.0
0.000495 -0.000963 166.0
0.000495 -0.000963 167.0
0.000495 -0.000964 168.0
0.000495 -0.000964 169.0
0.000495 -0.000964 170.0
0.000494 -0.000964 171.0
0.000493 -0.000964 172.0
0.000493 -0.000964 173.0
0.000493 -0.000965 174.0
0.000493 -0.000966 175.0
0.000493 -0.000967 176.0
0.000493 -0.000968 177.0
0.000493 -0.000968 178.0
0.000493 -0.000969 179.0
0.000493 -0.000970 180.0
0.000493 -0.000971 181.0
0.000493 -0.000972 182.0
0.000493 -0.000972 183.0
0.000493 -0.000973 184.0
0.000493 -0.000974 185.0
0.000493 -0.000975 186.0
0.000493 -0.000976 187.0
0.000493 -0.000976 188.0
0.000493 -0.000977 189.0
0.000493 -0.000978 190.0
0.000493 -0.000979 191.0
0.000493 -0.000979 192.0
0.000493 -0.000980 193.0
0.000493 -0.000981 194.0
0.000493 -0.000982 195.0
0.000493 -0.000983 196.0
0.000492 -0.000983 197.0
0.000492 -0.000984 198.0
0.000492 -0.000985 199.0
0.000492 -0.000986 200.0
0.000492 -0.000987 201.0
0.000492 -0.000987 202.0
0.000492 -0.000988 203.0
0.000492 -0.000989 204.0
0.000492 -0.000990 205.0
0.000492 -0.000990 206.0
0.000492 -0.000991 207.0
0.000492 -0.000992 208.0
0.000492 -0.000993 209.0
0.000492 -0.000994 210.0
0.000492 -0.000994 211.0
0.000492 -0.000995 212.0
0.000492 -0.000996 213.0
0.000492 -0.000997 214.0
0.000492 -0.000998 215.0
0.000492 -0.000998 216.0
0.000492 -0.000999 217.0
0.000492 -0.001000 218.0
0.000492 -0.001001 219.0
0.000492 -0.001001 220.0
0.000492 -0.001002 221.0
0.000492 -0.001003 222.0
0.000492 -0.001004 223.0
0.000492 -0.001005 224.0
0.000492 -0.001005 225.0
0.000491 -0.001006 226.0
0.000491 -0.001007 227.0
0.000491 -0.001008 228.0
0.000491 -0.001009 229.0
0.000491 -0.001009 230.0
0.000491 -0.001010 231.0
0.000491 -0.001010 232.0
0.000491 -0.001011 233.0
0.000491 -0.001011 234.0
0.000491 -0.001012 235.0
0.000491 -0.001013 236.0
0.000491 -0.001013 237.0
0.000491 -0.001014 238.0
0.000491 -0.001015 239.0
0.000491 -0.001015 240.0
0.000491 -0.001016 241.0
0.000491 -0.001017 242.0
0.000491 -0.001017 243.0
0.000491 -0.001018 244.0
0.000491 -0.001019 245.0
0.000490 -0.001019 246.0
0.000490 -0.001020 247.0
0.000490 -0.001021 248.0
0.000490 -0.001021 249.0
0.000490 -0.001022 250.0
0.000490 -0.001023 251.0
0.000490 -0.001023 252.0
0.000490 -0.001024 253.0
0.000490 -0.001024 254.0
0.000490 -0.001025 255.0
0.000490 -0.001026 256.0
0.000490 -0.001026 257.0
0.000490 -0.001027 258.0
0.000490 -0.001028 259.0
0.000490 -0.001028 260.0
0.000490 -0.001029 261.0
0.000490 -0.001030 262.0
0.000490 -0.001030 263.0
0.000490 -0.001031 264.0
0.000490 -0.001032 265.0
0.000490 -0.001032 266.0
0.000490 -0.001033 267.0
0.000490 -0.001034 268.0
0.000490 -0.001034 269.0
0.000490 -0.001035 270.0
0.000490 -0.001036 271.0
0.000490 -0.001036 272.0
0.000490 -0.001037 273.0
0.000490 -0.001038 274.0
0.000490 -0.001038 275.0
0.000490 -0.001039 276.0
0.000490 -0.001040 277.0
0.000490 -0.001040 278.0
0.000490 -0.001041 279.0
0.000490 -0.001042 280.0
0.000490 -0.001042 281.0
0.000490 -0.001043 282.0
0.000490 -0.001043 283.0
0.000490 -0.001044 284.0
0.000490 -0.001045 285.0
0.000490 -0.001045 286.0
0.000490 -0.001046 287.0
0.000490 -0.001047 288.0
0.000490 -0.001047 289.0
0.000490 -0.001048 290.0
0.000490 -0.001049 291.0
0.000490 -0.001049 292.0
0.000490 -0.001050 293.0
0.000489 -0.001051 294.0
0.000489 -0.001051 295.0
0.000489 -0.001052 296.0
0.000489 -0.001053 297.0
0.000489 -0.001053 298.0
0.000489 -0.001054 299.0
0.000489 -0.001055 300.0
0.000489 -0.001055 301.0
0.000489 -0.001055 302.0
0.000489 -0.001055 303.0
0.000489 -0.001055 304.0
0.000489 -0.001055 305.0
0.000489 -0.001056 306.0
0.000489 -0.001056 307.0
0.000489 -0.001056 308.0
0.000489 -0.001056 309.0
0.000489 -0.001057 310.0
0.000490 -0.001057 311.0
0.000490 -0.001057 312.0
0.000490 -0.001057 313.0
0.000490 -0.001057 314.0
0.000490 -0.001058 315.0
0.000490 -0.001058 316.0
0.000490 -0.001058 317.0
0.000490 -0.001058 318.0
0.000490 -0.001059 319.0
0.000490 -0.001059 320.0
0.000490 -0.001059 321.0
0.000490 -0.001059 322.0
0.000490 -0.001059 323.0
0.000490 -0.001060 324.0
0.000490 -0.001060 325.0
0.000490 -0.001060 326.0
0.000490 -0.001060 327.0
0.000490 -0.001060 328.0
0.000490 -0.001061 329.0
0.000490 -0.001061 330.0
0.000491 -0.001061 331.0
0.000491 -0.001061 332.0
0.000491 -0.001062 333.0
0.000491 -0.001062 334.0
0.000491 -0.001062 335.0
0.000491 -0.001062 336.0
0.000491 -0.001062 337.0
0.000491 -0.001063 338.0
0.000491 -0.001063 339.0
0.000491 -0.001063 340.0
0.000491 -0.001063 341.0
0.000491 -0.001064 342.0
0.000491 -0.001064 343.0
0.000491 -0.001064 344.0
0.000491 -0.001064 345.0
0.000491 -0.001064 346.0
0.000491 -0.001065 347.0
0.000491 -0.001065 348.0
0.000491 -0.001065 349.0
0.000492 -0.001065 350.0
0.000492 -0.001066 351.0
0.000492 -0.001065 352.0
0.000492 -0.001065 353.0
0.000492 -0.001065 354.0
0.000493 -0.001065 355.0
0.000493 -0.001065 356.0
0.000493 -0.001065 357.0
0.000493 -0.001065 358.0
0.000493 -0.001065 359.0
0.000493 -0.001065 360.0
0.000494 -0.001065 361.0
0.000494 -0.001065 362.0
0.000494 -0.001065 363.0
0.000494 -0.001065 364.0
0.000494 -0.001065 365.0
0.000494 -0.001065 366.0
0.000494 -0.001065 367.0
0.000495 -0.001065 368.0
0.000495 -0.001066 369.0
0.000495 -0.001066 370.0
0.000495 -0.001066 371.0
0.000495 -0.001066 372.0
0.000495 -0.001066 373.0
0.000496 -0.001066 374.0
0.000496 -0.001066 375.0
0.000498 -0.001066 376.0
0.000498 -0.001066 377.0
0.000499 -0.001066 378.0
0.000499 -0.001066 379.0
0.000500 -0.001065 380.0
0.000501 -0.001065 381.0
0.000501 -0.001065 382.0
0.000502 -0.001065 383.0
0.000502 -0.001065 384.0
0.000503 -0.001065 385.0
0.000503 -0.001065 386.0
0.000504 -0.001065 387.0
0.000505 -0.001065 388.0
0.000505 -0.001065 389.0
0.000506 -0.001065 390.0
0.000506 -0.001065 391.0
0.000507 -0.001065 392.0
0.000507 -0.001065 393.0
0.000508 -0.001065 394.0
0.000509 -0.001065 395.0
0.000509 -0.001065 396.0
0.000510 -0.001065 397.0
0.000510 -0.001065 398.0
0.000511 -0.001065 399.0
0.000512 -0.001065 400.0
0.000512 -0.001065 401.0
0.000513 -0.001065 402.0
0.000513 -0.001065 403.0
0.000514 -0.001065 404.0
0.000514 -0.001065 405.0
0.000515 -0.001065 406.0
0.000516 -0.001065 407.0
0.000516 -0.001065 408.0
0.000517 -0.001065 409.0
0.000517 -0.001065 410.0
0.000518 -0.001065 411.0
0.000518 -0.001065 412.0
0.000519 -0.001065 413.0
0.000520 -0.001064 414.0
0.000520 -0.001064 415.0
0.000521 -0.001064 416.0
0.000521 -0.001064 417.0
0.000522 -0.001064 418.0
0.000522 -0.001064 419.0
0.000523 -0.001064 420.0
0.000524 -0.001064 421.0
0.000524 -0.001064 422.0
0.000525 -0.001064 423.0
0.000525 -0.001064 424.0
0.000526 -0.001064 425.0
0.000526 -0.001064 426.0
0.000527 -0.001064 427.0
0.000528 -0.001064 428.0
0.000528 -0.001064 429.0
0.000529 -0.001064 430.0
0.000529 -0.001064 431.0
0.000530 -0.001064 432.0
0.000531 -0.001064 433.0
0.000531 -0.001064 434.0
0.000532 -0.001064 435.0
0.000532 -0.001064 436.0
0.000532 -0.001064 437.0
0.000532 -0.001064 438.0
0.000532 -0.001064 439.0
0.000532 -0.001064 440.0
0.000532 -0.001064 441.0
0.000532 -0.001064 442.0
0.000532 -0.001064 443.0
0.000532 -0.001064 444.0
0.000532 -0.001064 445.0
0.000532 -0.001063 446.0
0.000532 -0.001063 447.0
0.000532 -0.001063 448.0
0.000532 -0.001063 449.0
0.000532 -0.001063 450.0
0.000532 -0.001063 451.0
0.000532 -0.001063 452.0
0.000532 -0.001063 453.0
0.000532 -0.001063 454.0
0.000532 -0.001063 455.0
0.000532 -0.001063 456.0
0.000532 -0.001063 457.0
0.000532 -0.001063 458.0
0.000532 -0.001063 459.0
0.000532 -0.001062 460.0
0.000532 -0.001062 461.0
0.000532 -0.001062 462.0
0.000532 -0.001062 463.0
0.000532 -0.001062 464.0
0.000532 -0.001062 465.0
0.000532 -0.001062 466.0
0.000532 -0.001062 467.0
0.000532 -0.001062 468.0
0.000532 -0.001062 469.0
0.000532 -0.001062 470.0
0.000532 -0.001062 471.0
0.000532 -0.001062 472.0
0.000532 -0.001062 473.0
0.000532 -0.001061 474.0
0.000532 -0.001061 475.0
0.000532 -0.001061 476.0
0.000532 -0.001061 477.0
0.000532 -0.001061 478.0
0.000532 -0.001061 479.0
0.000532 -0.001061 480.0
0.000532 -0.001061 481.0
0.000532 -0.001061 482.0
0.000532 -0.001061 483.0
0.000532 -0.001061 484.0
0.000532 -0.001061 485.0
0.000532 -0.001061 486.0
0.000532 -0.001060 487.0
0.000532 -0.001060 488.0
0.000532 -0.001060 489.0
0.000532 -0.001060 490.0
0.000532 -0.001060 491.0
0.000532 -0.001060 492.0
0.000532 -0.001060 493.0
0.000532 -0.001060 494.0
0.000532 -0.001060 495.0
0.000532 -0.001060 496.0
0.000532 -0.001059 497.0
0.000532 -0.001057 498.0
0.000532 -0.001056 499.0
0.000532 -0.001054 500.0
0.000532 -0.001053 501.0
0.000532 -0.001052 502.0
0.000532 -0.001050 503.0
0.000532 -0.001049 504.0
0.000532 -0.001047 505.0
0.000532 -0.001046 506.0
0.000532 -0.001045 507.0
0.000532 -0.001043 508.0
0.000532 -0.001042 509.0
0.000532 -0.001040 510.0
0.000533 -0.001039 511.0
0.000533 -0.001038 512.0
0.000533 -0.001036 513.0
0.000533 -0.001035 514.0
0.000533 -0.001034 515.0
0.000533 -0.001032 516.0
0.000533 -0.001031 517.0
0.000533 -0.001029 518.0
0.000533 -0.001028 519.0
0.000533 -0.001027 520.0
0.000533 -0.001025 521.0
0.000533 -0.001024 522.0
0.000533 -0.001022 523.0
0.000533 -0.001021 524.0
0.000533 -0.001020 525.0
0.000533 -0.001018 526.0
0.000533 -0.001017 527.0
0.000534 -0.001015 528.0
0.000534 -0.001014 529.0
0.000534 -0.001013 530.0
0.000534 -0.001011 531.0
0.000534 -0.001010 532.0
0.000534 -0.001009 533.0
0.000534 -0.001007 534.0
0.000534 -0.001006 535.0
0.000534 -0.001004 536.0
0.000534 -0.001003 537.0
0.000534 -0.001002 538.0
0.000534 -0.001000 539.0
0.000534 -0.000999 540.0
0.000534 -0.000997 541.0
0.000534 -0.000996 542.0
0.000534 -0.000995 543.0
0.000535 -0.000993 544.0
0.000535 -0.000992 545.0
0.000535 -0.000991 546.0
0.000535 -0.000989 547.0
0.000535 -0.000988 548.0
0.000535 -0.000986 549.0
0.000535 -0.000985 550.0
0.000535 -0.000984 551.0
0.000535 -0.000982 552.0
0.000535 -0.000981 553.0
0.000535 -0.000979 554.0
0.000535 -0.000978 555.0
0.000536 -0.000978 556.0
0.000536 -0.000977 557.0
0.000536 -0.000977 558.0
0.000536 -0.000976 559.0
0.000536 -0.000976 560.0
0.000536 -0.000975 561.0
0.000536 -0.000974 562.0
0.000536 -0.000974 563.0
0.000536 -0.000973 564.0
0.000536 -0.000972 565.0
0.000536 -0.000972 566.0
0.000536 -0.000971 567.0
0.000536 -0.000971 568.0
0.000536 -0.000970 569.0
0.000536 -0.000969 570.0
0.000536 -0.000969 571.0
0.000536 -0.000968 572.0
0.000536 -0.000967 573.0
0.000536 -0.000967 574.0
0.000536 -0.000966 575.0
0.000536 -0.000966 576.0
0.000536 -0.000965 577.0
0.000536 -0.000964 578.0
0.000536 -0.000964 579.0
0.000536 -0.000963 580.0
0.000536 -0.000962 581.0
0.000537 -0.000962 582.0
0.000537 -0.000961 583.0
0.000537 -0.000961 584.0
0.000537 -0.000960 585.0
0.000537 -0.000959 586.0
0.000537 -0.000959 587.0
0.000537 -0.000958 588.0
0.000537 -0.000957 589.0
0.000537 -0.000957 590.0
0.000537 -0.000956 591.0
0.000537 -0.000956 592.0
0.000537 -0.000955 593.0
0.000537 -0.000954 594.0
0.000537 -0.000954 595.0
0.000537 -0.000953 596.0
0.000537 -0.000952 597.0
0.000537 -0.000952 598.0
0.000537 -0.000951 599.0
0.000537 -0.000951 600.0
0.000537 -0.000950 601.0
0.000537 -0.000949 602.0
0.000537 -0.000949 603.0
0.000537 -0.000948 604.0
0.000537 -0.000947 605.0
0.000537 -0.000947 606.0
0.000537 -0.000946 607.0
0.000537 -0.000946 608.0
0.000537 -0.000945 609.0
0.000537 -0.000944 610.0
0.000537 -0.000944 611.0
0.000537 -0.000943 612.0
0.000537 -0.000942 613.0
0.000537 -0.000942 614.0
0.000537 -0.000941 615.0
0.000537 -0.000941 616.0
0.000538 -0.000940 617.0
0.000538 -0.000939 618.0
0.000539 -0.000938 619.0
0.000539 -0.000937 620.0
0.000540 -0.000937 621.0
0.000540 -0.000936 622.0
0.000541 -0.000935 623.0
0.000541 -0.000934 624.0
0.000542 -0.000933 625.0
0.000542 -0.000932 626.0
0.000543 -0.000931 627.0
0.000543 -0.000930 628.0
0.000544 -0.000929 629.0
0.000544 -0.000928 630.0
0.000545 -0.000927 631.0
0.000545 -0.000926 632.0
0.000546 -0.000926 633.0
0.000546 -0.000925 634.0
0.000547 -0.000924 635.0
0.000547 -0.000923 636.0
0.000548 -0.000922 637.0
0.000548 -0.000921 638.0
0.000548 -0.000920 639.0
0.000549 -0.000919 640.0
0.000549 -0.000918 641.0
0.000550 -0.000917 642.0
0.000550 -0.000916 643.0
0.000551 -0.000915 644.0
0.000551 -0.000915 645.0
0.000552 -0.000914 646.0
0.000552 -0.000913 647.0
0.000553 -0.000912 648.0
0.000553 -0.000911 649.0
0.000554 -0.000910 650.0
0.000554 -0.000909 651.0
0.000555 -0.000908 652.0
0.000555 -0.000907 653.0
0.000556 -0.000906 654.0
0.000556 -0.000905 655.0
0.000557 -0.000904 656.0
0.000557 -0.000904 657.0
0.000558 -0.000903 658.0
0.000558 -0.000902 659.0
0.000559 -0.000901 660.0
0.000559 -0.000900 661.0
0.000560 -0.000899 662.0
0.000560 -0.000898 663.0
0.000561 -0.000897 664.0
0.000561 -0.000896 665.0
0.000562 -0.000895 666.0
0.000562 -0.000894 667.0
0.000563 -0.000893 668.0
0.000563 -0.000893 669.0
0.000564 -0.000892 670.0
0.000564 -0.000891 671.0
0.000565 -0.000890 672.0
0.000565 -0.000889 673.0
0.000566 -0.000888 674.0
0.000566 -0.000887 675.0
0.000571 -0.000891 676.0
0.000571 -0.000890 677.0
0.000571 -0.000888 678.0
0.000571 -0.000887 679.0
0.000571 -0.000885 680.0
0.000572 -0.000884 681.0
0.000572 -0.000883 682.0
0.000572 -0.000881 683.0
0.000572 -0.000880 684.0
0.000572 -0.000878 685.0
0.000573 -0.000877 686.0
0.000573 -0.000875 687.0
0.000573 -0.000874 688.0
0.000573 -0.000873 689.0
0.000573 -0.000871 690.0
0.000574 -0.000870 691.0
0.000574 -0.000868 692.0
0.000574 -0.000867 693.0
0.000574 -0.000865 694.0
0.000574 -0.000864 695.0
0.000575 -0.000862 696.0
0.000575 -0.000861 697.0
0.000575 -0.000860 698.0
0.000575 -0.000858 699.0
0.000575 -0.000857 700.0
0.000576 -0.000855 701.0
0.000576 -0.000854 702.0
0.000576 -0.000852 703.0
0.000576 -0.000851 704.0
0.000576 -0.000849 705.0
0.000577 -0.000848 706.0
0.000577 -0.000847 707.0
0.000577 -0.000845 708.0
0.000577 -0.000844 709.0
0.000577 -0.000842 710.0
0.000578 -0.000841 711.0
0.000578 -0.000839 712.0
0.000578 -0.000838 713.0
0.000578 -0.000837 714.0
0.000578 -0.000835 715.0
0.000578 -0.000834 716.0
0.000579 -0.000832 717.0
0.000579 -0.000831 718.0
0.000579 -0.000829 719.0
0.000579 -0.000828 720.0
0.000579 -0.000826 721.0
0.000580 -0.000825 722.0
0.000580 -0.000824 723.0
0.000580 -0.000822 724.0
0.000580 -0.000821 725.0
0.000580 -0.000819 726.0
0.000581 -0.000818 727.0
0.000581 -0.000816 728.0
0.000581 -0.000815 729.0
0.000581 -0.000813 730.0
0.000581 -0.000812 731.0
0.000582 -0.000811 732.0
0.000582 -0.000809 733.0
0.000582 -0.000808 734.0
0.000582 -0.000806 735.0
0.000582 -0.000805 736.0
0.000585 -0.000806 737.0
0.000585 -0.000804 738.0
0.000586 -0.000803 739.0
0.000586 -0.000802 740.0
0.000586 -0.000801 741.0
0.000586 -0.000800 742.0
0.000586 -0.000799 743.0
0.000586 -0.000797 744.0
0.000586 -0.000796 745.0
0.000586 -0.000795 746.0
0.000586 -0.000794 747.0
0.000587 -0.000793 748.0
0.000587 -0.000792 749.0
0.000587 -0.000791 750.0
0.000587 -0.000789 751.0
0.000587 -0.000788 752.0
0.000587 -0.000787 753.0
0.000587 -0.000786 754.0
0.000587 -0.000785 755.0
0.000587 -0.000784 756.0
0.000588 -0.000782 757.0
0.000588 -0.000781 758.0
0.000588 -0.000780 759.0
0.000588 -0.000779 760.0
0.000588 -0.000778 761.0
0.000588 -0.000777 762.0
0.000588 -0.000776 763.0
0.000588 -0.000774 764.0
0.000588 -0.000773 765.0
0.000589 -0.000772 766.0
0.000589 -0.000771 767.0
0.000589 -0.000770 768.0
0.000589 -0.000769 769.0
0.000589 -0.000768 770.0
0.000589 -0.000766 771.0
0.000589 -0.000765 772.0
0.000589 -0.000764 773.0
0.000589 -0.000763 774.0
0.000590 -0.000762 775.0
0.000590 -0.000761 776.0
0.000590 -0.000759 777.0
0.000590 -0.000758 778.0
0.000590 -0.000757 779.0
0.000590 -0.000756 780.0
0.000590 -0.000755 781.0
0.000590 -0.000754 782.0
0.000590 -0.000753 783.0
0.000591 -0.000751 784.0
0.000591 -0.000750 785.0
0.000591 -0.000749 786.0
0.000591 -0.000748 787.0
0.000591 -0.000747 788.0
0.000591 -0.000746 789.0
0.000591 -0.000744 790.0
0.000591 -0.000743 791.0
0.000591 -0.000742 792.0
0.000592 -0.000741 793.0
0.000592 -0.000740 794.0
0.000592 -0.000739 795.0
0.000592 -0.000738 796.0
0.000592 -0.000736 797.0
0.000594 -0.000737 798.0
0.000594 -0.000736 799.0
0.000594 -0.000735 800.0
0.000594 -0.000734 801.0
0.000594 -0.000733 802.0
0.000594 -0.000732 803.0
0.000594 -0.000731 804.0
0.000594 -0.000730 805.0
0.000594 -0.000729 806.0
0.000594 -0.000728 807.0
0.000595 -0.000727 808.0
0.000595 -0.000726 809.0
0.000595 -0.000725 810.0
0.000595 -0.000725 811.0
0.000595 -0.000724 812.0
0.000595 -0.000723 813.0
0.000595 -0.000722 814.0
0.000595 -0.000721 815.0
0.000595 -0.000720 816.0
0.000595 -0.000719 817.0
0.000596 -0.000718 818.0
0.000596 -0.000717 819.0
0.000596 -0.000716 820.0
0.000596 -0.000715 821.0
0.000596 -0.000714 822.0
0.000596 -0.000713 823.0
0.000596 -0.000712 824.0
0.000596 -0.000711 825.0
0.000596 -0.000711 826.0
0.000596 -0.000710 827.0
0.000596 -0.000709 828.0
0.000597 -0.000708 829.0
0.000597 -0.000707 830.0
0.000597 -0.000706 831.0
0.000597 -0.000705 832.0
0.000597 -0.000704 833.0
0.000597 -0.000703 834.0
0.000597 -0.000702 835.0
0.000597 -0.000701 836.0
0.000597 -0.000700 837.0
0.000597 -0.000699 838.0
0.000598 -0.000698 839.0
0.000598 -0.000697 840.0
0.000598 -0.000697 841.0
0.000598 -0.000696 842.0
0.000598 -0.000695 843.0
0.000598 -0.000694 844.0
0.000598 -0.000693 845.0
0.000598 -0.000692 846.0
0.000598 -0.000691 847.0
0.000598 -0.000690 848.0
0.000599 -0.000689 849.0
0.000599 -0.000688 850.0
0.000599 -0.000687 851.0
0.000599 -0.000686 852.0
0.000599 -0.000685 853.0
0.000599 -0.000684 854.0
0.000599 -0.000683 855.0
0.000599 -0.000683 856.0
0.000599 -0.000682 857.0
0.000599 -0.000681 858.0
0.000599 -0.000680 859.0
0.000600 -0.000679 860.0
0.000600 -0.000678 861.0
0.000600 -0.000677 862.0
0.000601 -0.000677 863.0
0.000601 -0.000677 864.0
0.000601 -0.000676 865.0
0.000601 -0.000676 866.0
0.000601 -0.000675 867.0
0.000601 -0.000675 868.0
0.000601 -0.000674 869.0
0.000601 -0.000674 870.0
0.000601 -0.000673 871.0
0.000601 -0.000673 872.0
0.000601 -0.000672 873.0
0.000601 -0.000672 874.0
0.000601 -0.000671 875.0
0.000601 -0.000671 876.0
0.000601 -0.000670 877.0
0.000601 -0.000670 878.0
0.000601 -0.000669 879.0
0.000601 -0.000669 880.0
0.000601 -0.000668 881.0
0.000601 -0.000668 882.0
0.000601 -0.000667 883.0
0.000601 -0.000667 884.0
0.000601 -0.000666 885.0
0.000601 -0.000666 886.0
0.000601 -0.000665 887.0
0.000601 -0.000665 888.0
0.000601 -0.000664 889.0
0.000600 -0.000664 890.0
0.000600 -0.000663 891.0
0.000600 -0.000663 892.0
0.000600 -0.000662 893.0
0.000600 -0.000662 894.0
0.000600 -0.000661 895.0
0.000600 -0.000661 896.0
0.000600 -0.000660 897.0
0.000600 -0.000660 898.0
0.000600 -0.000659 899.0
0.000600 -0.000659 900.0
0.000600 -0.000658 901.0
0.000600 -0.000658 902.0
0.000600 -0.000657 903.0
0.000600 -0.000657 904.0
0.000600 -0.000656 905.0
0.000600 -0.000656 906.0
0.000600 -0.000655 907.0
0.000600 -0.000655 908.0
0.000600 -0.000654 909.0
0.000600 -0.000654 910.0
0.000600 -0.000653 911.0
0.000600 -0.000653 912.0
0.000600 -0.000652 913.0
0.000600 -0.000652 914.0
0.000600 -0.000651 915.0
0.000600 -0.000651 916.0
0.000600 -0.000650 917.0
0.000599 -0.000650 918.0
0.000599 -0.000649 919.0
0.000598 -0.000648 920.0
0.000598 -0.000647 921.0
0.000597 -0.000645 922.0
0.000597 -0.000644 923.0
0.000596 -0.000643 924.0
0.000596 -0.000642 925.0
0.000595 -0.000640 926.0
0.000595 -0.000639 927.0
0.000594 -0.000638 928.0
0.000594 -0.000637 929.0
0.000593 -0.000636 930.0
0.000593 -0.000634 931.0
0.000592 -0.000633 932.0
0.000592 -0.000632 933.0
0.000591 -0.000631 934.0
0.000591 -0.000629 935.0
0.000590 -0.000628 936.0
0.000590 -0.000627 937.0
0.000589 -0.000626 938.0
0.000589 -0.000625 939.0
0.000588 -0.000623 940.0
0.000588 -0.000622 941.0
0.000587 -0.000621 942.0
0.000587 -0.000620 943.0
0.000586 -0.000618 944.0
0.000586 -0.000617 945.0
0.000585 -0.000616 946.0
0.000585 -0.000615 947.0
0.000584 -0.000614 948.0
0.000584 -0.000612 949.0
0.000583 -0.000611 950.0
0.000583 -0.000610 951.0
0.000582 -0.000609 952.0
0.000582 -0.000607 953.0
0.000581 -0.000606 954.0
0.000581 -0.000605 955.0
0.000580 -0.000604 956.0
0.000580 -0.000603 957.0
0.000579 -0.000601 958.0
0.000578 -0.000600 959.0
0.000578 -0.000599 960.0
0.000577 -0.000598 961.0
0.000577 -0.000596 962.0
0.000576 -0.000595 963.0
0.000576 -0.000594 964.0
0.000575 -0.000593 965.0
0.000575 -0.000591 966.0
0.000574 -0.000590 967.0
0.000574 -0.000589 968.0
0.000573 -0.000588 969.0
0.000573 -0.000587 970.0
0.000572 -0.000585 971.0
0.000572 -0.000584 972.0
0.000571 -0.000583 973.0
0.000571 -0.000582 974.0
0.000570 -0.000580 975.0
0.000570 -0.000579 976.0
0.000569 -0.000578 977.0
0.000564 -0.000582 978.0
0.000564 -0.000581 979.0
0.000565 -0.000580 980.0
0.000565 -0.000578 981.0
0.000566 -0.000577 982.0
0.000567 -0.000576 983.0
0.000567 -0.000574 984.0
0.000568 -0.000573 985.0
0.000568 -0.000572 986.0
0.000569 -0.000571 987.0
0.000569 -0.000569 988.0
0.000570 -0.000568 989.0
0.000570 -0.000567 990.0
0.000571 -0.000565 991.0
0.000572 -0.000564 992.0
0.000572 -0.000563 993.0
0.000573 -0.000562 994.0
0.000573 -0.000560 995.0
0.000574 -0.000559 996.0
0.000574 -0.000558 997.0
0.000575 -0.000557 998.0
0.000575 -0.000555 999.0
0.000576 -0.000554 1000.0
0.000577 -0.000553 1001.0
0.000577 -0.000551 1002.0
0.000578 -0.000550 1003.0
0.000578 -0.000549 1004.0
0.000579 -0.000548 1005.0
0.000579 -0.000546 1006.0
0.000580 -0.000545 1007.0
0.000580 -0.000544 1008.0
0.000581 -0.000542 1009.0
0.000582 -0.000541 1010.0
0.000582 -0.000540 1011.0
0.000583 -0.000539 1012.0
0.000583 -0.000537 1013.0
0.000584 -0.000536 1014.0
0.000584 -0.000535 1015.0
0.000585 -0.000533 1016.0
0.000585 -0.000532 1017.0
0.000586 -0.000531 1018.0
0.000587 -0.000530 1019.0
0.000587 -0.000528 1020.0
0.000588 -0.000527 1021.0
0.000588 -0.000526 1022.0
0.000589 -0.000525 1023.0
0.000589 -0.000523 1024.0
0.000590 -0.000522 1025.0
0.000590 -0.000521 1026.0
0.000591 -0.000519 1027.0
0.000592 -0.000518 1028.0
0.000592 -0.000517 1029.0
0.000593 -0.000516 1030.0
0.000593 -0.000514 1031.0
0.000594 -0.000513 1032.0
0.000594 -0.000512 1033.0
0.000595 -0.000510 1034.0
0.000595 -0.000509 1035.0
0.000596 -0.000508 1036.0
0.000597 -0.000507 1037.0
0.000602 -0.000511 1038.0
0.000603 -0.000510 1039.0
0.000604 -0.000509 1040.0
0.000604 -0.000508 1041.0
0.000605 -0.000507 1042.0
0.000605 -0.000506 1043.0
0.000606 -0.000504 1044.0
0.000606 -0.000503 1045.0
0.000607 -0.000502 1046.0
0.000608 -0.000501 1047.0
0.000608 -0.000500 1048.0
0.000609 -0.000499 1049.0
0.000609 -0.000498 1050.0
0.000610 -0.000497 1051.0
0.000611 -0.000495 1052.0
0.000611 -0.000494 1053.0
0.000612 -0.000493 1054.0
0.000612 -0.000492 1055.0
0.000613 -0.000491 1056.0
0.000613 -0.000490 1057.0
0.000614 -0.000489 1058.0
0.000615 -0.000488 1059.0
0.000615 -0.000487 1060.0
0.000616 -0.000485 1061.0
0.000616 -0.000484 1062.0
0.000617 -0.000483 1063.0
0.000617 -0.000482 1064.0
0.000618 -0.000481 1065.0
0.000619 -0.000480 1066.0
0.000619 -0.000479 1067.0
0.000620 -0.000478 1068.0
0.000620 -0.000477 1069.0
0.000621 -0.000475 1070.0
0.000621 -0.000474 1071.0
0.000622 -0.000473 1072.0
0.000623 -0.000472 1073.0
0.000623 -0.000471 1074.0
0.000624 -0.000470 1075.0
0.000624 -0.000469 1076.0
0.000625 -0.000468 1077.0
0.000625 -0.000466 1078.0
0.000626 -0.000465 1079.0
0.000627 -0.000464 1080.0
0.000627 -0.000463 1081.0
0.000628 -0.000462 1082.0
0.000628 -0.000461 1083.0
0.000629 -0.000460 1084.0
0.000629 -0.000459 1085.0
0.000630 -0.000458 1086.0
0.000631 -0.000456 1087.0
0.000631 -0.000455 1088.0
0.000632 -0.000454 1089.0
0.000632 -0.000453 1090.0
0.000633 -0.000452 1091.0
0.000634 -0.000451 1092.0
0.000634 -0.000450 1093.0
0.000635 -0.000449 1094.0
0.000635 -0.000447 1095.0
0.000636 -0.000446 1096.0
0.000636 -0.000445 1097.0
0.000642 -0.000450 1098.0
0.000643 -0.000450 1099.0
0.000643 -0.000450 1100.0
0.000644 -0.000450 1101.0
0.000644 -0.000450 1102.0
0.000645 -0.000450 1103.0
0.000646 -0.000450 1104.0
0.000646 -0.000450 1105.0
0.000647 -0.000450 1106.0
0.000648 -0.000450 1107.0
0.000648 -0.000450 1108.0
0.000649 -0.000450 1109.0
0.000650 -0.000450 1110.0
0.000650 -0.000450 1111.0
0.000651 -0.000450 1112.0
0.000651 -0.000450 1113.0
0.000652 -0.000450 1114.0
0.000653 -0.000450 1115.0
0.000653 -0.000450 1116.0
0.000654 -0.000450 1117.0
0.000655 -0.000450 1118.0
0.000655 -0.000450 1119.0
0.000656 -0.000450 1120.0
0.000657 -0.000450 1121.0
0.000657 -0.000450 1122.0
0.000658 -0.000450 1123.0
0.000658 -0.000450 1124.0
0.000659 -0.000450 1125.0
0.000660 -0.000450 1126.0
0.000660 -0.000450 1127.0
0.000661 -0.000450 1128.0
0.000662 -0.000450 1129.0
0.000662 -0.000450 1130.0
0.000663 -0.000449 1131.0
0.000664 -0.000449 1132.0
0.000664 -0.000449 1133.0
0.000665 -0.000449 1134.0
0.000666 -0.000449 1135.0
0.000666 -0.000449 1136.0
0.000667 -0.000449 1137.0
0.000667 -0.000449 1138.0
0.000668 -0.000449 1139.0
0.000669 -0.000449 1140.0
0.000669 -0.000449 1141.0
0.000670 -0.000449 1142.0
0.000671 -0.000449 1143.0
0.000671 -0.000449 1144.0
0.000672 -0.000449 1145.0
0.000673 -0.000449 1146.0
0.000673 -0.000449 1147.0
0.000674 -0.000449 1148.0
0.000674 -0.000449 1149.0
0.000675 -0.000449 1150.0
0.000676 -0.000449 1151.0
0.000676 -0.000449 1152.0
0.000677 -0.000449 1153.0
0.000678 -0.000449 1154.0
0.000678 -0.000449 1155.0
0.000679 -0.000449 1156.0
0.000680 -0.000449 1157.0
0.000680 -0.000449 1158.0
0.000680 -0.000449 1159.0
0.000681 -0.000449 1160.0
0.000681 -0.000448 1161.0
0.000681 -0.000448 1162.0
0.000681 -0.000447 1163.0
0.000682 -0.000447 1164.0
0.000682 -0.000446 1165.0
0.000682 -0.000446 1166.0
0.000683 -0.000445 1167.0
0.000683 -0.000445 1168.0
0.000683 -0.000444 1169.0
0.000684 -0.000444 1170.0
0.000684 -0.000443 1171.0
0.000684 -0.000443 1172.0
0.000685 -0.000442 1173.0
0.000685 -0.000442 1174.0
0.000685 -0.000441 1175.0
0.000686 -0.000441 1176.0
0.000686 -0.000440 1177.0
0.000686 -0.000440 1178.0
0.000686 -0.000439 1179.0
0.000687 -0.000439 1180.0
0.000687 -0.000438 1181.0
0.000687 -0.000438 1182.0
0.000688 -0.000437 1183.0
0.000688 -0.000437 1184.0
0.000688 -0.000437 1185.0
0.000689 -0.000436 1186.0
0.000689 -0.000436 1187.0
0.000689 -0.000435 1188.0
0.000690 -0.000435 1189.0
0.000690 -0.000434 1190.0
0.000690 -0.000434 1191.0
0.000691 -0.000433 1192.0
0.000691 -0.000433 1193.0
0.000691 -0.000432 1194.0
0.000691 -0.000432 1195.0
0.000692 -0.000431 1196.0
0.000692 -0.000431 1197.0
0.000692 -0.000430 1198.0
0.000693 -0.000430 1199.0
0.000693 -0.000429 1200.0
0.000693 -0.000429 1201.0
0.000694 -0.000428 1202.0
0.000694 -0.000428 1203.0
0.000694 -0.000427 1204.0
0.000695 -0.000427 1205.0
0.000695 -0.000426 1206.0
0.000695 -0.000426 1207.0
0.000696 -0.000425 1208.0
0.000696 -0.000425 1209.0
0.000696 -0.000424 1210.0
0.000696 -0.000424 1211.0
0.000697 -0.000423 1212.0
0.000697 -0.000423 1213.0
0.000697 -0.000422 1214.0
0.000698 -0.000422 1215.0
0.000698 -0.000421 1216.0
0.000698 -0.000421 1217.0
0.000701 -0.000424 1218.0
0.000701 -0.000424 1219.0
0.000701 -0.000423 1220.0
0.000701 -0.000423 1221.0
0.000701 -0.000423 1222.0
0.000701 -0.000423 1223.0
0.000701 -0.000423 1224.0
0.000701 -0.000423 1225.0
0.000701 -0.000423 1226.0
0.000701 -0.000423 1227.0
0.000701 -0.000423 1228.0
0.000701 -0.000423 1229.0
0.000701 -0.000423 1230.0
0.000701 -0.000422 1231.0
0.000701 -0.000422 1232.0
0.000701 -0.000422 1233.0
0.000701 -0.000422 1234.0
0.000701 -0.000422 1235.0
0.000701 -0.000422 1236.0
0.000702 -0.000422 1237.0
0.000702 -0.000422 1238.0
0.000702 -0.000422 1239.0
0.000702 -0.000422 1240.0
0.000702 -0.000422 1241.0
0.000702 -0.000421 1242.0
0.000702 -0.000421 1243.0
0.000702 -0.000421 1244.0
0.000702 -0.000421 1245.0
0.000702 -0.000421 1246.0
0.000702 -0.000421 1247.0
0.000702 -0.000421 1248.0
0.000702 -0.000421 1249.0
0.000702 -0.000421 1250.0
0.000702 -0.000421 1251.0
0.000702 -0.000421 1252.0
0.000702 -0.000420 1253.0
0.000702 -0.000420 1254.0
0.000702 -0.000420 1255.0
0.000702 -0.000420 1256.0
0.000702 -0.000420 1257.0
0.000702 -0.000420 1258.0
0.000702 -0.000420 1259.0
0.000702 -0.000420 1260.0
0.000702 -0.000420 1261.0
0.000703 -0.000420 1262.0
0.000703 -0.000419 1263.0
0.000703 -0.000419 1264.0
0.000703 -0.000419 1265.0
0.000703 -0.000419 1266.0
0.000703 -0.000419 1267.0
0.000703 -0.000419 1268.0
0.000703 -0.000419 1269.0
0.000703 -0.000419 1270.0
0.000703 -0.000419 1271.0
0.000703 -0.000419 1272.0
0.000703 -0.000419 1273.0
0.000703 -0.000418 1274.0
0.000703 -0.000418 1275.0
0.000703 -0.000418 1276.0
0.000703 -0.000418 1277.0
0.000704 -0.000419 1278.0
0.000704 -0.000418 1279.0
0.000704 -0.000418 1280.0
0.000704 -0.000418 1281.0
0.000704 -0.000418 1282.0
0.000704 -0.000418 1283.0
0.000704 -0.000418 1284.0
0.000704 -0.000418 1285.0
0.000704 -0.000418 1286.0
0.000704 -0.000418 1287.0
0.000704 -0.000418 1288.0
0.000704 -0.000418 1289.0
0.000704 -0.000418 1290.0
0.000704 -0.000418 1291.0
0.000704 -0.000418 1292.0
0.000704 -0.000418 1293.0
0.000704 -0.000418 1294.0
0.000704 -0.000417 1295.0
0.000704 -0.000417 1296.0
0.000704 -0.000417 1297.0
0.000705 -0.000417 1298.0
0.000705 -0.000417 1299.0
0.000705 -0.000417 1300.0
0.000705 -0.000417 1301.0
0.000705 -0.000417 1302.0
0.000705 -0.000417 1303.0
0.000705 -0.000417 1304.0
0.000705 -0.000417 1305.0
0.000705 -0.000417 1306.0
0.000705 -0.000417 1307.0
0.000705 -0.000417 1308.0
0.000705 -0.000417 1309.0
0.000705 -0.000417 1310.0
0.000705 -0.000416 1311.0
0.000705 -0.000416 1312.0
0.000705 -0.000416 1313.0
0.000705 -0.000416 1314.0
0.000705 -0.000416 1315.0
0.000705 -0.000416 1316.0
0.000705 -0.000416 1317.0
0.000705 -0.000416 1318.0
0.000706 -0.000416 1319.0
0.000706 -0.000416 1320.0
0.000706 -0.000416 1321.0
0.000706 -0.000416 1322.0
0.000706 -0.000416 1323.0
0.000706 -0.000416 1324.0
0.000706 -0.000416 1325.0
0.000706 -0.000415 1326.0
0.000706 -0.000415 1327.0
0.000706 -0.000415 1328.0
0.000706 -0.000415 1329.0
0.000706 -0.000415 1330.0
0.000706 -0.000415 1331.0
0.000706 -0.000415 1332.0
0.000706 -0.000415 1333.0
0.000706 -0.000415 1334.0
0.000706 -0.000415 1335.0
0.000706 -0.000415 1336.0
0.000706 -0.000415 1337.0
0.000706 -0.000415 1338.0
0.000707 -0.000415 1339.0
0.000707 -0.000415 1340.0
0.000707 -0.000415 1341.0
0.000707 -0.000415 1342.0
0.000707 -0.000415 1343.0
0.000707 -0.000415 1344.0
0.000707 -0.000415 1345.0
0.000707 -0.000415 1346.0
0.000707 -0.000415 1347.0
0.000707 -0.000415 1348.0
0.000707 -0.000415 1349.0
0.000707 -0.000415 1350.0
0.000707 -0.000415 1351.0
0.000707 -0.000415 1352.0
0.000707 -0.000415 1353.0
0.000707 -0.000415 1354.0
0.000707 -0.000415 1355.0
0.000707 -0.000415 1356.0
0.000707 -0.000415 1357.0
0.000707 -0.000415 1358.0
0.000707 -0.000415 1359.0
0.000707 -0.000415 1360.0
0.000707 -0.000415 1361.0
0.000707 -0.000415 1362.0
0.000707 -0.000415 1363.0
0.000707 -0.000415 1364.0
0.000707 -0.000415 1365.0
0.000707 -0.000415 1366.0
0.000707 -0.000415 1367.0
0.000707 -0.000415 1368.0
0.000707 -0.000415 1369.0
0.000707 -0.000415 1370.0
0.000707 -0.000415 1371.0
0.000707 -0.000415 1372.0
0.000707 -0.000415 1373.0
0.000707 -0.000415 1374.0
0.000707 -0.000415 1375.0
0.000707 -0.000415 1376.0
0.000707 -0.000415 1377.0
0.000707 -0.000415 1378.0
0.000707 -0.000415 1379.0
0.000707 -0.000415 1380.0
0.000707 -0.000415 1381.0
0.000707 -0.000415 1382.0
0.000707 -0.000415 1383.0
0.000707 -0.000415 1384.0
0.000707 -0.000415 1385.0
0.000707 -0.000415 1386.0
0.000707 -0.000415 1387.0
0.000707 -0.000415 1388.0
0.000707 -0.000415 1389.0
0.000707 -0.000415 1390.0
0.000707 -0.000415 1391.0
0.000707 -0.000415 1392.0
0.000707 -0.000415 1393.0
0.000707 -0.000415 1394.0
0.000707 -0.000415 1395.0
0.000707 -0.000415 1396.0
0.000707 -0.000415 1397.0
0.000707 -0.000415 1398.0
0.000707 -0.000415 1399.0
0.000707 -0.000415 1400.0
0.000707 -0.000415 1401.0
0.000707 -0.000415 1402.0
0.000707 -0.000415 1403.0
0.000707 -0.000415 1404.0
0.000707 -0.000415 1405.0
0.000707 -0.000415 1406.0
0.000707 -0.000415 1407.0
0.000707 -0.000415 1408.0
0.000707 -0.000415 1409.0
0.000707 -0.000415 1410.0
0.000707 -0.000415 1411.0
0.000707 -0.000415 1412.0
0.000707 -0.000415 1413.0
0.000707 -0.000415 1414.0
0.000707 -0.000415 1415.0
0.000707 -0.000415 1416.0
0.000707 -0.000415 1417.0
0.000707 -0.000415 1418.0
0.000707 -0.000415 1419.0
0.000707 -0.000415 1420.0
0.000707 -0.000415 1421.0
0.000707 -0.000415 1422.0
0.000707 -0.000415 1423.0
0.000707 -0.000415 1424.0
0.000707 -0.000415 1425.0
0.000707 -0.000415 1426.0
0.000707 -0.000415 1427.0
0.000707 -0.000415 1428.0
0.000707 -0.000415 1429.0
0.000707 -0.000415 1430.0
0.000707 -0.000414 1431.0
0.000707 -0.000414 1432.0
0.000707 -0.000414 1433.0
0.000707 -0.000414 1434.0
0.000706 -0.000414 1435.0
0.000706 -0.000414 1436.0
0.000706 -0.000414 1437.0
0.000706 -0.000414 1438.0
0.000706 -0.000414 1439.0
0.000706 -0.000414 1440.0
0.000706 -0.000414 1441.0
0.000706 -0.000414 1442.0
0.000706 -0.000414 1443.0
0.000706 -0.000414 1444.0
0.000706 -0.000414 1445.0
0.000706 -0.000414 1446.0
0.000706 -0.000413 1447.0
0.000706 -0.000413 1448.0
0.000706 -0.000413 1449.0
0.000706 -0.000413 1450.0
0.000706 -0.000413 1451.0
0.000706 -0.000413 1452.0
0.000706 -0.000413 1453.0
0.000706 -0.000413 1454.0
0.000706 -0.000413 1455.0
0.000705 -0.000413 1456.0
0.000705 -0.000413 1457.0
0.000705 -0.000413 1458.0
0.000705 -0.000413 1459.0
0.000705 -0.000413 1460.0
0.000705 -0.000413 1461.0
0.000705 -0.000413 1462.0
0.000705 -0.000413 1463.0
0.000705 -0.000412 1464.0
0.000705 -0.000412 1465.0
0.000705 -0.000412 1466.0
0.000705 -0.000412 1467.0
0.000705 -0.000412 1468.0
0.000705 -0.000412 1469.0
0.000705 -0.000412 1470.0
0.000705 -0.000412 1471.0
0.000705 -0.000412 1472.0
0.000705 -0.000412 1473.0
0.000705 -0.000412 1474.0
0.000705 -0.000412 1475.0
0.000705 -0.000412 1476.0
0.000704 -0.000412 1477.0
0.000704 -0.000412 1478.0
0.000704 -0.000412 1479.0
0.000704 -0.000411 1480.0
0.000704 -0.000412 1481.0
0.000704 -0.000412 1482.0
0.000703 -0.000413 1483.0
0.000703 -0.000413 1484.0
0.000702 -0.000413 1485.0
0.000702 -0.000414 1486.0
0.000702 -0.000414 1487.0
0.000701 -0.000414 1488.0
0.000701 -0.000415 1489.0
0.000700 -0.000415 1490.0
0.000700 -0.000415 1491.0
0.000700 -0.000415 1492.0
0.000699 -0.000416 1493.0
0.000699 -0.000416 1494.0
0.000698 -0.000416 1495.0
0.000698 -0.000417 1496.0
0.000698 -0.000417 1497.0
0.000697 -0.000417 1498.0
0.000697 -0.000418 1499.0
0.000697 -0.000418 1500.0
0.000696 -0.000418 1501.0
0.000696 -0.000419 1502.0
0.000695 -0.000419 1503.0
0.000695 -0.000419 1504.0
0.000695 -0.000420 1505.0
0.000694 -0.000420 1506.0
0.000694 -0.000420 1507.0
0.000693 -0.000421 1508.0
0.000693 -0.000421 1509.0
0.000693 -0.000421 1510.0
0.000692 -0.000422 1511.0
0.000692 -0.000422 1512.0
0.000691 -0.000422 1513.0
0.000691 -0.000423 1514.0
0.000691 -0.000423 1515.0
0.000690 -0.000423 1516.0
0.000690 -0.000424 1517.0
0.000689 -0.000424 1518.0
0.000689 -0.000424 1519.0
0.000689 -0.000425 1520.0
0.000688 -0.000425 1521.0
0.000688 -0.000425 1522.0
0.000687 -0.000426 1523.0
0.000687 -0.000426 1524.0
0.000687 -0.000426 1525.0
0.000686 -0.000427 1526.0
0.000686 -0.000427 1527.0
0.000685 -0.000427 1528.0
0.000685 -0.000427 1529.0
0.000685 -0.000428 1530.0
0.000684 -0.000428 1531.0
0.000684 -0.000428 1532.0
0.000683 -0.000429 1533.0
0.000683 -0.000429 1534.0
0.000683 -0.000429 1535.0
0.000682 -0.000430 1536.0
0.000682 -0.000430 1537.0
0.000681 -0.000430 1538.0
0.000681 -0.000431 1539.0
0.000681 -0.000431 1540.0
0.000679 -0.000428 1541.0
0.000679 -0.000429 1542.0
0.000678 -0.000429 1543.0
0.000678 -0.000430 1544.0
0.000678 -0.000430 1545.0
0.000677 -0.000431 1546.0
0.000677 -0.000432 1547.0
0.000676 -0.000432 1548.0
0.000676 -0.000433 1549.0
0.000676 -0.000433 1550.0
0.000675 -0.000434 1551.0
0.000675 -0.000434 1552.0
0.000674 -0.000435 1553.0
0.000674 -0.000436 1554.0
0.000674 -0.000436 1555.0
0.000673 -0.000437 1556.0
0.000673 -0.000437 1557.0
0.000672 -0.000438 1558.0
0.000672 -0.000439 1559.0
0.000672 -0.000439 1560.0
0.000671 -0.000440 1561.0
0.000671 -0.000440 1562.0
0.000670 -0.000441 1563.0
0.000670 -0.000441 1564.0
0.000670 -0.000442 1565.0
0.000669 -0.000443 1566.0
0.000669 -0.000443 1567.0
0.000668 -0.000444 1568.0
0.000668 -0.000444 1569.0
0.000667 -0.000445 1570.0
0.000667 -0.000445 1571.0
0.000667 -0.000446 1572.0
0.000666 -0.000447 1573.0
0.000666 -0.000447 1574.0
0.000665 -0.000448 1575.0
0.000665 -0.000448 1576.0
0.000665 -0.000449 1577.0
0.000664 -0.000450 1578.0
0.000664 -0.000450 1579.0
0.000663 -0.000451 1580.0
0.000663 -0.000451 1581.0
0.000663 -0.000452 1582.0
0.000662 -0.000452 1583.0
0.000662 -0.000453 1584.0
0.000661 -0.000454 1585.0
0.000661 -0.000454 1586.0
0.000661 -0.000455 1587.0
0.000660 -0.000455 1588.0
0.000660 -0.000456 1589.0
0.000659 -0.000456 1590.0
0.000659 -0.000457 1591.0
0.000659 -0.000458 1592.0
0.000658 -0.000458 1593.0
0.000658 -0.000459 1594.0
0.000657 -0.000459 1595.0
0.000657 -0.000460 1596.0
0.000657 -0.000461 1597.0
0.000656 -0.000461 1598.0
0.000656 -0.000462 1599.0
0.000655 -0.000462 1600.0
0.000655 -0.000463 1601.0
0.000654 -0.000463 1602.0
0.000654 -0.000464 1603.0
0.000654 -0.000465 1604.0
0.000653 -0.000465 1605.0
0.000653 -0.000466 1606.0
0.000652 -0.000466 1607.0
0.000649 -0.000462 1608.0
0.000648 -0.000463 1609.0
0.000646 -0.000464 1610.0
0.000645 -0.000465 1611.0
0.000643 -0.000466 1612.0
0.000642 -0.000467 1613.0
0.000640 -0.000468 1614.0
0.000639 -0.000469 1615.0
0.000637 -0.000470 1616.0
0.000636 -0.000471 1617.0
0.000635 -0.000472 1618.0
0.000633 -0.000473 1619.0
0.000632 -0.000474 1620.0
0.000630 -0.000475 1621.0
0.000629 -0.000476 1622.0
0.000627 -0.000477 1623.0
0.000626 -0.000478 1624.0
0.000624 -0.000479 1625.0
0.000623 -0.000480 1626.0
0.000621 -0.000481 1627.0
0.000620 -0.000482 1628.0
0.000618 -0.000483 1629.0
0.000617 -0.000484 1630.0
0.000616 -0.000485 1631.0
0.000614 -0.000486 1632.0
0.000613 -0.000487 1633.0
0.000611 -0.000488 1634.0
0.000610 -0.000489 1635.0
0.000608 -0.000490 1636.0
0.000607 -0.000491 1637.0
0.000605 -0.000492 1638.0
0.000604 -0.000493 1639.0
0.000602 -0.000494 1640.0
0.000601 -0.000495 1641.0
0.000599 -0.000496 1642.0
0.000598 -0.000497 1643.0
0.000597 -0.000498 1644.0
0.000595 -0.000498 1645.0
0.000594 -0.000499 1646.0
0.000592 -0.000500 1647.0
0.000591 -0.000501 1648.0
0.000589 -0.000502 1649.0
0.000588 -0.000503 1650.0
0.000586 -0.000504 1651.0
0.000585 -0.000505 1652.0
0.000583 -0.000506 1653.0
0.000582 -0.000507 1654.0
0.000580 -0.000508 1655.0
0.000579 -0.000509 1656.0
0.000578 -0.000510 1657.0
0.000576 -0.000511 1658.0
0.000575 -0.000512 1659.0
0.000573 -0.000513 1660.0
0.000572 -0.000514 1661.0
0.000570 -0.000515 1662.0
0.000569 -0.000516 1663.0
0.000567 -0.000517 1664.0
0.000564 -0.000508 1665.0
0.000562 -0.000507 1666.0
0.000560 -0.000507 1667.0
0.000558 -0.000507 1668.0
0.000557 -0.000506 1669.0
0.000555 -0.000506 1670.0
0.000553 -0.000506 1671.0
0.000551 -0.000506 1672.0
0.000550 -0.000505 1673.0
0.000548 -0.000505 1674.0
0.000546 -0.000505 1675.0
0.000544 -0.000504 1676.0
0.000543 -0.000504 1677.0
0.000541 -0.000504 1678.0
0.000539 -0.000503 1679.0
0.000537 -0.000503 1680.0
0.000536 -0.000503 1681.0
0.000534 -0.000502 1682.0
0.000532 -0.000502 1683.0
0.000530 -0.000502 1684.0
0.000529 -0.000501 1685.0
0.000527 -0.000501 1686.0
0.000525 -0.000501 1687.0
0.000523 -0.000500 1688.0
0.000522 -0.000500 1689.0
0.000520 -0.000500 1690.0
0.000518 -0.000499 1691.0
0.000516 -0.000499 1692.0
0.000515 -0.000499 1693.0
0.000513 -0.000498 1694.0
0.000511 -0.000498 1695.0
0.000509 -0.000498 1696.0
0.000508 -0.000497 1697.0
0.000506 -0.000497 1698.0
0.000504 -0.000497 1699.0
0.000502 -0.000496 1700.0
0.000501 -0.000496 1701.0
0.000499 -0.000496 1702.0
0.000497 -0.000495 1703.0
0.000495 -0.000495 1704.0
0.000494 -0.000495 1705.0
0.000492 -0.000494 1706.0
0.000490 -0.000494 1707.0
0.000488 -0.000494 1708.0
0.000487 -0.000493 1709.0
0.000485 -0.000493 1710.0
0.000483 -0.000493 1711.0
0.000481 -0.000492 1712.0
0.000480 -0.000492 1713.0
0.000478 -0.000492 1714.0
0.000476 -0.000491 1715.0
0.000474 -0.000491 1716.0
0.000473 -0.000491 1717.0
0.000471 -0.000490 1718.0
0.000469 -0.000490 1719.0
0.000467 -0.000490 1720.0
0.000466 -0.000489 1721.0
0.000465 -0.000493 1722.0
0.000464 -0.000493 1723.0
0.000463 -0.000493 1724.0
0.000462 -0.000492 1725.0
0.000461 -0.000492 1726.0
0.000460 -0.000492 1727.0
0.000459 -0.000492 1728.0
0.000458 -0.000492 1729.0
0.000457 -0.000491 1730.0
0.000456 -0.000491 1731.0
0.000455 -0.000491 1732.0
0.000454 -0.000491 1733.0
0.000453 -0.000490 1734.0
0.000452 -0.000490 1735.0
0.000451 -0.000490 1736.0
0.000450 -0.000490 1737.0
0.000449 -0.000489 1738.0
0.000448 -0.000489 1739.0
0.000447 -0.000489 1740.0
0.000446 -0.000489 1741.0
0.000445 -0.000489 1742.0
0.000444 -0.000488 1743.0
0.000443 -0.000488 1744.0
0.000442 -0.000488 1745.0
0.000441 -0.000488 1746.0
0.000440 -0.000487 1747.0
0.000439 -0.000487 1748.0
0.000438 -0.000487 1749.0
0.000438 -0.000487 1750.0
0.000437 -0.000487 1751.0
0.000436 -0.000486 1752.0
0.000435 -0.000486 1753.0
0.000434 -0.000486 1754.0
0.000433 -0.000486 1755.0
0.000432 -0.000485 1756.0
0.000431 -0.000485 1757.0
0.000430 -0.000485 1758.0
0.000429 -0.000485 1759.0
0.000428 -0.000484 1760.0
0.000427 -0.000484 1761.0
0.000426 -0.000484 1762.0
0.000425 -0.000484 1763.0
0.000424 -0.000484 1764.0
0.000423 -0.000483 1765.0
0.000422 -0.000483 1766.0
0.000421 -0.000483 1767.0
0.000420 -0.000483 1768.0
0.000419 -0.000482 1769.0
0.000418 -0.000482 1770.0
0.000417 -0.000482 1771.0
0.000416 -0.000482 1772.0
0.000415 -0.000481 1773.0
0.000414 -0.000481 1774.0
0.000413 -0.000481 1775.0
0.000412 -0.000481 1776.0
0.000411 -0.000481 1777.0
0.000410 -0.000480 1778.0
0.000409 -0.000480 1779.0
0.000408 -0.000480 1780.0
0.000407 -0.000483 1781.0
0.000407 -0.000481 1782.0
0.000407 -0.000479 1783.0
0.000408 -0.000478 1784.0
0.000408 -0.000476 1785.0
0.000408 -0.000475 1786.0
0.000408 -0.000473 1787.0
0.000408 -0.000472 1788.0
0.000408 -0.000470 1789.0
0.000408 -0.000469 1790.0
0.000408 -0.000467 1791.0
0.000408 -0.000466 1792.0
0.000408 -0.000464 1793.0
0.000408 -0.000462 1794.0
0.000408 -0.000461 1795.0
0.000408 -0.000459 1796.0
0.000409 -0.000458 1797.0
0.000409 -0.000456 1798.0
0.000409 -0.000455 1799.0
0.000409 -0.000453 1800.0
0.000409 -0.000452 1801.0
0.000409 -0.000450 1802.0
0.000409 -0.000449 1803.0
0.000409 -0.000447 1804.0
0.000409 -0.000446 1805.0
0.000409 -0.000444 1806.0
0.000409 -0.000442 1807.0
0.000409 -0.000441 1808.0
0.000409 -0.000439 1809.0
0.000409 -0.000438 1810.0
0.000410 -0.000436 1811.0
0.000410 -0.000435 1812.0
0.000410 -0.000433 1813.0
0.000410 -0.000432 1814.0
0.000410 -0.000430 1815.0
0.000410 -0.000429 1816.0
0.000410 -0.000427 1817.0
0.000411 -0.000427 1818.0
0.000411 -0.000427 1819.0
0.000411 -0.000427 1820.0
0.000411 -0.000427 1821.0
0.000411 -0.000427 1822.0
0.000411 -0.000426 1823.0
0.000412 -0.000426 1824.0
0.000412 -0.000426 1825.0
0.000412 -0.000426 1826.0
0.000412 -0.000426 1827.0
0.000412 -0.000426 1828.0
0.000413 -0.000426 1829.0
0.000413 -0.000426 1830.0
0.000413 -0.000426 1831.0
0.000413 -0.000425 1832.0
0.000413 -0.000425 1833.0
0.000413 -0.000425 1834.0
0.000414 -0.000425 1835.0
0.000414 -0.000425 1836.0
0.000414 -0.000425 1837.0
0.000414 -0.000425 1838.0
0.000414 -0.000425 1839.0
0.000415 -0.000424 1840.0
0.000415 -0.000424 1841.0
0.000415 -0.000424 1842.0
0.000415 -0.000424 1843.0
0.000415 -0.000424 1844.0
0.000415 -0.000424 1845.0
0.000416 -0.000424 1846.0
0.000416 -0.000424 1847.0
0.000416 -0.000424 1848.0
0.000416 -0.000423 1849.0
0.000416 -0.000423 1850.0
0.000416 -0.000423 1851.0
0.000417 -0.000423 1852.0
0.000417 -0.000423 1853.0
0.000417 -0.000423 1854.0
0.000417 -0.000423 1855.0
0.000417 -0.000423 1856.0
0.000418 -0.000422 1857.0
0.000418 -0.000422 1858.0
0.000418 -0.000422 1859.0
0.000418 -0.000422 1860.0
0.000418 -0.000422 1861.0
0.000418 -0.000422 1862.0
0.000419 -0.000422 1863.0
0.000419 -0.000422 1864.0
0.000419 -0.000421 1865.0
0.000419 -0.000421 1866.0
0.000419 -0.000421 1867.0
0.000419 -0.000421 1868.0
0.000420 -0.000421 1869.0
0.000420 -0.000421 1870.0
0.000420 -0.000421 1871.0
0.000420 -0.000421 1872.0
0.000420 -0.000421 1873.0
0.000421 -0.000420 1874.0
0.000421 -0.000420 1875.0
0.000421 -0.000420 1876.0
0.000421 -0.000420 1877.0
0.000421 -0.000420 1878.0
0.000421 -0.000420 1879.0
0.000422 -0.000420 1880.0
0.000422 -0.000420 1881.0
0.000422 -0.000419 1882.0
0.000422 -0.000421 1883.0
0.000422 -0.000421 1884.0
0.000422 -0.000421 1885.0
0.000423 -0.000421 1886.0
0.000423 -0.000421 1887.0
0.000423 -0.000421 1888.0
0.000423 -0.000421 1889.0
0.000423 -0.000421 1890.0
0.000423 -0.000421 1891.0
0.000423 -0.000421 1892.0
0.000423 -0.000421 1893.0
0.000423 -0.000421 1894.0
0.000423 -0.000421 1895.0
0.000423 -0.000421 1896.0
0.000423 -0.000421 1897.0
0.000423 -0.000421 1898.0
0.000423 -0.000421 1899.0
0.000423 -0.000421 1900.0
0.000423 -0.000421 1901.0
