0.000635 -0.000573 10.0
0.000635 -0.000573 11.0
0.000635 -0.000573 12.0
0.000635 -0.000573 13.0
0.000635 -0.000573 14.0
0.000635 -0.000573 15.0
0.000635 -0.000573 16.0
0.000635 -0.000573 17.0
0.000635 -0.000573 18.0
0.000635 -0.000573 19.0
0.000635 -0.000573 20.0
0.000635 -0.000573 21.0
0.000635 -0.000573 22.0
0.000635 -0.000573 23.0
0.000635 -0.000573 24.0
0.000635 -0.000573 25.0
0.000635 -0.000573 26.0
0.000635 -0.000573 27.0
0.000635 -0.000573 28.0
0.000635 -0.000573 29.0
0.000635 -0.000573 30.0
0.000635 -0.000573 31.0
0.000635 -0.000573 32.0
0.000635 -0.000573 33.0
0.000635 -0.000573 34.0
0.000635 -0.000573 35.0
0.000635 -0.000573 36.0
0.000635 -0.000573 37.0
0.000635 -0.000573 38.0
0.000635 -0.000573 39.0
0.000635 -0.000573 40.0
0.000635 -0.000573 41.0
0.000635 -0.000573 42.0
0.000635 -0.000573 43.0
0.000635 -0.000573 44.0
0.000635 -0.000573 45.0
0.000635 -0.000573 46.0
0.000635 -0.000573 47.0
0.000635 -0.000573 48.0
0.000635 -0.000573 49.0
0.000635 -0.000573 50.0
0.000635 -0.000573 51.0
0.000635 -0.000573 52.0
0.000635 -0.000573 53.0
0.000635 -0.000573 54.0
0.000635 -0.000573 55.0
0.000635 -0.000573 56.0
0.000635 -0.000573 57.0
0.000635 -0.000573 58.0
0.000635 -0.000573 59.0
0.000635 -0.000573 60.0
0.000635 -0.000573 61.0
0.000635 -0.000573 62.0
0.000635 -0.000573 63.0
0.000635 -0.000573 64.0
0.000635 -0.000573 65.0
0.000635 -0.000573 66.0
0.000635 -0.000573 67.0
0.000635 -0.000573 68.0
0.000635 -0.000573 69.0
0.000635 -0.000573 70.0
0.000635 -0.000573 71.0
0.000635 -0.000572 72.0
0.000635 -0.000572 73.0
0.000635 -0.000572 74.0
0.000635 -0.000572 75.0
0.000635 -0.000572 76.0
0.000634 -0.000572 77.0
0.000634 -0.000572 78.0
0.000634 -0.000572 79.0
0.000634 -0.000572 80.0
0.000634 -0.000572 81.0
0.000634 -0.000572 82.0
0.000634 -0.000572 83.0
0.000634 -0.000571 84.0
0.000633 -0.000571 85.0
0.000633 -0.000571 86.0
0.000633 -0.000571 87.0
0.000633 -0.000571 88.0
0.000633 -0.000571 89.0
0.000633 -0.000571 90.0
0.000633 -0.000571 91.0
0.000632 -0.000571 92.0
0.000632 -0.000571 93.0
0.000632 -0.000571 94.0
0.000632 -0.000571 95.0
0.000632 -0.000571 96.0
0.000632 -0.000570 97.0
0.000632 -0.000570 98.0
0.000632 -0.000570 99.0
0.000631 -0.000570 100.0
0.000631 -0.000570 101.0
0.000631 -0.000570 102.0
0.000631 -0.000570 103.0
0.000631 -0.000570 104.0
0.000631 -0.000570 105.0
0.000631 -0.000570 106.0
0.000631 -0.000570 107.0
0.000630 -0.000570 108.0
0.000630 -0.000569 109.0
0.000630 -0.000569 110.0
0.000630 -0.000569 111.0
0.000630 -0.000569 112.0
0.000630 -0.000569 113.0
0.000630 -0.000569 114.0
0.000630 -0.000569 115.0
0.000629 -0.000569 116.0
0.000629 -0.000569 117.0
0.000629 -0.000569 118.0
0.000629 -0.000569 119.0
0.000629 -0.000569 120.0
0.000629 -0.000568 121.0
0.000629 -0.000568 122.0
0.000629 -0.000568 123.0
0.000628 -0.000568 124.0
0.000628 -0.000568 125.0
0.000628 -0.000568 126.0
0.000628 -0.000568 127.0
0.000628 -0.000568 128.0
0.000628 -0.000568 129.0
0.000628 -0.000569 130.0
0.000628 -0.000568 131.0
0.000628 -0.000568 132.0
0.000628 -0.000568 133.0
0.000629 -0.000568 134.0
0.000629 -0.000567 135.0
0.000629 -0.000567 136.0
0.000629 -0.000567 137.0
0.000630 -0.000567 138.0
0.000630 -0.000566 139.0
0.000630 -0.000566 140.0
0.000631 -0.000566 141.0
0.000631 -0.000566 142.0
0.000631 -0.000565 143.0
0.000631 -0.000565 144.0
0.000632 -0.000565 145.0
0.000632 -0.000565 146.0
0.000632 -0.000565 147.0
0.000633 -0.000564 148.0
0.000633 -0.000564 149.0
0.000633 -0.000564 150.0
0.000633 -0.000564 151.0
0.000634 -0.000563 152.0
0.000634 -0.000563 153.0
0.000634 -0.000563 154.0
0.000635 -0.000563 155.0
0.000635 -0.000562 156.0
0.000635 -0.000562 157.0
0.000635 -0.000562 158.0
0.000636 -0.000562 159.0
0.000636 -0.000561 160.0
0.000636 -0.000561 161.0
0.000637 -0.000561 162.0
0.000637 -0.000561 163.0
0.000637 -0.000560 164.0
0.000637 -0.000560 165.0
0.000638 -0.000560 166.0
0.000638 -0.000560 167.0
0.000638 -0.000559 168.0
0.000639 -0.000559 169.0
0.000639 -0.000559 170.0
0.000639 -0.000559 171.0
0.000639 -0.000558 172.0
0.000640 -0.000558 173.0
0.000640 -0.000558 174.0
0.000640 -0.000558 175.0
0.000641 -0.000558 176.0
0.000641 -0.000557 177.0
0.000641 -0.000557 178.0
0.000641 -0.000557 179.0
0.000642 -0.000557 180.0
0.000642 -0.000556 181.0
0.000642 -0.000556 182.0
0.000643 -0.000556 183.0
0.000643 -0.000556 184.0
0.000643 -0.000555 185.0
0.000643 -0.000555 186.0
0.000644 -0.000555 187.0
0.000644 -0.000555 188.0
0.000644 -0.000554 189.0
0.000645 -0.000557 190.0
0.000645 -0.000557 191.0
0.000646 -0.000557 192.0
0.000646 -0.000557 193.0
0.000646 -0.000558 194.0
0.000646 -0.000558 195.0
0.000646 -0.000558 196.0
0.000647 -0.000558 197.0
0.000647 -0.000559 198.0
0.000647 -0.000559 199.0
0.000647 -0.000559 200.0
0.000647 -0.000559 201.0
0.000648 -0.000560 202.0
0.000648 -0.000560 203.0
0.000648 -0.000560 204.0
0.000648 -0.000560 205.0
0.000648 -0.000561 206.0
0.000648 -0.000561 207.0
0.000649 -0.000561 208.0
0.000649 -0.000561 209.0
0.000649 -0.000562 210.0
0.000649 -0.000562 211.0
0.000649 -0.000562 212.0
0.000650 -0.000562 213.0
0.000650 -0.000563 214.0
0.000650 -0.000563 215.0
0.000650 -0.000563 216.0
0.000650 -0.000563 217.0
0.000651 -0.000564 218.0
0.000651 -0.000564 219.0
0.000651 -0.000564 220.0
0.000651 -0.000564 221.0
0.000651 -0.000565 222.0
0.000651 -0.000565 223.0
0.000652 -0.000565 224.0
0.000652 -0.000565 225.0
0.000652 -0.000566 226.0
0.000652 -0.000566 227.0
0.000652 -0.000566 228.0
0.000653 -0.000566 229.0
0.000653 -0.000567 230.0
0.000653 -0.000567 231.0
0.000653 -0.000567 232.0
0.000653 -0.000567 233.0
0.000654 -0.000568 234.0
0.000654 -0.000568 235.0
0.000654 -0.000568 236.0
0.000654 -0.000568 237.0
0.000654 -0.000569 238.0
0.000654 -0.000569 239.0
0.000655 -0.000569 240.0
0.000655 -0.000569 241.0
0.000655 -0.000570 242.0
0.000655 -0.000570 243.0
0.000655 -0.000570 244.0
0.000656 -0.000570 245.0
0.000656 -0.000571 246.0
0.000656 -0.000571 247.0
0.000656 -0.000571 248.0
0.000656 -0.000571 249.0
0.000657 -0.000572 250.0
0.000657 -0.000572 251.0
0.000657 -0.000572 252.0
0.000657 -0.000572 253.0
0.000658 -0.000570 254.0
0.000659 -0.000571 255.0
0.000660 -0.000571 256.0
0.000661 -0.000571 257.0
0.000661 -0.000571 258.0
0.000662 -0.000572 259.0
0.000663 -0.000572 260.0
0.000663 -0.000572 261.0
0.000664 -0.000572 262.0
0.000665 -0.000572 263.0
0.000665 -0.000573 264.0
0.000666 -0.000573 265.0
0.000667 -0.000573 266.0
0.000668 -0.000573 267.0
0.000668 -0.000573 268.0
0.000669 -0.000574 269.0
0.000670 -0.000574 270.0
0.000670 -0.000574 271.0
0.000671 -0.000574 272.0
0.000672 -0.000574 273.0
0.000672 -0.000575 274.0
0.000673 -0.000575 275.0
0.000674 -0.000575 276.0
0.000675 -0.000575 277.0
0.000675 -0.000575 278.0
0.000676 -0.000576 279.0
0.000677 -0.000576 280.0
0.000677 -0.000576 281.0
0.000678 -0.000576 282.0
0.000679 -0.000577 283.0
0.000679 -0.000577 284.0
0.000680 -0.000577 285.0
0.000681 -0.000577 286.0
0.000682 -0.000577 287.0
0.000682 -0.000578 288.0
0.000683 -0.000578 289.0
0.000684 -0.000578 290.0
0.000684 -0.000578 291.0
0.000685 -0.000578 292.0
0.000686 -0.000579 293.0
0.000686 -0.000579 294.0
0.000687 -0.000579 295.0
0.000688 -0.000579 296.0
0.000689 -0.000579 297.0
0.000689 -0.000580 298.0
0.000690 -0.000580 299.0
0.000691 -0.000580 300.0
0.000691 -0.000580 301.0
0.000692 -0.000580 302.0
0.000693 -0.000581 303.0
0.000693 -0.000581 304.0
0.000694 -0.000581 305.0
0.000695 -0.000581 306.0
0.000695 -0.000582 307.0
0.000696 -0.000582 308.0
0.000697 -0.000582 309.0
0.000698 -0.000582 310.0
0.000698 -0.000582 311.0
0.000699 -0.000580 312.0
0.000699 -0.000579 313.0
0.000699 -0.000579 314.0
0.000700 -0.000578 315.0
0.000700 -0.000578 316.0
0.000700 -0.000577 317.0
0.000701 -0.000577 318.0
0.000701 -0.000576 319.0
0.000701 -0.000575 320.0
0.000702 -0.000575 321.0
0.000702 -0.000574 322.0
0.000702 -0.000574 323.0
0.000703 -0.000573 324.0
0.000703 -0.000572 325.0
0.000703 -0.000572 326.0
0.000703 -0.000571 327.0
0.000704 -0.000571 328.0
0.000704 -0.000570 329.0
0.000704 -0.000570 330.0
0.000705 -0.000569 331.0
0.000705 -0.000568 332.0
0.000705 -0.000568 333.0
0.000706 -0.000567 334.0
0.000706 -0.000567 335.0
0.000706 -0.000566 336.0
0.000707 -0.000565 337.0
0.000707 -0.000565 338.0
0.000707 -0.000564 339.0
0.000708 -0.000564 340.0
0.000708 -0.000563 341.0
0.000708 -0.000563 342.0
0.000709 -0.000562 343.0
0.000709 -0.000561 344.0
0.000709 -0.000561 345.0
0.000710 -0.000560 346.0
0.000710 -0.000560 347.0
0.000710 -0.000559 348.0
0.000711 -0.000558 349.0
0.000711 -0.000558 350.0
0.000711 -0.000557 351.0
0.000712 -0.000557 352.0
0.000712 -0.000556 353.0
0.000712 -0.000556 354.0
0.000712 -0.000555 355.0
0.000713 -0.000554 356.0
0.000713 -0.000554 357.0
0.000713 -0.000553 358.0
0.000714 -0.000553 359.0
0.000714 -0.000552 360.0
0.000714 -0.000551 361.0
0.000715 -0.000551 362.0
0.000715 -0.000550 363.0
0.000715 -0.000550 364.0
0.000716 -0.000549 365.0
0.000716 -0.000549 366.0
0.000716 -0.000548 367.0
0.000717 -0.000547 368.0
0.000717 -0.000547 369.0
0.000717 -0.000546 370.0
0.000718 -0.000546 371.0
0.000718 -0.000545 372.0
0.000718 -0.000544 373.0
0.000719 -0.000544 374.0
0.000722 -0.000547 375.0
0.000722 -0.000547 376.0
0.000722 -0.000546 377.0
0.000722 -0.000546 378.0
0.000722 -0.000546 379.0
0.000722 -0.000546 380.0
0.000722 -0.000546 381.0
0.000723 -0.000545 382.0
0.000723 -0.000545 383.0
0.000723 -0.000545 384.0
0.000723 -0.000545 385.0
0.000723 -0.000545 386.0
0.000723 -0.000544 387.0
0.000723 -0.000544 388.0
0.000723 -0.000544 389.0
0.000724 -0.000544 390.0
0.000724 -0.000544 391.0
0.000724 -0.000543 392.0
0.000724 -0.000543 393.0
0.000724 -0.000543 394.0
0.000724 -0.000543 395.0
0.000725 -0.000543 396.0
0.000725 -0.000543 397.0
0.000725 -0.000543 398.0
0.000725 -0.000543 399.0
0.000725 -0.000543 400.0
0.000725 -0.000543 401.0
0.000725 -0.000543 402.0
0.000725 -0.000543 403.0
0.000725 -0.000543 404.0
0.000725 -0.000543 405.0
0.000724 -0.000543 406.0
0.000724 -0.000543 407.0
0.000724 -0.000543 408.0
0.000724 -0.000543 409.0
0.000724 -0.000543 410.0
0.000724 -0.000543 411.0
0.000724 -0.000543 412.0
0.000724 -0.000543 413.0
0.000724 -0.000543 414.0
0.000724 -0.000543 415.0
0.000724 -0.000543 416.0
0.000723 -0.000543 417.0
0.000723 -0.000544 418.0
0.000723 -0.000544 419.0
0.000723 -0.000544 420.0
0.000723 -0.000544 421.0
0.000722 -0.000544 422.0
0.000722 -0.000544 423.0
0.000722 -0.000544 424.0
0.000722 -0.000544 425.0
0.000722 -0.000544 426.0
0.000721 -0.000544 427.0
0.000721 -0.000544 428.0
0.000721 -0.000544 429.0
0.000721 -0.000544 430.0
0.000720 -0.000545 431.0
0.000720 -0.000545 432.0
0.000720 -0.000545 433.0
0.000720 -0.000545 434.0
0.000720 -0.000545 435.0
0.000719 -0.000545 436.0
0.000719 -0.000545 437.0
0.000719 -0.000545 438.0
0.000719 -0.000545 439.0
0.000719 -0.000545 440.0
0.000718 -0.000545 441.0
0.000718 -0.000545 442.0
0.000718 -0.000545 443.0
0.000718 -0.000546 444.0
0.000718 -0.000546 445.0
0.000717 -0.000546 446.0
0.000717 -0.000546 447.0
0.000717 -0.000546 448.0
0.000717 -0.000546 449.0
0.000717 -0.000546 450.0
0.000716 -0.000546 451.0
0.000716 -0.000546 452.0
0.000716 -0.000546 453.0
0.000716 -0.000546 454.0
0.000716 -0.000546 455.0
0.000715 -0.000547 456.0
0.000715 -0.000547 457.0
0.000715 -0.000547 458.0
0.000715 -0.000547 459.0
0.000714 -0.000547 460.0
0.000714 -0.000547 461.0
0.000714 -0.000547 462.0
0.000714 -0.000546 463.0
0.000714 -0.000546 464.0
0.000714 -0.000546 465.0
0.000713 -0.000546 466.0
0.000713 -0.000546 467.0
0.000713 -0.000546 468.0
0.000713 -0.000546 469.0
0.000713 -0.000546 470.0
0.000713 -0.000545 471.0
0.000713 -0.000545 472.0
0.000712 -0.000545 473.0
0.000712 -0.000545 474.0
0.000712 -0.000545 475.0
0.000712 -0.000545 476.0
0.000712 -0.000545 477.0
0.000712 -0.000545 478.0
0.000712 -0.000545 479.0
0.000711 -0.000545 480.0
0.000711 -0.000544 481.0
0.000711 -0.000544 482.0
0.000711 -0.000544 483.0
0.000711 -0.000544 484.0
0.000711 -0.000544 485.0
0.000711 -0.000544 486.0
0.000710 -0.000544 487.0
0.000710 -0.000544 488.0
0.000710 -0.000544 489.0
0.000710 -0.000544 490.0
0.000710 -0.000543 491.0
0.000710 -0.000543 492.0
0.000710 -0.000543 493.0
0.000709 -0.000543 494.0
0.000709 -0.000543 495.0
0.000709 -0.000543 496.0
0.000709 -0.000543 497.0
0.000709 -0.000543 498.0
0.000709 -0.000543 499.0
0.000709 -0.000543 500.0
0.000708 -0.000542 501.0
0.000708 -0.000542 502.0
0.000708 -0.000542 503.0
0.000708 -0.000542 504.0
0.000708 -0.000542 505.0
0.000708 -0.000542 506.0
0.000708 -0.000542 507.0
0.000707 -0.000542 508.0
0.000707 -0.000542 509.0
0.000707 -0.000542 510.0
0.000707 -0.000541 511.0
0.000707 -0.000541 512.0
0.000707 -0.000541 513.0
0.000707 -0.000541 514.0
0.000706 -0.000541 515.0
0.000706 -0.000541 516.0
0.000706 -0.000541 517.0
0.000706 -0.000541 518.0
0.000706 -0.000541 519.0
0.000706 -0.000541 520.0
0.000706 -0.000540 521.0
0.000705 -0.000540 522.0
0.000705 -0.000540 523.0
0.000705 -0.000540 524.0
0.000705 -0.000540 525.0
0.000705 -0.000540 526.0
0.000705 -0.000540 527.0
0.000704 -0.000541 528.0
0.000704 -0.000541 529.0
0.000704 -0.000541 530.0
0.000704 -0.000541 531.0
0.000704 -0.000541 532.0
0.000704 -0.000541 533.0
0.000704 -0.000541 534.0
0.000704 -0.000541 535.0
0.000704 -0.000541 536.0
0.000704 -0.000541 537.0
0.000704 -0.000541 538.0
0.000704 -0.000541 539.0
0.000704 -0.000541 540.0
0.000704 -0.000541 541.0
0.000704 -0.000541 542.0
0.000704 -0.000541 543.0
0.000704 -0.000541 544.0
0.000704 -0.000541 545.0
0.000704 -0.000541 546.0
0.000704 -0.000541 547.0
0.000704 -0.000541 548.0
0.000704 -0.000541 549.0
0.000704 -0.000541 550.0
0.000704 -0.000541 551.0
0.000704 -0.000541 552.0
0.000704 -0.000541 553.0
0.000704 -0.000541 554.0
0.000704 -0.000541 555.0
0.000704 -0.000541 556.0
0.000704 -0.000541 557.0
0.000704 -0.000541 558.0
0.000704 -0.000541 559.0
0.000704 -0.000541 560.0
0.000704 -0.000541 561.0
0.000704 -0.000541 562.0
0.000704 -0.000541 563.0
0.000704 -0.000541 564.0
0.000704 -0.000541 565.0
0.000704 -0.000541 566.0
0.000704 -0.000541 567.0
0.000704 -0.000541 568.0
0.000704 -0.000541 569.0
0.000704 -0.000541 570.0
0.000704 -0.000541 571.0
0.000704 -0.000541 572.0
0.000704 -0.000541 573.0
0.000704 -0.000541 574.0
0.000704 -0.000541 575.0
0.000704 -0.000541 576.0
0.000704 -0.000541 577.0
0.000704 -0.000541 578.0
0.000704 -0.000541 579.0
0.000704 -0.000541 580.0
0.000704 -0.000541 581.0
0.000704 -0.000541 582.0
0.000704 -0.000541 583.0
0.000704 -0.000541 584.0
0.000704 -0.000541 585.0
0.000704 -0.000541 586.0
0.000704 -0.000541 587.0
0.000704 -0.000541 588.0
0.000704 -0.000541 589.0
0.000704 -0.000541 590.0
0.000704 -0.000541 591.0
0.000704 -0.000541 592.0
0.000704 -0.000541 593.0
0.000704 -0.000541 594.0
0.000704 -0.000541 595.0
0.000704 -0.000541 596.0
0.000704 -0.000541 597.0
0.000704 -0.000541 598.0
0.000704 -0.000541 599.0
0.000703 -0.000541 600.0
0.000703 -0.000541 601.0
0.000703 -0.000541 602.0
0.000703 -0.000541 603.0
0.000703 -0.000541 604.0
0.000703 -0.000541 605.0
0.000703 -0.000541 606.0
0.000703 -0.000541 607.0
0.000703 -0.000541 608.0
0.000703 -0.000541 609.0
0.000703 -0.000541 610.0
0.000703 -0.000541 611.0
0.000703 -0.000541 612.0
0.000703 -0.000541 613.0
0.000703 -0.000541 614.0
0.000703 -0.000541 615.0
0.000702 -0.000541 616.0
0.000702 -0.000541 617.0
0.000702 -0.000541 618.0
0.000702 -0.000541 619.0
0.000702 -0.000541 620.0
0.000702 -0.000541 621.0
0.000702 -0.000541 622.0
0.000702 -0.000541 623.0
0.000702 -0.000541 624.0
0.000702 -0.000541 625.0
0.000702 -0.000541 626.0
0.000702 -0.000541 627.0
0.000702 -0.000541 628.0
0.000702 -0.000541 629.0
0.000702 -0.000541 630.0
0.000702 -0.000541 631.0
0.000702 -0.000541 632.0
0.000701 -0.000541 633.0
0.000701 -0.000541 634.0
0.000701 -0.000541 635.0
0.000701 -0.000541 636.0
0.000701 -0.000540 637.0
0.000701 -0.000540 638.0
0.000701 -0.000541 639.0
0.000701 -0.000540 640.0
0.000701 -0.000540 641.0
0.000701 -0.000540 642.0
0.000701 -0.000540 643.0
0.000701 -0.000540 644.0
0.000700 -0.000540 645.0
0.000700 -0.000540 646.0
0.000700 -0.000540 647.0
0.000700 -0.000539 648.0
0.000700 -0.000539 649.0
0.000700 -0.000539 650.0
0.000700 -0.000539 651.0
0.000700 -0.000539 652.0
0.000700 -0.000539 653.0
0.000699 -0.000539 654.0
0.000699 -0.000539 655.0
0.000699 -0.000538 656.0
0.000699 -0.000538 657.0
0.000699 -0.000538 658.0
0.000699 -0.000538 659.0
0.000699 -0.000538 660.0
0.000699 -0.000538 661.0
0.000698 -0.000538 662.0
0.000698 -0.000538 663.0
0.000698 -0.000537 664.0
0.000698 -0.000537 665.0
0.000698 -0.000537 666.0
0.000698 -0.000537 667.0
0.000698 -0.000537 668.0
0.000698 -0.000537 669.0
0.000698 -0.000537 670.0
0.000697 -0.000537 671.0
0.000697 -0.000536 672.0
0.000697 -0.000536 673.0
0.000697 -0.000536 674.0
0.000697 -0.000536 675.0
0.000697 -0.000536 676.0
0.000697 -0.000536 677.0
0.000697 -0.000536 678.0
0.000697 -0.000536 679.0
0.000696 -0.000535 680.0
0.000696 -0.000535 681.0
0.000696 -0.000535 682.0
0.000696 -0.000535 683.0
0.000696 -0.000535 684.0
0.000696 -0.000535 685.0
0.000696 -0.000535 686.0
0.000696 -0.000535 687.0
0.000695 -0.000534 688.0
0.000695 -0.000534 689.0
0.000695 -0.000534 690.0
0.000695 -0.000534 691.0
0.000695 -0.000534 692.0
0.000695 -0.000534 693.0
0.000695 -0.000534 694.0
0.000695 -0.000534 695.0
0.000695 -0.000533 696.0
0.000694 -0.000533 697.0
0.000694 -0.000533 698.0
0.000694 -0.000534 699.0
0.000694 -0.000534 700.0
0.000694 -0.000533 701.0
0.000694 -0.000533 702.0
0.000694 -0.000533 703.0
0.000694 -0.000532 704.0
0.000694 -0.000532 705.0
0.000694 -0.000532 706.0
0.000694 -0.000531 707.0
0.000694 -0.000531 708.0
0.000694 -0.000531 709.0
0.000694 -0.000530 710.0
0.000694 -0.000530 711.0
0.000694 -0.000530 712.0
0.000694 -0.000529 713.0
0.000694 -0.000529 714.0
0.000694 -0.000529 715.0
0.000694 -0.000528 716.0
0.000694 -0.000528 717.0
0.000695 -0.000528 718.0
0.000695 -0.000527 719.0
0.000695 -0.000527 720.0
0.000695 -0.000526 721.0
0.000695 -0.000526 722.0
0.000695 -0.000526 723.0
0.000695 -0.000525 724.0
0.000695 -0.000525 725.0
0.000695 -0.000525 726.0
0.000695 -0.000524 727.0
0.000695 -0.000524 728.0
0.000695 -0.000524 729.0
0.000695 -0.000523 730.0
0.000695 -0.000523 731.0
0.000695 -0.000523 732.0
0.000695 -0.000522 733.0
0.000695 -0.000522 734.0
0.000695 -0.000522 735.0
0.000695 -0.000521 736.0
0.000695 -0.000521 737.0
0.000695 -0.000521 738.0
0.000695 -0.000520 739.0
0.000695 -0.000520 740.0
0.000695 -0.000520 741.0
0.000696 -0.000519 742.0
0.000696 -0.000519 743.0
0.000696 -0.000518 744.0
0.000696 -0.000518 745.0
0.000696 -0.000518 746.0
0.000696 -0.000517 747.0
0.000696 -0.000517 748.0
0.000696 -0.000517 749.0
0.000696 -0.000516 750.0
0.000696 -0.000516 751.0
0.000696 -0.000516 752.0
0.000696 -0.000515 753.0
0.000696 -0.000515 754.0
0.000696 -0.000515 755.0
0.000696 -0.000514 756.0
0.000696 -0.000514 757.0
0.000696 -0.000514 758.0
0.000696 -0.000513 759.0
0.000697 -0.000513 760.0
0.000697 -0.000513 761.0
0.000696 -0.000513 762.0
0.000696 -0.000512 763.0
0.000696 -0.000512 764.0
0.000696 -0.000512 765.0
0.000695 -0.000512 766.0
0.000695 -0.000511 767.0
0.000695 -0.000511 768.0
0.000695 -0.000511 769.0
0.000694 -0.000510 770.0
0.000694 -0.000510 771.0
0.000694 -0.000510 772.0
0.000694 -0.000509 773.0
0.000693 -0.000509 774.0
0.000693 -0.000509 775.0
0.000693 -0.000509 776.0
0.000693 -0.000508 777.0
0.000692 -0.000508 778.0
0.000692 -0.000508 779.0
0.000692 -0.000507 780.0
0.000692 -0.000507 781.0
0.000691 -0.000507 782.0
0.000691 -0.000506 783.0
0.000691 -0.000506 784.0
0.000690 -0.000506 785.0
0.000690 -0.000505 786.0
0.000690 -0.000505 787.0
0.000690 -0.000505 788.0
0.000689 -0.000505 789.0
0.000689 -0.000504 790.0
0.000689 -0.000504 791.0
0.000689 -0.000504 792.0
0.000688 -0.000503 793.0
0.000688 -0.000503 794.0
0.000688 -0.000503 795.0
0.000688 -0.000502 796.0
0.000687 -0.000502 797.0
0.000687 -0.000502 798.0
0.000687 -0.000501 799.0
0.000687 -0.000501 800.0
0.000686 -0.000501 801.0
0.000686 -0.000501 802.0
0.000686 -0.000500 803.0
0.000686 -0.000500 804.0
0.000685 -0.000500 805.0
0.000685 -0.000499 806.0
0.000685 -0.000499 807.0
0.000685 -0.000499 808.0
0.000684 -0.000498 809.0
0.000684 -0.000498 810.0
0.000684 -0.000498 811.0
0.000684 -0.000498 812.0
0.000683 -0.000497 813.0
0.000683 -0.000497 814.0
0.000683 -0.000497 815.0
0.000683 -0.000496 816.0
0.000682 -0.000496 817.0
0.000682 -0.000496 818.0
0.000681 -0.000498 819.0
0.000680 -0.000497 820.0
0.000680 -0.000496 821.0
0.000679 -0.000496 822.0
0.000678 -0.000495 823.0
0.000678 -0.000494 824.0
0.000677 -0.000493 825.0
0.000677 -0.000492 826.0
0.000676 -0.000492 827.0
0.000676 -0.000491 828.0
0.000675 -0.000490 829.0
0.000675 -0.000489 830.0
0.000674 -0.000489 831.0
0.000674 -0.000488 832.0
0.000673 -0.000487 833.0
0.000673 -0.000486 834.0
0.000672 -0.000485 835.0
0.000672 -0.000485 836.0
0.000671 -0.000484 837.0
0.000671 -0.000483 838.0
0.000670 -0.000482 839.0
0.000670 -0.000482 840.0
0.000669 -0.000481 841.0
0.000669 -0.000480 842.0
0.000668 -0.000479 843.0
0.000668 -0.000478 844.0
0.000667 -0.000478 845.0
0.000667 -0.000477 846.0
0.000666 -0.000476 847.0
0.000666 -0.000475 848.0
0.000665 -0.000475 849.0
0.000665 -0.000474 850.0
0.000664 -0.000473 851.0
0.000664 -0.000472 852.0
0.000663 -0.000472 853.0
0.000663 -0.000471 854.0
0.000662 -0.000470 855.0
0.000662 -0.000469 856.0
0.000661 -0.000468 857.0
0.000661 -0.000468 858.0
0.000660 -0.000467 859.0
0.000660 -0.000466 860.0
0.000659 -0.000465 861.0
0.000659 -0.000465 862.0
0.000658 -0.000464 863.0
0.000658 -0.000463 864.0
0.000657 -0.000462 865.0
0.000657 -0.000461 866.0
0.000656 -0.000461 867.0
0.000656 -0.000460 868.0
0.000652 -0.000464 869.0
0.000652 -0.000465 870.0
0.000651 -0.000466 871.0
0.000650 -0.000466 872.0
0.000650 -0.000467 873.0
0.000649 -0.000468 874.0
0.000648 -0.000469 875.0
0.000648 -0.000470 876.0
0.000647 -0.000471 877.0
0.000646 -0.000472 878.0
0.000645 -0.000473 879.0
0.000645 -0.000474 880.0
0.000644 -0.000475 881.0
0.000643 -0.000476 882.0
0.000643 -0.000477 883.0
0.000642 -0.000478 884.0
0.000641 -0.000479 885.0
0.000641 -0.000480 886.0
0.000640 -0.000481 887.0
0.000639 -0.000481 888.0
0.000639 -0.000482 889.0
0.000638 -0.000483 890.0
0.000637 -0.000484 891.0
0.000636 -0.000485 892.0
0.000636 -0.000486 893.0
0.000635 -0.000487 894.0
0.000634 -0.000488 895.0
0.000634 -0.000489 896.0
0.000633 -0.000490 897.0
0.000632 -0.000491 898.0
0.000632 -0.000492 899.0
0.000631 -0.000493 900.0
0.000630 -0.000494 901.0
0.000630 -0.000495 902.0
0.000629 -0.000496 903.0
0.000628 -0.000496 904.0
0.000627 -0.000497 905.0
0.000627 -0.000498 906.0
0.000626 -0.000499 907.0
0.000625 -0.000500 908.0
0.000625 -0.000501 909.0
0.000624 -0.000502 910.0
0.000623 -0.000503 911.0
0.000623 -0.000504 912.0
0.000622 -0.000505 913.0
0.000621 -0.000506 914.0
0.000620 -0.000507 915.0
0.000620 -0.000508 916.0
0.000619 -0.000509 917.0
0.000618 -0.000510 918.0
0.000618 -0.000510 919.0
0.000617 -0.000511 920.0
0.000616 -0.000512 921.0
0.000616 -0.000513 922.0
0.000615 -0.000514 923.0
0.000614 -0.000515 924.0
0.000614 -0.000516 925.0
0.000613 -0.000517 926.0
0.000612 -0.000518 927.0
0.000611 -0.000519 928.0
0.000611 -0.000520 929.0
0.000606 -0.000514 930.0
0.000604 -0.000514 931.0
0.000603 -0.000514 932.0
0.000601 -0.000514 933.0
0.000599 -0.000514 934.0
0.000598 -0.000514 935.0
0.000596 -0.000514 936.0
0.000594 -0.000514 937.0
0.000593 -0.000514 938.0
0.000591 -0.000514 939.0
0.000590 -0.000514 940.0
0.000588 -0.000514 941.0
0.000586 -0.000514 942.0
0.000585 -0.000514 943.0
0.000583 -0.000514 944.0
0.000581 -0.000514 945.0
0.000580 -0.000514 946.0
0.000578 -0.000514 947.0
0.000576 -0.000514 948.0
0.000575 -0.000514 949.0
0.000573 -0.000514 950.0
0.000572 -0.000514 951.0
0.000570 -0.000514 952.0
0.000568 -0.000514 953.0
0.000567 -0.000514 954.0
0.000565 -0.000514 955.0
0.000563 -0.000514 956.0
0.000562 -0.000514 957.0
0.000560 -0.000514 958.0
0.000558 -0.000514 959.0
0.000557 -0.000514 960.0
0.000555 -0.000514 961.0
0.000554 -0.000514 962.0
0.000552 -0.000514 963.0
0.000550 -0.000514 964.0
0.000549 -0.000514 965.0
0.000547 -0.000515 966.0
0.000545 -0.000515 967.0
0.000544 -0.000515 968.0
0.000542 -0.000515 969.0
0.000540 -0.000515 970.0
0.000539 -0.000515 971.0
0.000537 -0.000515 972.0
0.000536 -0.000515 973.0
0.000534 -0.000515 974.0
0.000532 -0.000515 975.0
0.000531 -0.000515 976.0
0.000529 -0.000515 977.0
0.000527 -0.000515 978.0
0.000526 -0.000515 979.0
0.000524 -0.000515 980.0
0.000522 -0.000515 981.0
0.000521 -0.000515 982.0
0.000519 -0.000515 983.0
0.000517 -0.000515 984.0
0.000516 -0.000515 985.0
0.000514 -0.000515 986.0
0.000513 -0.000515 987.0
0.000511 -0.000515 988.0
0.000509 -0.000515 989.0
0.000508 -0.000515 990.0
0.000506 -0.000515 991.0
0.000504 -0.000515 992.0
0.000503 -0.000515 993.0
0.000501 -0.000515 994.0
0.000499 -0.000515 995.0
0.000498 -0.000515 996.0
0.000496 -0.000515 997.0
0.000496 -0.000515 998.0
0.000494 -0.000515 999.0
0.000493 -0.000514 1000.0
0.000491 -0.000514 1001.0
0.000489 -0.000513 1002.0
0.000487 -0.000513 1003.0
0.000486 -0.000512 1004.0
0.000484 -0.000512 1005.0
0.000482 -0.000511 1006.0
0.000480 -0.000511 1007.0
0.000479 -0.000510 1008.0
0.000477 -0.000510 1009.0
0.000475 -0.000510 1010.0
0.000473 -0.000509 1011.0
0.000472 -0.000509 1012.0
0.000470 -0.000508 1013.0
0.000468 -0.000508 1014.0
0.000466 -0.000507 1015.0
0.000465 -0.000507 1016.0
0.000463 -0.000506 1017.0
0.000461 -0.000506 1018.0
0.000459 -0.000506 1019.0
0.000458 -0.000505 1020.0
0.000456 -0.000505 1021.0
0.000454 -0.000504 1022.0
0.000452 -0.000504 1023.0
0.000451 -0.000503 1024.0
0.000449 -0.000503 1025.0
0.000447 -0.000502 1026.0
0.000445 -0.000502 1027.0
0.000444 -0.000502 1028.0
0.000442 -0.000501 1029.0
0.000440 -0.000501 1030.0
0.000438 -0.000500 1031.0
0.000437 -0.000500 1032.0
0.000435 -0.000499 1033.0
0.000433 -0.000499 1034.0
0.000431 -0.000498 1035.0
0.000430 -0.000498 1036.0
0.000428 -0.000497 1037.0
0.000426 -0.000497 1038.0
0.000424 -0.000497 1039.0
0.000423 -0.000496 1040.0
0.000421 -0.000496 1041.0
0.000419 -0.000495 1042.0
0.000417 -0.000495 1043.0
0.000416 -0.000494 1044.0
0.000414 -0.000494 1045.0
0.000412 -0.000493 1046.0
0.000410 -0.000493 1047.0
0.000409 -0.000493 1048.0
0.000408 -0.000497 1049.0
0.000408 -0.000496 1050.0
0.000408 -0.000495 1051.0
0.000408 -0.000494 1052.0
0.000408 -0.000493 1053.0
0.000408 -0.000492 1054.0
0.000408 -0.000491 1055.0
0.000408 -0.000490 1056.0
0.000408 -0.000489 1057.0
0.000408 -0.000488 1058.0
0.000408 -0.000487 1059.0
0.000408 -0.000486 1060.0
0.000408 -0.000485 1061.0
0.000408 -0.000485 1062.0
0.000408 -0.000484 1063.0
0.000408 -0.000483 1064.0
0.000408 -0.000482 1065.0
0.000408 -0.000481 1066.0
0.000408 -0.000480 1067.0
0.000408 -0.000479 1068.0
0.000409 -0.000478 1069.0
0.000409 -0.000477 1070.0
0.000409 -0.000476 1071.0
0.000409 -0.000475 1072.0
0.000409 -0.000474 1073.0
0.000409 -0.000473 1074.0
0.000409 -0.000472 1075.0
0.000409 -0.000471 1076.0
0.000409 -0.000470 1077.0
0.000409 -0.000469 1078.0
0.000409 -0.000468 1079.0
0.000409 -0.000467 1080.0
0.000409 -0.000466 1081.0
0.000409 -0.000465 1082.0
0.000409 -0.000464 1083.0
0.000409 -0.000463 1084.0
0.000409 -0.000462 1085.0
0.000409 -0.000461 1086.0
0.000409 -0.000461 1087.0
0.000409 -0.000460 1088.0
0.000409 -0.000459 1089.0
0.000409 -0.000458 1090.0
0.000409 -0.000457 1091.0
0.000409 -0.000456 1092.0
0.000409 -0.000455 1093.0
0.000409 -0.000454 1094.0
0.000409 -0.000453 1095.0
0.000409 -0.000452 1096.0
0.000409 -0.000451 1097.0
0.000409 -0.000450 1098.0
0.000409 -0.000449 1099.0
0.000409 -0.000448 1100.0
0.000409 -0.000447 1101.0
0.000409 -0.000446 1102.0
0.000409 -0.000445 1103.0
0.000409 -0.000444 1104.0
0.000409 -0.000443 1105.0
0.000409 -0.000442 1106.0
0.000410 -0.000441 1107.0
0.000410 -0.000440 1108.0
0.000410 -0.000439 1109.0
0.000410 -0.000438 1110.0
0.000410 -0.000437 1111.0
0.000410 -0.000437 1112.0
0.000410 -0.000436 1113.0
0.000410 -0.000435 1114.0
0.000410 -0.000434 1115.0
0.000410 -0.000433 1116.0
0.000410 -0.000433 1117.0
0.000410 -0.000432 1118.0
0.000410 -0.000432 1119.0
0.000410 -0.000432 1120.0
0.000411 -0.000432 1121.0
0.000411 -0.000432 1122.0
0.000411 -0.000431 1123.0
0.000411 -0.000431 1124.0
0.000411 -0.000431 1125.0
0.000411 -0.000431 1126.0
0.000411 -0.000430 1127.0
0.000411 -0.000430 1128.0
0.000411 -0.000430 1129.0
0.000411 -0.000430 1130.0
0.000412 -0.000430 1131.0
0.000412 -0.000429 1132.0
0.000412 -0.000429 1133.0
0.000412 -0.000429 1134.0
0.000412 -0.000429 1135.0
0.000412 -0.000428 1136.0
0.000412 -0.000428 1137.0
0.000412 -0.000428 1138.0
0.000413 -0.000428 1139.0
0.000413 -0.000428 1140.0
0.000413 -0.000428 1141.0
0.000413 -0.000428 1142.0
0.000413 -0.000428 1143.0
0.000413 -0.000428 1144.0
0.000413 -0.000428 1145.0
0.000413 -0.000428 1146.0
0.000413 -0.000428 1147.0
0.000413 -0.000428 1148.0
0.000413 -0.000428 1149.0
0.000413 -0.000428 1150.0
0.000413 -0.000428 1151.0
0.000413 -0.000428 1152.0
0.000413 -0.000428 1153.0
0.000413 -0.000428 1154.0
0.000413 -0.000428 1155.0
0.000413 -0.000428 1156.0
0.000413 -0.000428 1157.0
0.000413 -0.000428 1158.0
0.000413 -0.000428 1159.0
0.000413 -0.000428 1160.0
0.000413 -0.000428 1161.0
0.000413 -0.000428 1162.0
0.000413 -0.000428 1163.0
0.000413 -0.000428 1164.0
0.000413 -0.000428 1165.0
0.000413 -0.000428 1166.0
0.000413 -0.000428 1167.0
0.000413 -0.000428 1168.0
0.000413 -0.000428 1169.0
0.000413 -0.000428 1170.0
0.000413 -0.000428 1171.0
0.000413 -0.000428 1172.0
0.000413 -0.000428 1173.0
0.000413 -0.000428 1174.0
0.000413 -0.000428 1175.0
0.000413 -0.000428 1176.0
0.000413 -0.000428 1177.0
0.000413 -0.000428 1178.0
0.000413 -0.000428 1179.0
0.000413 -0.000428 1180.0
0.000413 -0.000428 1181.0
0.000413 -0.000428 1182.0
0.000413 -0.000428 1183.0
0.000413 -0.000428 1184.0
0.000413 -0.000428 1185.0
0.000413 -0.000428 1186.0
0.000413 -0.000428 1187.0
0.000413 -0.000428 1188.0
0.000413 -0.000428 1189.0
0.000413 -0.000428 1190.0
0.000413 -0.000428 1191.0
0.000413 -0.000428 1192.0
0.000413 -0.000428 1193.0
0.000413 -0.000428 1194.0
0.000413 -0.000428 1195.0
0.000413 -0.000428 1196.0
0.000413 -0.000428 1197.0
0.000413 -0.000428 1198.0
0.000413 -0.000428 1199.0
0.000413 -0.000428 1200.0
0.000413 -0.000428 1201.0
0.000413 -0.000428 1202.0
0.000413 -0.000428 1203.0
0.000413 -0.000428 1204.0
0.000413 -0.000428 1205.0
0.000413 -0.000428 1206.0
0.000413 -0.000428 1207.0
0.000413 -0.000428 1208.0
0.000413 -0.000428 1209.0
0.000413 -0.000428 1210.0
0.000413 -0.000428 1211.0
0.000413 -0.000428 1212.0
0.000413 -0.000428 1213.0
0.000413 -0.000428 1214.0
0.000413 -0.000428 1215.0
0.000413 -0.000428 1216.0
0.000413 -0.000428 1217.0
0.000413 -0.000428 1218.0
0.000413 -0.000428 1219.0
0.000413 -0.000428 1220.0
0.000413 -0.000428 1221.0
0.000413 -0.000428 1222.0
0.000413 -0.000428 1223.0
0.000413 -0.000428 1224.0
0.000413 -0.000428 1225.0
0.000413 -0.000428 1226.0
0.000413 -0.000428 1227.0
0.000413 -0.000428 1228.0
0.000413 -0.000428 1229.0
0.000413 -0.000428 1230.0
0.000413 -0.000428 1231.0
0.000413 -0.000428 1232.0
0.000413 -0.000428 1233.0
0.000413 -0.000428 1234.0
0.000413 -0.000428 1235.0
0.000413 -0.000428 1236.0
0.000413 -0.000428 1237.0
0.000413 -0.000428 1238.0
0.000413 -0.000428 1239.0
0.000413 -0.000428 1240.0
0.000413 -0.000428 1241.0
0.000413 -0.000428 1242.0
0.000413 -0.000428 1243.0
0.000413 -0.000428 1244.0
0.000412 -0.000428 1245.0
0.000412 -0.000428 1246.0
0.000412 -0.000428 1247.0
0.000412 -0.000428 1248.0
0.000412 -0.000428 1249.0
0.000412 -0.000428 1250.0
0.000412 -0.000428 1251.0
0.000412 -0.000428 1252.0
0.000412 -0.000428 1253.0
0.000412 -0.000428 1254.0
0.000412 -0.000428 1255.0
0.000412 -0.000428 1256.0
0.000412 -0.000428 1257.0
0.000412 -0.000428 1258.0
0.000412 -0.000428 1259.0
0.000412 -0.000428 1260.0
0.000412 -0.000428 1261.0
0.000412 -0.000428 1262.0
0.000412 -0.000428 1263.0
0.000412 -0.000428 1264.0
0.000412 -0.000428 1265.0
0.000412 -0.000428 1266.0
0.000412 -0.000428 1267.0
0.000412 -0.000428 1268.0
0.000412 -0.000428 1269.0
0.000412 -0.000428 1270.0
0.000412 -0.000428 1271.0
0.000412 -0.000428 1272.0
0.000412 -0.000428 1273.0
0.000412 -0.000428 1274.0
0.000412 -0.000428 1275.0
0.000412 -0.000428 1276.0
0.000412 -0.000428 1277.0
0.000412 -0.000428 1278.0
0.000412 -0.000428 1279.0
0.000412 -0.000428 1280.0
0.000412 -0.000428 1281.0
0.000412 -0.000428 1282.0
0.000412 -0.000428 1283.0
0.000412 -0.000428 1284.0
0.000412 -0.000428 1285.0
0.000412 -0.000428 1286.0
0.000412 -0.000428 1287.0
0.000412 -0.000428 1288.0
0.000412 -0.000428 1289.0
0.000412 -0.000428 1290.0
0.000412 -0.000428 1291.0
0.000412 -0.000428 1292.0
0.000412 -0.000428 1293.0
0.000412 -0.000428 1294.0
0.000412 -0.000428 1295.0
0.000412 -0.000428 1296.0
0.000412 -0.000428 1297.0
0.000412 -0.000428 1298.0
0.000412 -0.000428 1299.0
0.000412 -0.000428 1300.0
0.000412 -0.000428 1301.0
0.000412 -0.000428 1302.0
0.000412 -0.000428 1303.0
0.000412 -0.000428 1304.0
0.000412 -0.000428 1305.0
0.000412 -0.000428 1306.0
0.000412 -0.000428 1307.0
0.000412 -0.000428 1308.0
0.000412 -0.000428 1309.0
0.000412 -0.000428 1310.0
0.000412 -0.000428 1311.0
0.000412 -0.000428 1312.0
0.000412 -0.000428 1313.0
0.000412 -0.000428 1314.0
0.000412 -0.000428 1315.0
0.000412 -0.000428 1316.0
0.000412 -0.000428 1317.0
0.000412 -0.000428 1318.0
0.000412 -0.000428 1319.0
0.000412 -0.000428 1320.0
0.000412 -0.000428 1321.0
0.000412 -0.000428 1322.0
0.000412 -0.000428 1323.0
0.000412 -0.000428 1324.0
0.000412 -0.000428 1325.0
0.000412 -0.000428 1326.0
0.000412 -0.000428 1327.0
0.000412 -0.000428 1328.0
0.000412 -0.000428 1329.0
0.000412 -0.000428 1330.0
0.000412 -0.000428 1331.0
0.000412 -0.000428 1332.0
0.000412 -0.000428 1333.0
0.000412 -0.000428 1334.0
0.000412 -0.000428 1335.0
0.000412 -0.000428 1336.0
0.000412 -0.000428 1337.0
0.000412 -0.000428 1338.0
0.000412 -0.000428 1339.0
0.000412 -0.000428 1340.0
0.000412 -0.000428 1341.0
0.000412 -0.000428 1342.0
0.000412 -0.000428 1343.0
0.000412 -0.000428 1344.0
0.000412 -0.000428 1345.0
0.000412 -0.000428 1346.0
0.000412 -0.000428 1347.0
0.000412 -0.000428 1348.0
0.000412 -0.000428 1349.0
0.000412 -0.000428 1350.0
0.000413 -0.000428 1351.0
0.000413 -0.000428 1352.0
0.000413 -0.000428 1353.0
0.000413 -0.000428 1354.0
0.000413 -0.000428 1355.0
0.000413 -0.000428 1356.0
0.000413 -0.000428 1357.0
0.000413 -0.000428 1358.0
0.000413 -0.000428 1359.0
0.000413 -0.000428 1360.0
0.000413 -0.000428 1361.0
0.000413 -0.000428 1362.0
0.000413 -0.000428 1363.0
0.000413 -0.000428 1364.0
0.000413 -0.000428 1365.0
0.000413 -0.000428 1366.0
0.000413 -0.000428 1367.0
0.000413 -0.000428 1368.0
0.000413 -0.000428 1369.0
0.000413 -0.000428 1370.0
0.000413 -0.000428 1371.0
0.000413 -0.000428 1372.0
0.000413 -0.000428 1373.0
0.000413 -0.000428 1374.0
0.000413 -0.000428 1375.0
0.000413 -0.000428 1376.0
0.000413 -0.000428 1377.0
0.000413 -0.000428 1378.0
0.000413 -0.000428 1379.0
0.000413 -0.000428 1380.0
0.000413 -0.000428 1381.0
0.000413 -0.000428 1382.0
0.000413 -0.000428 1383.0
0.000413 -0.000428 1384.0
0.000413 -0.000428 1385.0
0.000413 -0.000428 1386.0
0.000413 -0.000428 1387.0
0.000413 -0.000428 1388.0
0.000413 -0.000428 1389.0
0.000413 -0.000428 1390.0
0.000413 -0.000428 1391.0
0.000413 -0.000428 1392.0
0.000413 -0.000428 1393.0
0.000413 -0.000428 1394.0
0.000413 -0.000428 1395.0
0.000413 -0.000428 1396.0
0.000413 -0.000428 1397.0
0.000413 -0.000428 1398.0
0.000413 -0.000428 1399.0
0.000413 -0.000428 1400.0
0.000413 -0.000428 1401.0
0.000413 -0.000428 1402.0
0.000413 -0.000428 1403.0
0.000413 -0.000428 1404.0
0.000413 -0.000428 1405.0
0.000413 -0.000428 1406.0
0.000413 -0.000428 1407.0
0.000413 -0.000428 1408.0
0.000413 -0.000428 1409.0
0.000413 -0.000428 1410.0
0.000413 -0.000428 1411.0
0.000413 -0.000428 1412.0
0.000413 -0.000428 1413.0
0.000413 -0.000428 1414.0
0.000413 -0.000428 1415.0
0.000413 -0.000428 1416.0
0.000413 -0.000428 1417.0
0.000413 -0.000428 1418.0
0.000413 -0.000428 1419.0
0.000413 -0.000428 1420.0
0.000413 -0.000428 1421.0
0.000413 -0.000428 1422.0
0.000413 -0.000428 1423.0
0.000413 -0.000428 1424.0
0.000413 -0.000428 1425.0
0.000413 -0.000428 1426.0
0.000413 -0.000428 1427.0
0.000413 -0.000428 1428.0
0.000413 -0.000428 1429.0
0.000413 -0.000428 1430.0
0.000413 -0.000428 1431.0
0.000413 -0.000428 1432.0
0.000413 -0.000428 1433.0
0.000413 -0.000428 1434.0
0.000413 -0.000428 1435.0
0.000413 -0.000428 1436.0
0.000413 -0.000428 1437.0
0.000413 -0.000428 1438.0
0.000413 -0.000428 1439.0
0.000413 -0.000428 1440.0
0.000413 -0.000428 1441.0
0.000413 -0.000428 1442.0
0.000413 -0.000428 1443.0
0.000413 -0.000428 1444.0
0.000413 -0.000428 1445.0
0.000413 -0.000428 1446.0
0.000413 -0.000428 1447.0
0.000413 -0.000428 1448.0
0.000413 -0.000428 1449.0
0.000413 -0.000428 1450.0
0.000413 -0.000428 1451.0
0.000413 -0.000428 1452.0
0.000413 -0.000428 1453.0
0.000413 -0.000428 1454.0
0.000413 -0.000428 1455.0
0.000413 -0.000428 1456.0
0.000413 -0.000428 1457.0
0.000413 -0.000428 1458.0
0.000413 -0.000428 1459.0
0.000413 -0.000428 1460.0
0.000413 -0.000428 1461.0
0.000413 -0.000428 1462.0
0.000413 -0.000428 1463.0
0.000413 -0.000428 1464.0
0.000413 -0.000428 1465.0
0.000413 -0.000428 1466.0
0.000413 -0.000428 1467.0
0.000413 -0.000428 1468.0
0.000413 -0.000428 1469.0
0.000413 -0.000428 1470.0
0.000413 -0.000428 1471.0
0.000413 -0.000428 1472.0
0.000413 -0.000428 1473.0
0.000413 -0.000428 1474.0
0.000413 -0.000428 1475.0
0.000413 -0.000428 1476.0
0.000413 -0.000428 1477.0
0.000413 -0.000428 1478.0
0.000413 -0.000428 1479.0
0.000413 -0.000428 1480.0
0.000413 -0.000428 1481.0
0.000413 -0.000428 1482.0
0.000413 -0.000428 1483.0
0.000413 -0.000428 1484.0
0.000413 -0.000428 1485.0
0.000413 -0.000428 1486.0
0.000413 -0.000428 1487.0
0.000413 -0.000428 1488.0
0.000413 -0.000428 1489.0
0.000413 -0.000428 1490.0
0.000413 -0.000428 1491.0
0.000413 -0.000428 1492.0
0.000413 -0.000428 1493.0
0.000413 -0.000428 1494.0
0.000413 -0.000428 1495.0
0.000413 -0.000428 1496.0
0.000413 -0.000428 1497.0
0.000413 -0.000428 1498.0
0.000413 -0.000428 1499.0
0.000413 -0.000428 1500.0
0.000413 -0.000428 1501.0
0.000413 -0.000428 1502.0
0.000413 -0.000428 1503.0
0.000413 -0.000428 1504.0
0.000413 -0.000428 1505.0
0.000413 -0.000428 1506.0
0.000413 -0.000428 1507.0
0.000413 -0.000428 1508.0
0.000413 -0.000428 1509.0
0.000413 -0.000428 1510.0
0.000413 -0.000428 1511.0
0.000413 -0.000428 1512.0
0.000413 -0.000428 1513.0
0.000413 -0.000428 1514.0
0.000413 -0.000428 1515.0
0.000413 -0.000428 1516.0
0.000413 -0.000428 1517.0
0.000413 -0.000428 1518.0
0.000413 -0.000428 1519.0
0.000413 -0.000428 1520.0
0.000413 -0.000428 1521.0
0.000413 -0.000428 1522.0
0.000413 -0.000428 1523.0
0.000413 -0.000428 1524.0
0.000413 -0.000428 1525.0
0.000413 -0.000428 1526.0
0.000413 -0.000428 1527.0
0.000413 -0.000428 1528.0
0.000413 -0.000428 1529.0
0.000413 -0.000428 1530.0
0.000413 -0.000428 1531.0
0.000413 -0.000428 1532.0
0.000413 -0.000428 1533.0
0.000413 -0.000428 1534.0
0.000413 -0.000428 1535.0
0.000413 -0.000428 1536.0
0.000413 -0.000428 1537.0
0.000413 -0.000428 1538.0
0.000413 -0.000428 1539.0
0.000413 -0.000428 1540.0
0.000413 -0.000428 1541.0
0.000413 -0.000428 1542.0
0.000413 -0.000428 1543.0
0.000413 -0.000428 1544.0
0.000413 -0.000428 1545.0
0.000413 -0.000428 1546.0
0.000413 -0.000428 1547.0
0.000413 -0.000428 1548.0
0.000413 -0.000428 1549.0
0.000413 -0.000428 1550.0
0.000413 -0.000428 1551.0
0.000413 -0.000428 1552.0
0.000413 -0.000428 1553.0
0.000413 -0.000428 1554.0
0.000413 -0.000428 1555.0
0.000413 -0.000428 1556.0
0.000413 -0.000428 1557.0
0.000413 -0.000428 1558.0
0.000413 -0.000428 1559.0
0.000413 -0.000428 1560.0
0.000413 -0.000428 1561.0
0.000413 -0.000428 1562.0
0.000413 -0.000428 1563.0
0.000413 -0.000428 1564.0
0.000413 -0.000428 1565.0
0.000413 -0.000428 1566.0
0.000413 -0.000428 1567.0
0.000413 -0.000428 1568.0
0.000413 -0.000428 1569.0
0.000413 -0.000428 1570.0
0.000413 -0.000428 1571.0
0.000413 -0.000428 1572.0
0.000413 -0.000428 1573.0
0.000413 -0.000428 1574.0
0.000413 -0.000428 1575.0
0.000413 -0.000428 1576.0
0.000413 -0.000428 1577.0
0.000413 -0.000428 1578.0
0.000413 -0.000428 1579.0
0.000413 -0.000428 1580.0
0.000413 -0.000428 1581.0
0.000413 -0.000428 1582.0
0.000413 -0.000428 1583.0
0.000413 -0.000428 1584.0
0.000413 -0.000428 1585.0
0.000413 -0.000428 1586.0
0.000413 -0.000428 1587.0
0.000413 -0.000428 1588.0
0.000413 -0.000428 1589.0
0.000413 -0.000428 1590.0
0.000413 -0.000428 1591.0
0.000413 -0.000428 1592.0
0.000413 -0.000428 1593.0
0.000413 -0.000428 1594.0
0.000413 -0.000428 1595.0
0.000413 -0.000428 1596.0
0.000413 -0.000428 1597.0
0.000413 -0.000428 1598.0
0.000413 -0.000428 1599.0
0.000413 -0.000428 1600.0
0.000413 -0.000428 1601.0
0.000413 -0.000428 1602.0
0.000413 -0.000428 1603.0
0.000413 -0.000428 1604.0
0.000413 -0.000428 1605.0
0.000413 -0.000428 1606.0
0.000413 -0.000428 1607.0
0.000413 -0.000428 1608.0
0.000413 -0.000428 1609.0
0.000413 -0.000428 1610.0
0.000413 -0.000428 1611.0
0.000413 -0.000428 1612.0
0.000413 -0.000428 1613.0
0.000413 -0.000428 1614.0
0.000413 -0.000428 1615.0
0.000413 -0.000428 1616.0
0.000413 -0.000428 1617.0
0.000413 -0.000428 1618.0
0.000413 -0.000428 1619.0
0.000413 -0.000428 1620.0
0.000413 -0.000428 1621.0
0.000413 -0.000428 1622.0
0.000413 -0.000428 1623.0
0.000413 -0.000428 1624.0
0.000413 -0.000428 1625.0
0.000413 -0.000428 1626.0
0.000413 -0.000428 1627.0
0.000413 -0.000428 1628.0
0.000413 -0.000428 1629.0
0.000413 -0.000428 1630.0
0.000413 -0.000428 1631.0
0.000413 -0.000428 1632.0
0.000413 -0.000428 1633.0
0.000413 -0.000428 1634.0
0.000413 -0.000428 1635.0
0.000413 -0.000428 1636.0
0.000413 -0.000428 1637.0
0.000413 -0.000428 1638.0
0.000413 -0.000428 1639.0
0.000413 -0.000428 1640.0
0.000413 -0.000428 1641.0
0.000413 -0.000428 1642.0
0.000413 -0.000428 1643.0
0.000413 -0.000428 1644.0
0.000413 -0.000428 1645.0
0.000413 -0.000428 1646.0
0.000413 -0.000428 1647.0
0.000413 -0.000428 1648.0
0.000413 -0.000428 1649.0
0.000413 -0.000428 1650.0
0.000413 -0.000428 1651.0
0.000413 -0.000428 1652.0
0.000413 -0.000428 1653.0
0.000413 -0.000428 1654.0
0.000413 -0.000428 1655.0
0.000413 -0.000428 1656.0
0.000413 -0.000428 1657.0
0.000413 -0.000428 1658.0
0.000413 -0.000428 1659.0
0.000413 -0.000428 1660.0
0.000413 -0.000428 1661.0
0.000413 -0.000428 1662.0
0.000413 -0.000428 1663.0
0.000413 -0.000428 1664.0
0.000413 -0.000428 1665.0
0.000413 -0.000428 1666.0
0.000413 -0.000428 1667.0
0.000413 -0.000428 1668.0
0.000413 -0.000428 1669.0
0.000413 -0.000428 1670.0
0.000413 -0.000428 1671.0
0.000413 -0.000428 1672.0
0.000413 -0.000428 1673.0
0.000413 -0.000428 1674.0
0.000413 -0.000428 1675.0
0.000413 -0.000428 1676.0
0.000413 -0.000428 1677.0
0.000413 -0.000428 1678.0
0.000413 -0.000428 1679.0
0.000413 -0.000428 1680.0
0.000413 -0.000428 1681.0
0.000413 -0.000428 1682.0
0.000413 -0.000428 1683.0
0.000413 -0.000428 1684.0
0.000413 -0.000428 1685.0
0.000413 -0.000428 1686.0
0.000413 -0.000428 1687.0
0.000413 -0.000428 1688.0
0.000413 -0.000428 1689.0
0.000413 -0.000428 1690.0
0.000413 -0.000428 1691.0
0.000413 -0.000428 1692.0
0.000413 -0.000428 1693.0
0.000413 -0.000428 1694.0
0.000413 -0.000428 1695.0
0.000413 -0.000428 1696.0
0.000413 -0.000428 1697.0
0.000413 -0.000428 1698.0
0.000413 -0.000428 1699.0
0.000413 -0.000428 1700.0
0.000413 -0.000428 1701.0
0.000413 -0.000428 1702.0
0.000413 -0.000428 1703.0
0.000413 -0.000428 1704.0
0.000413 -0.000428 1705.0
0.000413 -0.000428 1706.0
0.000413 -0.000428 1707.0
0.000413 -0.000428 1708.0
0.000413 -0.000428 1709.0
0.000413 -0.000428 1710.0
0.000413 -0.000428 1711.0
0.000413 -0.000428 1712.0
0.000413 -0.000428 1713.0
0.000413 -0.000428 1714.0
0.000413 -0.000428 1715.0
0.000413 -0.000428 1716.0
0.000413 -0.000428 1717.0
0.000413 -0.000428 1718.0
0.000413 -0.000428 1719.0
0.000413 -0.000428 1720.0
0.000413 -0.000428 1721.0
0.000413 -0.000428 1722.0
0.000413 -0.000428 1723.0
0.000413 -0.000428 1724.0
0.000413 -0.000428 1725.0
0.000413 -0.000428 1726.0
0.000413 -0.000428 1727.0
0.000413 -0.000428 1728.0
0.000413 -0.000428 1729.0
0.000413 -0.000428 1730.0
0.000413 -0.000428 1731.0
0.000413 -0.000428 1732.0
0.000413 -0.000428 1733.0
0.000413 -0.000428 1734.0
0.000413 -0.000428 1735.0
0.000413 -0.000428 1736.0
0.000413 -0.000428 1737.0
0.000413 -0.000428 1738.0
0.000413 -0.000428 1739.0
0.000413 -0.000428 1740.0
0.000413 -0.000428 1741.0
0.000413 -0.000428 1742.0
0.000413 -0.000428 1743.0
0.000413 -0.000428 1744.0
0.000413 -0.000428 1745.0
0.000413 -0.000428 1746.0
0.000413 -0.000428 1747.0
0.000413 -0.000428 1748.0
0.000413 -0.000428 1749.0
0.000413 -0.000428 1750.0
0.000413 -0.000428 1751.0
0.000413 -0.000428 1752.0
0.000413 -0.000428 1753.0
0.000413 -0.000428 1754.0
0.000413 -0.000428 1755.0
0.000413 -0.000428 1756.0
0.000413 -0.000428 1757.0
0.000413 -0.000428 1758.0
0.000413 -0.000428 1759.0
0.000413 -0.000428 1760.0
0.000413 -0.000428 1761.0
0.000413 -0.000428 1762.0
0.000413 -0.000428 1763.0
0.000413 -0.000428 1764.0
0.000413 -0.000428 1765.0
0.000413 -0.000428 1766.0
0.000413 -0.000428 1767.0
0.000413 -0.000428 1768.0
0.000413 -0.000428 1769.0
0.000413 -0.000428 1770.0
0.000413 -0.000428 1771.0
0.000413 -0.000429 1772.0
0.000413 -0.000429 1773.0
0.000413 -0.000429 1774.0
0.000413 -0.000429 1775.0
0.000412 -0.000429 1776.0
0.000412 -0.000429 1777.0
0.000412 -0.000429 1778.0
0.000412 -0.000429 1779.0
0.000412 -0.000429 1780.0
0.000412 -0.000429 1781.0
0.000412 -0.000429 1782.0
0.000412 -0.000429 1783.0
0.000412 -0.000429 1784.0
0.000412 -0.000429 1785.0
0.000412 -0.000429 1786.0
0.000412 -0.000429 1787.0
0.000412 -0.000429 1788.0
0.000412 -0.000429 1789.0
0.000412 -0.000429 1790.0
0.000412 -0.000429 1791.0
0.000412 -0.000429 1792.0
0.000412 -0.000429 1793.0
0.000412 -0.000429 1794.0
0.000412 -0.000429 1795.0
0.000412 -0.000429 1796.0
0.000412 -0.000429 1797.0
0.000412 -0.000429 1798.0
0.000412 -0.000429 1799.0
0.000412 -0.000429 1800.0
0.000412 -0.000429 1801.0
0.000412 -0.000429 1802.0
0.000412 -0.000429 1803.0
0.000412 -0.000429 1804.0
0.000412 -0.000429 1805.0
0.000412 -0.000429 1806.0
0.000412 -0.000429 1807.0
0.000412 -0.000429 1808.0
0.000412 -0.000428 1809.0
0.000412 -0.000428 1810.0
0.000412 -0.000428 1811.0
0.000412 -0.000428 1812.0
0.000412 -0.000428 1813.0
0.000412 -0.000428 1814.0
0.000412 -0.000428 1815.0
0.000412 -0.000428 1816.0
0.000412 -0.000428 1817.0
0.000412 -0.000428 1818.0
0.000412 -0.000428 1819.0
0.000412 -0.000428 1820.0
0.000412 -0.000428 1821.0
0.000412 -0.000428 1822.0
0.000412 -0.000428 1823.0
0.000412 -0.000428 1824.0
0.000412 -0.000428 1825.0
0.000412 -0.000428 1826.0
0.000412 -0.000428 1827.0
0.000412 -0.000428 1828.0
0.000412 -0.000428 1829.0
0.000412 -0.000428 1830.0
0.000412 -0.000428 1831.0
0.000412 -0.000428 1832.0
0.000412 -0.000428 1833.0
0.000412 -0.000428 1834.0
0.000412 -0.000428 1835.0
0.000412 -0.000428 1836.0
0.000412 -0.000428 1837.0
0.000412 -0.000428 1838.0
0.000412 -0.000428 1839.0
0.000412 -0.000428 1840.0
0.000412 -0.000428 1841.0
0.000412 -0.000428 1842.0
0.000412 -0.000428 1843.0
0.000412 -0.000428 1844.0
0.000412 -0.000428 1845.0
0.000412 -0.000428 1846.0
0.000412 -0.000428 1847.0
0.000412 -0.000428 1848.0
0.000412 -0.000428 1849.0
0.000412 -0.000428 1850.0
0.000412 -0.000428 1851.0
0.000412 -0.000428 1852.0
0.000412 -0.000428 1853.0
0.000412 -0.000428 1854.0
0.000412 -0.000428 1855.0
0.000412 -0.000428 1856.0
0.000412 -0.000428 1857.0
0.000412 -0.000428 1858.0
0.000412 -0.000428 1859.0
0.000412 -0.000428 1860.0
0.000412 -0.000428 1861.0
0.000412 -0.000428 1862.0
0.000412 -0.000428 1863.0
0.000412 -0.000428 1864.0
0.000412 -0.000428 1865.0
0.000412 -0.000428 1866.0
0.000412 -0.000428 1867.0
0.000412 -0.000428 1868.0
0.000412 -0.000428 1869.0
0.000412 -0.000428 1870.0
0.000412 -0.000428 1871.0
0.000412 -0.000428 1872.0
0.000412 -0.000428 1873.0
0.000412 -0.000428 1874.0
0.000412 -0.000428 1875.0
0.000412 -0.000428 1876.0
0.000412 -0.000428 1877.0
0.000412 -0.000428 1878.0
0.000412 -0.000428 1879.0
0.000412 -0.000428 1880.0
0.000412 -0.000428 1881.0
0.000412 -0.000428 1882.0
0.000412 -0.000428 1883.0
0.000412 -0.000428 1884.0
0.000412 -0.000428 1885.0
0.000412 -0.000428 1886.0
0.000412 -0.000428 1887.0
0.000412 -0.000428 1888.0
0.000412 -0.000428 1889.0
0.000412 -0.000428 1890.0
0.000412 -0.000428 1891.0
0.000412 -0.000428 1892.0
0.000412 -0.000428 1893.0
0.000412 -0.000428 1894.0
0.000412 -0.000428 1895.0
0.000412 -0.000428 1896.0
0.000412 -0.000428 1897.0
0.000412 -0.000428 1898.0
0.000412 -0.000428 1899.0
0.000412 -0.000428 1900.0
0.000412 -0.000428 1901.0
0.000412 -0.000428 1902.0
0.000412 -0.000428 1903.0
0.000412 -0.000428 1904.0
0.000412 -0.000428 1905.0
0.000412 -0.000428 1906.0
0.000412 -0.000428 1907.0
0.000412 -0.000428 1908.0
0.000412 -0.000428 1909.0
0.000412 -0.000428 1910.0
0.000412 -0.000428 1911.0
0.000412 -0.000428 1912.0
0.000412 -0.000428 1913.0
0.000412 -0.000428 1914.0
0.000412 -0.000428 1915.0
0.000412 -0.000428 1916.0
0.000412 -0.000428 1917.0
0.000412 -0.000428 1918.0
0.000412 -0.000428 1919.0
0.000412 -0.000428 1920.0
0.000412 -0.000428 1921.0
0.000412 -0.000428 1922.0
0.000412 -0.000428 1923.0
0.000412 -0.000428 1924.0
0.000412 -0.000428 1925.0
0.000412 -0.000428 1926.0
0.000412 -0.000428 1927.0
0.000412 -0.000428 1928.0
0.000412 -0.000428 1929.0
0.000412 -0.000428 1930.0
0.000412 -0.000428 1931.0
0.000412 -0.000428 1932.0
0.000412 -0.000428 1933.0
0.000412 -0.000428 1934.0
0.000412 -0.000428 1935.0
0.000412 -0.000428 1936.0
0.000412 -0.000428 1937.0
0.000412 -0.000428 1938.0
0.000412 -0.000428 1939.0
0.000412 -0.000428 1940.0
0.000412 -0.000428 1941.0
0.000412 -0.000428 1942.0
0.000412 -0.000428 1943.0
0.000412 -0.000428 1944.0
0.000412 -0.000428 1945.0
0.000412 -0.000428 1946.0
0.000412 -0.000428 1947.0
0.000412 -0.000428 1948.0
0.000412 -0.000428 1949.0
0.000412 -0.000428 1950.0
0.000412 -0.000428 1951.0
0.000412 -0.000428 1952.0
0.000412 -0.000428 1953.0
0.000412 -0.000428 1954.0
0.000412 -0.000428 1955.0
0.000412 -0.000428 1956.0
0.000412 -0.000428 1957.0
0.000412 -0.000428 1958.0
0.000412 -0.000428 1959.0
0.000412 -0.000428 1960.0
0.000412 -0.000428 1961.0
0.000412 -0.000428 1962.0
0.000412 -0.000428 1963.0
0.000412 -0.000428 1964.0
0.000412 -0.000428 1965.0
0.000412 -0.000428 1966.0
0.000412 -0.000428 1967.0
0.000412 -0.000428 1968.0
0.000412 -0.000428 1969.0
0.000412 -0.000428 1970.0
0.000412 -0.000428 1971.0
0.000412 -0.000428 1972.0
0.000412 -0.000428 1973.0
0.000412 -0.000428 1974.0
0.000412 -0.000428 1975.0
0.000412 -0.000428 1976.0
0.000412 -0.000428 1977.0
0.000412 -0.000428 1978.0
0.000412 -0.000428 1979.0
0.000412 -0.000428 1980.0
0.000412 -0.000428 1981.0
0.000412 -0.000428 1982.0
0.000412 -0.000428 1983.0
0.000412 -0.000428 1984.0
0.000412 -0.000428 1985.0
0.000412 -0.000428 1986.0
0.000412 -0.000428 1987.0
0.000412 -0.000428 1988.0
0.000412 -0.000428 1989.0
0.000412 -0.000428 1990.0
0.000412 -0.000428 1991.0
0.000412 -0.000428 1992.0
0.000412 -0.000428 1993.0
0.000412 -0.000428 1994.0
0.000412 -0.000428 1995.0
0.000412 -0.000428 1996.0
0.000412 -0.000428 1997.0
0.000412 -0.000428 1998.0
0.000412 -0.000428 1999.0
0.000412 -0.000428 2000.0
0.000412 -0.000428 2001.0
0.000412 -0.000428 2002.0
0.000412 -0.000428 2003.0
0.000412 -0.000428 2004.0
0.000412 -0.000428 2005.0
0.000412 -0.000428 2006.0
0.000412 -0.000428 2007.0
0.000412 -0.000428 2008.0
0.000412 -0.000428 2009.0
0.000412 -0.000428 2010.0
0.000413 -0.000428 2011.0
0.000413 -0.000428 2012.0
0.000413 -0.000428 2013.0
0.000413 -0.000428 2014.0
0.000413 -0.000428 2015.0
0.000413 -0.000428 2016.0
0.000413 -0.000428 2017.0
0.000413 -0.000428 2018.0
0.000413 -0.000428 2019.0
0.000413 -0.000428 2020.0
0.000413 -0.000428 2021.0
0.000413 -0.000428 2022.0
0.000413 -0.000428 2023.0
0.000413 -0.000428 2024.0
0.000413 -0.000428 2025.0
0.000413 -0.000428 2026.0
0.000413 -0.000428 2027.0
0.000413 -0.000428 2028.0
0.000413 -0.000428 2029.0
0.000413 -0.000428 2030.0
0.000413 -0.000428 2031.0
0.000413 -0.000428 2032.0
0.000413 -0.000428 2033.0
0.000413 -0.000428 2034.0
0.000413 -0.000428 2035.0
0.000413 -0.000428 2036.0
0.000413 -0.000428 2037.0
0.000413 -0.000428 2038.0
0.000413 -0.000428 2039.0
0.000413 -0.000428 2040.0
0.000413 -0.000428 2041.0
0.000413 -0.000428 2042.0
0.000413 -0.000428 2043.0
0.000413 -0.000428 2044.0
0.000413 -0.000428 2045.0
0.000413 -0.000428 2046.0
0.000413 -0.000428 2047.0
0.000413 -0.000428 2048.0
0.000413 -0.000428 2049.0
0.000413 -0.000428 2050.0
0.000413 -0.000428 2051.0
0.000413 -0.000428 2052.0
0.000413 -0.000428 2053.0
0.000413 -0.000428 2054.0
0.000413 -0.000428 2055.0
0.000413 -0.000428 2056.0
0.000413 -0.000428 2057.0
0.000413 -0.000428 2058.0
0.000413 -0.000428 2059.0
0.000413 -0.000428 2060.0
0.000413 -0.000428 2061.0
0.000413 -0.000428 2062.0
0.000413 -0.000428 2063.0
0.000413 -0.000428 2064.0
0.000413 -0.000428 2065.0
0.000413 -0.000428 2066.0
0.000413 -0.000428 2067.0
0.000413 -0.000428 2068.0
0.000413 -0.000428 2069.0
0.000413 -0.000428 2070.0
0.000413 -0.000428 2071.0
0.000413 -0.000428 2072.0
0.000413 -0.000428 2073.0
0.000413 -0.000428 2074.0
0.000413 -0.000428 2075.0
0.000413 -0.000428 2076.0
0.000413 -0.000428 2077.0
0.000413 -0.000428 2078.0
0.000413 -0.000428 2079.0
0.000413 -0.000428 2080.0
0.000413 -0.000428 2081.0
0.000413 -0.000428 2082.0
0.000413 -0.000428 2083.0
0.000413 -0.000428 2084.0
0.000413 -0.000428 2085.0
0.000413 -0.000428 2086.0
0.000413 -0.000428 2087.0
0.000413 -0.000428 2088.0
0.000413 -0.000428 2089.0
0.000413 -0.000428 2090.0
0.000413 -0.000428 2091.0
0.000413 -0.000428 2092.0
0.000413 -0.000428 2093.0
0.000413 -0.000428 2094.0
0.000413 -0.000428 2095.0
0.000413 -0.000428 2096.0
0.000413 -0.000428 2097.0
0.000413 -0.000428 2098.0
0.000413 -0.000428 2099.0
0.000413 -0.000428 2100.0
0.000413 -0.000428 2101.0
0.000413 -0.000428 2102.0
0.000413 -0.000428 2103.0
0.000413 -0.000428 2104.0
0.000413 -0.000428 2105.0
0.000413 -0.000428 2106.0
0.000413 -0.000428 2107.0
0.000413 -0.000428 2108.0
0.000413 -0.000428 2109.0
0.000413 -0.000428 2110.0
0.000413 -0.000428 2111.0
0.000413 -0.000428 2112.0
0.000413 -0.000428 2113.0
0.000413 -0.000428 2114.0
0.000413 -0.000428 2115.0
0.000413 -0.000428 2116.0
0.000413 -0.000428 2117.0
0.000413 -0.000428 2118.0
0.000413 -0.000428 2119.0
0.000413 -0.000428 2120.0
0.000413 -0.000428 2121.0
0.000413 -0.000428 2122.0
0.000413 -0.000428 2123.0
0.000413 -0.000428 2124.0
0.000413 -0.000428 2125.0
0.000413 -0.000428 2126.0
0.000413 -0.000428 2127.0
0.000413 -0.000428 2128.0
0.000413 -0.000428 2129.0
0.000413 -0.000428 2130.0
0.000413 -0.000428 2131.0
0.000413 -0.000428 2132.0
0.000413 -0.000428 2133.0
0.000413 -0.000428 2134.0
0.000413 -0.000428 2135.0
0.000413 -0.000428 2136.0
0.000413 -0.000428 2137.0
0.000413 -0.000428 2138.0
0.000413 -0.000428 2139.0
0.000413 -0.000428 2140.0
0.000413 -0.000428 2141.0
0.000413 -0.000428 2142.0
0.000413 -0.000428 2143.0
0.000413 -0.000428 2144.0
0.000413 -0.000428 2145.0
0.000413 -0.000428 2146.0
0.000413 -0.000428 2147.0
0.000413 -0.000428 2148.0
0.000413 -0.000428 2149.0
0.000413 -0.000428 2150.0
0.000413 -0.000428 2151.0
0.000413 -0.000428 2152.0
0.000413 -0.000428 2153.0
0.000413 -0.000428 2154.0
0.000413 -0.000428 2155.0
0.000413 -0.000428 2156.0
0.000413 -0.000428 2157.0
0.000413 -0.000428 2158.0
0.000413 -0.000428 2159.0
0.000413 -0.000428 2160.0
0.000413 -0.000428 2161.0
0.000413 -0.000428 2162.0
0.000413 -0.000428 2163.0
0.000413 -0.000428 2164.0
0.000413 -0.000428 2165.0
0.000413 -0.000428 2166.0
0.000413 -0.000428 2167.0
0.000413 -0.000428 2168.0
0.000413 -0.000428 2169.0
0.000413 -0.000428 2170.0
0.000413 -0.000428 2171.0
0.000413 -0.000428 2172.0
0.000413 -0.000428 2173.0
0.000413 -0.000428 2174.0
0.000413 -0.000428 2175.0
0.000413 -0.000428 2176.0
0.000413 -0.000428 2177.0
0.000413 -0.000428 2178.0
0.000413 -0.000428 2179.0
0.000413 -0.000428 2180.0
0.000413 -0.000428 2181.0
0.000413 -0.000428 2182.0
0.000413 -0.000428 2183.0
0.000413 -0.000428 2184.0
0.000413 -0.000428 2185.0
0.000413 -0.000428 2186.0
0.000413 -0.000428 2187.0
0.000413 -0.000428 2188.0
0.000413 -0.000428 2189.0
0.000413 -0.000428 2190.0
0.000413 -0.000428 2191.0
0.000413 -0.000428 2192.0
0.000413 -0.000428 2193.0
0.000413 -0.000428 2194.0
0.000413 -0.000428 2195.0
0.000413 -0.000428 2196.0
0.000413 -0.000428 2197.0
0.000413 -0.000428 2198.0
0.000413 -0.000428 2199.0
0.000413 -0.000428 2200.0
0.000413 -0.000428 2201.0
0.000413 -0.000428 2202.0
0.000413 -0.000428 2203.0
0.000413 -0.000428 2204.0
0.000413 -0.000428 2205.0
0.000413 -0.000428 2206.0
0.000413 -0.000428 2207.0
0.000413 -0.000428 2208.0
0.000413 -0.000428 2209.0
0.000413 -0.000428 2210.0
0.000413 -0.000428 2211.0
0.000413 -0.000428 2212.0
0.000413 -0.000428 2213.0
0.000413 -0.000428 2214.0
0.000413 -0.000428 2215.0
0.000413 -0.000428 2216.0
0.000413 -0.000428 2217.0
0.000413 -0.000428 2218.0
0.000413 -0.000428 2219.0
0.000413 -0.000428 2220.0
0.000413 -0.000428 2221.0
0.000413 -0.000428 2222.0
0.000413 -0.000428 2223.0
0.000413 -0.000428 2224.0
0.000413 -0.000428 2225.0
0.000413 -0.000428 2226.0
0.000413 -0.000428 2227.0
0.000413 -0.000428 2228.0
0.000413 -0.000428 2229.0
0.000413 -0.000428 2230.0
0.000413 -0.000428 2231.0
0.000413 -0.000428 2232.0
0.000413 -0.000428 2233.0
0.000413 -0.000428 2234.0
0.000413 -0.000428 2235.0
0.000413 -0.000428 2236.0
0.000413 -0.000428 2237.0
0.000413 -0.000428 2238.0
0.000413 -0.000428 2239.0
0.000413 -0.000428 2240.0
0.000413 -0.000428 2241.0
0.000413 -0.000428 2242.0
0.000413 -0.000428 2243.0
0.000413 -0.000428 2244.0
0.000413 -0.000428 2245.0
0.000413 -0.000428 2246.0
0.000413 -0.000428 2247.0
0.000413 -0.000428 2248.0
0.000413 -0.000428 2249.0
0.000413 -0.000428 2250.0
0.000413 -0.000428 2251.0
0.000413 -0.000428 2252.0
0.000413 -0.000428 2253.0
0.000413 -0.000428 2254.0
0.000413 -0.000428 2255.0
0.000413 -0.000428 2256.0
0.000413 -0.000428 2257.0
0.000413 -0.000428 2258.0
0.000413 -0.000428 2259.0
0.000413 -0.000428 2260.0
0.000413 -0.000428 2261.0
0.000413 -0.000428 2262.0
0.000413 -0.000428 2263.0
0.000413 -0.000428 2264.0
0.000413 -0.000428 2265.0
0.000413 -0.000428 2266.0
0.000413 -0.000428 2267.0
0.000413 -0.000428 2268.0
0.000413 -0.000428 2269.0
0.000413 -0.000428 2270.0
0.000413 -0.000428 2271.0
0.000413 -0.000428 2272.0
0.000413 -0.000428 2273.0
0.000413 -0.000428 2274.0
0.000413 -0.000428 2275.0
0.000413 -0.000428 2276.0
0.000413 -0.000428 2277.0
0.000413 -0.000428 2278.0
0.000413 -0.000428 2279.0
0.000413 -0.000428 2280.0
0.000413 -0.000428 2281.0
0.000413 -0.000428 2282.0
0.000413 -0.000428 2283.0
0.000413 -0.000428 2284.0
0.000413 -0.000428 2285.0
0.000413 -0.000428 2286.0
0.000413 -0.000428 2287.0
0.000413 -0.000428 2288.0
0.000413 -0.000428 2289.0
0.000413 -0.000428 2290.0
0.000413 -0.000428 2291.0
0.000413 -0.000428 2292.0
0.000413 -0.000428 2293.0
0.000413 -0.000428 2294.0
0.000413 -0.000428 2295.0
0.000413 -0.000428 2296.0
0.000413 -0.000428 2297.0
0.000413 -0.000428 2298.0
0.000413 -0.000428 2299.0
0.000413 -0.000428 2300.0
0.000413 -0.000428 2301.0
0.000413 -0.000428 2302.0
0.000413 -0.000428 2303.0
0.000413 -0.000428 2304.0
0.000413 -0.000428 2305.0
0.000413 -0.000428 2306.0
0.000413 -0.000428 2307.0
0.000413 -0.000428 2308.0
0.000413 -0.000428 2309.0
0.000413 -0.000428 2310.0
0.000413 -0.000428 2311.0
0.000413 -0.000428 2312.0
0.000413 -0.000428 2313.0
0.000413 -0.000428 2314.0
0.000413 -0.000428 2315.0
0.000413 -0.000428 2316.0
0.000413 -0.000428 2317.0
0.000413 -0.000428 2318.0
0.000413 -0.000428 2319.0
0.000413 -0.000428 2320.0
0.000413 -0.000428 2321.0
0.000413 -0.000428 2322.0
0.000413 -0.000428 2323.0
0.000413 -0.000428 2324.0
0.000413 -0.000428 2325.0
0.000413 -0.000428 2326.0
0.000413 -0.000428 2327.0
0.000413 -0.000428 2328.0
0.000413 -0.000428 2329.0
0.000413 -0.000428 2330.0
0.000413 -0.000428 2331.0
0.000413 -0.000428 2332.0
0.000413 -0.000428 2333.0
0.000413 -0.000428 2334.0
0.000413 -0.000428 2335.0
0.000413 -0.000428 2336.0
0.000413 -0.000428 2337.0
0.000413 -0.000428 2338.0
0.000413 -0.000428 2339.0
0.000413 -0.000428 2340.0
0.000413 -0.000428 2341.0
0.000413 -0.000428 2342.0
0.000413 -0.000428 2343.0
0.000413 -0.000428 2344.0
0.000413 -0.000428 2345.0
0.000413 -0.000428 2346.0
0.000413 -0.000428 2347.0
0.000413 -0.000428 2348.0
0.000413 -0.000428 2349.0
0.000413 -0.000428 2350.0
0.000413 -0.000428 2351.0
0.000413 -0.000428 2352.0
0.000413 -0.000428 2353.0
0.000413 -0.000428 2354.0
0.000413 -0.000428 2355.0
0.000413 -0.000428 2356.0
0.000413 -0.000428 2357.0
0.000413 -0.000428 2358.0
0.000413 -0.000428 2359.0
0.000413 -0.000428 2360.0
0.000413 -0.000428 2361.0
0.000413 -0.000428 2362.0
0.000413 -0.000428 2363.0
0.000413 -0.000428 2364.0
0.000413 -0.000428 2365.0
0.000413 -0.000428 2366.0
0.000413 -0.000428 2367.0
0.000413 -0.000428 2368.0
0.000413 -0.000428 2369.0
0.000413 -0.000428 2370.0
0.000413 -0.000428 2371.0
0.000413 -0.000428 2372.0
0.000413 -0.000428 2373.0
0.000413 -0.000428 2374.0
0.000413 -0.000428 2375.0
0.000413 -0.000428 2376.0
0.000413 -0.000428 2377.0
0.000413 -0.000428 2378.0
0.000413 -0.000428 2379.0
0.000413 -0.000428 2380.0
0.000413 -0.000428 2381.0
0.000413 -0.000428 2382.0
0.000413 -0.000428 2383.0
0.000413 -0.000428 2384.0
0.000413 -0.000428 2385.0
0.000413 -0.000428 2386.0
0.000413 -0.000428 2387.0
0.000413 -0.000428 2388.0
0.000413 -0.000428 2389.0
0.000413 -0.000428 2390.0
0.000413 -0.000428 2391.0
0.000413 -0.000428 2392.0
0.000413 -0.000428 2393.0
0.000413 -0.000428 2394.0
0.000413 -0.000428 2395.0
0.000413 -0.000428 2396.0
0.000413 -0.000428 2397.0
0.000413 -0.000428 2398.0
0.000413 -0.000428 2399.0
0.000413 -0.000428 2400.0
0.000413 -0.000428 2401.0
0.000413 -0.000428 2402.0
0.000413 -0.000428 2403.0
0.000413 -0.000428 2404.0
0.000413 -0.000428 2405.0
0.000413 -0.000428 2406.0
0.000413 -0.000428 2407.0
0.000413 -0.000428 2408.0
0.000413 -0.000428 2409.0
0.000413 -0.000428 2410.0
0.000413 -0.000428 2411.0
0.000413 -0.000428 2412.0
0.000413 -0.000428 2413.0
0.000413 -0.000428 2414.0
0.000413 -0.000428 2415.0
0.000413 -0.000428 2416.0
0.000413 -0.000428 2417.0
0.000413 -0.000428 2418.0
0.000413 -0.000428 2419.0
0.000413 -0.000428 2420.0
0.000413 -0.000428 2421.0
0.000413 -0.000428 2422.0
0.000413 -0.000428 2423.0
0.000413 -0.000428 2424.0
0.000413 -0.000428 2425.0
0.000413 -0.000428 2426.0
0.000413 -0.000428 2427.0
0.000413 -0.000428 2428.0
0.000413 -0.000428 2429.0
0.000413 -0.000428 2430.0
0.000413 -0.000428 2431.0
0.000413 -0.000428 2432.0
0.000413 -0.000428 2433.0
0.000413 -0.000428 2434.0
0.000413 -0.000428 2435.0
0.000413 -0.000428 2436.0
0.000413 -0.000428 2437.0
0.000413 -0.000428 2438.0
0.000413 -0.000428 2439.0
0.000413 -0.000428 2440.0
0.000413 -0.000428 2441.0
0.000413 -0.000428 2442.0
0.000413 -0.000428 2443.0
0.000413 -0.000428 2444.0
0.000413 -0.000428 2445.0
0.000413 -0.000428 2446.0
0.000413 -0.000428 2447.0
0.000413 -0.000428 2448.0
0.000413 -0.000428 2449.0
0.000413 -0.000428 2450.0
0.000413 -0.000428 2451.0
0.000413 -0.000428 2452.0
0.000413 -0.000428 2453.0
0.000413 -0.000428 2454.0
0.000413 -0.000428 2455.0
0.000413 -0.000428 2456.0
0.000413 -0.000428 2457.0
0.000413 -0.000428 2458.0
0.000413 -0.000428 2459.0
0.000413 -0.000428 2460.0
0.000413 -0.000428 2461.0
0.000413 -0.000428 2462.0
0.000413 -0.000428 2463.0
0.000413 -0.000428 2464.0
0.000413 -0.000428 2465.0
0.000413 -0.000428 2466.0
0.000413 -0.000428 2467.0
0.000413 -0.000428 2468.0
0.000413 -0.000428 2469.0
0.000413 -0.000428 2470.0
0.000413 -0.000428 2471.0
0.000413 -0.000428 2472.0
0.000413 -0.000428 2473.0
0.000413 -0.000428 2474.0
0.000413 -0.000428 2475.0
0.000413 -0.000428 2476.0
0.000413 -0.000428 2477.0
0.000413 -0.000428 2478.0
0.000413 -0.000428 2479.0
0.000413 -0.000428 2480.0
0.000413 -0.000428 2481.0
0.000413 -0.000428 2482.0
0.000413 -0.000428 2483.0
0.000413 -0.000428 2484.0
0.000413 -0.000428 2485.0
0.000413 -0.000428 2486.0
0.000413 -0.000428 2487.0
0.000413 -0.000428 2488.0
0.000413 -0.000428 2489.0
0.000413 -0.000428 2490.0
0.000413 -0.000428 2491.0
0.000413 -0.000428 2492.0
0.000413 -0.000428 2493.0
0.000413 -0.000428 2494.0
0.000413 -0.000428 2495.0
0.000413 -0.000428 2496.0
0.000413 -0.000428 2497.0
0.000413 -0.000428 2498.0
0.000413 -0.000428 2499.0
0.000413 -0.000428 2500.0
0.000413 -0.000428 2501.0
0.000413 -0.000428 2502.0
0.000413 -0.000428 2503.0
0.000413 -0.000428 2504.0
0.000413 -0.000428 2505.0
0.000413 -0.000428 2506.0
0.000413 -0.000428 2507.0
0.000413 -0.000428 2508.0
0.000413 -0.000428 2509.0
0.000413 -0.000428 2510.0
0.000413 -0.000428 2511.0
0.000413 -0.000428 2512.0
0.000413 -0.000428 2513.0
0.000413 -0.000428 2514.0
0.000413 -0.000428 2515.0
0.000413 -0.000428 2516.0
0.000413 -0.000428 2517.0
0.000413 -0.000428 2518.0
0.000413 -0.000428 2519.0
0.000413 -0.000428 2520.0
0.000413 -0.000428 2521.0
0.000413 -0.000428 2522.0
0.000413 -0.000428 2523.0
0.000413 -0.000428 2524.0
0.000413 -0.000428 2525.0
0.000413 -0.000428 2526.0
0.000413 -0.000428 2527.0
0.000413 -0.000428 2528.0
0.000413 -0.000428 2529.0
0.000413 -0.000428 2530.0
0.000413 -0.000428 2531.0
0.000413 -0.000428 2532.0
0.000413 -0.000428 2533.0
0.000413 -0.000428 2534.0
0.000413 -0.000428 2535.0
0.000413 -0.000428 2536.0
0.000413 -0.000428 2537.0
0.000413 -0.000428 2538.0
0.000413 -0.000428 2539.0
0.000413 -0.000428 2540.0
0.000413 -0.000428 2541.0
0.000413 -0.000428 2542.0
0.000413 -0.000428 2543.0
0.000413 -0.000428 2544.0
0.000413 -0.000428 2545.0
0.000413 -0.000428 2546.0
0.000413 -0.000428 2547.0
0.000413 -0.000428 2548.0
0.000413 -0.000428 2549.0
0.000413 -0.000428 2550.0
0.000413 -0.000428 2551.0
0.000413 -0.000428 2552.0
0.000413 -0.000428 2553.0
0.000413 -0.000428 2554.0
0.000413 -0.000428 2555.0
0.000413 -0.000428 2556.0
0.000412 -0.000428 2557.0
0.000412 -0.000428 2558.0
0.000412 -0.000428 2559.0
0.000412 -0.000428 2560.0
0.000412 -0.000428 2561.0
0.000412 -0.000428 2562.0
0.000412 -0.000428 2563.0
0.000412 -0.000428 2564.0
0.000412 -0.000427 2565.0
0.000412 -0.000427 2566.0
0.000412 -0.000427 2567.0
0.000412 -0.000427 2568.0
0.000412 -0.000427 2569.0
0.000412 -0.000427 2570.0
0.000412 -0.000427 2571.0
0.000412 -0.000427 2572.0
0.000412 -0.000427 2573.0
0.000412 -0.000427 2574.0
0.000412 -0.000427 2575.0
0.000412 -0.000427 2576.0
0.000412 -0.000427 2577.0
0.000412 -0.000427 2578.0
0.000412 -0.000426 2579.0
0.000412 -0.000426 2580.0
0.000412 -0.000426 2581.0
0.000412 -0.000426 2582.0
0.000412 -0.000426 2583.0
0.000412 -0.000426 2584.0
0.000412 -0.000426 2585.0
0.000412 -0.000426 2586.0
0.000412 -0.000426 2587.0
0.000412 -0.000426 2588.0
0.000412 -0.000426 2589.0
0.000412 -0.000426 2590.0
0.000412 -0.000426 2591.0
0.000411 -0.000426 2592.0
0.000411 -0.000425 2593.0
0.000411 -0.000425 2594.0
0.000411 -0.000425 2595.0
0.000411 -0.000425 2596.0
0.000411 -0.000425 2597.0
0.000411 -0.000425 2598.0
0.000411 -0.000425 2599.0
0.000411 -0.000425 2600.0
0.000411 -0.000425 2601.0
0.000411 -0.000425 2602.0
0.000411 -0.000425 2603.0
0.000411 -0.000425 2604.0
0.000411 -0.000425 2605.0
0.000411 -0.000425 2606.0
0.000411 -0.000424 2607.0
0.000411 -0.000424 2608.0
0.000411 -0.000424 2609.0
0.000411 -0.000424 2610.0
0.000411 -0.000424 2611.0
0.000411 -0.000424 2612.0
0.000411 -0.000424 2613.0
0.000411 -0.000424 2614.0
0.000411 -0.000424 2615.0
0.000411 -0.000424 2616.0
0.000411 -0.000424 2617.0
0.000411 -0.000423 2618.0
0.000411 -0.000423 2619.0
0.000412 -0.000423 2620.0
0.000412 -0.000423 2621.0
0.000412 -0.000423 2622.0
0.000412 -0.000423 2623.0
0.000412 -0.000423 2624.0
0.000412 -0.000422 2625.0
0.000412 -0.000422 2626.0
0.000412 -0.000422 2627.0
0.000412 -0.000422 2628.0
0.000412 -0.000422 2629.0
0.000413 -0.000422 2630.0
0.000413 -0.000421 2631.0
0.000413 -0.000421 2632.0
0.000413 -0.000421 2633.0
0.000413 -0.000421 2634.0
0.000413 -0.000421 2635.0
0.000413 -0.000421 2636.0
0.000413 -0.000421 2637.0
0.000413 -0.000420 2638.0
0.000413 -0.000420 2639.0
0.000414 -0.000420 2640.0
0.000414 -0.000420 2641.0
0.000414 -0.000420 2642.0
0.000414 -0.000420 2643.0
0.000414 -0.000420 2644.0
0.000414 -0.000419 2645.0
0.000414 -0.000419 2646.0
0.000414 -0.000419 2647.0
0.000414 -0.000419 2648.0
0.000414 -0.000419 2649.0
0.000414 -0.000419 2650.0
0.000415 -0.000418 2651.0
0.000415 -0.000418 2652.0
0.000415 -0.000418 2653.0
0.000415 -0.000418 2654.0
0.000415 -0.000418 2655.0
0.000415 -0.000418 2656.0
0.000415 -0.000418 2657.0
0.000415 -0.000417 2658.0
0.000415 -0.000417 2659.0
0.000415 -0.000417 2660.0
0.000416 -0.000417 2661.0
0.000416 -0.000417 2662.0
0.000416 -0.000417 2663.0
0.000416 -0.000417 2664.0
0.000416 -0.000416 2665.0
0.000417 -0.000417 2666.0
0.000417 -0.000417 2667.0
0.000417 -0.000417 2668.0
0.000417 -0.000417 2669.0
0.000417 -0.000417 2670.0
0.000417 -0.000417 2671.0
0.000417 -0.000417 2672.0
0.000417 -0.000417 2673.0
0.000417 -0.000417 2674.0
0.000417 -0.000417 2675.0
0.000417 -0.000417 2676.0
0.000417 -0.000417 2677.0
0.000417 -0.000416 2678.0
0.000418 -0.000416 2679.0
0.000418 -0.000416 2680.0
0.000418 -0.000416 2681.0
0.000418 -0.000416 2682.0
0.000418 -0.000416 2683.0
0.000418 -0.000416 2684.0
0.000418 -0.000416 2685.0
0.000418 -0.000416 2686.0
0.000418 -0.000416 2687.0
0.000418 -0.000416 2688.0
0.000418 -0.000416 2689.0
0.000418 -0.000416 2690.0
0.000418 -0.000416 2691.0
0.000418 -0.000416 2692.0
0.000418 -0.000416 2693.0
0.000418 -0.000416 2694.0
0.000419 -0.000416 2695.0
0.000419 -0.000415 2696.0
0.000419 -0.000415 2697.0
0.000419 -0.000415 2698.0
0.000419 -0.000415 2699.0
0.000419 -0.000415 2700.0
0.000419 -0.000415 2701.0
0.000419 -0.000415 2702.0
0.000419 -0.000415 2703.0
0.000419 -0.000415 2704.0
0.000419 -0.000415 2705.0
0.000419 -0.000415 2706.0
0.000419 -0.000415 2707.0
0.000419 -0.000415 2708.0
0.000419 -0.000415 2709.0
0.000420 -0.000415 2710.0
0.000420 -0.000415 2711.0
0.000420 -0.000415 2712.0
0.000420 -0.000415 2713.0
0.000420 -0.000414 2714.0
0.000420 -0.000414 2715.0
0.000420 -0.000414 2716.0
0.000420 -0.000414 2717.0
0.000420 -0.000414 2718.0
0.000420 -0.000414 2719.0
0.000420 -0.000414 2720.0
0.000420 -0.000414 2721.0
0.000420 -0.000414 2722.0
0.000420 -0.000414 2723.0
0.000420 -0.000414 2724.0
0.000420 -0.000414 2725.0
0.000421 -0.000414 2726.0
0.000421 -0.000414 2727.0
0.000421 -0.000414 2728.0
0.000421 -0.000414 2729.0
0.000421 -0.000414 2730.0
0.000421 -0.000414 2731.0
0.000421 -0.000414 2732.0
0.000421 -0.000415 2733.0
0.000421 -0.000415 2734.0
0.000421 -0.000415 2735.0
0.000421 -0.000415 2736.0
0.000421 -0.000416 2737.0
0.000421 -0.000416 2738.0
0.000422 -0.000416 2739.0
0.000422 -0.000416 2740.0
0.000422 -0.000417 2741.0
0.000422 -0.000417 2742.0
0.000422 -0.000417 2743.0
0.000422 -0.000417 2744.0
0.000422 -0.000418 2745.0
0.000422 -0.000418 2746.0
0.000422 -0.000418 2747.0
0.000422 -0.000418 2748.0
0.000422 -0.000418 2749.0
0.000422 -0.000419 2750.0
0.000422 -0.000419 2751.0
0.000422 -0.000419 2752.0
0.000422 -0.000419 2753.0
0.000422 -0.000420 2754.0
0.000422 -0.000420 2755.0
0.000422 -0.000420 2756.0
0.000422 -0.000420 2757.0
0.000423 -0.000421 2758.0
0.000423 -0.000421 2759.0
0.000423 -0.000421 2760.0
0.000423 -0.000421 2761.0
0.000423 -0.000422 2762.0
0.000423 -0.000422 2763.0
0.000423 -0.000422 2764.0
0.000423 -0.000422 2765.0
0.000423 -0.000423 2766.0
0.000423 -0.000423 2767.0
0.000423 -0.000423 2768.0
0.000423 -0.000423 2769.0
0.000423 -0.000424 2770.0
0.000423 -0.000424 2771.0
0.000423 -0.000424 2772.0
0.000423 -0.000424 2773.0
0.000423 -0.000424 2774.0
0.000423 -0.000425 2775.0
0.000423 -0.000425 2776.0
0.000424 -0.000425 2777.0
0.000424 -0.000425 2778.0
0.000424 -0.000426 2779.0
0.000424 -0.000426 2780.0
0.000424 -0.000426 2781.0
0.000424 -0.000426 2782.0
0.000424 -0.000427 2783.0
0.000424 -0.000427 2784.0
0.000424 -0.000427 2785.0
0.000424 -0.000427 2786.0
0.000424 -0.000428 2787.0
0.000424 -0.000428 2788.0
0.000424 -0.000428 2789.0
0.000424 -0.000428 2790.0
0.000425 -0.000428 2791.0
0.000425 -0.000428 2792.0
0.000425 -0.000428 2793.0
0.000425 -0.000428 2794.0
0.000425 -0.000428 2795.0
0.000425 -0.000428 2796.0
0.000425 -0.000428 2797.0
0.000425 -0.000428 2798.0
0.000425 -0.000428 2799.0
0.000425 -0.000428 2800.0
0.000425 -0.000428 2801.0
0.000425 -0.000428 2802.0
0.000425 -0.000428 2803.0
0.000425 -0.000428 2804.0
0.000425 -0.000428 2805.0
0.000425 -0.000428 2806.0
0.000425 -0.000428 2807.0
0.000425 -0.000428 2808.0
0.000425 -0.000428 2809.0
0.000425 -0.000428 2810.0
0.000425 -0.000428 2811.0
0.000425 -0.000428 2812.0
0.000425 -0.000428 2813.0
0.000425 -0.000428 2814.0
0.000425 -0.000428 2815.0
0.000425 -0.000428 2816.0
0.000425 -0.000428 2817.0
0.000425 -0.000428 2818.0
0.000425 -0.000428 2819.0
0.000425 -0.000428 2820.0
0.000425 -0.000428 2821.0
0.000425 -0.000428 2822.0
0.000425 -0.000428 2823.0
0.000425 -0.000428 2824.0
0.000425 -0.000428 2825.0
0.000425 -0.000428 2826.0
0.000425 -0.000428 2827.0
0.000425 -0.000428 2828.0
0.000425 -0.000428 2829.0
0.000425 -0.000428 2830.0
0.000425 -0.000428 2831.0
0.000425 -0.000428 2832.0
0.000425 -0.000428 2833.0
0.000425 -0.000428 2834.0
0.000425 -0.000428 2835.0
0.000425 -0.000428 2836.0
0.000425 -0.000428 2837.0
0.000425 -0.000428 2838.0
0.000425 -0.000428 2839.0
0.000425 -0.000428 2840.0
0.000425 -0.000428 2841.0
0.000425 -0.000428 2842.0
0.000425 -0.000428 2843.0
0.000425 -0.000428 2844.0
0.000425 -0.000428 2845.0
0.000425 -0.000428 2846.0
0.000425 -0.000428 2847.0
0.000425 -0.000428 2848.0
0.000425 -0.000428 2849.0
0.000425 -0.000428 2850.0
0.000425 -0.000428 2851.0
0.000425 -0.000428 2852.0
0.000425 -0.000428 2853.0
0.000425 -0.000428 2854.0
0.000425 -0.000428 2855.0
0.000425 -0.000428 2856.0
0.000425 -0.000428 2857.0
0.000425 -0.000428 2858.0
0.000425 -0.000428 2859.0
0.000425 -0.000428 2860.0
0.000425 -0.000428 2861.0
0.000425 -0.000428 2862.0
0.000425 -0.000428 2863.0
0.000425 -0.000428 2864.0
0.000425 -0.000428 2865.0
0.000425 -0.000428 2866.0
0.000425 -0.000428 2867.0
0.000425 -0.000428 2868.0
0.000425 -0.000428 2869.0
0.000425 -0.000428 2870.0
0.000425 -0.000428 2871.0
0.000425 -0.000428 2872.0
0.000425 -0.000428 2873.0
0.000425 -0.000428 2874.0
0.000425 -0.000428 2875.0
0.000425 -0.000428 2876.0
0.000425 -0.000428 2877.0
0.000425 -0.000428 2878.0
0.000425 -0.000428 2879.0
0.000425 -0.000428 2880.0
0.000425 -0.000428 2881.0
0.000425 -0.000428 2882.0
0.000425 -0.000428 2883.0
0.000425 -0.000428 2884.0
0.000425 -0.000428 2885.0
0.000425 -0.000428 2886.0
0.000425 -0.000428 2887.0
0.000425 -0.000428 2888.0
0.000425 -0.000428 2889.0
0.000425 -0.000428 2890.0
0.000425 -0.000428 2891.0
0.000425 -0.000428 2892.0
0.000425 -0.000428 2893.0
0.000425 -0.000428 2894.0
0.000425 -0.000428 2895.0
0.000425 -0.000428 2896.0
0.000425 -0.000428 2897.0
0.000425 -0.000428 2898.0
0.000425 -0.000428 2899.0
0.000425 -0.000428 2900.0
0.000425 -0.000428 2901.0
0.000425 -0.000428 2902.0
0.000425 -0.000428 2903.0
0.000425 -0.000428 2904.0
0.000425 -0.000428 2905.0
0.000425 -0.000428 2906.0
0.000425 -0.000428 2907.0
0.000425 -0.000428 2908.0
0.000425 -0.000428 2909.0
0.000425 -0.000428 2910.0
0.000425 -0.000428 2911.0
0.000425 -0.000428 2912.0
0.000425 -0.000428 2913.0
0.000425 -0.000428 2914.0
0.000425 -0.000428 2915.0
0.000425 -0.000428 2916.0
0.000425 -0.000428 2917.0
0.000425 -0.000428 2918.0
0.000425 -0.000428 2919.0
0.000425 -0.000428 2920.0
0.000425 -0.000428 2921.0
0.000425 -0.000428 2922.0
0.000425 -0.000428 2923.0
0.000425 -0.000428 2924.0
0.000425 -0.000428 2925.0
0.000425 -0.000428 2926.0
0.000425 -0.000428 2927.0
0.000425 -0.000428 2928.0
0.000425 -0.000428 2929.0
0.000425 -0.000428 2930.0
0.000425 -0.000428 2931.0
0.000425 -0.000428 2932.0
0.000425 -0.000428 2933.0
0.000425 -0.000428 2934.0
0.000425 -0.000428 2935.0
0.000425 -0.000428 2936.0
0.000425 -0.000428 2937.0
0.000425 -0.000428 2938.0
0.000425 -0.000428 2939.0
0.000425 -0.000428 2940.0
0.000425 -0.000428 2941.0
0.000425 -0.000428 2942.0
0.000425 -0.000428 2943.0
0.000425 -0.000428 2944.0
0.000425 -0.000428 2945.0
0.000425 -0.000428 2946.0
0.000425 -0.000428 2947.0
0.000425 -0.000428 2948.0
0.000425 -0.000428 2949.0
0.000425 -0.000428 2950.0
0.000425 -0.000428 2951.0
0.000425 -0.000428 2952.0
0.000425 -0.000428 2953.0
0.000425 -0.000428 2954.0
0.000425 -0.000428 2955.0
0.000425 -0.000428 2956.0
0.000425 -0.000428 2957.0
0.000425 -0.000428 2958.0
0.000425 -0.000428 2959.0
0.000425 -0.000428 2960.0
0.000425 -0.000428 2961.0
0.000425 -0.000428 2962.0
0.000425 -0.000428 2963.0
0.000425 -0.000428 2964.0
0.000425 -0.000428 2965.0
0.000425 -0.000428 2966.0
0.000425 -0.000428 2967.0
0.000425 -0.000428 2968.0
0.000425 -0.000428 2969.0
0.000425 -0.000428 2970.0
0.000425 -0.000428 2971.0
0.000425 -0.000428 2972.0
0.000425 -0.000428 2973.0
0.000425 -0.000428 2974.0
0.000425 -0.000428 2975.0
0.000425 -0.000428 2976.0
0.000425 -0.000428 2977.0
0.000425 -0.000428 2978.0
0.000425 -0.000428 2979.0
0.000425 -0.000428 2980.0
0.000424 -0.000428 2981.0
0.000424 -0.000428 2982.0
0.000424 -0.000428 2983.0
0.000424 -0.000428 2984.0
0.000424 -0.000428 2985.0
0.000424 -0.000428 2986.0
0.000424 -0.000428 2987.0
0.000424 -0.000428 2988.0
0.000424 -0.000428 2989.0
0.000424 -0.000428 2990.0
0.000424 -0.000428 2991.0
0.000424 -0.000428 2992.0
0.000424 -0.000428 2993.0
0.000424 -0.000428 2994.0
0.000424 -0.000428 2995.0
0.000424 -0.000428 2996.0
0.000424 -0.000428 2997.0
0.000424 -0.000428 2998.0
0.000424 -0.000428 2999.0
0.000424 -0.000428 3000.0
0.000424 -0.000428 3001.0
0.000424 -0.000427 3002.0
0.000424 -0.000427 3003.0
0.000424 -0.000427 3004.0
0.000424 -0.000427 3005.0
0.000424 -0.000427 3006.0
0.000424 -0.000427 3007.0
0.000424 -0.000427 3008.0
0.000424 -0.000427 3009.0
0.000424 -0.000427 3010.0
0.000424 -0.000427 3011.0
0.000424 -0.000427 3012.0
0.000424 -0.000427 3013.0
0.000424 -0.000427 3014.0
0.000424 -0.000427 3015.0
0.000424 -0.000427 3016.0
0.000424 -0.000427 3017.0
0.000424 -0.000427 3018.0
0.000424 -0.000427 3019.0
0.000424 -0.000427 3020.0
0.000424 -0.000427 3021.0
0.000424 -0.000427 3022.0
0.000423 -0.000427 3023.0
0.000423 -0.000427 3024.0
0.000423 -0.000427 3025.0
0.000423 -0.000427 3026.0
0.000423 -0.000427 3027.0
0.000423 -0.000427 3028.0
0.000423 -0.000427 3029.0
0.000423 -0.000427 3030.0
0.000423 -0.000427 3031.0
0.000423 -0.000427 3032.0
0.000423 -0.000427 3033.0
0.000423 -0.000427 3034.0
0.000423 -0.000427 3035.0
0.000423 -0.000427 3036.0
0.000423 -0.000427 3037.0
0.000423 -0.000427 3038.0
0.000423 -0.000427 3039.0
0.000423 -0.000427 3040.0
0.000423 -0.000427 3041.0
0.000423 -0.000427 3042.0
0.000423 -0.000427 3043.0
0.000423 -0.000427 3044.0
0.000423 -0.000427 3045.0
0.000423 -0.000427 3046.0
0.000423 -0.000427 3047.0
0.000423 -0.000427 3048.0
0.000423 -0.000427 3049.0
0.000423 -0.000427 3050.0
0.000423 -0.000427 3051.0
0.000423 -0.000427 3052.0
0.000423 -0.000427 3053.0
0.000423 -0.000427 3054.0
0.000423 -0.000427 3055.0
0.000423 -0.000427 3056.0
0.000423 -0.000427 3057.0
0.000423 -0.000427 3058.0
0.000423 -0.000427 3059.0
0.000423 -0.000427 3060.0
0.000423 -0.000427 3061.0
0.000423 -0.000427 3062.0
0.000423 -0.000427 3063.0
0.000423 -0.000427 3064.0
0.000423 -0.000427 3065.0
0.000423 -0.000427 3066.0
0.000423 -0.000427 3067.0
0.000423 -0.000427 3068.0
0.000423 -0.000427 3069.0
0.000423 -0.000427 3070.0
0.000423 -0.000427 3071.0
0.000423 -0.000427 3072.0
0.000423 -0.000427 3073.0
0.000423 -0.000427 3074.0
0.000423 -0.000427 3075.0
0.000423 -0.000427 3076.0
0.000423 -0.000427 3077.0
0.000423 -0.000427 3078.0
0.000423 -0.000427 3079.0
0.000423 -0.000427 3080.0
0.000423 -0.000427 3081.0
0.000423 -0.000427 3082.0
0.000423 -0.000427 3083.0
0.000423 -0.000427 3084.0
0.000423 -0.000427 3085.0
0.000423 -0.000427 3086.0
0.000423 -0.000427 3087.0
0.000423 -0.000427 3088.0
0.000423 -0.000427 3089.0
0.000423 -0.000427 3090.0
0.000423 -0.000427 3091.0
0.000423 -0.000427 3092.0
0.000423 -0.000427 3093.0
0.000423 -0.000427 3094.0
0.000423 -0.000427 3095.0
0.000423 -0.000427 3096.0
0.000423 -0.000427 3097.0
0.000423 -0.000427 3098.0
0.000423 -0.000427 3099.0
0.000423 -0.000427 3100.0
0.000423 -0.000427 3101.0
0.000423 -0.000427 3102.0
0.000423 -0.000427 3103.0
0.000423 -0.000427 3104.0
0.000423 -0.000427 3105.0
0.000423 -0.000427 3106.0
0.000423 -0.000427 3107.0
0.000423 -0.000427 3108.0
0.000423 -0.000427 3109.0
0.000423 -0.000427 3110.0
0.000423 -0.000427 3111.0
0.000423 -0.000427 3112.0
0.000423 -0.000427 3113.0
0.000423 -0.000427 3114.0
0.000423 -0.000427 3115.0
0.000423 -0.000427 3116.0
0.000423 -0.000427 3117.0
0.000423 -0.000427 3118.0
0.000423 -0.000427 3119.0
0.000423 -0.000427 3120.0
0.000423 -0.000427 3121.0
0.000423 -0.000427 3122.0
0.000423 -0.000427 3123.0
0.000423 -0.000427 3124.0
0.000423 -0.000427 3125.0
0.000423 -0.000427 3126.0
0.000423 -0.000427 3127.0
0.000423 -0.000427 3128.0
0.000423 -0.000427 3129.0
0.000423 -0.000427 3130.0
0.000423 -0.000427 3131.0
0.000423 -0.000427 3132.0
0.000423 -0.000427 3133.0
0.000423 -0.000427 3134.0
0.000423 -0.000427 3135.0
0.000423 -0.000427 3136.0
0.000423 -0.000427 3137.0
0.000423 -0.000426 3138.0
0.000423 -0.000426 3139.0
0.000423 -0.000426 3140.0
0.000423 -0.000426 3141.0
0.000423 -0.000426 3142.0
0.000423 -0.000426 3143.0
0.000423 -0.000426 3144.0
0.000423 -0.000426 3145.0
0.000423 -0.000426 3146.0
0.000423 -0.000426 3147.0
0.000423 -0.000426 3148.0
0.000423 -0.000425 3149.0
0.000423 -0.000425 3150.0
0.000423 -0.000425 3151.0
0.000423 -0.000425 3152.0
0.000423 -0.000425 3153.0
0.000423 -0.000425 3154.0
0.000423 -0.000425 3155.0
0.000423 -0.000425 3156.0
0.000423 -0.000425 3157.0
0.000423 -0.000425 3158.0
0.000423 -0.000425 3159.0
0.000423 -0.000425 3160.0
0.000423 -0.000424 3161.0
0.000423 -0.000424 3162.0
0.000423 -0.000424 3163.0
0.000423 -0.000424 3164.0
0.000423 -0.000424 3165.0
0.000423 -0.000424 3166.0
0.000423 -0.000424 3167.0
0.000423 -0.000424 3168.0
0.000423 -0.000424 3169.0
0.000423 -0.000424 3170.0
0.000423 -0.000424 3171.0
0.000423 -0.000423 3172.0
0.000423 -0.000423 3173.0
0.000423 -0.000423 3174.0
0.000423 -0.000423 3175.0
0.000423 -0.000423 3176.0
0.000423 -0.000423 3177.0
0.000423 -0.000423 3178.0
0.000423 -0.000423 3179.0
0.000423 -0.000423 3180.0
0.000423 -0.000423 3181.0
0.000423 -0.000423 3182.0
0.000423 -0.000422 3183.0
0.000423 -0.000422 3184.0
0.000423 -0.000422 3185.0
0.000423 -0.000422 3186.0
0.000423 -0.000422 3187.0
0.000423 -0.000422 3188.0
0.000423 -0.000422 3189.0
0.000423 -0.000422 3190.0
0.000423 -0.000422 3191.0
0.000423 -0.000422 3192.0
0.000423 -0.000422 3193.0
0.000423 -0.000421 3194.0
0.000423 -0.000421 3195.0
0.000423 -0.000421 3196.0
0.000423 -0.000421 3197.0
0.000423 -0.000421 3198.0
0.000423 -0.000421 3199.0
0.000423 -0.000421 3200.0
0.000423 -0.000421 3201.0
0.000423 -0.000421 3202.0
0.000423 -0.000421 3203.0
0.000423 -0.000421 3204.0
0.000424 -0.000421 3205.0
0.000424 -0.000420 3206.0
0.000424 -0.000420 3207.0
0.000424 -0.000420 3208.0
0.000424 -0.000420 3209.0
0.000424 -0.000420 3210.0
0.000424 -0.000420 3211.0
0.000424 -0.000420 3212.0
0.000424 -0.000420 3213.0
0.000424 -0.000420 3214.0
0.000424 -0.000420 3215.0
0.000425 -0.000420 3216.0
0.000425 -0.000419 3217.0
0.000425 -0.000419 3218.0
0.000425 -0.000419 3219.0
0.000425 -0.000419 3220.0
0.000425 -0.000419 3221.0
0.000425 -0.000419 3222.0
0.000425 -0.000419 3223.0
0.000425 -0.000419 3224.0
0.000425 -0.000419 3225.0
0.000426 -0.000419 3226.0
0.000426 -0.000419 3227.0
0.000426 -0.000419 3228.0
0.000426 -0.000418 3229.0
0.000426 -0.000418 3230.0
0.000426 -0.000418 3231.0
0.000426 -0.000418 3232.0
0.000426 -0.000418 3233.0
0.000426 -0.000419 3234.0
