0.000686 -0.000715 9.0
0.000686 -0.000714 10.0
0.000686 -0.000713 11.0
0.000686 -0.000712 12.0
0.000686 -0.000711 13.0
0.000686 -0.000710 14.0
0.000686 -0.000709 15.0
0.000686 -0.000708 16.0
0.000686 -0.000707 17.0
0.000687 -0.000706 18.0
0.000687 -0.000705 19.0
0.000687 -0.000704 20.0
0.000687 -0.000703 21.0
0.000687 -0.000702 22.0
0.000687 -0.000701 23.0
0.000687 -0.000700 24.0
0.000687 -0.000699 25.0
0.000687 -0.000698 26.0
0.000687 -0.000697 27.0
0.000688 -0.000696 28.0
0.000688 -0.000695 29.0
0.000688 -0.000694 30.0
0.000688 -0.000693 31.0
0.000688 -0.000692 32.0
0.000688 -0.000691 33.0
0.000688 -0.000690 34.0
0.000688 -0.000689 35.0
0.000688 -0.000688 36.0
0.000688 -0.000688 37.0
0.000688 -0.000687 38.0
0.000689 -0.000686 39.0
0.000689 -0.000685 40.0
0.000689 -0.000684 41.0
0.000689 -0.000683 42.0
0.000689 -0.000682 43.0
0.000689 -0.000681 44.0
0.000689 -0.000680 45.0
0.000689 -0.000679 46.0
0.000689 -0.000678 47.0
0.000689 -0.000677 48.0
0.000690 -0.000676 49.0
0.000690 -0.000675 50.0
0.000690 -0.000674 51.0
0.000690 -0.000673 52.0
0.000691 -0.000673 53.0
0.000691 -0.000673 54.0
0.000691 -0.000672 55.0
0.000691 -0.000672 56.0
0.000691 -0.000671 57.0
0.000691 -0.000670 58.0
0.000691 -0.000670 59.0
0.000691 -0.000669 60.0
0.000691 -0.000669 61.0
0.000691 -0.000668 62.0
0.000691 -0.000668 63.0
0.000691 -0.000667 64.0
0.000692 -0.000667 65.0
0.000692 -0.000666 66.0
0.000692 -0.000666 67.0
0.000692 -0.000665 68.0
0.000692 -0.000665 69.0
0.000692 -0.000664 70.0
0.000692 -0.000664 71.0
0.000692 -0.000663 72.0
0.000692 -0.000663 73.0
0.000692 -0.000662 74.0
0.000692 -0.000661 75.0
0.000692 -0.000661 76.0
0.000692 -0.000660 77.0
0.000692 -0.000660 78.0
0.000692 -0.000659 79.0
0.000692 -0.000659 80.0
0.000692 -0.000658 81.0
0.000692 -0.000658 82.0
0.000692 -0.000657 83.0
0.000692 -0.000657 84.0
0.000693 -0.000656 85.0
0.000693 -0.000656 86.0
0.000693 -0.000655 87.0
0.000693 -0.000655 88.0
0.000693 -0.000654 89.0
0.000693 -0.000653 90.0
0.000693 -0.000653 91.0
0.000693 -0.000652 92.0
0.000693 -0.000652 93.0
0.000693 -0.000651 94.0
0.000693 -0.000651 95.0
0.000693 -0.000650 96.0
0.000693 -0.000650 97.0
0.000693 -0.000649 98.0
0.000693 -0.000649 99.0
0.000693 -0.000648 100.0
0.000693 -0.000648 101.0
0.000693 -0.000647 102.0
0.000693 -0.000647 103.0
0.000694 -0.000646 104.0
0.000694 -0.000645 105.0
0.000694 -0.000645 106.0
0.000694 -0.000644 107.0
0.000694 -0.000644 108.0
0.000694 -0.000643 109.0
0.000694 -0.000643 110.0
0.000695 -0.000643 111.0
0.000695 -0.000643 112.0
0.000695 -0.000642 113.0
0.000695 -0.000642 114.0
0.000695 -0.000641 115.0
0.000695 -0.000641 116.0
0.000695 -0.000641 117.0
0.000695 -0.000640 118.0
0.000695 -0.000640 119.0
0.000695 -0.000639 120.0
0.000695 -0.000639 121.0
0.000695 -0.000638 122.0
0.000695 -0.000638 123.0
0.000695 -0.000638 124.0
0.000695 -0.000637 125.0
0.000695 -0.000637 126.0
0.000695 -0.000636 127.0
0.000695 -0.000636 128.0
0.000695 -0.000636 129.0
0.000695 -0.000635 130.0
0.000695 -0.000635 131.0
0.000696 -0.000634 132.0
0.000696 -0.000634 133.0
0.000696 -0.000633 134.0
0.000696 -0.000633 135.0
0.000696 -0.000633 136.0
0.000696 -0.000632 137.0
0.000696 -0.000632 138.0
0.000696 -0.000631 139.0
0.000696 -0.000631 140.0
0.000696 -0.000630 141.0
0.000696 -0.000630 142.0
0.000696 -0.000630 143.0
0.000696 -0.000629 144.0
0.000696 -0.000629 145.0
0.000696 -0.000628 146.0
0.000696 -0.000628 147.0
0.000696 -0.000628 148.0
0.000696 -0.000627 149.0
0.000696 -0.000627 150.0
0.000696 -0.000626 151.0
0.000696 -0.000626 152.0
0.000697 -0.000625 153.0
0.000697 -0.000625 154.0
0.000697 -0.000625 155.0
0.000697 -0.000624 156.0
0.000697 -0.000624 157.0
0.000697 -0.000623 158.0
0.000697 -0.000623 159.0
0.000697 -0.000622 160.0
0.000697 -0.000622 161.0
0.000697 -0.000622 162.0
0.000697 -0.000621 163.0
0.000697 -0.000621 164.0
0.000697 -0.000620 165.0
0.000697 -0.000620 166.0
0.000697 -0.000620 167.0
0.000697 -0.000619 168.0
0.000697 -0.000619 169.0
0.000698 -0.000619 170.0
0.000698 -0.000618 171.0
0.000698 -0.000618 172.0
0.000698 -0.000618 173.0
0.000698 -0.000617 174.0
0.000698 -0.000617 175.0
0.000698 -0.000616 176.0
0.000698 -0.000616 177.0
0.000697 -0.000615 178.0
0.000697 -0.000615 179.0
0.000697 -0.000614 180.0
0.000697 -0.000614 181.0
0.000697 -0.000614 182.0
0.000697 -0.000613 183.0
0.000697 -0.000613 184.0
0.000697 -0.000612 185.0
0.000697 -0.000612 186.0
0.000697 -0.000611 187.0
0.000697 -0.000611 188.0
0.000697 -0.000610 189.0
0.000697 -0.000610 190.0
0.000697 -0.000610 191.0
0.000697 -0.000609 192.0
0.000696 -0.000609 193.0
0.000696 -0.000608 194.0
0.000696 -0.000608 195.0
0.000696 -0.000607 196.0
0.000696 -0.000607 197.0
0.000696 -0.000606 198.0
0.000696 -0.000606 199.0
0.000696 -0.000606 200.0
0.000696 -0.000605 201.0
0.000696 -0.000605 202.0
0.000696 -0.000604 203.0
0.000696 -0.000604 204.0
0.000696 -0.000603 205.0
0.000696 -0.000603 206.0
0.000696 -0.000602 207.0
0.000695 -0.000602 208.0
0.000695 -0.000602 209.0
0.000695 -0.000601 210.0
0.000695 -0.000601 211.0
0.000695 -0.000600 212.0
0.000695 -0.000600 213.0
0.000695 -0.000599 214.0
0.000695 -0.000599 215.0
0.000695 -0.000598 216.0
0.000695 -0.000598 217.0
0.000695 -0.000598 218.0
0.000695 -0.000597 219.0
0.000695 -0.000597 220.0
0.000695 -0.000596 221.0
0.000695 -0.000596 222.0
0.000695 -0.000595 223.0
0.000694 -0.000595 224.0
0.000694 -0.000594 225.0
0.000694 -0.000594 226.0
0.000694 -0.000594 227.0
0.000694 -0.000593 228.0
0.000694 -0.000593 229.0
0.000693 -0.000593 230.0
0.000693 -0.000593 231.0
0.000693 -0.000593 232.0
0.000692 -0.000593 233.0
0.000692 -0.000594 234.0
0.000692 -0.000594 235.0
0.000691 -0.000594 236.0
0.000691 -0.000594 237.0
0.000691 -0.000594 238.0
0.000691 -0.000594 239.0
0.000690 -0.000595 240.0
0.000690 -0.000595 241.0
0.000690 -0.000595 242.0
0.000689 -0.000595 243.0
0.000689 -0.000595 244.0
0.000689 -0.000595 245.0
0.000689 -0.000596 246.0
0.000688 -0.000596 247.0
0.000688 -0.000596 248.0
0.000688 -0.000596 249.0
0.000688 -0.000596 250.0
0.000687 -0.000596 251.0
0.000687 -0.000597 252.0
0.000687 -0.000597 253.0
0.000686 -0.000597 254.0
0.000686 -0.000597 255.0
0.000686 -0.000597 256.0
0.000686 -0.000597 257.0
0.000685 -0.000598 258.0
0.000685 -0.000598 259.0
0.000685 -0.000598 260.0
0.000684 -0.000598 261.0
0.000684 -0.000598 262.0
0.000684 -0.000598 263.0
0.000684 -0.000599 264.0
0.000683 -0.000599 265.0
0.000683 -0.000599 266.0
0.000683 -0.000599 267.0
0.000682 -0.000599 268.0
0.000682 -0.000599 269.0
0.000682 -0.000600 270.0
0.000682 -0.000600 271.0
0.000681 -0.000600 272.0
0.000681 -0.000600 273.0
0.000681 -0.000600 274.0
0.000680 -0.000600 275.0
0.000680 -0.000601 276.0
0.000680 -0.000601 277.0
0.000680 -0.000601 278.0
0.000679 -0.000601 279.0
0.000679 -0.000601 280.0
0.000679 -0.000601 281.0
0.000678 -0.000602 282.0
0.000678 -0.000600 283.0
0.000678 -0.000601 284.0
0.000678 -0.000601 285.0
0.000678 -0.000601 286.0
0.000678 -0.000601 287.0
0.000678 -0.000601 288.0
0.000679 -0.000601 289.0
0.000679 -0.000601 290.0
0.000679 -0.000601 291.0
0.000679 -0.000601 292.0
0.000679 -0.000601 293.0
0.000679 -0.000601 294.0
0.000679 -0.000602 295.0
0.000680 -0.000602 296.0
0.000680 -0.000602 297.0
0.000680 -0.000602 298.0
0.000680 -0.000602 299.0
0.000680 -0.000602 300.0
0.000680 -0.000602 301.0
0.000680 -0.000602 302.0
0.000681 -0.000602 303.0
0.000681 -0.000602 304.0
0.000681 -0.000602 305.0
0.000681 -0.000602 306.0
0.000681 -0.000602 307.0
0.000681 -0.000602 308.0
0.000681 -0.000602 309.0
0.000682 -0.000602 310.0
0.000682 -0.000602 311.0
0.000682 -0.000602 312.0
0.000682 -0.000602 313.0
0.000682 -0.000602 314.0
0.000682 -0.000602 315.0
0.000682 -0.000602 316.0
0.000682 -0.000603 317.0
0.000683 -0.000603 318.0
0.000683 -0.000603 319.0
0.000683 -0.000603 320.0
0.000683 -0.000603 321.0
0.000683 -0.000603 322.0
0.000683 -0.000603 323.0
0.000683 -0.000603 324.0
0.000684 -0.000603 325.0
0.000684 -0.000603 326.0
0.000684 -0.000603 327.0
0.000684 -0.000603 328.0
0.000684 -0.000603 329.0
0.000684 -0.000603 330.0
0.000684 -0.000603 331.0
0.000685 -0.000603 332.0
0.000685 -0.000603 333.0
0.000685 -0.000603 334.0
0.000685 -0.000603 335.0
0.000685 -0.000603 336.0
0.000685 -0.000603 337.0
0.000685 -0.000603 338.0
0.000686 -0.000604 339.0
0.000686 -0.000604 340.0
0.000686 -0.000604 341.0
0.000686 -0.000604 342.0
0.000686 -0.000604 343.0
0.000686 -0.000604 344.0
0.000686 -0.000604 345.0
0.000686 -0.000603 346.0
0.000686 -0.000603 347.0
0.000686 -0.000603 348.0
0.000686 -0.000603 349.0
0.000686 -0.000603 350.0
0.000686 -0.000603 351.0
0.000686 -0.000603 352.0
0.000686 -0.000603 353.0
0.000686 -0.000603 354.0
0.000686 -0.000603 355.0
0.000686 -0.000603 356.0
0.000686 -0.000603 357.0
0.000686 -0.000603 358.0
0.000686 -0.000603 359.0
0.000686 -0.000603 360.0
0.000686 -0.000603 361.0
0.000686 -0.000603 362.0
0.000686 -0.000603 363.0
0.000686 -0.000603 364.0
0.000686 -0.000603 365.0
0.000686 -0.000603 366.0
0.000686 -0.000603 367.0
0.000686 -0.000603 368.0
0.000686 -0.000603 369.0
0.000686 -0.000603 370.0
0.000686 -0.000603 371.0
0.000686 -0.000603 372.0
0.000686 -0.000604 373.0
0.000686 -0.000604 374.0
0.000686 -0.000604 375.0
0.000686 -0.000604 376.0
0.000686 -0.000604 377.0
0.000686 -0.000604 378.0
0.000686 -0.000604 379.0
0.000686 -0.000604 380.0
0.000686 -0.000604 381.0
0.000686 -0.000604 382.0
0.000686 -0.000604 383.0
0.000686 -0.000604 384.0
0.000686 -0.000604 385.0
0.000686 -0.000604 386.0
0.000686 -0.000604 387.0
0.000686 -0.000604 388.0
0.000686 -0.000604 389.0
0.000686 -0.000604 390.0
0.000686 -0.000604 391.0
0.000686 -0.000604 392.0
0.000686 -0.000604 393.0
0.000686 -0.000604 394.0
0.000686 -0.000604 395.0
0.000686 -0.000604 396.0
0.000686 -0.000604 397.0
0.000686 -0.000604 398.0
0.000686 -0.000604 399.0
0.000686 -0.000604 400.0
0.000686 -0.000604 401.0
0.000686 -0.000604 402.0
0.000686 -0.000604 403.0
0.000686 -0.000604 404.0
0.000686 -0.000604 405.0
0.000685 -0.000604 406.0
0.000686 -0.000604 407.0
0.000686 -0.000604 408.0
0.000686 -0.000604 409.0
0.000686 -0.000604 410.0
0.000686 -0.000604 411.0
0.000686 -0.000604 412.0
0.000686 -0.000604 413.0
0.000686 -0.000604 414.0
0.000686 -0.000604 415.0
0.000686 -0.000603 416.0
0.000686 -0.000603 417.0
0.000686 -0.000603 418.0
0.000686 -0.000603 419.0
0.000686 -0.000603 420.0
0.000686 -0.000603 421.0
0.000686 -0.000603 422.0
0.000686 -0.000603 423.0
0.000686 -0.000603 424.0
0.000686 -0.000603 425.0
0.000686 -0.000603 426.0
0.000686 -0.000603 427.0
0.000686 -0.000603 428.0
0.000686 -0.000603 429.0
0.000686 -0.000603 430.0
0.000686 -0.000603 431.0
0.000686 -0.000603 432.0
0.000686 -0.000603 433.0
0.000686 -0.000603 434.0
0.000686 -0.000603 435.0
0.000686 -0.000603 436.0
0.000686 -0.000603 437.0
0.000686 -0.000603 438.0
0.000686 -0.000603 439.0
0.000686 -0.000603 440.0
0.000686 -0.000603 441.0
0.000686 -0.000603 442.0
0.000686 -0.000603 443.0
0.000686 -0.000603 444.0
0.000686 -0.000603 445.0
0.000686 -0.000603 446.0
0.000686 -0.000603 447.0
0.000686 -0.000603 448.0
0.000686 -0.000603 449.0
0.000687 -0.000603 450.0
0.000687 -0.000603 451.0
0.000687 -0.000603 452.0
0.000687 -0.000603 453.0
0.000687 -0.000603 454.0
0.000687 -0.000603 455.0
0.000687 -0.000603 456.0
0.000687 -0.000603 457.0
0.000687 -0.000603 458.0
0.000687 -0.000603 459.0
0.000687 -0.000603 460.0
0.000687 -0.000603 461.0
0.000687 -0.000603 462.0
0.000687 -0.000603 463.0
0.000687 -0.000603 464.0
0.000687 -0.000603 465.0
0.000687 -0.000603 466.0
0.000687 -0.000603 467.0
0.000687 -0.000603 468.0
0.000687 -0.000603 469.0
0.000687 -0.000603 470.0
0.000687 -0.000603 471.0
0.000687 -0.000603 472.0
0.000687 -0.000603 473.0
0.000687 -0.000603 474.0
0.000687 -0.000603 475.0
0.000687 -0.000603 476.0
0.000687 -0.000603 477.0
0.000687 -0.000603 478.0
0.000687 -0.000603 479.0
0.000687 -0.000603 480.0
0.000687 -0.000603 481.0
0.000687 -0.000603 482.0
0.000687 -0.000603 483.0
0.000687 -0.000603 484.0
0.000687 -0.000603 485.0
0.000687 -0.000603 486.0
0.000687 -0.000603 487.0
0.000687 -0.000603 488.0
0.000687 -0.000603 489.0
0.000687 -0.000603 490.0
0.000687 -0.000603 491.0
0.000687 -0.000603 492.0
0.000687 -0.000603 493.0
0.000687 -0.000603 494.0
0.000687 -0.000603 495.0
0.000687 -0.000603 496.0
0.000687 -0.000603 497.0
0.000687 -0.000603 498.0
0.000687 -0.000603 499.0
0.000687 -0.000603 500.0
0.000687 -0.000603 501.0
0.000687 -0.000603 502.0
0.000687 -0.000603 503.0
0.000687 -0.000603 504.0
0.000687 -0.000603 505.0
0.000687 -0.000603 506.0
0.000687 -0.000603 507.0
0.000687 -0.000603 508.0
0.000687 -0.000603 509.0
0.000687 -0.000603 510.0
0.000687 -0.000603 511.0
0.000687 -0.000603 512.0
0.000687 -0.000603 513.0
0.000687 -0.000603 514.0
0.000687 -0.000603 515.0
0.000687 -0.000603 516.0
0.000687 -0.000603 517.0
0.000687 -0.000603 518.0
0.000687 -0.000603 519.0
0.000687 -0.000603 520.0
0.000687 -0.000603 521.0
0.000687 -0.000603 522.0
0.000687 -0.000603 523.0
0.000687 -0.000603 524.0
0.000687 -0.000603 525.0
0.000687 -0.000603 526.0
0.000687 -0.000603 527.0
0.000687 -0.000603 528.0
0.000687 -0.000603 529.0
0.000687 -0.000603 530.0
0.000687 -0.000603 531.0
0.000687 -0.000603 532.0
0.000687 -0.000603 533.0
0.000687 -0.000603 534.0
0.000687 -0.000603 535.0
0.000687 -0.000603 536.0
0.000687 -0.000603 537.0
0.000687 -0.000603 538.0
0.000687 -0.000603 539.0
0.000687 -0.000603 540.0
0.000687 -0.000603 541.0
0.000687 -0.000603 542.0
0.000687 -0.000603 543.0
0.000687 -0.000603 544.0
0.000687 -0.000603 545.0
0.000687 -0.000603 546.0
0.000687 -0.000603 547.0
0.000687 -0.000603 548.0
0.000687 -0.000603 549.0
0.000687 -0.000603 550.0
0.000687 -0.000603 551.0
0.000687 -0.000603 552.0
0.000687 -0.000603 553.0
0.000687 -0.000603 554.0
0.000687 -0.000603 555.0
0.000687 -0.000603 556.0
0.000687 -0.000603 557.0
0.000687 -0.000603 558.0
0.000687 -0.000603 559.0
0.000687 -0.000603 560.0
0.000687 -0.000603 561.0
0.000687 -0.000603 562.0
0.000687 -0.000603 563.0
0.000687 -0.000603 564.0
0.000687 -0.000603 565.0
0.000687 -0.000603 566.0
0.000687 -0.000603 567.0
0.000687 -0.000603 568.0
0.000687 -0.000603 569.0
0.000687 -0.000603 570.0
0.000687 -0.000603 571.0
0.000687 -0.000603 572.0
0.000687 -0.000603 573.0
0.000687 -0.000603 574.0
0.000687 -0.000603 575.0
0.000687 -0.000603 576.0
0.000687 -0.000603 577.0
0.000687 -0.000603 578.0
0.000687 -0.000603 579.0
0.000687 -0.000603 580.0
0.000687 -0.000603 581.0
0.000687 -0.000603 582.0
0.000687 -0.000603 583.0
0.000687 -0.000603 584.0
0.000687 -0.000603 585.0
0.000687 -0.000603 586.0
0.000687 -0.000603 587.0
0.000687 -0.000603 588.0
0.000687 -0.000603 589.0
0.000687 -0.000603 590.0
0.000687 -0.000603 591.0
0.000687 -0.000603 592.0
0.000687 -0.000603 593.0
0.000687 -0.000603 594.0
0.000687 -0.000603 595.0
0.000687 -0.000603 596.0
0.000687 -0.000603 597.0
0.000687 -0.000603 598.0
0.000687 -0.000603 599.0
0.000687 -0.000603 600.0
0.000687 -0.000603 601.0
0.000687 -0.000603 602.0
0.000687 -0.000603 603.0
0.000687 -0.000603 604.0
0.000687 -0.000603 605.0
0.000687 -0.000603 606.0
0.000687 -0.000603 607.0
0.000687 -0.000603 608.0
0.000687 -0.000603 609.0
0.000687 -0.000603 610.0
0.000687 -0.000603 611.0
0.000687 -0.000603 612.0
0.000687 -0.000603 613.0
0.000687 -0.000603 614.0
0.000687 -0.000603 615.0
0.000687 -0.000603 616.0
0.000687 -0.000603 617.0
0.000687 -0.000603 618.0
0.000687 -0.000603 619.0
0.000687 -0.000603 620.0
0.000687 -0.000603 621.0
0.000687 -0.000603 622.0
0.000687 -0.000603 623.0
0.000687 -0.000603 624.0
0.000687 -0.000603 625.0
0.000687 -0.000603 626.0
0.000687 -0.000603 627.0
0.000687 -0.000603 628.0
0.000687 -0.000603 629.0
0.000687 -0.000603 630.0
0.000687 -0.000603 631.0
0.000687 -0.000603 632.0
0.000687 -0.000603 633.0
0.000687 -0.000603 634.0
0.000687 -0.000603 635.0
0.000687 -0.000603 636.0
0.000687 -0.000603 637.0
0.000687 -0.000603 638.0
0.000687 -0.000603 639.0
0.000687 -0.000603 640.0
0.000687 -0.000603 641.0
0.000687 -0.000603 642.0
0.000687 -0.000602 643.0
0.000687 -0.000602 644.0
0.000687 -0.000602 645.0
0.000687 -0.000602 646.0
0.000687 -0.000603 647.0
0.000687 -0.000603 648.0
0.000687 -0.000603 649.0
0.000687 -0.000603 650.0
0.000687 -0.000603 651.0
0.000687 -0.000603 652.0
0.000687 -0.000603 653.0
0.000687 -0.000603 654.0
0.000687 -0.000603 655.0
0.000687 -0.000603 656.0
0.000687 -0.000603 657.0
0.000687 -0.000603 658.0
0.000687 -0.000603 659.0
0.000687 -0.000603 660.0
0.000687 -0.000603 661.0
0.000687 -0.000603 662.0
0.000687 -0.000603 663.0
0.000687 -0.000603 664.0
0.000687 -0.000603 665.0
0.000687 -0.000603 666.0
0.000687 -0.000603 667.0
0.000687 -0.000603 668.0
0.000687 -0.000603 669.0
0.000687 -0.000603 670.0
0.000687 -0.000603 671.0
0.000687 -0.000603 672.0
0.000687 -0.000603 673.0
0.000686 -0.000603 674.0
0.000686 -0.000603 675.0
0.000686 -0.000603 676.0
0.000686 -0.000603 677.0
0.000686 -0.000603 678.0
0.000686 -0.000603 679.0
0.000686 -0.000603 680.0
0.000686 -0.000603 681.0
0.000686 -0.000603 682.0
0.000686 -0.000603 683.0
0.000686 -0.000603 684.0
0.000686 -0.000603 685.0
0.000686 -0.000603 686.0
0.000686 -0.000603 687.0
0.000686 -0.000603 688.0
0.000686 -0.000603 689.0
0.000686 -0.000603 690.0
0.000686 -0.000603 691.0
0.000686 -0.000603 692.0
0.000686 -0.000603 693.0
0.000686 -0.000603 694.0
0.000686 -0.000603 695.0
0.000686 -0.000603 696.0
0.000686 -0.000603 697.0
0.000686 -0.000603 698.0
0.000686 -0.000603 699.0
0.000686 -0.000603 700.0
0.000686 -0.000603 701.0
0.000686 -0.000603 702.0
0.000686 -0.000603 703.0
0.000686 -0.000603 704.0
0.000686 -0.000604 705.0
0.000686 -0.000604 706.0
0.000686 -0.000604 707.0
0.000686 -0.000603 708.0
0.000686 -0.000603 709.0
0.000686 -0.000603 710.0
0.000686 -0.000603 711.0
0.000686 -0.000603 712.0
0.000686 -0.000603 713.0
0.000686 -0.000603 714.0
0.000686 -0.000603 715.0
0.000686 -0.000603 716.0
0.000686 -0.000603 717.0
0.000686 -0.000603 718.0
0.000686 -0.000603 719.0
0.000686 -0.000603 720.0
0.000686 -0.000603 721.0
0.000686 -0.000603 722.0
0.000686 -0.000603 723.0
0.000686 -0.000603 724.0
0.000686 -0.000603 725.0
0.000686 -0.000603 726.0
0.000686 -0.000603 727.0
0.000686 -0.000603 728.0
0.000686 -0.000603 729.0
0.000686 -0.000603 730.0
0.000686 -0.000603 731.0
0.000686 -0.000603 732.0
0.000686 -0.000603 733.0
0.000686 -0.000603 734.0
0.000686 -0.000603 735.0
0.000686 -0.000603 736.0
0.000686 -0.000603 737.0
0.000686 -0.000603 738.0
0.000686 -0.000603 739.0
0.000686 -0.000603 740.0
0.000686 -0.000603 741.0
0.000686 -0.000603 742.0
0.000686 -0.000603 743.0
0.000686 -0.000603 744.0
0.000686 -0.000603 745.0
0.000686 -0.000603 746.0
0.000686 -0.000603 747.0
0.000686 -0.000603 748.0
0.000686 -0.000603 749.0
0.000686 -0.000603 750.0
0.000686 -0.000603 751.0
0.000686 -0.000603 752.0
0.000686 -0.000603 753.0
0.000686 -0.000603 754.0
0.000686 -0.000603 755.0
0.000686 -0.000603 756.0
0.000686 -0.000603 757.0
0.000686 -0.000603 758.0
0.000686 -0.000603 759.0
0.000686 -0.000603 760.0
0.000687 -0.000603 761.0
0.000687 -0.000603 762.0
0.000687 -0.000603 763.0
0.000687 -0.000602 764.0
0.000687 -0.000602 765.0
0.000687 -0.000602 766.0
0.000687 -0.000602 767.0
0.000687 -0.000603 768.0
0.000687 -0.000603 769.0
0.000687 -0.000603 770.0
0.000687 -0.000603 771.0
0.000687 -0.000603 772.0
0.000687 -0.000603 773.0
0.000687 -0.000603 774.0
0.000687 -0.000603 775.0
0.000687 -0.000603 776.0
0.000687 -0.000603 777.0
0.000687 -0.000603 778.0
0.000687 -0.000603 779.0
0.000687 -0.000603 780.0
0.000687 -0.000603 781.0
0.000687 -0.000603 782.0
0.000687 -0.000603 783.0
0.000687 -0.000603 784.0
0.000687 -0.000603 785.0
0.000687 -0.000603 786.0
0.000687 -0.000603 787.0
0.000687 -0.000603 788.0
0.000687 -0.000603 789.0
0.000687 -0.000603 790.0
0.000687 -0.000603 791.0
0.000687 -0.000603 792.0
0.000687 -0.000603 793.0
0.000687 -0.000603 794.0
0.000687 -0.000603 795.0
0.000687 -0.000603 796.0
0.000687 -0.000603 797.0
0.000687 -0.000603 798.0
0.000687 -0.000603 799.0
0.000687 -0.000603 800.0
0.000687 -0.000603 801.0
0.000687 -0.000603 802.0
0.000687 -0.000603 803.0
0.000687 -0.000603 804.0
0.000687 -0.000603 805.0
0.000687 -0.000603 806.0
0.000687 -0.000603 807.0
0.000687 -0.000603 808.0
0.000687 -0.000603 809.0
0.000687 -0.000603 810.0
0.000687 -0.000603 811.0
0.000687 -0.000603 812.0
0.000687 -0.000603 813.0
0.000687 -0.000603 814.0
0.000687 -0.000603 815.0
0.000687 -0.000603 816.0
0.000687 -0.000603 817.0
0.000687 -0.000603 818.0
0.000687 -0.000603 819.0
0.000687 -0.000603 820.0
0.000687 -0.000603 821.0
0.000687 -0.000603 822.0
0.000687 -0.000603 823.0
0.000687 -0.000603 824.0
0.000687 -0.000603 825.0
0.000687 -0.000603 826.0
0.000687 -0.000603 827.0
0.000687 -0.000603 828.0
0.000687 -0.000603 829.0
0.000687 -0.000603 830.0
0.000687 -0.000603 831.0
0.000687 -0.000603 832.0
0.000687 -0.000603 833.0
0.000687 -0.000603 834.0
0.000687 -0.000603 835.0
0.000687 -0.000603 836.0
0.000687 -0.000603 837.0
0.000687 -0.000603 838.0
0.000687 -0.000603 839.0
0.000687 -0.000603 840.0
0.000687 -0.000603 841.0
0.000687 -0.000603 842.0
0.000687 -0.000603 843.0
0.000687 -0.000603 844.0
0.000687 -0.000603 845.0
0.000687 -0.000603 846.0
0.000687 -0.000603 847.0
0.000687 -0.000603 848.0
0.000687 -0.000603 849.0
0.000687 -0.000603 850.0
0.000687 -0.000603 851.0
0.000687 -0.000603 852.0
0.000687 -0.000603 853.0
0.000687 -0.000603 854.0
0.000687 -0.000603 855.0
0.000687 -0.000603 856.0
0.000687 -0.000603 857.0
0.000687 -0.000603 858.0
0.000687 -0.000603 859.0
0.000687 -0.000603 860.0
0.000687 -0.000603 861.0
0.000687 -0.000603 862.0
0.000687 -0.000603 863.0
0.000687 -0.000603 864.0
0.000687 -0.000603 865.0
0.000687 -0.000603 866.0
0.000687 -0.000603 867.0
0.000687 -0.000603 868.0
0.000687 -0.000603 869.0
0.000687 -0.000603 870.0
0.000687 -0.000603 871.0
0.000687 -0.000603 872.0
0.000687 -0.000603 873.0
0.000687 -0.000603 874.0
0.000687 -0.000603 875.0
0.000687 -0.000603 876.0
0.000687 -0.000603 877.0
0.000687 -0.000603 878.0
0.000687 -0.000603 879.0
0.000687 -0.000603 880.0
0.000687 -0.000603 881.0
0.000687 -0.000603 882.0
0.000687 -0.000603 883.0
0.000687 -0.000603 884.0
0.000687 -0.000603 885.0
0.000687 -0.000603 886.0
0.000687 -0.000603 887.0
0.000687 -0.000603 888.0
0.000687 -0.000603 889.0
0.000687 -0.000603 890.0
0.000687 -0.000603 891.0
0.000687 -0.000603 892.0
0.000687 -0.000603 893.0
0.000687 -0.000603 894.0
0.000687 -0.000603 895.0
0.000687 -0.000603 896.0
0.000687 -0.000603 897.0
0.000687 -0.000603 898.0
0.000687 -0.000603 899.0
0.000687 -0.000603 900.0
0.000687 -0.000603 901.0
0.000687 -0.000603 902.0
0.000687 -0.000603 903.0
0.000687 -0.000603 904.0
0.000687 -0.000603 905.0
0.000687 -0.000603 906.0
0.000687 -0.000603 907.0
0.000687 -0.000603 908.0
0.000687 -0.000603 909.0
0.000687 -0.000603 910.0
0.000687 -0.000603 911.0
0.000687 -0.000603 912.0
0.000687 -0.000603 913.0
0.000687 -0.000603 914.0
0.000687 -0.000603 915.0
0.000687 -0.000603 916.0
0.000687 -0.000603 917.0
0.000687 -0.000603 918.0
0.000687 -0.000603 919.0
0.000687 -0.000603 920.0
0.000687 -0.000603 921.0
0.000687 -0.000603 922.0
0.000687 -0.000603 923.0
0.000687 -0.000603 924.0
0.000687 -0.000603 925.0
0.000687 -0.000603 926.0
0.000687 -0.000603 927.0
0.000687 -0.000603 928.0
0.000687 -0.000603 929.0
0.000687 -0.000603 930.0
0.000687 -0.000603 931.0
0.000687 -0.000603 932.0
0.000687 -0.000603 933.0
0.000687 -0.000603 934.0
0.000687 -0.000603 935.0
0.000687 -0.000603 936.0
0.000687 -0.000603 937.0
0.000687 -0.000603 938.0
0.000687 -0.000603 939.0
0.000687 -0.000603 940.0
0.000687 -0.000603 941.0
0.000687 -0.000603 942.0
0.000687 -0.000603 943.0
0.000687 -0.000603 944.0
0.000687 -0.000603 945.0
0.000687 -0.000603 946.0
0.000687 -0.000603 947.0
0.000687 -0.000603 948.0
0.000687 -0.000603 949.0
0.000687 -0.000603 950.0
0.000687 -0.000603 951.0
0.000687 -0.000603 952.0
0.000687 -0.000603 953.0
0.000687 -0.000603 954.0
0.000687 -0.000603 955.0
0.000687 -0.000603 956.0
0.000687 -0.000603 957.0
0.000687 -0.000603 958.0
0.000687 -0.000603 959.0
0.000687 -0.000603 960.0
0.000687 -0.000603 961.0
0.000687 -0.000603 962.0
0.000687 -0.000603 963.0
0.000687 -0.000603 964.0
0.000687 -0.000603 965.0
0.000687 -0.000603 966.0
0.000687 -0.000603 967.0
0.000687 -0.000603 968.0
0.000687 -0.000603 969.0
0.000687 -0.000603 970.0
0.000687 -0.000603 971.0
0.000687 -0.000603 972.0
0.000687 -0.000603 973.0
0.000687 -0.000603 974.0
0.000687 -0.000603 975.0
0.000687 -0.000603 976.0
0.000687 -0.000603 977.0
0.000687 -0.000603 978.0
0.000687 -0.000603 979.0
0.000687 -0.000603 980.0
0.000687 -0.000603 981.0
0.000687 -0.000603 982.0
0.000687 -0.000603 983.0
0.000687 -0.000603 984.0
0.000687 -0.000603 985.0
0.000687 -0.000603 986.0
0.000687 -0.000603 987.0
0.000687 -0.000603 988.0
0.000687 -0.000603 989.0
0.000687 -0.000603 990.0
0.000687 -0.000603 991.0
0.000687 -0.000603 992.0
0.000687 -0.000603 993.0
0.000687 -0.000603 994.0
0.000687 -0.000603 995.0
0.000687 -0.000603 996.0
0.000687 -0.000603 997.0
0.000687 -0.000603 998.0
0.000687 -0.000603 999.0
0.000687 -0.000603 1000.0
0.000687 -0.000603 1001.0
0.000687 -0.000603 1002.0
0.000687 -0.000603 1003.0
0.000687 -0.000603 1004.0
0.000687 -0.000603 1005.0
0.000687 -0.000603 1006.0
0.000687 -0.000603 1007.0
0.000687 -0.000603 1008.0
0.000687 -0.000603 1009.0
0.000687 -0.000603 1010.0
0.000687 -0.000603 1011.0
0.000687 -0.000603 1012.0
0.000687 -0.000603 1013.0
0.000687 -0.000603 1014.0
0.000687 -0.000603 1015.0
0.000687 -0.000603 1016.0
0.000687 -0.000603 1017.0
0.000687 -0.000603 1018.0
0.000687 -0.000603 1019.0
0.000687 -0.000603 1020.0
0.000687 -0.000603 1021.0
0.000687 -0.000603 1022.0
0.000687 -0.000603 1023.0
0.000687 -0.000603 1024.0
0.000687 -0.000603 1025.0
0.000687 -0.000603 1026.0
0.000687 -0.000603 1027.0
0.000687 -0.000603 1028.0
0.000687 -0.000603 1029.0
0.000687 -0.000603 1030.0
0.000687 -0.000603 1031.0
0.000687 -0.000603 1032.0
0.000687 -0.000603 1033.0
0.000687 -0.000603 1034.0
0.000687 -0.000603 1035.0
0.000687 -0.000603 1036.0
0.000687 -0.000603 1037.0
0.000687 -0.000603 1038.0
0.000687 -0.000603 1039.0
0.000688 -0.000603 1040.0
0.000688 -0.000603 1041.0
0.000689 -0.000603 1042.0
0.000689 -0.000603 1043.0
0.000690 -0.000603 1044.0
0.000690 -0.000604 1045.0
0.000691 -0.000604 1046.0
0.000691 -0.000604 1047.0
0.000692 -0.000604 1048.0
0.000692 -0.000604 1049.0
0.000693 -0.000604 1050.0
0.000693 -0.000604 1051.0
0.000694 -0.000605 1052.0
0.000694 -0.000605 1053.0
0.000695 -0.000605 1054.0
0.000695 -0.000605 1055.0
0.000696 -0.000605 1056.0
0.000696 -0.000605 1057.0
0.000697 -0.000605 1058.0
0.000697 -0.000606 1059.0
0.000698 -0.000606 1060.0
0.000698 -0.000606 1061.0
0.000699 -0.000606 1062.0
0.000699 -0.000606 1063.0
0.000700 -0.000606 1064.0
0.000700 -0.000606 1065.0
0.000701 -0.000607 1066.0
0.000701 -0.000607 1067.0
0.000702 -0.000607 1068.0
0.000702 -0.000607 1069.0
0.000703 -0.000607 1070.0
0.000703 -0.000607 1071.0
0.000704 -0.000607 1072.0
0.000704 -0.000607 1073.0
0.000705 -0.000608 1074.0
0.000705 -0.000608 1075.0
0.000706 -0.000608 1076.0
0.000706 -0.000608 1077.0
0.000707 -0.000608 1078.0
0.000707 -0.000608 1079.0
0.000708 -0.000608 1080.0
0.000708 -0.000609 1081.0
0.000709 -0.000609 1082.0
0.000709 -0.000609 1083.0
0.000710 -0.000609 1084.0
0.000710 -0.000609 1085.0
0.000711 -0.000609 1086.0
0.000711 -0.000609 1087.0
0.000712 -0.000610 1088.0
0.000712 -0.000610 1089.0
0.000713 -0.000610 1090.0
0.000713 -0.000610 1091.0
0.000714 -0.000610 1092.0
0.000714 -0.000610 1093.0
0.000715 -0.000610 1094.0
0.000715 -0.000611 1095.0
0.000716 -0.000611 1096.0
0.000716 -0.000611 1097.0
0.000717 -0.000611 1098.0
0.000717 -0.000609 1099.0
0.000717 -0.000610 1100.0
0.000717 -0.000610 1101.0
0.000717 -0.000611 1102.0
0.000717 -0.000611 1103.0
0.000717 -0.000611 1104.0
0.000717 -0.000612 1105.0
0.000717 -0.000612 1106.0
0.000717 -0.000613 1107.0
0.000717 -0.000613 1108.0
0.000717 -0.000614 1109.0
0.000717 -0.000614 1110.0
0.000717 -0.000614 1111.0
0.000717 -0.000615 1112.0
0.000717 -0.000615 1113.0
0.000717 -0.000616 1114.0
0.000717 -0.000616 1115.0
0.000717 -0.000616 1116.0
0.000717 -0.000617 1117.0
0.000717 -0.000617 1118.0
0.000717 -0.000618 1119.0
0.000717 -0.000618 1120.0
0.000717 -0.000618 1121.0
0.000717 -0.000619 1122.0
0.000717 -0.000619 1123.0
0.000717 -0.000620 1124.0
0.000718 -0.000620 1125.0
0.000718 -0.000621 1126.0
0.000718 -0.000621 1127.0
0.000718 -0.000621 1128.0
0.000718 -0.000622 1129.0
0.000718 -0.000622 1130.0
0.000718 -0.000623 1131.0
0.000718 -0.000623 1132.0
0.000718 -0.000623 1133.0
0.000718 -0.000624 1134.0
0.000718 -0.000624 1135.0
0.000718 -0.000625 1136.0
0.000718 -0.000625 1137.0
0.000718 -0.000626 1138.0
0.000718 -0.000626 1139.0
0.000718 -0.000626 1140.0
0.000718 -0.000627 1141.0
0.000718 -0.000627 1142.0
0.000718 -0.000628 1143.0
0.000718 -0.000628 1144.0
0.000718 -0.000628 1145.0
0.000718 -0.000629 1146.0
0.000718 -0.000629 1147.0
0.000718 -0.000630 1148.0
0.000718 -0.000630 1149.0
0.000718 -0.000630 1150.0
0.000718 -0.000631 1151.0
0.000718 -0.000631 1152.0
0.000718 -0.000632 1153.0
0.000718 -0.000632 1154.0
0.000718 -0.000633 1155.0
0.000718 -0.000633 1156.0
0.000718 -0.000633 1157.0
0.000718 -0.000634 1158.0
0.000718 -0.000634 1159.0
0.000719 -0.000634 1160.0
0.000719 -0.000634 1161.0
0.000720 -0.000634 1162.0
0.000720 -0.000634 1163.0
0.000720 -0.000634 1164.0
0.000721 -0.000635 1165.0
0.000721 -0.000635 1166.0
0.000722 -0.000635 1167.0
0.000722 -0.000635 1168.0
0.000722 -0.000635 1169.0
0.000723 -0.000635 1170.0
0.000723 -0.000635 1171.0
0.000724 -0.000635 1172.0
0.000724 -0.000636 1173.0
0.000725 -0.000636 1174.0
0.000725 -0.000636 1175.0
0.000725 -0.000636 1176.0
0.000726 -0.000636 1177.0
0.000726 -0.000636 1178.0
0.000727 -0.000636 1179.0
0.000727 -0.000636 1180.0
0.000727 -0.000637 1181.0
0.000728 -0.000637 1182.0
0.000728 -0.000637 1183.0
0.000729 -0.000637 1184.0
0.000729 -0.000637 1185.0
0.000730 -0.000637 1186.0
0.000730 -0.000637 1187.0
0.000730 -0.000637 1188.0
0.000731 -0.000638 1189.0
0.000731 -0.000638 1190.0
0.000732 -0.000638 1191.0
0.000732 -0.000638 1192.0
0.000732 -0.000638 1193.0
0.000733 -0.000638 1194.0
0.000733 -0.000638 1195.0
0.000734 -0.000638 1196.0
0.000734 -0.000639 1197.0
0.000734 -0.000639 1198.0
0.000735 -0.000639 1199.0
0.000735 -0.000639 1200.0
0.000736 -0.000639 1201.0
0.000736 -0.000639 1202.0
0.000737 -0.000639 1203.0
0.000737 -0.000639 1204.0
0.000737 -0.000640 1205.0
0.000738 -0.000640 1206.0
0.000738 -0.000640 1207.0
0.000739 -0.000640 1208.0
0.000739 -0.000640 1209.0
0.000739 -0.000640 1210.0
0.000740 -0.000640 1211.0
0.000740 -0.000640 1212.0
0.000741 -0.000641 1213.0
0.000741 -0.000641 1214.0
0.000742 -0.000641 1215.0
0.000742 -0.000641 1216.0
0.000742 -0.000641 1217.0
0.000743 -0.000641 1218.0
0.000743 -0.000641 1219.0
0.000744 -0.000641 1220.0
0.000744 -0.000642 1221.0
0.000744 -0.000642 1222.0
0.000745 -0.000640 1223.0
0.000745 -0.000640 1224.0
0.000745 -0.000640 1225.0
0.000745 -0.000640 1226.0
0.000745 -0.000639 1227.0
0.000745 -0.000639 1228.0
0.000745 -0.000639 1229.0
0.000745 -0.000639 1230.0
0.000745 -0.000639 1231.0
0.000745 -0.000639 1232.0
0.000745 -0.000638 1233.0
0.000745 -0.000638 1234.0
0.000745 -0.000638 1235.0
0.000745 -0.000638 1236.0
0.000745 -0.000638 1237.0
0.000745 -0.000638 1238.0
0.000745 -0.000637 1239.0
0.000745 -0.000637 1240.0
0.000745 -0.000637 1241.0
0.000745 -0.000637 1242.0
0.000745 -0.000637 1243.0
0.000745 -0.000637 1244.0
0.000746 -0.000636 1245.0
0.000746 -0.000636 1246.0
0.000746 -0.000636 1247.0
0.000746 -0.000636 1248.0
0.000746 -0.000636 1249.0
0.000746 -0.000636 1250.0
0.000746 -0.000635 1251.0
0.000746 -0.000635 1252.0
0.000746 -0.000635 1253.0
0.000746 -0.000635 1254.0
0.000746 -0.000635 1255.0
0.000746 -0.000635 1256.0
0.000746 -0.000634 1257.0
0.000746 -0.000634 1258.0
0.000746 -0.000634 1259.0
0.000746 -0.000634 1260.0
0.000746 -0.000634 1261.0
0.000746 -0.000633 1262.0
0.000746 -0.000633 1263.0
0.000746 -0.000633 1264.0
0.000746 -0.000633 1265.0
0.000746 -0.000633 1266.0
0.000746 -0.000633 1267.0
0.000746 -0.000632 1268.0
0.000746 -0.000632 1269.0
0.000746 -0.000632 1270.0
0.000747 -0.000632 1271.0
0.000747 -0.000632 1272.0
0.000747 -0.000632 1273.0
0.000747 -0.000631 1274.0
0.000747 -0.000631 1275.0
0.000747 -0.000631 1276.0
0.000747 -0.000631 1277.0
0.000747 -0.000631 1278.0
0.000747 -0.000631 1279.0
0.000747 -0.000630 1280.0
0.000747 -0.000631 1281.0
0.000747 -0.000631 1282.0
0.000747 -0.000630 1283.0
0.000747 -0.000630 1284.0
0.000747 -0.000630 1285.0
0.000747 -0.000630 1286.0
0.000746 -0.000630 1287.0
0.000746 -0.000630 1288.0
0.000746 -0.000630 1289.0
0.000746 -0.000630 1290.0
0.000746 -0.000630 1291.0
0.000746 -0.000630 1292.0
0.000746 -0.000629 1293.0
0.000745 -0.000629 1294.0
0.000745 -0.000629 1295.0
0.000745 -0.000629 1296.0
0.000745 -0.000629 1297.0
0.000745 -0.000629 1298.0
0.000745 -0.000629 1299.0
0.000744 -0.000629 1300.0
0.000744 -0.000629 1301.0
0.000744 -0.000629 1302.0
0.000744 -0.000628 1303.0
0.000744 -0.000628 1304.0
0.000744 -0.000628 1305.0
0.000744 -0.000628 1306.0
0.000743 -0.000628 1307.0
0.000743 -0.000628 1308.0
0.000743 -0.000628 1309.0
0.000743 -0.000628 1310.0
0.000743 -0.000628 1311.0
0.000743 -0.000628 1312.0
0.000742 -0.000627 1313.0
0.000742 -0.000627 1314.0
0.000742 -0.000627 1315.0
0.000742 -0.000627 1316.0
0.000742 -0.000627 1317.0
0.000742 -0.000627 1318.0
0.000742 -0.000627 1319.0
0.000741 -0.000627 1320.0
0.000741 -0.000627 1321.0
0.000741 -0.000627 1322.0
0.000741 -0.000626 1323.0
0.000741 -0.000626 1324.0
0.000741 -0.000626 1325.0
0.000740 -0.000626 1326.0
0.000740 -0.000626 1327.0
0.000740 -0.000626 1328.0
0.000740 -0.000627 1329.0
0.000739 -0.000626 1330.0
0.000739 -0.000626 1331.0
0.000738 -0.000626 1332.0
0.000738 -0.000626 1333.0
0.000738 -0.000626 1334.0
0.000738 -0.000626 1335.0
0.000737 -0.000626 1336.0
0.000737 -0.000626 1337.0
0.000737 -0.000626 1338.0
0.000736 -0.000626 1339.0
0.000736 -0.000626 1340.0
0.000736 -0.000626 1341.0
0.000736 -0.000626 1342.0
0.000735 -0.000626 1343.0
0.000735 -0.000626 1344.0
0.000735 -0.000625 1345.0
0.000734 -0.000625 1346.0
0.000734 -0.000625 1347.0
0.000734 -0.000625 1348.0
0.000733 -0.000625 1349.0
0.000733 -0.000625 1350.0
0.000733 -0.000625 1351.0
0.000732 -0.000625 1352.0
0.000732 -0.000625 1353.0
0.000732 -0.000625 1354.0
0.000732 -0.000625 1355.0
0.000731 -0.000625 1356.0
0.000731 -0.000625 1357.0
0.000731 -0.000625 1358.0
0.000730 -0.000624 1359.0
0.000730 -0.000624 1360.0
0.000730 -0.000624 1361.0
0.000729 -0.000624 1362.0
0.000729 -0.000624 1363.0
0.000729 -0.000624 1364.0
0.000728 -0.000624 1365.0
0.000728 -0.000624 1366.0
0.000728 -0.000624 1367.0
0.000728 -0.000624 1368.0
0.000727 -0.000624 1369.0
0.000727 -0.000624 1370.0
0.000727 -0.000624 1371.0
0.000726 -0.000624 1372.0
0.000726 -0.000623 1373.0
0.000726 -0.000623 1374.0
0.000725 -0.000623 1375.0
0.000725 -0.000623 1376.0
0.000725 -0.000623 1377.0
0.000724 -0.000623 1378.0
0.000724 -0.000623 1379.0
0.000724 -0.000623 1380.0
0.000724 -0.000623 1381.0
0.000723 -0.000623 1382.0
0.000723 -0.000623 1383.0
0.000723 -0.000623 1384.0
0.000722 -0.000623 1385.0
0.000722 -0.000623 1386.0
0.000722 -0.000622 1387.0
0.000721 -0.000622 1388.0
0.000721 -0.000622 1389.0
0.000721 -0.000622 1390.0
0.000720 -0.000622 1391.0
0.000720 -0.000623 1392.0
0.000720 -0.000623 1393.0
0.000720 -0.000623 1394.0
0.000720 -0.000623 1395.0
0.000719 -0.000623 1396.0
0.000719 -0.000623 1397.0
0.000719 -0.000623 1398.0
0.000718 -0.000623 1399.0
0.000718 -0.000622 1400.0
0.000718 -0.000622 1401.0
0.000718 -0.000622 1402.0
0.000717 -0.000622 1403.0
0.000717 -0.000622 1404.0
0.000717 -0.000622 1405.0
0.000717 -0.000622 1406.0
0.000716 -0.000622 1407.0
0.000716 -0.000622 1408.0
0.000716 -0.000622 1409.0
0.000715 -0.000622 1410.0
0.000715 -0.000622 1411.0
0.000715 -0.000622 1412.0
0.000715 -0.000622 1413.0
0.000714 -0.000622 1414.0
0.000714 -0.000621 1415.0
0.000714 -0.000621 1416.0
0.000714 -0.000621 1417.0
0.000713 -0.000621 1418.0
0.000713 -0.000621 1419.0
0.000713 -0.000621 1420.0
0.000712 -0.000621 1421.0
0.000712 -0.000621 1422.0
0.000712 -0.000621 1423.0
0.000712 -0.000621 1424.0
0.000711 -0.000621 1425.0
0.000711 -0.000621 1426.0
0.000711 -0.000621 1427.0
0.000710 -0.000621 1428.0
0.000710 -0.000621 1429.0
0.000710 -0.000620 1430.0
0.000710 -0.000620 1431.0
0.000709 -0.000620 1432.0
0.000709 -0.000620 1433.0
0.000709 -0.000620 1434.0
0.000709 -0.000620 1435.0
0.000708 -0.000620 1436.0
0.000708 -0.000620 1437.0
0.000708 -0.000620 1438.0
0.000707 -0.000620 1439.0
0.000707 -0.000620 1440.0
0.000707 -0.000620 1441.0
0.000707 -0.000620 1442.0
0.000706 -0.000620 1443.0
0.000706 -0.000620 1444.0
0.000706 -0.000619 1445.0
0.000706 -0.000619 1446.0
0.000705 -0.000619 1447.0
0.000705 -0.000619 1448.0
0.000705 -0.000619 1449.0
0.000704 -0.000619 1450.0
0.000704 -0.000619 1451.0
0.000704 -0.000620 1452.0
0.000704 -0.000620 1453.0
0.000704 -0.000620 1454.0
0.000703 -0.000620 1455.0
0.000703 -0.000620 1456.0
0.000703 -0.000620 1457.0
0.000703 -0.000620 1458.0
0.000703 -0.000620 1459.0
0.000702 -0.000620 1460.0
0.000702 -0.000619 1461.0
0.000702 -0.000619 1462.0
0.000702 -0.000619 1463.0
0.000701 -0.000619 1464.0
0.000701 -0.000619 1465.0
0.000701 -0.000619 1466.0
0.000701 -0.000619 1467.0
0.000701 -0.000619 1468.0
0.000700 -0.000619 1469.0
0.000700 -0.000619 1470.0
0.000700 -0.000619 1471.0
0.000700 -0.000619 1472.0
0.000700 -0.000619 1473.0
0.000699 -0.000619 1474.0
0.000699 -0.000619 1475.0
0.000699 -0.000619 1476.0
0.000699 -0.000619 1477.0
0.000698 -0.000619 1478.0
0.000698 -0.000619 1479.0
0.000698 -0.000619 1480.0
0.000698 -0.000619 1481.0
0.000698 -0.000619 1482.0
0.000697 -0.000619 1483.0
0.000697 -0.000619 1484.0
0.000697 -0.000618 1485.0
0.000697 -0.000618 1486.0
0.000696 -0.000618 1487.0
0.000696 -0.000618 1488.0
0.000696 -0.000618 1489.0
0.000696 -0.000618 1490.0
0.000696 -0.000618 1491.0
0.000695 -0.000618 1492.0
0.000695 -0.000618 1493.0
0.000695 -0.000618 1494.0
0.000695 -0.000618 1495.0
0.000695 -0.000618 1496.0
0.000694 -0.000618 1497.0
0.000694 -0.000618 1498.0
0.000694 -0.000618 1499.0
0.000694 -0.000618 1500.0
0.000693 -0.000618 1501.0
0.000693 -0.000618 1502.0
0.000693 -0.000618 1503.0
0.000693 -0.000618 1504.0
0.000693 -0.000618 1505.0
0.000692 -0.000618 1506.0
0.000692 -0.000618 1507.0
0.000692 -0.000618 1508.0
0.000692 -0.000617 1509.0
0.000691 -0.000617 1510.0
0.000691 -0.000617 1511.0
0.000691 -0.000617 1512.0
0.000691 -0.000618 1513.0
0.000691 -0.000618 1514.0
0.000690 -0.000618 1515.0
0.000690 -0.000617 1516.0
0.000689 -0.000617 1517.0
0.000689 -0.000617 1518.0
0.000688 -0.000617 1519.0
0.000688 -0.000617 1520.0
0.000687 -0.000617 1521.0
0.000687 -0.000617 1522.0
0.000686 -0.000617 1523.0
0.000686 -0.000616 1524.0
0.000685 -0.000616 1525.0
0.000685 -0.000616 1526.0
0.000685 -0.000616 1527.0
0.000684 -0.000616 1528.0
0.000684 -0.000616 1529.0
0.000683 -0.000616 1530.0
0.000683 -0.000615 1531.0
0.000682 -0.000615 1532.0
0.000682 -0.000615 1533.0
0.000681 -0.000615 1534.0
0.000681 -0.000615 1535.0
0.000680 -0.000615 1536.0
0.000680 -0.000615 1537.0
0.000679 -0.000615 1538.0
0.000679 -0.000614 1539.0
0.000679 -0.000614 1540.0
0.000678 -0.000614 1541.0
0.000678 -0.000614 1542.0
0.000677 -0.000614 1543.0
0.000677 -0.000614 1544.0
0.000676 -0.000614 1545.0
0.000676 -0.000614 1546.0
0.000675 -0.000613 1547.0
0.000675 -0.000613 1548.0
0.000674 -0.000613 1549.0
0.000674 -0.000613 1550.0
0.000673 -0.000613 1551.0
0.000673 -0.000613 1552.0
0.000673 -0.000613 1553.0
0.000672 -0.000612 1554.0
0.000672 -0.000612 1555.0
0.000671 -0.000612 1556.0
0.000671 -0.000612 1557.0
0.000670 -0.000612 1558.0
0.000670 -0.000612 1559.0
0.000669 -0.000612 1560.0
0.000669 -0.000612 1561.0
0.000668 -0.000611 1562.0
0.000668 -0.000611 1563.0
0.000667 -0.000611 1564.0
0.000667 -0.000611 1565.0
0.000667 -0.000611 1566.0
0.000666 -0.000611 1567.0
0.000666 -0.000611 1568.0
0.000665 -0.000610 1569.0
0.000665 -0.000610 1570.0
0.000664 -0.000610 1571.0
0.000664 -0.000610 1572.0
0.000664 -0.000612 1573.0
0.000663 -0.000611 1574.0
0.000662 -0.000611 1575.0
0.000661 -0.000611 1576.0
0.000661 -0.000611 1577.0
0.000660 -0.000610 1578.0
0.000659 -0.000610 1579.0
0.000659 -0.000610 1580.0
0.000658 -0.000610 1581.0
0.000657 -0.000610 1582.0
0.000656 -0.000609 1583.0
0.000656 -0.000609 1584.0
0.000655 -0.000609 1585.0
0.000654 -0.000609 1586.0
0.000654 -0.000609 1587.0
0.000653 -0.000608 1588.0
0.000652 -0.000608 1589.0
0.000651 -0.000608 1590.0
0.000651 -0.000608 1591.0
0.000650 -0.000607 1592.0
0.000649 -0.000607 1593.0
0.000649 -0.000607 1594.0
0.000648 -0.000607 1595.0
0.000647 -0.000607 1596.0
0.000646 -0.000606 1597.0
0.000646 -0.000606 1598.0
0.000645 -0.000606 1599.0
0.000644 -0.000606 1600.0
0.000644 -0.000605 1601.0
0.000643 -0.000605 1602.0
0.000642 -0.000605 1603.0
0.000641 -0.000605 1604.0
0.000641 -0.000605 1605.0
0.000640 -0.000604 1606.0
0.000639 -0.000604 1607.0
0.000639 -0.000604 1608.0
0.000638 -0.000604 1609.0
0.000637 -0.000603 1610.0
0.000636 -0.000603 1611.0
0.000636 -0.000603 1612.0
0.000635 -0.000603 1613.0
0.000634 -0.000603 1614.0
0.000634 -0.000602 1615.0
0.000633 -0.000602 1616.0
0.000632 -0.000602 1617.0
0.000631 -0.000602 1618.0
0.000631 -0.000601 1619.0
0.000630 -0.000601 1620.0
0.000629 -0.000601 1621.0
0.000629 -0.000601 1622.0
0.000628 -0.000601 1623.0
0.000627 -0.000600 1624.0
0.000626 -0.000600 1625.0
0.000626 -0.000600 1626.0
0.000625 -0.000600 1627.0
0.000624 -0.000599 1628.0
0.000624 -0.000599 1629.0
0.000623 -0.000599 1630.0
0.000622 -0.000599 1631.0
0.000621 -0.000599 1632.0
0.000621 -0.000598 1633.0
0.000620 -0.000601 1634.0
0.000620 -0.000600 1635.0
0.000619 -0.000599 1636.0
0.000618 -0.000598 1637.0
0.000618 -0.000597 1638.0
0.000617 -0.000596 1639.0
0.000616 -0.000595 1640.0
0.000616 -0.000594 1641.0
0.000615 -0.000593 1642.0
0.000614 -0.000592 1643.0
0.000614 -0.000591 1644.0
0.000613 -0.000590 1645.0
0.000613 -0.000589 1646.0
0.000612 -0.000588 1647.0
0.000611 -0.000587 1648.0
0.000611 -0.000586 1649.0
0.000610 -0.000585 1650.0
0.000609 -0.000584 1651.0
0.000609 -0.000583 1652.0
0.000608 -0.000582 1653.0
0.000607 -0.000581 1654.0
0.000607 -0.000580 1655.0
0.000606 -0.000579 1656.0
0.000605 -0.000578 1657.0
0.000605 -0.000577 1658.0
0.000604 -0.000576 1659.0
0.000603 -0.000575 1660.0
0.000603 -0.000574 1661.0
0.000602 -0.000573 1662.0
0.000601 -0.000572 1663.0
0.000601 -0.000571 1664.0
0.000600 -0.000570 1665.0
0.000600 -0.000569 1666.0
0.000599 -0.000568 1667.0
0.000598 -0.000567 1668.0
0.000598 -0.000566 1669.0
0.000597 -0.000565 1670.0
0.000596 -0.000564 1671.0
0.000596 -0.000563 1672.0
0.000595 -0.000562 1673.0
0.000594 -0.000561 1674.0
0.000594 -0.000560 1675.0
0.000593 -0.000559 1676.0
0.000592 -0.000558 1677.0
0.000592 -0.000557 1678.0
0.000591 -0.000556 1679.0
0.000590 -0.000555 1680.0
0.000590 -0.000554 1681.0
0.000589 -0.000553 1682.0
0.000589 -0.000552 1683.0
0.000588 -0.000551 1684.0
0.000587 -0.000550 1685.0
0.000587 -0.000549 1686.0
0.000586 -0.000548 1687.0
0.000585 -0.000547 1688.0
0.000585 -0.000546 1689.0
0.000584 -0.000545 1690.0
0.000583 -0.000544 1691.0
0.000583 -0.000543 1692.0
0.000582 -0.000543 1693.0
0.000577 -0.000548 1694.0
0.000576 -0.000547 1695.0
0.000575 -0.000547 1696.0
0.000574 -0.000546 1697.0
0.000573 -0.000545 1698.0
0.000572 -0.000544 1699.0
0.000571 -0.000543 1700.0
0.000570 -0.000543 1701.0
0.000569 -0.000542 1702.0
0.000568 -0.000541 1703.0
0.000567 -0.000540 1704.0
0.000566 -0.000539 1705.0
0.000565 -0.000539 1706.0
0.000563 -0.000538 1707.0
0.000562 -0.000537 1708.0
0.000561 -0.000536 1709.0
0.000560 -0.000535 1710.0
0.000559 -0.000534 1711.0
0.000558 -0.000534 1712.0
0.000557 -0.000533 1713.0
0.000556 -0.000532 1714.0
0.000555 -0.000531 1715.0
0.000554 -0.000530 1716.0
0.000553 -0.000530 1717.0
0.000552 -0.000529 1718.0
0.000551 -0.000528 1719.0
0.000550 -0.000527 1720.0
0.000549 -0.000526 1721.0
0.000548 -0.000526 1722.0
0.000547 -0.000525 1723.0
0.000546 -0.000524 1724.0
0.000545 -0.000523 1725.0
0.000544 -0.000522 1726.0
0.000543 -0.000521 1727.0
0.000542 -0.000521 1728.0
0.000541 -0.000520 1729.0
0.000540 -0.000519 1730.0
0.000539 -0.000518 1731.0
0.000538 -0.000517 1732.0
0.000536 -0.000517 1733.0
0.000535 -0.000516 1734.0
0.000534 -0.000515 1735.0
0.000533 -0.000514 1736.0
0.000532 -0.000513 1737.0
0.000531 -0.000512 1738.0
0.000530 -0.000512 1739.0
0.000529 -0.000511 1740.0
0.000528 -0.000510 1741.0
0.000527 -0.000509 1742.0
0.000526 -0.000508 1743.0
0.000525 -0.000508 1744.0
0.000524 -0.000507 1745.0
0.000523 -0.000506 1746.0
0.000522 -0.000505 1747.0
0.000521 -0.000504 1748.0
0.000520 -0.000504 1749.0
0.000519 -0.000503 1750.0
0.000518 -0.000502 1751.0
0.000517 -0.000501 1752.0
0.000516 -0.000500 1753.0
0.000515 -0.000499 1754.0
0.000511 -0.000507 1755.0
0.000509 -0.000507 1756.0
0.000508 -0.000507 1757.0
0.000506 -0.000506 1758.0
0.000504 -0.000506 1759.0
0.000503 -0.000506 1760.0
0.000501 -0.000506 1761.0
0.000499 -0.000505 1762.0
0.000497 -0.000505 1763.0
0.000496 -0.000505 1764.0
0.000494 -0.000504 1765.0
0.000492 -0.000504 1766.0
0.000490 -0.000504 1767.0
0.000489 -0.000504 1768.0
0.000487 -0.000503 1769.0
0.000485 -0.000503 1770.0
0.000484 -0.000503 1771.0
0.000482 -0.000502 1772.0
0.000480 -0.000502 1773.0
0.000478 -0.000502 1774.0
0.000477 -0.000501 1775.0
0.000475 -0.000501 1776.0
0.000473 -0.000501 1777.0
0.000472 -0.000501 1778.0
0.000470 -0.000500 1779.0
0.000468 -0.000500 1780.0
0.000466 -0.000500 1781.0
0.000465 -0.000499 1782.0
0.000463 -0.000499 1783.0
0.000461 -0.000499 1784.0
0.000459 -0.000499 1785.0
0.000458 -0.000498 1786.0
0.000456 -0.000498 1787.0
0.000454 -0.000498 1788.0
0.000453 -0.000497 1789.0
0.000451 -0.000497 1790.0
0.000449 -0.000497 1791.0
0.000447 -0.000497 1792.0
0.000446 -0.000496 1793.0
0.000444 -0.000496 1794.0
0.000442 -0.000496 1795.0
0.000440 -0.000495 1796.0
0.000439 -0.000495 1797.0
0.000437 -0.000495 1798.0
0.000435 -0.000495 1799.0
0.000434 -0.000494 1800.0
0.000432 -0.000494 1801.0
0.000430 -0.000494 1802.0
0.000428 -0.000493 1803.0
0.000427 -0.000493 1804.0
0.000425 -0.000493 1805.0
0.000423 -0.000493 1806.0
0.000422 -0.000492 1807.0
0.000420 -0.000492 1808.0
0.000418 -0.000492 1809.0
0.000416 -0.000491 1810.0
0.000415 -0.000491 1811.0
0.000413 -0.000491 1812.0
0.000411 -0.000491 1813.0
0.000409 -0.000490 1814.0
0.000409 -0.000494 1815.0
0.000407 -0.000494 1816.0
0.000406 -0.000495 1817.0
0.000404 -0.000496 1818.0
0.000403 -0.000496 1819.0
0.000401 -0.000497 1820.0
0.000399 -0.000497 1821.0
0.000398 -0.000498 1822.0
0.000396 -0.000499 1823.0
0.000394 -0.000499 1824.0
0.000393 -0.000500 1825.0
0.000391 -0.000500 1826.0
0.000389 -0.000501 1827.0
0.000388 -0.000502 1828.0
0.000386 -0.000502 1829.0
0.000384 -0.000503 1830.0
0.000383 -0.000503 1831.0
0.000381 -0.000504 1832.0
0.000379 -0.000505 1833.0
0.000378 -0.000505 1834.0
0.000376 -0.000506 1835.0
0.000374 -0.000506 1836.0
0.000373 -0.000507 1837.0
0.000371 -0.000508 1838.0
0.000370 -0.000508 1839.0
0.000368 -0.000509 1840.0
0.000366 -0.000509 1841.0
0.000365 -0.000510 1842.0
0.000363 -0.000511 1843.0
0.000361 -0.000511 1844.0
0.000360 -0.000512 1845.0
0.000358 -0.000512 1846.0
0.000356 -0.000513 1847.0
0.000355 -0.000514 1848.0
0.000353 -0.000514 1849.0
0.000351 -0.000515 1850.0
0.000350 -0.000515 1851.0
0.000348 -0.000516 1852.0
0.000346 -0.000517 1853.0
0.000345 -0.000517 1854.0
0.000343 -0.000518 1855.0
0.000341 -0.000518 1856.0
0.000340 -0.000519 1857.0
0.000338 -0.000520 1858.0
0.000336 -0.000520 1859.0
0.000335 -0.000521 1860.0
0.000333 -0.000521 1861.0
0.000332 -0.000522 1862.0
0.000330 -0.000523 1863.0
0.000328 -0.000523 1864.0
0.000327 -0.000524 1865.0
0.000325 -0.000525 1866.0
0.000323 -0.000525 1867.0
0.000322 -0.000526 1868.0
0.000320 -0.000526 1869.0
0.000318 -0.000527 1870.0
0.000317 -0.000528 1871.0
0.000315 -0.000528 1872.0
0.000313 -0.000529 1873.0
0.000312 -0.000529 1874.0
0.000310 -0.000530 1875.0
0.000308 -0.000531 1876.0
0.000307 -0.000523 1877.0
0.000306 -0.000523 1878.0
0.000306 -0.000523 1879.0
0.000305 -0.000522 1880.0
0.000304 -0.000522 1881.0
0.000304 -0.000522 1882.0
0.000303 -0.000521 1883.0
0.000302 -0.000521 1884.0
0.000302 -0.000521 1885.0
0.000301 -0.000520 1886.0
0.000300 -0.000520 1887.0
0.000299 -0.000520 1888.0
0.000299 -0.000519 1889.0
0.000298 -0.000519 1890.0
0.000297 -0.000519 1891.0
0.000297 -0.000518 1892.0
0.000296 -0.000518 1893.0
0.000295 -0.000518 1894.0
0.000295 -0.000517 1895.0
0.000294 -0.000517 1896.0
0.000293 -0.000517 1897.0
0.000293 -0.000516 1898.0
0.000292 -0.000516 1899.0
0.000291 -0.000516 1900.0
0.000291 -0.000515 1901.0
0.000290 -0.000515 1902.0
0.000289 -0.000515 1903.0
0.000289 -0.000514 1904.0
0.000288 -0.000514 1905.0
0.000287 -0.000514 1906.0
0.000287 -0.000513 1907.0
0.000286 -0.000513 1908.0
0.000285 -0.000512 1909.0
0.000285 -0.000512 1910.0
0.000284 -0.000512 1911.0
0.000283 -0.000511 1912.0
0.000283 -0.000511 1913.0
0.000282 -0.000511 1914.0
0.000281 -0.000510 1915.0
0.000281 -0.000510 1916.0
0.000280 -0.000510 1917.0
0.000279 -0.000509 1918.0
0.000279 -0.000509 1919.0
0.000278 -0.000509 1920.0
0.000277 -0.000508 1921.0
0.000276 -0.000508 1922.0
0.000276 -0.000508 1923.0
0.000275 -0.000507 1924.0
0.000274 -0.000507 1925.0
0.000274 -0.000507 1926.0
0.000273 -0.000506 1927.0
0.000272 -0.000506 1928.0
0.000272 -0.000506 1929.0
0.000271 -0.000505 1930.0
0.000270 -0.000505 1931.0
0.000270 -0.000505 1932.0
0.000269 -0.000504 1933.0
0.000268 -0.000504 1934.0
0.000268 -0.000504 1935.0
0.000267 -0.000503 1936.0
0.000266 -0.000507 1937.0
0.000266 -0.000508 1938.0
0.000266 -0.000508 1939.0
0.000265 -0.000509 1940.0
0.000265 -0.000510 1941.0
0.000265 -0.000511 1942.0
0.000265 -0.000511 1943.0
0.000265 -0.000512 1944.0
0.000265 -0.000513 1945.0
0.000265 -0.000513 1946.0
0.000264 -0.000514 1947.0
0.000264 -0.000515 1948.0
0.000264 -0.000516 1949.0
0.000264 -0.000516 1950.0
0.000264 -0.000517 1951.0
0.000264 -0.000518 1952.0
0.000264 -0.000518 1953.0
0.000263 -0.000519 1954.0
0.000263 -0.000520 1955.0
0.000263 -0.000521 1956.0
0.000263 -0.000521 1957.0
0.000263 -0.000522 1958.0
0.000263 -0.000523 1959.0
0.000262 -0.000523 1960.0
0.000262 -0.000524 1961.0
0.000262 -0.000525 1962.0
0.000262 -0.000526 1963.0
0.000262 -0.000526 1964.0
0.000262 -0.000527 1965.0
0.000262 -0.000528 1966.0
0.000261 -0.000528 1967.0
0.000261 -0.000529 1968.0
0.000261 -0.000530 1969.0
0.000261 -0.000531 1970.0
0.000261 -0.000531 1971.0
0.000261 -0.000532 1972.0
0.000260 -0.000533 1973.0
0.000260 -0.000533 1974.0
0.000260 -0.000534 1975.0
0.000260 -0.000535 1976.0
0.000260 -0.000536 1977.0
0.000260 -0.000536 1978.0
0.000260 -0.000537 1979.0
0.000259 -0.000538 1980.0
0.000259 -0.000538 1981.0
0.000259 -0.000539 1982.0
0.000259 -0.000540 1983.0
0.000259 -0.000541 1984.0
0.000259 -0.000541 1985.0
0.000258 -0.000542 1986.0
0.000258 -0.000543 1987.0
0.000258 -0.000544 1988.0
0.000258 -0.000544 1989.0
0.000258 -0.000545 1990.0
0.000258 -0.000546 1991.0
0.000258 -0.000546 1992.0
0.000257 -0.000547 1993.0
0.000257 -0.000548 1994.0
0.000257 -0.000549 1995.0
0.000257 -0.000549 1996.0
0.000257 -0.000550 1997.0
0.000255 -0.000549 1998.0
0.000255 -0.000550 1999.0
0.000255 -0.000550 2000.0
0.000255 -0.000550 2001.0
0.000255 -0.000551 2002.0
0.000255 -0.000551 2003.0
0.000255 -0.000552 2004.0
0.000255 -0.000552 2005.0
0.000255 -0.000552 2006.0
0.000255 -0.000553 2007.0
0.000255 -0.000553 2008.0
0.000255 -0.000553 2009.0
0.000255 -0.000554 2010.0
0.000255 -0.000554 2011.0
0.000255 -0.000555 2012.0
0.000255 -0.000555 2013.0
0.000255 -0.000555 2014.0
0.000255 -0.000556 2015.0
0.000255 -0.000556 2016.0
0.000255 -0.000557 2017.0
0.000255 -0.000557 2018.0
0.000255 -0.000557 2019.0
0.000255 -0.000558 2020.0
0.000255 -0.000558 2021.0
0.000254 -0.000559 2022.0
0.000254 -0.000559 2023.0
0.000254 -0.000559 2024.0
0.000254 -0.000560 2025.0
0.000254 -0.000560 2026.0
0.000254 -0.000561 2027.0
0.000254 -0.000561 2028.0
0.000254 -0.000561 2029.0
0.000254 -0.000562 2030.0
0.000254 -0.000562 2031.0
0.000254 -0.000562 2032.0
0.000254 -0.000563 2033.0
0.000254 -0.000563 2034.0
0.000254 -0.000564 2035.0
0.000254 -0.000564 2036.0
0.000254 -0.000564 2037.0
0.000254 -0.000565 2038.0
0.000254 -0.000565 2039.0
0.000254 -0.000566 2040.0
0.000254 -0.000566 2041.0
0.000254 -0.000566 2042.0
0.000254 -0.000567 2043.0
0.000254 -0.000567 2044.0
0.000254 -0.000568 2045.0
0.000254 -0.000568 2046.0
0.000254 -0.000568 2047.0
0.000254 -0.000569 2048.0
0.000254 -0.000569 2049.0
0.000254 -0.000570 2050.0
0.000254 -0.000570 2051.0
0.000254 -0.000570 2052.0
0.000254 -0.000571 2053.0
0.000254 -0.000571 2054.0
0.000254 -0.000571 2055.0
0.000254 -0.000572 2056.0
0.000254 -0.000572 2057.0
0.000254 -0.000572 2058.0
0.000254 -0.000572 2059.0
0.000254 -0.000572 2060.0
0.000254 -0.000572 2061.0
0.000254 -0.000572 2062.0
0.000254 -0.000572 2063.0
0.000254 -0.000572 2064.0
0.000254 -0.000572 2065.0
0.000254 -0.000572 2066.0
0.000254 -0.000572 2067.0
0.000254 -0.000572 2068.0
0.000254 -0.000572 2069.0
0.000254 -0.000572 2070.0
0.000254 -0.000572 2071.0
0.000254 -0.000572 2072.0
0.000254 -0.000572 2073.0
0.000254 -0.000572 2074.0
0.000254 -0.000572 2075.0
0.000254 -0.000572 2076.0
0.000254 -0.000572 2077.0
0.000254 -0.000572 2078.0
0.000254 -0.000572 2079.0
0.000254 -0.000572 2080.0
0.000254 -0.000572 2081.0
0.000254 -0.000572 2082.0
0.000254 -0.000572 2083.0
0.000254 -0.000572 2084.0
0.000254 -0.000572 2085.0
0.000254 -0.000572 2086.0
0.000254 -0.000572 2087.0
0.000254 -0.000572 2088.0
0.000254 -0.000572 2089.0
0.000254 -0.000572 2090.0
0.000254 -0.000572 2091.0
0.000254 -0.000572 2092.0
0.000254 -0.000572 2093.0
0.000254 -0.000572 2094.0
0.000254 -0.000572 2095.0
0.000254 -0.000572 2096.0
0.000254 -0.000572 2097.0
0.000254 -0.000572 2098.0
0.000254 -0.000572 2099.0
0.000254 -0.000572 2100.0
0.000254 -0.000572 2101.0
0.000254 -0.000572 2102.0
0.000254 -0.000572 2103.0
0.000254 -0.000572 2104.0
0.000254 -0.000572 2105.0
0.000254 -0.000572 2106.0
0.000254 -0.000572 2107.0
0.000254 -0.000572 2108.0
0.000254 -0.000572 2109.0
0.000254 -0.000572 2110.0
0.000254 -0.000572 2111.0
0.000254 -0.000572 2112.0
0.000254 -0.000572 2113.0
0.000254 -0.000572 2114.0
0.000254 -0.000572 2115.0
0.000254 -0.000572 2116.0
0.000254 -0.000572 2117.0
0.000254 -0.000572 2118.0
0.000254 -0.000572 2119.0
0.000254 -0.000572 2120.0
0.000254 -0.000572 2121.0
0.000254 -0.000572 2122.0
0.000254 -0.000572 2123.0
0.000254 -0.000572 2124.0
0.000254 -0.000572 2125.0
0.000254 -0.000572 2126.0
0.000254 -0.000573 2127.0
0.000254 -0.000573 2128.0
0.000254 -0.000573 2129.0
0.000254 -0.000573 2130.0
0.000254 -0.000573 2131.0
0.000254 -0.000573 2132.0
0.000254 -0.000573 2133.0
0.000254 -0.000573 2134.0
0.000254 -0.000573 2135.0
0.000254 -0.000573 2136.0
0.000254 -0.000573 2137.0
0.000254 -0.000573 2138.0
0.000254 -0.000573 2139.0
0.000254 -0.000574 2140.0
0.000254 -0.000574 2141.0
0.000254 -0.000574 2142.0
0.000254 -0.000574 2143.0
0.000254 -0.000574 2144.0
0.000254 -0.000574 2145.0
0.000254 -0.000574 2146.0
0.000254 -0.000574 2147.0
0.000254 -0.000574 2148.0
0.000254 -0.000574 2149.0
0.000253 -0.000574 2150.0
0.000253 -0.000574 2151.0
0.000253 -0.000574 2152.0
0.000253 -0.000575 2153.0
0.000253 -0.000575 2154.0
0.000253 -0.000575 2155.0
0.000253 -0.000575 2156.0
0.000253 -0.000575 2157.0
0.000253 -0.000575 2158.0
0.000253 -0.000575 2159.0
0.000253 -0.000575 2160.0
0.000253 -0.000575 2161.0
0.000253 -0.000575 2162.0
0.000253 -0.000574 2163.0
0.000253 -0.000574 2164.0
0.000253 -0.000574 2165.0
0.000253 -0.000574 2166.0
0.000253 -0.000574 2167.0
0.000253 -0.000573 2168.0
0.000253 -0.000573 2169.0
0.000254 -0.000573 2170.0
0.000254 -0.000573 2171.0
0.000254 -0.000573 2172.0
0.000254 -0.000572 2173.0
0.000254 -0.000571 2174.0
0.000255 -0.000570 2175.0
0.000255 -0.000569 2176.0
0.000255 -0.000568 2177.0
0.000255 -0.000567 2178.0
0.000256 -0.000566 2179.0
0.000256 -0.000565 2180.0
0.000256 -0.000564 2181.0
0.000256 -0.000564 2182.0
0.000257 -0.000563 2183.0
0.000257 -0.000562 2184.0
0.000257 -0.000561 2185.0
0.000257 -0.000560 2186.0
0.000258 -0.000559 2187.0
0.000258 -0.000558 2188.0
0.000258 -0.000557 2189.0
0.000258 -0.000556 2190.0
0.000259 -0.000555 2191.0
0.000259 -0.000554 2192.0
0.000259 -0.000553 2193.0
0.000259 -0.000553 2194.0
0.000260 -0.000552 2195.0
0.000260 -0.000551 2196.0
0.000260 -0.000550 2197.0
0.000260 -0.000549 2198.0
0.000261 -0.000548 2199.0
0.000261 -0.000547 2200.0
0.000261 -0.000546 2201.0
0.000261 -0.000545 2202.0
0.000262 -0.000544 2203.0
0.000262 -0.000543 2204.0
0.000262 -0.000542 2205.0
0.000262 -0.000542 2206.0
0.000263 -0.000541 2207.0
0.000263 -0.000540 2208.0
0.000263 -0.000539 2209.0
0.000263 -0.000538 2210.0
0.000264 -0.000537 2211.0
0.000264 -0.000536 2212.0
0.000264 -0.000535 2213.0
0.000264 -0.000534 2214.0
0.000265 -0.000533 2215.0
0.000265 -0.000532 2216.0
0.000265 -0.000531 2217.0
0.000265 -0.000531 2218.0
0.000266 -0.000530 2219.0
0.000266 -0.000529 2220.0
0.000266 -0.000528 2221.0
0.000266 -0.000527 2222.0
0.000267 -0.000526 2223.0
0.000267 -0.000525 2224.0
0.000267 -0.000524 2225.0
0.000267 -0.000523 2226.0
0.000268 -0.000522 2227.0
0.000268 -0.000521 2228.0
0.000268 -0.000520 2229.0
0.000268 -0.000520 2230.0
0.000269 -0.000519 2231.0
0.000269 -0.000518 2232.0
0.000269 -0.000517 2233.0
0.000269 -0.000516 2234.0
0.000270 -0.000515 2235.0
0.000270 -0.000514 2236.0
0.000270 -0.000513 2237.0
0.000270 -0.000512 2238.0
0.000271 -0.000511 2239.0
0.000274 -0.000513 2240.0
0.000274 -0.000513 2241.0
0.000274 -0.000512 2242.0
0.000273 -0.000512 2243.0
0.000273 -0.000512 2244.0
0.000273 -0.000511 2245.0
0.000272 -0.000511 2246.0
0.000272 -0.000510 2247.0
0.000272 -0.000510 2248.0
0.000271 -0.000510 2249.0
0.000271 -0.000509 2250.0
0.000271 -0.000509 2251.0
0.000270 -0.000509 2252.0
0.000270 -0.000508 2253.0
0.000270 -0.000508 2254.0
0.000270 -0.000507 2255.0
0.000269 -0.000507 2256.0
0.000269 -0.000507 2257.0
0.000269 -0.000506 2258.0
0.000268 -0.000506 2259.0
0.000268 -0.000506 2260.0
0.000268 -0.000505 2261.0
0.000267 -0.000505 2262.0
0.000267 -0.000504 2263.0
0.000267 -0.000504 2264.0
0.000266 -0.000504 2265.0
0.000266 -0.000503 2266.0
0.000266 -0.000503 2267.0
0.000265 -0.000503 2268.0
0.000265 -0.000502 2269.0
0.000265 -0.000502 2270.0
0.000264 -0.000501 2271.0
0.000264 -0.000501 2272.0
0.000264 -0.000501 2273.0
0.000263 -0.000500 2274.0
0.000263 -0.000500 2275.0
0.000263 -0.000500 2276.0
0.000263 -0.000499 2277.0
0.000262 -0.000499 2278.0
0.000262 -0.000498 2279.0
0.000262 -0.000498 2280.0
0.000261 -0.000498 2281.0
0.000261 -0.000497 2282.0
0.000261 -0.000497 2283.0
0.000260 -0.000497 2284.0
0.000260 -0.000496 2285.0
0.000260 -0.000496 2286.0
0.000259 -0.000495 2287.0
0.000259 -0.000495 2288.0
0.000259 -0.000495 2289.0
0.000258 -0.000494 2290.0
0.000258 -0.000494 2291.0
0.000258 -0.000494 2292.0
0.000257 -0.000493 2293.0
0.000257 -0.000493 2294.0
0.000257 -0.000492 2295.0
0.000255 -0.000495 2296.0
0.000253 -0.000494 2297.0
0.000251 -0.000493 2298.0
0.000249 -0.000492 2299.0
0.000246 -0.000491 2300.0
0.000244 -0.000490 2301.0
0.000242 -0.000489 2302.0
0.000240 -0.000488 2303.0
0.000238 -0.000487 2304.0
0.000235 -0.000486 2305.0
0.000233 -0.000485 2306.0
0.000231 -0.000484 2307.0
0.000229 -0.000483 2308.0
0.000227 -0.000482 2309.0
0.000224 -0.000481 2310.0
0.000222 -0.000480 2311.0
0.000220 -0.000479 2312.0
0.000218 -0.000478 2313.0
0.000216 -0.000477 2314.0
0.000213 -0.000476 2315.0
0.000211 -0.000475 2316.0
0.000209 -0.000474 2317.0
0.000207 -0.000473 2318.0
0.000205 -0.000472 2319.0
0.000202 -0.000471 2320.0
0.000200 -0.000470 2321.0
0.000198 -0.000469 2322.0
0.000196 -0.000468 2323.0
0.000194 -0.000467 2324.0
0.000191 -0.000466 2325.0
0.000189 -0.000464 2326.0
0.000187 -0.000463 2327.0
0.000185 -0.000462 2328.0
0.000183 -0.000461 2329.0
0.000181 -0.000460 2330.0
0.000178 -0.000459 2331.0
0.000176 -0.000458 2332.0
0.000174 -0.000457 2333.0
0.000172 -0.000456 2334.0
0.000170 -0.000455 2335.0
0.000167 -0.000454 2336.0
0.000165 -0.000453 2337.0
0.000163 -0.000452 2338.0
0.000161 -0.000451 2339.0
0.000159 -0.000450 2340.0
0.000156 -0.000449 2341.0
0.000154 -0.000458 2342.0
0.000152 -0.000457 2343.0
0.000150 -0.000456 2344.0
0.000147 -0.000455 2345.0
0.000145 -0.000453 2346.0
0.000143 -0.000452 2347.0
0.000141 -0.000451 2348.0
0.000138 -0.000450 2349.0
0.000136 -0.000449 2350.0
0.000134 -0.000448 2351.0
0.000132 -0.000447 2352.0
0.000129 -0.000446 2353.0
0.000127 -0.000445 2354.0
0.000125 -0.000444 2355.0
0.000123 -0.000443 2356.0
0.000120 -0.000442 2357.0
0.000118 -0.000441 2358.0
0.000116 -0.000439 2359.0
0.000113 -0.000438 2360.0
0.000111 -0.000437 2361.0
0.000109 -0.000436 2362.0
0.000107 -0.000435 2363.0
0.000104 -0.000434 2364.0
0.000102 -0.000433 2365.0
0.000100 -0.000432 2366.0
0.000098 -0.000431 2367.0
0.000095 -0.000430 2368.0
0.000093 -0.000429 2369.0
0.000091 -0.000428 2370.0
0.000089 -0.000426 2371.0
0.000086 -0.000425 2372.0
0.000084 -0.000424 2373.0
0.000082 -0.000423 2374.0
0.000080 -0.000422 2375.0
0.000077 -0.000421 2376.0
0.000075 -0.000420 2377.0
0.000073 -0.000419 2378.0
0.000071 -0.000418 2379.0
0.000068 -0.000417 2380.0
0.000066 -0.000416 2381.0
0.000064 -0.000415 2382.0
0.000062 -0.000413 2383.0
0.000059 -0.000412 2384.0
0.000057 -0.000411 2385.0
0.000055 -0.000410 2386.0
0.000052 -0.000419 2387.0
0.000050 -0.000418 2388.0
0.000048 -0.000418 2389.0
0.000046 -0.000417 2390.0
0.000043 -0.000417 2391.0
0.000041 -0.000416 2392.0
0.000039 -0.000415 2393.0
0.000037 -0.000415 2394.0
0.000034 -0.000414 2395.0
0.000032 -0.000413 2396.0
0.000030 -0.000413 2397.0
0.000028 -0.000412 2398.0
0.000025 -0.000411 2399.0
0.000023 -0.000411 2400.0
0.000021 -0.000410 2401.0
0.000019 -0.000410 2402.0
0.000016 -0.000409 2403.0
0.000014 -0.000408 2404.0
0.000012 -0.000408 2405.0
0.000009 -0.000407 2406.0
0.000007 -0.000406 2407.0
0.000005 -0.000406 2408.0
0.000003 -0.000405 2409.0
0.000000 -0.000404 2410.0
-0.000002 -0.000404 2411.0
-0.000004 -0.000403 2412.0
-0.000006 -0.000403 2413.0
-0.000009 -0.000402 2414.0
-0.000011 -0.000401 2415.0
-0.000013 -0.000401 2416.0
-0.000015 -0.000400 2417.0
-0.000018 -0.000399 2418.0
-0.000020 -0.000399 2419.0
-0.000022 -0.000398 2420.0
-0.000024 -0.000397 2421.0
-0.000027 -0.000397 2422.0
-0.000029 -0.000396 2423.0
-0.000031 -0.000396 2424.0
-0.000033 -0.000395 2425.0
-0.000036 -0.000394 2426.0
-0.000038 -0.000394 2427.0
-0.000040 -0.000393 2428.0
-0.000042 -0.000392 2429.0
-0.000045 -0.000392 2430.0
-0.000047 -0.000391 2431.0
-0.000049 -0.000390 2432.0
-0.000050 -0.000396 2433.0
-0.000052 -0.000396 2434.0
-0.000054 -0.000395 2435.0
-0.000056 -0.000395 2436.0
-0.000058 -0.000394 2437.0
-0.000060 -0.000394 2438.0
-0.000062 -0.000393 2439.0
-0.000064 -0.000393 2440.0
-0.000067 -0.000392 2441.0
-0.000069 -0.000392 2442.0
-0.000071 -0.000391 2443.0
-0.000073 -0.000391 2444.0
-0.000075 -0.000390 2445.0
-0.000077 -0.000390 2446.0
-0.000079 -0.000389 2447.0
-0.000081 -0.000389 2448.0
-0.000083 -0.000389 2449.0
-0.000085 -0.000388 2450.0
-0.000087 -0.000388 2451.0
-0.000089 -0.000387 2452.0
-0.000091 -0.000387 2453.0
-0.000093 -0.000386 2454.0
-0.000095 -0.000386 2455.0
-0.000097 -0.000385 2456.0
-0.000099 -0.000385 2457.0
-0.000101 -0.000384 2458.0
-0.000103 -0.000384 2459.0
-0.000106 -0.000383 2460.0
-0.000108 -0.000383 2461.0
-0.000110 -0.000382 2462.0
-0.000112 -0.000382 2463.0
-0.000114 -0.000381 2464.0
-0.000116 -0.000381 2465.0
-0.000118 -0.000380 2466.0
-0.000120 -0.000380 2467.0
-0.000122 -0.000379 2468.0
-0.000124 -0.000379 2469.0
-0.000126 -0.000379 2470.0
-0.000128 -0.000378 2471.0
-0.000130 -0.000378 2472.0
-0.000132 -0.000377 2473.0
-0.000134 -0.000377 2474.0
-0.000136 -0.000376 2475.0
-0.000138 -0.000376 2476.0
-0.000140 -0.000375 2477.0
-0.000142 -0.000375 2478.0
-0.000145 -0.000374 2479.0
-0.000147 -0.000374 2480.0
-0.000149 -0.000373 2481.0
-0.000151 -0.000373 2482.0
-0.000153 -0.000372 2483.0
-0.000153 -0.000377 2484.0
-0.000155 -0.000379 2485.0
-0.000157 -0.000380 2486.0
-0.000158 -0.000382 2487.0
-0.000160 -0.000383 2488.0
-0.000162 -0.000385 2489.0
-0.000163 -0.000386 2490.0
-0.000165 -0.000388 2491.0
-0.000167 -0.000389 2492.0
-0.000168 -0.000391 2493.0
-0.000170 -0.000392 2494.0
-0.000171 -0.000394 2495.0
-0.000173 -0.000395 2496.0
-0.000175 -0.000396 2497.0
-0.000176 -0.000398 2498.0
-0.000178 -0.000399 2499.0
-0.000180 -0.000401 2500.0
-0.000181 -0.000402 2501.0
-0.000183 -0.000404 2502.0
-0.000185 -0.000405 2503.0
-0.000186 -0.000407 2504.0
-0.000188 -0.000408 2505.0
-0.000190 -0.000410 2506.0
-0.000191 -0.000411 2507.0
-0.000193 -0.000413 2508.0
-0.000195 -0.000414 2509.0
-0.000196 -0.000416 2510.0
-0.000198 -0.000417 2511.0
-0.000200 -0.000419 2512.0
-0.000201 -0.000420 2513.0
-0.000203 -0.000422 2514.0
-0.000204 -0.000423 2515.0
-0.000206 -0.000425 2516.0
-0.000208 -0.000426 2517.0
-0.000209 -0.000428 2518.0
-0.000211 -0.000429 2519.0
-0.000213 -0.000431 2520.0
-0.000214 -0.000432 2521.0
-0.000216 -0.000434 2522.0
-0.000218 -0.000435 2523.0
-0.000219 -0.000437 2524.0
-0.000221 -0.000438 2525.0
-0.000223 -0.000440 2526.0
-0.000224 -0.000441 2527.0
-0.000226 -0.000443 2528.0
-0.000228 -0.000444 2529.0
-0.000229 -0.000446 2530.0
-0.000231 -0.000447 2531.0
-0.000232 -0.000449 2532.0
-0.000234 -0.000450 2533.0
-0.000236 -0.000452 2534.0
-0.000237 -0.000453 2535.0
-0.000243 -0.000442 2536.0
-0.000245 -0.000444 2537.0
-0.000247 -0.000446 2538.0
-0.000248 -0.000448 2539.0
-0.000250 -0.000450 2540.0
-0.000252 -0.000452 2541.0
-0.000253 -0.000454 2542.0
-0.000255 -0.000456 2543.0
-0.000257 -0.000458 2544.0
-0.000259 -0.000460 2545.0
-0.000260 -0.000462 2546.0
-0.000262 -0.000464 2547.0
-0.000264 -0.000466 2548.0
-0.000265 -0.000468 2549.0
-0.000267 -0.000470 2550.0
-0.000269 -0.000472 2551.0
-0.000270 -0.000474 2552.0
-0.000272 -0.000476 2553.0
-0.000274 -0.000478 2554.0
-0.000275 -0.000480 2555.0
-0.000277 -0.000482 2556.0
-0.000279 -0.000484 2557.0
-0.000281 -0.000486 2558.0
-0.000282 -0.000488 2559.0
-0.000284 -0.000490 2560.0
-0.000286 -0.000492 2561.0
-0.000287 -0.000494 2562.0
-0.000289 -0.000496 2563.0
-0.000291 -0.000498 2564.0
-0.000292 -0.000500 2565.0
-0.000294 -0.000502 2566.0
-0.000296 -0.000504 2567.0
-0.000297 -0.000506 2568.0
-0.000299 -0.000508 2569.0
-0.000301 -0.000510 2570.0
-0.000303 -0.000512 2571.0
-0.000304 -0.000514 2572.0
-0.000306 -0.000516 2573.0
-0.000308 -0.000518 2574.0
-0.000309 -0.000520 2575.0
-0.000311 -0.000522 2576.0
-0.000313 -0.000524 2577.0
-0.000314 -0.000526 2578.0
-0.000316 -0.000528 2579.0
-0.000318 -0.000530 2580.0
-0.000325 -0.000519 2581.0
-0.000327 -0.000519 2582.0
-0.000329 -0.000519 2583.0
-0.000331 -0.000519 2584.0
-0.000333 -0.000518 2585.0
-0.000335 -0.000518 2586.0
-0.000337 -0.000518 2587.0
-0.000339 -0.000518 2588.0
-0.000340 -0.000518 2589.0
-0.000342 -0.000518 2590.0
-0.000344 -0.000517 2591.0
-0.000346 -0.000517 2592.0
-0.000348 -0.000517 2593.0
-0.000350 -0.000517 2594.0
-0.000352 -0.000517 2595.0
-0.000354 -0.000517 2596.0
-0.000356 -0.000516 2597.0
-0.000358 -0.000516 2598.0
-0.000359 -0.000516 2599.0
-0.000361 -0.000516 2600.0
-0.000363 -0.000516 2601.0
-0.000365 -0.000516 2602.0
-0.000367 -0.000515 2603.0
-0.000369 -0.000515 2604.0
-0.000371 -0.000515 2605.0
-0.000373 -0.000515 2606.0
-0.000375 -0.000515 2607.0
-0.000377 -0.000515 2608.0
-0.000378 -0.000515 2609.0
-0.000380 -0.000514 2610.0
-0.000382 -0.000514 2611.0
-0.000384 -0.000514 2612.0
-0.000386 -0.000514 2613.0
-0.000388 -0.000514 2614.0
-0.000390 -0.000514 2615.0
-0.000392 -0.000513 2616.0
-0.000394 -0.000513 2617.0
-0.000396 -0.000513 2618.0
-0.000397 -0.000513 2619.0
-0.000399 -0.000513 2620.0
-0.000401 -0.000513 2621.0
-0.000403 -0.000512 2622.0
-0.000405 -0.000512 2623.0
-0.000407 -0.000512 2624.0
-0.000409 -0.000512 2625.0
-0.000411 -0.000512 2626.0
-0.000413 -0.000512 2627.0
-0.000414 -0.000511 2628.0
-0.000416 -0.000511 2629.0
-0.000418 -0.000511 2630.0
-0.000420 -0.000511 2631.0
-0.000422 -0.000511 2632.0
-0.000424 -0.000511 2633.0
-0.000426 -0.000510 2634.0
-0.000428 -0.000510 2635.0
-0.000430 -0.000510 2636.0
-0.000430 -0.000512 2637.0
-0.000432 -0.000511 2638.0
-0.000434 -0.000511 2639.0
-0.000436 -0.000510 2640.0
-0.000438 -0.000509 2641.0
-0.000440 -0.000509 2642.0
-0.000442 -0.000508 2643.0
-0.000444 -0.000508 2644.0
-0.000446 -0.000507 2645.0
-0.000448 -0.000506 2646.0
-0.000450 -0.000506 2647.0
-0.000452 -0.000505 2648.0
-0.000454 -0.000505 2649.0
-0.000456 -0.000504 2650.0
-0.000458 -0.000503 2651.0
-0.000461 -0.000503 2652.0
-0.000463 -0.000502 2653.0
-0.000465 -0.000501 2654.0
-0.000467 -0.000501 2655.0
-0.000469 -0.000500 2656.0
-0.000471 -0.000500 2657.0
-0.000473 -0.000499 2658.0
-0.000475 -0.000498 2659.0
-0.000477 -0.000498 2660.0
-0.000479 -0.000497 2661.0
-0.000481 -0.000496 2662.0
-0.000483 -0.000496 2663.0
-0.000485 -0.000495 2664.0
-0.000487 -0.000495 2665.0
-0.000489 -0.000494 2666.0
-0.000491 -0.000493 2667.0
-0.000493 -0.000493 2668.0
-0.000495 -0.000492 2669.0
-0.000497 -0.000491 2670.0
-0.000499 -0.000491 2671.0
-0.000501 -0.000490 2672.0
-0.000504 -0.000490 2673.0
-0.000506 -0.000489 2674.0
-0.000508 -0.000488 2675.0
-0.000510 -0.000488 2676.0
-0.000512 -0.000487 2677.0
-0.000514 -0.000487 2678.0
-0.000516 -0.000486 2679.0
-0.000518 -0.000485 2680.0
-0.000520 -0.000485 2681.0
-0.000522 -0.000484 2682.0
-0.000524 -0.000483 2683.0
-0.000526 -0.000483 2684.0
-0.000528 -0.000482 2685.0
-0.000530 -0.000482 2686.0
-0.000531 -0.000487 2687.0
-0.000533 -0.000487 2688.0
-0.000535 -0.000486 2689.0
-0.000537 -0.000485 2690.0
-0.000539 -0.000484 2691.0
-0.000541 -0.000483 2692.0
-0.000543 -0.000482 2693.0
-0.000545 -0.000482 2694.0
-0.000547 -0.000481 2695.0
-0.000548 -0.000480 2696.0
-0.000550 -0.000479 2697.0
-0.000552 -0.000478 2698.0
-0.000554 -0.000478 2699.0
-0.000556 -0.000477 2700.0
-0.000558 -0.000476 2701.0
-0.000560 -0.000475 2702.0
-0.000562 -0.000474 2703.0
-0.000564 -0.000473 2704.0
-0.000566 -0.000473 2705.0
-0.000568 -0.000472 2706.0
-0.000570 -0.000471 2707.0
-0.000572 -0.000470 2708.0
-0.000573 -0.000469 2709.0
-0.000575 -0.000468 2710.0
-0.000577 -0.000468 2711.0
-0.000579 -0.000467 2712.0
-0.000581 -0.000466 2713.0
-0.000583 -0.000465 2714.0
-0.000585 -0.000464 2715.0
-0.000587 -0.000463 2716.0
-0.000589 -0.000463 2717.0
-0.000591 -0.000462 2718.0
-0.000593 -0.000461 2719.0
-0.000595 -0.000460 2720.0
-0.000597 -0.000459 2721.0
-0.000598 -0.000458 2722.0
-0.000600 -0.000458 2723.0
-0.000602 -0.000457 2724.0
-0.000604 -0.000456 2725.0
-0.000606 -0.000455 2726.0
-0.000608 -0.000454 2727.0
-0.000610 -0.000453 2728.0
-0.000612 -0.000453 2729.0
-0.000614 -0.000452 2730.0
-0.000616 -0.000451 2731.0
-0.000618 -0.000450 2732.0
-0.000620 -0.000449 2733.0
-0.000621 -0.000448 2734.0
-0.000623 -0.000448 2735.0
-0.000625 -0.000447 2736.0
-0.000627 -0.000446 2737.0
-0.000629 -0.000445 2738.0
-0.000631 -0.000444 2739.0
-0.000633 -0.000452 2740.0
-0.000633 -0.000451 2741.0
-0.000633 -0.000450 2742.0
-0.000633 -0.000448 2743.0
-0.000633 -0.000447 2744.0
-0.000633 -0.000445 2745.0
-0.000633 -0.000444 2746.0
-0.000633 -0.000443 2747.0
-0.000633 -0.000441 2748.0
-0.000633 -0.000440 2749.0
-0.000633 -0.000438 2750.0
-0.000633 -0.000437 2751.0
-0.000633 -0.000436 2752.0
-0.000633 -0.000434 2753.0
-0.000633 -0.000433 2754.0
-0.000633 -0.000432 2755.0
-0.000633 -0.000430 2756.0
-0.000633 -0.000429 2757.0
-0.000633 -0.000427 2758.0
-0.000633 -0.000426 2759.0
-0.000633 -0.000425 2760.0
-0.000633 -0.000423 2761.0
-0.000633 -0.000422 2762.0
-0.000633 -0.000420 2763.0
-0.000633 -0.000419 2764.0
-0.000633 -0.000418 2765.0
-0.000633 -0.000416 2766.0
-0.000633 -0.000415 2767.0
-0.000633 -0.000413 2768.0
-0.000633 -0.000412 2769.0
-0.000633 -0.000411 2770.0
-0.000633 -0.000409 2771.0
-0.000633 -0.000408 2772.0
-0.000633 -0.000407 2773.0
-0.000633 -0.000405 2774.0
-0.000633 -0.000404 2775.0
-0.000633 -0.000402 2776.0
-0.000633 -0.000401 2777.0
-0.000633 -0.000400 2778.0
-0.000633 -0.000398 2779.0
-0.000633 -0.000397 2780.0
-0.000633 -0.000395 2781.0
-0.000633 -0.000394 2782.0
-0.000632 -0.000393 2783.0
-0.000632 -0.000391 2784.0
-0.000632 -0.000390 2785.0
-0.000632 -0.000389 2786.0
-0.000632 -0.000387 2787.0
-0.000632 -0.000386 2788.0
-0.000632 -0.000384 2789.0
-0.000632 -0.000383 2790.0
-0.000632 -0.000382 2791.0
-0.000632 -0.000380 2792.0
-0.000632 -0.000379 2793.0
-0.000632 -0.000377 2794.0
-0.000632 -0.000376 2795.0
-0.000632 -0.000375 2796.0
-0.000632 -0.000373 2797.0
-0.000632 -0.000372 2798.0
-0.000632 -0.000370 2799.0
-0.000632 -0.000370 2800.0
-0.000632 -0.000370 2801.0
-0.000632 -0.000370 2802.0
-0.000631 -0.000370 2803.0
-0.000631 -0.000370 2804.0
-0.000631 -0.000369 2805.0
-0.000630 -0.000369 2806.0
-0.000630 -0.000369 2807.0
-0.000630 -0.000369 2808.0
-0.000630 -0.000368 2809.0
-0.000629 -0.000368 2810.0
-0.000629 -0.000368 2811.0
-0.000629 -0.000368 2812.0
-0.000629 -0.000367 2813.0
-0.000628 -0.000367 2814.0
-0.000628 -0.000367 2815.0
-0.000628 -0.000367 2816.0
-0.000628 -0.000367 2817.0
-0.000627 -0.000366 2818.0
-0.000627 -0.000366 2819.0
-0.000627 -0.000366 2820.0
-0.000627 -0.000366 2821.0
-0.000626 -0.000365 2822.0
-0.000626 -0.000365 2823.0
-0.000626 -0.000365 2824.0
-0.000626 -0.000365 2825.0
-0.000625 -0.000364 2826.0
-0.000625 -0.000364 2827.0
-0.000625 -0.000364 2828.0
-0.000625 -0.000364 2829.0
-0.000624 -0.000363 2830.0
-0.000624 -0.000363 2831.0
-0.000624 -0.000363 2832.0
-0.000624 -0.000363 2833.0
-0.000623 -0.000363 2834.0
-0.000623 -0.000362 2835.0
-0.000623 -0.000362 2836.0
-0.000623 -0.000362 2837.0
-0.000622 -0.000362 2838.0
-0.000622 -0.000361 2839.0
-0.000622 -0.000361 2840.0
-0.000622 -0.000361 2841.0
-0.000621 -0.000361 2842.0
-0.000621 -0.000360 2843.0
-0.000621 -0.000360 2844.0
-0.000621 -0.000360 2845.0
-0.000620 -0.000360 2846.0
-0.000620 -0.000359 2847.0
-0.000620 -0.000359 2848.0
-0.000620 -0.000359 2849.0
-0.000619 -0.000359 2850.0
-0.000619 -0.000359 2851.0
-0.000619 -0.000358 2852.0
-0.000619 -0.000358 2853.0
-0.000618 -0.000358 2854.0
-0.000618 -0.000358 2855.0
-0.000618 -0.000357 2856.0
-0.000618 -0.000357 2857.0
-0.000617 -0.000357 2858.0
-0.000617 -0.000357 2859.0
-0.000617 -0.000356 2860.0
-0.000616 -0.000358 2861.0
-0.000616 -0.000358 2862.0
-0.000616 -0.000358 2863.0
-0.000616 -0.000358 2864.0
-0.000616 -0.000358 2865.0
-0.000616 -0.000358 2866.0
-0.000616 -0.000358 2867.0
-0.000616 -0.000358 2868.0
-0.000616 -0.000358 2869.0
-0.000616 -0.000358 2870.0
-0.000616 -0.000358 2871.0
-0.000616 -0.000358 2872.0
-0.000616 -0.000358 2873.0
-0.000616 -0.000358 2874.0
-0.000616 -0.000358 2875.0
-0.000616 -0.000358 2876.0
-0.000616 -0.000358 2877.0
-0.000616 -0.000358 2878.0
-0.000616 -0.000358 2879.0
-0.000616 -0.000358 2880.0
-0.000616 -0.000358 2881.0
-0.000616 -0.000358 2882.0
-0.000616 -0.000358 2883.0
-0.000616 -0.000358 2884.0
