0.000563 -0.000839 3.0
0.000563 -0.000839 4.0
0.000563 -0.000839 5.0
0.000563 -0.000839 6.0
0.000563 -0.000839 7.0
0.000563 -0.000839 8.0
0.000563 -0.000839 9.0
0.000563 -0.000839 10.0
0.000563 -0.000839 11.0
0.000563 -0.000839 12.0
0.000563 -0.000839 13.0
0.000563 -0.000839 14.0
0.000563 -0.000839 15.0
0.000563 -0.000839 16.0
0.000563 -0.000839 17.0
0.000563 -0.000839 18.0
0.000564 -0.000839 19.0
0.000564 -0.000839 20.0
0.000564 -0.000839 21.0
0.000564 -0.000839 22.0
0.000564 -0.000839 23.0
0.000564 -0.000839 24.0
0.000564 -0.000839 25.0
0.000564 -0.000839 26.0
0.000564 -0.000839 27.0
0.000564 -0.000839 28.0
0.000564 -0.000839 29.0
0.000564 -0.000839 30.0
0.000564 -0.000839 31.0
0.000564 -0.000839 32.0
0.000564 -0.000839 33.0
0.000564 -0.000839 34.0
0.000564 -0.000839 35.0
0.000564 -0.000839 36.0
0.000564 -0.000839 37.0
0.000564 -0.000839 38.0
0.000564 -0.000839 39.0
0.000564 -0.000839 40.0
0.000564 -0.000839 41.0
0.000564 -0.000839 42.0
0.000564 -0.000839 43.0
0.000564 -0.000839 44.0
0.000564 -0.000839 45.0
0.000564 -0.000839 46.0
0.000564 -0.000839 47.0
0.000564 -0.000839 48.0
0.000564 -0.000839 49.0
0.000564 -0.000839 50.0
0.000564 -0.000839 51.0
0.000564 -0.000839 52.0
0.000564 -0.000839 53.0
0.000564 -0.000839 54.0
0.000564 -0.000839 55.0
0.000564 -0.000839 56.0
0.000564 -0.000839 57.0
0.000564 -0.000839 58.0
0.000564 -0.000839 59.0
0.000564 -0.000839 60.0
0.000564 -0.000839 61.0
0.000564 -0.000839 62.0
0.000564 -0.000839 63.0
0.000564 -0.000839 64.0
0.000564 -0.000839 65.0
0.000564 -0.000839 66.0
0.000564 -0.000839 67.0
0.000564 -0.000839 68.0
0.000564 -0.000839 69.0
0.000564 -0.000839 70.0
0.000564 -0.000839 71.0
0.000564 -0.000840 72.0
0.000564 -0.000840 73.0
0.000564 -0.000840 74.0
0.000564 -0.000840 75.0
0.000564 -0.000841 76.0
0.000563 -0.000841 77.0
0.000563 -0.000841 78.0
0.000563 -0.000841 79.0
0.000563 -0.000842 80.0
0.000563 -0.000842 81.0
0.000563 -0.000842 82.0
0.000563 -0.000842 83.0
0.000563 -0.000843 84.0
0.000563 -0.000843 85.0
0.000563 -0.000843 86.0
0.000562 -0.000843 87.0
0.000562 -0.000843 88.0
0.000562 -0.000844 89.0
0.000562 -0.000844 90.0
0.000562 -0.000844 91.0
0.000562 -0.000844 92.0
0.000562 -0.000845 93.0
0.000562 -0.000845 94.0
0.000562 -0.000845 95.0
0.000562 -0.000845 96.0
0.000561 -0.000846 97.0
0.000561 -0.000846 98.0
0.000561 -0.000846 99.0
0.000561 -0.000846 100.0
0.000561 -0.000847 101.0
0.000561 -0.000847 102.0
0.000561 -0.000847 103.0
0.000561 -0.000847 104.0
0.000561 -0.000848 105.0
0.000561 -0.000848 106.0
0.000561 -0.000848 107.0
0.000560 -0.000848 108.0
0.000560 -0.000849 109.0
0.000560 -0.000849 110.0
0.000560 -0.000849 111.0
0.000560 -0.000849 112.0
0.000560 -0.000849 113.0
0.000560 -0.000850 114.0
0.000560 -0.000850 115.0
0.000560 -0.000850 116.0
0.000560 -0.000850 117.0
0.000559 -0.000851 118.0
0.000559 -0.000851 119.0
0.000559 -0.000851 120.0
0.000559 -0.000851 121.0
0.000559 -0.000852 122.0
0.000559 -0.000852 123.0
0.000559 -0.000852 124.0
0.000559 -0.000852 125.0
0.000559 -0.000853 126.0
0.000559 -0.000853 127.0
0.000558 -0.000853 128.0
0.000558 -0.000853 129.0
0.000558 -0.000854 130.0
0.000558 -0.000854 131.0
0.000558 -0.000854 132.0
0.000558 -0.000854 133.0
0.000558 -0.000854 134.0
0.000557 -0.000854 135.0
0.000556 -0.000854 136.0
0.000556 -0.000854 137.0
0.000556 -0.000855 138.0
0.000555 -0.000855 139.0
0.000555 -0.000855 140.0
0.000554 -0.000855 141.0
0.000554 -0.000856 142.0
0.000554 -0.000856 143.0
0.000553 -0.000856 144.0
0.000553 -0.000857 145.0
0.000553 -0.000857 146.0
0.000552 -0.000857 147.0
0.000552 -0.000858 148.0
0.000551 -0.000858 149.0
0.000551 -0.000858 150.0
0.000551 -0.000858 151.0
0.000550 -0.000859 152.0
0.000550 -0.000859 153.0
0.000550 -0.000859 154.0
0.000549 -0.000860 155.0
0.000549 -0.000860 156.0
0.000548 -0.000860 157.0
0.000548 -0.000861 158.0
0.000548 -0.000861 159.0
0.000547 -0.000861 160.0
0.000547 -0.000861 161.0
0.000547 -0.000862 162.0
0.000546 -0.000862 163.0
0.000546 -0.000862 164.0
0.000545 -0.000863 165.0
0.000545 -0.000863 166.0
0.000545 -0.000863 167.0
0.000544 -0.000864 168.0
0.000544 -0.000864 169.0
0.000544 -0.000864 170.0
0.000543 -0.000864 171.0
0.000543 -0.000865 172.0
0.000542 -0.000865 173.0
0.000542 -0.000865 174.0
0.000542 -0.000866 175.0
0.000541 -0.000866 176.0
0.000541 -0.000866 177.0
0.000541 -0.000867 178.0
0.000540 -0.000867 179.0
0.000540 -0.000867 180.0
0.000539 -0.000868 181.0
0.000539 -0.000868 182.0
0.000539 -0.000868 183.0
0.000538 -0.000868 184.0
0.000538 -0.000869 185.0
0.000538 -0.000869 186.0
0.000537 -0.000869 187.0
0.000537 -0.000870 188.0
0.000536 -0.000870 189.0
0.000536 -0.000870 190.0
0.000536 -0.000871 191.0
0.000535 -0.000871 192.0
0.000535 -0.000871 193.0
0.000535 -0.000871 194.0
0.000534 -0.000872 195.0
0.000534 -0.000872 196.0
0.000533 -0.000872 197.0
0.000533 -0.000873 198.0
0.000533 -0.000873 199.0
0.000532 -0.000873 200.0
0.000532 -0.000874 201.0
0.000532 -0.000874 202.0
0.000531 -0.000874 203.0
0.000531 -0.000874 204.0
0.000529 -0.000871 205.0
0.000529 -0.000872 206.0
0.000529 -0.000873 207.0
0.000528 -0.000875 208.0
0.000528 -0.000876 209.0
0.000528 -0.000877 210.0
0.000528 -0.000878 211.0
0.000527 -0.000879 212.0
0.000527 -0.000880 213.0
0.000527 -0.000882 214.0
0.000526 -0.000883 215.0
0.000526 -0.000884 216.0
0.000526 -0.000885 217.0
0.000526 -0.000886 218.0
0.000525 -0.000887 219.0
0.000525 -0.000888 220.0
0.000525 -0.000890 221.0
0.000524 -0.000891 222.0
0.000524 -0.000892 223.0
0.000524 -0.000893 224.0
0.000524 -0.000894 225.0
0.000523 -0.000895 226.0
0.000523 -0.000897 227.0
0.000523 -0.000898 228.0
0.000522 -0.000899 229.0
0.000522 -0.000900 230.0
0.000522 -0.000901 231.0
0.000521 -0.000902 232.0
0.000521 -0.000904 233.0
0.000521 -0.000905 234.0
0.000521 -0.000906 235.0
0.000520 -0.000907 236.0
0.000520 -0.000908 237.0
0.000520 -0.000909 238.0
0.000519 -0.000910 239.0
0.000519 -0.000912 240.0
0.000519 -0.000913 241.0
0.000519 -0.000914 242.0
0.000518 -0.000915 243.0
0.000518 -0.000916 244.0
0.000518 -0.000917 245.0
0.000517 -0.000919 246.0
0.000517 -0.000920 247.0
0.000517 -0.000921 248.0
0.000517 -0.000922 249.0
0.000514 -0.000921 250.0
0.000513 -0.000921 251.0
0.000513 -0.000922 252.0
0.000513 -0.000922 253.0
0.000513 -0.000923 254.0
0.000512 -0.000924 255.0
0.000512 -0.000924 256.0
0.000512 -0.000925 257.0
0.000512 -0.000925 258.0
0.000511 -0.000926 259.0
0.000511 -0.000926 260.0
0.000511 -0.000927 261.0
0.000511 -0.000928 262.0
0.000510 -0.000928 263.0
0.000510 -0.000929 264.0
0.000510 -0.000929 265.0
0.000510 -0.000930 266.0
0.000509 -0.000930 267.0
0.000509 -0.000931 268.0
0.000509 -0.000932 269.0
0.000509 -0.000932 270.0
0.000508 -0.000933 271.0
0.000508 -0.000933 272.0
0.000508 -0.000934 273.0
0.000508 -0.000934 274.0
0.000507 -0.000935 275.0
0.000507 -0.000935 276.0
0.000507 -0.000936 277.0
0.000507 -0.000937 278.0
0.000506 -0.000937 279.0
0.000506 -0.000938 280.0
0.000506 -0.000938 281.0
0.000506 -0.000939 282.0
0.000505 -0.000939 283.0
0.000505 -0.000940 284.0
0.000505 -0.000941 285.0
0.000505 -0.000941 286.0
0.000504 -0.000942 287.0
0.000504 -0.000942 288.0
0.000504 -0.000943 289.0
0.000504 -0.000943 290.0
0.000504 -0.000944 291.0
0.000503 -0.000945 292.0
0.000503 -0.000945 293.0
0.000503 -0.000946 294.0
0.000503 -0.000946 295.0
0.000502 -0.000947 296.0
0.000502 -0.000947 297.0
0.000502 -0.000948 298.0
0.000502 -0.000949 299.0
0.000501 -0.000949 300.0
0.000501 -0.000950 301.0
0.000501 -0.000950 302.0
0.000501 -0.000951 303.0
0.000500 -0.000951 304.0
0.000500 -0.000952 305.0
0.000500 -0.000952 306.0
0.000500 -0.000953 307.0
0.000499 -0.000954 308.0
0.000499 -0.000954 309.0
0.000499 -0.000955 310.0
0.000499 -0.000955 311.0
0.000498 -0.000956 312.0
0.000498 -0.000956 313.0
0.000498 -0.000957 314.0
0.000498 -0.000958 315.0
0.000497 -0.000958 316.0
0.000497 -0.000959 317.0
0.000497 -0.000959 318.0
0.000497 -0.000960 319.0
0.000496 -0.000960 320.0
0.000493 -0.000958 321.0
0.000493 -0.000959 322.0
0.000493 -0.000960 323.0
0.000493 -0.000961 324.0
0.000493 -0.000962 325.0
0.000493 -0.000963 326.0
0.000493 -0.000964 327.0
0.000493 -0.000965 328.0
0.000493 -0.000966 329.0
0.000493 -0.000967 330.0
0.000493 -0.000968 331.0
0.000493 -0.000969 332.0
0.000493 -0.000970 333.0
0.000493 -0.000971 334.0
0.000493 -0.000972 335.0
0.000493 -0.000973 336.0
0.000493 -0.000974 337.0
0.000493 -0.000975 338.0
0.000493 -0.000976 339.0
0.000493 -0.000977 340.0
0.000492 -0.000978 341.0
0.000492 -0.000978 342.0
0.000492 -0.000979 343.0
0.000492 -0.000980 344.0
0.000492 -0.000981 345.0
0.000492 -0.000982 346.0
0.000492 -0.000983 347.0
0.000492 -0.000984 348.0
0.000492 -0.000985 349.0
0.000492 -0.000986 350.0
0.000492 -0.000987 351.0
0.000492 -0.000988 352.0
0.000492 -0.000989 353.0
0.000492 -0.000990 354.0
0.000492 -0.000991 355.0
0.000492 -0.000992 356.0
0.000492 -0.000993 357.0
0.000492 -0.000994 358.0
0.000492 -0.000995 359.0
0.000492 -0.000996 360.0
0.000492 -0.000997 361.0
0.000492 -0.000998 362.0
0.000492 -0.000999 363.0
0.000492 -0.001000 364.0
0.000492 -0.001001 365.0
0.000492 -0.001002 366.0
0.000492 -0.001003 367.0
0.000492 -0.001004 368.0
0.000492 -0.001005 369.0
0.000491 -0.001006 370.0
0.000491 -0.001007 371.0
0.000491 -0.001008 372.0
0.000491 -0.001009 373.0
0.000491 -0.001010 374.0
0.000491 -0.001010 375.0
0.000491 -0.001011 376.0
0.000491 -0.001011 377.0
0.000491 -0.001012 378.0
0.000491 -0.001013 379.0
0.000491 -0.001014 380.0
0.000491 -0.001015 381.0
0.000491 -0.001015 382.0
0.000491 -0.001016 383.0
0.000491 -0.001017 384.0
0.000491 -0.001018 385.0
0.000490 -0.001019 386.0
0.000490 -0.001020 387.0
0.000490 -0.001020 388.0
0.000490 -0.001021 389.0
0.000490 -0.001022 390.0
0.000490 -0.001023 391.0
0.000490 -0.001024 392.0
0.000490 -0.001025 393.0
0.000490 -0.001025 394.0
0.000490 -0.001026 395.0
0.000490 -0.001027 396.0
0.000490 -0.001028 397.0
0.000490 -0.001029 398.0
0.000490 -0.001029 399.0
0.000490 -0.001030 400.0
0.000490 -0.001031 401.0
0.000490 -0.001032 402.0
0.000490 -0.001033 403.0
0.000490 -0.001034 404.0
0.000490 -0.001034 405.0
0.000490 -0.001035 406.0
0.000490 -0.001036 407.0
0.000490 -0.001037 408.0
0.000490 -0.001038 409.0
0.000490 -0.001039 410.0
0.000490 -0.001039 411.0
0.000490 -0.001040 412.0
0.000490 -0.001041 413.0
0.000490 -0.001042 414.0
0.000490 -0.001043 415.0
0.000490 -0.001044 416.0
0.000489 -0.001044 417.0
0.000489 -0.001045 418.0
0.000489 -0.001046 419.0
0.000489 -0.001047 420.0
0.000489 -0.001048 421.0
0.000489 -0.001048 422.0
0.000489 -0.001049 423.0
0.000489 -0.001050 424.0
0.000489 -0.001051 425.0
0.000489 -0.001052 426.0
0.000489 -0.001053 427.0
0.000489 -0.001053 428.0
0.000489 -0.001054 429.0
0.000489 -0.001055 430.0
0.000489 -0.001055 431.0
0.000488 -0.001055 432.0
0.000488 -0.001055 433.0
0.000488 -0.001055 434.0
0.000487 -0.001055 435.0
0.000487 -0.001055 436.0
0.000487 -0.001055 437.0
0.000487 -0.001055 438.0
0.000486 -0.001055 439.0
0.000486 -0.001055 440.0
0.000486 -0.001055 441.0
0.000485 -0.001055 442.0
0.000485 -0.001055 443.0
0.000485 -0.001055 444.0
0.000484 -0.001055 445.0
0.000484 -0.001055 446.0
0.000484 -0.001055 447.0
0.000484 -0.001055 448.0
0.000483 -0.001055 449.0
0.000483 -0.001055 450.0
0.000483 -0.001055 451.0
0.000482 -0.001055 452.0
0.000482 -0.001055 453.0
0.000482 -0.001055 454.0
0.000481 -0.001055 455.0
0.000481 -0.001055 456.0
0.000481 -0.001055 457.0
0.000481 -0.001055 458.0
0.000480 -0.001055 459.0
0.000480 -0.001055 460.0
0.000480 -0.001055 461.0
0.000479 -0.001055 462.0
0.000479 -0.001055 463.0
0.000479 -0.001055 464.0
0.000478 -0.001055 465.0
0.000478 -0.001056 466.0
0.000478 -0.001056 467.0
0.000478 -0.001056 468.0
0.000477 -0.001056 469.0
0.000477 -0.001056 470.0
0.000477 -0.001056 471.0
0.000476 -0.001056 472.0
0.000476 -0.001056 473.0
0.000476 -0.001056 474.0
0.000475 -0.001056 475.0
0.000475 -0.001056 476.0
0.000475 -0.001056 477.0
0.000475 -0.001056 478.0
0.000474 -0.001056 479.0
0.000474 -0.001056 480.0
0.000474 -0.001056 481.0
0.000473 -0.001056 482.0
0.000473 -0.001056 483.0
0.000473 -0.001056 484.0
0.000472 -0.001056 485.0
0.000472 -0.001056 486.0
0.000472 -0.001056 487.0
0.000472 -0.001056 488.0
0.000471 -0.001056 489.0
0.000471 -0.001056 490.0
0.000471 -0.001056 491.0
0.000470 -0.001056 492.0
0.000469 -0.001056 493.0
0.000468 -0.001055 494.0
0.000468 -0.001055 495.0
0.000467 -0.001055 496.0
0.000466 -0.001055 497.0
0.000465 -0.001055 498.0
0.000464 -0.001055 499.0
0.000464 -0.001055 500.0
0.000463 -0.001055 501.0
0.000462 -0.001055 502.0
0.000461 -0.001055 503.0
0.000460 -0.001055 504.0
0.000460 -0.001055 505.0
0.000459 -0.001055 506.0
0.000458 -0.001055 507.0
0.000457 -0.001055 508.0
0.000456 -0.001054 509.0
0.000456 -0.001054 510.0
0.000455 -0.001054 511.0
0.000454 -0.001054 512.0
0.000453 -0.001054 513.0
0.000452 -0.001054 514.0
0.000452 -0.001054 515.0
0.000451 -0.001054 516.0
0.000450 -0.001054 517.0
0.000449 -0.001054 518.0
0.000448 -0.001054 519.0
0.000448 -0.001054 520.0
0.000447 -0.001054 521.0
0.000446 -0.001054 522.0
0.000445 -0.001053 523.0
0.000444 -0.001053 524.0
0.000444 -0.001053 525.0
0.000443 -0.001053 526.0
0.000442 -0.001053 527.0
0.000441 -0.001053 528.0
0.000440 -0.001053 529.0
0.000440 -0.001053 530.0
0.000439 -0.001053 531.0
0.000438 -0.001053 532.0
0.000437 -0.001053 533.0
0.000436 -0.001053 534.0
0.000436 -0.001053 535.0
0.000435 -0.001053 536.0
0.000434 -0.001053 537.0
0.000433 -0.001052 538.0
0.000432 -0.001052 539.0
0.000432 -0.001052 540.0
0.000431 -0.001052 541.0
0.000430 -0.001052 542.0
0.000429 -0.001052 543.0
0.000428 -0.001052 544.0
0.000428 -0.001052 545.0
0.000427 -0.001052 546.0
0.000426 -0.001052 547.0
0.000425 -0.001052 548.0
0.000424 -0.001052 549.0
0.000424 -0.001052 550.0
0.000423 -0.001052 551.0
0.000422 -0.001052 552.0
0.000421 -0.001051 553.0
0.000420 -0.001051 554.0
0.000420 -0.001051 555.0
0.000420 -0.001052 556.0
0.000419 -0.001052 557.0
0.000418 -0.001052 558.0
0.000417 -0.001052 559.0
0.000417 -0.001052 560.0
0.000416 -0.001052 561.0
0.000415 -0.001052 562.0
0.000414 -0.001052 563.0
0.000414 -0.001052 564.0
0.000413 -0.001052 565.0
0.000412 -0.001052 566.0
0.000411 -0.001052 567.0
0.000411 -0.001052 568.0
0.000410 -0.001052 569.0
0.000409 -0.001052 570.0
0.000408 -0.001052 571.0
0.000408 -0.001052 572.0
0.000407 -0.001052 573.0
0.000406 -0.001052 574.0
0.000405 -0.001051 575.0
0.000405 -0.001051 576.0
0.000404 -0.001051 577.0
0.000403 -0.001051 578.0
0.000403 -0.001051 579.0
0.000402 -0.001051 580.0
0.000401 -0.001051 581.0
0.000400 -0.001051 582.0
0.000400 -0.001051 583.0
0.000399 -0.001051 584.0
0.000398 -0.001051 585.0
0.000397 -0.001051 586.0
0.000397 -0.001051 587.0
0.000396 -0.001051 588.0
0.000395 -0.001051 589.0
0.000394 -0.001051 590.0
0.000394 -0.001051 591.0
0.000393 -0.001051 592.0
0.000392 -0.001051 593.0
0.000391 -0.001051 594.0
0.000391 -0.001051 595.0
0.000390 -0.001051 596.0
0.000389 -0.001051 597.0
0.000388 -0.001051 598.0
0.000388 -0.001051 599.0
0.000387 -0.001051 600.0
0.000386 -0.001051 601.0
0.000386 -0.001050 602.0
0.000385 -0.001050 603.0
0.000384 -0.001050 604.0
0.000383 -0.001050 605.0
0.000383 -0.001050 606.0
0.000382 -0.001050 607.0
0.000381 -0.001050 608.0
0.000380 -0.001050 609.0
0.000380 -0.001050 610.0
0.000379 -0.001050 611.0
0.000378 -0.001050 612.0
0.000377 -0.001050 613.0
0.000377 -0.001050 614.0
0.000376 -0.001050 615.0
0.000375 -0.001050 616.0
0.000374 -0.001050 617.0
0.000374 -0.001050 618.0
0.000373 -0.001050 619.0
0.000372 -0.001050 620.0
0.000371 -0.001050 621.0
0.000371 -0.001050 622.0
0.000370 -0.001050 623.0
0.000369 -0.001050 624.0
0.000369 -0.001050 625.0
0.000368 -0.001050 626.0
0.000367 -0.001050 627.0
0.000366 -0.001049 628.0
0.000366 -0.001049 629.0
0.000365 -0.001049 630.0
0.000364 -0.001049 631.0
0.000363 -0.001049 632.0
0.000363 -0.001049 633.0
0.000362 -0.001049 634.0
0.000361 -0.001049 635.0
0.000360 -0.001049 636.0
0.000360 -0.001049 637.0
0.000359 -0.001049 638.0
0.000358 -0.001049 639.0
0.000357 -0.001049 640.0
0.000357 -0.001049 641.0
0.000356 -0.001049 642.0
0.000355 -0.001049 643.0
0.000354 -0.001049 644.0
0.000354 -0.001049 645.0
0.000353 -0.001049 646.0
0.000352 -0.001049 647.0
0.000351 -0.001049 648.0
0.000351 -0.001049 649.0
0.000350 -0.001049 650.0
0.000349 -0.001049 651.0
0.000349 -0.001049 652.0
0.000348 -0.001049 653.0
0.000347 -0.001049 654.0
0.000346 -0.001048 655.0
0.000346 -0.001048 656.0
0.000345 -0.001048 657.0
0.000344 -0.001048 658.0
0.000343 -0.001048 659.0
0.000343 -0.001048 660.0
0.000342 -0.001048 661.0
0.000341 -0.001048 662.0
0.000340 -0.001048 663.0
0.000340 -0.001048 664.0
0.000339 -0.001048 665.0
0.000338 -0.001048 666.0
0.000337 -0.001048 667.0
0.000337 -0.001048 668.0
0.000336 -0.001048 669.0
0.000335 -0.001048 670.0
0.000334 -0.001048 671.0
0.000334 -0.001048 672.0
0.000333 -0.001048 673.0
0.000332 -0.001048 674.0
0.000332 -0.001048 675.0
0.000331 -0.001048 676.0
0.000330 -0.001048 677.0
0.000329 -0.001048 678.0
0.000329 -0.001048 679.0
0.000328 -0.001048 680.0
0.000327 -0.001047 681.0
0.000326 -0.001047 682.0
0.000326 -0.001047 683.0
0.000325 -0.001047 684.0
0.000324 -0.001047 685.0
0.000323 -0.001047 686.0
0.000323 -0.001047 687.0
0.000322 -0.001047 688.0
0.000321 -0.001047 689.0
0.000320 -0.001047 690.0
0.000320 -0.001047 691.0
0.000319 -0.001047 692.0
0.000318 -0.001047 693.0
0.000317 -0.001047 694.0
0.000317 -0.001047 695.0
0.000316 -0.001047 696.0
0.000315 -0.001047 697.0
0.000315 -0.001047 698.0
0.000314 -0.001047 699.0
0.000313 -0.001047 700.0
0.000312 -0.001047 701.0
0.000312 -0.001047 702.0
0.000311 -0.001047 703.0
0.000310 -0.001047 704.0
0.000309 -0.001047 705.0
0.000309 -0.001047 706.0
0.000308 -0.001047 707.0
0.000307 -0.001046 708.0
0.000306 -0.001046 709.0
0.000306 -0.001046 710.0
0.000305 -0.001046 711.0
0.000304 -0.001046 712.0
0.000303 -0.001046 713.0
0.000303 -0.001046 714.0
0.000302 -0.001046 715.0
0.000301 -0.001046 716.0
0.000300 -0.001046 717.0
0.000300 -0.001046 718.0
0.000299 -0.001046 719.0
0.000298 -0.001046 720.0
0.000298 -0.001046 721.0
0.000297 -0.001046 722.0
0.000296 -0.001046 723.0
0.000295 -0.001046 724.0
0.000295 -0.001046 725.0
0.000294 -0.001046 726.0
0.000293 -0.001046 727.0
0.000292 -0.001046 728.0
0.000292 -0.001046 729.0
0.000291 -0.001046 730.0
0.000290 -0.001046 731.0
0.000289 -0.001046 732.0
0.000289 -0.001046 733.0
0.000288 -0.001046 734.0
0.000287 -0.001045 735.0
0.000286 -0.001045 736.0
0.000286 -0.001045 737.0
0.000285 -0.001045 738.0
0.000284 -0.001045 739.0
0.000283 -0.001045 740.0
0.000283 -0.001045 741.0
0.000282 -0.001045 742.0
0.000281 -0.001045 743.0
0.000280 -0.001045 744.0
0.000280 -0.001045 745.0
0.000279 -0.001045 746.0
0.000278 -0.001045 747.0
0.000278 -0.001045 748.0
0.000277 -0.001045 749.0
0.000276 -0.001045 750.0
0.000275 -0.001045 751.0
0.000275 -0.001045 752.0
0.000274 -0.001045 753.0
0.000273 -0.001045 754.0
0.000272 -0.001045 755.0
0.000272 -0.001045 756.0
0.000271 -0.001045 757.0
0.000270 -0.001045 758.0
0.000269 -0.001045 759.0
0.000269 -0.001045 760.0
0.000268 -0.001044 761.0
0.000267 -0.001044 762.0
0.000266 -0.001044 763.0
0.000266 -0.001044 764.0
0.000265 -0.001044 765.0
0.000264 -0.001044 766.0
0.000263 -0.001044 767.0
0.000263 -0.001044 768.0
0.000262 -0.001044 769.0
0.000261 -0.001044 770.0
0.000261 -0.001044 771.0
0.000260 -0.001044 772.0
0.000259 -0.001044 773.0
0.000258 -0.001044 774.0
0.000258 -0.001044 775.0
0.000257 -0.001044 776.0
0.000256 -0.001044 777.0
0.000255 -0.001044 778.0
0.000255 -0.001044 779.0
0.000254 -0.001044 780.0
0.000253 -0.001044 781.0
0.000252 -0.001044 782.0
0.000252 -0.001044 783.0
0.000251 -0.001044 784.0
0.000250 -0.001044 785.0
0.000249 -0.001044 786.0
0.000249 -0.001044 787.0
0.000248 -0.001043 788.0
0.000247 -0.001043 789.0
0.000246 -0.001043 790.0
0.000246 -0.001043 791.0
0.000245 -0.001043 792.0
0.000244 -0.001043 793.0
0.000244 -0.001043 794.0
0.000243 -0.001043 795.0
0.000242 -0.001043 796.0
0.000241 -0.001043 797.0
0.000241 -0.001043 798.0
0.000240 -0.001043 799.0
0.000239 -0.001043 800.0
0.000238 -0.001043 801.0
0.000238 -0.001043 802.0
0.000237 -0.001043 803.0
0.000236 -0.001043 804.0
0.000235 -0.001043 805.0
0.000235 -0.001043 806.0
0.000234 -0.001043 807.0
0.000233 -0.001043 808.0
0.000232 -0.001043 809.0
0.000232 -0.001043 810.0
0.000231 -0.001043 811.0
0.000230 -0.001043 812.0
0.000229 -0.001043 813.0
0.000229 -0.001042 814.0
0.000228 -0.001042 815.0
0.000227 -0.001042 816.0
0.000227 -0.001042 817.0
0.000226 -0.001042 818.0
0.000225 -0.001042 819.0
0.000224 -0.001042 820.0
0.000224 -0.001042 821.0
0.000223 -0.001042 822.0
0.000222 -0.001042 823.0
0.000221 -0.001042 824.0
0.000221 -0.001042 825.0
0.000220 -0.001042 826.0
0.000219 -0.001042 827.0
0.000218 -0.001042 828.0
0.000218 -0.001042 829.0
0.000217 -0.001042 830.0
0.000216 -0.001042 831.0
0.000215 -0.001042 832.0
0.000215 -0.001044 833.0
0.000214 -0.001043 834.0
0.000213 -0.001043 835.0
0.000212 -0.001042 836.0
0.000210 -0.001042 837.0
0.000209 -0.001041 838.0
0.000208 -0.001041 839.0
0.000207 -0.001040 840.0
0.000205 -0.001040 841.0
0.000204 -0.001039 842.0
0.000203 -0.001039 843.0
0.000201 -0.001038 844.0
0.000200 -0.001038 845.0
0.000199 -0.001037 846.0
0.000198 -0.001037 847.0
0.000196 -0.001036 848.0
0.000195 -0.001036 849.0
0.000194 -0.001035 850.0
0.000193 -0.001035 851.0
0.000191 -0.001034 852.0
0.000190 -0.001034 853.0
0.000189 -0.001033 854.0
0.000188 -0.001033 855.0
0.000186 -0.001032 856.0
0.000185 -0.001032 857.0
0.000184 -0.001031 858.0
0.000183 -0.001031 859.0
0.000181 -0.001030 860.0
0.000180 -0.001030 861.0
0.000179 -0.001029 862.0
0.000178 -0.001029 863.0
0.000176 -0.001028 864.0
0.000175 -0.001028 865.0
0.000174 -0.001027 866.0
0.000173 -0.001027 867.0
0.000171 -0.001026 868.0
0.000170 -0.001026 869.0
0.000169 -0.001025 870.0
0.000167 -0.001025 871.0
0.000166 -0.001024 872.0
0.000165 -0.001024 873.0
0.000164 -0.001023 874.0
0.000162 -0.001023 875.0
0.000161 -0.001022 876.0
0.000160 -0.001022 877.0
0.000159 -0.001026 878.0
0.000159 -0.001026 879.0
0.000159 -0.001026 880.0
0.000159 -0.001026 881.0
0.000159 -0.001026 882.0
0.000159 -0.001026 883.0
0.000158 -0.001026 884.0
0.000158 -0.001025 885.0
0.000158 -0.001025 886.0
0.000158 -0.001025 887.0
0.000158 -0.001025 888.0
0.000158 -0.001025 889.0
0.000158 -0.001025 890.0
0.000158 -0.001025 891.0
0.000158 -0.001025 892.0
0.000158 -0.001025 893.0
0.000158 -0.001025 894.0
0.000158 -0.001024 895.0
0.000157 -0.001024 896.0
0.000157 -0.001024 897.0
0.000157 -0.001024 898.0
0.000157 -0.001024 899.0
0.000157 -0.001024 900.0
0.000157 -0.001024 901.0
0.000157 -0.001024 902.0
0.000157 -0.001024 903.0
0.000157 -0.001024 904.0
0.000157 -0.001023 905.0
0.000157 -0.001023 906.0
0.000157 -0.001023 907.0
0.000156 -0.001023 908.0
0.000156 -0.001023 909.0
0.000156 -0.001023 910.0
0.000156 -0.001023 911.0
0.000156 -0.001023 912.0
0.000156 -0.001023 913.0
0.000156 -0.001023 914.0
0.000156 -0.001022 915.0
0.000156 -0.001022 916.0
0.000156 -0.001022 917.0
0.000156 -0.001022 918.0
0.000156 -0.001022 919.0
0.000155 -0.001022 920.0
0.000155 -0.001022 921.0
0.000155 -0.001022 922.0
0.000155 -0.001022 923.0
0.000155 -0.001022 924.0
0.000155 -0.001021 925.0
0.000155 -0.001021 926.0
0.000155 -0.001021 927.0
0.000155 -0.001021 928.0
0.000155 -0.001021 929.0
0.000155 -0.001021 930.0
0.000155 -0.001021 931.0
0.000155 -0.001021 932.0
0.000154 -0.001021 933.0
0.000154 -0.001021 934.0
0.000154 -0.001020 935.0
0.000154 -0.001020 936.0
0.000154 -0.001020 937.0
0.000154 -0.001020 938.0
0.000154 -0.001021 939.0
0.000153 -0.001021 940.0
0.000153 -0.001020 941.0
0.000153 -0.001020 942.0
0.000153 -0.001020 943.0
0.000153 -0.001019 944.0
0.000152 -0.001019 945.0
0.000152 -0.001019 946.0
0.000152 -0.001019 947.0
0.000152 -0.001018 948.0
0.000152 -0.001018 949.0
0.000151 -0.001018 950.0
0.000151 -0.001018 951.0
0.000151 -0.001017 952.0
0.000151 -0.001017 953.0
0.000151 -0.001017 954.0
0.000150 -0.001017 955.0
0.000150 -0.001016 956.0
0.000150 -0.001016 957.0
0.000150 -0.001016 958.0
0.000150 -0.001015 959.0
0.000149 -0.001015 960.0
0.000149 -0.001015 961.0
0.000149 -0.001015 962.0
0.000149 -0.001014 963.0
0.000149 -0.001014 964.0
0.000148 -0.001014 965.0
0.000148 -0.001014 966.0
0.000148 -0.001013 967.0
0.000148 -0.001013 968.0
0.000148 -0.001013 969.0
0.000147 -0.001012 970.0
0.000147 -0.001012 971.0
0.000147 -0.001012 972.0
0.000147 -0.001012 973.0
0.000147 -0.001011 974.0
0.000146 -0.001011 975.0
0.000146 -0.001011 976.0
0.000146 -0.001011 977.0
0.000146 -0.001010 978.0
0.000146 -0.001010 979.0
0.000145 -0.001010 980.0
0.000145 -0.001009 981.0
0.000145 -0.001009 982.0
0.000145 -0.001009 983.0
0.000145 -0.001009 984.0
0.000144 -0.001008 985.0
0.000144 -0.001008 986.0
0.000144 -0.001008 987.0
0.000144 -0.001008 988.0
0.000144 -0.001007 989.0
0.000143 -0.001007 990.0
0.000143 -0.001007 991.0
0.000143 -0.001006 992.0
0.000143 -0.001006 993.0
0.000143 -0.001006 994.0
0.000142 -0.001006 995.0
0.000142 -0.001005 996.0
0.000142 -0.001005 997.0
0.000142 -0.001005 998.0
0.000142 -0.001005 999.0
0.000141 -0.001004 1000.0
0.000141 -0.001004 1001.0
0.000141 -0.001004 1002.0
0.000141 -0.001003 1003.0
0.000141 -0.001003 1004.0
0.000140 -0.001003 1005.0
0.000140 -0.001003 1006.0
0.000140 -0.001002 1007.0
0.000140 -0.001002 1008.0
0.000140 -0.001002 1009.0
0.000139 -0.001002 1010.0
0.000139 -0.001001 1011.0
0.000139 -0.001001 1012.0
0.000139 -0.001001 1013.0
0.000139 -0.001001 1014.0
0.000138 -0.001000 1015.0
0.000138 -0.001000 1016.0
0.000138 -0.001000 1017.0
0.000138 -0.000999 1018.0
0.000138 -0.000999 1019.0
0.000137 -0.000999 1020.0
0.000137 -0.000999 1021.0
0.000137 -0.000998 1022.0
0.000137 -0.000998 1023.0
0.000137 -0.000998 1024.0
0.000136 -0.000998 1025.0
0.000134 -0.001000 1026.0
0.000134 -0.001000 1027.0
0.000134 -0.001000 1028.0
0.000134 -0.001000 1029.0
0.000134 -0.001000 1030.0
0.000134 -0.001000 1031.0
0.000134 -0.001000 1032.0
0.000134 -0.001000 1033.0
0.000134 -0.001000 1034.0
0.000134 -0.001000 1035.0
0.000134 -0.001000 1036.0
0.000134 -0.001000 1037.0
0.000134 -0.001000 1038.0
0.000134 -0.001000 1039.0
0.000134 -0.001000 1040.0
0.000134 -0.001000 1041.0
0.000134 -0.001000 1042.0
0.000134 -0.001000 1043.0
0.000134 -0.001000 1044.0
0.000134 -0.001000 1045.0
0.000134 -0.001000 1046.0
0.000134 -0.001000 1047.0
0.000134 -0.001000 1048.0
0.000134 -0.001000 1049.0
0.000134 -0.001000 1050.0
0.000134 -0.001000 1051.0
0.000134 -0.001000 1052.0
0.000134 -0.001000 1053.0
0.000134 -0.001000 1054.0
0.000134 -0.001000 1055.0
0.000134 -0.001000 1056.0
0.000134 -0.001000 1057.0
0.000134 -0.001000 1058.0
0.000134 -0.001000 1059.0
0.000134 -0.001000 1060.0
0.000134 -0.001000 1061.0
0.000134 -0.001000 1062.0
0.000134 -0.001000 1063.0
0.000134 -0.001000 1064.0
0.000134 -0.001000 1065.0
0.000134 -0.001000 1066.0
0.000134 -0.001000 1067.0
0.000134 -0.001000 1068.0
0.000134 -0.001000 1069.0
0.000134 -0.001000 1070.0
0.000134 -0.001000 1071.0
0.000134 -0.001000 1072.0
0.000134 -0.001000 1073.0
0.000134 -0.001000 1074.0
0.000134 -0.001000 1075.0
0.000134 -0.001000 1076.0
0.000134 -0.001000 1077.0
0.000134 -0.001000 1078.0
0.000134 -0.001000 1079.0
0.000134 -0.001000 1080.0
0.000134 -0.001000 1081.0
0.000134 -0.001000 1082.0
0.000134 -0.001000 1083.0
0.000134 -0.001000 1084.0
0.000134 -0.001000 1085.0
0.000134 -0.001000 1086.0
0.000134 -0.001000 1087.0
0.000134 -0.001000 1088.0
0.000134 -0.001000 1089.0
0.000134 -0.001000 1090.0
0.000134 -0.001000 1091.0
0.000134 -0.001000 1092.0
0.000134 -0.001000 1093.0
0.000134 -0.001000 1094.0
0.000134 -0.001000 1095.0
0.000134 -0.001000 1096.0
0.000134 -0.001000 1097.0
0.000134 -0.001000 1098.0
0.000134 -0.001000 1099.0
0.000134 -0.001000 1100.0
0.000134 -0.001000 1101.0
0.000134 -0.001000 1102.0
0.000134 -0.001000 1103.0
0.000134 -0.001000 1104.0
0.000134 -0.001000 1105.0
0.000134 -0.001000 1106.0
0.000134 -0.001000 1107.0
0.000134 -0.001000 1108.0
0.000134 -0.001000 1109.0
0.000134 -0.001000 1110.0
0.000134 -0.001000 1111.0
0.000134 -0.001000 1112.0
0.000134 -0.001000 1113.0
0.000134 -0.001000 1114.0
0.000134 -0.001000 1115.0
0.000134 -0.001000 1116.0
0.000134 -0.001000 1117.0
0.000134 -0.001000 1118.0
0.000134 -0.001000 1119.0
0.000134 -0.001000 1120.0
0.000134 -0.001000 1121.0
0.000134 -0.001000 1122.0
0.000134 -0.001000 1123.0
0.000134 -0.001000 1124.0
0.000134 -0.001000 1125.0
0.000134 -0.001000 1126.0
0.000134 -0.001000 1127.0
0.000135 -0.001000 1128.0
0.000135 -0.001000 1129.0
0.000135 -0.001000 1130.0
0.000135 -0.001001 1131.0
0.000135 -0.001001 1132.0
0.000135 -0.001001 1133.0
0.000135 -0.001001 1134.0
0.000135 -0.001001 1135.0
0.000135 -0.001001 1136.0
0.000135 -0.001001 1137.0
0.000135 -0.001001 1138.0
0.000135 -0.001002 1139.0
0.000136 -0.001002 1140.0
0.000136 -0.001002 1141.0
0.000136 -0.001002 1142.0
0.000136 -0.001002 1143.0
0.000136 -0.001002 1144.0
0.000136 -0.001002 1145.0
0.000136 -0.001003 1146.0
0.000136 -0.001003 1147.0
0.000136 -0.001003 1148.0
0.000136 -0.001003 1149.0
0.000136 -0.001003 1150.0
0.000137 -0.001003 1151.0
0.000137 -0.001003 1152.0
0.000137 -0.001003 1153.0
0.000137 -0.001004 1154.0
0.000137 -0.001004 1155.0
0.000137 -0.001004 1156.0
0.000137 -0.001004 1157.0
0.000137 -0.001004 1158.0
0.000137 -0.001004 1159.0
0.000137 -0.001004 1160.0
0.000137 -0.001005 1161.0
0.000138 -0.001005 1162.0
0.000138 -0.001005 1163.0
0.000138 -0.001005 1164.0
0.000138 -0.001005 1165.0
0.000138 -0.001005 1166.0
0.000138 -0.001005 1167.0
0.000138 -0.001005 1168.0
0.000138 -0.001006 1169.0
0.000138 -0.001006 1170.0
0.000138 -0.001006 1171.0
0.000138 -0.001006 1172.0
0.000138 -0.001006 1173.0
0.000139 -0.001006 1174.0
0.000139 -0.001006 1175.0
0.000139 -0.001006 1176.0
0.000139 -0.001007 1177.0
0.000139 -0.001007 1178.0
0.000139 -0.001007 1179.0
0.000139 -0.001007 1180.0
0.000139 -0.001007 1181.0
0.000139 -0.001007 1182.0
0.000139 -0.001007 1183.0
0.000139 -0.001008 1184.0
0.000140 -0.001008 1185.0
0.000140 -0.001008 1186.0
0.000140 -0.001007 1187.0
0.000140 -0.001007 1188.0
0.000140 -0.001007 1189.0
0.000140 -0.001007 1190.0
0.000140 -0.001007 1191.0
0.000140 -0.001007 1192.0
0.000140 -0.001007 1193.0
0.000140 -0.001007 1194.0
0.000140 -0.001007 1195.0
0.000140 -0.001007 1196.0
0.000140 -0.001007 1197.0
0.000140 -0.001007 1198.0
0.000140 -0.001007 1199.0
0.000140 -0.001007 1200.0
0.000140 -0.001007 1201.0
0.000140 -0.001007 1202.0
0.000140 -0.001007 1203.0
0.000140 -0.001007 1204.0
0.000140 -0.001007 1205.0
0.000140 -0.001007 1206.0
0.000140 -0.001007 1207.0
0.000140 -0.001007 1208.0
0.000140 -0.001007 1209.0
0.000140 -0.001007 1210.0
0.000140 -0.001007 1211.0
0.000140 -0.001007 1212.0
0.000140 -0.001008 1213.0
0.000140 -0.001008 1214.0
0.000140 -0.001008 1215.0
0.000140 -0.001008 1216.0
0.000140 -0.001008 1217.0
0.000140 -0.001008 1218.0
0.000140 -0.001008 1219.0
0.000140 -0.001008 1220.0
0.000140 -0.001008 1221.0
0.000140 -0.001008 1222.0
0.000140 -0.001008 1223.0
0.000140 -0.001008 1224.0
0.000140 -0.001008 1225.0
0.000140 -0.001008 1226.0
0.000140 -0.001008 1227.0
0.000140 -0.001008 1228.0
0.000140 -0.001008 1229.0
0.000140 -0.001008 1230.0
0.000140 -0.001008 1231.0
0.000140 -0.001008 1232.0
0.000140 -0.001008 1233.0
0.000140 -0.001008 1234.0
0.000140 -0.001008 1235.0
0.000140 -0.001008 1236.0
0.000140 -0.001008 1237.0
0.000140 -0.001008 1238.0
0.000140 -0.001008 1239.0
0.000140 -0.001008 1240.0
0.000140 -0.001008 1241.0
0.000140 -0.001008 1242.0
0.000140 -0.001008 1243.0
0.000140 -0.001008 1244.0
0.000140 -0.001008 1245.0
0.000140 -0.001008 1246.0
0.000140 -0.001008 1247.0
0.000140 -0.001008 1248.0
0.000140 -0.001008 1249.0
0.000140 -0.001008 1250.0
0.000140 -0.001008 1251.0
0.000140 -0.001008 1252.0
0.000140 -0.001008 1253.0
0.000140 -0.001008 1254.0
0.000140 -0.001008 1255.0
0.000140 -0.001008 1256.0
0.000140 -0.001008 1257.0
0.000140 -0.001008 1258.0
0.000140 -0.001008 1259.0
0.000140 -0.001008 1260.0
0.000140 -0.001008 1261.0
0.000140 -0.001008 1262.0
0.000140 -0.001008 1263.0
0.000140 -0.001008 1264.0
0.000140 -0.001008 1265.0
0.000140 -0.001008 1266.0
0.000140 -0.001008 1267.0
0.000140 -0.001008 1268.0
0.000140 -0.001008 1269.0
0.000140 -0.001008 1270.0
0.000140 -0.001008 1271.0
0.000140 -0.001008 1272.0
0.000140 -0.001008 1273.0
0.000140 -0.001008 1274.0
0.000140 -0.001008 1275.0
0.000140 -0.001008 1276.0
0.000140 -0.001008 1277.0
0.000140 -0.001008 1278.0
0.000140 -0.001008 1279.0
0.000140 -0.001008 1280.0
0.000140 -0.001008 1281.0
0.000140 -0.001008 1282.0
0.000140 -0.001008 1283.0
0.000140 -0.001008 1284.0
0.000140 -0.001008 1285.0
0.000140 -0.001008 1286.0
0.000140 -0.001008 1287.0
0.000140 -0.001008 1288.0
0.000140 -0.001008 1289.0
0.000140 -0.001008 1290.0
0.000140 -0.001008 1291.0
0.000140 -0.001008 1292.0
0.000140 -0.001008 1293.0
0.000140 -0.001008 1294.0
0.000140 -0.001008 1295.0
0.000140 -0.001008 1296.0
0.000140 -0.001008 1297.0
0.000140 -0.001008 1298.0
0.000140 -0.001008 1299.0
0.000140 -0.001008 1300.0
0.000140 -0.001008 1301.0
0.000140 -0.001008 1302.0
0.000140 -0.001008 1303.0
0.000140 -0.001008 1304.0
0.000140 -0.001008 1305.0
0.000140 -0.001008 1306.0
0.000140 -0.001008 1307.0
0.000140 -0.001008 1308.0
0.000140 -0.001008 1309.0
0.000140 -0.001008 1310.0
0.000140 -0.001008 1311.0
0.000140 -0.001008 1312.0
0.000140 -0.001008 1313.0
0.000140 -0.001008 1314.0
0.000140 -0.001008 1315.0
0.000140 -0.001008 1316.0
0.000140 -0.001008 1317.0
0.000140 -0.001008 1318.0
0.000140 -0.001008 1319.0
0.000140 -0.001008 1320.0
0.000140 -0.001008 1321.0
0.000140 -0.001008 1322.0
0.000140 -0.001008 1323.0
0.000140 -0.001008 1324.0
0.000140 -0.001008 1325.0
0.000140 -0.001008 1326.0
0.000140 -0.001008 1327.0
0.000140 -0.001008 1328.0
0.000140 -0.001008 1329.0
0.000140 -0.001008 1330.0
0.000140 -0.001008 1331.0
0.000140 -0.001008 1332.0
0.000140 -0.001008 1333.0
0.000140 -0.001008 1334.0
0.000140 -0.001008 1335.0
0.000140 -0.001008 1336.0
0.000140 -0.001008 1337.0
0.000140 -0.001008 1338.0
0.000140 -0.001008 1339.0
0.000140 -0.001008 1340.0
0.000140 -0.001008 1341.0
0.000140 -0.001008 1342.0
0.000140 -0.001008 1343.0
0.000140 -0.001008 1344.0
0.000140 -0.001008 1345.0
0.000140 -0.001007 1346.0
0.000140 -0.001007 1347.0
0.000140 -0.001006 1348.0
0.000140 -0.001006 1349.0
0.000140 -0.001006 1350.0
0.000140 -0.001005 1351.0
0.000140 -0.001005 1352.0
0.000140 -0.001004 1353.0
0.000140 -0.001004 1354.0
0.000140 -0.001004 1355.0
0.000140 -0.001003 1356.0
0.000139 -0.001003 1357.0
0.000139 -0.001002 1358.0
0.000139 -0.001002 1359.0
0.000139 -0.001001 1360.0
0.000139 -0.001001 1361.0
0.000139 -0.001001 1362.0
0.000139 -0.001000 1363.0
0.000139 -0.001000 1364.0
0.000139 -0.000999 1365.0
0.000139 -0.000999 1366.0
0.000139 -0.000999 1367.0
0.000139 -0.000998 1368.0
0.000138 -0.000998 1369.0
0.000138 -0.000997 1370.0
0.000138 -0.000997 1371.0
0.000138 -0.000996 1372.0
0.000138 -0.000996 1373.0
0.000138 -0.000996 1374.0
0.000138 -0.000995 1375.0
0.000138 -0.000995 1376.0
0.000138 -0.000994 1377.0
0.000138 -0.000994 1378.0
0.000138 -0.000994 1379.0
0.000138 -0.000993 1380.0
0.000138 -0.000993 1381.0
0.000137 -0.000992 1382.0
0.000137 -0.000992 1383.0
0.000137 -0.000991 1384.0
0.000137 -0.000991 1385.0
0.000137 -0.000991 1386.0
0.000137 -0.000990 1387.0
0.000137 -0.000990 1388.0
0.000137 -0.000989 1389.0
0.000137 -0.000989 1390.0
0.000137 -0.000989 1391.0
0.000137 -0.000988 1392.0
0.000137 -0.000988 1393.0
0.000136 -0.000987 1394.0
0.000136 -0.000987 1395.0
0.000136 -0.000986 1396.0
0.000136 -0.000986 1397.0
0.000136 -0.000986 1398.0
0.000136 -0.000985 1399.0
0.000136 -0.000985 1400.0
0.000136 -0.000984 1401.0
0.000136 -0.000984 1402.0
0.000136 -0.000984 1403.0
0.000136 -0.000983 1404.0
0.000135 -0.000983 1405.0
0.000134 -0.000983 1406.0
0.000134 -0.000982 1407.0
0.000133 -0.000982 1408.0
0.000133 -0.000981 1409.0
0.000132 -0.000981 1410.0
0.000132 -0.000980 1411.0
0.000132 -0.000980 1412.0
0.000131 -0.000979 1413.0
0.000131 -0.000979 1414.0
0.000130 -0.000978 1415.0
0.000130 -0.000978 1416.0
0.000130 -0.000977 1417.0
0.000129 -0.000977 1418.0
0.000129 -0.000976 1419.0
0.000128 -0.000976 1420.0
0.000128 -0.000975 1421.0
0.000127 -0.000975 1422.0
0.000127 -0.000974 1423.0
0.000127 -0.000974 1424.0
0.000126 -0.000973 1425.0
0.000126 -0.000973 1426.0
0.000125 -0.000972 1427.0
0.000125 -0.000972 1428.0
0.000124 -0.000971 1429.0
0.000124 -0.000971 1430.0
0.000124 -0.000970 1431.0
0.000123 -0.000970 1432.0
0.000123 -0.000969 1433.0
0.000122 -0.000968 1434.0
0.000122 -0.000968 1435.0
0.000122 -0.000967 1436.0
0.000120 -0.000969 1437.0
0.000120 -0.000968 1438.0
0.000120 -0.000967 1439.0
0.000120 -0.000966 1440.0
0.000120 -0.000965 1441.0
0.000119 -0.000964 1442.0
0.000119 -0.000963 1443.0
0.000119 -0.000963 1444.0
0.000119 -0.000962 1445.0
0.000119 -0.000961 1446.0
0.000119 -0.000960 1447.0
0.000119 -0.000959 1448.0
0.000119 -0.000958 1449.0
0.000118 -0.000957 1450.0
0.000118 -0.000956 1451.0
0.000118 -0.000955 1452.0
0.000118 -0.000954 1453.0
0.000118 -0.000953 1454.0
0.000118 -0.000952 1455.0
0.000118 -0.000951 1456.0
0.000118 -0.000950 1457.0
0.000117 -0.000949 1458.0
0.000117 -0.000948 1459.0
0.000117 -0.000947 1460.0
0.000117 -0.000946 1461.0
0.000117 -0.000945 1462.0
0.000117 -0.000944 1463.0
0.000117 -0.000943 1464.0
0.000117 -0.000942 1465.0
0.000116 -0.000941 1466.0
0.000116 -0.000940 1467.0
0.000116 -0.000939 1468.0
0.000116 -0.000938 1469.0
0.000116 -0.000937 1470.0
0.000116 -0.000936 1471.0
0.000116 -0.000935 1472.0
0.000116 -0.000934 1473.0
0.000115 -0.000933 1474.0
0.000115 -0.000932 1475.0
0.000115 -0.000931 1476.0
0.000115 -0.000930 1477.0
0.000115 -0.000929 1478.0
0.000115 -0.000928 1479.0
0.000115 -0.000927 1480.0
0.000114 -0.000926 1481.0
0.000114 -0.000925 1482.0
0.000114 -0.000924 1483.0
0.000114 -0.000923 1484.0
0.000114 -0.000922 1485.0
0.000114 -0.000921 1486.0
0.000114 -0.000920 1487.0
0.000114 -0.000919 1488.0
0.000113 -0.000918 1489.0
0.000113 -0.000917 1490.0
0.000113 -0.000916 1491.0
0.000113 -0.000915 1492.0
0.000113 -0.000914 1493.0
0.000113 -0.000913 1494.0
0.000113 -0.000912 1495.0
0.000113 -0.000911 1496.0
0.000112 -0.000910 1497.0
0.000112 -0.000909 1498.0
0.000112 -0.000908 1499.0
0.000112 -0.000907 1500.0
0.000112 -0.000906 1501.0
0.000112 -0.000905 1502.0
0.000112 -0.000904 1503.0
0.000112 -0.000903 1504.0
0.000111 -0.000902 1505.0
0.000111 -0.000901 1506.0
0.000111 -0.000900 1507.0
0.000111 -0.000899 1508.0
0.000111 -0.000898 1509.0
0.000111 -0.000897 1510.0
0.000111 -0.000897 1511.0
0.000111 -0.000896 1512.0
0.000110 -0.000895 1513.0
0.000110 -0.000894 1514.0
0.000110 -0.000893 1515.0
0.000110 -0.000892 1516.0
0.000107 -0.000892 1517.0
0.000109 -0.000891 1518.0
0.000111 -0.000889 1519.0
0.000112 -0.000888 1520.0
0.000114 -0.000887 1521.0
0.000116 -0.000885 1522.0
0.000117 -0.000884 1523.0
0.000119 -0.000883 1524.0
0.000121 -0.000881 1525.0
0.000122 -0.000880 1526.0
0.000124 -0.000879 1527.0
0.000125 -0.000877 1528.0
0.000127 -0.000876 1529.0
0.000129 -0.000875 1530.0
0.000130 -0.000873 1531.0
0.000132 -0.000872 1532.0
0.000134 -0.000871 1533.0
0.000135 -0.000869 1534.0
0.000137 -0.000868 1535.0
0.000139 -0.000867 1536.0
0.000140 -0.000865 1537.0
0.000142 -0.000864 1538.0
0.000143 -0.000863 1539.0
0.000145 -0.000861 1540.0
0.000147 -0.000860 1541.0
0.000148 -0.000859 1542.0
0.000150 -0.000857 1543.0
0.000152 -0.000856 1544.0
0.000153 -0.000855 1545.0
0.000155 -0.000853 1546.0
0.000157 -0.000852 1547.0
0.000158 -0.000851 1548.0
0.000160 -0.000849 1549.0
0.000162 -0.000848 1550.0
0.000163 -0.000847 1551.0
0.000165 -0.000845 1552.0
0.000166 -0.000844 1553.0
0.000168 -0.000843 1554.0
0.000170 -0.000841 1555.0
0.000171 -0.000840 1556.0
0.000173 -0.000838 1557.0
0.000175 -0.000837 1558.0
0.000176 -0.000836 1559.0
0.000178 -0.000834 1560.0
0.000180 -0.000833 1561.0
0.000181 -0.000832 1562.0
0.000183 -0.000830 1563.0
0.000184 -0.000829 1564.0
0.000186 -0.000828 1565.0
0.000188 -0.000826 1566.0
0.000189 -0.000825 1567.0
0.000191 -0.000824 1568.0
0.000193 -0.000822 1569.0
0.000194 -0.000821 1570.0
0.000196 -0.000820 1571.0
0.000201 -0.000831 1572.0
0.000202 -0.000829 1573.0
0.000204 -0.000827 1574.0
0.000205 -0.000824 1575.0
0.000206 -0.000822 1576.0
0.000207 -0.000820 1577.0
0.000208 -0.000818 1578.0
0.000209 -0.000816 1579.0
0.000211 -0.000814 1580.0
0.000212 -0.000811 1581.0
0.000213 -0.000809 1582.0
0.000214 -0.000807 1583.0
0.000215 -0.000805 1584.0
0.000216 -0.000803 1585.0
0.000218 -0.000800 1586.0
0.000219 -0.000798 1587.0
0.000220 -0.000796 1588.0
0.000221 -0.000794 1589.0
0.000222 -0.000792 1590.0
0.000223 -0.000789 1591.0
0.000225 -0.000787 1592.0
0.000226 -0.000785 1593.0
0.000227 -0.000783 1594.0
0.000228 -0.000781 1595.0
0.000229 -0.000778 1596.0
0.000231 -0.000776 1597.0
0.000232 -0.000774 1598.0
0.000233 -0.000772 1599.0
0.000234 -0.000770 1600.0
0.000235 -0.000767 1601.0
0.000236 -0.000765 1602.0
0.000238 -0.000763 1603.0
0.000239 -0.000761 1604.0
0.000240 -0.000759 1605.0
0.000241 -0.000756 1606.0
0.000242 -0.000754 1607.0
0.000243 -0.000752 1608.0
0.000245 -0.000750 1609.0
0.000246 -0.000748 1610.0
0.000247 -0.000745 1611.0
0.000248 -0.000743 1612.0
0.000249 -0.000741 1613.0
0.000250 -0.000739 1614.0
0.000252 -0.000737 1615.0
0.000253 -0.000734 1616.0
0.000254 -0.000732 1617.0
0.000255 -0.000730 1618.0
0.000256 -0.000728 1619.0
0.000257 -0.000726 1620.0
0.000259 -0.000723 1621.0
0.000268 -0.000732 1622.0
0.000268 -0.000729 1623.0
0.000268 -0.000726 1624.0
0.000268 -0.000723 1625.0
0.000268 -0.000720 1626.0
0.000268 -0.000718 1627.0
0.000268 -0.000715 1628.0
0.000268 -0.000712 1629.0
0.000268 -0.000709 1630.0
0.000268 -0.000706 1631.0
0.000268 -0.000703 1632.0
0.000268 -0.000700 1633.0
0.000269 -0.000698 1634.0
0.000269 -0.000695 1635.0
0.000269 -0.000692 1636.0
0.000269 -0.000689 1637.0
0.000269 -0.000686 1638.0
0.000269 -0.000683 1639.0
0.000269 -0.000680 1640.0
0.000269 -0.000678 1641.0
0.000269 -0.000675 1642.0
0.000269 -0.000672 1643.0
0.000269 -0.000669 1644.0
0.000269 -0.000666 1645.0
0.000269 -0.000663 1646.0
0.000269 -0.000660 1647.0
0.000269 -0.000658 1648.0
0.000269 -0.000655 1649.0
0.000270 -0.000652 1650.0
0.000270 -0.000649 1651.0
0.000270 -0.000646 1652.0
0.000270 -0.000643 1653.0
0.000270 -0.000640 1654.0
0.000270 -0.000638 1655.0
0.000270 -0.000635 1656.0
0.000270 -0.000632 1657.0
0.000270 -0.000629 1658.0
0.000270 -0.000626 1659.0
0.000270 -0.000623 1660.0
0.000270 -0.000620 1661.0
0.000270 -0.000618 1662.0
0.000270 -0.000615 1663.0
0.000270 -0.000612 1664.0
0.000271 -0.000609 1665.0
0.000271 -0.000606 1666.0
0.000271 -0.000606 1667.0
0.000272 -0.000604 1668.0
0.000274 -0.000603 1669.0
0.000275 -0.000601 1670.0
0.000276 -0.000600 1671.0
0.000277 -0.000598 1672.0
0.000278 -0.000596 1673.0
0.000280 -0.000595 1674.0
0.000281 -0.000593 1675.0
0.000282 -0.000591 1676.0
0.000283 -0.000590 1677.0
0.000284 -0.000588 1678.0
0.000285 -0.000586 1679.0
0.000287 -0.000585 1680.0
0.000288 -0.000583 1681.0
0.000289 -0.000581 1682.0
0.000290 -0.000580 1683.0
0.000291 -0.000578 1684.0
0.000292 -0.000577 1685.0
0.000294 -0.000575 1686.0
0.000295 -0.000573 1687.0
0.000296 -0.000572 1688.0
0.000297 -0.000570 1689.0
0.000298 -0.000568 1690.0
0.000300 -0.000567 1691.0
0.000301 -0.000565 1692.0
0.000302 -0.000563 1693.0
0.000303 -0.000562 1694.0
0.000304 -0.000560 1695.0
0.000305 -0.000558 1696.0
0.000307 -0.000557 1697.0
0.000308 -0.000555 1698.0
0.000309 -0.000554 1699.0
0.000310 -0.000552 1700.0
0.000311 -0.000550 1701.0
0.000312 -0.000549 1702.0
0.000314 -0.000547 1703.0
0.000315 -0.000545 1704.0
0.000316 -0.000544 1705.0
0.000317 -0.000542 1706.0
0.000318 -0.000540 1707.0
0.000320 -0.000539 1708.0
0.000321 -0.000537 1709.0
0.000322 -0.000535 1710.0
0.000323 -0.000534 1711.0
0.000324 -0.000532 1712.0
0.000325 -0.000531 1713.0
0.000327 -0.000529 1714.0
0.000328 -0.000527 1715.0
0.000329 -0.000526 1716.0
0.000330 -0.000524 1717.0
0.000331 -0.000522 1718.0
0.000332 -0.000521 1719.0
0.000334 -0.000519 1720.0
0.000335 -0.000517 1721.0
0.000336 -0.000516 1722.0
0.000337 -0.000514 1723.0
0.000338 -0.000512 1724.0
0.000339 -0.000511 1725.0
0.000341 -0.000509 1726.0
0.000349 -0.000520 1727.0
0.000350 -0.000520 1728.0
0.000351 -0.000520 1729.0
0.000352 -0.000520 1730.0
0.000353 -0.000520 1731.0
0.000353 -0.000521 1732.0
0.000354 -0.000521 1733.0
0.000355 -0.000521 1734.0
0.000356 -0.000521 1735.0
0.000357 -0.000521 1736.0
0.000358 -0.000521 1737.0
0.000359 -0.000522 1738.0
0.000359 -0.000522 1739.0
0.000360 -0.000522 1740.0
0.000361 -0.000522 1741.0
0.000362 -0.000522 1742.0
0.000363 -0.000522 1743.0
0.000364 -0.000523 1744.0
0.000365 -0.000523 1745.0
0.000365 -0.000523 1746.0
0.000366 -0.000523 1747.0
0.000367 -0.000523 1748.0
0.000368 -0.000523 1749.0
0.000369 -0.000523 1750.0
0.000370 -0.000524 1751.0
0.000371 -0.000524 1752.0
0.000372 -0.000524 1753.0
0.000372 -0.000524 1754.0
0.000373 -0.000524 1755.0
0.000374 -0.000524 1756.0
0.000375 -0.000525 1757.0
0.000376 -0.000525 1758.0
0.000377 -0.000525 1759.0
0.000378 -0.000525 1760.0
0.000378 -0.000525 1761.0
0.000379 -0.000525 1762.0
0.000380 -0.000526 1763.0
0.000381 -0.000526 1764.0
0.000382 -0.000526 1765.0
0.000383 -0.000526 1766.0
0.000384 -0.000526 1767.0
0.000385 -0.000526 1768.0
0.000385 -0.000527 1769.0
0.000386 -0.000527 1770.0
0.000387 -0.000527 1771.0
0.000388 -0.000527 1772.0
0.000389 -0.000527 1773.0
0.000390 -0.000527 1774.0
0.000391 -0.000528 1775.0
0.000391 -0.000528 1776.0
0.000392 -0.000528 1777.0
0.000393 -0.000528 1778.0
0.000394 -0.000528 1779.0
0.000395 -0.000528 1780.0
0.000396 -0.000529 1781.0
0.000397 -0.000529 1782.0
0.000397 -0.000529 1783.0
0.000398 -0.000529 1784.0
0.000399 -0.000529 1785.0
0.000400 -0.000529 1786.0
0.000400 -0.000527 1787.0
0.000400 -0.000527 1788.0
0.000400 -0.000527 1789.0
0.000400 -0.000527 1790.0
0.000400 -0.000527 1791.0
0.000400 -0.000527 1792.0
0.000400 -0.000527 1793.0
0.000400 -0.000527 1794.0
0.000400 -0.000527 1795.0
0.000400 -0.000527 1796.0
0.000400 -0.000527 1797.0
0.000400 -0.000527 1798.0
0.000400 -0.000527 1799.0
0.000400 -0.000528 1800.0
0.000400 -0.000529 1801.0
0.000400 -0.000529 1802.0
0.000400 -0.000530 1803.0
0.000400 -0.000531 1804.0
0.000400 -0.000531 1805.0
0.000400 -0.000532 1806.0
0.000400 -0.000532 1807.0
0.000400 -0.000533 1808.0
0.000400 -0.000534 1809.0
0.000400 -0.000534 1810.0
0.000400 -0.000535 1811.0
0.000400 -0.000536 1812.0
0.000400 -0.000536 1813.0
0.000400 -0.000537 1814.0
0.000400 -0.000537 1815.0
0.000400 -0.000538 1816.0
0.000400 -0.000539 1817.0
0.000400 -0.000539 1818.0
0.000400 -0.000540 1819.0
0.000400 -0.000541 1820.0
0.000400 -0.000541 1821.0
0.000400 -0.000542 1822.0
0.000400 -0.000542 1823.0
0.000400 -0.000543 1824.0
0.000400 -0.000544 1825.0
0.000400 -0.000544 1826.0
0.000400 -0.000545 1827.0
0.000400 -0.000546 1828.0
0.000399 -0.000546 1829.0
0.000399 -0.000546 1830.0
0.000399 -0.000546 1831.0
0.000399 -0.000547 1832.0
0.000399 -0.000547 1833.0
0.000399 -0.000547 1834.0
0.000399 -0.000548 1835.0
0.000399 -0.000548 1836.0
0.000399 -0.000548 1837.0
0.000399 -0.000549 1838.0
0.000399 -0.000549 1839.0
0.000399 -0.000549 1840.0
0.000399 -0.000550 1841.0
0.000399 -0.000550 1842.0
0.000399 -0.000550 1843.0
0.000400 -0.000551 1844.0
0.000400 -0.000551 1845.0
0.000400 -0.000551 1846.0
0.000400 -0.000552 1847.0
0.000400 -0.000552 1848.0
0.000400 -0.000552 1849.0
0.000400 -0.000553 1850.0
0.000400 -0.000553 1851.0
0.000400 -0.000553 1852.0
0.000400 -0.000554 1853.0
0.000400 -0.000554 1854.0
0.000400 -0.000554 1855.0
0.000400 -0.000555 1856.0
0.000400 -0.000555 1857.0
0.000400 -0.000555 1858.0
0.000400 -0.000556 1859.0
0.000400 -0.000556 1860.0
0.000400 -0.000556 1861.0
0.000400 -0.000557 1862.0
0.000400 -0.000557 1863.0
0.000400 -0.000557 1864.0
0.000400 -0.000558 1865.0
0.000400 -0.000558 1866.0
0.000400 -0.000558 1867.0
0.000400 -0.000559 1868.0
0.000400 -0.000559 1869.0
0.000400 -0.000559 1870.0
0.000400 -0.000560 1871.0
0.000400 -0.000560 1872.0
0.000400 -0.000560 1873.0
0.000400 -0.000561 1874.0
0.000400 -0.000561 1875.0
0.000400 -0.000561 1876.0
0.000400 -0.000562 1877.0
0.000400 -0.000562 1878.0
0.000400 -0.000562 1879.0
0.000400 -0.000563 1880.0
0.000400 -0.000563 1881.0
0.000400 -0.000563 1882.0
0.000400 -0.000564 1883.0
0.000400 -0.000564 1884.0
0.000400 -0.000564 1885.0
0.000400 -0.000565 1886.0
0.000400 -0.000565 1887.0
0.000400 -0.000565 1888.0
0.000400 -0.000566 1889.0
0.000400 -0.000566 1890.0
0.000400 -0.000566 1891.0
0.000400 -0.000567 1892.0
0.000400 -0.000567 1893.0
0.000400 -0.000567 1894.0
0.000400 -0.000568 1895.0
0.000400 -0.000568 1896.0
0.000400 -0.000568 1897.0
0.000400 -0.000569 1898.0
0.000400 -0.000569 1899.0
0.000400 -0.000569 1900.0
0.000400 -0.000570 1901.0
0.000400 -0.000570 1902.0
0.000400 -0.000570 1903.0
0.000400 -0.000571 1904.0
0.000400 -0.000571 1905.0
0.000400 -0.000571 1906.0
0.000400 -0.000572 1907.0
0.000400 -0.000572 1908.0
0.000400 -0.000572 1909.0
0.000400 -0.000573 1910.0
0.000400 -0.000573 1911.0
0.000400 -0.000574 1912.0
0.000400 -0.000574 1913.0
0.000400 -0.000574 1914.0
0.000400 -0.000575 1915.0
0.000400 -0.000575 1916.0
0.000400 -0.000575 1917.0
0.000400 -0.000576 1918.0
0.000400 -0.000576 1919.0
0.000400 -0.000576 1920.0
0.000400 -0.000577 1921.0
0.000400 -0.000577 1922.0
0.000400 -0.000577 1923.0
0.000400 -0.000578 1924.0
0.000400 -0.000578 1925.0
0.000400 -0.000578 1926.0
0.000400 -0.000579 1927.0
0.000400 -0.000579 1928.0
0.000400 -0.000579 1929.0
0.000400 -0.000580 1930.0
0.000400 -0.000580 1931.0
0.000400 -0.000580 1932.0
0.000400 -0.000581 1933.0
0.000400 -0.000581 1934.0
0.000400 -0.000581 1935.0
0.000400 -0.000582 1936.0
0.000400 -0.000582 1937.0
0.000400 -0.000582 1938.0
0.000400 -0.000583 1939.0
0.000400 -0.000583 1940.0
0.000400 -0.000583 1941.0
0.000400 -0.000584 1942.0
0.000400 -0.000584 1943.0
0.000400 -0.000584 1944.0
0.000400 -0.000585 1945.0
0.000400 -0.000585 1946.0
0.000400 -0.000585 1947.0
0.000400 -0.000586 1948.0
0.000400 -0.000586 1949.0
0.000400 -0.000586 1950.0
0.000400 -0.000587 1951.0
0.000400 -0.000587 1952.0
0.000400 -0.000587 1953.0
0.000400 -0.000588 1954.0
0.000400 -0.000588 1955.0
0.000400 -0.000588 1956.0
0.000400 -0.000589 1957.0
0.000400 -0.000589 1958.0
0.000400 -0.000589 1959.0
0.000400 -0.000589 1960.0
0.000400 -0.000589 1961.0
0.000400 -0.000589 1962.0
0.000400 -0.000589 1963.0
0.000400 -0.000589 1964.0
0.000400 -0.000589 1965.0
0.000400 -0.000589 1966.0
0.000400 -0.000589 1967.0
0.000400 -0.000589 1968.0
0.000400 -0.000589 1969.0
0.000400 -0.000589 1970.0
0.000400 -0.000589 1971.0
0.000400 -0.000589 1972.0
0.000400 -0.000589 1973.0
0.000400 -0.000589 1974.0
0.000400 -0.000589 1975.0
0.000400 -0.000589 1976.0
0.000400 -0.000589 1977.0
0.000400 -0.000589 1978.0
0.000400 -0.000589 1979.0
0.000400 -0.000589 1980.0
0.000400 -0.000589 1981.0
0.000400 -0.000589 1982.0
0.000400 -0.000589 1983.0
0.000400 -0.000589 1984.0
0.000400 -0.000589 1985.0
0.000400 -0.000589 1986.0
0.000400 -0.000589 1987.0
0.000400 -0.000589 1988.0
0.000400 -0.000589 1989.0
0.000400 -0.000589 1990.0
0.000400 -0.000589 1991.0
0.000400 -0.000589 1992.0
0.000400 -0.000589 1993.0
0.000400 -0.000589 1994.0
0.000400 -0.000589 1995.0
0.000400 -0.000589 1996.0
0.000400 -0.000589 1997.0
0.000400 -0.000589 1998.0
0.000400 -0.000589 1999.0
0.000400 -0.000589 2000.0
0.000400 -0.000589 2001.0
0.000400 -0.000589 2002.0
0.000400 -0.000589 2003.0
0.000400 -0.000589 2004.0
0.000400 -0.000589 2005.0
0.000400 -0.000589 2006.0
0.000400 -0.000589 2007.0
0.000400 -0.000589 2008.0
0.000400 -0.000589 2009.0
0.000401 -0.000589 2010.0
0.000401 -0.000589 2011.0
0.000401 -0.000589 2012.0
0.000401 -0.000589 2013.0
0.000401 -0.000589 2014.0
0.000400 -0.000589 2015.0
0.000400 -0.000589 2016.0
0.000400 -0.000589 2017.0
0.000400 -0.000589 2018.0
0.000400 -0.000589 2019.0
0.000400 -0.000589 2020.0
0.000400 -0.000589 2021.0
0.000400 -0.000589 2022.0
0.000400 -0.000589 2023.0
0.000400 -0.000589 2024.0
0.000400 -0.000589 2025.0
0.000400 -0.000589 2026.0
0.000400 -0.000589 2027.0
0.000400 -0.000589 2028.0
0.000400 -0.000589 2029.0
0.000400 -0.000589 2030.0
0.000400 -0.000589 2031.0
0.000400 -0.000589 2032.0
0.000400 -0.000589 2033.0
0.000400 -0.000589 2034.0
0.000400 -0.000589 2035.0
0.000400 -0.000589 2036.0
0.000400 -0.000589 2037.0
0.000400 -0.000589 2038.0
0.000400 -0.000589 2039.0
0.000400 -0.000589 2040.0
0.000400 -0.000589 2041.0
0.000400 -0.000589 2042.0
0.000400 -0.000589 2043.0
0.000400 -0.000589 2044.0
0.000400 -0.000589 2045.0
0.000400 -0.000589 2046.0
0.000400 -0.000588 2047.0
0.000400 -0.000588 2048.0
0.000400 -0.000588 2049.0
0.000400 -0.000588 2050.0
0.000400 -0.000588 2051.0
0.000400 -0.000588 2052.0
0.000400 -0.000588 2053.0
0.000400 -0.000588 2054.0
0.000400 -0.000588 2055.0
0.000400 -0.000588 2056.0
0.000400 -0.000588 2057.0
0.000400 -0.000588 2058.0
0.000400 -0.000588 2059.0
0.000400 -0.000588 2060.0
0.000400 -0.000588 2061.0
0.000400 -0.000588 2062.0
0.000400 -0.000588 2063.0
0.000400 -0.000588 2064.0
0.000400 -0.000588 2065.0
0.000400 -0.000588 2066.0
0.000400 -0.000588 2067.0
0.000400 -0.000588 2068.0
0.000400 -0.000588 2069.0
0.000400 -0.000588 2070.0
0.000400 -0.000588 2071.0
0.000400 -0.000588 2072.0
0.000400 -0.000588 2073.0
0.000400 -0.000588 2074.0
0.000400 -0.000588 2075.0
0.000400 -0.000588 2076.0
0.000400 -0.000588 2077.0
0.000400 -0.000588 2078.0
0.000400 -0.000588 2079.0
0.000400 -0.000588 2080.0
0.000400 -0.000588 2081.0
0.000400 -0.000588 2082.0
0.000400 -0.000588 2083.0
0.000400 -0.000588 2084.0
0.000400 -0.000588 2085.0
0.000400 -0.000588 2086.0
0.000400 -0.000588 2087.0
0.000400 -0.000588 2088.0
0.000400 -0.000588 2089.0
0.000400 -0.000588 2090.0
0.000400 -0.000588 2091.0
0.000400 -0.000588 2092.0
0.000400 -0.000588 2093.0
0.000400 -0.000588 2094.0
0.000400 -0.000588 2095.0
0.000400 -0.000588 2096.0
0.000400 -0.000588 2097.0
0.000400 -0.000588 2098.0
0.000400 -0.000588 2099.0
0.000400 -0.000588 2100.0
0.000400 -0.000588 2101.0
0.000400 -0.000588 2102.0
0.000400 -0.000588 2103.0
0.000400 -0.000588 2104.0
0.000400 -0.000588 2105.0
0.000400 -0.000588 2106.0
0.000400 -0.000588 2107.0
0.000400 -0.000588 2108.0
0.000400 -0.000589 2109.0
0.000400 -0.000589 2110.0
0.000400 -0.000589 2111.0
0.000400 -0.000589 2112.0
0.000400 -0.000589 2113.0
0.000400 -0.000589 2114.0
0.000400 -0.000589 2115.0
0.000400 -0.000589 2116.0
0.000400 -0.000589 2117.0
0.000400 -0.000589 2118.0
0.000400 -0.000589 2119.0
0.000400 -0.000589 2120.0
0.000400 -0.000589 2121.0
0.000400 -0.000589 2122.0
0.000400 -0.000589 2123.0
0.000400 -0.000589 2124.0
0.000400 -0.000589 2125.0
0.000400 -0.000589 2126.0
0.000400 -0.000589 2127.0
0.000400 -0.000589 2128.0
0.000400 -0.000589 2129.0
0.000400 -0.000589 2130.0
0.000400 -0.000589 2131.0
0.000400 -0.000589 2132.0
0.000400 -0.000589 2133.0
0.000400 -0.000589 2134.0
0.000400 -0.000589 2135.0
0.000400 -0.000589 2136.0
0.000400 -0.000589 2137.0
0.000400 -0.000589 2138.0
0.000400 -0.000589 2139.0
0.000400 -0.000589 2140.0
0.000400 -0.000589 2141.0
0.000400 -0.000589 2142.0
0.000400 -0.000589 2143.0
0.000400 -0.000589 2144.0
0.000400 -0.000589 2145.0
0.000400 -0.000589 2146.0
0.000400 -0.000589 2147.0
0.000400 -0.000589 2148.0
0.000400 -0.000589 2149.0
0.000400 -0.000589 2150.0
0.000400 -0.000589 2151.0
0.000400 -0.000589 2152.0
0.000400 -0.000589 2153.0
0.000400 -0.000589 2154.0
0.000400 -0.000589 2155.0
0.000400 -0.000589 2156.0
0.000400 -0.000589 2157.0
0.000400 -0.000589 2158.0
0.000400 -0.000589 2159.0
0.000400 -0.000589 2160.0
0.000400 -0.000589 2161.0
0.000400 -0.000589 2162.0
0.000400 -0.000589 2163.0
0.000400 -0.000589 2164.0
0.000400 -0.000589 2165.0
0.000400 -0.000589 2166.0
0.000400 -0.000589 2167.0
0.000400 -0.000589 2168.0
0.000400 -0.000589 2169.0
0.000400 -0.000589 2170.0
0.000400 -0.000589 2171.0
0.000400 -0.000589 2172.0
0.000400 -0.000589 2173.0
0.000400 -0.000589 2174.0
0.000400 -0.000589 2175.0
0.000400 -0.000589 2176.0
0.000400 -0.000589 2177.0
0.000400 -0.000589 2178.0
0.000400 -0.000589 2179.0
0.000400 -0.000589 2180.0
0.000400 -0.000589 2181.0
0.000400 -0.000589 2182.0
0.000400 -0.000589 2183.0
0.000400 -0.000589 2184.0
0.000400 -0.000589 2185.0
0.000400 -0.000589 2186.0
0.000400 -0.000589 2187.0
0.000400 -0.000589 2188.0
0.000400 -0.000589 2189.0
0.000400 -0.000589 2190.0
0.000400 -0.000589 2191.0
0.000400 -0.000589 2192.0
0.000400 -0.000589 2193.0
0.000400 -0.000589 2194.0
0.000400 -0.000589 2195.0
0.000400 -0.000589 2196.0
0.000400 -0.000589 2197.0
0.000400 -0.000589 2198.0
0.000400 -0.000589 2199.0
0.000400 -0.000589 2200.0
0.000400 -0.000589 2201.0
0.000400 -0.000589 2202.0
0.000400 -0.000589 2203.0
0.000400 -0.000589 2204.0
0.000400 -0.000589 2205.0
0.000400 -0.000589 2206.0
0.000400 -0.000589 2207.0
0.000400 -0.000589 2208.0
0.000400 -0.000589 2209.0
0.000400 -0.000589 2210.0
0.000400 -0.000589 2211.0
0.000400 -0.000589 2212.0
0.000400 -0.000589 2213.0
0.000400 -0.000589 2214.0
0.000400 -0.000589 2215.0
0.000400 -0.000589 2216.0
0.000400 -0.000589 2217.0
0.000400 -0.000589 2218.0
0.000400 -0.000589 2219.0
0.000400 -0.000589 2220.0
0.000400 -0.000589 2221.0
0.000400 -0.000589 2222.0
0.000400 -0.000589 2223.0
0.000400 -0.000589 2224.0
0.000400 -0.000589 2225.0
0.000400 -0.000589 2226.0
0.000400 -0.000589 2227.0
0.000400 -0.000589 2228.0
0.000400 -0.000589 2229.0
0.000400 -0.000589 2230.0
0.000400 -0.000589 2231.0
0.000400 -0.000589 2232.0
0.000400 -0.000589 2233.0
0.000400 -0.000589 2234.0
0.000400 -0.000589 2235.0
0.000400 -0.000589 2236.0
0.000400 -0.000589 2237.0
0.000400 -0.000589 2238.0
0.000400 -0.000589 2239.0
0.000400 -0.000589 2240.0
0.000400 -0.000589 2241.0
0.000400 -0.000589 2242.0
0.000400 -0.000589 2243.0
0.000400 -0.000589 2244.0
0.000400 -0.000589 2245.0
0.000400 -0.000589 2246.0
0.000400 -0.000589 2247.0
0.000400 -0.000589 2248.0
0.000400 -0.000589 2249.0
0.000400 -0.000589 2250.0
0.000400 -0.000589 2251.0
0.000400 -0.000589 2252.0
0.000400 -0.000589 2253.0
0.000400 -0.000589 2254.0
0.000400 -0.000589 2255.0
0.000400 -0.000589 2256.0
0.000400 -0.000589 2257.0
0.000400 -0.000589 2258.0
0.000400 -0.000589 2259.0
0.000400 -0.000589 2260.0
0.000400 -0.000589 2261.0
0.000400 -0.000589 2262.0
0.000400 -0.000589 2263.0
0.000400 -0.000589 2264.0
0.000400 -0.000589 2265.0
0.000400 -0.000589 2266.0
0.000400 -0.000589 2267.0
0.000400 -0.000589 2268.0
0.000400 -0.000589 2269.0
0.000400 -0.000589 2270.0
0.000400 -0.000589 2271.0
0.000400 -0.000589 2272.0
0.000400 -0.000589 2273.0
0.000400 -0.000589 2274.0
0.000400 -0.000589 2275.0
0.000400 -0.000589 2276.0
0.000400 -0.000589 2277.0
0.000400 -0.000589 2278.0
0.000400 -0.000589 2279.0
0.000400 -0.000589 2280.0
0.000400 -0.000589 2281.0
0.000400 -0.000589 2282.0
0.000400 -0.000589 2283.0
0.000400 -0.000589 2284.0
0.000400 -0.000589 2285.0
0.000400 -0.000589 2286.0
0.000400 -0.000589 2287.0
0.000400 -0.000589 2288.0
0.000400 -0.000589 2289.0
0.000400 -0.000589 2290.0
0.000400 -0.000589 2291.0
0.000400 -0.000589 2292.0
0.000400 -0.000589 2293.0
0.000400 -0.000589 2294.0
0.000400 -0.000589 2295.0
0.000400 -0.000589 2296.0
0.000400 -0.000589 2297.0
0.000400 -0.000589 2298.0
0.000400 -0.000589 2299.0
0.000400 -0.000589 2300.0
0.000400 -0.000589 2301.0
0.000400 -0.000589 2302.0
0.000400 -0.000589 2303.0
0.000400 -0.000589 2304.0
0.000400 -0.000589 2305.0
0.000400 -0.000589 2306.0
0.000400 -0.000589 2307.0
0.000400 -0.000589 2308.0
0.000400 -0.000589 2309.0
0.000400 -0.000589 2310.0
0.000400 -0.000589 2311.0
0.000400 -0.000589 2312.0
0.000400 -0.000589 2313.0
0.000400 -0.000589 2314.0
0.000400 -0.000589 2315.0
0.000400 -0.000589 2316.0
0.000400 -0.000589 2317.0
0.000400 -0.000589 2318.0
0.000400 -0.000589 2319.0
0.000400 -0.000589 2320.0
0.000400 -0.000589 2321.0
0.000400 -0.000589 2322.0
0.000400 -0.000589 2323.0
0.000400 -0.000589 2324.0
0.000400 -0.000589 2325.0
0.000400 -0.000589 2326.0
0.000400 -0.000589 2327.0
0.000400 -0.000589 2328.0
0.000400 -0.000589 2329.0
0.000400 -0.000589 2330.0
0.000400 -0.000589 2331.0
0.000400 -0.000589 2332.0
0.000400 -0.000589 2333.0
0.000400 -0.000589 2334.0
0.000400 -0.000589 2335.0
0.000400 -0.000589 2336.0
0.000400 -0.000589 2337.0
0.000400 -0.000589 2338.0
0.000400 -0.000589 2339.0
0.000400 -0.000589 2340.0
0.000400 -0.000589 2341.0
0.000400 -0.000589 2342.0
0.000400 -0.000589 2343.0
0.000400 -0.000589 2344.0
0.000400 -0.000589 2345.0
0.000400 -0.000589 2346.0
0.000400 -0.000589 2347.0
0.000400 -0.000589 2348.0
0.000400 -0.000589 2349.0
0.000400 -0.000589 2350.0
0.000400 -0.000588 2351.0
0.000400 -0.000588 2352.0
0.000400 -0.000588 2353.0
0.000400 -0.000588 2354.0
0.000400 -0.000588 2355.0
0.000400 -0.000588 2356.0
0.000400 -0.000588 2357.0
0.000400 -0.000588 2358.0
0.000400 -0.000588 2359.0
0.000400 -0.000588 2360.0
0.000400 -0.000588 2361.0
0.000400 -0.000588 2362.0
0.000400 -0.000588 2363.0
0.000400 -0.000588 2364.0
0.000400 -0.000588 2365.0
0.000400 -0.000588 2366.0
0.000400 -0.000588 2367.0
0.000400 -0.000588 2368.0
0.000400 -0.000588 2369.0
0.000400 -0.000588 2370.0
0.000400 -0.000588 2371.0
0.000400 -0.000588 2372.0
0.000400 -0.000588 2373.0
0.000401 -0.000588 2374.0
0.000402 -0.000588 2375.0
0.000403 -0.000588 2376.0
0.000404 -0.000589 2377.0
0.000405 -0.000589 2378.0
0.000407 -0.000589 2379.0
0.000408 -0.000589 2380.0
0.000409 -0.000589 2381.0
0.000410 -0.000589 2382.0
0.000411 -0.000589 2383.0
0.000412 -0.000589 2384.0
0.000413 -0.000590 2385.0
0.000414 -0.000590 2386.0
0.000415 -0.000590 2387.0
0.000417 -0.000590 2388.0
0.000418 -0.000590 2389.0
0.000419 -0.000590 2390.0
0.000420 -0.000590 2391.0
0.000421 -0.000590 2392.0
0.000422 -0.000590 2393.0
0.000423 -0.000591 2394.0
0.000424 -0.000591 2395.0
0.000425 -0.000591 2396.0
0.000427 -0.000591 2397.0
0.000428 -0.000591 2398.0
0.000429 -0.000591 2399.0
0.000430 -0.000591 2400.0
0.000431 -0.000591 2401.0
0.000432 -0.000591 2402.0
0.000433 -0.000592 2403.0
0.000434 -0.000592 2404.0
0.000435 -0.000592 2405.0
0.000437 -0.000592 2406.0
0.000438 -0.000592 2407.0
0.000439 -0.000592 2408.0
0.000440 -0.000592 2409.0
0.000441 -0.000592 2410.0
0.000442 -0.000593 2411.0
0.000443 -0.000593 2412.0
0.000444 -0.000593 2413.0
0.000445 -0.000593 2414.0
0.000447 -0.000593 2415.0
0.000448 -0.000593 2416.0
0.000449 -0.000593 2417.0
0.000450 -0.000593 2418.0
0.000451 -0.000593 2419.0
0.000452 -0.000594 2420.0
0.000453 -0.000594 2421.0
0.000454 -0.000594 2422.0
0.000456 -0.000594 2423.0
0.000457 -0.000594 2424.0
0.000458 -0.000594 2425.0
0.000459 -0.000594 2426.0
0.000460 -0.000594 2427.0
0.000461 -0.000595 2428.0
0.000462 -0.000595 2429.0
0.000463 -0.000595 2430.0
0.000464 -0.000595 2431.0
0.000466 -0.000595 2432.0
0.000466 -0.000594 2433.0
0.000466 -0.000594 2434.0
0.000467 -0.000594 2435.0
0.000468 -0.000594 2436.0
0.000468 -0.000594 2437.0
0.000469 -0.000594 2438.0
0.000470 -0.000594 2439.0
0.000470 -0.000594 2440.0
0.000471 -0.000594 2441.0
0.000472 -0.000594 2442.0
0.000472 -0.000594 2443.0
0.000473 -0.000594 2444.0
0.000474 -0.000594 2445.0
0.000474 -0.000595 2446.0
0.000475 -0.000595 2447.0
0.000476 -0.000595 2448.0
0.000476 -0.000595 2449.0
0.000477 -0.000595 2450.0
0.000477 -0.000595 2451.0
0.000478 -0.000595 2452.0
0.000479 -0.000595 2453.0
0.000479 -0.000595 2454.0
0.000480 -0.000595 2455.0
0.000481 -0.000595 2456.0
0.000481 -0.000595 2457.0
0.000482 -0.000595 2458.0
0.000483 -0.000596 2459.0
0.000483 -0.000596 2460.0
0.000484 -0.000596 2461.0
0.000485 -0.000596 2462.0
0.000485 -0.000596 2463.0
0.000486 -0.000596 2464.0
0.000487 -0.000596 2465.0
0.000487 -0.000596 2466.0
0.000488 -0.000596 2467.0
0.000489 -0.000596 2468.0
0.000489 -0.000596 2469.0
0.000490 -0.000596 2470.0
0.000491 -0.000596 2471.0
0.000491 -0.000597 2472.0
0.000492 -0.000597 2473.0
0.000493 -0.000597 2474.0
0.000493 -0.000597 2475.0
0.000494 -0.000597 2476.0
0.000495 -0.000597 2477.0
0.000495 -0.000597 2478.0
0.000496 -0.000597 2479.0
0.000497 -0.000597 2480.0
0.000497 -0.000597 2481.0
0.000498 -0.000597 2482.0
0.000499 -0.000597 2483.0
0.000499 -0.000597 2484.0
0.000500 -0.000598 2485.0
0.000501 -0.000598 2486.0
0.000501 -0.000598 2487.0
0.000502 -0.000598 2488.0
0.000503 -0.000598 2489.0
0.000503 -0.000598 2490.0
0.000504 -0.000598 2491.0
0.000505 -0.000598 2492.0
0.000505 -0.000598 2493.0
0.000506 -0.000598 2494.0
0.000506 -0.000598 2495.0
0.000507 -0.000598 2496.0
0.000508 -0.000598 2497.0
0.000508 -0.000599 2498.0
0.000509 -0.000599 2499.0
0.000510 -0.000599 2500.0
0.000510 -0.000599 2501.0
0.000511 -0.000599 2502.0
0.000511 -0.000598 2503.0
0.000512 -0.000598 2504.0
0.000512 -0.000598 2505.0
0.000513 -0.000598 2506.0
0.000513 -0.000598 2507.0
0.000514 -0.000598 2508.0
0.000514 -0.000598 2509.0
0.000515 -0.000598 2510.0
0.000515 -0.000598 2511.0
0.000516 -0.000598 2512.0
0.000516 -0.000598 2513.0
0.000517 -0.000598 2514.0
0.000517 -0.000598 2515.0
0.000518 -0.000598 2516.0
0.000518 -0.000599 2517.0
0.000519 -0.000599 2518.0
0.000519 -0.000599 2519.0
0.000520 -0.000599 2520.0
0.000520 -0.000599 2521.0
0.000521 -0.000599 2522.0
0.000521 -0.000599 2523.0
0.000522 -0.000599 2524.0
0.000522 -0.000599 2525.0
0.000523 -0.000599 2526.0
0.000523 -0.000599 2527.0
0.000524 -0.000599 2528.0
0.000524 -0.000599 2529.0
0.000525 -0.000599 2530.0
0.000525 -0.000599 2531.0
0.000526 -0.000599 2532.0
0.000526 -0.000599 2533.0
0.000527 -0.000600 2534.0
0.000527 -0.000600 2535.0
0.000528 -0.000600 2536.0
0.000528 -0.000600 2537.0
0.000529 -0.000600 2538.0
0.000529 -0.000600 2539.0
0.000530 -0.000600 2540.0
0.000531 -0.000600 2541.0
0.000531 -0.000600 2542.0
0.000532 -0.000600 2543.0
0.000532 -0.000600 2544.0
0.000533 -0.000600 2545.0
0.000533 -0.000600 2546.0
0.000534 -0.000600 2547.0
0.000534 -0.000600 2548.0
0.000535 -0.000600 2549.0
0.000535 -0.000600 2550.0
0.000536 -0.000601 2551.0
0.000536 -0.000601 2552.0
0.000537 -0.000601 2553.0
0.000537 -0.000601 2554.0
0.000538 -0.000601 2555.0
0.000538 -0.000601 2556.0
0.000539 -0.000601 2557.0
0.000539 -0.000601 2558.0
0.000539 -0.000600 2559.0
0.000539 -0.000600 2560.0
0.000540 -0.000600 2561.0
0.000540 -0.000599 2562.0
0.000540 -0.000599 2563.0
0.000541 -0.000599 2564.0
0.000541 -0.000599 2565.0
0.000541 -0.000598 2566.0
0.000541 -0.000598 2567.0
0.000542 -0.000598 2568.0
0.000542 -0.000597 2569.0
0.000542 -0.000597 2570.0
0.000543 -0.000597 2571.0
0.000543 -0.000596 2572.0
0.000543 -0.000596 2573.0
0.000543 -0.000596 2574.0
0.000544 -0.000596 2575.0
0.000544 -0.000595 2576.0
0.000544 -0.000595 2577.0
0.000545 -0.000595 2578.0
0.000545 -0.000594 2579.0
0.000545 -0.000594 2580.0
0.000545 -0.000594 2581.0
0.000546 -0.000594 2582.0
0.000546 -0.000593 2583.0
0.000546 -0.000593 2584.0
0.000546 -0.000593 2585.0
0.000547 -0.000592 2586.0
0.000547 -0.000592 2587.0
0.000547 -0.000592 2588.0
0.000548 -0.000592 2589.0
0.000548 -0.000591 2590.0
0.000548 -0.000591 2591.0
0.000548 -0.000591 2592.0
0.000549 -0.000590 2593.0
0.000549 -0.000590 2594.0
0.000549 -0.000590 2595.0
0.000550 -0.000589 2596.0
0.000550 -0.000589 2597.0
0.000550 -0.000589 2598.0
0.000550 -0.000589 2599.0
0.000551 -0.000588 2600.0
0.000551 -0.000588 2601.0
0.000551 -0.000588 2602.0
0.000552 -0.000587 2603.0
0.000552 -0.000587 2604.0
0.000552 -0.000587 2605.0
0.000552 -0.000587 2606.0
0.000553 -0.000586 2607.0
0.000553 -0.000586 2608.0
0.000553 -0.000586 2609.0
0.000553 -0.000585 2610.0
0.000554 -0.000585 2611.0
0.000554 -0.000585 2612.0
0.000554 -0.000585 2613.0
0.000555 -0.000584 2614.0
0.000555 -0.000584 2615.0
0.000555 -0.000584 2616.0
0.000555 -0.000583 2617.0
0.000556 -0.000583 2618.0
0.000557 -0.000585 2619.0
0.000557 -0.000585 2620.0
0.000558 -0.000584 2621.0
0.000558 -0.000584 2622.0
0.000559 -0.000583 2623.0
0.000559 -0.000582 2624.0
0.000559 -0.000582 2625.0
0.000560 -0.000581 2626.0
0.000560 -0.000581 2627.0
0.000560 -0.000580 2628.0
0.000561 -0.000579 2629.0
0.000561 -0.000579 2630.0
0.000562 -0.000578 2631.0
0.000562 -0.000578 2632.0
0.000562 -0.000577 2633.0
0.000563 -0.000576 2634.0
0.000563 -0.000576 2635.0
0.000563 -0.000575 2636.0
0.000564 -0.000575 2637.0
0.000564 -0.000574 2638.0
0.000565 -0.000573 2639.0
0.000565 -0.000573 2640.0
0.000565 -0.000572 2641.0
0.000566 -0.000572 2642.0
0.000566 -0.000571 2643.0
0.000566 -0.000570 2644.0
0.000567 -0.000570 2645.0
0.000567 -0.000569 2646.0
0.000568 -0.000569 2647.0
0.000568 -0.000568 2648.0
0.000568 -0.000567 2649.0
0.000569 -0.000567 2650.0
0.000569 -0.000566 2651.0
0.000569 -0.000566 2652.0
0.000570 -0.000565 2653.0
0.000570 -0.000564 2654.0
0.000571 -0.000564 2655.0
0.000571 -0.000563 2656.0
0.000571 -0.000563 2657.0
0.000572 -0.000562 2658.0
0.000572 -0.000561 2659.0
0.000572 -0.000561 2660.0
0.000573 -0.000560 2661.0
0.000573 -0.000559 2662.0
0.000573 -0.000559 2663.0
0.000574 -0.000558 2664.0
0.000574 -0.000558 2665.0
0.000575 -0.000557 2666.0
0.000575 -0.000556 2667.0
0.000575 -0.000556 2668.0
0.000576 -0.000555 2669.0
0.000576 -0.000555 2670.0
0.000576 -0.000554 2671.0
0.000577 -0.000553 2672.0
0.000577 -0.000553 2673.0
0.000578 -0.000552 2674.0
0.000578 -0.000552 2675.0
0.000578 -0.000551 2676.0
0.000579 -0.000550 2677.0
0.000579 -0.000550 2678.0
0.000582 -0.000553 2679.0
0.000582 -0.000553 2680.0
0.000582 -0.000553 2681.0
0.000582 -0.000553 2682.0
0.000582 -0.000553 2683.0
0.000582 -0.000553 2684.0
0.000582 -0.000553 2685.0
0.000582 -0.000552 2686.0
0.000582 -0.000552 2687.0
0.000582 -0.000552 2688.0
0.000582 -0.000552 2689.0
0.000582 -0.000552 2690.0
0.000582 -0.000552 2691.0
0.000582 -0.000552 2692.0
0.000582 -0.000552 2693.0
0.000582 -0.000552 2694.0
0.000582 -0.000552 2695.0
0.000582 -0.000551 2696.0
0.000582 -0.000551 2697.0
0.000583 -0.000551 2698.0
0.000583 -0.000551 2699.0
0.000583 -0.000551 2700.0
0.000583 -0.000551 2701.0
0.000583 -0.000551 2702.0
0.000583 -0.000551 2703.0
0.000583 -0.000551 2704.0
0.000583 -0.000551 2705.0
0.000583 -0.000550 2706.0
0.000583 -0.000550 2707.0
0.000583 -0.000550 2708.0
0.000583 -0.000550 2709.0
0.000583 -0.000550 2710.0
0.000583 -0.000550 2711.0
0.000583 -0.000550 2712.0
0.000583 -0.000550 2713.0
0.000583 -0.000550 2714.0
0.000583 -0.000550 2715.0
0.000583 -0.000549 2716.0
0.000583 -0.000549 2717.0
0.000583 -0.000549 2718.0
0.000583 -0.000549 2719.0
0.000583 -0.000549 2720.0
0.000583 -0.000549 2721.0
0.000583 -0.000549 2722.0
0.000583 -0.000549 2723.0
0.000583 -0.000549 2724.0
0.000583 -0.000549 2725.0
0.000583 -0.000548 2726.0
0.000583 -0.000548 2727.0
0.000583 -0.000548 2728.0
0.000583 -0.000548 2729.0
0.000583 -0.000548 2730.0
0.000583 -0.000548 2731.0
0.000583 -0.000548 2732.0
0.000583 -0.000548 2733.0
0.000583 -0.000548 2734.0
0.000583 -0.000548 2735.0
0.000583 -0.000547 2736.0
0.000583 -0.000547 2737.0
0.000583 -0.000547 2738.0
0.000584 -0.000547 2739.0
0.000584 -0.000547 2740.0
0.000584 -0.000547 2741.0
0.000584 -0.000547 2742.0
0.000584 -0.000547 2743.0
0.000584 -0.000547 2744.0
0.000584 -0.000547 2745.0
0.000584 -0.000548 2746.0
0.000584 -0.000548 2747.0
0.000584 -0.000548 2748.0
0.000584 -0.000548 2749.0
0.000584 -0.000548 2750.0
0.000584 -0.000548 2751.0
0.000584 -0.000548 2752.0
0.000584 -0.000548 2753.0
0.000584 -0.000548 2754.0
0.000584 -0.000548 2755.0
0.000584 -0.000548 2756.0
0.000584 -0.000548 2757.0
0.000584 -0.000548 2758.0
0.000584 -0.000548 2759.0
0.000584 -0.000548 2760.0
0.000584 -0.000548 2761.0
0.000584 -0.000548 2762.0
0.000584 -0.000548 2763.0
0.000584 -0.000548 2764.0
0.000584 -0.000548 2765.0
0.000584 -0.000548 2766.0
0.000584 -0.000548 2767.0
0.000584 -0.000548 2768.0
0.000584 -0.000548 2769.0
0.000584 -0.000548 2770.0
0.000584 -0.000548 2771.0
0.000584 -0.000548 2772.0
0.000584 -0.000548 2773.0
0.000584 -0.000548 2774.0
0.000584 -0.000548 2775.0
0.000584 -0.000548 2776.0
0.000584 -0.000548 2777.0
0.000584 -0.000548 2778.0
0.000584 -0.000548 2779.0
0.000584 -0.000548 2780.0
0.000584 -0.000548 2781.0
0.000584 -0.000548 2782.0
0.000584 -0.000548 2783.0
0.000583 -0.000548 2784.0
0.000583 -0.000548 2785.0
0.000583 -0.000548 2786.0
0.000583 -0.000548 2787.0
0.000583 -0.000548 2788.0
0.000583 -0.000548 2789.0
0.000583 -0.000548 2790.0
0.000583 -0.000548 2791.0
0.000583 -0.000548 2792.0
0.000583 -0.000548 2793.0
0.000583 -0.000548 2794.0
0.000583 -0.000548 2795.0
0.000583 -0.000548 2796.0
0.000583 -0.000548 2797.0
0.000583 -0.000548 2798.0
0.000583 -0.000548 2799.0
0.000583 -0.000548 2800.0
0.000583 -0.000548 2801.0
0.000583 -0.000548 2802.0
0.000583 -0.000549 2803.0
0.000583 -0.000549 2804.0
0.000583 -0.000549 2805.0
0.000583 -0.000549 2806.0
0.000583 -0.000549 2807.0
0.000583 -0.000549 2808.0
0.000583 -0.000549 2809.0
0.000583 -0.000549 2810.0
0.000583 -0.000549 2811.0
0.000583 -0.000549 2812.0
0.000583 -0.000549 2813.0
0.000583 -0.000549 2814.0
0.000583 -0.000549 2815.0
0.000583 -0.000549 2816.0
0.000583 -0.000549 2817.0
0.000583 -0.000549 2818.0
0.000583 -0.000549 2819.0
0.000583 -0.000549 2820.0
0.000583 -0.000549 2821.0
0.000583 -0.000549 2822.0
0.000583 -0.000549 2823.0
0.000583 -0.000549 2824.0
0.000583 -0.000549 2825.0
0.000583 -0.000549 2826.0
0.000583 -0.000549 2827.0
0.000583 -0.000549 2828.0
0.000583 -0.000549 2829.0
0.000583 -0.000549 2830.0
0.000583 -0.000549 2831.0
0.000583 -0.000549 2832.0
0.000583 -0.000549 2833.0
0.000583 -0.000549 2834.0
0.000583 -0.000549 2835.0
0.000583 -0.000549 2836.0
0.000583 -0.000549 2837.0
0.000583 -0.000549 2838.0
0.000583 -0.000549 2839.0
0.000583 -0.000549 2840.0
0.000583 -0.000549 2841.0
0.000583 -0.000549 2842.0
0.000583 -0.000549 2843.0
0.000583 -0.000549 2844.0
0.000583 -0.000549 2845.0
0.000583 -0.000549 2846.0
0.000583 -0.000549 2847.0
0.000583 -0.000549 2848.0
0.000583 -0.000549 2849.0
0.000583 -0.000549 2850.0
0.000583 -0.000549 2851.0
0.000583 -0.000549 2852.0
0.000583 -0.000549 2853.0
0.000583 -0.000549 2854.0
0.000583 -0.000549 2855.0
0.000583 -0.000549 2856.0
0.000583 -0.000549 2857.0
0.000583 -0.000549 2858.0
0.000583 -0.000550 2859.0
0.000583 -0.000550 2860.0
0.000583 -0.000550 2861.0
0.000583 -0.000550 2862.0
0.000583 -0.000550 2863.0
0.000583 -0.000550 2864.0
0.000583 -0.000550 2865.0
0.000583 -0.000550 2866.0
0.000583 -0.000550 2867.0
0.000583 -0.000550 2868.0
0.000583 -0.000550 2869.0
0.000583 -0.000550 2870.0
0.000583 -0.000550 2871.0
0.000583 -0.000550 2872.0
0.000583 -0.000550 2873.0
0.000583 -0.000550 2874.0
0.000583 -0.000550 2875.0
0.000583 -0.000550 2876.0
0.000583 -0.000550 2877.0
0.000583 -0.000550 2878.0
0.000583 -0.000550 2879.0
0.000583 -0.000550 2880.0
0.000583 -0.000550 2881.0
0.000583 -0.000550 2882.0
0.000583 -0.000550 2883.0
0.000583 -0.000550 2884.0
0.000583 -0.000550 2885.0
0.000583 -0.000550 2886.0
0.000583 -0.000550 2887.0
0.000583 -0.000550 2888.0
0.000583 -0.000550 2889.0
0.000583 -0.000550 2890.0
0.000583 -0.000550 2891.0
0.000583 -0.000550 2892.0
0.000583 -0.000550 2893.0
0.000583 -0.000550 2894.0
0.000583 -0.000550 2895.0
0.000583 -0.000550 2896.0
0.000583 -0.000550 2897.0
0.000583 -0.000550 2898.0
0.000583 -0.000550 2899.0
0.000583 -0.000550 2900.0
0.000583 -0.000550 2901.0
0.000583 -0.000550 2902.0
0.000583 -0.000550 2903.0
0.000583 -0.000550 2904.0
0.000583 -0.000550 2905.0
0.000583 -0.000550 2906.0
0.000583 -0.000550 2907.0
0.000583 -0.000550 2908.0
0.000583 -0.000550 2909.0
0.000583 -0.000550 2910.0
0.000583 -0.000550 2911.0
0.000583 -0.000550 2912.0
0.000583 -0.000550 2913.0
0.000583 -0.000550 2914.0
0.000583 -0.000551 2915.0
0.000583 -0.000551 2916.0
0.000583 -0.000551 2917.0
0.000583 -0.000551 2918.0
0.000583 -0.000551 2919.0
0.000583 -0.000551 2920.0
0.000583 -0.000551 2921.0
0.000583 -0.000551 2922.0
0.000583 -0.000551 2923.0
0.000583 -0.000551 2924.0
0.000583 -0.000551 2925.0
0.000583 -0.000551 2926.0
0.000583 -0.000551 2927.0
0.000583 -0.000551 2928.0
0.000583 -0.000551 2929.0
0.000583 -0.000551 2930.0
0.000583 -0.000551 2931.0
0.000583 -0.000551 2932.0
0.000583 -0.000551 2933.0
0.000583 -0.000551 2934.0
0.000583 -0.000551 2935.0
0.000583 -0.000551 2936.0
0.000583 -0.000551 2937.0
0.000583 -0.000551 2938.0
0.000583 -0.000551 2939.0
0.000583 -0.000551 2940.0
0.000583 -0.000551 2941.0
0.000583 -0.000551 2942.0
0.000583 -0.000551 2943.0
0.000583 -0.000551 2944.0
0.000583 -0.000551 2945.0
0.000583 -0.000551 2946.0
0.000583 -0.000551 2947.0
0.000583 -0.000551 2948.0
0.000583 -0.000551 2949.0
0.000583 -0.000551 2950.0
0.000583 -0.000551 2951.0
0.000583 -0.000551 2952.0
0.000583 -0.000551 2953.0
0.000583 -0.000551 2954.0
0.000583 -0.000551 2955.0
0.000583 -0.000551 2956.0
0.000583 -0.000551 2957.0
0.000583 -0.000551 2958.0
0.000583 -0.000551 2959.0
0.000583 -0.000551 2960.0
0.000583 -0.000551 2961.0
0.000583 -0.000551 2962.0
0.000583 -0.000551 2963.0
0.000583 -0.000551 2964.0
0.000583 -0.000551 2965.0
0.000583 -0.000551 2966.0
0.000583 -0.000551 2967.0
0.000583 -0.000551 2968.0
0.000583 -0.000551 2969.0
0.000583 -0.000551 2970.0
0.000583 -0.000552 2971.0
0.000583 -0.000552 2972.0
0.000583 -0.000552 2973.0
0.000583 -0.000552 2974.0
0.000583 -0.000552 2975.0
0.000583 -0.000552 2976.0
0.000583 -0.000552 2977.0
0.000583 -0.000552 2978.0
0.000583 -0.000552 2979.0
0.000583 -0.000552 2980.0
0.000583 -0.000552 2981.0
0.000583 -0.000552 2982.0
0.000583 -0.000552 2983.0
0.000583 -0.000552 2984.0
0.000583 -0.000552 2985.0
0.000583 -0.000552 2986.0
0.000583 -0.000552 2987.0
0.000583 -0.000552 2988.0
0.000583 -0.000552 2989.0
0.000583 -0.000552 2990.0
0.000583 -0.000552 2991.0
0.000583 -0.000552 2992.0
0.000583 -0.000552 2993.0
0.000583 -0.000552 2994.0
0.000583 -0.000552 2995.0
0.000583 -0.000552 2996.0
0.000583 -0.000552 2997.0
0.000583 -0.000552 2998.0
0.000583 -0.000552 2999.0
0.000583 -0.000552 3000.0
0.000583 -0.000552 3001.0
0.000583 -0.000552 3002.0
0.000583 -0.000552 3003.0
0.000583 -0.000552 3004.0
0.000583 -0.000552 3005.0
0.000583 -0.000552 3006.0
0.000583 -0.000552 3007.0
0.000583 -0.000552 3008.0
0.000583 -0.000552 3009.0
0.000583 -0.000552 3010.0
0.000583 -0.000552 3011.0
0.000583 -0.000552 3012.0
0.000583 -0.000552 3013.0
0.000583 -0.000552 3014.0
0.000583 -0.000552 3015.0
0.000583 -0.000552 3016.0
0.000583 -0.000552 3017.0
0.000583 -0.000552 3018.0
0.000583 -0.000552 3019.0
0.000583 -0.000552 3020.0
0.000583 -0.000552 3021.0
0.000583 -0.000552 3022.0
0.000583 -0.000552 3023.0
0.000583 -0.000552 3024.0
0.000583 -0.000552 3025.0
0.000583 -0.000552 3026.0
0.000583 -0.000553 3027.0
0.000583 -0.000553 3028.0
0.000583 -0.000553 3029.0
0.000583 -0.000553 3030.0
0.000583 -0.000553 3031.0
0.000583 -0.000553 3032.0
0.000583 -0.000553 3033.0
0.000583 -0.000553 3034.0
0.000583 -0.000553 3035.0
0.000583 -0.000553 3036.0
0.000583 -0.000553 3037.0
0.000583 -0.000553 3038.0
0.000583 -0.000553 3039.0
0.000583 -0.000553 3040.0
0.000583 -0.000553 3041.0
0.000583 -0.000553 3042.0
0.000583 -0.000553 3043.0
0.000583 -0.000553 3044.0
0.000583 -0.000553 3045.0
0.000583 -0.000553 3046.0
0.000583 -0.000553 3047.0
0.000583 -0.000553 3048.0
0.000583 -0.000553 3049.0
0.000583 -0.000553 3050.0
0.000583 -0.000553 3051.0
0.000582 -0.000553 3052.0
0.000582 -0.000553 3053.0
0.000582 -0.000553 3054.0
0.000582 -0.000553 3055.0
0.000582 -0.000553 3056.0
0.000582 -0.000553 3057.0
0.000582 -0.000553 3058.0
0.000582 -0.000553 3059.0
0.000582 -0.000553 3060.0
0.000582 -0.000553 3061.0
0.000582 -0.000553 3062.0
0.000582 -0.000553 3063.0
0.000582 -0.000553 3064.0
0.000582 -0.000553 3065.0
0.000582 -0.000553 3066.0
0.000582 -0.000553 3067.0
0.000582 -0.000553 3068.0
0.000582 -0.000553 3069.0
0.000582 -0.000553 3070.0
0.000582 -0.000553 3071.0
0.000582 -0.000553 3072.0
0.000582 -0.000553 3073.0
0.000582 -0.000553 3074.0
0.000582 -0.000553 3075.0
0.000582 -0.000553 3076.0
0.000582 -0.000553 3077.0
0.000582 -0.000553 3078.0
0.000582 -0.000553 3079.0
0.000582 -0.000553 3080.0
0.000582 -0.000553 3081.0
0.000582 -0.000553 3082.0
0.000582 -0.000553 3083.0
0.000582 -0.000554 3084.0
0.000582 -0.000554 3085.0
0.000582 -0.000554 3086.0
0.000582 -0.000554 3087.0
0.000582 -0.000554 3088.0
0.000582 -0.000554 3089.0
0.000582 -0.000554 3090.0
0.000582 -0.000554 3091.0
0.000582 -0.000554 3092.0
0.000582 -0.000554 3093.0
0.000582 -0.000554 3094.0
0.000582 -0.000554 3095.0
0.000582 -0.000554 3096.0
0.000582 -0.000554 3097.0
0.000582 -0.000554 3098.0
0.000582 -0.000554 3099.0
0.000582 -0.000554 3100.0
0.000582 -0.000554 3101.0
0.000582 -0.000554 3102.0
0.000582 -0.000554 3103.0
0.000582 -0.000554 3104.0
0.000582 -0.000554 3105.0
0.000582 -0.000554 3106.0
0.000582 -0.000554 3107.0
0.000582 -0.000554 3108.0
0.000582 -0.000554 3109.0
0.000582 -0.000554 3110.0
0.000582 -0.000554 3111.0
0.000582 -0.000554 3112.0
0.000582 -0.000554 3113.0
0.000582 -0.000554 3114.0
0.000582 -0.000554 3115.0
0.000582 -0.000554 3116.0
0.000582 -0.000554 3117.0
0.000582 -0.000554 3118.0
0.000582 -0.000554 3119.0
0.000582 -0.000554 3120.0
0.000582 -0.000554 3121.0
0.000582 -0.000554 3122.0
0.000582 -0.000554 3123.0
0.000582 -0.000554 3124.0
0.000582 -0.000554 3125.0
0.000582 -0.000554 3126.0
0.000582 -0.000554 3127.0
0.000582 -0.000554 3128.0
0.000582 -0.000554 3129.0
0.000581 -0.000553 3130.0
0.000581 -0.000553 3131.0
0.000580 -0.000552 3132.0
0.000580 -0.000552 3133.0
0.000580 -0.000551 3134.0
0.000579 -0.000551 3135.0
0.000579 -0.000550 3136.0
0.000579 -0.000550 3137.0
0.000578 -0.000549 3138.0
0.000578 -0.000549 3139.0
0.000578 -0.000548 3140.0
0.000577 -0.000548 3141.0
0.000577 -0.000547 3142.0
0.000577 -0.000547 3143.0
0.000576 -0.000546 3144.0
0.000576 -0.000546 3145.0
0.000575 -0.000545 3146.0
0.000575 -0.000545 3147.0
0.000575 -0.000544 3148.0
0.000574 -0.000545 3149.0
0.000574 -0.000545 3150.0
0.000574 -0.000545 3151.0
0.000574 -0.000545 3152.0
0.000574 -0.000545 3153.0
0.000574 -0.000545 3154.0
0.000574 -0.000545 3155.0
0.000574 -0.000545 3156.0
0.000574 -0.000545 3157.0
0.000574 -0.000545 3158.0
0.000574 -0.000545 3159.0
0.000574 -0.000545 3160.0
0.000574 -0.000545 3161.0
0.000574 -0.000545 3162.0
0.000574 -0.000545 3163.0
0.000574 -0.000545 3164.0
0.000574 -0.000545 3165.0
0.000574 -0.000545 3166.0
0.000574 -0.000545 3167.0
0.000574 -0.000545 3168.0
0.000574 -0.000545 3169.0
0.000574 -0.000545 3170.0
0.000574 -0.000545 3171.0
0.000574 -0.000545 3172.0
0.000574 -0.000545 3173.0
0.000574 -0.000545 3174.0
0.000574 -0.000545 3175.0
0.000574 -0.000545 3176.0
0.000574 -0.000545 3177.0
0.000574 -0.000545 3178.0
0.000574 -0.000545 3179.0
0.000574 -0.000545 3180.0
0.000574 -0.000545 3181.0
0.000574 -0.000545 3182.0
0.000574 -0.000545 3183.0
0.000574 -0.000545 3184.0
0.000574 -0.000545 3185.0
0.000574 -0.000545 3186.0
0.000574 -0.000545 3187.0
0.000574 -0.000545 3188.0
0.000574 -0.000545 3189.0
0.000574 -0.000545 3190.0
0.000574 -0.000545 3191.0
0.000574 -0.000545 3192.0
0.000574 -0.000545 3193.0
0.000574 -0.000545 3194.0
0.000574 -0.000545 3195.0
0.000574 -0.000545 3196.0
0.000574 -0.000545 3197.0
0.000574 -0.000545 3198.0
0.000574 -0.000545 3199.0
0.000574 -0.000545 3200.0
0.000563 -0.000540 3201.0
0.000552 -0.000535 3202.0
0.000541 -0.000529 3203.0
0.000530 -0.000524 3204.0
0.000518 -0.000519 3205.0
0.000507 -0.000513 3206.0
0.000496 -0.000508 3207.0
0.000494 -0.000515 3208.0
0.000492 -0.000515 3209.0
0.000491 -0.000514 3210.0
0.000489 -0.000514 3211.0
0.000487 -0.000514 3212.0
0.000485 -0.000513 3213.0
0.000483 -0.000513 3214.0
0.000481 -0.000513 3215.0
0.000480 -0.000512 3216.0
0.000478 -0.000512 3217.0
0.000476 -0.000512 3218.0
0.000474 -0.000512 3219.0
0.000472 -0.000511 3220.0
0.000470 -0.000511 3221.0
0.000468 -0.000511 3222.0
0.000467 -0.000510 3223.0
0.000465 -0.000510 3224.0
0.000463 -0.000510 3225.0
0.000461 -0.000509 3226.0
0.000459 -0.000509 3227.0
0.000457 -0.000509 3228.0
0.000456 -0.000508 3229.0
0.000454 -0.000508 3230.0
0.000452 -0.000508 3231.0
0.000450 -0.000507 3232.0
0.000448 -0.000507 3233.0
0.000446 -0.000507 3234.0
0.000444 -0.000506 3235.0
0.000443 -0.000506 3236.0
0.000441 -0.000506 3237.0
0.000439 -0.000506 3238.0
0.000437 -0.000505 3239.0
0.000435 -0.000505 3240.0
0.000433 -0.000505 3241.0
0.000432 -0.000504 3242.0
0.000430 -0.000504 3243.0
0.000428 -0.000504 3244.0
0.000426 -0.000503 3245.0
0.000424 -0.000503 3246.0
0.000422 -0.000503 3247.0
0.000420 -0.000502 3248.0
0.000419 -0.000502 3249.0
0.000417 -0.000502 3250.0
0.000415 -0.000501 3251.0
0.000413 -0.000501 3252.0
0.000411 -0.000501 3253.0
0.000409 -0.000500 3254.0
0.000407 -0.000500 3255.0
0.000406 -0.000500 3256.0
0.000404 -0.000500 3257.0
0.000402 -0.000499 3258.0
0.000400 -0.000499 3259.0
0.000398 -0.000499 3260.0
0.000396 -0.000498 3261.0
0.000395 -0.000498 3262.0
0.000393 -0.000498 3263.0
0.000391 -0.000497 3264.0
0.000389 -0.000497 3265.0
0.000389 -0.000501 3266.0
0.000388 -0.000503 3267.0
0.000387 -0.000504 3268.0
0.000386 -0.000506 3269.0
0.000385 -0.000508 3270.0
0.000383 -0.000510 3271.0
0.000382 -0.000512 3272.0
0.000381 -0.000514 3273.0
0.000380 -0.000516 3274.0
0.000379 -0.000518 3275.0
0.000378 -0.000520 3276.0
0.000377 -0.000522 3277.0
0.000376 -0.000523 3278.0
0.000375 -0.000525 3279.0
0.000374 -0.000527 3280.0
0.000373 -0.000529 3281.0
0.000372 -0.000531 3282.0
0.000371 -0.000533 3283.0
0.000370 -0.000535 3284.0
0.000369 -0.000537 3285.0
0.000368 -0.000539 3286.0
0.000367 -0.000541 3287.0
0.000366 -0.000542 3288.0
0.000365 -0.000544 3289.0
0.000364 -0.000546 3290.0
0.000363 -0.000548 3291.0
0.000362 -0.000550 3292.0
0.000361 -0.000552 3293.0
0.000360 -0.000554 3294.0
0.000359 -0.000556 3295.0
0.000358 -0.000558 3296.0
0.000357 -0.000560 3297.0
0.000356 -0.000561 3298.0
0.000355 -0.000563 3299.0
0.000354 -0.000565 3300.0
0.000353 -0.000567 3301.0
0.000352 -0.000569 3302.0
0.000351 -0.000571 3303.0
0.000350 -0.000573 3304.0
0.000348 -0.000575 3305.0
0.000347 -0.000577 3306.0
0.000346 -0.000578 3307.0
0.000345 -0.000580 3308.0
0.000344 -0.000582 3309.0
0.000343 -0.000584 3310.0
0.000342 -0.000586 3311.0
0.000341 -0.000588 3312.0
0.000340 -0.000590 3313.0
0.000339 -0.000592 3314.0
0.000338 -0.000594 3315.0
0.000337 -0.000596 3316.0
0.000336 -0.000597 3317.0
0.000335 -0.000599 3318.0
0.000334 -0.000601 3319.0
0.000333 -0.000603 3320.0
0.000332 -0.000605 3321.0
0.000331 -0.000607 3322.0
0.000330 -0.000609 3323.0
0.000329 -0.000611 3324.0
0.000328 -0.000613 3325.0
0.000327 -0.000615 3326.0
0.000326 -0.000616 3327.0
0.000325 -0.000618 3328.0
0.000324 -0.000620 3329.0
0.000323 -0.000622 3330.0
0.000322 -0.000624 3331.0
0.000321 -0.000626 3332.0
0.000320 -0.000628 3333.0
0.000319 -0.000630 3334.0
0.000318 -0.000632 3335.0
0.000317 -0.000634 3336.0
0.000316 -0.000635 3337.0
0.000315 -0.000637 3338.0
0.000313 -0.000639 3339.0
0.000312 -0.000641 3340.0
0.000311 -0.000643 3341.0
0.000310 -0.000645 3342.0
0.000309 -0.000647 3343.0
0.000308 -0.000649 3344.0
0.000307 -0.000651 3345.0
0.000306 -0.000653 3346.0
0.000305 -0.000654 3347.0
0.000304 -0.000656 3348.0
0.000303 -0.000658 3349.0
0.000302 -0.000660 3350.0
0.000301 -0.000662 3351.0
0.000300 -0.000664 3352.0
0.000299 -0.000666 3353.0
0.000298 -0.000668 3354.0
0.000297 -0.000670 3355.0
0.000296 -0.000672 3356.0
0.000295 -0.000673 3357.0
0.000294 -0.000675 3358.0
0.000293 -0.000677 3359.0
0.000292 -0.000679 3360.0
0.000291 -0.000681 3361.0
0.000290 -0.000683 3362.0
0.000289 -0.000685 3363.0
0.000288 -0.000687 3364.0
0.000287 -0.000689 3365.0
0.000271 -0.000673 3366.0
0.000270 -0.000676 3367.0
0.000270 -0.000679 3368.0
0.000269 -0.000681 3369.0
0.000269 -0.000684 3370.0
0.000269 -0.000686 3371.0
0.000268 -0.000689 3372.0
0.000268 -0.000691 3373.0
0.000267 -0.000694 3374.0
0.000267 -0.000697 3375.0
0.000266 -0.000699 3376.0
0.000266 -0.000702 3377.0
0.000266 -0.000704 3378.0
0.000265 -0.000707 3379.0
0.000265 -0.000709 3380.0
0.000264 -0.000712 3381.0
0.000264 -0.000715 3382.0
0.000264 -0.000717 3383.0
0.000263 -0.000720 3384.0
0.000263 -0.000722 3385.0
0.000262 -0.000725 3386.0
0.000262 -0.000727 3387.0
0.000261 -0.000730 3388.0
0.000261 -0.000733 3389.0
0.000261 -0.000735 3390.0
0.000260 -0.000738 3391.0
0.000260 -0.000740 3392.0
0.000259 -0.000743 3393.0
0.000259 -0.000746 3394.0
0.000258 -0.000748 3395.0
0.000258 -0.000751 3396.0
0.000258 -0.000753 3397.0
0.000257 -0.000756 3398.0
0.000257 -0.000758 3399.0
0.000256 -0.000761 3400.0
0.000256 -0.000764 3401.0
0.000255 -0.000766 3402.0
0.000255 -0.000769 3403.0
0.000255 -0.000771 3404.0
0.000254 -0.000774 3405.0
0.000254 -0.000776 3406.0
0.000253 -0.000779 3407.0
0.000253 -0.000782 3408.0
0.000253 -0.000784 3409.0
0.000252 -0.000787 3410.0
0.000252 -0.000789 3411.0
0.000251 -0.000792 3412.0
0.000251 -0.000794 3413.0
0.000250 -0.000797 3414.0
0.000250 -0.000800 3415.0
0.000245 -0.000798 3416.0
0.000243 -0.000799 3417.0
0.000241 -0.000801 3418.0
0.000239 -0.000802 3419.0
0.000237 -0.000803 3420.0
0.000235 -0.000804 3421.0
0.000233 -0.000805 3422.0
0.000231 -0.000807 3423.0
0.000229 -0.000808 3424.0
0.000227 -0.000809 3425.0
0.000225 -0.000810 3426.0
0.000223 -0.000812 3427.0
0.000221 -0.000813 3428.0
0.000219 -0.000814 3429.0
0.000217 -0.000815 3430.0
0.000215 -0.000816 3431.0
0.000213 -0.000818 3432.0
0.000211 -0.000819 3433.0
0.000209 -0.000820 3434.0
0.000207 -0.000821 3435.0
0.000205 -0.000823 3436.0
0.000203 -0.000824 3437.0
0.000201 -0.000825 3438.0
0.000200 -0.000826 3439.0
0.000198 -0.000827 3440.0
0.000196 -0.000829 3441.0
0.000194 -0.000830 3442.0
0.000192 -0.000831 3443.0
0.000190 -0.000832 3444.0
0.000188 -0.000834 3445.0
0.000186 -0.000835 3446.0
0.000184 -0.000836 3447.0
0.000182 -0.000837 3448.0
0.000180 -0.000838 3449.0
0.000178 -0.000840 3450.0
0.000176 -0.000841 3451.0
0.000174 -0.000842 3452.0
0.000172 -0.000843 3453.0
0.000170 -0.000845 3454.0
0.000168 -0.000846 3455.0
0.000166 -0.000847 3456.0
0.000164 -0.000848 3457.0
0.000162 -0.000850 3458.0
0.000160 -0.000851 3459.0
0.000158 -0.000852 3460.0
0.000156 -0.000853 3461.0
0.000154 -0.000854 3462.0
0.000152 -0.000856 3463.0
0.000150 -0.000857 3464.0
0.000147 -0.000847 3465.0
0.000146 -0.000849 3466.0
0.000145 -0.000851 3467.0
0.000145 -0.000853 3468.0
0.000144 -0.000856 3469.0
0.000143 -0.000858 3470.0
0.000143 -0.000860 3471.0
0.000142 -0.000863 3472.0
0.000141 -0.000865 3473.0
0.000141 -0.000867 3474.0
0.000140 -0.000870 3475.0
0.000139 -0.000872 3476.0
0.000139 -0.000874 3477.0
0.000138 -0.000876 3478.0
0.000138 -0.000879 3479.0
0.000137 -0.000881 3480.0
0.000136 -0.000883 3481.0
0.000136 -0.000886 3482.0
0.000135 -0.000888 3483.0
0.000134 -0.000890 3484.0
0.000134 -0.000893 3485.0
0.000133 -0.000895 3486.0
0.000132 -0.000897 3487.0
0.000132 -0.000899 3488.0
0.000131 -0.000902 3489.0
0.000130 -0.000904 3490.0
0.000130 -0.000906 3491.0
0.000129 -0.000909 3492.0
0.000128 -0.000911 3493.0
0.000128 -0.000913 3494.0
0.000127 -0.000916 3495.0
0.000127 -0.000918 3496.0
0.000126 -0.000920 3497.0
0.000125 -0.000922 3498.0
0.000125 -0.000925 3499.0
0.000124 -0.000927 3500.0
0.000123 -0.000929 3501.0
0.000123 -0.000932 3502.0
0.000122 -0.000934 3503.0
0.000121 -0.000936 3504.0
0.000121 -0.000938 3505.0
0.000120 -0.000941 3506.0
0.000119 -0.000943 3507.0
0.000119 -0.000945 3508.0
0.000118 -0.000948 3509.0
0.000118 -0.000950 3510.0
0.000117 -0.000952 3511.0
0.000116 -0.000955 3512.0
0.000116 -0.000957 3513.0
0.000115 -0.000959 3514.0
0.000114 -0.000961 3515.0
0.000114 -0.000964 3516.0
0.000113 -0.000966 3517.0
0.000112 -0.000968 3518.0
0.000105 -0.000965 3519.0
0.000104 -0.000966 3520.0
0.000103 -0.000967 3521.0
0.000102 -0.000968 3522.0
0.000101 -0.000969 3523.0
0.000100 -0.000970 3524.0
0.000099 -0.000971 3525.0
0.000098 -0.000972 3526.0
0.000097 -0.000973 3527.0
0.000096 -0.000974 3528.0
0.000095 -0.000975 3529.0
0.000094 -0.000976 3530.0
0.000093 -0.000976 3531.0
0.000092 -0.000977 3532.0
0.000091 -0.000978 3533.0
0.000090 -0.000979 3534.0
0.000089 -0.000980 3535.0
0.000088 -0.000981 3536.0
0.000087 -0.000982 3537.0
0.000086 -0.000983 3538.0
0.000085 -0.000984 3539.0
0.000084 -0.000985 3540.0
0.000083 -0.000986 3541.0
0.000082 -0.000987 3542.0
0.000081 -0.000988 3543.0
0.000080 -0.000989 3544.0
0.000079 -0.000990 3545.0
0.000078 -0.000991 3546.0
0.000077 -0.000992 3547.0
0.000076 -0.000993 3548.0
0.000075 -0.000994 3549.0
0.000074 -0.000995 3550.0
0.000073 -0.000996 3551.0
0.000072 -0.000997 3552.0
0.000071 -0.000998 3553.0
0.000071 -0.000999 3554.0
0.000070 -0.001000 3555.0
0.000069 -0.001001 3556.0
0.000068 -0.001002 3557.0
0.000067 -0.001003 3558.0
0.000066 -0.001004 3559.0
0.000065 -0.001005 3560.0
0.000064 -0.001006 3561.0
0.000063 -0.001007 3562.0
0.000062 -0.001008 3563.0
0.000061 -0.001009 3564.0
0.000060 -0.001010 3565.0
0.000059 -0.001011 3566.0
0.000058 -0.001012 3567.0
0.000057 -0.001013 3568.0
0.000056 -0.001014 3569.0
0.000055 -0.001015 3570.0
0.000054 -0.001016 3571.0
0.000053 -0.001017 3572.0
0.000052 -0.001018 3573.0
0.000051 -0.001019 3574.0
0.000046 -0.001011 3575.0
