0.000422 -0.000425 24.0
0.000422 -0.000425 25.0
0.000422 -0.000425 26.0
0.000422 -0.000425 27.0
0.000422 -0.000425 28.0
0.000422 -0.000425 29.0
0.000422 -0.000425 30.0
0.000422 -0.000425 31.0
0.000422 -0.000425 32.0
0.000422 -0.000425 33.0
0.000422 -0.000425 34.0
0.000422 -0.000425 35.0
0.000422 -0.000425 36.0
0.000422 -0.000425 37.0
0.000422 -0.000425 38.0
0.000422 -0.000425 39.0
0.000422 -0.000425 40.0
0.000422 -0.000425 41.0
0.000422 -0.000425 42.0
0.000422 -0.000425 43.0
0.000422 -0.000425 44.0
0.000422 -0.000425 45.0
0.000422 -0.000425 46.0
0.000422 -0.000425 47.0
0.000422 -0.000425 48.0
0.000422 -0.000425 49.0
0.000422 -0.000425 50.0
0.000422 -0.000425 51.0
0.000422 -0.000425 52.0
0.000422 -0.000425 53.0
0.000422 -0.000425 54.0
0.000422 -0.000425 55.0
0.000422 -0.000425 56.0
0.000422 -0.000425 57.0
0.000422 -0.000425 58.0
0.000422 -0.000425 59.0
0.000422 -0.000425 60.0
0.000422 -0.000425 61.0
0.000422 -0.000425 62.0
0.000422 -0.000425 63.0
0.000422 -0.000425 64.0
0.000422 -0.000425 65.0
0.000422 -0.000425 66.0
0.000422 -0.000425 67.0
0.000422 -0.000425 68.0
0.000422 -0.000425 69.0
0.000422 -0.000425 70.0
0.000422 -0.000425 71.0
0.000422 -0.000425 72.0
0.000422 -0.000425 73.0
0.000422 -0.000425 74.0
0.000422 -0.000425 75.0
0.000422 -0.000425 76.0
0.000422 -0.000425 77.0
0.000422 -0.000425 78.0
0.000422 -0.000425 79.0
0.000422 -0.000425 80.0
0.000422 -0.000425 81.0
0.000422 -0.000425 82.0
0.000422 -0.000425 83.0
0.000422 -0.000425 84.0
0.000422 -0.000425 85.0
0.000422 -0.000425 86.0
0.000422 -0.000425 87.0
0.000422 -0.000425 88.0
0.000422 -0.000425 89.0
0.000422 -0.000425 90.0
0.000422 -0.000425 91.0
0.000422 -0.000425 92.0
0.000422 -0.000425 93.0
0.000422 -0.000425 94.0
0.000422 -0.000425 95.0
0.000422 -0.000425 96.0
0.000422 -0.000425 97.0
0.000422 -0.000425 98.0
0.000422 -0.000425 99.0
0.000422 -0.000425 100.0
0.000422 -0.000425 101.0
0.000422 -0.000425 102.0
0.000422 -0.000425 103.0
0.000422 -0.000425 104.0
0.000422 -0.000425 105.0
0.000422 -0.000425 106.0
0.000422 -0.000425 107.0
0.000422 -0.000425 108.0
0.000422 -0.000425 109.0
0.000422 -0.000425 110.0
0.000422 -0.000425 111.0
0.000422 -0.000425 112.0
0.000422 -0.000425 113.0
0.000422 -0.000425 114.0
0.000422 -0.000425 115.0
0.000422 -0.000425 116.0
0.000422 -0.000425 117.0
0.000422 -0.000425 118.0
0.000422 -0.000425 119.0
0.000422 -0.000425 120.0
0.000422 -0.000425 121.0
0.000422 -0.000425 122.0
0.000422 -0.000425 123.0
0.000422 -0.000425 124.0
0.000422 -0.000425 125.0
0.000422 -0.000425 126.0
0.000422 -0.000425 127.0
0.000422 -0.000425 128.0
0.000422 -0.000425 129.0
0.000422 -0.000425 130.0
0.000422 -0.000425 131.0
0.000422 -0.000425 132.0
0.000422 -0.000425 133.0
0.000422 -0.000425 134.0
0.000422 -0.000425 135.0
0.000422 -0.000425 136.0
0.000423 -0.000425 137.0
0.000423 -0.000425 138.0
0.000423 -0.000425 139.0
0.000423 -0.000425 140.0
0.000423 -0.000425 141.0
0.000423 -0.000425 142.0
0.000423 -0.000425 143.0
0.000423 -0.000425 144.0
0.000423 -0.000425 145.0
0.000423 -0.000425 146.0
0.000423 -0.000425 147.0
0.000423 -0.000425 148.0
0.000423 -0.000425 149.0
0.000423 -0.000425 150.0
0.000423 -0.000425 151.0
0.000423 -0.000425 152.0
0.000423 -0.000425 153.0
0.000423 -0.000425 154.0
0.000423 -0.000425 155.0
0.000422 -0.000425 156.0
0.000422 -0.000425 157.0
0.000422 -0.000425 158.0
0.000422 -0.000425 159.0
0.000422 -0.000425 160.0
0.000422 -0.000425 161.0
0.000422 -0.000425 162.0
0.000422 -0.000425 163.0
0.000422 -0.000425 164.0
0.000422 -0.000425 165.0
0.000422 -0.000425 166.0
0.000422 -0.000425 167.0
0.000422 -0.000425 168.0
0.000422 -0.000425 169.0
0.000422 -0.000425 170.0
0.000422 -0.000425 171.0
0.000422 -0.000425 172.0
0.000422 -0.000425 173.0
0.000422 -0.000425 174.0
0.000422 -0.000425 175.0
0.000422 -0.000425 176.0
0.000422 -0.000425 177.0
0.000422 -0.000425 178.0
0.000422 -0.000425 179.0
0.000422 -0.000425 180.0
0.000422 -0.000425 181.0
0.000422 -0.000425 182.0
0.000422 -0.000425 183.0
0.000422 -0.000425 184.0
0.000422 -0.000425 185.0
0.000422 -0.000425 186.0
0.000422 -0.000426 187.0
0.000422 -0.000426 188.0
0.000422 -0.000426 189.0
0.000422 -0.000426 190.0
0.000422 -0.000426 191.0
0.000422 -0.000426 192.0
0.000422 -0.000426 193.0
0.000422 -0.000426 194.0
0.000422 -0.000426 195.0
0.000422 -0.000426 196.0
0.000422 -0.000426 197.0
0.000422 -0.000426 198.0
0.000422 -0.000426 199.0
0.000422 -0.000426 200.0
0.000422 -0.000426 201.0
0.000422 -0.000426 202.0
0.000422 -0.000426 203.0
0.000422 -0.000426 204.0
0.000422 -0.000426 205.0
0.000422 -0.000426 206.0
0.000422 -0.000426 207.0
0.000422 -0.000426 208.0
0.000422 -0.000426 209.0
0.000422 -0.000426 210.0
0.000422 -0.000426 211.0
0.000422 -0.000426 212.0
0.000422 -0.000426 213.0
0.000422 -0.000426 214.0
0.000422 -0.000426 215.0
0.000422 -0.000426 216.0
0.000422 -0.000426 217.0
0.000422 -0.000426 218.0
0.000422 -0.000426 219.0
0.000422 -0.000426 220.0
0.000422 -0.000426 221.0
0.000422 -0.000426 222.0
0.000422 -0.000426 223.0
0.000422 -0.000426 224.0
0.000422 -0.000426 225.0
0.000422 -0.000426 226.0
0.000422 -0.000427 227.0
0.000422 -0.000427 228.0
0.000422 -0.000427 229.0
0.000422 -0.000427 230.0
0.000422 -0.000427 231.0
0.000422 -0.000427 232.0
0.000422 -0.000427 233.0
0.000422 -0.000427 234.0
0.000422 -0.000427 235.0
0.000422 -0.000427 236.0
0.000422 -0.000427 237.0
0.000422 -0.000427 238.0
0.000422 -0.000427 239.0
0.000422 -0.000427 240.0
0.000422 -0.000427 241.0
0.000422 -0.000427 242.0
0.000422 -0.000427 243.0
0.000422 -0.000427 244.0
0.000422 -0.000427 245.0
0.000422 -0.000427 246.0
0.000422 -0.000427 247.0
0.000422 -0.000427 248.0
0.000422 -0.000427 249.0
0.000422 -0.000427 250.0
0.000422 -0.000427 251.0
0.000422 -0.000427 252.0
0.000421 -0.000427 253.0
0.000421 -0.000427 254.0
0.000421 -0.000427 255.0
0.000421 -0.000427 256.0
0.000421 -0.000427 257.0
0.000420 -0.000427 258.0
0.000420 -0.000427 259.0
0.000420 -0.000427 260.0
0.000420 -0.000427 261.0
0.000420 -0.000427 262.0
0.000419 -0.000427 263.0
0.000419 -0.000427 264.0
0.000419 -0.000427 265.0
0.000419 -0.000427 266.0
0.000419 -0.000427 267.0
0.000418 -0.000427 268.0
0.000418 -0.000427 269.0
0.000418 -0.000427 270.0
0.000418 -0.000427 271.0
0.000418 -0.000427 272.0
0.000418 -0.000427 273.0
0.000417 -0.000427 274.0
0.000417 -0.000427 275.0
0.000417 -0.000427 276.0
0.000417 -0.000427 277.0
0.000417 -0.000427 278.0
0.000416 -0.000427 279.0
0.000416 -0.000427 280.0
0.000416 -0.000427 281.0
0.000416 -0.000427 282.0
0.000416 -0.000427 283.0
0.000415 -0.000427 284.0
0.000415 -0.000427 285.0
0.000415 -0.000427 286.0
0.000415 -0.000427 287.0
0.000415 -0.000427 288.0
0.000414 -0.000427 289.0
0.000414 -0.000427 290.0
0.000414 -0.000427 291.0
0.000414 -0.000427 292.0
0.000414 -0.000427 293.0
0.000413 -0.000427 294.0
0.000413 -0.000427 295.0
0.000413 -0.000427 296.0
0.000413 -0.000427 297.0
0.000413 -0.000427 298.0
0.000412 -0.000427 299.0
0.000412 -0.000427 300.0
0.000412 -0.000427 301.0
0.000412 -0.000427 302.0
0.000412 -0.000427 303.0
0.000411 -0.000427 304.0
0.000411 -0.000427 305.0
0.000411 -0.000427 306.0
0.000411 -0.000427 307.0
0.000411 -0.000427 308.0
0.000411 -0.000427 309.0
0.000411 -0.000426 310.0
0.000411 -0.000426 311.0
0.000411 -0.000425 312.0
0.000411 -0.000425 313.0
0.000411 -0.000425 314.0
0.000411 -0.000424 315.0
0.000411 -0.000424 316.0
0.000411 -0.000423 317.0
0.000411 -0.000423 318.0
0.000411 -0.000422 319.0
0.000411 -0.000422 320.0
0.000411 -0.000422 321.0
0.000411 -0.000421 322.0
0.000411 -0.000421 323.0
0.000411 -0.000420 324.0
0.000411 -0.000420 325.0
0.000411 -0.000419 326.0
0.000411 -0.000419 327.0
0.000411 -0.000418 328.0
0.000411 -0.000418 329.0
0.000411 -0.000418 330.0
0.000411 -0.000417 331.0
0.000411 -0.000417 332.0
0.000411 -0.000416 333.0
0.000411 -0.000416 334.0
0.000411 -0.000415 335.0
0.000411 -0.000415 336.0
0.000411 -0.000415 337.0
0.000411 -0.000414 338.0
0.000411 -0.000414 339.0
0.000411 -0.000413 340.0
0.000412 -0.000413 341.0
0.000412 -0.000412 342.0
0.000412 -0.000412 343.0
0.000412 -0.000411 344.0
0.000412 -0.000411 345.0
0.000412 -0.000411 346.0
0.000412 -0.000410 347.0
0.000412 -0.000410 348.0
0.000412 -0.000409 349.0
0.000412 -0.000409 350.0
0.000412 -0.000408 351.0
0.000412 -0.000408 352.0
0.000412 -0.000408 353.0
0.000412 -0.000407 354.0
0.000412 -0.000407 355.0
0.000412 -0.000406 356.0
0.000412 -0.000406 357.0
0.000412 -0.000405 358.0
0.000412 -0.000405 359.0
0.000412 -0.000404 360.0
0.000412 -0.000404 361.0
0.000412 -0.000404 362.0
0.000412 -0.000403 363.0
0.000412 -0.000403 364.0
0.000412 -0.000402 365.0
0.000412 -0.000402 366.0
0.000412 -0.000401 367.0
0.000413 -0.000401 368.0
0.000413 -0.000402 369.0
0.000414 -0.000402 370.0
0.000415 -0.000402 371.0
0.000416 -0.000402 372.0
0.000417 -0.000402 373.0
0.000418 -0.000402 374.0
0.000419 -0.000402 375.0
0.000420 -0.000402 376.0
0.000421 -0.000402 377.0
0.000422 -0.000402 378.0
0.000423 -0.000402 379.0
0.000424 -0.000402 380.0
0.000425 -0.000402 381.0
0.000425 -0.000402 382.0
0.000426 -0.000402 383.0
0.000427 -0.000402 384.0
0.000428 -0.000402 385.0
0.000429 -0.000403 386.0
0.000430 -0.000403 387.0
0.000431 -0.000403 388.0
0.000432 -0.000403 389.0
0.000433 -0.000403 390.0
0.000434 -0.000403 391.0
0.000435 -0.000403 392.0
0.000436 -0.000403 393.0
0.000437 -0.000403 394.0
0.000437 -0.000403 395.0
0.000438 -0.000403 396.0
0.000439 -0.000403 397.0
0.000440 -0.000403 398.0
0.000441 -0.000403 399.0
0.000442 -0.000403 400.0
0.000443 -0.000403 401.0
0.000444 -0.000403 402.0
0.000445 -0.000404 403.0
0.000446 -0.000404 404.0
0.000447 -0.000404 405.0
0.000448 -0.000404 406.0
0.000448 -0.000404 407.0
0.000449 -0.000404 408.0
0.000450 -0.000404 409.0
0.000451 -0.000404 410.0
0.000452 -0.000404 411.0
0.000453 -0.000404 412.0
0.000454 -0.000404 413.0
0.000455 -0.000404 414.0
0.000456 -0.000404 415.0
0.000457 -0.000404 416.0
0.000458 -0.000404 417.0
0.000459 -0.000404 418.0
0.000460 -0.000404 419.0
0.000460 -0.000405 420.0
0.000461 -0.000405 421.0
0.000462 -0.000405 422.0
0.000463 -0.000405 423.0
0.000464 -0.000405 424.0
0.000465 -0.000405 425.0
0.000466 -0.000405 426.0
0.000467 -0.000405 427.0
0.000468 -0.000405 428.0
0.000468 -0.000404 429.0
0.000470 -0.000405 430.0
0.000472 -0.000406 431.0
0.000473 -0.000407 432.0
0.000475 -0.000408 433.0
0.000477 -0.000409 434.0
0.000479 -0.000410 435.0
0.000481 -0.000411 436.0
0.000483 -0.000412 437.0
0.000485 -0.000413 438.0
0.000486 -0.000414 439.0
0.000488 -0.000415 440.0
0.000490 -0.000415 441.0
0.000492 -0.000416 442.0
0.000494 -0.000417 443.0
0.000496 -0.000418 444.0
0.000498 -0.000419 445.0
0.000500 -0.000420 446.0
0.000501 -0.000421 447.0
0.000503 -0.000422 448.0
0.000505 -0.000423 449.0
0.000507 -0.000424 450.0
0.000509 -0.000425 451.0
0.000511 -0.000426 452.0
0.000513 -0.000427 453.0
0.000514 -0.000428 454.0
0.000516 -0.000429 455.0
0.000518 -0.000429 456.0
0.000520 -0.000430 457.0
0.000522 -0.000431 458.0
0.000524 -0.000432 459.0
0.000526 -0.000433 460.0
0.000527 -0.000434 461.0
0.000529 -0.000435 462.0
0.000531 -0.000436 463.0
0.000533 -0.000437 464.0
0.000535 -0.000438 465.0
0.000537 -0.000439 466.0
0.000539 -0.000440 467.0
0.000540 -0.000441 468.0
0.000542 -0.000442 469.0
0.000544 -0.000443 470.0
0.000546 -0.000443 471.0
0.000548 -0.000444 472.0
0.000550 -0.000445 473.0
0.000552 -0.000446 474.0
0.000554 -0.000447 475.0
0.000555 -0.000448 476.0
0.000557 -0.000449 477.0
0.000559 -0.000450 478.0
0.000561 -0.000451 479.0
0.000563 -0.000452 480.0
0.000565 -0.000453 481.0
0.000567 -0.000454 482.0
0.000569 -0.000445 483.0
0.000570 -0.000446 484.0
0.000571 -0.000447 485.0
0.000572 -0.000448 486.0
0.000573 -0.000449 487.0
0.000574 -0.000450 488.0
0.000575 -0.000452 489.0
0.000576 -0.000453 490.0
0.000577 -0.000454 491.0
0.000578 -0.000455 492.0
0.000579 -0.000456 493.0
0.000580 -0.000457 494.0
0.000581 -0.000459 495.0
0.000582 -0.000460 496.0
0.000582 -0.000461 497.0
0.000583 -0.000462 498.0
0.000584 -0.000463 499.0
0.000585 -0.000464 500.0
0.000586 -0.000466 501.0
0.000587 -0.000467 502.0
0.000588 -0.000468 503.0
0.000589 -0.000469 504.0
0.000590 -0.000470 505.0
0.000591 -0.000471 506.0
0.000592 -0.000473 507.0
0.000593 -0.000474 508.0
0.000594 -0.000475 509.0
0.000595 -0.000476 510.0
0.000596 -0.000477 511.0
0.000597 -0.000478 512.0
0.000598 -0.000480 513.0
0.000599 -0.000481 514.0
0.000600 -0.000482 515.0
0.000601 -0.000483 516.0
0.000602 -0.000484 517.0
0.000602 -0.000485 518.0
0.000603 -0.000487 519.0
0.000604 -0.000488 520.0
0.000605 -0.000489 521.0
0.000606 -0.000490 522.0
0.000607 -0.000491 523.0
0.000608 -0.000492 524.0
0.000609 -0.000494 525.0
0.000610 -0.000495 526.0
0.000611 -0.000496 527.0
0.000612 -0.000497 528.0
0.000613 -0.000498 529.0
0.000614 -0.000499 530.0
0.000615 -0.000501 531.0
0.000616 -0.000502 532.0
0.000617 -0.000503 533.0
0.000618 -0.000504 534.0
0.000619 -0.000505 535.0
0.000620 -0.000506 536.0
0.000621 -0.000508 537.0
0.000622 -0.000509 538.0
0.000622 -0.000510 539.0
0.000623 -0.000511 540.0
0.000624 -0.000512 541.0
0.000625 -0.000513 542.0
0.000631 -0.000505 543.0
0.000631 -0.000506 544.0
0.000632 -0.000506 545.0
0.000632 -0.000506 546.0
0.000632 -0.000507 547.0
0.000633 -0.000507 548.0
0.000633 -0.000508 549.0
0.000633 -0.000508 550.0
0.000634 -0.000509 551.0
0.000634 -0.000509 552.0
0.000634 -0.000510 553.0
0.000635 -0.000510 554.0
0.000635 -0.000511 555.0
0.000635 -0.000511 556.0
0.000635 -0.000512 557.0
0.000636 -0.000512 558.0
0.000636 -0.000513 559.0
0.000636 -0.000513 560.0
0.000637 -0.000514 561.0
0.000637 -0.000514 562.0
0.000637 -0.000515 563.0
0.000638 -0.000515 564.0
0.000638 -0.000516 565.0
0.000638 -0.000516 566.0
0.000639 -0.000517 567.0
0.000639 -0.000517 568.0
0.000639 -0.000518 569.0
0.000640 -0.000518 570.0
0.000640 -0.000519 571.0
0.000640 -0.000519 572.0
0.000640 -0.000520 573.0
0.000641 -0.000520 574.0
0.000641 -0.000520 575.0
0.000641 -0.000521 576.0
0.000642 -0.000521 577.0
0.000642 -0.000522 578.0
0.000642 -0.000522 579.0
0.000643 -0.000523 580.0
0.000643 -0.000523 581.0
0.000643 -0.000524 582.0
0.000644 -0.000524 583.0
0.000644 -0.000525 584.0
0.000644 -0.000525 585.0
0.000644 -0.000526 586.0
0.000645 -0.000526 587.0
0.000645 -0.000527 588.0
0.000645 -0.000527 589.0
0.000646 -0.000528 590.0
0.000646 -0.000528 591.0
0.000646 -0.000529 592.0
0.000647 -0.000529 593.0
0.000647 -0.000530 594.0
0.000647 -0.000530 595.0
0.000648 -0.000531 596.0
0.000648 -0.000531 597.0
0.000648 -0.000532 598.0
0.000649 -0.000532 599.0
0.000649 -0.000533 600.0
0.000649 -0.000533 601.0
0.000649 -0.000533 602.0
0.000652 -0.000531 603.0
0.000652 -0.000531 604.0
0.000652 -0.000531 605.0
0.000653 -0.000532 606.0
0.000653 -0.000532 607.0
0.000653 -0.000532 608.0
0.000654 -0.000533 609.0
0.000654 -0.000533 610.0
0.000654 -0.000533 611.0
0.000655 -0.000534 612.0
0.000655 -0.000534 613.0
0.000655 -0.000534 614.0
0.000655 -0.000535 615.0
0.000656 -0.000535 616.0
0.000656 -0.000535 617.0
0.000656 -0.000535 618.0
0.000657 -0.000536 619.0
0.000657 -0.000536 620.0
0.000657 -0.000536 621.0
0.000657 -0.000537 622.0
0.000658 -0.000537 623.0
0.000658 -0.000537 624.0
0.000658 -0.000538 625.0
0.000659 -0.000538 626.0
0.000659 -0.000538 627.0
0.000659 -0.000539 628.0
0.000660 -0.000539 629.0
0.000660 -0.000539 630.0
0.000660 -0.000540 631.0
0.000660 -0.000540 632.0
0.000661 -0.000540 633.0
0.000661 -0.000541 634.0
0.000661 -0.000541 635.0
0.000662 -0.000541 636.0
0.000662 -0.000542 637.0
0.000662 -0.000542 638.0
0.000663 -0.000542 639.0
0.000663 -0.000542 640.0
0.000663 -0.000543 641.0
0.000663 -0.000543 642.0
0.000664 -0.000543 643.0
0.000664 -0.000544 644.0
0.000664 -0.000544 645.0
0.000665 -0.000544 646.0
0.000665 -0.000545 647.0
0.000665 -0.000545 648.0
0.000665 -0.000545 649.0
0.000666 -0.000546 650.0
0.000666 -0.000546 651.0
0.000666 -0.000546 652.0
0.000667 -0.000547 653.0
0.000667 -0.000547 654.0
0.000667 -0.000547 655.0
0.000668 -0.000548 656.0
0.000668 -0.000548 657.0
0.000668 -0.000548 658.0
0.000668 -0.000548 659.0
0.000669 -0.000549 660.0
0.000669 -0.000549 661.0
0.000669 -0.000549 662.0
0.000670 -0.000550 663.0
0.000670 -0.000550 664.0
0.000670 -0.000550 665.0
0.000670 -0.000551 666.0
0.000671 -0.000551 667.0
0.000672 -0.000548 668.0
0.000673 -0.000548 669.0
0.000673 -0.000549 670.0
0.000674 -0.000549 671.0
0.000674 -0.000549 672.0
0.000674 -0.000549 673.0
0.000675 -0.000549 674.0
0.000675 -0.000549 675.0
0.000675 -0.000549 676.0
0.000676 -0.000550 677.0
0.000676 -0.000550 678.0
0.000677 -0.000550 679.0
0.000677 -0.000550 680.0
0.000677 -0.000550 681.0
0.000678 -0.000550 682.0
0.000678 -0.000550 683.0
0.000678 -0.000550 684.0
0.000679 -0.000551 685.0
0.000679 -0.000551 686.0
0.000680 -0.000551 687.0
0.000680 -0.000551 688.0
0.000680 -0.000551 689.0
0.000681 -0.000551 690.0
0.000681 -0.000551 691.0
0.000681 -0.000552 692.0
0.000682 -0.000552 693.0
0.000682 -0.000552 694.0
0.000683 -0.000552 695.0
0.000683 -0.000552 696.0
0.000683 -0.000552 697.0
0.000684 -0.000552 698.0
0.000684 -0.000552 699.0
0.000685 -0.000553 700.0
0.000685 -0.000553 701.0
0.000685 -0.000553 702.0
0.000686 -0.000553 703.0
0.000686 -0.000553 704.0
0.000686 -0.000553 705.0
0.000687 -0.000553 706.0
0.000687 -0.000554 707.0
0.000688 -0.000554 708.0
0.000688 -0.000554 709.0
0.000688 -0.000554 710.0
0.000689 -0.000554 711.0
0.000689 -0.000554 712.0
0.000689 -0.000554 713.0
0.000690 -0.000554 714.0
0.000690 -0.000555 715.0
0.000691 -0.000555 716.0
0.000691 -0.000555 717.0
0.000691 -0.000555 718.0
0.000692 -0.000555 719.0
0.000692 -0.000555 720.0
0.000692 -0.000555 721.0
0.000693 -0.000556 722.0
0.000693 -0.000556 723.0
0.000694 -0.000556 724.0
0.000694 -0.000554 725.0
0.000694 -0.000554 726.0
0.000694 -0.000555 727.0
0.000694 -0.000555 728.0
0.000694 -0.000555 729.0
0.000694 -0.000555 730.0
0.000694 -0.000555 731.0
0.000694 -0.000555 732.0
0.000694 -0.000555 733.0
0.000694 -0.000555 734.0
0.000694 -0.000555 735.0
0.000694 -0.000555 736.0
0.000695 -0.000555 737.0
0.000695 -0.000555 738.0
0.000695 -0.000555 739.0
0.000695 -0.000555 740.0
0.000695 -0.000555 741.0
0.000695 -0.000555 742.0
0.000695 -0.000555 743.0
0.000695 -0.000555 744.0
0.000695 -0.000556 745.0
0.000695 -0.000556 746.0
0.000695 -0.000556 747.0
0.000695 -0.000556 748.0
0.000695 -0.000556 749.0
0.000695 -0.000556 750.0
0.000695 -0.000556 751.0
0.000695 -0.000556 752.0
0.000695 -0.000556 753.0
0.000695 -0.000556 754.0
0.000695 -0.000556 755.0
0.000696 -0.000556 756.0
0.000696 -0.000556 757.0
0.000696 -0.000556 758.0
0.000696 -0.000556 759.0
0.000696 -0.000556 760.0
0.000696 -0.000556 761.0
0.000696 -0.000557 762.0
0.000696 -0.000557 763.0
0.000696 -0.000557 764.0
0.000696 -0.000557 765.0
0.000696 -0.000557 766.0
0.000696 -0.000557 767.0
0.000696 -0.000557 768.0
0.000696 -0.000557 769.0
0.000696 -0.000557 770.0
0.000696 -0.000557 771.0
0.000697 -0.000557 772.0
0.000697 -0.000557 773.0
0.000697 -0.000558 774.0
0.000697 -0.000558 775.0
0.000697 -0.000559 776.0
0.000697 -0.000559 777.0
0.000697 -0.000560 778.0
0.000697 -0.000560 779.0
0.000697 -0.000561 780.0
0.000697 -0.000561 781.0
0.000697 -0.000562 782.0
0.000697 -0.000562 783.0
0.000697 -0.000562 784.0
0.000697 -0.000562 785.0
0.000697 -0.000562 786.0
0.000697 -0.000562 787.0
0.000697 -0.000562 788.0
0.000697 -0.000562 789.0
0.000696 -0.000562 790.0
0.000696 -0.000562 791.0
0.000696 -0.000562 792.0
0.000696 -0.000562 793.0
0.000696 -0.000562 794.0
0.000696 -0.000562 795.0
0.000696 -0.000562 796.0
0.000696 -0.000562 797.0
0.000695 -0.000562 798.0
0.000695 -0.000562 799.0
0.000695 -0.000562 800.0
0.000695 -0.000562 801.0
0.000695 -0.000562 802.0
0.000695 -0.000562 803.0
0.000695 -0.000562 804.0
0.000695 -0.000562 805.0
0.000695 -0.000562 806.0
0.000694 -0.000562 807.0
0.000694 -0.000563 808.0
0.000694 -0.000563 809.0
0.000694 -0.000563 810.0
0.000694 -0.000563 811.0
0.000694 -0.000563 812.0
0.000694 -0.000563 813.0
0.000694 -0.000563 814.0
0.000693 -0.000563 815.0
0.000693 -0.000563 816.0
0.000693 -0.000563 817.0
0.000693 -0.000563 818.0
0.000693 -0.000563 819.0
0.000693 -0.000563 820.0
0.000693 -0.000563 821.0
0.000693 -0.000563 822.0
0.000692 -0.000563 823.0
0.000692 -0.000563 824.0
0.000692 -0.000563 825.0
0.000692 -0.000563 826.0
0.000692 -0.000563 827.0
0.000692 -0.000562 828.0
0.000692 -0.000562 829.0
0.000692 -0.000562 830.0
0.000692 -0.000562 831.0
0.000692 -0.000562 832.0
0.000692 -0.000562 833.0
0.000692 -0.000561 834.0
0.000692 -0.000561 835.0
0.000692 -0.000561 836.0
0.000692 -0.000561 837.0
0.000692 -0.000561 838.0
0.000692 -0.000561 839.0
0.000692 -0.000560 840.0
0.000692 -0.000560 841.0
0.000692 -0.000560 842.0
0.000692 -0.000560 843.0
0.000692 -0.000560 844.0
0.000692 -0.000560 845.0
0.000692 -0.000559 846.0
0.000692 -0.000559 847.0
0.000692 -0.000559 848.0
0.000692 -0.000559 849.0
0.000692 -0.000559 850.0
0.000692 -0.000559 851.0
0.000692 -0.000558 852.0
0.000692 -0.000558 853.0
0.000692 -0.000558 854.0
0.000692 -0.000558 855.0
0.000692 -0.000558 856.0
0.000692 -0.000558 857.0
0.000692 -0.000557 858.0
0.000692 -0.000557 859.0
0.000692 -0.000557 860.0
0.000693 -0.000557 861.0
0.000693 -0.000558 862.0
0.000694 -0.000558 863.0
0.000694 -0.000558 864.0
0.000695 -0.000558 865.0
0.000695 -0.000558 866.0
0.000696 -0.000558 867.0
0.000696 -0.000558 868.0
0.000697 -0.000558 869.0
0.000697 -0.000558 870.0
0.000698 -0.000558 871.0
0.000698 -0.000558 872.0
0.000699 -0.000558 873.0
0.000699 -0.000558 874.0
0.000700 -0.000558 875.0
0.000700 -0.000558 876.0
0.000701 -0.000558 877.0
0.000702 -0.000558 878.0
0.000702 -0.000558 879.0
0.000703 -0.000558 880.0
0.000703 -0.000558 881.0
0.000704 -0.000558 882.0
0.000704 -0.000558 883.0
0.000705 -0.000558 884.0
0.000705 -0.000558 885.0
0.000706 -0.000558 886.0
0.000706 -0.000559 887.0
0.000707 -0.000559 888.0
0.000707 -0.000559 889.0
0.000708 -0.000559 890.0
0.000708 -0.000559 891.0
0.000709 -0.000559 892.0
0.000709 -0.000559 893.0
0.000710 -0.000559 894.0
0.000710 -0.000559 895.0
0.000711 -0.000559 896.0
0.000712 -0.000559 897.0
0.000712 -0.000559 898.0
0.000713 -0.000559 899.0
0.000713 -0.000559 900.0
0.000714 -0.000559 901.0
0.000714 -0.000559 902.0
0.000715 -0.000559 903.0
0.000715 -0.000559 904.0
0.000716 -0.000559 905.0
0.000716 -0.000559 906.0
0.000717 -0.000559 907.0
0.000717 -0.000559 908.0
0.000718 -0.000559 909.0
0.000718 -0.000559 910.0
0.000719 -0.000560 911.0
0.000719 -0.000560 912.0
0.000720 -0.000560 913.0
0.000720 -0.000560 914.0
0.000721 -0.000560 915.0
0.000722 -0.000560 916.0
0.000722 -0.000560 917.0
0.000723 -0.000560 918.0
0.000723 -0.000560 919.0
0.000724 -0.000560 920.0
0.000724 -0.000560 921.0
0.000725 -0.000560 922.0
0.000725 -0.000560 923.0
0.000726 -0.000560 924.0
0.000726 -0.000560 925.0
0.000727 -0.000560 926.0
0.000727 -0.000560 927.0
0.000728 -0.000560 928.0
0.000728 -0.000560 929.0
0.000729 -0.000560 930.0
0.000729 -0.000560 931.0
0.000730 -0.000560 932.0
0.000730 -0.000560 933.0
0.000731 -0.000560 934.0
0.000732 -0.000561 935.0
0.000732 -0.000561 936.0
0.000733 -0.000561 937.0
0.000733 -0.000561 938.0
0.000734 -0.000561 939.0
0.000734 -0.000560 940.0
0.000734 -0.000561 941.0
0.000734 -0.000561 942.0
0.000734 -0.000562 943.0
0.000734 -0.000562 944.0
0.000734 -0.000563 945.0
0.000733 -0.000564 946.0
0.000733 -0.000564 947.0
0.000733 -0.000565 948.0
0.000733 -0.000565 949.0
0.000733 -0.000566 950.0
0.000733 -0.000567 951.0
0.000733 -0.000567 952.0
0.000733 -0.000568 953.0
0.000733 -0.000568 954.0
0.000733 -0.000569 955.0
0.000733 -0.000569 956.0
0.000733 -0.000570 957.0
0.000733 -0.000571 958.0
0.000733 -0.000571 959.0
0.000733 -0.000572 960.0
0.000733 -0.000572 961.0
0.000733 -0.000573 962.0
0.000733 -0.000574 963.0
0.000733 -0.000574 964.0
0.000733 -0.000575 965.0
0.000733 -0.000575 966.0
0.000733 -0.000576 967.0
0.000733 -0.000577 968.0
0.000733 -0.000577 969.0
0.000733 -0.000578 970.0
0.000733 -0.000578 971.0
0.000733 -0.000579 972.0
0.000733 -0.000580 973.0
0.000733 -0.000580 974.0
0.000733 -0.000581 975.0
0.000733 -0.000581 976.0
0.000733 -0.000582 977.0
0.000733 -0.000582 978.0
0.000732 -0.000583 979.0
0.000732 -0.000584 980.0
0.000732 -0.000584 981.0
0.000732 -0.000585 982.0
0.000732 -0.000585 983.0
0.000732 -0.000586 984.0
0.000732 -0.000587 985.0
0.000732 -0.000587 986.0
0.000732 -0.000587 987.0
0.000732 -0.000587 988.0
0.000732 -0.000587 989.0
0.000732 -0.000587 990.0
0.000732 -0.000587 991.0
0.000732 -0.000587 992.0
0.000732 -0.000587 993.0
0.000732 -0.000587 994.0
0.000732 -0.000587 995.0
0.000732 -0.000587 996.0
0.000732 -0.000587 997.0
0.000732 -0.000587 998.0
0.000732 -0.000587 999.0
0.000732 -0.000587 1000.0
0.000732 -0.000588 1001.0
0.000732 -0.000589 1002.0
0.000732 -0.000589 1003.0
0.000732 -0.000590 1004.0
0.000732 -0.000591 1005.0
0.000732 -0.000591 1006.0
0.000732 -0.000592 1007.0
0.000731 -0.000593 1008.0
0.000731 -0.000593 1009.0
0.000731 -0.000594 1010.0
0.000731 -0.000595 1011.0
0.000731 -0.000595 1012.0
0.000731 -0.000596 1013.0
0.000731 -0.000597 1014.0
0.000731 -0.000597 1015.0
0.000730 -0.000596 1016.0
0.000730 -0.000596 1017.0
0.000730 -0.000596 1018.0
0.000729 -0.000596 1019.0
0.000729 -0.000596 1020.0
0.000728 -0.000596 1021.0
0.000728 -0.000596 1022.0
0.000727 -0.000596 1023.0
0.000727 -0.000596 1024.0
0.000726 -0.000596 1025.0
0.000726 -0.000596 1026.0
0.000725 -0.000595 1027.0
0.000725 -0.000595 1028.0
0.000724 -0.000595 1029.0
0.000724 -0.000595 1030.0
0.000723 -0.000595 1031.0
0.000723 -0.000595 1032.0
0.000722 -0.000595 1033.0
0.000722 -0.000595 1034.0
0.000722 -0.000595 1035.0
0.000721 -0.000595 1036.0
0.000721 -0.000595 1037.0
0.000720 -0.000594 1038.0
0.000720 -0.000594 1039.0
0.000719 -0.000594 1040.0
0.000719 -0.000594 1041.0
0.000718 -0.000594 1042.0
0.000718 -0.000594 1043.0
0.000717 -0.000594 1044.0
0.000717 -0.000594 1045.0
0.000716 -0.000594 1046.0
0.000716 -0.000594 1047.0
0.000715 -0.000594 1048.0
0.000715 -0.000593 1049.0
0.000714 -0.000593 1050.0
0.000714 -0.000593 1051.0
0.000714 -0.000593 1052.0
0.000713 -0.000593 1053.0
0.000713 -0.000593 1054.0
0.000712 -0.000593 1055.0
0.000712 -0.000593 1056.0
0.000711 -0.000593 1057.0
0.000711 -0.000593 1058.0
0.000710 -0.000593 1059.0
0.000710 -0.000592 1060.0
0.000709 -0.000592 1061.0
0.000709 -0.000592 1062.0
0.000708 -0.000592 1063.0
0.000708 -0.000592 1064.0
0.000707 -0.000592 1065.0
0.000707 -0.000592 1066.0
0.000706 -0.000592 1067.0
0.000706 -0.000592 1068.0
0.000706 -0.000592 1069.0
0.000705 -0.000591 1070.0
0.000705 -0.000591 1071.0
0.000704 -0.000591 1072.0
0.000704 -0.000591 1073.0
0.000703 -0.000591 1074.0
0.000703 -0.000591 1075.0
0.000702 -0.000591 1076.0
0.000702 -0.000591 1077.0
0.000701 -0.000591 1078.0
0.000701 -0.000591 1079.0
0.000700 -0.000591 1080.0
0.000700 -0.000590 1081.0
0.000699 -0.000590 1082.0
0.000699 -0.000590 1083.0
0.000698 -0.000590 1084.0
0.000698 -0.000590 1085.0
0.000698 -0.000590 1086.0
0.000697 -0.000590 1087.0
0.000697 -0.000590 1088.0
0.000696 -0.000590 1089.0
0.000696 -0.000590 1090.0
0.000695 -0.000590 1091.0
0.000695 -0.000589 1092.0
0.000694 -0.000589 1093.0
0.000694 -0.000589 1094.0
0.000693 -0.000589 1095.0
0.000693 -0.000589 1096.0
0.000692 -0.000589 1097.0
0.000692 -0.000589 1098.0
0.000691 -0.000589 1099.0
0.000691 -0.000589 1100.0
0.000690 -0.000589 1101.0
0.000690 -0.000590 1102.0
0.000690 -0.000590 1103.0
0.000689 -0.000590 1104.0
0.000688 -0.000590 1105.0
0.000687 -0.000589 1106.0
0.000686 -0.000589 1107.0
0.000686 -0.000589 1108.0
0.000685 -0.000589 1109.0
0.000684 -0.000589 1110.0
0.000683 -0.000589 1111.0
0.000682 -0.000588 1112.0
0.000682 -0.000588 1113.0
0.000681 -0.000588 1114.0
0.000680 -0.000588 1115.0
0.000679 -0.000588 1116.0
0.000678 -0.000588 1117.0
0.000678 -0.000587 1118.0
0.000677 -0.000587 1119.0
0.000676 -0.000587 1120.0
0.000675 -0.000587 1121.0
0.000675 -0.000587 1122.0
0.000674 -0.000586 1123.0
0.000673 -0.000586 1124.0
0.000672 -0.000586 1125.0
0.000671 -0.000586 1126.0
0.000671 -0.000586 1127.0
0.000670 -0.000586 1128.0
0.000669 -0.000585 1129.0
0.000668 -0.000585 1130.0
0.000667 -0.000585 1131.0
0.000667 -0.000585 1132.0
0.000666 -0.000585 1133.0
0.000665 -0.000585 1134.0
0.000664 -0.000584 1135.0
0.000663 -0.000584 1136.0
0.000663 -0.000584 1137.0
0.000662 -0.000584 1138.0
0.000661 -0.000584 1139.0
0.000660 -0.000583 1140.0
0.000660 -0.000583 1141.0
0.000659 -0.000583 1142.0
0.000658 -0.000583 1143.0
0.000657 -0.000583 1144.0
0.000656 -0.000583 1145.0
0.000656 -0.000582 1146.0
0.000655 -0.000582 1147.0
0.000654 -0.000582 1148.0
0.000653 -0.000582 1149.0
0.000652 -0.000582 1150.0
0.000652 -0.000581 1151.0
0.000651 -0.000581 1152.0
0.000650 -0.000581 1153.0
0.000649 -0.000581 1154.0
0.000648 -0.000581 1155.0
0.000648 -0.000581 1156.0
0.000647 -0.000580 1157.0
0.000646 -0.000580 1158.0
0.000645 -0.000580 1159.0
0.000645 -0.000580 1160.0
0.000644 -0.000580 1161.0
0.000643 -0.000582 1162.0
0.000643 -0.000581 1163.0
0.000643 -0.000581 1164.0
0.000642 -0.000580 1165.0
0.000642 -0.000580 1166.0
0.000642 -0.000579 1167.0
0.000641 -0.000579 1168.0
0.000641 -0.000578 1169.0
0.000640 -0.000578 1170.0
0.000640 -0.000577 1171.0
0.000640 -0.000577 1172.0
0.000639 -0.000576 1173.0
0.000639 -0.000576 1174.0
0.000638 -0.000575 1175.0
0.000638 -0.000575 1176.0
0.000638 -0.000574 1177.0
0.000637 -0.000574 1178.0
0.000637 -0.000573 1179.0
0.000636 -0.000573 1180.0
0.000636 -0.000572 1181.0
0.000636 -0.000572 1182.0
0.000635 -0.000571 1183.0
0.000635 -0.000571 1184.0
0.000634 -0.000570 1185.0
0.000634 -0.000570 1186.0
0.000634 -0.000569 1187.0
0.000633 -0.000569 1188.0
0.000633 -0.000568 1189.0
0.000632 -0.000568 1190.0
0.000632 -0.000567 1191.0
0.000632 -0.000567 1192.0
0.000631 -0.000566 1193.0
0.000631 -0.000566 1194.0
0.000630 -0.000565 1195.0
0.000630 -0.000565 1196.0
0.000630 -0.000564 1197.0
0.000629 -0.000564 1198.0
0.000629 -0.000563 1199.0
0.000628 -0.000563 1200.0
0.000628 -0.000562 1201.0
0.000628 -0.000562 1202.0
0.000627 -0.000561 1203.0
0.000627 -0.000561 1204.0
0.000626 -0.000560 1205.0
0.000626 -0.000560 1206.0
0.000626 -0.000559 1207.0
0.000625 -0.000559 1208.0
0.000625 -0.000558 1209.0
0.000624 -0.000558 1210.0
0.000624 -0.000557 1211.0
0.000624 -0.000557 1212.0
0.000623 -0.000556 1213.0
0.000623 -0.000556 1214.0
0.000622 -0.000555 1215.0
0.000622 -0.000555 1216.0
0.000622 -0.000554 1217.0
0.000621 -0.000554 1218.0
0.000621 -0.000553 1219.0
0.000620 -0.000553 1220.0
0.000620 -0.000552 1221.0
0.000617 -0.000556 1222.0
0.000617 -0.000555 1223.0
0.000616 -0.000554 1224.0
0.000616 -0.000553 1225.0
0.000615 -0.000552 1226.0
0.000615 -0.000551 1227.0
0.000614 -0.000550 1228.0
0.000613 -0.000549 1229.0
0.000613 -0.000548 1230.0
0.000612 -0.000548 1231.0
0.000612 -0.000547 1232.0
0.000611 -0.000546 1233.0
0.000610 -0.000545 1234.0
0.000610 -0.000544 1235.0
0.000609 -0.000543 1236.0
0.000609 -0.000542 1237.0
0.000608 -0.000541 1238.0
0.000608 -0.000540 1239.0
0.000607 -0.000539 1240.0
0.000606 -0.000538 1241.0
0.000606 -0.000537 1242.0
0.000605 -0.000537 1243.0
0.000605 -0.000536 1244.0
0.000604 -0.000535 1245.0
0.000604 -0.000534 1246.0
0.000603 -0.000533 1247.0
0.000602 -0.000532 1248.0
0.000602 -0.000531 1249.0
0.000601 -0.000530 1250.0
0.000601 -0.000529 1251.0
0.000600 -0.000528 1252.0
0.000599 -0.000527 1253.0
0.000599 -0.000527 1254.0
0.000598 -0.000526 1255.0
0.000598 -0.000525 1256.0
0.000597 -0.000524 1257.0
0.000597 -0.000523 1258.0
0.000596 -0.000522 1259.0
0.000595 -0.000521 1260.0
0.000595 -0.000520 1261.0
0.000594 -0.000519 1262.0
0.000594 -0.000518 1263.0
0.000593 -0.000517 1264.0
0.000593 -0.000517 1265.0
0.000592 -0.000516 1266.0
0.000591 -0.000515 1267.0
0.000591 -0.000514 1268.0
0.000590 -0.000513 1269.0
0.000590 -0.000512 1270.0
0.000589 -0.000511 1271.0
0.000588 -0.000510 1272.0
0.000588 -0.000509 1273.0
0.000587 -0.000508 1274.0
0.000587 -0.000507 1275.0
0.000586 -0.000507 1276.0
0.000586 -0.000506 1277.0
0.000585 -0.000505 1278.0
0.000584 -0.000504 1279.0
0.000584 -0.000503 1280.0
0.000583 -0.000502 1281.0
0.000579 -0.000507 1282.0
0.000579 -0.000507 1283.0
0.000579 -0.000507 1284.0
0.000579 -0.000506 1285.0
0.000579 -0.000506 1286.0
0.000579 -0.000506 1287.0
0.000580 -0.000505 1288.0
0.000580 -0.000505 1289.0
0.000580 -0.000505 1290.0
0.000580 -0.000505 1291.0
0.000580 -0.000504 1292.0
0.000580 -0.000504 1293.0
0.000580 -0.000504 1294.0
0.000581 -0.000503 1295.0
0.000581 -0.000503 1296.0
0.000581 -0.000503 1297.0
0.000581 -0.000503 1298.0
0.000581 -0.000502 1299.0
0.000581 -0.000502 1300.0
0.000581 -0.000502 1301.0
0.000582 -0.000501 1302.0
0.000582 -0.000501 1303.0
0.000582 -0.000501 1304.0
0.000582 -0.000500 1305.0
0.000582 -0.000500 1306.0
0.000582 -0.000500 1307.0
0.000582 -0.000500 1308.0
0.000583 -0.000499 1309.0
0.000583 -0.000499 1310.0
0.000583 -0.000499 1311.0
0.000583 -0.000498 1312.0
0.000583 -0.000498 1313.0
0.000583 -0.000498 1314.0
0.000584 -0.000498 1315.0
0.000584 -0.000497 1316.0
0.000584 -0.000497 1317.0
0.000584 -0.000497 1318.0
0.000584 -0.000496 1319.0
0.000584 -0.000496 1320.0
0.000584 -0.000496 1321.0
0.000585 -0.000496 1322.0
0.000585 -0.000495 1323.0
0.000585 -0.000495 1324.0
0.000585 -0.000495 1325.0
0.000585 -0.000494 1326.0
0.000585 -0.000494 1327.0
0.000585 -0.000494 1328.0
0.000586 -0.000493 1329.0
0.000586 -0.000493 1330.0
0.000586 -0.000493 1331.0
0.000586 -0.000493 1332.0
0.000586 -0.000492 1333.0
0.000586 -0.000492 1334.0
0.000586 -0.000492 1335.0
0.000587 -0.000491 1336.0
0.000587 -0.000491 1337.0
0.000587 -0.000491 1338.0
0.000587 -0.000491 1339.0
0.000587 -0.000490 1340.0
0.000587 -0.000490 1341.0
0.000588 -0.000490 1342.0
0.000588 -0.000489 1343.0
0.000588 -0.000489 1344.0
0.000588 -0.000489 1345.0
0.000588 -0.000489 1346.0
0.000590 -0.000490 1347.0
0.000589 -0.000489 1348.0
0.000588 -0.000488 1349.0
0.000588 -0.000487 1350.0
0.000587 -0.000486 1351.0
0.000587 -0.000485 1352.0
0.000586 -0.000484 1353.0
0.000585 -0.000483 1354.0
0.000585 -0.000482 1355.0
0.000584 -0.000481 1356.0
0.000583 -0.000480 1357.0
0.000583 -0.000479 1358.0
0.000582 -0.000478 1359.0
0.000582 -0.000477 1360.0
0.000581 -0.000476 1361.0
0.000580 -0.000475 1362.0
0.000580 -0.000474 1363.0
0.000579 -0.000473 1364.0
0.000579 -0.000472 1365.0
0.000578 -0.000471 1366.0
0.000577 -0.000470 1367.0
0.000577 -0.000469 1368.0
0.000576 -0.000468 1369.0
0.000576 -0.000467 1370.0
0.000575 -0.000466 1371.0
0.000574 -0.000465 1372.0
0.000574 -0.000464 1373.0
0.000573 -0.000463 1374.0
0.000572 -0.000462 1375.0
0.000572 -0.000461 1376.0
0.000571 -0.000460 1377.0
0.000571 -0.000459 1378.0
0.000570 -0.000458 1379.0
0.000569 -0.000457 1380.0
0.000569 -0.000456 1381.0
0.000568 -0.000455 1382.0
0.000568 -0.000454 1383.0
0.000567 -0.000453 1384.0
0.000566 -0.000452 1385.0
0.000566 -0.000452 1386.0
0.000565 -0.000451 1387.0
0.000564 -0.000450 1388.0
0.000564 -0.000449 1389.0
0.000563 -0.000448 1390.0
0.000563 -0.000447 1391.0
0.000562 -0.000446 1392.0
0.000561 -0.000445 1393.0
0.000561 -0.000444 1394.0
0.000560 -0.000443 1395.0
0.000560 -0.000442 1396.0
0.000559 -0.000441 1397.0
0.000558 -0.000440 1398.0
0.000558 -0.000439 1399.0
0.000557 -0.000438 1400.0
0.000556 -0.000437 1401.0
0.000556 -0.000436 1402.0
0.000555 -0.000435 1403.0
0.000555 -0.000434 1404.0
0.000554 -0.000433 1405.0
0.000553 -0.000432 1406.0
0.000553 -0.000431 1407.0
0.000552 -0.000430 1408.0
0.000552 -0.000429 1409.0
0.000551 -0.000428 1410.0
0.000550 -0.000427 1411.0
0.000550 -0.000426 1412.0
0.000544 -0.000432 1413.0
0.000544 -0.000432 1414.0
0.000544 -0.000432 1415.0
0.000544 -0.000432 1416.0
0.000544 -0.000431 1417.0
0.000543 -0.000431 1418.0
0.000543 -0.000431 1419.0
0.000543 -0.000431 1420.0
0.000543 -0.000431 1421.0
0.000543 -0.000431 1422.0
0.000543 -0.000431 1423.0
0.000543 -0.000430 1424.0
0.000542 -0.000430 1425.0
0.000542 -0.000430 1426.0
0.000542 -0.000430 1427.0
0.000542 -0.000430 1428.0
0.000542 -0.000430 1429.0
0.000542 -0.000430 1430.0
0.000541 -0.000429 1431.0
0.000541 -0.000429 1432.0
0.000541 -0.000429 1433.0
0.000541 -0.000429 1434.0
0.000541 -0.000429 1435.0
0.000541 -0.000429 1436.0
0.000541 -0.000429 1437.0
0.000540 -0.000428 1438.0
0.000540 -0.000428 1439.0
0.000540 -0.000428 1440.0
0.000540 -0.000428 1441.0
0.000540 -0.000428 1442.0
0.000540 -0.000428 1443.0
0.000540 -0.000428 1444.0
0.000539 -0.000427 1445.0
0.000539 -0.000427 1446.0
0.000539 -0.000427 1447.0
0.000539 -0.000427 1448.0
0.000539 -0.000427 1449.0
0.000539 -0.000427 1450.0
0.000539 -0.000427 1451.0
0.000538 -0.000426 1452.0
0.000538 -0.000426 1453.0
0.000538 -0.000426 1454.0
0.000538 -0.000426 1455.0
0.000538 -0.000426 1456.0
0.000538 -0.000426 1457.0
0.000537 -0.000426 1458.0
0.000537 -0.000425 1459.0
0.000537 -0.000425 1460.0
0.000537 -0.000425 1461.0
0.000537 -0.000425 1462.0
0.000537 -0.000425 1463.0
0.000537 -0.000425 1464.0
0.000536 -0.000426 1465.0
0.000536 -0.000426 1466.0
0.000536 -0.000425 1467.0
0.000535 -0.000425 1468.0
0.000535 -0.000425 1469.0
0.000535 -0.000425 1470.0
0.000535 -0.000425 1471.0
0.000535 -0.000424 1472.0
0.000534 -0.000424 1473.0
0.000534 -0.000424 1474.0
0.000534 -0.000424 1475.0
0.000534 -0.000423 1476.0
0.000534 -0.000423 1477.0
0.000533 -0.000423 1478.0
0.000533 -0.000423 1479.0
0.000533 -0.000423 1480.0
0.000533 -0.000422 1481.0
0.000533 -0.000422 1482.0
0.000532 -0.000422 1483.0
0.000532 -0.000422 1484.0
0.000532 -0.000422 1485.0
0.000532 -0.000421 1486.0
0.000531 -0.000421 1487.0
0.000531 -0.000421 1488.0
0.000531 -0.000421 1489.0
0.000531 -0.000421 1490.0
0.000530 -0.000421 1491.0
0.000530 -0.000421 1492.0
0.000530 -0.000421 1493.0
0.000530 -0.000421 1494.0
0.000530 -0.000421 1495.0
0.000530 -0.000421 1496.0
0.000530 -0.000421 1497.0
0.000530 -0.000422 1498.0
0.000530 -0.000422 1499.0
0.000529 -0.000422 1500.0
0.000529 -0.000422 1501.0
0.000529 -0.000422 1502.0
0.000529 -0.000422 1503.0
0.000529 -0.000422 1504.0
0.000529 -0.000422 1505.0
0.000529 -0.000422 1506.0
0.000529 -0.000422 1507.0
0.000528 -0.000422 1508.0
0.000528 -0.000422 1509.0
0.000528 -0.000422 1510.0
0.000528 -0.000422 1511.0
0.000528 -0.000422 1512.0
0.000528 -0.000422 1513.0
0.000528 -0.000423 1514.0
0.000527 -0.000423 1515.0
0.000527 -0.000423 1516.0
0.000527 -0.000423 1517.0
0.000527 -0.000423 1518.0
0.000527 -0.000423 1519.0
0.000527 -0.000423 1520.0
0.000527 -0.000423 1521.0
0.000526 -0.000423 1522.0
0.000526 -0.000423 1523.0
0.000526 -0.000423 1524.0
0.000526 -0.000423 1525.0
0.000526 -0.000423 1526.0
0.000526 -0.000423 1527.0
0.000526 -0.000423 1528.0
0.000526 -0.000423 1529.0
0.000525 -0.000423 1530.0
0.000525 -0.000424 1531.0
0.000525 -0.000424 1532.0
0.000525 -0.000424 1533.0
0.000525 -0.000424 1534.0
0.000525 -0.000424 1535.0
0.000525 -0.000424 1536.0
0.000524 -0.000424 1537.0
0.000524 -0.000424 1538.0
0.000524 -0.000424 1539.0
0.000524 -0.000424 1540.0
0.000524 -0.000424 1541.0
0.000524 -0.000424 1542.0
0.000524 -0.000424 1543.0
0.000523 -0.000424 1544.0
0.000523 -0.000424 1545.0
0.000523 -0.000424 1546.0
0.000523 -0.000425 1547.0
0.000523 -0.000425 1548.0
0.000523 -0.000425 1549.0
0.000523 -0.000425 1550.0
0.000523 -0.000425 1551.0
0.000522 -0.000425 1552.0
0.000522 -0.000424 1553.0
0.000523 -0.000424 1554.0
0.000523 -0.000424 1555.0
0.000524 -0.000424 1556.0
0.000524 -0.000424 1557.0
0.000525 -0.000425 1558.0
0.000525 -0.000425 1559.0
0.000526 -0.000425 1560.0
0.000526 -0.000425 1561.0
0.000527 -0.000425 1562.0
0.000528 -0.000425 1563.0
0.000528 -0.000425 1564.0
0.000529 -0.000425 1565.0
0.000529 -0.000425 1566.0
0.000530 -0.000425 1567.0
0.000530 -0.000425 1568.0
0.000531 -0.000425 1569.0
0.000531 -0.000425 1570.0
0.000532 -0.000425 1571.0
0.000532 -0.000426 1572.0
0.000533 -0.000426 1573.0
0.000533 -0.000425 1574.0
0.000533 -0.000426 1575.0
0.000533 -0.000426 1576.0
0.000533 -0.000426 1577.0
0.000533 -0.000426 1578.0
0.000533 -0.000426 1579.0
0.000533 -0.000427 1580.0
0.000534 -0.000427 1581.0
0.000534 -0.000427 1582.0
0.000534 -0.000427 1583.0
0.000534 -0.000428 1584.0
0.000534 -0.000428 1585.0
0.000534 -0.000428 1586.0
0.000534 -0.000428 1587.0
0.000534 -0.000428 1588.0
0.000534 -0.000429 1589.0
0.000534 -0.000429 1590.0
0.000535 -0.000429 1591.0
0.000535 -0.000429 1592.0
0.000535 -0.000430 1593.0
0.000535 -0.000430 1594.0
0.000535 -0.000430 1595.0
0.000535 -0.000430 1596.0
0.000535 -0.000430 1597.0
0.000535 -0.000431 1598.0
0.000535 -0.000431 1599.0
0.000535 -0.000431 1600.0
0.000536 -0.000431 1601.0
0.000536 -0.000432 1602.0
0.000536 -0.000432 1603.0
0.000536 -0.000432 1604.0
0.000536 -0.000432 1605.0
0.000536 -0.000433 1606.0
0.000536 -0.000433 1607.0
0.000536 -0.000433 1608.0
0.000536 -0.000433 1609.0
0.000537 -0.000433 1610.0
0.000537 -0.000434 1611.0
0.000537 -0.000434 1612.0
0.000537 -0.000434 1613.0
0.000537 -0.000434 1614.0
0.000537 -0.000435 1615.0
0.000537 -0.000435 1616.0
0.000537 -0.000435 1617.0
0.000537 -0.000435 1618.0
0.000537 -0.000435 1619.0
0.000538 -0.000436 1620.0
0.000538 -0.000436 1621.0
0.000538 -0.000436 1622.0
0.000538 -0.000436 1623.0
0.000538 -0.000437 1624.0
0.000538 -0.000437 1625.0
0.000538 -0.000437 1626.0
0.000538 -0.000437 1627.0
0.000538 -0.000437 1628.0
0.000538 -0.000438 1629.0
0.000539 -0.000438 1630.0
0.000539 -0.000438 1631.0
0.000539 -0.000438 1632.0
0.000539 -0.000439 1633.0
0.000539 -0.000439 1634.0
0.000540 -0.000438 1635.0
0.000540 -0.000438 1636.0
0.000539 -0.000438 1637.0
0.000539 -0.000438 1638.0
0.000538 -0.000439 1639.0
0.000537 -0.000439 1640.0
0.000537 -0.000439 1641.0
0.000536 -0.000439 1642.0
0.000536 -0.000439 1643.0
0.000535 -0.000440 1644.0
0.000535 -0.000440 1645.0
0.000534 -0.000440 1646.0
0.000534 -0.000440 1647.0
0.000533 -0.000440 1648.0
0.000533 -0.000440 1649.0
0.000532 -0.000441 1650.0
0.000532 -0.000441 1651.0
0.000531 -0.000441 1652.0
0.000531 -0.000441 1653.0
0.000530 -0.000441 1654.0
0.000530 -0.000441 1655.0
0.000529 -0.000442 1656.0
0.000529 -0.000442 1657.0
0.000528 -0.000442 1658.0
0.000528 -0.000442 1659.0
0.000527 -0.000442 1660.0
0.000527 -0.000442 1661.0
0.000526 -0.000443 1662.0
0.000526 -0.000443 1663.0
0.000525 -0.000443 1664.0
0.000525 -0.000443 1665.0
0.000524 -0.000443 1666.0
0.000524 -0.000443 1667.0
0.000523 -0.000444 1668.0
0.000523 -0.000444 1669.0
0.000522 -0.000444 1670.0
0.000522 -0.000444 1671.0
0.000521 -0.000444 1672.0
0.000521 -0.000445 1673.0
0.000520 -0.000445 1674.0
0.000520 -0.000445 1675.0
0.000519 -0.000445 1676.0
0.000519 -0.000445 1677.0
0.000518 -0.000445 1678.0
0.000518 -0.000446 1679.0
0.000517 -0.000446 1680.0
0.000517 -0.000446 1681.0
0.000516 -0.000446 1682.0
0.000516 -0.000446 1683.0
0.000515 -0.000446 1684.0
0.000514 -0.000447 1685.0
0.000514 -0.000447 1686.0
0.000513 -0.000447 1687.0
0.000513 -0.000447 1688.0
0.000512 -0.000447 1689.0
0.000512 -0.000447 1690.0
0.000511 -0.000448 1691.0
0.000511 -0.000448 1692.0
0.000510 -0.000448 1693.0
0.000510 -0.000446 1694.0
0.000510 -0.000446 1695.0
0.000510 -0.000447 1696.0
0.000509 -0.000447 1697.0
0.000509 -0.000447 1698.0
0.000509 -0.000447 1699.0
0.000509 -0.000447 1700.0
0.000508 -0.000448 1701.0
0.000508 -0.000448 1702.0
0.000508 -0.000448 1703.0
0.000508 -0.000448 1704.0
0.000507 -0.000449 1705.0
0.000507 -0.000449 1706.0
0.000507 -0.000449 1707.0
0.000507 -0.000449 1708.0
0.000506 -0.000450 1709.0
0.000506 -0.000450 1710.0
0.000506 -0.000450 1711.0
0.000506 -0.000450 1712.0
0.000505 -0.000451 1713.0
0.000505 -0.000451 1714.0
0.000505 -0.000451 1715.0
0.000505 -0.000451 1716.0
0.000504 -0.000452 1717.0
0.000504 -0.000452 1718.0
0.000504 -0.000452 1719.0
0.000504 -0.000452 1720.0
0.000503 -0.000453 1721.0
0.000503 -0.000453 1722.0
0.000503 -0.000453 1723.0
0.000503 -0.000453 1724.0
0.000502 -0.000453 1725.0
0.000502 -0.000454 1726.0
0.000502 -0.000454 1727.0
0.000502 -0.000454 1728.0
0.000501 -0.000454 1729.0
0.000501 -0.000455 1730.0
0.000501 -0.000455 1731.0
0.000501 -0.000455 1732.0
0.000500 -0.000455 1733.0
0.000500 -0.000456 1734.0
0.000500 -0.000456 1735.0
0.000500 -0.000456 1736.0
0.000499 -0.000456 1737.0
0.000499 -0.000457 1738.0
0.000499 -0.000457 1739.0
0.000499 -0.000457 1740.0
0.000498 -0.000457 1741.0
0.000498 -0.000458 1742.0
0.000498 -0.000458 1743.0
0.000498 -0.000458 1744.0
0.000497 -0.000458 1745.0
0.000497 -0.000459 1746.0
0.000497 -0.000459 1747.0
0.000497 -0.000459 1748.0
0.000496 -0.000459 1749.0
0.000496 -0.000459 1750.0
0.000496 -0.000460 1751.0
0.000496 -0.000460 1752.0
0.000495 -0.000460 1753.0
0.000495 -0.000460 1754.0
0.000495 -0.000461 1755.0
0.000495 -0.000461 1756.0
0.000494 -0.000461 1757.0
0.000494 -0.000461 1758.0
0.000493 -0.000459 1759.0
0.000492 -0.000459 1760.0
0.000492 -0.000459 1761.0
0.000491 -0.000459 1762.0
0.000491 -0.000459 1763.0
0.000490 -0.000459 1764.0
0.000490 -0.000459 1765.0
0.000489 -0.000459 1766.0
0.000488 -0.000459 1767.0
0.000488 -0.000459 1768.0
0.000487 -0.000459 1769.0
0.000487 -0.000458 1770.0
0.000486 -0.000458 1771.0
0.000486 -0.000458 1772.0
0.000485 -0.000458 1773.0
0.000485 -0.000458 1774.0
0.000484 -0.000458 1775.0
0.000483 -0.000458 1776.0
0.000483 -0.000458 1777.0
0.000482 -0.000458 1778.0
0.000482 -0.000458 1779.0
0.000481 -0.000458 1780.0
0.000481 -0.000458 1781.0
0.000480 -0.000458 1782.0
0.000480 -0.000458 1783.0
0.000479 -0.000457 1784.0
0.000478 -0.000457 1785.0
0.000478 -0.000457 1786.0
0.000477 -0.000457 1787.0
0.000477 -0.000457 1788.0
0.000476 -0.000457 1789.0
0.000476 -0.000457 1790.0
0.000476 -0.000458 1791.0
0.000476 -0.000458 1792.0
0.000476 -0.000458 1793.0
0.000476 -0.000458 1794.0
0.000476 -0.000458 1795.0
0.000476 -0.000458 1796.0
0.000476 -0.000458 1797.0
0.000476 -0.000458 1798.0
0.000476 -0.000458 1799.0
0.000476 -0.000458 1800.0
0.000476 -0.000458 1801.0
0.000475 -0.000458 1802.0
0.000475 -0.000458 1803.0
0.000475 -0.000458 1804.0
0.000475 -0.000458 1805.0
0.000475 -0.000458 1806.0
0.000475 -0.000458 1807.0
0.000475 -0.000458 1808.0
0.000475 -0.000458 1809.0
0.000475 -0.000458 1810.0
0.000475 -0.000458 1811.0
0.000475 -0.000458 1812.0
0.000475 -0.000458 1813.0
0.000475 -0.000458 1814.0
0.000475 -0.000458 1815.0
0.000475 -0.000458 1816.0
0.000475 -0.000458 1817.0
0.000475 -0.000458 1818.0
0.000475 -0.000458 1819.0
0.000475 -0.000458 1820.0
0.000475 -0.000458 1821.0
0.000475 -0.000458 1822.0
0.000475 -0.000458 1823.0
0.000475 -0.000458 1824.0
0.000475 -0.000458 1825.0
0.000475 -0.000458 1826.0
0.000475 -0.000458 1827.0
0.000475 -0.000458 1828.0
0.000475 -0.000458 1829.0
0.000475 -0.000458 1830.0
0.000475 -0.000458 1831.0
0.000475 -0.000458 1832.0
0.000475 -0.000458 1833.0
0.000475 -0.000458 1834.0
0.000475 -0.000458 1835.0
0.000475 -0.000458 1836.0
0.000475 -0.000458 1837.0
0.000475 -0.000458 1838.0
0.000475 -0.000458 1839.0
0.000475 -0.000458 1840.0
0.000475 -0.000458 1841.0
0.000475 -0.000458 1842.0
0.000475 -0.000458 1843.0
0.000475 -0.000458 1844.0
0.000475 -0.000458 1845.0
0.000475 -0.000458 1846.0
0.000475 -0.000458 1847.0
0.000475 -0.000458 1848.0
0.000475 -0.000458 1849.0
0.000475 -0.000458 1850.0
0.000475 -0.000458 1851.0
0.000475 -0.000458 1852.0
0.000475 -0.000458 1853.0
0.000475 -0.000458 1854.0
0.000475 -0.000458 1855.0
0.000475 -0.000458 1856.0
0.000475 -0.000458 1857.0
0.000475 -0.000458 1858.0
0.000475 -0.000458 1859.0
0.000475 -0.000458 1860.0
0.000475 -0.000458 1861.0
0.000475 -0.000458 1862.0
0.000475 -0.000458 1863.0
0.000475 -0.000458 1864.0
0.000475 -0.000458 1865.0
0.000475 -0.000458 1866.0
0.000475 -0.000458 1867.0
0.000475 -0.000458 1868.0
0.000475 -0.000458 1869.0
0.000475 -0.000458 1870.0
0.000475 -0.000458 1871.0
0.000475 -0.000458 1872.0
0.000475 -0.000458 1873.0
0.000475 -0.000458 1874.0
0.000475 -0.000458 1875.0
0.000475 -0.000458 1876.0
0.000475 -0.000458 1877.0
0.000474 -0.000458 1878.0
0.000474 -0.000458 1879.0
0.000474 -0.000458 1880.0
0.000474 -0.000458 1881.0
0.000474 -0.000458 1882.0
0.000474 -0.000458 1883.0
0.000474 -0.000458 1884.0
0.000474 -0.000458 1885.0
0.000474 -0.000458 1886.0
0.000474 -0.000458 1887.0
0.000474 -0.000458 1888.0
0.000474 -0.000458 1889.0
0.000474 -0.000458 1890.0
0.000474 -0.000458 1891.0
0.000474 -0.000458 1892.0
0.000474 -0.000458 1893.0
0.000474 -0.000458 1894.0
0.000474 -0.000458 1895.0
0.000474 -0.000458 1896.0
0.000474 -0.000458 1897.0
0.000474 -0.000458 1898.0
0.000474 -0.000458 1899.0
0.000474 -0.000458 1900.0
0.000474 -0.000458 1901.0
0.000474 -0.000458 1902.0
0.000474 -0.000458 1903.0
0.000474 -0.000458 1904.0
0.000474 -0.000458 1905.0
0.000474 -0.000458 1906.0
0.000474 -0.000458 1907.0
0.000474 -0.000458 1908.0
0.000474 -0.000458 1909.0
0.000474 -0.000458 1910.0
0.000474 -0.000458 1911.0
0.000474 -0.000458 1912.0
0.000474 -0.000458 1913.0
0.000474 -0.000458 1914.0
0.000474 -0.000458 1915.0
0.000474 -0.000458 1916.0
0.000474 -0.000458 1917.0
0.000474 -0.000458 1918.0
0.000474 -0.000458 1919.0
0.000474 -0.000458 1920.0
0.000474 -0.000458 1921.0
0.000474 -0.000458 1922.0
0.000474 -0.000458 1923.0
0.000474 -0.000458 1924.0
0.000474 -0.000458 1925.0
0.000474 -0.000458 1926.0
0.000474 -0.000458 1927.0
0.000474 -0.000458 1928.0
0.000474 -0.000458 1929.0
0.000474 -0.000458 1930.0
0.000474 -0.000458 1931.0
0.000474 -0.000458 1932.0
0.000474 -0.000458 1933.0
0.000474 -0.000458 1934.0
0.000474 -0.000458 1935.0
0.000474 -0.000458 1936.0
0.000474 -0.000458 1937.0
0.000474 -0.000458 1938.0
0.000474 -0.000458 1939.0
0.000474 -0.000458 1940.0
0.000474 -0.000458 1941.0
0.000474 -0.000458 1942.0
0.000474 -0.000458 1943.0
0.000474 -0.000458 1944.0
0.000474 -0.000458 1945.0
0.000474 -0.000458 1946.0
0.000474 -0.000458 1947.0
0.000474 -0.000458 1948.0
0.000474 -0.000458 1949.0
0.000474 -0.000458 1950.0
0.000474 -0.000458 1951.0
0.000474 -0.000458 1952.0
0.000474 -0.000458 1953.0
0.000474 -0.000458 1954.0
0.000474 -0.000458 1955.0
0.000474 -0.000458 1956.0
0.000474 -0.000458 1957.0
0.000474 -0.000458 1958.0
0.000474 -0.000458 1959.0
0.000474 -0.000458 1960.0
0.000474 -0.000458 1961.0
0.000474 -0.000458 1962.0
0.000474 -0.000458 1963.0
0.000474 -0.000458 1964.0
0.000474 -0.000458 1965.0
0.000474 -0.000458 1966.0
0.000474 -0.000458 1967.0
0.000474 -0.000458 1968.0
0.000474 -0.000458 1969.0
0.000474 -0.000458 1970.0
0.000474 -0.000458 1971.0
0.000474 -0.000458 1972.0
0.000474 -0.000458 1973.0
0.000474 -0.000458 1974.0
0.000474 -0.000458 1975.0
0.000474 -0.000458 1976.0
0.000474 -0.000458 1977.0
0.000474 -0.000458 1978.0
0.000474 -0.000458 1979.0
0.000474 -0.000458 1980.0
0.000474 -0.000458 1981.0
0.000474 -0.000458 1982.0
0.000474 -0.000458 1983.0
0.000474 -0.000458 1984.0
0.000474 -0.000458 1985.0
0.000474 -0.000458 1986.0
0.000474 -0.000458 1987.0
0.000474 -0.000458 1988.0
0.000474 -0.000458 1989.0
0.000474 -0.000458 1990.0
0.000474 -0.000458 1991.0
0.000474 -0.000458 1992.0
0.000474 -0.000458 1993.0
0.000474 -0.000458 1994.0
0.000474 -0.000458 1995.0
0.000474 -0.000458 1996.0
0.000474 -0.000458 1997.0
0.000474 -0.000458 1998.0
0.000474 -0.000458 1999.0
0.000474 -0.000458 2000.0
0.000474 -0.000458 2001.0
0.000474 -0.000458 2002.0
0.000474 -0.000458 2003.0
0.000474 -0.000458 2004.0
0.000474 -0.000458 2005.0
0.000474 -0.000458 2006.0
0.000474 -0.000458 2007.0
0.000474 -0.000458 2008.0
0.000474 -0.000458 2009.0
0.000474 -0.000458 2010.0
0.000474 -0.000458 2011.0
0.000474 -0.000458 2012.0
0.000474 -0.000458 2013.0
0.000474 -0.000458 2014.0
0.000474 -0.000458 2015.0
0.000474 -0.000458 2016.0
0.000474 -0.000458 2017.0
0.000474 -0.000458 2018.0
0.000474 -0.000458 2019.0
0.000474 -0.000458 2020.0
0.000474 -0.000458 2021.0
0.000474 -0.000458 2022.0
0.000474 -0.000458 2023.0
0.000474 -0.000458 2024.0
0.000474 -0.000458 2025.0
0.000474 -0.000458 2026.0
0.000474 -0.000458 2027.0
0.000474 -0.000458 2028.0
0.000474 -0.000458 2029.0
0.000474 -0.000458 2030.0
0.000474 -0.000458 2031.0
0.000474 -0.000458 2032.0
0.000474 -0.000458 2033.0
0.000474 -0.000458 2034.0
0.000474 -0.000458 2035.0
0.000474 -0.000458 2036.0
0.000474 -0.000458 2037.0
0.000474 -0.000458 2038.0
0.000474 -0.000458 2039.0
0.000474 -0.000458 2040.0
0.000474 -0.000458 2041.0
0.000474 -0.000458 2042.0
0.000474 -0.000458 2043.0
0.000474 -0.000458 2044.0
0.000474 -0.000458 2045.0
0.000474 -0.000458 2046.0
0.000474 -0.000458 2047.0
0.000474 -0.000458 2048.0
0.000474 -0.000458 2049.0
0.000474 -0.000458 2050.0
0.000474 -0.000458 2051.0
0.000474 -0.000458 2052.0
0.000474 -0.000458 2053.0
0.000474 -0.000458 2054.0
0.000474 -0.000458 2055.0
0.000474 -0.000458 2056.0
0.000474 -0.000458 2057.0
0.000474 -0.000458 2058.0
0.000474 -0.000458 2059.0
0.000474 -0.000458 2060.0
0.000474 -0.000458 2061.0
0.000474 -0.000458 2062.0
0.000474 -0.000458 2063.0
0.000474 -0.000458 2064.0
0.000474 -0.000458 2065.0
0.000474 -0.000458 2066.0
0.000474 -0.000458 2067.0
0.000474 -0.000458 2068.0
0.000474 -0.000458 2069.0
0.000474 -0.000458 2070.0
0.000474 -0.000458 2071.0
0.000474 -0.000458 2072.0
0.000474 -0.000458 2073.0
0.000474 -0.000458 2074.0
0.000474 -0.000458 2075.0
0.000474 -0.000458 2076.0
0.000474 -0.000458 2077.0
0.000474 -0.000458 2078.0
0.000474 -0.000458 2079.0
0.000474 -0.000458 2080.0
0.000474 -0.000458 2081.0
0.000474 -0.000458 2082.0
0.000474 -0.000458 2083.0
0.000474 -0.000458 2084.0
0.000474 -0.000458 2085.0
0.000474 -0.000458 2086.0
0.000474 -0.000458 2087.0
0.000474 -0.000458 2088.0
0.000474 -0.000458 2089.0
0.000474 -0.000458 2090.0
0.000474 -0.000458 2091.0
0.000474 -0.000458 2092.0
0.000474 -0.000458 2093.0
0.000474 -0.000458 2094.0
0.000474 -0.000458 2095.0
0.000474 -0.000458 2096.0
0.000474 -0.000458 2097.0
0.000474 -0.000458 2098.0
0.000474 -0.000458 2099.0
0.000474 -0.000458 2100.0
0.000474 -0.000458 2101.0
0.000474 -0.000458 2102.0
0.000474 -0.000458 2103.0
0.000474 -0.000458 2104.0
0.000474 -0.000458 2105.0
0.000474 -0.000458 2106.0
0.000474 -0.000458 2107.0
0.000474 -0.000458 2108.0
0.000474 -0.000458 2109.0
0.000474 -0.000458 2110.0
0.000474 -0.000458 2111.0
0.000474 -0.000458 2112.0
0.000474 -0.000458 2113.0
0.000474 -0.000458 2114.0
0.000474 -0.000458 2115.0
0.000474 -0.000458 2116.0
0.000474 -0.000458 2117.0
0.000474 -0.000458 2118.0
0.000474 -0.000458 2119.0
0.000474 -0.000458 2120.0
0.000474 -0.000458 2121.0
0.000474 -0.000458 2122.0
0.000474 -0.000458 2123.0
0.000474 -0.000458 2124.0
0.000474 -0.000458 2125.0
0.000474 -0.000458 2126.0
0.000474 -0.000458 2127.0
0.000474 -0.000458 2128.0
0.000474 -0.000458 2129.0
0.000474 -0.000458 2130.0
0.000474 -0.000458 2131.0
0.000474 -0.000458 2132.0
0.000474 -0.000458 2133.0
0.000474 -0.000458 2134.0
0.000474 -0.000458 2135.0
0.000474 -0.000458 2136.0
0.000474 -0.000458 2137.0
0.000474 -0.000458 2138.0
0.000474 -0.000458 2139.0
0.000474 -0.000458 2140.0
0.000474 -0.000458 2141.0
0.000474 -0.000458 2142.0
0.000474 -0.000458 2143.0
0.000474 -0.000458 2144.0
0.000474 -0.000458 2145.0
0.000474 -0.000458 2146.0
0.000474 -0.000458 2147.0
0.000474 -0.000458 2148.0
0.000474 -0.000458 2149.0
0.000474 -0.000458 2150.0
0.000474 -0.000458 2151.0
0.000474 -0.000458 2152.0
0.000474 -0.000458 2153.0
0.000474 -0.000458 2154.0
0.000474 -0.000458 2155.0
0.000474 -0.000458 2156.0
0.000474 -0.000458 2157.0
0.000474 -0.000458 2158.0
0.000474 -0.000458 2159.0
0.000474 -0.000458 2160.0
0.000474 -0.000458 2161.0
0.000474 -0.000458 2162.0
0.000474 -0.000458 2163.0
0.000474 -0.000458 2164.0
0.000474 -0.000458 2165.0
0.000474 -0.000458 2166.0
0.000474 -0.000458 2167.0
0.000474 -0.000458 2168.0
0.000474 -0.000458 2169.0
0.000474 -0.000458 2170.0
0.000473 -0.000458 2171.0
0.000473 -0.000458 2172.0
0.000472 -0.000457 2173.0
0.000472 -0.000457 2174.0
0.000471 -0.000457 2175.0
0.000471 -0.000457 2176.0
0.000470 -0.000457 2177.0
0.000470 -0.000457 2178.0
0.000469 -0.000457 2179.0
0.000469 -0.000457 2180.0
0.000468 -0.000457 2181.0
0.000468 -0.000457 2182.0
0.000467 -0.000457 2183.0
0.000467 -0.000457 2184.0
0.000466 -0.000457 2185.0
0.000466 -0.000457 2186.0
0.000465 -0.000457 2187.0
0.000465 -0.000456 2188.0
0.000464 -0.000456 2189.0
0.000463 -0.000456 2190.0
0.000463 -0.000456 2191.0
0.000462 -0.000456 2192.0
0.000462 -0.000456 2193.0
0.000461 -0.000456 2194.0
0.000461 -0.000456 2195.0
0.000460 -0.000456 2196.0
0.000460 -0.000456 2197.0
0.000459 -0.000456 2198.0
0.000459 -0.000456 2199.0
0.000458 -0.000456 2200.0
0.000458 -0.000456 2201.0
0.000457 -0.000456 2202.0
0.000457 -0.000455 2203.0
0.000456 -0.000455 2204.0
0.000456 -0.000455 2205.0
0.000455 -0.000455 2206.0
0.000455 -0.000455 2207.0
0.000454 -0.000455 2208.0
0.000454 -0.000455 2209.0
0.000453 -0.000455 2210.0
0.000453 -0.000455 2211.0
0.000452 -0.000455 2212.0
0.000451 -0.000455 2213.0
0.000451 -0.000455 2214.0
0.000450 -0.000455 2215.0
0.000450 -0.000455 2216.0
0.000449 -0.000455 2217.0
0.000449 -0.000454 2218.0
0.000448 -0.000454 2219.0
0.000448 -0.000454 2220.0
0.000447 -0.000454 2221.0
0.000447 -0.000454 2222.0
0.000446 -0.000454 2223.0
0.000446 -0.000454 2224.0
0.000445 -0.000454 2225.0
0.000445 -0.000454 2226.0
0.000444 -0.000454 2227.0
0.000444 -0.000454 2228.0
0.000443 -0.000454 2229.0
0.000443 -0.000455 2230.0
0.000443 -0.000454 2231.0
0.000442 -0.000454 2232.0
0.000442 -0.000454 2233.0
0.000442 -0.000453 2234.0
0.000441 -0.000453 2235.0
0.000441 -0.000453 2236.0
0.000441 -0.000452 2237.0
0.000440 -0.000452 2238.0
0.000440 -0.000451 2239.0
0.000440 -0.000451 2240.0
0.000439 -0.000451 2241.0
0.000439 -0.000450 2242.0
0.000439 -0.000450 2243.0
0.000438 -0.000450 2244.0
0.000438 -0.000449 2245.0
0.000438 -0.000449 2246.0
0.000437 -0.000449 2247.0
0.000437 -0.000448 2248.0
0.000437 -0.000448 2249.0
0.000436 -0.000448 2250.0
0.000436 -0.000447 2251.0
0.000435 -0.000447 2252.0
0.000435 -0.000447 2253.0
0.000435 -0.000446 2254.0
0.000434 -0.000446 2255.0
0.000434 -0.000446 2256.0
0.000434 -0.000445 2257.0
0.000433 -0.000445 2258.0
0.000433 -0.000445 2259.0
0.000433 -0.000444 2260.0
0.000432 -0.000444 2261.0
0.000432 -0.000444 2262.0
0.000432 -0.000443 2263.0
0.000431 -0.000443 2264.0
0.000431 -0.000443 2265.0
0.000431 -0.000442 2266.0
0.000430 -0.000442 2267.0
0.000430 -0.000442 2268.0
0.000430 -0.000441 2269.0
0.000429 -0.000441 2270.0
0.000429 -0.000441 2271.0
0.000429 -0.000440 2272.0
0.000428 -0.000440 2273.0
0.000428 -0.000440 2274.0
0.000428 -0.000439 2275.0
0.000427 -0.000439 2276.0
0.000427 -0.000439 2277.0
0.000427 -0.000438 2278.0
0.000426 -0.000438 2279.0
0.000426 -0.000438 2280.0
0.000426 -0.000437 2281.0
0.000425 -0.000437 2282.0
0.000425 -0.000437 2283.0
0.000425 -0.000436 2284.0
0.000424 -0.000436 2285.0
0.000424 -0.000436 2286.0
0.000423 -0.000435 2287.0
0.000423 -0.000435 2288.0
0.000423 -0.000435 2289.0
0.000421 -0.000438 2290.0
0.000421 -0.000437 2291.0
0.000422 -0.000437 2292.0
0.000422 -0.000436 2293.0
0.000422 -0.000436 2294.0
0.000422 -0.000435 2295.0
0.000422 -0.000435 2296.0
0.000422 -0.000434 2297.0
0.000422 -0.000434 2298.0
0.000423 -0.000433 2299.0
0.000423 -0.000433 2300.0
0.000423 -0.000432 2301.0
0.000423 -0.000432 2302.0
0.000423 -0.000431 2303.0
0.000423 -0.000431 2304.0
0.000423 -0.000430 2305.0
0.000423 -0.000430 2306.0
0.000424 -0.000429 2307.0
0.000424 -0.000429 2308.0
0.000424 -0.000428 2309.0
0.000424 -0.000428 2310.0
0.000424 -0.000427 2311.0
0.000424 -0.000427 2312.0
0.000424 -0.000426 2313.0
0.000425 -0.000426 2314.0
0.000425 -0.000425 2315.0
0.000425 -0.000425 2316.0
0.000425 -0.000424 2317.0
0.000425 -0.000424 2318.0
0.000425 -0.000423 2319.0
0.000425 -0.000423 2320.0
0.000426 -0.000422 2321.0
0.000426 -0.000422 2322.0
0.000426 -0.000421 2323.0
0.000426 -0.000421 2324.0
0.000426 -0.000420 2325.0
0.000426 -0.000420 2326.0
0.000426 -0.000419 2327.0
0.000427 -0.000419 2328.0
0.000427 -0.000418 2329.0
0.000427 -0.000418 2330.0
0.000427 -0.000417 2331.0
0.000427 -0.000417 2332.0
0.000427 -0.000416 2333.0
0.000427 -0.000416 2334.0
0.000428 -0.000415 2335.0
0.000428 -0.000415 2336.0
0.000428 -0.000414 2337.0
0.000428 -0.000414 2338.0
0.000428 -0.000413 2339.0
0.000428 -0.000413 2340.0
0.000428 -0.000412 2341.0
0.000429 -0.000412 2342.0
0.000429 -0.000411 2343.0
0.000429 -0.000411 2344.0
0.000429 -0.000410 2345.0
0.000429 -0.000410 2346.0
0.000429 -0.000409 2347.0
0.000429 -0.000409 2348.0
0.000430 -0.000408 2349.0
0.000431 -0.000409 2350.0
0.000430 -0.000409 2351.0
0.000429 -0.000410 2352.0
0.000428 -0.000411 2353.0
0.000427 -0.000411 2354.0
0.000426 -0.000412 2355.0
0.000425 -0.000412 2356.0
0.000424 -0.000413 2357.0
0.000422 -0.000413 2358.0
0.000421 -0.000414 2359.0
0.000420 -0.000414 2360.0
0.000419 -0.000415 2361.0
0.000418 -0.000415 2362.0
0.000417 -0.000416 2363.0
0.000416 -0.000416 2364.0
0.000415 -0.000417 2365.0
0.000414 -0.000418 2366.0
0.000412 -0.000418 2367.0
0.000411 -0.000419 2368.0
0.000410 -0.000419 2369.0
0.000409 -0.000420 2370.0
0.000408 -0.000420 2371.0
0.000407 -0.000421 2372.0
0.000406 -0.000421 2373.0
0.000405 -0.000422 2374.0
0.000404 -0.000422 2375.0
0.000403 -0.000423 2376.0
0.000401 -0.000423 2377.0
0.000400 -0.000424 2378.0
0.000399 -0.000425 2379.0
0.000398 -0.000425 2380.0
0.000397 -0.000426 2381.0
0.000396 -0.000426 2382.0
0.000395 -0.000427 2383.0
0.000394 -0.000427 2384.0
0.000393 -0.000428 2385.0
0.000391 -0.000428 2386.0
0.000390 -0.000429 2387.0
0.000389 -0.000429 2388.0
0.000388 -0.000430 2389.0
0.000387 -0.000431 2390.0
0.000386 -0.000431 2391.0
0.000385 -0.000432 2392.0
0.000384 -0.000432 2393.0
0.000383 -0.000433 2394.0
0.000381 -0.000433 2395.0
0.000380 -0.000434 2396.0
0.000379 -0.000434 2397.0
0.000378 -0.000435 2398.0
0.000377 -0.000435 2399.0
0.000376 -0.000436 2400.0
0.000375 -0.000436 2401.0
0.000374 -0.000437 2402.0
0.000373 -0.000438 2403.0
0.000371 -0.000438 2404.0
0.000370 -0.000439 2405.0
0.000369 -0.000439 2406.0
0.000368 -0.000440 2407.0
0.000367 -0.000440 2408.0
0.000366 -0.000441 2409.0
0.000364 -0.000435 2410.0
0.000363 -0.000436 2411.0
0.000361 -0.000438 2412.0
0.000360 -0.000439 2413.0
0.000358 -0.000441 2414.0
0.000356 -0.000442 2415.0
0.000355 -0.000444 2416.0
0.000353 -0.000445 2417.0
0.000352 -0.000446 2418.0
0.000350 -0.000448 2419.0
0.000349 -0.000449 2420.0
0.000347 -0.000451 2421.0
0.000346 -0.000452 2422.0
0.000344 -0.000454 2423.0
0.000342 -0.000455 2424.0
0.000341 -0.000457 2425.0
0.000339 -0.000458 2426.0
0.000338 -0.000459 2427.0
0.000336 -0.000461 2428.0
0.000335 -0.000462 2429.0
0.000333 -0.000464 2430.0
0.000331 -0.000465 2431.0
0.000330 -0.000467 2432.0
0.000328 -0.000468 2433.0
0.000327 -0.000469 2434.0
0.000325 -0.000471 2435.0
0.000324 -0.000472 2436.0
0.000322 -0.000474 2437.0
0.000320 -0.000475 2438.0
0.000319 -0.000477 2439.0
0.000317 -0.000478 2440.0
0.000316 -0.000480 2441.0
0.000314 -0.000481 2442.0
0.000313 -0.000482 2443.0
0.000311 -0.000484 2444.0
0.000310 -0.000485 2445.0
0.000308 -0.000487 2446.0
0.000306 -0.000488 2447.0
0.000305 -0.000490 2448.0
0.000303 -0.000491 2449.0
0.000302 -0.000493 2450.0
0.000300 -0.000494 2451.0
0.000299 -0.000495 2452.0
0.000297 -0.000497 2453.0
0.000295 -0.000498 2454.0
0.000294 -0.000500 2455.0
0.000292 -0.000501 2456.0
0.000291 -0.000503 2457.0
0.000289 -0.000504 2458.0
0.000288 -0.000506 2459.0
0.000286 -0.000507 2460.0
0.000285 -0.000508 2461.0
0.000283 -0.000510 2462.0
0.000281 -0.000511 2463.0
0.000275 -0.000500 2464.0
0.000273 -0.000499 2465.0
0.000271 -0.000498 2466.0
0.000269 -0.000497 2467.0
0.000267 -0.000496 2468.0
0.000265 -0.000495 2469.0
0.000263 -0.000494 2470.0
0.000261 -0.000493 2471.0
0.000259 -0.000492 2472.0
0.000257 -0.000491 2473.0
0.000255 -0.000490 2474.0
0.000253 -0.000490 2475.0
0.000251 -0.000489 2476.0
0.000248 -0.000488 2477.0
0.000246 -0.000487 2478.0
0.000244 -0.000486 2479.0
0.000242 -0.000485 2480.0
0.000240 -0.000484 2481.0
0.000238 -0.000483 2482.0
0.000236 -0.000482 2483.0
0.000234 -0.000481 2484.0
0.000232 -0.000480 2485.0
0.000230 -0.000479 2486.0
0.000228 -0.000478 2487.0
0.000226 -0.000477 2488.0
0.000224 -0.000476 2489.0
0.000221 -0.000475 2490.0
0.000219 -0.000474 2491.0
0.000217 -0.000473 2492.0
0.000215 -0.000472 2493.0
0.000213 -0.000471 2494.0
0.000211 -0.000470 2495.0
0.000209 -0.000469 2496.0
0.000207 -0.000469 2497.0
0.000205 -0.000468 2498.0
0.000203 -0.000467 2499.0
0.000201 -0.000466 2500.0
0.000199 -0.000465 2501.0
0.000197 -0.000464 2502.0
0.000194 -0.000463 2503.0
0.000192 -0.000462 2504.0
0.000190 -0.000461 2505.0
0.000188 -0.000460 2506.0
0.000186 -0.000459 2507.0
0.000184 -0.000458 2508.0
0.000182 -0.000457 2509.0
0.000180 -0.000456 2510.0
0.000178 -0.000455 2511.0
0.000176 -0.000454 2512.0
0.000174 -0.000463 2513.0
0.000171 -0.000462 2514.0
0.000169 -0.000461 2515.0
0.000167 -0.000459 2516.0
0.000164 -0.000458 2517.0
0.000162 -0.000457 2518.0
0.000160 -0.000456 2519.0
0.000158 -0.000455 2520.0
0.000155 -0.000454 2521.0
0.000153 -0.000453 2522.0
0.000151 -0.000452 2523.0
0.000148 -0.000450 2524.0
0.000146 -0.000449 2525.0
0.000144 -0.000448 2526.0
0.000142 -0.000447 2527.0
0.000139 -0.000446 2528.0
0.000137 -0.000445 2529.0
0.000135 -0.000444 2530.0
0.000132 -0.000443 2531.0
0.000130 -0.000442 2532.0
0.000128 -0.000440 2533.0
0.000126 -0.000439 2534.0
0.000123 -0.000438 2535.0
0.000121 -0.000437 2536.0
0.000119 -0.000436 2537.0
0.000116 -0.000435 2538.0
0.000114 -0.000434 2539.0
0.000112 -0.000433 2540.0
0.000110 -0.000431 2541.0
0.000107 -0.000430 2542.0
0.000105 -0.000429 2543.0
0.000103 -0.000428 2544.0
0.000100 -0.000427 2545.0
0.000098 -0.000426 2546.0
0.000096 -0.000425 2547.0
0.000094 -0.000424 2548.0
0.000091 -0.000422 2549.0
0.000089 -0.000421 2550.0
0.000087 -0.000420 2551.0
0.000084 -0.000419 2552.0
0.000082 -0.000418 2553.0
0.000080 -0.000417 2554.0
0.000078 -0.000416 2555.0
0.000075 -0.000415 2556.0
0.000073 -0.000424 2557.0
0.000071 -0.000423 2558.0
0.000068 -0.000422 2559.0
0.000066 -0.000422 2560.0
0.000064 -0.000421 2561.0
0.000062 -0.000420 2562.0
0.000059 -0.000420 2563.0
0.000057 -0.000419 2564.0
0.000055 -0.000418 2565.0
0.000053 -0.000418 2566.0
0.000050 -0.000417 2567.0
0.000048 -0.000417 2568.0
0.000046 -0.000416 2569.0
0.000044 -0.000415 2570.0
0.000041 -0.000415 2571.0
0.000039 -0.000414 2572.0
0.000037 -0.000413 2573.0
0.000034 -0.000413 2574.0
0.000032 -0.000412 2575.0
0.000030 -0.000412 2576.0
0.000028 -0.000411 2577.0
0.000025 -0.000410 2578.0
0.000023 -0.000410 2579.0
0.000021 -0.000409 2580.0
0.000019 -0.000408 2581.0
0.000016 -0.000408 2582.0
0.000014 -0.000407 2583.0
0.000012 -0.000406 2584.0
0.000010 -0.000406 2585.0
0.000007 -0.000405 2586.0
0.000005 -0.000405 2587.0
0.000003 -0.000404 2588.0
0.000001 -0.000403 2589.0
-0.000002 -0.000403 2590.0
-0.000004 -0.000402 2591.0
-0.000006 -0.000401 2592.0
-0.000008 -0.000401 2593.0
-0.000011 -0.000400 2594.0
-0.000013 -0.000400 2595.0
-0.000015 -0.000399 2596.0
-0.000017 -0.000398 2597.0
-0.000020 -0.000398 2598.0
-0.000022 -0.000397 2599.0
-0.000024 -0.000396 2600.0
-0.000026 -0.000396 2601.0
-0.000029 -0.000395 2602.0
-0.000029 -0.000401 2603.0
-0.000032 -0.000400 2604.0
-0.000034 -0.000399 2605.0
-0.000036 -0.000399 2606.0
-0.000038 -0.000398 2607.0
-0.000041 -0.000398 2608.0
-0.000043 -0.000397 2609.0
-0.000045 -0.000396 2610.0
-0.000047 -0.000396 2611.0
-0.000050 -0.000395 2612.0
-0.000052 -0.000394 2613.0
-0.000054 -0.000394 2614.0
-0.000056 -0.000393 2615.0
-0.000059 -0.000392 2616.0
-0.000061 -0.000392 2617.0
-0.000063 -0.000391 2618.0
-0.000065 -0.000391 2619.0
-0.000068 -0.000390 2620.0
-0.000070 -0.000389 2621.0
-0.000072 -0.000389 2622.0
-0.000074 -0.000388 2623.0
-0.000077 -0.000387 2624.0
-0.000079 -0.000387 2625.0
-0.000081 -0.000386 2626.0
-0.000083 -0.000385 2627.0
-0.000086 -0.000385 2628.0
-0.000088 -0.000384 2629.0
-0.000090 -0.000383 2630.0
-0.000092 -0.000383 2631.0
-0.000095 -0.000382 2632.0
-0.000097 -0.000382 2633.0
-0.000099 -0.000381 2634.0
-0.000101 -0.000380 2635.0
-0.000104 -0.000380 2636.0
-0.000106 -0.000379 2637.0
-0.000108 -0.000378 2638.0
-0.000110 -0.000378 2639.0
-0.000113 -0.000377 2640.0
-0.000115 -0.000376 2641.0
-0.000117 -0.000376 2642.0
-0.000119 -0.000375 2643.0
-0.000121 -0.000375 2644.0
-0.000124 -0.000374 2645.0
-0.000126 -0.000373 2646.0
-0.000128 -0.000373 2647.0
-0.000130 -0.000372 2648.0
-0.000131 -0.000378 2649.0
-0.000133 -0.000379 2650.0
-0.000135 -0.000380 2651.0
-0.000137 -0.000382 2652.0
-0.000139 -0.000383 2653.0
-0.000141 -0.000384 2654.0
-0.000143 -0.000386 2655.0
-0.000146 -0.000387 2656.0
-0.000148 -0.000388 2657.0
-0.000150 -0.000389 2658.0
-0.000152 -0.000391 2659.0
-0.000154 -0.000392 2660.0
-0.000156 -0.000393 2661.0
-0.000158 -0.000395 2662.0
-0.000160 -0.000396 2663.0
-0.000162 -0.000397 2664.0
-0.000164 -0.000399 2665.0
-0.000166 -0.000400 2666.0
-0.000168 -0.000401 2667.0
-0.000170 -0.000403 2668.0
-0.000172 -0.000404 2669.0
-0.000174 -0.000405 2670.0
-0.000176 -0.000406 2671.0
-0.000178 -0.000408 2672.0
-0.000180 -0.000409 2673.0
-0.000182 -0.000410 2674.0
-0.000184 -0.000412 2675.0
-0.000186 -0.000413 2676.0
-0.000188 -0.000414 2677.0
-0.000190 -0.000416 2678.0
-0.000192 -0.000417 2679.0
-0.000194 -0.000418 2680.0
-0.000196 -0.000420 2681.0
-0.000198 -0.000421 2682.0
-0.000200 -0.000422 2683.0
-0.000202 -0.000424 2684.0
-0.000204 -0.000425 2685.0
-0.000206 -0.000426 2686.0
-0.000208 -0.000427 2687.0
-0.000210 -0.000429 2688.0
-0.000212 -0.000430 2689.0
-0.000214 -0.000431 2690.0
-0.000216 -0.000433 2691.0
-0.000218 -0.000434 2692.0
-0.000220 -0.000435 2693.0
-0.000222 -0.000437 2694.0
-0.000224 -0.000438 2695.0
-0.000226 -0.000439 2696.0
-0.000230 -0.000429 2697.0
-0.000232 -0.000431 2698.0
-0.000233 -0.000433 2699.0
-0.000235 -0.000435 2700.0
-0.000236 -0.000437 2701.0
-0.000238 -0.000439 2702.0
-0.000239 -0.000441 2703.0
-0.000241 -0.000443 2704.0
-0.000242 -0.000445 2705.0
-0.000244 -0.000447 2706.0
-0.000245 -0.000449 2707.0
-0.000247 -0.000451 2708.0
-0.000248 -0.000453 2709.0
-0.000250 -0.000455 2710.0
-0.000251 -0.000457 2711.0
-0.000253 -0.000459 2712.0
-0.000254 -0.000461 2713.0
-0.000256 -0.000463 2714.0
-0.000257 -0.000465 2715.0
-0.000259 -0.000467 2716.0
-0.000260 -0.000469 2717.0
-0.000262 -0.000471 2718.0
-0.000263 -0.000474 2719.0
-0.000265 -0.000476 2720.0
-0.000267 -0.000478 2721.0
-0.000268 -0.000480 2722.0
-0.000270 -0.000482 2723.0
-0.000271 -0.000484 2724.0
-0.000273 -0.000486 2725.0
-0.000274 -0.000488 2726.0
-0.000276 -0.000490 2727.0
-0.000277 -0.000492 2728.0
-0.000279 -0.000494 2729.0
-0.000280 -0.000496 2730.0
-0.000282 -0.000498 2731.0
-0.000283 -0.000500 2732.0
-0.000285 -0.000502 2733.0
-0.000286 -0.000504 2734.0
-0.000288 -0.000506 2735.0
-0.000289 -0.000508 2736.0
-0.000291 -0.000510 2737.0
-0.000292 -0.000512 2738.0
-0.000294 -0.000514 2739.0
-0.000295 -0.000516 2740.0
-0.000297 -0.000518 2741.0
-0.000298 -0.000520 2742.0
-0.000300 -0.000522 2743.0
-0.000308 -0.000512 2744.0
-0.000310 -0.000512 2745.0
-0.000312 -0.000512 2746.0
-0.000314 -0.000512 2747.0
-0.000316 -0.000512 2748.0
-0.000318 -0.000512 2749.0
-0.000320 -0.000512 2750.0
-0.000322 -0.000512 2751.0
-0.000324 -0.000512 2752.0
-0.000326 -0.000512 2753.0
-0.000328 -0.000512 2754.0
-0.000330 -0.000512 2755.0
-0.000332 -0.000513 2756.0
-0.000334 -0.000513 2757.0
-0.000336 -0.000513 2758.0
-0.000338 -0.000513 2759.0
-0.000340 -0.000513 2760.0
-0.000341 -0.000513 2761.0
-0.000343 -0.000513 2762.0
-0.000345 -0.000513 2763.0
-0.000347 -0.000513 2764.0
-0.000349 -0.000513 2765.0
-0.000351 -0.000513 2766.0
-0.000353 -0.000513 2767.0
-0.000355 -0.000513 2768.0
-0.000357 -0.000513 2769.0
-0.000359 -0.000513 2770.0
-0.000361 -0.000513 2771.0
-0.000363 -0.000513 2772.0
-0.000365 -0.000513 2773.0
-0.000367 -0.000513 2774.0
-0.000369 -0.000513 2775.0
-0.000371 -0.000514 2776.0
-0.000373 -0.000514 2777.0
-0.000375 -0.000514 2778.0
-0.000377 -0.000514 2779.0
-0.000379 -0.000514 2780.0
-0.000381 -0.000514 2781.0
-0.000383 -0.000514 2782.0
-0.000385 -0.000514 2783.0
-0.000387 -0.000514 2784.0
-0.000389 -0.000514 2785.0
-0.000391 -0.000514 2786.0
-0.000393 -0.000514 2787.0
-0.000395 -0.000514 2788.0
-0.000397 -0.000514 2789.0
-0.000399 -0.000514 2790.0
-0.000401 -0.000514 2791.0
-0.000403 -0.000514 2792.0
-0.000405 -0.000514 2793.0
-0.000407 -0.000514 2794.0
-0.000409 -0.000514 2795.0
-0.000411 -0.000515 2796.0
-0.000413 -0.000515 2797.0
-0.000413 -0.000514 2798.0
-0.000415 -0.000513 2799.0
-0.000417 -0.000513 2800.0
-0.000419 -0.000512 2801.0
-0.000421 -0.000511 2802.0
-0.000423 -0.000511 2803.0
-0.000426 -0.000510 2804.0
-0.000428 -0.000509 2805.0
-0.000430 -0.000509 2806.0
-0.000432 -0.000508 2807.0
-0.000434 -0.000507 2808.0
-0.000437 -0.000507 2809.0
-0.000439 -0.000506 2810.0
-0.000441 -0.000506 2811.0
-0.000443 -0.000505 2812.0
-0.000445 -0.000504 2813.0
-0.000448 -0.000504 2814.0
-0.000450 -0.000503 2815.0
-0.000452 -0.000502 2816.0
-0.000454 -0.000502 2817.0
-0.000456 -0.000501 2818.0
-0.000459 -0.000500 2819.0
-0.000461 -0.000500 2820.0
-0.000463 -0.000499 2821.0
-0.000465 -0.000498 2822.0
-0.000467 -0.000498 2823.0
-0.000470 -0.000497 2824.0
-0.000472 -0.000496 2825.0
-0.000474 -0.000496 2826.0
-0.000476 -0.000495 2827.0
-0.000478 -0.000494 2828.0
-0.000480 -0.000494 2829.0
-0.000483 -0.000493 2830.0
-0.000485 -0.000492 2831.0
-0.000487 -0.000492 2832.0
-0.000489 -0.000491 2833.0
-0.000491 -0.000491 2834.0
-0.000494 -0.000490 2835.0
-0.000496 -0.000489 2836.0
-0.000498 -0.000489 2837.0
-0.000500 -0.000488 2838.0
-0.000502 -0.000487 2839.0
-0.000505 -0.000487 2840.0
-0.000507 -0.000486 2841.0
-0.000509 -0.000485 2842.0
-0.000511 -0.000485 2843.0
-0.000513 -0.000484 2844.0
-0.000516 -0.000483 2845.0
-0.000517 -0.000489 2846.0
-0.000519 -0.000489 2847.0
-0.000521 -0.000488 2848.0
-0.000523 -0.000487 2849.0
-0.000524 -0.000486 2850.0
-0.000526 -0.000486 2851.0
-0.000528 -0.000485 2852.0
-0.000530 -0.000484 2853.0
-0.000532 -0.000483 2854.0
-0.000534 -0.000483 2855.0
-0.000536 -0.000482 2856.0
-0.000538 -0.000481 2857.0
-0.000540 -0.000480 2858.0
-0.000542 -0.000480 2859.0
-0.000544 -0.000479 2860.0
-0.000546 -0.000478 2861.0
-0.000548 -0.000477 2862.0
-0.000550 -0.000477 2863.0
-0.000552 -0.000476 2864.0
-0.000554 -0.000475 2865.0
-0.000556 -0.000474 2866.0
-0.000558 -0.000474 2867.0
-0.000560 -0.000473 2868.0
-0.000562 -0.000472 2869.0
-0.000564 -0.000471 2870.0
-0.000566 -0.000471 2871.0
-0.000568 -0.000470 2872.0
-0.000570 -0.000469 2873.0
-0.000572 -0.000468 2874.0
-0.000574 -0.000468 2875.0
-0.000576 -0.000467 2876.0
-0.000578 -0.000466 2877.0
-0.000580 -0.000465 2878.0
-0.000582 -0.000465 2879.0
-0.000584 -0.000464 2880.0
-0.000586 -0.000463 2881.0
-0.000588 -0.000462 2882.0
-0.000590 -0.000462 2883.0
-0.000592 -0.000461 2884.0
-0.000594 -0.000460 2885.0
-0.000596 -0.000459 2886.0
-0.000598 -0.000459 2887.0
-0.000600 -0.000458 2888.0
-0.000602 -0.000457 2889.0
-0.000604 -0.000456 2890.0
-0.000606 -0.000456 2891.0
-0.000608 -0.000455 2892.0
-0.000610 -0.000454 2893.0
-0.000612 -0.000453 2894.0
-0.000614 -0.000453 2895.0
-0.000616 -0.000452 2896.0
-0.000617 -0.000459 2897.0
-0.000617 -0.000459 2898.0
-0.000617 -0.000459 2899.0
-0.000617 -0.000459 2900.0
-0.000617 -0.000459 2901.0
-0.000617 -0.000459 2902.0
-0.000617 -0.000459 2903.0
-0.000617 -0.000459 2904.0
-0.000617 -0.000459 2905.0
-0.000617 -0.000459 2906.0
-0.000617 -0.000459 2907.0
-0.000617 -0.000459 2908.0
-0.000617 -0.000459 2909.0
-0.000618 -0.000457 2910.0
-0.000618 -0.000455 2911.0
-0.000618 -0.000454 2912.0
-0.000619 -0.000452 2913.0
-0.000619 -0.000450 2914.0
-0.000619 -0.000449 2915.0
-0.000619 -0.000447 2916.0
-0.000620 -0.000445 2917.0
-0.000620 -0.000443 2918.0
-0.000620 -0.000442 2919.0
-0.000620 -0.000440 2920.0
-0.000621 -0.000438 2921.0
-0.000621 -0.000436 2922.0
-0.000621 -0.000435 2923.0
-0.000621 -0.000433 2924.0
-0.000622 -0.000431 2925.0
-0.000622 -0.000430 2926.0
-0.000622 -0.000428 2927.0
-0.000622 -0.000426 2928.0
-0.000623 -0.000424 2929.0
-0.000623 -0.000423 2930.0
-0.000623 -0.000421 2931.0
-0.000623 -0.000419 2932.0
-0.000624 -0.000417 2933.0
-0.000624 -0.000416 2934.0
-0.000624 -0.000414 2935.0
-0.000624 -0.000412 2936.0
-0.000625 -0.000411 2937.0
-0.000625 -0.000409 2938.0
-0.000625 -0.000407 2939.0
-0.000626 -0.000405 2940.0
-0.000626 -0.000404 2941.0
-0.000626 -0.000402 2942.0
-0.000626 -0.000400 2943.0
-0.000627 -0.000398 2944.0
-0.000627 -0.000397 2945.0
-0.000627 -0.000395 2946.0
-0.000627 -0.000393 2947.0
-0.000628 -0.000392 2948.0
-0.000628 -0.000390 2949.0
-0.000628 -0.000388 2950.0
-0.000628 -0.000386 2951.0
-0.000629 -0.000385 2952.0
-0.000629 -0.000383 2953.0
-0.000629 -0.000381 2954.0
-0.000629 -0.000379 2955.0
-0.000630 -0.000378 2956.0
-0.000630 -0.000376 2957.0
-0.000630 -0.000374 2958.0
-0.000630 -0.000373 2959.0
-0.000633 -0.000373 2960.0
-0.000634 -0.000373 2961.0
-0.000634 -0.000373 2962.0
-0.000634 -0.000372 2963.0
-0.000634 -0.000372 2964.0
-0.000634 -0.000372 2965.0
-0.000634 -0.000371 2966.0
-0.000634 -0.000371 2967.0
-0.000634 -0.000371 2968.0
-0.000634 -0.000370 2969.0
-0.000634 -0.000370 2970.0
-0.000634 -0.000370 2971.0
-0.000634 -0.000369 2972.0
-0.000634 -0.000369 2973.0
-0.000634 -0.000369 2974.0
-0.000634 -0.000368 2975.0
-0.000634 -0.000368 2976.0
-0.000635 -0.000368 2977.0
-0.000635 -0.000367 2978.0
-0.000635 -0.000367 2979.0
-0.000635 -0.000367 2980.0
-0.000635 -0.000366 2981.0
-0.000635 -0.000366 2982.0
-0.000635 -0.000366 2983.0
-0.000635 -0.000365 2984.0
-0.000635 -0.000365 2985.0
-0.000635 -0.000365 2986.0
-0.000635 -0.000364 2987.0
-0.000635 -0.000364 2988.0
-0.000635 -0.000364 2989.0
-0.000635 -0.000363 2990.0
-0.000635 -0.000363 2991.0
-0.000635 -0.000363 2992.0
-0.000635 -0.000363 2993.0
-0.000636 -0.000362 2994.0
-0.000636 -0.000362 2995.0
-0.000636 -0.000362 2996.0
-0.000636 -0.000361 2997.0
-0.000636 -0.000361 2998.0
-0.000636 -0.000361 2999.0
-0.000636 -0.000360 3000.0
-0.000636 -0.000360 3001.0
-0.000636 -0.000360 3002.0
-0.000636 -0.000359 3003.0
-0.000636 -0.000359 3004.0
-0.000636 -0.000359 3005.0
-0.000636 -0.000358 3006.0
-0.000636 -0.000358 3007.0
-0.000636 -0.000358 3008.0
-0.000636 -0.000357 3009.0
-0.000637 -0.000357 3010.0
-0.000637 -0.000357 3011.0
-0.000637 -0.000356 3012.0
-0.000637 -0.000356 3013.0
-0.000637 -0.000356 3014.0
-0.000637 -0.000355 3015.0
-0.000637 -0.000355 3016.0
-0.000638 -0.000355 3017.0
-0.000638 -0.000355 3018.0
-0.000638 -0.000355 3019.0
-0.000638 -0.000355 3020.0
-0.000638 -0.000355 3021.0
-0.000638 -0.000355 3022.0
-0.000638 -0.000355 3023.0
-0.000638 -0.000355 3024.0
-0.000638 -0.000355 3025.0
-0.000638 -0.000355 3026.0
-0.000638 -0.000355 3027.0
-0.000638 -0.000355 3028.0
-0.000638 -0.000355 3029.0
-0.000638 -0.000355 3030.0
-0.000638 -0.000355 3031.0
-0.000638 -0.000355 3032.0
-0.000638 -0.000355 3033.0
-0.000638 -0.000355 3034.0
-0.000638 -0.000355 3035.0
-0.000638 -0.000355 3036.0
-0.000638 -0.000355 3037.0
-0.000638 -0.000355 3038.0
-0.000638 -0.000355 3039.0
-0.000637 -0.000355 3040.0
-0.000637 -0.000356 3041.0
-0.000637 -0.000356 3042.0
-0.000636 -0.000356 3043.0
-0.000636 -0.000356 3044.0
-0.000636 -0.000356 3045.0
-0.000635 -0.000356 3046.0
-0.000635 -0.000357 3047.0
-0.000634 -0.000357 3048.0
-0.000634 -0.000357 3049.0
-0.000634 -0.000357 3050.0
-0.000633 -0.000357 3051.0
-0.000633 -0.000357 3052.0
-0.000633 -0.000358 3053.0
-0.000632 -0.000358 3054.0
-0.000632 -0.000358 3055.0
-0.000631 -0.000358 3056.0
-0.000631 -0.000358 3057.0
-0.000631 -0.000358 3058.0
-0.000630 -0.000359 3059.0
-0.000630 -0.000359 3060.0
-0.000629 -0.000359 3061.0
-0.000629 -0.000359 3062.0
-0.000629 -0.000359 3063.0
-0.000628 -0.000360 3064.0
-0.000628 -0.000360 3065.0
-0.000628 -0.000360 3066.0
-0.000627 -0.000360 3067.0
-0.000627 -0.000360 3068.0
-0.000626 -0.000360 3069.0
-0.000626 -0.000361 3070.0
-0.000626 -0.000361 3071.0
-0.000625 -0.000361 3072.0
-0.000625 -0.000361 3073.0
-0.000625 -0.000361 3074.0
-0.000624 -0.000361 3075.0
-0.000624 -0.000362 3076.0
-0.000623 -0.000362 3077.0
-0.000623 -0.000362 3078.0
-0.000623 -0.000362 3079.0
-0.000622 -0.000362 3080.0
-0.000622 -0.000362 3081.0
-0.000621 -0.000363 3082.0
-0.000621 -0.000363 3083.0
-0.000621 -0.000363 3084.0
-0.000620 -0.000363 3085.0
-0.000620 -0.000363 3086.0
-0.000620 -0.000364 3087.0
-0.000619 -0.000364 3088.0
-0.000619 -0.000364 3089.0
-0.000618 -0.000364 3090.0
-0.000618 -0.000364 3091.0
-0.000618 -0.000364 3092.0
-0.000617 -0.000365 3093.0
-0.000617 -0.000365 3094.0
-0.000617 -0.000365 3095.0
-0.000616 -0.000365 3096.0
-0.000616 -0.000365 3097.0
-0.000615 -0.000365 3098.0
-0.000615 -0.000366 3099.0
-0.000614 -0.000364 3100.0
-0.000615 -0.000365 3101.0
-0.000615 -0.000367 3102.0
-0.000615 -0.000368 3103.0
-0.000615 -0.000370 3104.0
-0.000615 -0.000371 3105.0
-0.000615 -0.000373 3106.0
-0.000615 -0.000374 3107.0
-0.000616 -0.000376 3108.0
-0.000616 -0.000377 3109.0
-0.000616 -0.000378 3110.0
-0.000616 -0.000380 3111.0
-0.000616 -0.000381 3112.0
-0.000616 -0.000383 3113.0
-0.000616 -0.000384 3114.0
-0.000617 -0.000386 3115.0
-0.000617 -0.000387 3116.0
-0.000617 -0.000389 3117.0
-0.000617 -0.000390 3118.0
-0.000617 -0.000392 3119.0
-0.000617 -0.000393 3120.0
-0.000617 -0.000395 3121.0
-0.000618 -0.000396 3122.0
-0.000618 -0.000398 3123.0
-0.000618 -0.000399 3124.0
-0.000618 -0.000401 3125.0
-0.000618 -0.000402 3126.0
-0.000618 -0.000404 3127.0
-0.000618 -0.000405 3128.0
-0.000618 -0.000406 3129.0
-0.000619 -0.000408 3130.0
-0.000619 -0.000409 3131.0
-0.000619 -0.000411 3132.0
-0.000619 -0.000412 3133.0
-0.000619 -0.000414 3134.0
-0.000619 -0.000415 3135.0
-0.000619 -0.000417 3136.0
-0.000620 -0.000418 3137.0
-0.000620 -0.000420 3138.0
-0.000620 -0.000421 3139.0
-0.000620 -0.000423 3140.0
-0.000620 -0.000424 3141.0
-0.000620 -0.000426 3142.0
-0.000620 -0.000427 3143.0
-0.000621 -0.000429 3144.0
-0.000621 -0.000430 3145.0
-0.000621 -0.000432 3146.0
-0.000621 -0.000433 3147.0
-0.000621 -0.000435 3148.0
-0.000621 -0.000436 3149.0
-0.000621 -0.000437 3150.0
-0.000622 -0.000439 3151.0
-0.000622 -0.000440 3152.0
-0.000622 -0.000442 3153.0
-0.000622 -0.000443 3154.0
-0.000622 -0.000445 3155.0
-0.000622 -0.000446 3156.0
-0.000622 -0.000448 3157.0
-0.000623 -0.000449 3158.0
-0.000623 -0.000451 3159.0
-0.000625 -0.000450 3160.0
-0.000623 -0.000451 3161.0
-0.000620 -0.000452 3162.0
-0.000618 -0.000453 3163.0
-0.000616 -0.000454 3164.0
-0.000614 -0.000455 3165.0
-0.000612 -0.000455 3166.0
-0.000610 -0.000456 3167.0
-0.000608 -0.000457 3168.0
-0.000606 -0.000458 3169.0
-0.000604 -0.000459 3170.0
-0.000601 -0.000460 3171.0
-0.000599 -0.000461 3172.0
-0.000597 -0.000461 3173.0
-0.000595 -0.000462 3174.0
-0.000593 -0.000463 3175.0
-0.000591 -0.000464 3176.0
-0.000589 -0.000465 3177.0
-0.000587 -0.000466 3178.0
-0.000585 -0.000466 3179.0
-0.000582 -0.000467 3180.0
-0.000580 -0.000468 3181.0
-0.000578 -0.000469 3182.0
-0.000576 -0.000470 3183.0
-0.000574 -0.000471 3184.0
-0.000572 -0.000471 3185.0
-0.000570 -0.000472 3186.0
-0.000568 -0.000473 3187.0
-0.000566 -0.000474 3188.0
-0.000563 -0.000475 3189.0
-0.000561 -0.000476 3190.0
-0.000559 -0.000477 3191.0
-0.000557 -0.000477 3192.0
-0.000555 -0.000478 3193.0
-0.000553 -0.000479 3194.0
-0.000551 -0.000480 3195.0
-0.000549 -0.000481 3196.0
-0.000546 -0.000482 3197.0
-0.000544 -0.000482 3198.0
-0.000542 -0.000483 3199.0
-0.000540 -0.000484 3200.0
-0.000538 -0.000485 3201.0
-0.000536 -0.000486 3202.0
-0.000534 -0.000487 3203.0
-0.000532 -0.000487 3204.0
-0.000530 -0.000488 3205.0
-0.000527 -0.000489 3206.0
-0.000525 -0.000490 3207.0
-0.000523 -0.000491 3208.0
-0.000522 -0.000483 3209.0
-0.000519 -0.000484 3210.0
-0.000517 -0.000485 3211.0
-0.000515 -0.000485 3212.0
-0.000513 -0.000486 3213.0
-0.000511 -0.000487 3214.0
-0.000509 -0.000488 3215.0
-0.000507 -0.000488 3216.0
-0.000505 -0.000489 3217.0
-0.000503 -0.000490 3218.0
-0.000501 -0.000490 3219.0
-0.000498 -0.000491 3220.0
-0.000496 -0.000492 3221.0
-0.000494 -0.000493 3222.0
-0.000492 -0.000493 3223.0
-0.000490 -0.000494 3224.0
-0.000488 -0.000495 3225.0
-0.000486 -0.000495 3226.0
-0.000484 -0.000496 3227.0
-0.000482 -0.000497 3228.0
-0.000480 -0.000498 3229.0
-0.000478 -0.000498 3230.0
-0.000475 -0.000499 3231.0
-0.000473 -0.000500 3232.0
-0.000471 -0.000501 3233.0
-0.000469 -0.000501 3234.0
-0.000467 -0.000502 3235.0
-0.000465 -0.000503 3236.0
-0.000463 -0.000503 3237.0
-0.000461 -0.000504 3238.0
-0.000459 -0.000505 3239.0
-0.000457 -0.000506 3240.0
-0.000454 -0.000506 3241.0
-0.000452 -0.000507 3242.0
-0.000450 -0.000508 3243.0
-0.000448 -0.000508 3244.0
-0.000446 -0.000509 3245.0
-0.000444 -0.000510 3246.0
-0.000442 -0.000511 3247.0
-0.000440 -0.000511 3248.0
-0.000438 -0.000512 3249.0
-0.000436 -0.000513 3250.0
-0.000434 -0.000513 3251.0
-0.000431 -0.000514 3252.0
-0.000429 -0.000515 3253.0
-0.000427 -0.000516 3254.0
-0.000425 -0.000516 3255.0
-0.000423 -0.000517 3256.0
-0.000421 -0.000518 3257.0
-0.000420 -0.000511 3258.0
-0.000419 -0.000511 3259.0
-0.000418 -0.000511 3260.0
-0.000417 -0.000511 3261.0
-0.000416 -0.000511 3262.0
-0.000415 -0.000511 3263.0
-0.000414 -0.000511 3264.0
-0.000414 -0.000510 3265.0
-0.000413 -0.000510 3266.0
-0.000412 -0.000510 3267.0
-0.000411 -0.000510 3268.0
-0.000410 -0.000510 3269.0
-0.000409 -0.000510 3270.0
-0.000408 -0.000510 3271.0
-0.000408 -0.000510 3272.0
-0.000407 -0.000510 3273.0
-0.000406 -0.000510 3274.0
-0.000405 -0.000510 3275.0
-0.000404 -0.000509 3276.0
-0.000403 -0.000509 3277.0
-0.000402 -0.000509 3278.0
-0.000401 -0.000509 3279.0
-0.000401 -0.000509 3280.0
-0.000400 -0.000509 3281.0
-0.000399 -0.000509 3282.0
-0.000398 -0.000509 3283.0
-0.000397 -0.000509 3284.0
-0.000396 -0.000509 3285.0
-0.000395 -0.000508 3286.0
-0.000395 -0.000508 3287.0
-0.000394 -0.000508 3288.0
-0.000393 -0.000508 3289.0
-0.000392 -0.000508 3290.0
-0.000391 -0.000508 3291.0
-0.000390 -0.000508 3292.0
-0.000389 -0.000508 3293.0
-0.000388 -0.000508 3294.0
-0.000388 -0.000508 3295.0
-0.000387 -0.000508 3296.0
-0.000386 -0.000507 3297.0
-0.000385 -0.000507 3298.0
-0.000384 -0.000507 3299.0
-0.000383 -0.000507 3300.0
-0.000382 -0.000507 3301.0
-0.000382 -0.000507 3302.0
-0.000381 -0.000507 3303.0
-0.000380 -0.000507 3304.0
-0.000379 -0.000507 3305.0
-0.000378 -0.000507 3306.0
-0.000377 -0.000507 3307.0
-0.000376 -0.000506 3308.0
-0.000376 -0.000506 3309.0
-0.000375 -0.000506 3310.0
-0.000374 -0.000506 3311.0
-0.000373 -0.000506 3312.0
-0.000372 -0.000506 3313.0
-0.000371 -0.000506 3314.0
-0.000370 -0.000506 3315.0
-0.000369 -0.000506 3316.0
-0.000369 -0.000506 3317.0
-0.000369 -0.000507 3318.0
-0.000368 -0.000506 3319.0
-0.000367 -0.000505 3320.0
-0.000367 -0.000504 3321.0
-0.000366 -0.000503 3322.0
-0.000365 -0.000503 3323.0
-0.000365 -0.000502 3324.0
-0.000364 -0.000501 3325.0
-0.000363 -0.000500 3326.0
-0.000363 -0.000499 3327.0
-0.000362 -0.000498 3328.0
-0.000361 -0.000498 3329.0
-0.000361 -0.000497 3330.0
-0.000360 -0.000496 3331.0
-0.000360 -0.000495 3332.0
-0.000359 -0.000494 3333.0
-0.000358 -0.000493 3334.0
-0.000358 -0.000493 3335.0
-0.000357 -0.000492 3336.0
-0.000356 -0.000491 3337.0
-0.000356 -0.000490 3338.0
-0.000355 -0.000489 3339.0
-0.000353 -0.000491 3340.0
-0.000353 -0.000491 3341.0
-0.000353 -0.000491 3342.0
-0.000353 -0.000491 3343.0
-0.000353 -0.000491 3344.0
-0.000353 -0.000490 3345.0
-0.000353 -0.000490 3346.0
-0.000353 -0.000490 3347.0
-0.000353 -0.000490 3348.0
-0.000353 -0.000490 3349.0
-0.000352 -0.000490 3350.0
-0.000352 -0.000489 3351.0
-0.000352 -0.000489 3352.0
-0.000352 -0.000489 3353.0
-0.000352 -0.000489 3354.0
-0.000352 -0.000489 3355.0
-0.000352 -0.000489 3356.0
-0.000352 -0.000488 3357.0
-0.000352 -0.000488 3358.0
-0.000352 -0.000488 3359.0
-0.000351 -0.000488 3360.0
-0.000351 -0.000488 3361.0
-0.000351 -0.000488 3362.0
-0.000351 -0.000487 3363.0
-0.000351 -0.000487 3364.0
-0.000351 -0.000487 3365.0
-0.000351 -0.000487 3366.0
-0.000351 -0.000487 3367.0
-0.000351 -0.000487 3368.0
-0.000351 -0.000486 3369.0
-0.000350 -0.000486 3370.0
-0.000350 -0.000486 3371.0
-0.000350 -0.000486 3372.0
-0.000350 -0.000486 3373.0
-0.000350 -0.000486 3374.0
-0.000350 -0.000485 3375.0
-0.000350 -0.000485 3376.0
-0.000350 -0.000485 3377.0
-0.000350 -0.000485 3378.0
-0.000349 -0.000485 3379.0
-0.000349 -0.000485 3380.0
-0.000349 -0.000484 3381.0
-0.000349 -0.000484 3382.0
-0.000349 -0.000484 3383.0
-0.000349 -0.000484 3384.0
-0.000349 -0.000484 3385.0
-0.000349 -0.000484 3386.0
-0.000349 -0.000483 3387.0
-0.000349 -0.000483 3388.0
-0.000348 -0.000483 3389.0
-0.000348 -0.000483 3390.0
-0.000348 -0.000483 3391.0
-0.000348 -0.000483 3392.0
-0.000348 -0.000482 3393.0
-0.000348 -0.000482 3394.0
-0.000348 -0.000482 3395.0
-0.000348 -0.000482 3396.0
-0.000348 -0.000482 3397.0
-0.000348 -0.000482 3398.0
-0.000347 -0.000481 3399.0
-0.000347 -0.000482 3400.0
-0.000347 -0.000482 3401.0
-0.000347 -0.000482 3402.0
-0.000347 -0.000482 3403.0
-0.000347 -0.000482 3404.0
-0.000347 -0.000482 3405.0
-0.000346 -0.000482 3406.0
-0.000346 -0.000482 3407.0
-0.000346 -0.000482 3408.0
-0.000346 -0.000482 3409.0
-0.000346 -0.000482 3410.0
-0.000346 -0.000482 3411.0
-0.000346 -0.000482 3412.0
-0.000346 -0.000482 3413.0
-0.000346 -0.000482 3414.0
-0.000346 -0.000482 3415.0
-0.000346 -0.000482 3416.0
-0.000346 -0.000482 3417.0
-0.000346 -0.000482 3418.0
-0.000346 -0.000482 3419.0
-0.000346 -0.000482 3420.0
-0.000346 -0.000482 3421.0
-0.000346 -0.000482 3422.0
-0.000346 -0.000482 3423.0
-0.000346 -0.000482 3424.0
-0.000346 -0.000482 3425.0
-0.000346 -0.000482 3426.0
-0.000346 -0.000482 3427.0
-0.000346 -0.000482 3428.0
-0.000346 -0.000482 3429.0
-0.000346 -0.000482 3430.0
-0.000346 -0.000482 3431.0
-0.000346 -0.000482 3432.0
-0.000346 -0.000482 3433.0
-0.000346 -0.000482 3434.0
-0.000346 -0.000482 3435.0
-0.000346 -0.000482 3436.0
-0.000346 -0.000482 3437.0
-0.000346 -0.000482 3438.0
-0.000346 -0.000482 3439.0
-0.000346 -0.000482 3440.0
-0.000346 -0.000482 3441.0
-0.000346 -0.000482 3442.0
-0.000346 -0.000482 3443.0
-0.000346 -0.000482 3444.0
-0.000346 -0.000482 3445.0
-0.000346 -0.000482 3446.0
-0.000346 -0.000482 3447.0
-0.000346 -0.000482 3448.0
-0.000346 -0.000482 3449.0
-0.000346 -0.000482 3450.0
-0.000346 -0.000482 3451.0
-0.000346 -0.000482 3452.0
-0.000346 -0.000482 3453.0
-0.000346 -0.000482 3454.0
-0.000346 -0.000482 3455.0
-0.000346 -0.000482 3456.0
-0.000346 -0.000482 3457.0
-0.000346 -0.000482 3458.0
-0.000346 -0.000482 3459.0
-0.000346 -0.000482 3460.0
-0.000346 -0.000482 3461.0
-0.000346 -0.000482 3462.0
-0.000346 -0.000482 3463.0
-0.000346 -0.000482 3464.0
-0.000346 -0.000482 3465.0
-0.000346 -0.000482 3466.0
-0.000346 -0.000482 3467.0
-0.000346 -0.000482 3468.0
-0.000346 -0.000483 3469.0
-0.000346 -0.000483 3470.0
-0.000346 -0.000483 3471.0
-0.000346 -0.000483 3472.0
-0.000346 -0.000483 3473.0
-0.000346 -0.000483 3474.0
-0.000346 -0.000483 3475.0
-0.000346 -0.000483 3476.0
-0.000346 -0.000483 3477.0
-0.000346 -0.000483 3478.0
-0.000346 -0.000483 3479.0
-0.000346 -0.000483 3480.0
-0.000346 -0.000483 3481.0
-0.000346 -0.000483 3482.0
-0.000346 -0.000483 3483.0
-0.000346 -0.000483 3484.0
-0.000346 -0.000483 3485.0
-0.000346 -0.000483 3486.0
-0.000346 -0.000483 3487.0
-0.000346 -0.000483 3488.0
-0.000346 -0.000483 3489.0
-0.000346 -0.000483 3490.0
-0.000346 -0.000483 3491.0
-0.000346 -0.000483 3492.0
-0.000346 -0.000483 3493.0
-0.000346 -0.000483 3494.0
-0.000346 -0.000483 3495.0
-0.000346 -0.000483 3496.0
-0.000346 -0.000483 3497.0
-0.000346 -0.000483 3498.0
-0.000346 -0.000483 3499.0
-0.000346 -0.000483 3500.0
-0.000346 -0.000483 3501.0
-0.000346 -0.000483 3502.0
-0.000346 -0.000483 3503.0
-0.000346 -0.000483 3504.0
-0.000346 -0.000483 3505.0
-0.000346 -0.000483 3506.0
-0.000346 -0.000483 3507.0
-0.000346 -0.000483 3508.0
-0.000346 -0.000483 3509.0
-0.000346 -0.000483 3510.0
-0.000346 -0.000483 3511.0
-0.000346 -0.000483 3512.0
-0.000346 -0.000483 3513.0
-0.000346 -0.000483 3514.0
-0.000346 -0.000483 3515.0
-0.000346 -0.000483 3516.0
-0.000346 -0.000483 3517.0
-0.000346 -0.000483 3518.0
-0.000346 -0.000483 3519.0
-0.000346 -0.000483 3520.0
-0.000346 -0.000483 3521.0
-0.000346 -0.000483 3522.0
-0.000346 -0.000483 3523.0
-0.000346 -0.000483 3524.0
-0.000346 -0.000483 3525.0
-0.000346 -0.000483 3526.0
-0.000346 -0.000483 3527.0
-0.000346 -0.000483 3528.0
-0.000346 -0.000483 3529.0
-0.000346 -0.000483 3530.0
-0.000346 -0.000483 3531.0
-0.000346 -0.000483 3532.0
-0.000346 -0.000483 3533.0
-0.000346 -0.000483 3534.0
-0.000346 -0.000483 3535.0
-0.000346 -0.000483 3536.0
-0.000346 -0.000483 3537.0
-0.000346 -0.000483 3538.0
-0.000346 -0.000483 3539.0
-0.000346 -0.000483 3540.0
-0.000346 -0.000483 3541.0
-0.000346 -0.000483 3542.0
-0.000346 -0.000483 3543.0
-0.000346 -0.000483 3544.0
-0.000346 -0.000483 3545.0
-0.000346 -0.000483 3546.0
-0.000346 -0.000483 3547.0
-0.000346 -0.000483 3548.0
-0.000346 -0.000483 3549.0
-0.000346 -0.000483 3550.0
-0.000346 -0.000483 3551.0
-0.000346 -0.000483 3552.0
-0.000346 -0.000483 3553.0
-0.000346 -0.000483 3554.0
-0.000346 -0.000483 3555.0
-0.000346 -0.000483 3556.0
-0.000346 -0.000483 3557.0
-0.000346 -0.000483 3558.0
-0.000346 -0.000483 3559.0
-0.000346 -0.000483 3560.0
-0.000346 -0.000483 3561.0
-0.000346 -0.000483 3562.0
-0.000346 -0.000483 3563.0
-0.000346 -0.000483 3564.0
-0.000346 -0.000483 3565.0
-0.000346 -0.000483 3566.0
-0.000346 -0.000483 3567.0
-0.000346 -0.000483 3568.0
-0.000346 -0.000483 3569.0
-0.000346 -0.000483 3570.0
-0.000346 -0.000483 3571.0
-0.000346 -0.000483 3572.0
-0.000346 -0.000483 3573.0
-0.000346 -0.000483 3574.0
-0.000346 -0.000483 3575.0
-0.000346 -0.000483 3576.0
-0.000346 -0.000483 3577.0
-0.000346 -0.000483 3578.0
-0.000346 -0.000483 3579.0
-0.000346 -0.000483 3580.0
-0.000346 -0.000483 3581.0
