0.000424 -0.000429 58.0
0.000424 -0.000429 59.0
0.000424 -0.000429 60.0
0.000424 -0.000429 61.0
0.000424 -0.000429 62.0
0.000424 -0.000429 63.0
0.000424 -0.000429 64.0
0.000424 -0.000429 65.0
0.000424 -0.000429 66.0
0.000424 -0.000429 67.0
0.000424 -0.000429 68.0
0.000424 -0.000429 69.0
0.000424 -0.000429 70.0
0.000424 -0.000429 71.0
0.000424 -0.000429 72.0
0.000424 -0.000429 73.0
0.000424 -0.000429 74.0
0.000424 -0.000429 75.0
0.000424 -0.000429 76.0
0.000424 -0.000429 77.0
0.000424 -0.000429 78.0
0.000424 -0.000429 79.0
0.000424 -0.000429 80.0
0.000424 -0.000429 81.0
0.000424 -0.000429 82.0
0.000424 -0.000429 83.0
0.000424 -0.000429 84.0
0.000424 -0.000429 85.0
0.000424 -0.000429 86.0
0.000424 -0.000429 87.0
0.000424 -0.000429 88.0
0.000424 -0.000429 89.0
0.000424 -0.000429 90.0
0.000424 -0.000429 91.0
0.000424 -0.000429 92.0
0.000424 -0.000429 93.0
0.000424 -0.000429 94.0
0.000424 -0.000429 95.0
0.000424 -0.000429 96.0
0.000424 -0.000429 97.0
0.000424 -0.000429 98.0
0.000424 -0.000429 99.0
0.000424 -0.000429 100.0
0.000424 -0.000429 101.0
0.000424 -0.000429 102.0
0.000424 -0.000429 103.0
0.000424 -0.000429 104.0
0.000424 -0.000429 105.0
0.000424 -0.000429 106.0
0.000424 -0.000429 107.0
0.000424 -0.000429 108.0
0.000424 -0.000429 109.0
0.000424 -0.000429 110.0
0.000424 -0.000429 111.0
0.000424 -0.000429 112.0
0.000424 -0.000429 113.0
0.000424 -0.000429 114.0
0.000424 -0.000429 115.0
0.000424 -0.000429 116.0
0.000424 -0.000429 117.0
0.000424 -0.000429 118.0
0.000424 -0.000429 119.0
0.000424 -0.000429 120.0
0.000424 -0.000429 121.0
0.000424 -0.000429 122.0
0.000424 -0.000429 123.0
0.000424 -0.000429 124.0
0.000424 -0.000429 125.0
0.000424 -0.000429 126.0
0.000424 -0.000429 127.0
0.000424 -0.000429 128.0
0.000424 -0.000429 129.0
0.000424 -0.000429 130.0
0.000424 -0.000429 131.0
0.000424 -0.000429 132.0
0.000424 -0.000429 133.0
0.000424 -0.000429 134.0
0.000424 -0.000429 135.0
0.000424 -0.000429 136.0
0.000424 -0.000429 137.0
0.000424 -0.000429 138.0
0.000424 -0.000429 139.0
0.000424 -0.000429 140.0
0.000424 -0.000429 141.0
0.000424 -0.000429 142.0
0.000424 -0.000429 143.0
0.000424 -0.000429 144.0
0.000424 -0.000429 145.0
0.000424 -0.000429 146.0
0.000424 -0.000429 147.0
0.000424 -0.000429 148.0
0.000424 -0.000429 149.0
0.000424 -0.000429 150.0
0.000424 -0.000429 151.0
0.000424 -0.000429 152.0
0.000424 -0.000429 153.0
0.000424 -0.000429 154.0
0.000424 -0.000429 155.0
0.000424 -0.000429 156.0
0.000424 -0.000429 157.0
0.000424 -0.000429 158.0
0.000424 -0.000429 159.0
0.000424 -0.000429 160.0
0.000424 -0.000429 161.0
0.000424 -0.000429 162.0
0.000424 -0.000429 163.0
0.000424 -0.000429 164.0
0.000424 -0.000429 165.0
0.000424 -0.000429 166.0
0.000424 -0.000429 167.0
0.000424 -0.000429 168.0
0.000424 -0.000429 169.0
0.000424 -0.000429 170.0
0.000424 -0.000429 171.0
0.000424 -0.000429 172.0
0.000424 -0.000429 173.0
0.000424 -0.000429 174.0
0.000424 -0.000429 175.0
0.000424 -0.000429 176.0
0.000424 -0.000429 177.0
0.000424 -0.000429 178.0
0.000424 -0.000429 179.0
0.000424 -0.000429 180.0
0.000424 -0.000429 181.0
0.000424 -0.000429 182.0
0.000424 -0.000429 183.0
0.000424 -0.000429 184.0
0.000424 -0.000429 185.0
0.000424 -0.000429 186.0
0.000424 -0.000429 187.0
0.000424 -0.000429 188.0
0.000424 -0.000429 189.0
0.000424 -0.000428 190.0
0.000424 -0.000428 191.0
0.000424 -0.000428 192.0
0.000424 -0.000428 193.0
0.000424 -0.000428 194.0
0.000424 -0.000428 195.0
0.000424 -0.000428 196.0
0.000424 -0.000428 197.0
0.000424 -0.000428 198.0
0.000424 -0.000428 199.0
0.000424 -0.000428 200.0
0.000424 -0.000428 201.0
0.000424 -0.000428 202.0
0.000424 -0.000428 203.0
0.000424 -0.000428 204.0
0.000424 -0.000428 205.0
0.000424 -0.000428 206.0
0.000424 -0.000428 207.0
0.000424 -0.000428 208.0
0.000424 -0.000428 209.0
0.000424 -0.000428 210.0
0.000424 -0.000428 211.0
0.000424 -0.000428 212.0
0.000424 -0.000428 213.0
0.000424 -0.000428 214.0
0.000424 -0.000428 215.0
0.000424 -0.000428 216.0
0.000424 -0.000428 217.0
0.000424 -0.000428 218.0
0.000424 -0.000428 219.0
0.000424 -0.000428 220.0
0.000424 -0.000428 221.0
0.000424 -0.000428 222.0
0.000424 -0.000428 223.0
0.000424 -0.000428 224.0
0.000424 -0.000428 225.0
0.000424 -0.000428 226.0
0.000424 -0.000428 227.0
0.000424 -0.000428 228.0
0.000424 -0.000428 229.0
0.000424 -0.000428 230.0
0.000424 -0.000428 231.0
0.000424 -0.000428 232.0
0.000424 -0.000428 233.0
0.000424 -0.000428 234.0
0.000424 -0.000428 235.0
0.000424 -0.000428 236.0
0.000424 -0.000428 237.0
0.000424 -0.000428 238.0
0.000424 -0.000428 239.0
0.000424 -0.000428 240.0
0.000424 -0.000428 241.0
0.000424 -0.000428 242.0
0.000424 -0.000428 243.0
0.000424 -0.000428 244.0
0.000424 -0.000428 245.0
0.000424 -0.000428 246.0
0.000424 -0.000428 247.0
0.000424 -0.000428 248.0
0.000424 -0.000428 249.0
0.000424 -0.000428 250.0
0.000424 -0.000428 251.0
0.000424 -0.000428 252.0
0.000424 -0.000428 253.0
0.000424 -0.000428 254.0
0.000424 -0.000428 255.0
0.000424 -0.000428 256.0
0.000424 -0.000428 257.0
0.000424 -0.000428 258.0
0.000424 -0.000428 259.0
0.000424 -0.000428 260.0
0.000424 -0.000428 261.0
0.000424 -0.000428 262.0
0.000424 -0.000428 263.0
0.000424 -0.000428 264.0
0.000424 -0.000428 265.0
0.000424 -0.000428 266.0
0.000424 -0.000427 267.0
0.000424 -0.000427 268.0
0.000424 -0.000427 269.0
0.000424 -0.000427 270.0
0.000424 -0.000427 271.0
0.000424 -0.000427 272.0
0.000424 -0.000427 273.0
0.000424 -0.000427 274.0
0.000424 -0.000427 275.0
0.000424 -0.000427 276.0
0.000424 -0.000427 277.0
0.000424 -0.000427 278.0
0.000424 -0.000427 279.0
0.000424 -0.000427 280.0
0.000424 -0.000427 281.0
0.000424 -0.000427 282.0
0.000424 -0.000427 283.0
0.000424 -0.000427 284.0
0.000424 -0.000427 285.0
0.000424 -0.000427 286.0
0.000424 -0.000427 287.0
0.000424 -0.000427 288.0
0.000424 -0.000427 289.0
0.000424 -0.000427 290.0
0.000424 -0.000427 291.0
0.000424 -0.000427 292.0
0.000424 -0.000427 293.0
0.000424 -0.000427 294.0
0.000424 -0.000427 295.0
0.000424 -0.000427 296.0
0.000424 -0.000427 297.0
0.000424 -0.000427 298.0
0.000424 -0.000427 299.0
0.000424 -0.000427 300.0
0.000424 -0.000427 301.0
0.000424 -0.000427 302.0
0.000424 -0.000427 303.0
0.000424 -0.000427 304.0
0.000424 -0.000427 305.0
0.000424 -0.000427 306.0
0.000424 -0.000427 307.0
0.000424 -0.000427 308.0
0.000424 -0.000427 309.0
0.000424 -0.000427 310.0
0.000424 -0.000427 311.0
0.000424 -0.000427 312.0
0.000424 -0.000427 313.0
0.000424 -0.000427 314.0
0.000424 -0.000427 315.0
0.000424 -0.000427 316.0
0.000424 -0.000427 317.0
0.000424 -0.000427 318.0
0.000424 -0.000427 319.0
0.000424 -0.000427 320.0
0.000424 -0.000427 321.0
0.000424 -0.000427 322.0
0.000424 -0.000427 323.0
0.000424 -0.000427 324.0
0.000424 -0.000427 325.0
0.000424 -0.000427 326.0
0.000424 -0.000427 327.0
0.000424 -0.000427 328.0
0.000424 -0.000427 329.0
0.000424 -0.000427 330.0
0.000424 -0.000427 331.0
0.000424 -0.000427 332.0
0.000424 -0.000427 333.0
0.000424 -0.000427 334.0
0.000424 -0.000427 335.0
0.000424 -0.000427 336.0
0.000424 -0.000427 337.0
0.000424 -0.000427 338.0
0.000424 -0.000427 339.0
0.000424 -0.000427 340.0
0.000424 -0.000427 341.0
0.000424 -0.000427 342.0
0.000424 -0.000427 343.0
0.000424 -0.000427 344.0
0.000424 -0.000426 345.0
0.000424 -0.000426 346.0
0.000424 -0.000426 347.0
0.000424 -0.000426 348.0
0.000424 -0.000426 349.0
0.000424 -0.000426 350.0
0.000424 -0.000426 351.0
0.000424 -0.000426 352.0
0.000424 -0.000426 353.0
0.000424 -0.000426 354.0
0.000424 -0.000426 355.0
0.000424 -0.000426 356.0
0.000424 -0.000426 357.0
0.000424 -0.000426 358.0
0.000424 -0.000426 359.0
0.000424 -0.000426 360.0
0.000424 -0.000426 361.0
0.000424 -0.000426 362.0
0.000424 -0.000426 363.0
0.000424 -0.000426 364.0
0.000424 -0.000426 365.0
0.000424 -0.000426 366.0
0.000424 -0.000426 367.0
0.000424 -0.000426 368.0
0.000424 -0.000426 369.0
0.000424 -0.000426 370.0
0.000424 -0.000426 371.0
0.000424 -0.000426 372.0
0.000424 -0.000426 373.0
0.000424 -0.000426 374.0
0.000424 -0.000426 375.0
0.000424 -0.000426 376.0
0.000424 -0.000426 377.0
0.000424 -0.000426 378.0
0.000424 -0.000426 379.0
0.000424 -0.000426 380.0
0.000424 -0.000426 381.0
0.000424 -0.000426 382.0
0.000424 -0.000426 383.0
0.000424 -0.000426 384.0
0.000424 -0.000426 385.0
0.000424 -0.000426 386.0
0.000424 -0.000426 387.0
0.000424 -0.000426 388.0
0.000424 -0.000426 389.0
0.000424 -0.000426 390.0
0.000424 -0.000426 391.0
0.000424 -0.000426 392.0
0.000424 -0.000426 393.0
0.000424 -0.000426 394.0
0.000424 -0.000426 395.0
0.000424 -0.000426 396.0
0.000424 -0.000426 397.0
0.000424 -0.000426 398.0
0.000424 -0.000426 399.0
0.000424 -0.000426 400.0
0.000424 -0.000426 401.0
0.000424 -0.000426 402.0
0.000424 -0.000426 403.0
0.000424 -0.000426 404.0
0.000424 -0.000426 405.0
0.000424 -0.000426 406.0
0.000424 -0.000426 407.0
0.000424 -0.000426 408.0
0.000424 -0.000426 409.0
0.000424 -0.000426 410.0
0.000424 -0.000426 411.0
0.000424 -0.000426 412.0
0.000424 -0.000426 413.0
0.000424 -0.000426 414.0
0.000424 -0.000426 415.0
0.000424 -0.000426 416.0
0.000424 -0.000426 417.0
0.000424 -0.000426 418.0
0.000424 -0.000426 419.0
0.000424 -0.000426 420.0
0.000424 -0.000426 421.0
0.000424 -0.000425 422.0
0.000424 -0.000425 423.0
0.000424 -0.000425 424.0
0.000424 -0.000425 425.0
0.000425 -0.000425 426.0
0.000425 -0.000425 427.0
0.000425 -0.000425 428.0
0.000425 -0.000425 429.0
0.000425 -0.000425 430.0
0.000425 -0.000425 431.0
0.000425 -0.000425 432.0
0.000425 -0.000425 433.0
0.000425 -0.000425 434.0
0.000425 -0.000425 435.0
0.000425 -0.000425 436.0
0.000425 -0.000425 437.0
0.000425 -0.000425 438.0
0.000425 -0.000425 439.0
0.000425 -0.000425 440.0
0.000425 -0.000425 441.0
0.000425 -0.000425 442.0
0.000425 -0.000425 443.0
0.000425 -0.000425 444.0
0.000425 -0.000425 445.0
0.000425 -0.000425 446.0
0.000425 -0.000425 447.0
0.000425 -0.000425 448.0
0.000425 -0.000425 449.0
0.000425 -0.000425 450.0
0.000425 -0.000425 451.0
0.000425 -0.000425 452.0
0.000425 -0.000425 453.0
0.000425 -0.000425 454.0
0.000425 -0.000425 455.0
0.000425 -0.000425 456.0
0.000425 -0.000425 457.0
0.000425 -0.000425 458.0
0.000425 -0.000425 459.0
0.000425 -0.000425 460.0
0.000425 -0.000425 461.0
0.000425 -0.000425 462.0
0.000425 -0.000425 463.0
0.000425 -0.000425 464.0
0.000425 -0.000425 465.0
0.000425 -0.000425 466.0
0.000425 -0.000425 467.0
0.000425 -0.000425 468.0
0.000425 -0.000425 469.0
0.000425 -0.000425 470.0
0.000425 -0.000425 471.0
0.000425 -0.000425 472.0
0.000425 -0.000425 473.0
0.000425 -0.000425 474.0
0.000425 -0.000425 475.0
0.000425 -0.000425 476.0
0.000425 -0.000425 477.0
0.000425 -0.000425 478.0
0.000425 -0.000425 479.0
0.000425 -0.000425 480.0
0.000425 -0.000425 481.0
0.000425 -0.000425 482.0
0.000425 -0.000425 483.0
0.000425 -0.000425 484.0
0.000425 -0.000425 485.0
0.000425 -0.000425 486.0
0.000425 -0.000425 487.0
0.000425 -0.000425 488.0
0.000425 -0.000425 489.0
0.000425 -0.000425 490.0
0.000425 -0.000425 491.0
0.000425 -0.000425 492.0
0.000425 -0.000425 493.0
0.000425 -0.000425 494.0
0.000425 -0.000425 495.0
0.000425 -0.000425 496.0
0.000425 -0.000425 497.0
0.000425 -0.000425 498.0
0.000425 -0.000424 499.0
0.000425 -0.000424 500.0
0.000425 -0.000424 501.0
0.000425 -0.000424 502.0
0.000425 -0.000424 503.0
0.000425 -0.000424 504.0
0.000425 -0.000424 505.0
0.000425 -0.000424 506.0
0.000425 -0.000424 507.0
0.000425 -0.000424 508.0
0.000425 -0.000424 509.0
0.000425 -0.000424 510.0
0.000425 -0.000424 511.0
0.000425 -0.000424 512.0
0.000425 -0.000424 513.0
0.000425 -0.000424 514.0
0.000425 -0.000424 515.0
0.000425 -0.000424 516.0
0.000425 -0.000424 517.0
0.000425 -0.000424 518.0
0.000425 -0.000424 519.0
0.000425 -0.000424 520.0
0.000425 -0.000424 521.0
0.000425 -0.000424 522.0
0.000425 -0.000424 523.0
0.000425 -0.000424 524.0
0.000425 -0.000424 525.0
0.000425 -0.000424 526.0
0.000425 -0.000424 527.0
0.000425 -0.000424 528.0
0.000425 -0.000424 529.0
0.000425 -0.000424 530.0
0.000425 -0.000424 531.0
0.000425 -0.000424 532.0
0.000425 -0.000424 533.0
0.000425 -0.000424 534.0
0.000425 -0.000424 535.0
0.000425 -0.000424 536.0
0.000425 -0.000424 537.0
0.000425 -0.000424 538.0
0.000425 -0.000424 539.0
0.000425 -0.000424 540.0
0.000425 -0.000424 541.0
0.000425 -0.000424 542.0
0.000425 -0.000424 543.0
0.000425 -0.000424 544.0
0.000425 -0.000424 545.0
0.000425 -0.000424 546.0
0.000425 -0.000424 547.0
0.000425 -0.000424 548.0
0.000425 -0.000424 549.0
0.000425 -0.000424 550.0
0.000425 -0.000424 551.0
0.000425 -0.000424 552.0
0.000425 -0.000424 553.0
0.000425 -0.000424 554.0
0.000425 -0.000424 555.0
0.000425 -0.000424 556.0
0.000425 -0.000424 557.0
0.000425 -0.000424 558.0
0.000425 -0.000424 559.0
0.000425 -0.000424 560.0
0.000425 -0.000424 561.0
0.000425 -0.000424 562.0
0.000425 -0.000424 563.0
0.000425 -0.000424 564.0
0.000425 -0.000424 565.0
0.000425 -0.000424 566.0
0.000425 -0.000424 567.0
0.000425 -0.000424 568.0
0.000425 -0.000424 569.0
0.000425 -0.000424 570.0
0.000425 -0.000424 571.0
0.000425 -0.000424 572.0
0.000425 -0.000424 573.0
0.000425 -0.000424 574.0
0.000425 -0.000424 575.0
0.000425 -0.000423 576.0
0.000425 -0.000423 577.0
0.000425 -0.000423 578.0
0.000425 -0.000423 579.0
0.000425 -0.000423 580.0
0.000425 -0.000423 581.0
0.000425 -0.000423 582.0
0.000425 -0.000423 583.0
0.000425 -0.000423 584.0
0.000425 -0.000423 585.0
0.000425 -0.000423 586.0
0.000425 -0.000423 587.0
0.000425 -0.000423 588.0
0.000425 -0.000423 589.0
0.000425 -0.000423 590.0
0.000425 -0.000423 591.0
0.000425 -0.000423 592.0
0.000425 -0.000423 593.0
0.000425 -0.000423 594.0
0.000425 -0.000423 595.0
0.000425 -0.000423 596.0
0.000425 -0.000423 597.0
0.000425 -0.000423 598.0
0.000425 -0.000423 599.0
0.000425 -0.000423 600.0
0.000425 -0.000423 601.0
0.000425 -0.000423 602.0
0.000425 -0.000423 603.0
0.000425 -0.000423 604.0
0.000425 -0.000423 605.0
0.000425 -0.000423 606.0
0.000425 -0.000423 607.0
0.000425 -0.000423 608.0
0.000425 -0.000423 609.0
0.000425 -0.000423 610.0
0.000425 -0.000423 611.0
0.000425 -0.000423 612.0
0.000425 -0.000423 613.0
0.000425 -0.000423 614.0
0.000425 -0.000423 615.0
0.000425 -0.000423 616.0
0.000425 -0.000423 617.0
0.000425 -0.000423 618.0
0.000425 -0.000423 619.0
0.000425 -0.000423 620.0
0.000425 -0.000423 621.0
0.000425 -0.000423 622.0
0.000425 -0.000423 623.0
0.000425 -0.000423 624.0
0.000425 -0.000423 625.0
0.000425 -0.000423 626.0
0.000425 -0.000423 627.0
0.000425 -0.000423 628.0
0.000425 -0.000423 629.0
0.000425 -0.000423 630.0
0.000425 -0.000423 631.0
0.000425 -0.000423 632.0
0.000425 -0.000423 633.0
0.000425 -0.000423 634.0
0.000425 -0.000423 635.0
0.000425 -0.000423 636.0
0.000425 -0.000423 637.0
0.000425 -0.000423 638.0
0.000425 -0.000423 639.0
0.000425 -0.000423 640.0
0.000425 -0.000423 641.0
0.000425 -0.000423 642.0
0.000425 -0.000423 643.0
0.000425 -0.000423 644.0
0.000425 -0.000423 645.0
0.000425 -0.000423 646.0
0.000425 -0.000423 647.0
0.000425 -0.000423 648.0
0.000425 -0.000423 649.0
0.000425 -0.000423 650.0
0.000425 -0.000423 651.0
0.000425 -0.000423 652.0
0.000425 -0.000422 653.0
0.000425 -0.000422 654.0
0.000425 -0.000422 655.0
0.000425 -0.000422 656.0
0.000425 -0.000422 657.0
0.000425 -0.000422 658.0
0.000425 -0.000422 659.0
0.000425 -0.000422 660.0
0.000425 -0.000422 661.0
0.000425 -0.000422 662.0
0.000425 -0.000422 663.0
0.000425 -0.000422 664.0
0.000425 -0.000422 665.0
0.000425 -0.000422 666.0
0.000425 -0.000422 667.0
0.000425 -0.000422 668.0
0.000425 -0.000422 669.0
0.000425 -0.000422 670.0
0.000425 -0.000422 671.0
0.000425 -0.000422 672.0
0.000425 -0.000422 673.0
0.000425 -0.000422 674.0
0.000425 -0.000422 675.0
0.000425 -0.000422 676.0
0.000425 -0.000422 677.0
0.000425 -0.000422 678.0
0.000425 -0.000422 679.0
0.000425 -0.000422 680.0
0.000425 -0.000422 681.0
0.000425 -0.000422 682.0
0.000425 -0.000422 683.0
0.000425 -0.000422 684.0
0.000425 -0.000422 685.0
0.000425 -0.000422 686.0
0.000425 -0.000422 687.0
0.000425 -0.000422 688.0
0.000425 -0.000422 689.0
0.000425 -0.000422 690.0
0.000425 -0.000422 691.0
0.000425 -0.000422 692.0
0.000425 -0.000422 693.0
0.000425 -0.000422 694.0
0.000425 -0.000422 695.0
0.000425 -0.000422 696.0
0.000425 -0.000422 697.0
0.000425 -0.000422 698.0
0.000425 -0.000422 699.0
0.000425 -0.000422 700.0
0.000425 -0.000422 701.0
0.000425 -0.000422 702.0
0.000425 -0.000422 703.0
0.000425 -0.000422 704.0
0.000425 -0.000422 705.0
0.000425 -0.000422 706.0
0.000425 -0.000422 707.0
0.000425 -0.000422 708.0
0.000425 -0.000422 709.0
0.000425 -0.000422 710.0
0.000425 -0.000422 711.0
0.000426 -0.000422 712.0
0.000426 -0.000422 713.0
0.000426 -0.000422 714.0
0.000426 -0.000422 715.0
0.000426 -0.000422 716.0
0.000426 -0.000422 717.0
0.000426 -0.000422 718.0
0.000426 -0.000422 719.0
0.000426 -0.000422 720.0
0.000426 -0.000422 721.0
0.000426 -0.000422 722.0
0.000426 -0.000422 723.0
0.000426 -0.000422 724.0
0.000426 -0.000422 725.0
0.000426 -0.000422 726.0
0.000426 -0.000422 727.0
0.000426 -0.000422 728.0
0.000426 -0.000422 729.0
0.000426 -0.000422 730.0
0.000426 -0.000421 731.0
0.000426 -0.000421 732.0
0.000426 -0.000421 733.0
0.000426 -0.000421 734.0
0.000426 -0.000421 735.0
0.000426 -0.000421 736.0
0.000426 -0.000421 737.0
0.000426 -0.000421 738.0
0.000426 -0.000421 739.0
0.000426 -0.000421 740.0
0.000426 -0.000421 741.0
0.000426 -0.000421 742.0
0.000426 -0.000421 743.0
0.000426 -0.000421 744.0
0.000426 -0.000421 745.0
0.000426 -0.000421 746.0
0.000426 -0.000421 747.0
0.000426 -0.000421 748.0
0.000426 -0.000421 749.0
0.000426 -0.000421 750.0
0.000426 -0.000421 751.0
0.000426 -0.000421 752.0
0.000426 -0.000421 753.0
0.000426 -0.000421 754.0
0.000426 -0.000421 755.0
0.000426 -0.000421 756.0
0.000426 -0.000421 757.0
0.000426 -0.000421 758.0
0.000426 -0.000421 759.0
0.000426 -0.000421 760.0
0.000426 -0.000421 761.0
0.000426 -0.000421 762.0
0.000426 -0.000421 763.0
0.000426 -0.000421 764.0
0.000426 -0.000421 765.0
0.000426 -0.000421 766.0
0.000426 -0.000421 767.0
0.000426 -0.000421 768.0
0.000426 -0.000421 769.0
0.000426 -0.000421 770.0
0.000426 -0.000421 771.0
0.000426 -0.000421 772.0
0.000426 -0.000421 773.0
0.000426 -0.000421 774.0
0.000426 -0.000421 775.0
0.000426 -0.000421 776.0
0.000426 -0.000421 777.0
0.000426 -0.000421 778.0
0.000426 -0.000421 779.0
0.000426 -0.000421 780.0
0.000426 -0.000421 781.0
0.000426 -0.000421 782.0
0.000426 -0.000421 783.0
0.000426 -0.000421 784.0
0.000426 -0.000421 785.0
0.000426 -0.000421 786.0
0.000426 -0.000421 787.0
0.000426 -0.000421 788.0
0.000426 -0.000421 789.0
0.000426 -0.000421 790.0
0.000426 -0.000421 791.0
0.000426 -0.000421 792.0
0.000426 -0.000421 793.0
0.000426 -0.000421 794.0
0.000426 -0.000421 795.0
0.000426 -0.000421 796.0
0.000426 -0.000421 797.0
0.000426 -0.000421 798.0
0.000426 -0.000421 799.0
0.000426 -0.000421 800.0
0.000426 -0.000421 801.0
0.000426 -0.000421 802.0
0.000426 -0.000421 803.0
0.000426 -0.000421 804.0
0.000426 -0.000421 805.0
0.000426 -0.000421 806.0
0.000426 -0.000421 807.0
0.000426 -0.000420 808.0
0.000426 -0.000420 809.0
0.000426 -0.000420 810.0
0.000426 -0.000420 811.0
0.000426 -0.000420 812.0
0.000426 -0.000420 813.0
0.000426 -0.000420 814.0
0.000426 -0.000420 815.0
0.000426 -0.000420 816.0
0.000426 -0.000420 817.0
0.000426 -0.000420 818.0
0.000426 -0.000420 819.0
0.000426 -0.000420 820.0
0.000426 -0.000420 821.0
0.000426 -0.000420 822.0
0.000426 -0.000420 823.0
0.000426 -0.000420 824.0
0.000426 -0.000420 825.0
0.000426 -0.000420 826.0
0.000426 -0.000420 827.0
0.000426 -0.000420 828.0
0.000426 -0.000420 829.0
0.000426 -0.000420 830.0
0.000426 -0.000420 831.0
0.000426 -0.000420 832.0
0.000426 -0.000420 833.0
0.000426 -0.000420 834.0
0.000426 -0.000420 835.0
0.000426 -0.000420 836.0
0.000426 -0.000420 837.0
0.000426 -0.000420 838.0
0.000426 -0.000420 839.0
0.000426 -0.000420 840.0
0.000426 -0.000420 841.0
0.000426 -0.000420 842.0
0.000426 -0.000420 843.0
0.000426 -0.000420 844.0
0.000426 -0.000420 845.0
0.000426 -0.000420 846.0
0.000426 -0.000420 847.0
0.000426 -0.000420 848.0
0.000426 -0.000420 849.0
0.000426 -0.000420 850.0
0.000426 -0.000420 851.0
0.000426 -0.000420 852.0
0.000426 -0.000420 853.0
0.000426 -0.000420 854.0
0.000426 -0.000420 855.0
0.000426 -0.000420 856.0
0.000426 -0.000420 857.0
0.000426 -0.000420 858.0
0.000426 -0.000420 859.0
0.000426 -0.000420 860.0
0.000426 -0.000420 861.0
0.000426 -0.000420 862.0
0.000426 -0.000420 863.0
0.000426 -0.000420 864.0
0.000426 -0.000420 865.0
0.000426 -0.000420 866.0
0.000426 -0.000420 867.0
0.000426 -0.000420 868.0
0.000426 -0.000420 869.0
0.000426 -0.000420 870.0
0.000426 -0.000420 871.0
0.000426 -0.000420 872.0
0.000426 -0.000420 873.0
0.000426 -0.000420 874.0
0.000426 -0.000420 875.0
0.000426 -0.000420 876.0
0.000426 -0.000420 877.0
0.000426 -0.000420 878.0
0.000426 -0.000420 879.0
0.000426 -0.000420 880.0
0.000426 -0.000420 881.0
0.000426 -0.000420 882.0
0.000426 -0.000420 883.0
0.000426 -0.000420 884.0
0.000426 -0.000419 885.0
0.000426 -0.000419 886.0
0.000426 -0.000419 887.0
0.000426 -0.000419 888.0
0.000426 -0.000419 889.0
0.000426 -0.000419 890.0
0.000426 -0.000419 891.0
0.000426 -0.000419 892.0
0.000426 -0.000419 893.0
0.000426 -0.000419 894.0
0.000426 -0.000419 895.0
0.000426 -0.000419 896.0
0.000426 -0.000419 897.0
0.000426 -0.000419 898.0
0.000426 -0.000419 899.0
0.000426 -0.000419 900.0
0.000426 -0.000419 901.0
0.000426 -0.000419 902.0
0.000426 -0.000419 903.0
0.000426 -0.000419 904.0
0.000426 -0.000419 905.0
0.000426 -0.000419 906.0
0.000426 -0.000419 907.0
0.000426 -0.000419 908.0
0.000427 -0.000419 909.0
0.000427 -0.000419 910.0
0.000427 -0.000419 911.0
0.000427 -0.000419 912.0
0.000427 -0.000419 913.0
0.000427 -0.000419 914.0
0.000427 -0.000419 915.0
0.000427 -0.000419 916.0
0.000427 -0.000419 917.0
0.000427 -0.000419 918.0
0.000427 -0.000419 919.0
0.000427 -0.000419 920.0
0.000427 -0.000419 921.0
0.000427 -0.000419 922.0
0.000427 -0.000419 923.0
0.000427 -0.000419 924.0
0.000427 -0.000419 925.0
0.000427 -0.000419 926.0
0.000427 -0.000419 927.0
0.000427 -0.000419 928.0
0.000427 -0.000419 929.0
0.000427 -0.000419 930.0
0.000427 -0.000419 931.0
0.000427 -0.000419 932.0
0.000427 -0.000419 933.0
0.000427 -0.000419 934.0
0.000427 -0.000419 935.0
0.000427 -0.000420 936.0
0.000427 -0.000420 937.0
0.000427 -0.000420 938.0
0.000427 -0.000420 939.0
0.000427 -0.000420 940.0
0.000427 -0.000420 941.0
0.000427 -0.000420 942.0
0.000427 -0.000420 943.0
0.000427 -0.000420 944.0
0.000427 -0.000420 945.0
0.000427 -0.000420 946.0
0.000427 -0.000420 947.0
0.000427 -0.000420 948.0
0.000427 -0.000420 949.0
0.000427 -0.000420 950.0
0.000427 -0.000420 951.0
0.000427 -0.000420 952.0
0.000427 -0.000420 953.0
0.000427 -0.000420 954.0
0.000427 -0.000420 955.0
0.000427 -0.000420 956.0
0.000427 -0.000420 957.0
0.000427 -0.000420 958.0
0.000427 -0.000420 959.0
0.000427 -0.000420 960.0
0.000427 -0.000420 961.0
0.000427 -0.000420 962.0
0.000427 -0.000420 963.0
0.000427 -0.000420 964.0
0.000427 -0.000420 965.0
0.000427 -0.000420 966.0
0.000427 -0.000420 967.0
0.000427 -0.000420 968.0
0.000427 -0.000420 969.0
0.000427 -0.000420 970.0
0.000427 -0.000420 971.0
0.000427 -0.000420 972.0
0.000427 -0.000420 973.0
0.000427 -0.000420 974.0
0.000427 -0.000420 975.0
0.000427 -0.000420 976.0
0.000427 -0.000420 977.0
0.000427 -0.000420 978.0
0.000427 -0.000420 979.0
0.000427 -0.000420 980.0
0.000427 -0.000420 981.0
0.000427 -0.000420 982.0
0.000427 -0.000420 983.0
0.000427 -0.000420 984.0
0.000427 -0.000420 985.0
0.000427 -0.000420 986.0
0.000427 -0.000420 987.0
0.000427 -0.000420 988.0
0.000427 -0.000420 989.0
0.000427 -0.000420 990.0
0.000427 -0.000420 991.0
0.000427 -0.000420 992.0
0.000427 -0.000420 993.0
0.000427 -0.000420 994.0
0.000427 -0.000420 995.0
0.000427 -0.000420 996.0
0.000427 -0.000420 997.0
0.000427 -0.000420 998.0
0.000427 -0.000420 999.0
0.000427 -0.000420 1000.0
0.000426 -0.000420 1001.0
0.000426 -0.000420 1002.0
0.000426 -0.000420 1003.0
0.000426 -0.000420 1004.0
0.000426 -0.000420 1005.0
0.000426 -0.000420 1006.0
0.000426 -0.000420 1007.0
0.000426 -0.000420 1008.0
0.000426 -0.000420 1009.0
0.000426 -0.000420 1010.0
0.000426 -0.000420 1011.0
0.000426 -0.000420 1012.0
0.000426 -0.000420 1013.0
0.000426 -0.000420 1014.0
0.000426 -0.000420 1015.0
0.000426 -0.000420 1016.0
0.000426 -0.000420 1017.0
0.000426 -0.000420 1018.0
0.000426 -0.000420 1019.0
0.000426 -0.000420 1020.0
0.000426 -0.000420 1021.0
0.000426 -0.000420 1022.0
0.000426 -0.000420 1023.0
0.000426 -0.000420 1024.0
0.000426 -0.000420 1025.0
0.000426 -0.000420 1026.0
0.000426 -0.000420 1027.0
0.000426 -0.000420 1028.0
0.000426 -0.000420 1029.0
0.000426 -0.000420 1030.0
0.000426 -0.000420 1031.0
0.000426 -0.000420 1032.0
0.000426 -0.000420 1033.0
0.000426 -0.000420 1034.0
0.000426 -0.000420 1035.0
0.000426 -0.000420 1036.0
0.000426 -0.000420 1037.0
0.000426 -0.000420 1038.0
0.000426 -0.000420 1039.0
0.000426 -0.000420 1040.0
0.000426 -0.000420 1041.0
0.000426 -0.000420 1042.0
0.000426 -0.000420 1043.0
0.000426 -0.000420 1044.0
0.000426 -0.000420 1045.0
0.000426 -0.000420 1046.0
0.000426 -0.000420 1047.0
0.000426 -0.000420 1048.0
0.000426 -0.000420 1049.0
0.000426 -0.000420 1050.0
0.000426 -0.000420 1051.0
0.000426 -0.000420 1052.0
0.000426 -0.000420 1053.0
0.000426 -0.000420 1054.0
0.000426 -0.000420 1055.0
0.000426 -0.000420 1056.0
0.000426 -0.000420 1057.0
0.000426 -0.000420 1058.0
0.000426 -0.000420 1059.0
0.000426 -0.000420 1060.0
0.000426 -0.000420 1061.0
0.000426 -0.000420 1062.0
0.000426 -0.000420 1063.0
0.000426 -0.000420 1064.0
0.000426 -0.000420 1065.0
0.000426 -0.000420 1066.0
0.000426 -0.000420 1067.0
0.000426 -0.000420 1068.0
0.000426 -0.000420 1069.0
0.000426 -0.000420 1070.0
0.000426 -0.000420 1071.0
0.000426 -0.000420 1072.0
0.000426 -0.000420 1073.0
0.000426 -0.000420 1074.0
0.000426 -0.000420 1075.0
0.000426 -0.000420 1076.0
0.000426 -0.000420 1077.0
0.000426 -0.000420 1078.0
0.000426 -0.000420 1079.0
0.000426 -0.000420 1080.0
0.000426 -0.000420 1081.0
0.000426 -0.000420 1082.0
0.000426 -0.000420 1083.0
0.000426 -0.000420 1084.0
0.000426 -0.000420 1085.0
0.000426 -0.000420 1086.0
0.000426 -0.000420 1087.0
0.000426 -0.000420 1088.0
0.000426 -0.000420 1089.0
0.000426 -0.000420 1090.0
0.000426 -0.000420 1091.0
0.000426 -0.000420 1092.0
0.000426 -0.000420 1093.0
0.000426 -0.000420 1094.0
0.000426 -0.000420 1095.0
0.000426 -0.000420 1096.0
0.000426 -0.000420 1097.0
0.000426 -0.000420 1098.0
0.000426 -0.000420 1099.0
0.000426 -0.000420 1100.0
0.000426 -0.000420 1101.0
0.000426 -0.000420 1102.0
0.000426 -0.000420 1103.0
0.000426 -0.000420 1104.0
0.000426 -0.000420 1105.0
0.000426 -0.000420 1106.0
0.000426 -0.000420 1107.0
0.000426 -0.000420 1108.0
0.000426 -0.000420 1109.0
0.000426 -0.000420 1110.0
0.000426 -0.000420 1111.0
0.000426 -0.000420 1112.0
0.000426 -0.000420 1113.0
0.000426 -0.000420 1114.0
0.000426 -0.000420 1115.0
0.000426 -0.000420 1116.0
0.000426 -0.000420 1117.0
0.000426 -0.000420 1118.0
0.000426 -0.000420 1119.0
0.000426 -0.000420 1120.0
0.000426 -0.000420 1121.0
0.000426 -0.000420 1122.0
0.000426 -0.000420 1123.0
0.000426 -0.000420 1124.0
0.000426 -0.000420 1125.0
0.000426 -0.000420 1126.0
0.000426 -0.000420 1127.0
0.000426 -0.000420 1128.0
0.000426 -0.000420 1129.0
0.000426 -0.000420 1130.0
0.000426 -0.000420 1131.0
0.000426 -0.000420 1132.0
0.000426 -0.000420 1133.0
0.000426 -0.000420 1134.0
0.000426 -0.000420 1135.0
0.000426 -0.000420 1136.0
0.000426 -0.000420 1137.0
0.000426 -0.000420 1138.0
0.000426 -0.000420 1139.0
0.000426 -0.000420 1140.0
0.000426 -0.000420 1141.0
0.000426 -0.000420 1142.0
0.000426 -0.000420 1143.0
0.000426 -0.000420 1144.0
0.000426 -0.000420 1145.0
0.000426 -0.000420 1146.0
0.000426 -0.000420 1147.0
0.000426 -0.000420 1148.0
0.000426 -0.000420 1149.0
0.000426 -0.000420 1150.0
0.000426 -0.000420 1151.0
0.000426 -0.000420 1152.0
0.000426 -0.000420 1153.0
0.000426 -0.000420 1154.0
0.000426 -0.000420 1155.0
0.000426 -0.000420 1156.0
0.000426 -0.000420 1157.0
0.000426 -0.000420 1158.0
0.000426 -0.000420 1159.0
0.000426 -0.000420 1160.0
0.000426 -0.000420 1161.0
0.000426 -0.000420 1162.0
0.000426 -0.000420 1163.0
0.000426 -0.000420 1164.0
0.000426 -0.000420 1165.0
0.000426 -0.000420 1166.0
0.000426 -0.000420 1167.0
0.000426 -0.000420 1168.0
0.000426 -0.000420 1169.0
0.000426 -0.000420 1170.0
0.000426 -0.000420 1171.0
0.000426 -0.000420 1172.0
0.000426 -0.000420 1173.0
0.000426 -0.000420 1174.0
0.000426 -0.000420 1175.0
0.000426 -0.000420 1176.0
0.000426 -0.000420 1177.0
0.000426 -0.000420 1178.0
0.000426 -0.000420 1179.0
0.000426 -0.000420 1180.0
0.000426 -0.000420 1181.0
0.000426 -0.000420 1182.0
0.000426 -0.000420 1183.0
0.000426 -0.000420 1184.0
0.000426 -0.000420 1185.0
0.000426 -0.000420 1186.0
0.000426 -0.000420 1187.0
0.000426 -0.000420 1188.0
0.000426 -0.000420 1189.0
0.000426 -0.000420 1190.0
0.000426 -0.000420 1191.0
0.000426 -0.000420 1192.0
0.000426 -0.000420 1193.0
0.000426 -0.000420 1194.0
0.000426 -0.000420 1195.0
0.000426 -0.000420 1196.0
0.000426 -0.000420 1197.0
0.000426 -0.000420 1198.0
0.000426 -0.000420 1199.0
0.000426 -0.000420 1200.0
0.000426 -0.000420 1201.0
0.000426 -0.000420 1202.0
0.000426 -0.000420 1203.0
0.000426 -0.000420 1204.0
0.000426 -0.000420 1205.0
0.000426 -0.000420 1206.0
0.000426 -0.000420 1207.0
0.000426 -0.000420 1208.0
0.000426 -0.000420 1209.0
0.000426 -0.000420 1210.0
0.000426 -0.000420 1211.0
0.000426 -0.000420 1212.0
0.000426 -0.000420 1213.0
0.000426 -0.000420 1214.0
0.000426 -0.000420 1215.0
0.000426 -0.000420 1216.0
0.000426 -0.000420 1217.0
0.000426 -0.000420 1218.0
0.000426 -0.000420 1219.0
0.000426 -0.000420 1220.0
0.000426 -0.000420 1221.0
0.000426 -0.000420 1222.0
0.000426 -0.000420 1223.0
0.000426 -0.000420 1224.0
0.000426 -0.000420 1225.0
0.000426 -0.000420 1226.0
0.000426 -0.000420 1227.0
0.000426 -0.000420 1228.0
0.000426 -0.000420 1229.0
0.000426 -0.000420 1230.0
0.000426 -0.000420 1231.0
0.000426 -0.000420 1232.0
0.000426 -0.000420 1233.0
0.000426 -0.000420 1234.0
0.000426 -0.000420 1235.0
0.000426 -0.000420 1236.0
0.000426 -0.000420 1237.0
0.000426 -0.000420 1238.0
0.000426 -0.000420 1239.0
0.000426 -0.000420 1240.0
0.000426 -0.000420 1241.0
0.000426 -0.000420 1242.0
0.000426 -0.000420 1243.0
0.000426 -0.000420 1244.0
0.000426 -0.000420 1245.0
0.000426 -0.000420 1246.0
0.000426 -0.000420 1247.0
0.000426 -0.000420 1248.0
0.000426 -0.000420 1249.0
0.000426 -0.000420 1250.0
0.000426 -0.000420 1251.0
0.000426 -0.000420 1252.0
0.000426 -0.000420 1253.0
0.000426 -0.000420 1254.0
0.000426 -0.000420 1255.0
0.000426 -0.000420 1256.0
0.000426 -0.000420 1257.0
0.000426 -0.000420 1258.0
0.000426 -0.000420 1259.0
0.000426 -0.000420 1260.0
0.000426 -0.000420 1261.0
0.000426 -0.000420 1262.0
0.000426 -0.000420 1263.0
0.000426 -0.000420 1264.0
0.000426 -0.000420 1265.0
0.000426 -0.000420 1266.0
0.000426 -0.000420 1267.0
0.000426 -0.000420 1268.0
0.000426 -0.000420 1269.0
0.000426 -0.000420 1270.0
0.000426 -0.000420 1271.0
0.000426 -0.000420 1272.0
0.000426 -0.000420 1273.0
0.000426 -0.000420 1274.0
0.000426 -0.000420 1275.0
0.000426 -0.000420 1276.0
0.000426 -0.000420 1277.0
0.000426 -0.000420 1278.0
0.000426 -0.000420 1279.0
0.000426 -0.000420 1280.0
0.000426 -0.000420 1281.0
0.000426 -0.000420 1282.0
0.000426 -0.000420 1283.0
0.000426 -0.000420 1284.0
0.000426 -0.000420 1285.0
0.000426 -0.000420 1286.0
0.000426 -0.000420 1287.0
0.000426 -0.000420 1288.0
0.000426 -0.000420 1289.0
0.000426 -0.000420 1290.0
0.000426 -0.000420 1291.0
0.000426 -0.000420 1292.0
0.000426 -0.000420 1293.0
0.000426 -0.000420 1294.0
0.000426 -0.000420 1295.0
0.000426 -0.000420 1296.0
0.000426 -0.000420 1297.0
0.000426 -0.000420 1298.0
0.000426 -0.000420 1299.0
0.000426 -0.000420 1300.0
0.000426 -0.000420 1301.0
0.000426 -0.000420 1302.0
0.000426 -0.000420 1303.0
0.000426 -0.000420 1304.0
0.000426 -0.000420 1305.0
0.000426 -0.000420 1306.0
0.000426 -0.000420 1307.0
0.000426 -0.000420 1308.0
0.000426 -0.000420 1309.0
0.000426 -0.000420 1310.0
0.000426 -0.000420 1311.0
0.000426 -0.000420 1312.0
0.000426 -0.000420 1313.0
0.000426 -0.000420 1314.0
0.000426 -0.000420 1315.0
0.000426 -0.000420 1316.0
0.000426 -0.000420 1317.0
0.000426 -0.000420 1318.0
0.000426 -0.000420 1319.0
0.000426 -0.000420 1320.0
0.000426 -0.000420 1321.0
0.000426 -0.000420 1322.0
0.000426 -0.000420 1323.0
0.000426 -0.000420 1324.0
0.000426 -0.000420 1325.0
0.000426 -0.000420 1326.0
0.000426 -0.000420 1327.0
0.000426 -0.000420 1328.0
0.000426 -0.000420 1329.0
0.000426 -0.000420 1330.0
0.000426 -0.000420 1331.0
0.000426 -0.000420 1332.0
0.000426 -0.000420 1333.0
0.000426 -0.000420 1334.0
0.000426 -0.000420 1335.0
0.000426 -0.000420 1336.0
0.000426 -0.000420 1337.0
0.000426 -0.000420 1338.0
0.000426 -0.000420 1339.0
0.000426 -0.000420 1340.0
0.000426 -0.000420 1341.0
0.000426 -0.000420 1342.0
0.000426 -0.000420 1343.0
0.000426 -0.000420 1344.0
0.000426 -0.000420 1345.0
0.000426 -0.000420 1346.0
0.000426 -0.000420 1347.0
0.000426 -0.000420 1348.0
0.000426 -0.000420 1349.0
0.000426 -0.000420 1350.0
0.000426 -0.000420 1351.0
0.000426 -0.000420 1352.0
0.000426 -0.000420 1353.0
0.000426 -0.000420 1354.0
0.000426 -0.000420 1355.0
0.000426 -0.000420 1356.0
0.000426 -0.000420 1357.0
0.000426 -0.000420 1358.0
0.000426 -0.000420 1359.0
0.000426 -0.000420 1360.0
0.000426 -0.000420 1361.0
0.000426 -0.000420 1362.0
0.000426 -0.000420 1363.0
0.000426 -0.000420 1364.0
0.000426 -0.000420 1365.0
0.000426 -0.000420 1366.0
0.000426 -0.000420 1367.0
0.000426 -0.000420 1368.0
0.000426 -0.000420 1369.0
0.000426 -0.000420 1370.0
0.000426 -0.000420 1371.0
0.000426 -0.000420 1372.0
0.000426 -0.000420 1373.0
0.000426 -0.000420 1374.0
0.000426 -0.000420 1375.0
0.000426 -0.000420 1376.0
0.000426 -0.000420 1377.0
0.000426 -0.000420 1378.0
0.000426 -0.000420 1379.0
0.000426 -0.000420 1380.0
0.000426 -0.000420 1381.0
0.000426 -0.000420 1382.0
0.000426 -0.000420 1383.0
0.000426 -0.000420 1384.0
0.000426 -0.000420 1385.0
0.000426 -0.000420 1386.0
0.000426 -0.000420 1387.0
0.000426 -0.000420 1388.0
0.000426 -0.000420 1389.0
0.000426 -0.000420 1390.0
0.000426 -0.000420 1391.0
0.000426 -0.000420 1392.0
0.000426 -0.000420 1393.0
0.000426 -0.000420 1394.0
0.000426 -0.000420 1395.0
0.000426 -0.000420 1396.0
0.000426 -0.000420 1397.0
0.000426 -0.000420 1398.0
0.000426 -0.000420 1399.0
0.000426 -0.000420 1400.0
0.000426 -0.000420 1401.0
0.000426 -0.000420 1402.0
0.000426 -0.000420 1403.0
0.000426 -0.000420 1404.0
0.000426 -0.000420 1405.0
0.000426 -0.000420 1406.0
0.000426 -0.000420 1407.0
0.000426 -0.000420 1408.0
0.000426 -0.000420 1409.0
0.000426 -0.000420 1410.0
0.000426 -0.000420 1411.0
0.000426 -0.000420 1412.0
0.000426 -0.000420 1413.0
0.000426 -0.000420 1414.0
0.000426 -0.000420 1415.0
0.000426 -0.000420 1416.0
0.000426 -0.000420 1417.0
0.000426 -0.000420 1418.0
0.000426 -0.000420 1419.0
0.000426 -0.000420 1420.0
0.000426 -0.000420 1421.0
0.000426 -0.000420 1422.0
0.000426 -0.000420 1423.0
0.000426 -0.000420 1424.0
0.000426 -0.000420 1425.0
0.000426 -0.000420 1426.0
0.000426 -0.000420 1427.0
0.000426 -0.000420 1428.0
0.000426 -0.000420 1429.0
0.000426 -0.000420 1430.0
0.000426 -0.000420 1431.0
0.000426 -0.000420 1432.0
0.000426 -0.000420 1433.0
0.000426 -0.000420 1434.0
0.000426 -0.000420 1435.0
0.000426 -0.000420 1436.0
0.000426 -0.000420 1437.0
0.000426 -0.000420 1438.0
0.000426 -0.000420 1439.0
0.000426 -0.000420 1440.0
0.000426 -0.000420 1441.0
0.000426 -0.000420 1442.0
0.000426 -0.000420 1443.0
0.000426 -0.000420 1444.0
0.000426 -0.000420 1445.0
0.000426 -0.000420 1446.0
0.000426 -0.000420 1447.0
0.000426 -0.000420 1448.0
0.000426 -0.000420 1449.0
0.000426 -0.000420 1450.0
0.000426 -0.000420 1451.0
0.000426 -0.000420 1452.0
0.000426 -0.000420 1453.0
0.000426 -0.000420 1454.0
0.000426 -0.000420 1455.0
0.000426 -0.000420 1456.0
0.000426 -0.000420 1457.0
0.000426 -0.000420 1458.0
0.000426 -0.000420 1459.0
0.000426 -0.000420 1460.0
0.000426 -0.000420 1461.0
0.000426 -0.000420 1462.0
0.000426 -0.000420 1463.0
0.000426 -0.000420 1464.0
0.000426 -0.000420 1465.0
0.000426 -0.000420 1466.0
0.000426 -0.000420 1467.0
0.000426 -0.000420 1468.0
0.000426 -0.000420 1469.0
0.000426 -0.000420 1470.0
0.000426 -0.000420 1471.0
0.000426 -0.000420 1472.0
0.000426 -0.000420 1473.0
0.000426 -0.000420 1474.0
0.000426 -0.000420 1475.0
0.000426 -0.000420 1476.0
0.000426 -0.000420 1477.0
0.000426 -0.000420 1478.0
0.000426 -0.000420 1479.0
0.000426 -0.000420 1480.0
0.000426 -0.000420 1481.0
0.000426 -0.000420 1482.0
0.000426 -0.000420 1483.0
0.000426 -0.000420 1484.0
0.000426 -0.000420 1485.0
0.000426 -0.000420 1486.0
0.000426 -0.000420 1487.0
0.000426 -0.000420 1488.0
0.000426 -0.000420 1489.0
0.000426 -0.000420 1490.0
0.000426 -0.000420 1491.0
0.000426 -0.000420 1492.0
0.000426 -0.000420 1493.0
0.000426 -0.000420 1494.0
0.000426 -0.000420 1495.0
0.000426 -0.000420 1496.0
0.000426 -0.000420 1497.0
0.000426 -0.000420 1498.0
0.000426 -0.000420 1499.0
0.000426 -0.000420 1500.0
0.000426 -0.000420 1501.0
0.000426 -0.000420 1502.0
0.000426 -0.000420 1503.0
0.000426 -0.000420 1504.0
0.000426 -0.000420 1505.0
0.000426 -0.000420 1506.0
0.000426 -0.000420 1507.0
0.000426 -0.000420 1508.0
0.000426 -0.000420 1509.0
0.000426 -0.000420 1510.0
0.000426 -0.000420 1511.0
0.000426 -0.000420 1512.0
0.000426 -0.000420 1513.0
0.000426 -0.000420 1514.0
0.000426 -0.000420 1515.0
0.000426 -0.000420 1516.0
0.000426 -0.000420 1517.0
0.000426 -0.000420 1518.0
0.000426 -0.000420 1519.0
0.000426 -0.000420 1520.0
0.000426 -0.000420 1521.0
0.000426 -0.000420 1522.0
0.000426 -0.000420 1523.0
0.000426 -0.000420 1524.0
0.000426 -0.000420 1525.0
0.000426 -0.000420 1526.0
0.000426 -0.000420 1527.0
0.000426 -0.000420 1528.0
0.000426 -0.000420 1529.0
0.000426 -0.000420 1530.0
0.000426 -0.000420 1531.0
0.000426 -0.000420 1532.0
0.000426 -0.000420 1533.0
0.000426 -0.000420 1534.0
0.000426 -0.000420 1535.0
0.000426 -0.000420 1536.0
0.000426 -0.000420 1537.0
0.000426 -0.000420 1538.0
0.000426 -0.000420 1539.0
0.000426 -0.000420 1540.0
0.000426 -0.000420 1541.0
0.000426 -0.000420 1542.0
0.000426 -0.000420 1543.0
0.000426 -0.000420 1544.0
0.000426 -0.000420 1545.0
0.000426 -0.000420 1546.0
0.000426 -0.000420 1547.0
0.000426 -0.000420 1548.0
0.000426 -0.000420 1549.0
0.000426 -0.000420 1550.0
0.000426 -0.000420 1551.0
0.000426 -0.000420 1552.0
0.000426 -0.000420 1553.0
0.000426 -0.000420 1554.0
0.000426 -0.000420 1555.0
0.000426 -0.000420 1556.0
0.000426 -0.000420 1557.0
0.000426 -0.000420 1558.0
0.000426 -0.000420 1559.0
0.000426 -0.000420 1560.0
0.000426 -0.000420 1561.0
0.000426 -0.000420 1562.0
0.000426 -0.000420 1563.0
0.000426 -0.000420 1564.0
0.000426 -0.000420 1565.0
0.000426 -0.000420 1566.0
0.000426 -0.000420 1567.0
0.000426 -0.000420 1568.0
0.000426 -0.000420 1569.0
0.000426 -0.000420 1570.0
0.000426 -0.000420 1571.0
0.000426 -0.000420 1572.0
0.000426 -0.000420 1573.0
0.000426 -0.000420 1574.0
0.000426 -0.000420 1575.0
0.000426 -0.000420 1576.0
0.000426 -0.000420 1577.0
0.000426 -0.000420 1578.0
0.000426 -0.000420 1579.0
0.000426 -0.000420 1580.0
0.000426 -0.000420 1581.0
0.000426 -0.000420 1582.0
0.000426 -0.000420 1583.0
0.000426 -0.000420 1584.0
0.000426 -0.000420 1585.0
0.000426 -0.000420 1586.0
0.000426 -0.000420 1587.0
0.000426 -0.000420 1588.0
0.000426 -0.000420 1589.0
0.000426 -0.000420 1590.0
0.000426 -0.000420 1591.0
0.000426 -0.000420 1592.0
0.000426 -0.000420 1593.0
0.000426 -0.000420 1594.0
0.000426 -0.000420 1595.0
0.000426 -0.000420 1596.0
0.000426 -0.000420 1597.0
0.000426 -0.000420 1598.0
0.000426 -0.000420 1599.0
0.000426 -0.000420 1600.0
0.000426 -0.000420 1601.0
0.000426 -0.000420 1602.0
0.000426 -0.000420 1603.0
0.000426 -0.000420 1604.0
0.000426 -0.000420 1605.0
0.000426 -0.000420 1606.0
0.000426 -0.000420 1607.0
0.000426 -0.000420 1608.0
0.000426 -0.000420 1609.0
0.000426 -0.000420 1610.0
0.000426 -0.000420 1611.0
0.000426 -0.000420 1612.0
0.000426 -0.000420 1613.0
0.000426 -0.000420 1614.0
0.000426 -0.000420 1615.0
0.000426 -0.000420 1616.0
0.000426 -0.000420 1617.0
0.000426 -0.000420 1618.0
0.000426 -0.000420 1619.0
0.000426 -0.000420 1620.0
0.000426 -0.000420 1621.0
0.000426 -0.000420 1622.0
0.000426 -0.000420 1623.0
0.000426 -0.000420 1624.0
0.000426 -0.000420 1625.0
0.000426 -0.000420 1626.0
0.000426 -0.000420 1627.0
0.000426 -0.000420 1628.0
0.000426 -0.000420 1629.0
0.000426 -0.000420 1630.0
0.000426 -0.000420 1631.0
0.000426 -0.000420 1632.0
0.000426 -0.000420 1633.0
0.000426 -0.000420 1634.0
0.000426 -0.000420 1635.0
0.000426 -0.000420 1636.0
0.000426 -0.000420 1637.0
0.000426 -0.000420 1638.0
0.000426 -0.000420 1639.0
0.000426 -0.000420 1640.0
0.000426 -0.000420 1641.0
0.000426 -0.000420 1642.0
0.000426 -0.000420 1643.0
0.000426 -0.000420 1644.0
0.000426 -0.000420 1645.0
0.000426 -0.000420 1646.0
0.000426 -0.000420 1647.0
0.000426 -0.000420 1648.0
0.000426 -0.000420 1649.0
0.000426 -0.000420 1650.0
0.000426 -0.000420 1651.0
0.000426 -0.000420 1652.0
0.000426 -0.000420 1653.0
0.000426 -0.000420 1654.0
0.000426 -0.000420 1655.0
0.000426 -0.000420 1656.0
0.000426 -0.000420 1657.0
0.000426 -0.000420 1658.0
0.000426 -0.000420 1659.0
0.000426 -0.000420 1660.0
0.000426 -0.000420 1661.0
0.000426 -0.000420 1662.0
0.000426 -0.000420 1663.0
0.000426 -0.000420 1664.0
0.000426 -0.000420 1665.0
0.000426 -0.000420 1666.0
0.000426 -0.000420 1667.0
0.000426 -0.000420 1668.0
0.000426 -0.000420 1669.0
0.000426 -0.000420 1670.0
0.000426 -0.000420 1671.0
0.000426 -0.000420 1672.0
0.000426 -0.000420 1673.0
0.000426 -0.000420 1674.0
0.000426 -0.000420 1675.0
0.000426 -0.000420 1676.0
0.000426 -0.000420 1677.0
0.000426 -0.000420 1678.0
0.000426 -0.000420 1679.0
0.000426 -0.000420 1680.0
0.000426 -0.000420 1681.0
0.000426 -0.000420 1682.0
0.000426 -0.000420 1683.0
0.000426 -0.000420 1684.0
0.000426 -0.000420 1685.0
0.000426 -0.000420 1686.0
0.000426 -0.000420 1687.0
0.000426 -0.000420 1688.0
0.000426 -0.000420 1689.0
0.000426 -0.000420 1690.0
0.000426 -0.000420 1691.0
0.000426 -0.000420 1692.0
0.000426 -0.000420 1693.0
0.000426 -0.000420 1694.0
0.000426 -0.000420 1695.0
0.000426 -0.000420 1696.0
0.000426 -0.000420 1697.0
0.000426 -0.000420 1698.0
0.000426 -0.000420 1699.0
0.000426 -0.000420 1700.0
0.000426 -0.000420 1701.0
0.000426 -0.000420 1702.0
0.000426 -0.000420 1703.0
0.000426 -0.000420 1704.0
0.000426 -0.000420 1705.0
0.000426 -0.000420 1706.0
0.000426 -0.000420 1707.0
0.000426 -0.000420 1708.0
0.000426 -0.000420 1709.0
0.000426 -0.000420 1710.0
0.000426 -0.000420 1711.0
0.000426 -0.000420 1712.0
0.000426 -0.000420 1713.0
0.000426 -0.000420 1714.0
0.000426 -0.000420 1715.0
0.000426 -0.000420 1716.0
0.000426 -0.000420 1717.0
0.000426 -0.000420 1718.0
0.000426 -0.000420 1719.0
0.000426 -0.000420 1720.0
0.000426 -0.000420 1721.0
0.000426 -0.000420 1722.0
0.000426 -0.000420 1723.0
0.000426 -0.000420 1724.0
0.000426 -0.000420 1725.0
0.000426 -0.000420 1726.0
0.000426 -0.000420 1727.0
0.000426 -0.000420 1728.0
0.000426 -0.000420 1729.0
0.000426 -0.000420 1730.0
0.000426 -0.000420 1731.0
0.000426 -0.000420 1732.0
0.000426 -0.000420 1733.0
0.000426 -0.000420 1734.0
0.000426 -0.000420 1735.0
0.000426 -0.000420 1736.0
0.000426 -0.000420 1737.0
0.000426 -0.000420 1738.0
0.000426 -0.000420 1739.0
0.000426 -0.000420 1740.0
0.000426 -0.000420 1741.0
0.000426 -0.000420 1742.0
0.000426 -0.000420 1743.0
0.000426 -0.000420 1744.0
0.000426 -0.000420 1745.0
0.000426 -0.000420 1746.0
0.000426 -0.000420 1747.0
0.000426 -0.000420 1748.0
0.000426 -0.000420 1749.0
0.000426 -0.000420 1750.0
0.000426 -0.000420 1751.0
0.000426 -0.000420 1752.0
0.000426 -0.000420 1753.0
0.000426 -0.000420 1754.0
0.000426 -0.000420 1755.0
0.000426 -0.000420 1756.0
0.000426 -0.000420 1757.0
0.000426 -0.000420 1758.0
0.000426 -0.000420 1759.0
0.000426 -0.000420 1760.0
0.000426 -0.000420 1761.0
0.000426 -0.000420 1762.0
0.000426 -0.000420 1763.0
0.000426 -0.000420 1764.0
0.000426 -0.000420 1765.0
0.000426 -0.000420 1766.0
0.000426 -0.000420 1767.0
0.000426 -0.000420 1768.0
0.000426 -0.000420 1769.0
0.000426 -0.000420 1770.0
0.000426 -0.000420 1771.0
0.000426 -0.000420 1772.0
0.000426 -0.000420 1773.0
0.000426 -0.000420 1774.0
0.000426 -0.000420 1775.0
0.000426 -0.000420 1776.0
0.000426 -0.000420 1777.0
0.000426 -0.000420 1778.0
0.000426 -0.000420 1779.0
0.000426 -0.000420 1780.0
0.000426 -0.000420 1781.0
0.000426 -0.000420 1782.0
0.000426 -0.000420 1783.0
0.000426 -0.000420 1784.0
0.000426 -0.000420 1785.0
0.000426 -0.000420 1786.0
0.000426 -0.000420 1787.0
0.000426 -0.000420 1788.0
0.000426 -0.000420 1789.0
0.000426 -0.000420 1790.0
0.000426 -0.000420 1791.0
0.000426 -0.000420 1792.0
0.000426 -0.000420 1793.0
0.000426 -0.000420 1794.0
0.000426 -0.000420 1795.0
0.000426 -0.000420 1796.0
0.000426 -0.000420 1797.0
0.000426 -0.000420 1798.0
0.000426 -0.000420 1799.0
0.000426 -0.000420 1800.0
0.000426 -0.000420 1801.0
0.000426 -0.000420 1802.0
0.000426 -0.000420 1803.0
0.000426 -0.000420 1804.0
0.000426 -0.000420 1805.0
0.000426 -0.000420 1806.0
0.000426 -0.000420 1807.0
0.000426 -0.000420 1808.0
0.000426 -0.000420 1809.0
0.000426 -0.000420 1810.0
0.000426 -0.000420 1811.0
0.000426 -0.000420 1812.0
0.000426 -0.000420 1813.0
0.000426 -0.000420 1814.0
0.000426 -0.000420 1815.0
0.000426 -0.000420 1816.0
0.000426 -0.000420 1817.0
0.000426 -0.000420 1818.0
0.000426 -0.000420 1819.0
0.000426 -0.000420 1820.0
0.000426 -0.000420 1821.0
0.000426 -0.000420 1822.0
0.000426 -0.000420 1823.0
0.000426 -0.000420 1824.0
0.000426 -0.000420 1825.0
0.000426 -0.000420 1826.0
0.000426 -0.000420 1827.0
0.000426 -0.000420 1828.0
0.000426 -0.000420 1829.0
0.000426 -0.000420 1830.0
0.000426 -0.000420 1831.0
0.000426 -0.000420 1832.0
0.000426 -0.000420 1833.0
0.000426 -0.000420 1834.0
0.000426 -0.000420 1835.0
0.000426 -0.000420 1836.0
0.000426 -0.000420 1837.0
0.000426 -0.000420 1838.0
0.000426 -0.000420 1839.0
0.000426 -0.000420 1840.0
0.000426 -0.000420 1841.0
0.000426 -0.000420 1842.0
0.000426 -0.000420 1843.0
0.000426 -0.000420 1844.0
0.000426 -0.000420 1845.0
0.000426 -0.000420 1846.0
0.000426 -0.000420 1847.0
0.000426 -0.000420 1848.0
0.000426 -0.000420 1849.0
0.000426 -0.000420 1850.0
0.000426 -0.000420 1851.0
0.000426 -0.000420 1852.0
0.000426 -0.000420 1853.0
0.000426 -0.000420 1854.0
0.000426 -0.000420 1855.0
0.000426 -0.000420 1856.0
0.000426 -0.000420 1857.0
0.000426 -0.000420 1858.0
0.000426 -0.000420 1859.0
0.000426 -0.000420 1860.0
0.000426 -0.000420 1861.0
0.000426 -0.000420 1862.0
0.000426 -0.000420 1863.0
0.000426 -0.000420 1864.0
0.000426 -0.000420 1865.0
0.000426 -0.000420 1866.0
0.000426 -0.000420 1867.0
0.000426 -0.000420 1868.0
0.000426 -0.000420 1869.0
0.000426 -0.000420 1870.0
0.000426 -0.000420 1871.0
0.000426 -0.000420 1872.0
0.000426 -0.000420 1873.0
0.000426 -0.000420 1874.0
0.000426 -0.000420 1875.0
0.000426 -0.000420 1876.0
0.000426 -0.000420 1877.0
0.000426 -0.000420 1878.0
0.000426 -0.000420 1879.0
0.000426 -0.000420 1880.0
0.000426 -0.000420 1881.0
0.000426 -0.000420 1882.0
0.000426 -0.000420 1883.0
0.000426 -0.000420 1884.0
0.000426 -0.000420 1885.0
0.000426 -0.000420 1886.0
0.000426 -0.000420 1887.0
0.000426 -0.000420 1888.0
0.000426 -0.000420 1889.0
0.000426 -0.000420 1890.0
0.000426 -0.000420 1891.0
0.000426 -0.000420 1892.0
0.000426 -0.000420 1893.0
0.000426 -0.000420 1894.0
0.000426 -0.000420 1895.0
0.000426 -0.000420 1896.0
0.000426 -0.000420 1897.0
0.000426 -0.000420 1898.0
0.000426 -0.000420 1899.0
0.000426 -0.000420 1900.0
0.000426 -0.000420 1901.0
0.000426 -0.000420 1902.0
0.000426 -0.000420 1903.0
0.000426 -0.000420 1904.0
0.000426 -0.000420 1905.0
0.000426 -0.000420 1906.0
0.000426 -0.000420 1907.0
0.000426 -0.000420 1908.0
0.000426 -0.000420 1909.0
0.000426 -0.000420 1910.0
0.000426 -0.000420 1911.0
0.000426 -0.000420 1912.0
0.000426 -0.000420 1913.0
0.000426 -0.000420 1914.0
0.000426 -0.000420 1915.0
0.000426 -0.000420 1916.0
0.000426 -0.000420 1917.0
0.000426 -0.000420 1918.0
0.000426 -0.000420 1919.0
0.000426 -0.000420 1920.0
0.000426 -0.000420 1921.0
0.000426 -0.000420 1922.0
0.000426 -0.000420 1923.0
0.000426 -0.000420 1924.0
0.000426 -0.000420 1925.0
0.000426 -0.000420 1926.0
0.000426 -0.000420 1927.0
0.000426 -0.000420 1928.0
0.000426 -0.000420 1929.0
0.000426 -0.000420 1930.0
0.000426 -0.000420 1931.0
0.000426 -0.000420 1932.0
0.000426 -0.000420 1933.0
0.000426 -0.000420 1934.0
0.000426 -0.000420 1935.0
0.000426 -0.000420 1936.0
0.000426 -0.000420 1937.0
0.000426 -0.000420 1938.0
0.000426 -0.000420 1939.0
0.000426 -0.000420 1940.0
0.000426 -0.000420 1941.0
0.000426 -0.000420 1942.0
0.000426 -0.000420 1943.0
0.000426 -0.000420 1944.0
0.000426 -0.000420 1945.0
0.000426 -0.000420 1946.0
0.000426 -0.000420 1947.0
0.000426 -0.000420 1948.0
0.000426 -0.000420 1949.0
0.000426 -0.000420 1950.0
0.000426 -0.000420 1951.0
0.000426 -0.000420 1952.0
0.000426 -0.000420 1953.0
0.000426 -0.000420 1954.0
0.000426 -0.000420 1955.0
0.000426 -0.000420 1956.0
0.000426 -0.000420 1957.0
0.000426 -0.000420 1958.0
0.000426 -0.000420 1959.0
0.000426 -0.000420 1960.0
0.000426 -0.000420 1961.0
0.000426 -0.000420 1962.0
0.000426 -0.000420 1963.0
0.000426 -0.000420 1964.0
0.000426 -0.000420 1965.0
0.000426 -0.000420 1966.0
0.000426 -0.000420 1967.0
0.000426 -0.000420 1968.0
0.000426 -0.000420 1969.0
0.000426 -0.000420 1970.0
0.000426 -0.000420 1971.0
0.000426 -0.000420 1972.0
0.000426 -0.000420 1973.0
0.000426 -0.000420 1974.0
0.000426 -0.000420 1975.0
0.000426 -0.000420 1976.0
0.000426 -0.000420 1977.0
0.000426 -0.000420 1978.0
0.000427 -0.000420 1979.0
0.000427 -0.000420 1980.0
0.000427 -0.000420 1981.0
0.000427 -0.000420 1982.0
0.000427 -0.000420 1983.0
0.000427 -0.000420 1984.0
0.000427 -0.000420 1985.0
0.000426 -0.000420 1986.0
0.000426 -0.000420 1987.0
0.000426 -0.000420 1988.0
0.000426 -0.000420 1989.0
0.000426 -0.000420 1990.0
0.000426 -0.000420 1991.0
0.000426 -0.000420 1992.0
0.000426 -0.000420 1993.0
0.000426 -0.000420 1994.0
0.000426 -0.000420 1995.0
0.000426 -0.000420 1996.0
0.000426 -0.000420 1997.0
0.000426 -0.000420 1998.0
0.000426 -0.000420 1999.0
0.000426 -0.000420 2000.0
0.000426 -0.000420 2001.0
0.000426 -0.000420 2002.0
0.000426 -0.000420 2003.0
0.000426 -0.000420 2004.0
0.000426 -0.000420 2005.0
0.000426 -0.000420 2006.0
0.000426 -0.000420 2007.0
0.000426 -0.000420 2008.0
0.000426 -0.000420 2009.0
0.000426 -0.000420 2010.0
0.000426 -0.000420 2011.0
0.000426 -0.000420 2012.0
0.000426 -0.000420 2013.0
0.000426 -0.000420 2014.0
0.000426 -0.000420 2015.0
0.000426 -0.000420 2016.0
0.000426 -0.000420 2017.0
0.000426 -0.000420 2018.0
0.000426 -0.000420 2019.0
0.000426 -0.000420 2020.0
0.000426 -0.000420 2021.0
0.000426 -0.000420 2022.0
0.000426 -0.000420 2023.0
0.000426 -0.000420 2024.0
0.000426 -0.000420 2025.0
0.000426 -0.000420 2026.0
0.000426 -0.000420 2027.0
0.000426 -0.000420 2028.0
0.000426 -0.000420 2029.0
0.000426 -0.000420 2030.0
0.000426 -0.000420 2031.0
0.000426 -0.000420 2032.0
0.000426 -0.000420 2033.0
0.000426 -0.000420 2034.0
0.000426 -0.000420 2035.0
0.000426 -0.000420 2036.0
0.000426 -0.000420 2037.0
0.000426 -0.000420 2038.0
0.000426 -0.000420 2039.0
0.000426 -0.000420 2040.0
0.000426 -0.000420 2041.0
0.000426 -0.000420 2042.0
0.000426 -0.000420 2043.0
0.000426 -0.000420 2044.0
0.000426 -0.000420 2045.0
0.000426 -0.000420 2046.0
0.000426 -0.000420 2047.0
0.000426 -0.000420 2048.0
0.000426 -0.000420 2049.0
0.000426 -0.000420 2050.0
0.000426 -0.000420 2051.0
0.000426 -0.000420 2052.0
0.000426 -0.000420 2053.0
0.000426 -0.000420 2054.0
0.000426 -0.000420 2055.0
0.000426 -0.000420 2056.0
0.000426 -0.000420 2057.0
0.000426 -0.000420 2058.0
0.000426 -0.000420 2059.0
0.000426 -0.000420 2060.0
0.000427 -0.000420 2061.0
0.000427 -0.000420 2062.0
0.000427 -0.000420 2063.0
0.000427 -0.000420 2064.0
0.000427 -0.000420 2065.0
0.000427 -0.000420 2066.0
0.000427 -0.000420 2067.0
0.000427 -0.000420 2068.0
0.000427 -0.000420 2069.0
0.000427 -0.000420 2070.0
0.000427 -0.000420 2071.0
0.000427 -0.000420 2072.0
0.000427 -0.000420 2073.0
0.000427 -0.000420 2074.0
0.000427 -0.000420 2075.0
0.000427 -0.000420 2076.0
0.000427 -0.000420 2077.0
0.000427 -0.000420 2078.0
0.000427 -0.000420 2079.0
0.000427 -0.000420 2080.0
0.000427 -0.000420 2081.0
0.000427 -0.000420 2082.0
0.000427 -0.000420 2083.0
0.000427 -0.000420 2084.0
0.000427 -0.000420 2085.0
0.000427 -0.000420 2086.0
0.000427 -0.000420 2087.0
0.000427 -0.000420 2088.0
0.000427 -0.000420 2089.0
0.000427 -0.000420 2090.0
0.000427 -0.000420 2091.0
0.000427 -0.000420 2092.0
0.000427 -0.000420 2093.0
0.000427 -0.000420 2094.0
0.000427 -0.000420 2095.0
0.000427 -0.000420 2096.0
0.000427 -0.000420 2097.0
0.000427 -0.000420 2098.0
0.000427 -0.000420 2099.0
0.000427 -0.000420 2100.0
0.000427 -0.000420 2101.0
0.000427 -0.000420 2102.0
0.000427 -0.000420 2103.0
0.000427 -0.000420 2104.0
0.000427 -0.000420 2105.0
0.000427 -0.000420 2106.0
0.000427 -0.000420 2107.0
0.000427 -0.000420 2108.0
0.000427 -0.000420 2109.0
0.000427 -0.000420 2110.0
0.000427 -0.000420 2111.0
0.000427 -0.000420 2112.0
0.000427 -0.000420 2113.0
0.000427 -0.000420 2114.0
0.000427 -0.000420 2115.0
0.000427 -0.000420 2116.0
0.000427 -0.000420 2117.0
0.000427 -0.000420 2118.0
0.000427 -0.000420 2119.0
0.000427 -0.000420 2120.0
0.000427 -0.000420 2121.0
0.000427 -0.000420 2122.0
0.000427 -0.000420 2123.0
0.000427 -0.000420 2124.0
0.000427 -0.000420 2125.0
0.000427 -0.000420 2126.0
0.000427 -0.000420 2127.0
0.000427 -0.000420 2128.0
0.000427 -0.000420 2129.0
0.000427 -0.000420 2130.0
0.000427 -0.000420 2131.0
0.000427 -0.000420 2132.0
0.000427 -0.000420 2133.0
0.000427 -0.000420 2134.0
0.000427 -0.000420 2135.0
0.000427 -0.000420 2136.0
0.000427 -0.000420 2137.0
0.000427 -0.000420 2138.0
0.000427 -0.000420 2139.0
0.000427 -0.000420 2140.0
0.000427 -0.000420 2141.0
0.000427 -0.000420 2142.0
0.000427 -0.000420 2143.0
0.000427 -0.000420 2144.0
0.000427 -0.000420 2145.0
0.000427 -0.000420 2146.0
0.000427 -0.000420 2147.0
0.000427 -0.000420 2148.0
0.000427 -0.000420 2149.0
0.000427 -0.000420 2150.0
0.000427 -0.000420 2151.0
0.000427 -0.000420 2152.0
0.000427 -0.000420 2153.0
0.000427 -0.000420 2154.0
0.000427 -0.000420 2155.0
0.000427 -0.000420 2156.0
0.000427 -0.000420 2157.0
0.000427 -0.000420 2158.0
0.000427 -0.000420 2159.0
0.000427 -0.000420 2160.0
0.000427 -0.000420 2161.0
0.000427 -0.000420 2162.0
0.000427 -0.000420 2163.0
0.000427 -0.000420 2164.0
0.000427 -0.000420 2165.0
0.000427 -0.000420 2166.0
0.000427 -0.000420 2167.0
0.000427 -0.000420 2168.0
0.000427 -0.000420 2169.0
0.000427 -0.000420 2170.0
0.000427 -0.000420 2171.0
0.000427 -0.000420 2172.0
0.000427 -0.000420 2173.0
0.000427 -0.000420 2174.0
0.000427 -0.000420 2175.0
0.000427 -0.000420 2176.0
0.000427 -0.000420 2177.0
0.000427 -0.000420 2178.0
0.000427 -0.000420 2179.0
0.000427 -0.000420 2180.0
0.000427 -0.000420 2181.0
0.000427 -0.000420 2182.0
0.000427 -0.000420 2183.0
0.000427 -0.000420 2184.0
0.000427 -0.000420 2185.0
0.000427 -0.000420 2186.0
0.000427 -0.000420 2187.0
0.000427 -0.000420 2188.0
0.000427 -0.000420 2189.0
0.000427 -0.000420 2190.0
0.000427 -0.000420 2191.0
0.000427 -0.000420 2192.0
0.000427 -0.000420 2193.0
0.000427 -0.000420 2194.0
0.000427 -0.000420 2195.0
0.000427 -0.000420 2196.0
0.000427 -0.000420 2197.0
0.000427 -0.000420 2198.0
0.000427 -0.000420 2199.0
0.000427 -0.000420 2200.0
0.000427 -0.000420 2201.0
0.000427 -0.000420 2202.0
0.000427 -0.000420 2203.0
0.000427 -0.000420 2204.0
0.000427 -0.000420 2205.0
0.000427 -0.000420 2206.0
0.000427 -0.000420 2207.0
0.000427 -0.000420 2208.0
0.000427 -0.000420 2209.0
0.000427 -0.000420 2210.0
0.000427 -0.000420 2211.0
0.000427 -0.000420 2212.0
0.000427 -0.000420 2213.0
0.000427 -0.000420 2214.0
0.000427 -0.000420 2215.0
0.000427 -0.000420 2216.0
0.000427 -0.000420 2217.0
0.000427 -0.000420 2218.0
0.000427 -0.000420 2219.0
0.000427 -0.000420 2220.0
0.000427 -0.000420 2221.0
0.000427 -0.000420 2222.0
0.000427 -0.000420 2223.0
0.000427 -0.000420 2224.0
0.000427 -0.000420 2225.0
0.000427 -0.000420 2226.0
0.000427 -0.000420 2227.0
0.000427 -0.000420 2228.0
0.000427 -0.000420 2229.0
0.000427 -0.000420 2230.0
0.000427 -0.000420 2231.0
0.000427 -0.000420 2232.0
0.000426 -0.000420 2233.0
0.000426 -0.000420 2234.0
0.000426 -0.000420 2235.0
0.000426 -0.000420 2236.0
0.000426 -0.000420 2237.0
0.000426 -0.000420 2238.0
0.000426 -0.000420 2239.0
0.000426 -0.000420 2240.0
0.000426 -0.000420 2241.0
0.000426 -0.000420 2242.0
0.000426 -0.000420 2243.0
0.000426 -0.000420 2244.0
0.000426 -0.000420 2245.0
0.000426 -0.000420 2246.0
0.000426 -0.000420 2247.0
0.000426 -0.000420 2248.0
0.000426 -0.000420 2249.0
0.000426 -0.000420 2250.0
0.000426 -0.000420 2251.0
0.000426 -0.000420 2252.0
0.000426 -0.000420 2253.0
0.000426 -0.000420 2254.0
0.000426 -0.000420 2255.0
0.000426 -0.000420 2256.0
0.000426 -0.000420 2257.0
0.000426 -0.000420 2258.0
0.000426 -0.000420 2259.0
0.000426 -0.000420 2260.0
0.000426 -0.000420 2261.0
0.000426 -0.000420 2262.0
0.000426 -0.000420 2263.0
0.000426 -0.000420 2264.0
0.000426 -0.000420 2265.0
0.000426 -0.000420 2266.0
0.000426 -0.000420 2267.0
0.000426 -0.000420 2268.0
0.000426 -0.000420 2269.0
0.000426 -0.000420 2270.0
0.000426 -0.000420 2271.0
0.000426 -0.000420 2272.0
0.000426 -0.000420 2273.0
0.000426 -0.000420 2274.0
0.000426 -0.000420 2275.0
0.000426 -0.000420 2276.0
0.000426 -0.000420 2277.0
0.000426 -0.000420 2278.0
0.000426 -0.000420 2279.0
0.000426 -0.000420 2280.0
0.000426 -0.000420 2281.0
0.000426 -0.000420 2282.0
0.000426 -0.000420 2283.0
0.000426 -0.000420 2284.0
0.000426 -0.000420 2285.0
0.000426 -0.000420 2286.0
0.000426 -0.000420 2287.0
0.000426 -0.000420 2288.0
0.000426 -0.000420 2289.0
0.000426 -0.000420 2290.0
0.000426 -0.000420 2291.0
0.000426 -0.000420 2292.0
0.000426 -0.000420 2293.0
0.000426 -0.000420 2294.0
0.000426 -0.000420 2295.0
0.000426 -0.000420 2296.0
0.000426 -0.000420 2297.0
0.000426 -0.000420 2298.0
0.000426 -0.000420 2299.0
0.000426 -0.000420 2300.0
0.000426 -0.000420 2301.0
0.000426 -0.000420 2302.0
0.000426 -0.000420 2303.0
0.000426 -0.000420 2304.0
0.000426 -0.000420 2305.0
0.000426 -0.000420 2306.0
0.000426 -0.000420 2307.0
0.000426 -0.000420 2308.0
0.000426 -0.000420 2309.0
0.000426 -0.000420 2310.0
0.000426 -0.000420 2311.0
0.000426 -0.000420 2312.0
0.000426 -0.000420 2313.0
0.000426 -0.000420 2314.0
0.000426 -0.000420 2315.0
0.000426 -0.000420 2316.0
0.000426 -0.000420 2317.0
0.000426 -0.000420 2318.0
0.000426 -0.000420 2319.0
0.000426 -0.000420 2320.0
0.000426 -0.000420 2321.0
0.000426 -0.000420 2322.0
0.000426 -0.000420 2323.0
0.000426 -0.000420 2324.0
0.000426 -0.000420 2325.0
0.000426 -0.000420 2326.0
0.000426 -0.000420 2327.0
0.000426 -0.000420 2328.0
0.000426 -0.000420 2329.0
0.000426 -0.000420 2330.0
0.000426 -0.000420 2331.0
0.000426 -0.000420 2332.0
0.000426 -0.000420 2333.0
0.000426 -0.000420 2334.0
0.000426 -0.000420 2335.0
0.000426 -0.000420 2336.0
0.000426 -0.000420 2337.0
0.000426 -0.000420 2338.0
0.000426 -0.000420 2339.0
0.000426 -0.000420 2340.0
0.000426 -0.000420 2341.0
0.000426 -0.000420 2342.0
0.000426 -0.000420 2343.0
0.000426 -0.000420 2344.0
0.000426 -0.000420 2345.0
0.000426 -0.000420 2346.0
0.000426 -0.000420 2347.0
0.000426 -0.000420 2348.0
0.000426 -0.000420 2349.0
0.000426 -0.000420 2350.0
0.000426 -0.000420 2351.0
0.000426 -0.000420 2352.0
0.000426 -0.000420 2353.0
0.000426 -0.000420 2354.0
0.000426 -0.000420 2355.0
0.000426 -0.000420 2356.0
0.000426 -0.000420 2357.0
0.000426 -0.000420 2358.0
0.000426 -0.000420 2359.0
0.000426 -0.000420 2360.0
0.000426 -0.000420 2361.0
0.000426 -0.000420 2362.0
0.000426 -0.000420 2363.0
0.000426 -0.000420 2364.0
0.000426 -0.000420 2365.0
0.000426 -0.000420 2366.0
0.000426 -0.000420 2367.0
0.000426 -0.000420 2368.0
0.000426 -0.000420 2369.0
0.000426 -0.000420 2370.0
0.000426 -0.000420 2371.0
0.000426 -0.000420 2372.0
0.000426 -0.000420 2373.0
0.000426 -0.000420 2374.0
0.000426 -0.000420 2375.0
0.000426 -0.000420 2376.0
0.000426 -0.000420 2377.0
0.000426 -0.000420 2378.0
0.000426 -0.000420 2379.0
0.000426 -0.000420 2380.0
0.000426 -0.000420 2381.0
0.000426 -0.000420 2382.0
0.000426 -0.000420 2383.0
0.000426 -0.000420 2384.0
0.000426 -0.000420 2385.0
0.000426 -0.000420 2386.0
0.000426 -0.000420 2387.0
0.000426 -0.000420 2388.0
0.000426 -0.000420 2389.0
0.000426 -0.000420 2390.0
0.000426 -0.000420 2391.0
0.000426 -0.000420 2392.0
0.000426 -0.000420 2393.0
0.000426 -0.000420 2394.0
0.000426 -0.000420 2395.0
0.000426 -0.000420 2396.0
0.000426 -0.000420 2397.0
0.000426 -0.000420 2398.0
0.000426 -0.000420 2399.0
0.000426 -0.000420 2400.0
0.000426 -0.000420 2401.0
0.000426 -0.000420 2402.0
0.000426 -0.000420 2403.0
0.000426 -0.000420 2404.0
0.000426 -0.000420 2405.0
0.000426 -0.000420 2406.0
0.000426 -0.000420 2407.0
0.000426 -0.000420 2408.0
0.000426 -0.000420 2409.0
0.000426 -0.000420 2410.0
0.000426 -0.000420 2411.0
0.000426 -0.000420 2412.0
0.000426 -0.000420 2413.0
0.000426 -0.000420 2414.0
0.000426 -0.000420 2415.0
0.000426 -0.000420 2416.0
0.000426 -0.000420 2417.0
0.000426 -0.000420 2418.0
0.000426 -0.000420 2419.0
0.000426 -0.000420 2420.0
0.000426 -0.000420 2421.0
0.000426 -0.000420 2422.0
0.000426 -0.000420 2423.0
0.000426 -0.000420 2424.0
0.000426 -0.000420 2425.0
0.000426 -0.000420 2426.0
0.000426 -0.000420 2427.0
0.000426 -0.000420 2428.0
0.000426 -0.000420 2429.0
0.000426 -0.000420 2430.0
0.000426 -0.000420 2431.0
0.000426 -0.000420 2432.0
0.000426 -0.000420 2433.0
0.000426 -0.000420 2434.0
0.000426 -0.000420 2435.0
0.000426 -0.000420 2436.0
0.000426 -0.000420 2437.0
0.000426 -0.000420 2438.0
0.000426 -0.000420 2439.0
0.000426 -0.000420 2440.0
0.000426 -0.000420 2441.0
0.000426 -0.000420 2442.0
0.000426 -0.000420 2443.0
0.000426 -0.000420 2444.0
0.000426 -0.000420 2445.0
0.000426 -0.000420 2446.0
0.000426 -0.000420 2447.0
0.000426 -0.000420 2448.0
0.000426 -0.000420 2449.0
0.000426 -0.000420 2450.0
0.000426 -0.000420 2451.0
0.000426 -0.000420 2452.0
0.000426 -0.000420 2453.0
0.000426 -0.000420 2454.0
0.000426 -0.000420 2455.0
0.000426 -0.000420 2456.0
0.000426 -0.000420 2457.0
0.000426 -0.000420 2458.0
0.000426 -0.000420 2459.0
0.000426 -0.000420 2460.0
0.000426 -0.000420 2461.0
0.000426 -0.000420 2462.0
0.000426 -0.000420 2463.0
0.000426 -0.000420 2464.0
0.000426 -0.000420 2465.0
0.000426 -0.000420 2466.0
0.000426 -0.000420 2467.0
0.000426 -0.000420 2468.0
0.000426 -0.000420 2469.0
0.000426 -0.000420 2470.0
0.000426 -0.000420 2471.0
0.000426 -0.000420 2472.0
0.000426 -0.000420 2473.0
0.000426 -0.000420 2474.0
0.000426 -0.000420 2475.0
0.000426 -0.000420 2476.0
0.000426 -0.000420 2477.0
0.000426 -0.000420 2478.0
0.000426 -0.000420 2479.0
0.000426 -0.000420 2480.0
0.000426 -0.000420 2481.0
0.000426 -0.000420 2482.0
0.000426 -0.000420 2483.0
0.000426 -0.000420 2484.0
0.000426 -0.000420 2485.0
0.000426 -0.000420 2486.0
0.000426 -0.000420 2487.0
0.000426 -0.000420 2488.0
0.000426 -0.000420 2489.0
0.000426 -0.000420 2490.0
0.000426 -0.000420 2491.0
0.000426 -0.000420 2492.0
0.000426 -0.000420 2493.0
0.000426 -0.000420 2494.0
0.000426 -0.000420 2495.0
0.000426 -0.000420 2496.0
0.000426 -0.000420 2497.0
0.000426 -0.000420 2498.0
0.000426 -0.000420 2499.0
0.000426 -0.000420 2500.0
0.000426 -0.000420 2501.0
0.000426 -0.000420 2502.0
0.000426 -0.000420 2503.0
0.000426 -0.000420 2504.0
0.000426 -0.000420 2505.0
0.000426 -0.000420 2506.0
0.000426 -0.000420 2507.0
0.000426 -0.000420 2508.0
0.000426 -0.000420 2509.0
0.000426 -0.000420 2510.0
0.000426 -0.000420 2511.0
0.000426 -0.000420 2512.0
0.000426 -0.000420 2513.0
0.000426 -0.000420 2514.0
0.000426 -0.000420 2515.0
0.000426 -0.000420 2516.0
0.000426 -0.000420 2517.0
0.000426 -0.000420 2518.0
0.000426 -0.000420 2519.0
0.000426 -0.000420 2520.0
0.000426 -0.000420 2521.0
0.000426 -0.000420 2522.0
0.000426 -0.000420 2523.0
0.000426 -0.000420 2524.0
0.000426 -0.000420 2525.0
0.000426 -0.000420 2526.0
0.000426 -0.000420 2527.0
0.000426 -0.000420 2528.0
0.000426 -0.000420 2529.0
0.000426 -0.000420 2530.0
0.000426 -0.000420 2531.0
0.000426 -0.000420 2532.0
0.000426 -0.000420 2533.0
0.000426 -0.000420 2534.0
0.000426 -0.000420 2535.0
0.000426 -0.000420 2536.0
0.000426 -0.000420 2537.0
0.000426 -0.000420 2538.0
0.000426 -0.000420 2539.0
0.000426 -0.000420 2540.0
0.000426 -0.000420 2541.0
0.000426 -0.000420 2542.0
0.000426 -0.000420 2543.0
0.000426 -0.000420 2544.0
0.000426 -0.000420 2545.0
0.000426 -0.000420 2546.0
0.000426 -0.000420 2547.0
0.000426 -0.000420 2548.0
0.000426 -0.000420 2549.0
0.000426 -0.000420 2550.0
0.000426 -0.000420 2551.0
0.000426 -0.000420 2552.0
0.000426 -0.000420 2553.0
0.000426 -0.000420 2554.0
0.000426 -0.000420 2555.0
0.000426 -0.000420 2556.0
0.000426 -0.000420 2557.0
0.000426 -0.000420 2558.0
0.000426 -0.000420 2559.0
0.000426 -0.000420 2560.0
0.000426 -0.000420 2561.0
0.000426 -0.000420 2562.0
0.000426 -0.000420 2563.0
0.000426 -0.000420 2564.0
0.000426 -0.000420 2565.0
0.000426 -0.000420 2566.0
0.000426 -0.000420 2567.0
0.000426 -0.000420 2568.0
0.000426 -0.000420 2569.0
0.000426 -0.000420 2570.0
0.000426 -0.000420 2571.0
0.000426 -0.000420 2572.0
0.000426 -0.000420 2573.0
0.000426 -0.000420 2574.0
0.000426 -0.000420 2575.0
0.000426 -0.000420 2576.0
0.000426 -0.000420 2577.0
0.000426 -0.000420 2578.0
0.000426 -0.000420 2579.0
0.000426 -0.000420 2580.0
0.000426 -0.000420 2581.0
0.000426 -0.000420 2582.0
0.000426 -0.000420 2583.0
0.000426 -0.000420 2584.0
0.000426 -0.000420 2585.0
0.000426 -0.000420 2586.0
0.000426 -0.000420 2587.0
0.000426 -0.000420 2588.0
0.000426 -0.000420 2589.0
0.000426 -0.000420 2590.0
0.000426 -0.000420 2591.0
0.000426 -0.000420 2592.0
0.000426 -0.000420 2593.0
0.000426 -0.000420 2594.0
0.000426 -0.000420 2595.0
0.000426 -0.000420 2596.0
0.000426 -0.000420 2597.0
0.000426 -0.000420 2598.0
0.000425 -0.000420 2599.0
0.000425 -0.000420 2600.0
0.000425 -0.000420 2601.0
0.000425 -0.000420 2602.0
0.000425 -0.000420 2603.0
0.000425 -0.000420 2604.0
0.000425 -0.000420 2605.0
0.000425 -0.000420 2606.0
0.000425 -0.000420 2607.0
0.000425 -0.000420 2608.0
0.000426 -0.000420 2609.0
0.000426 -0.000420 2610.0
0.000426 -0.000420 2611.0
0.000426 -0.000420 2612.0
0.000426 -0.000420 2613.0
0.000426 -0.000420 2614.0
0.000426 -0.000420 2615.0
0.000426 -0.000420 2616.0
0.000426 -0.000420 2617.0
0.000426 -0.000420 2618.0
0.000426 -0.000420 2619.0
0.000426 -0.000420 2620.0
0.000426 -0.000420 2621.0
0.000426 -0.000420 2622.0
0.000426 -0.000420 2623.0
0.000426 -0.000420 2624.0
0.000426 -0.000420 2625.0
0.000426 -0.000420 2626.0
0.000426 -0.000420 2627.0
0.000426 -0.000420 2628.0
0.000426 -0.000420 2629.0
0.000426 -0.000420 2630.0
0.000426 -0.000420 2631.0
0.000426 -0.000420 2632.0
0.000426 -0.000420 2633.0
0.000426 -0.000420 2634.0
0.000426 -0.000420 2635.0
0.000426 -0.000420 2636.0
0.000426 -0.000420 2637.0
0.000426 -0.000420 2638.0
0.000426 -0.000420 2639.0
0.000426 -0.000420 2640.0
0.000426 -0.000420 2641.0
0.000426 -0.000420 2642.0
0.000426 -0.000420 2643.0
0.000426 -0.000420 2644.0
0.000426 -0.000420 2645.0
0.000426 -0.000420 2646.0
0.000426 -0.000420 2647.0
0.000426 -0.000420 2648.0
0.000426 -0.000420 2649.0
0.000426 -0.000420 2650.0
0.000426 -0.000420 2651.0
0.000426 -0.000420 2652.0
0.000426 -0.000420 2653.0
0.000426 -0.000420 2654.0
0.000426 -0.000420 2655.0
0.000426 -0.000420 2656.0
0.000426 -0.000420 2657.0
0.000426 -0.000420 2658.0
0.000426 -0.000420 2659.0
0.000426 -0.000420 2660.0
0.000426 -0.000420 2661.0
0.000426 -0.000420 2662.0
0.000426 -0.000420 2663.0
0.000426 -0.000420 2664.0
0.000426 -0.000420 2665.0
0.000426 -0.000420 2666.0
0.000426 -0.000420 2667.0
0.000426 -0.000420 2668.0
0.000426 -0.000420 2669.0
0.000426 -0.000420 2670.0
0.000426 -0.000420 2671.0
0.000426 -0.000420 2672.0
0.000426 -0.000420 2673.0
0.000426 -0.000420 2674.0
0.000426 -0.000420 2675.0
0.000426 -0.000420 2676.0
0.000426 -0.000420 2677.0
0.000426 -0.000420 2678.0
0.000426 -0.000420 2679.0
0.000426 -0.000420 2680.0
0.000426 -0.000420 2681.0
0.000426 -0.000420 2682.0
0.000426 -0.000420 2683.0
0.000426 -0.000420 2684.0
0.000426 -0.000420 2685.0
0.000426 -0.000420 2686.0
0.000426 -0.000420 2687.0
0.000426 -0.000420 2688.0
0.000426 -0.000420 2689.0
0.000427 -0.000420 2690.0
0.000427 -0.000420 2691.0
0.000427 -0.000420 2692.0
0.000427 -0.000420 2693.0
0.000427 -0.000420 2694.0
0.000427 -0.000420 2695.0
0.000427 -0.000420 2696.0
0.000427 -0.000420 2697.0
0.000427 -0.000420 2698.0
0.000427 -0.000420 2699.0
0.000427 -0.000420 2700.0
0.000427 -0.000420 2701.0
0.000427 -0.000420 2702.0
0.000427 -0.000420 2703.0
0.000427 -0.000420 2704.0
0.000427 -0.000420 2705.0
0.000427 -0.000420 2706.0
0.000427 -0.000420 2707.0
0.000427 -0.000420 2708.0
0.000427 -0.000420 2709.0
0.000427 -0.000420 2710.0
0.000427 -0.000420 2711.0
0.000427 -0.000420 2712.0
0.000427 -0.000420 2713.0
0.000427 -0.000420 2714.0
0.000427 -0.000420 2715.0
0.000427 -0.000420 2716.0
0.000427 -0.000420 2717.0
0.000427 -0.000420 2718.0
0.000427 -0.000420 2719.0
0.000427 -0.000420 2720.0
0.000427 -0.000420 2721.0
0.000427 -0.000420 2722.0
0.000427 -0.000420 2723.0
0.000427 -0.000420 2724.0
0.000427 -0.000420 2725.0
0.000427 -0.000420 2726.0
0.000427 -0.000420 2727.0
0.000427 -0.000420 2728.0
0.000427 -0.000420 2729.0
0.000427 -0.000420 2730.0
0.000427 -0.000420 2731.0
0.000427 -0.000420 2732.0
0.000427 -0.000420 2733.0
0.000427 -0.000420 2734.0
0.000427 -0.000420 2735.0
0.000427 -0.000420 2736.0
0.000427 -0.000420 2737.0
0.000427 -0.000420 2738.0
0.000427 -0.000420 2739.0
0.000427 -0.000420 2740.0
0.000427 -0.000420 2741.0
0.000427 -0.000420 2742.0
0.000427 -0.000420 2743.0
0.000427 -0.000420 2744.0
0.000427 -0.000420 2745.0
0.000427 -0.000420 2746.0
0.000427 -0.000420 2747.0
0.000427 -0.000420 2748.0
0.000427 -0.000420 2749.0
0.000427 -0.000420 2750.0
0.000427 -0.000420 2751.0
0.000427 -0.000420 2752.0
0.000427 -0.000420 2753.0
0.000427 -0.000420 2754.0
0.000427 -0.000420 2755.0
0.000427 -0.000420 2756.0
0.000427 -0.000420 2757.0
0.000427 -0.000420 2758.0
0.000427 -0.000420 2759.0
0.000427 -0.000420 2760.0
0.000427 -0.000420 2761.0
0.000427 -0.000420 2762.0
0.000427 -0.000420 2763.0
0.000427 -0.000420 2764.0
0.000427 -0.000420 2765.0
0.000427 -0.000420 2766.0
0.000427 -0.000420 2767.0
0.000427 -0.000420 2768.0
0.000427 -0.000420 2769.0
0.000427 -0.000420 2770.0
0.000427 -0.000420 2771.0
0.000427 -0.000420 2772.0
0.000427 -0.000420 2773.0
0.000427 -0.000420 2774.0
0.000427 -0.000420 2775.0
0.000427 -0.000420 2776.0
0.000427 -0.000420 2777.0
0.000427 -0.000420 2778.0
0.000427 -0.000420 2779.0
0.000427 -0.000420 2780.0
0.000427 -0.000420 2781.0
0.000427 -0.000420 2782.0
0.000427 -0.000420 2783.0
0.000427 -0.000420 2784.0
0.000427 -0.000420 2785.0
0.000427 -0.000420 2786.0
0.000427 -0.000420 2787.0
0.000427 -0.000420 2788.0
0.000427 -0.000420 2789.0
0.000427 -0.000420 2790.0
0.000427 -0.000420 2791.0
0.000427 -0.000420 2792.0
0.000427 -0.000420 2793.0
0.000427 -0.000420 2794.0
0.000427 -0.000420 2795.0
0.000427 -0.000420 2796.0
0.000427 -0.000420 2797.0
0.000427 -0.000420 2798.0
0.000427 -0.000420 2799.0
0.000427 -0.000420 2800.0
0.000427 -0.000420 2801.0
0.000427 -0.000420 2802.0
0.000427 -0.000420 2803.0
0.000427 -0.000420 2804.0
0.000427 -0.000420 2805.0
0.000427 -0.000420 2806.0
0.000427 -0.000420 2807.0
0.000427 -0.000420 2808.0
0.000427 -0.000420 2809.0
0.000427 -0.000420 2810.0
0.000427 -0.000420 2811.0
0.000427 -0.000420 2812.0
0.000427 -0.000420 2813.0
0.000427 -0.000420 2814.0
0.000427 -0.000420 2815.0
0.000427 -0.000420 2816.0
0.000427 -0.000420 2817.0
0.000427 -0.000420 2818.0
0.000427 -0.000420 2819.0
0.000427 -0.000420 2820.0
0.000427 -0.000420 2821.0
0.000427 -0.000420 2822.0
0.000426 -0.000420 2823.0
0.000426 -0.000420 2824.0
0.000426 -0.000420 2825.0
0.000426 -0.000420 2826.0
0.000426 -0.000420 2827.0
0.000426 -0.000420 2828.0
0.000426 -0.000420 2829.0
0.000426 -0.000420 2830.0
0.000426 -0.000420 2831.0
0.000426 -0.000420 2832.0
0.000426 -0.000420 2833.0
0.000426 -0.000420 2834.0
0.000426 -0.000420 2835.0
0.000426 -0.000420 2836.0
0.000426 -0.000420 2837.0
0.000426 -0.000420 2838.0
0.000426 -0.000420 2839.0
0.000426 -0.000420 2840.0
0.000426 -0.000420 2841.0
0.000426 -0.000420 2842.0
0.000426 -0.000420 2843.0
0.000426 -0.000420 2844.0
0.000426 -0.000420 2845.0
0.000426 -0.000420 2846.0
0.000426 -0.000420 2847.0
0.000426 -0.000420 2848.0
0.000426 -0.000420 2849.0
0.000426 -0.000420 2850.0
0.000426 -0.000420 2851.0
0.000426 -0.000420 2852.0
0.000426 -0.000420 2853.0
0.000426 -0.000420 2854.0
0.000426 -0.000420 2855.0
0.000426 -0.000420 2856.0
0.000426 -0.000420 2857.0
0.000426 -0.000420 2858.0
0.000426 -0.000420 2859.0
0.000426 -0.000420 2860.0
0.000426 -0.000420 2861.0
0.000426 -0.000420 2862.0
0.000426 -0.000420 2863.0
0.000426 -0.000420 2864.0
0.000426 -0.000420 2865.0
0.000426 -0.000420 2866.0
0.000426 -0.000420 2867.0
0.000426 -0.000420 2868.0
0.000426 -0.000420 2869.0
0.000426 -0.000420 2870.0
0.000426 -0.000420 2871.0
0.000426 -0.000420 2872.0
0.000426 -0.000420 2873.0
0.000426 -0.000420 2874.0
0.000426 -0.000420 2875.0
0.000426 -0.000420 2876.0
0.000426 -0.000420 2877.0
0.000426 -0.000420 2878.0
0.000426 -0.000420 2879.0
0.000426 -0.000420 2880.0
0.000426 -0.000420 2881.0
0.000426 -0.000420 2882.0
0.000426 -0.000420 2883.0
0.000426 -0.000420 2884.0
0.000426 -0.000420 2885.0
0.000426 -0.000420 2886.0
0.000426 -0.000420 2887.0
0.000426 -0.000420 2888.0
0.000426 -0.000420 2889.0
0.000426 -0.000420 2890.0
0.000426 -0.000420 2891.0
0.000426 -0.000420 2892.0
0.000426 -0.000420 2893.0
0.000426 -0.000420 2894.0
0.000426 -0.000420 2895.0
0.000426 -0.000420 2896.0
0.000426 -0.000420 2897.0
0.000426 -0.000420 2898.0
0.000426 -0.000420 2899.0
0.000427 -0.000420 2900.0
0.000427 -0.000420 2901.0
0.000427 -0.000420 2902.0
0.000427 -0.000420 2903.0
0.000427 -0.000420 2904.0
0.000427 -0.000420 2905.0
0.000427 -0.000420 2906.0
0.000427 -0.000420 2907.0
0.000427 -0.000420 2908.0
0.000427 -0.000420 2909.0
0.000427 -0.000420 2910.0
0.000427 -0.000420 2911.0
0.000427 -0.000420 2912.0
0.000427 -0.000420 2913.0
0.000427 -0.000420 2914.0
0.000427 -0.000420 2915.0
0.000427 -0.000420 2916.0
0.000427 -0.000420 2917.0
0.000427 -0.000420 2918.0
0.000427 -0.000420 2919.0
0.000427 -0.000420 2920.0
0.000427 -0.000420 2921.0
0.000427 -0.000420 2922.0
0.000427 -0.000420 2923.0
0.000427 -0.000420 2924.0
0.000427 -0.000420 2925.0
0.000427 -0.000420 2926.0
0.000427 -0.000420 2927.0
0.000427 -0.000420 2928.0
0.000427 -0.000420 2929.0
0.000427 -0.000420 2930.0
0.000427 -0.000420 2931.0
0.000427 -0.000420 2932.0
0.000427 -0.000420 2933.0
0.000427 -0.000420 2934.0
0.000427 -0.000420 2935.0
0.000427 -0.000420 2936.0
0.000427 -0.000420 2937.0
0.000427 -0.000420 2938.0
0.000427 -0.000420 2939.0
0.000427 -0.000420 2940.0
0.000427 -0.000420 2941.0
0.000427 -0.000420 2942.0
0.000427 -0.000420 2943.0
0.000427 -0.000420 2944.0
0.000427 -0.000420 2945.0
0.000427 -0.000420 2946.0
0.000427 -0.000420 2947.0
0.000427 -0.000420 2948.0
0.000427 -0.000420 2949.0
0.000427 -0.000420 2950.0
0.000427 -0.000420 2951.0
0.000427 -0.000420 2952.0
0.000427 -0.000420 2953.0
0.000427 -0.000420 2954.0
0.000427 -0.000420 2955.0
0.000427 -0.000420 2956.0
0.000427 -0.000420 2957.0
0.000427 -0.000420 2958.0
0.000427 -0.000420 2959.0
0.000427 -0.000420 2960.0
0.000427 -0.000420 2961.0
0.000427 -0.000420 2962.0
0.000427 -0.000420 2963.0
0.000427 -0.000420 2964.0
0.000427 -0.000420 2965.0
0.000427 -0.000420 2966.0
0.000427 -0.000420 2967.0
0.000427 -0.000420 2968.0
0.000427 -0.000420 2969.0
0.000427 -0.000420 2970.0
0.000427 -0.000420 2971.0
0.000427 -0.000420 2972.0
0.000427 -0.000420 2973.0
0.000427 -0.000420 2974.0
0.000427 -0.000420 2975.0
0.000427 -0.000420 2976.0
0.000427 -0.000420 2977.0
0.000427 -0.000420 2978.0
0.000427 -0.000420 2979.0
0.000427 -0.000420 2980.0
0.000427 -0.000420 2981.0
0.000427 -0.000420 2982.0
0.000427 -0.000420 2983.0
0.000427 -0.000420 2984.0
0.000427 -0.000420 2985.0
0.000427 -0.000420 2986.0
0.000427 -0.000420 2987.0
0.000427 -0.000420 2988.0
0.000427 -0.000420 2989.0
0.000427 -0.000420 2990.0
0.000427 -0.000420 2991.0
0.000427 -0.000420 2992.0
0.000427 -0.000420 2993.0
0.000427 -0.000420 2994.0
0.000427 -0.000420 2995.0
0.000427 -0.000420 2996.0
0.000427 -0.000420 2997.0
0.000427 -0.000420 2998.0
0.000427 -0.000420 2999.0
0.000427 -0.000420 3000.0
0.000427 -0.000420 3001.0
0.000427 -0.000420 3002.0
0.000427 -0.000420 3003.0
0.000427 -0.000420 3004.0
0.000427 -0.000420 3005.0
0.000427 -0.000420 3006.0
0.000427 -0.000420 3007.0
0.000427 -0.000420 3008.0
0.000427 -0.000420 3009.0
0.000427 -0.000420 3010.0
0.000427 -0.000420 3011.0
0.000427 -0.000420 3012.0
0.000427 -0.000420 3013.0
0.000427 -0.000420 3014.0
0.000427 -0.000420 3015.0
0.000427 -0.000420 3016.0
0.000427 -0.000420 3017.0
0.000427 -0.000420 3018.0
0.000427 -0.000420 3019.0
0.000427 -0.000420 3020.0
0.000427 -0.000420 3021.0
0.000427 -0.000420 3022.0
0.000427 -0.000420 3023.0
0.000427 -0.000420 3024.0
0.000427 -0.000420 3025.0
0.000427 -0.000420 3026.0
0.000427 -0.000420 3027.0
0.000427 -0.000420 3028.0
0.000427 -0.000420 3029.0
0.000427 -0.000420 3030.0
0.000427 -0.000420 3031.0
0.000427 -0.000420 3032.0
0.000427 -0.000420 3033.0
0.000427 -0.000420 3034.0
0.000427 -0.000420 3035.0
0.000427 -0.000420 3036.0
0.000427 -0.000420 3037.0
0.000427 -0.000420 3038.0
0.000427 -0.000420 3039.0
0.000427 -0.000420 3040.0
0.000427 -0.000420 3041.0
0.000427 -0.000420 3042.0
0.000427 -0.000420 3043.0
0.000427 -0.000420 3044.0
0.000427 -0.000420 3045.0
0.000427 -0.000420 3046.0
0.000427 -0.000420 3047.0
0.000427 -0.000420 3048.0
0.000427 -0.000420 3049.0
0.000427 -0.000420 3050.0
0.000427 -0.000420 3051.0
0.000427 -0.000420 3052.0
0.000427 -0.000420 3053.0
0.000427 -0.000420 3054.0
0.000427 -0.000420 3055.0
0.000427 -0.000420 3056.0
0.000427 -0.000420 3057.0
0.000427 -0.000420 3058.0
0.000427 -0.000420 3059.0
0.000427 -0.000420 3060.0
0.000427 -0.000420 3061.0
0.000427 -0.000420 3062.0
0.000427 -0.000420 3063.0
0.000427 -0.000420 3064.0
0.000427 -0.000420 3065.0
0.000427 -0.000420 3066.0
0.000427 -0.000420 3067.0
0.000427 -0.000420 3068.0
0.000427 -0.000420 3069.0
0.000427 -0.000420 3070.0
0.000427 -0.000420 3071.0
0.000427 -0.000420 3072.0
0.000427 -0.000420 3073.0
0.000427 -0.000420 3074.0
0.000427 -0.000420 3075.0
0.000427 -0.000420 3076.0
0.000427 -0.000420 3077.0
0.000427 -0.000420 3078.0
0.000427 -0.000420 3079.0
0.000427 -0.000420 3080.0
0.000427 -0.000420 3081.0
0.000427 -0.000420 3082.0
0.000427 -0.000420 3083.0
0.000427 -0.000420 3084.0
0.000427 -0.000420 3085.0
0.000427 -0.000420 3086.0
0.000427 -0.000420 3087.0
0.000427 -0.000420 3088.0
0.000427 -0.000420 3089.0
0.000427 -0.000420 3090.0
0.000427 -0.000420 3091.0
0.000427 -0.000420 3092.0
0.000427 -0.000420 3093.0
0.000427 -0.000420 3094.0
0.000427 -0.000420 3095.0
0.000427 -0.000420 3096.0
0.000427 -0.000420 3097.0
0.000427 -0.000420 3098.0
0.000427 -0.000420 3099.0
0.000427 -0.000420 3100.0
0.000427 -0.000420 3101.0
0.000427 -0.000420 3102.0
0.000427 -0.000420 3103.0
0.000427 -0.000420 3104.0
0.000427 -0.000420 3105.0
0.000427 -0.000420 3106.0
0.000427 -0.000420 3107.0
0.000427 -0.000420 3108.0
0.000427 -0.000420 3109.0
0.000427 -0.000420 3110.0
0.000427 -0.000420 3111.0
0.000427 -0.000420 3112.0
0.000427 -0.000420 3113.0
0.000427 -0.000420 3114.0
0.000427 -0.000420 3115.0
0.000427 -0.000420 3116.0
0.000427 -0.000420 3117.0
0.000427 -0.000420 3118.0
0.000427 -0.000420 3119.0
0.000427 -0.000420 3120.0
0.000427 -0.000420 3121.0
0.000427 -0.000420 3122.0
0.000427 -0.000420 3123.0
0.000427 -0.000420 3124.0
0.000427 -0.000420 3125.0
0.000427 -0.000420 3126.0
0.000427 -0.000420 3127.0
0.000427 -0.000420 3128.0
0.000427 -0.000420 3129.0
0.000427 -0.000420 3130.0
0.000427 -0.000420 3131.0
0.000427 -0.000420 3132.0
0.000427 -0.000420 3133.0
0.000427 -0.000420 3134.0
0.000427 -0.000420 3135.0
0.000427 -0.000420 3136.0
0.000427 -0.000420 3137.0
0.000427 -0.000420 3138.0
0.000427 -0.000420 3139.0
0.000427 -0.000420 3140.0
0.000427 -0.000420 3141.0
0.000427 -0.000420 3142.0
0.000427 -0.000420 3143.0
0.000427 -0.000420 3144.0
0.000427 -0.000420 3145.0
0.000427 -0.000420 3146.0
0.000427 -0.000420 3147.0
0.000427 -0.000420 3148.0
0.000427 -0.000420 3149.0
0.000427 -0.000420 3150.0
0.000427 -0.000420 3151.0
0.000427 -0.000420 3152.0
0.000427 -0.000420 3153.0
0.000427 -0.000420 3154.0
0.000427 -0.000420 3155.0
0.000427 -0.000420 3156.0
0.000427 -0.000420 3157.0
0.000427 -0.000420 3158.0
0.000427 -0.000420 3159.0
0.000427 -0.000420 3160.0
0.000427 -0.000420 3161.0
0.000427 -0.000420 3162.0
0.000427 -0.000420 3163.0
0.000427 -0.000420 3164.0
0.000427 -0.000420 3165.0
0.000427 -0.000420 3166.0
0.000427 -0.000420 3167.0
0.000427 -0.000420 3168.0
0.000427 -0.000420 3169.0
0.000427 -0.000420 3170.0
0.000427 -0.000420 3171.0
0.000427 -0.000420 3172.0
0.000427 -0.000420 3173.0
0.000427 -0.000420 3174.0
0.000427 -0.000420 3175.0
0.000427 -0.000420 3176.0
0.000427 -0.000420 3177.0
0.000427 -0.000419 3178.0
0.000427 -0.000419 3179.0
0.000427 -0.000419 3180.0
0.000427 -0.000419 3181.0
0.000427 -0.000419 3182.0
0.000427 -0.000419 3183.0
0.000427 -0.000419 3184.0
0.000427 -0.000419 3185.0
0.000427 -0.000419 3186.0
0.000427 -0.000419 3187.0
0.000427 -0.000419 3188.0
0.000427 -0.000419 3189.0
0.000427 -0.000419 3190.0
0.000427 -0.000419 3191.0
0.000427 -0.000419 3192.0
0.000427 -0.000419 3193.0
0.000427 -0.000419 3194.0
0.000427 -0.000419 3195.0
0.000427 -0.000419 3196.0
0.000427 -0.000419 3197.0
0.000427 -0.000419 3198.0
0.000427 -0.000419 3199.0
0.000427 -0.000419 3200.0
0.000427 -0.000419 3201.0
0.000427 -0.000419 3202.0
0.000427 -0.000419 3203.0
0.000427 -0.000419 3204.0
0.000427 -0.000419 3205.0
0.000427 -0.000419 3206.0
0.000427 -0.000419 3207.0
0.000427 -0.000419 3208.0
0.000427 -0.000419 3209.0
0.000427 -0.000419 3210.0
0.000427 -0.000419 3211.0
0.000427 -0.000419 3212.0
0.000427 -0.000419 3213.0
0.000427 -0.000419 3214.0
0.000427 -0.000419 3215.0
0.000427 -0.000419 3216.0
0.000427 -0.000419 3217.0
0.000427 -0.000419 3218.0
0.000427 -0.000420 3219.0
0.000427 -0.000420 3220.0
0.000427 -0.000420 3221.0
0.000427 -0.000420 3222.0
0.000427 -0.000420 3223.0
0.000427 -0.000420 3224.0
0.000427 -0.000420 3225.0
0.000427 -0.000420 3226.0
0.000427 -0.000420 3227.0
0.000427 -0.000420 3228.0
0.000427 -0.000420 3229.0
0.000427 -0.000420 3230.0
0.000427 -0.000420 3231.0
0.000427 -0.000420 3232.0
0.000427 -0.000420 3233.0
0.000427 -0.000420 3234.0
0.000427 -0.000420 3235.0
0.000427 -0.000420 3236.0
0.000427 -0.000420 3237.0
0.000427 -0.000420 3238.0
0.000427 -0.000420 3239.0
0.000427 -0.000420 3240.0
0.000427 -0.000420 3241.0
0.000427 -0.000420 3242.0
0.000427 -0.000420 3243.0
0.000427 -0.000420 3244.0
0.000427 -0.000420 3245.0
0.000427 -0.000420 3246.0
0.000427 -0.000420 3247.0
0.000427 -0.000420 3248.0
0.000427 -0.000420 3249.0
0.000427 -0.000420 3250.0
0.000427 -0.000420 3251.0
0.000427 -0.000420 3252.0
0.000427 -0.000420 3253.0
0.000427 -0.000420 3254.0
0.000427 -0.000420 3255.0
0.000427 -0.000420 3256.0
0.000427 -0.000420 3257.0
0.000427 -0.000420 3258.0
0.000427 -0.000420 3259.0
0.000427 -0.000420 3260.0
0.000427 -0.000420 3261.0
0.000427 -0.000420 3262.0
0.000427 -0.000420 3263.0
0.000427 -0.000420 3264.0
0.000427 -0.000420 3265.0
0.000427 -0.000420 3266.0
0.000427 -0.000420 3267.0
0.000427 -0.000420 3268.0
0.000427 -0.000420 3269.0
0.000427 -0.000420 3270.0
0.000427 -0.000420 3271.0
0.000427 -0.000420 3272.0
0.000427 -0.000420 3273.0
0.000427 -0.000420 3274.0
0.000427 -0.000420 3275.0
0.000427 -0.000420 3276.0
0.000427 -0.000420 3277.0
0.000427 -0.000420 3278.0
0.000427 -0.000420 3279.0
0.000427 -0.000420 3280.0
0.000427 -0.000420 3281.0
0.000427 -0.000420 3282.0
0.000427 -0.000420 3283.0
0.000427 -0.000420 3284.0
0.000427 -0.000420 3285.0
0.000427 -0.000420 3286.0
0.000427 -0.000420 3287.0
0.000427 -0.000420 3288.0
0.000427 -0.000420 3289.0
0.000427 -0.000420 3290.0
0.000427 -0.000420 3291.0
0.000427 -0.000420 3292.0
0.000427 -0.000420 3293.0
0.000427 -0.000420 3294.0
0.000427 -0.000420 3295.0
0.000427 -0.000420 3296.0
0.000427 -0.000420 3297.0
0.000427 -0.000420 3298.0
0.000427 -0.000420 3299.0
0.000427 -0.000420 3300.0
0.000427 -0.000420 3301.0
0.000427 -0.000420 3302.0
0.000427 -0.000420 3303.0
0.000427 -0.000420 3304.0
0.000427 -0.000420 3305.0
0.000427 -0.000420 3306.0
0.000427 -0.000420 3307.0
0.000427 -0.000420 3308.0
0.000427 -0.000420 3309.0
0.000427 -0.000420 3310.0
0.000427 -0.000420 3311.0
0.000427 -0.000420 3312.0
0.000427 -0.000420 3313.0
0.000427 -0.000420 3314.0
0.000427 -0.000420 3315.0
0.000427 -0.000420 3316.0
0.000427 -0.000420 3317.0
0.000427 -0.000420 3318.0
0.000427 -0.000420 3319.0
0.000427 -0.000420 3320.0
0.000427 -0.000420 3321.0
0.000427 -0.000420 3322.0
0.000427 -0.000420 3323.0
0.000427 -0.000420 3324.0
0.000427 -0.000420 3325.0
0.000427 -0.000420 3326.0
0.000427 -0.000420 3327.0
0.000427 -0.000420 3328.0
0.000427 -0.000420 3329.0
0.000427 -0.000420 3330.0
0.000427 -0.000420 3331.0
0.000427 -0.000420 3332.0
0.000427 -0.000420 3333.0
0.000427 -0.000420 3334.0
0.000427 -0.000420 3335.0
0.000427 -0.000420 3336.0
0.000427 -0.000420 3337.0
0.000427 -0.000420 3338.0
0.000427 -0.000420 3339.0
0.000427 -0.000420 3340.0
0.000427 -0.000420 3341.0
0.000427 -0.000420 3342.0
0.000427 -0.000420 3343.0
0.000427 -0.000420 3344.0
0.000427 -0.000420 3345.0
0.000427 -0.000420 3346.0
0.000427 -0.000420 3347.0
0.000427 -0.000420 3348.0
0.000427 -0.000420 3349.0
0.000427 -0.000420 3350.0
0.000427 -0.000420 3351.0
0.000427 -0.000420 3352.0
0.000427 -0.000420 3353.0
0.000427 -0.000420 3354.0
0.000427 -0.000420 3355.0
0.000427 -0.000420 3356.0
0.000427 -0.000420 3357.0
0.000427 -0.000420 3358.0
0.000427 -0.000420 3359.0
0.000427 -0.000420 3360.0
0.000427 -0.000420 3361.0
0.000427 -0.000420 3362.0
0.000427 -0.000420 3363.0
0.000427 -0.000420 3364.0
0.000427 -0.000420 3365.0
0.000427 -0.000420 3366.0
0.000427 -0.000420 3367.0
0.000427 -0.000420 3368.0
0.000427 -0.000420 3369.0
0.000427 -0.000420 3370.0
0.000427 -0.000420 3371.0
0.000427 -0.000420 3372.0
0.000427 -0.000420 3373.0
0.000427 -0.000420 3374.0
0.000427 -0.000420 3375.0
0.000427 -0.000420 3376.0
0.000427 -0.000420 3377.0
0.000427 -0.000420 3378.0
0.000427 -0.000420 3379.0
0.000427 -0.000420 3380.0
0.000427 -0.000420 3381.0
0.000427 -0.000420 3382.0
0.000427 -0.000420 3383.0
0.000427 -0.000420 3384.0
0.000427 -0.000420 3385.0
0.000427 -0.000420 3386.0
0.000427 -0.000420 3387.0
0.000427 -0.000420 3388.0
0.000427 -0.000420 3389.0
0.000427 -0.000420 3390.0
0.000427 -0.000420 3391.0
0.000427 -0.000420 3392.0
0.000427 -0.000420 3393.0
0.000427 -0.000420 3394.0
0.000427 -0.000420 3395.0
0.000427 -0.000420 3396.0
0.000427 -0.000420 3397.0
0.000427 -0.000420 3398.0
0.000427 -0.000420 3399.0
0.000427 -0.000420 3400.0
0.000427 -0.000420 3401.0
0.000427 -0.000420 3402.0
0.000427 -0.000420 3403.0
0.000427 -0.000420 3404.0
0.000427 -0.000420 3405.0
0.000427 -0.000420 3406.0
0.000427 -0.000420 3407.0
0.000427 -0.000420 3408.0
0.000427 -0.000420 3409.0
0.000427 -0.000420 3410.0
0.000427 -0.000420 3411.0
0.000427 -0.000420 3412.0
0.000427 -0.000420 3413.0
0.000427 -0.000420 3414.0
0.000427 -0.000420 3415.0
0.000427 -0.000420 3416.0
0.000427 -0.000420 3417.0
0.000427 -0.000420 3418.0
0.000427 -0.000420 3419.0
0.000427 -0.000420 3420.0
0.000427 -0.000420 3421.0
0.000427 -0.000420 3422.0
0.000427 -0.000420 3423.0
0.000427 -0.000420 3424.0
0.000427 -0.000420 3425.0
0.000427 -0.000420 3426.0
0.000427 -0.000420 3427.0
0.000427 -0.000420 3428.0
0.000427 -0.000420 3429.0
0.000427 -0.000420 3430.0
0.000427 -0.000420 3431.0
0.000427 -0.000420 3432.0
0.000427 -0.000420 3433.0
0.000427 -0.000420 3434.0
0.000427 -0.000420 3435.0
0.000427 -0.000420 3436.0
0.000427 -0.000420 3437.0
0.000427 -0.000420 3438.0
0.000427 -0.000420 3439.0
0.000427 -0.000420 3440.0
0.000427 -0.000420 3441.0
0.000427 -0.000420 3442.0
0.000427 -0.000420 3443.0
0.000427 -0.000420 3444.0
0.000427 -0.000420 3445.0
0.000427 -0.000420 3446.0
0.000427 -0.000420 3447.0
0.000427 -0.000420 3448.0
0.000427 -0.000420 3449.0
0.000427 -0.000420 3450.0
0.000427 -0.000420 3451.0
0.000427 -0.000420 3452.0
0.000427 -0.000420 3453.0
0.000427 -0.000420 3454.0
0.000427 -0.000420 3455.0
0.000427 -0.000420 3456.0
0.000427 -0.000420 3457.0
0.000427 -0.000420 3458.0
0.000427 -0.000420 3459.0
0.000427 -0.000420 3460.0
0.000427 -0.000420 3461.0
0.000427 -0.000420 3462.0
0.000427 -0.000420 3463.0
0.000427 -0.000420 3464.0
0.000427 -0.000420 3465.0
0.000427 -0.000420 3466.0
0.000427 -0.000420 3467.0
0.000427 -0.000420 3468.0
0.000427 -0.000420 3469.0
0.000427 -0.000420 3470.0
0.000427 -0.000420 3471.0
0.000427 -0.000420 3472.0
0.000427 -0.000420 3473.0
0.000427 -0.000420 3474.0
0.000427 -0.000420 3475.0
0.000427 -0.000420 3476.0
0.000427 -0.000420 3477.0
0.000427 -0.000420 3478.0
0.000427 -0.000420 3479.0
0.000427 -0.000420 3480.0
0.000427 -0.000420 3481.0
0.000427 -0.000420 3482.0
0.000427 -0.000420 3483.0
0.000427 -0.000420 3484.0
0.000427 -0.000420 3485.0
0.000427 -0.000420 3486.0
0.000427 -0.000420 3487.0
0.000427 -0.000420 3488.0
0.000427 -0.000420 3489.0
0.000427 -0.000420 3490.0
0.000427 -0.000420 3491.0
0.000427 -0.000420 3492.0
0.000427 -0.000420 3493.0
0.000427 -0.000420 3494.0
0.000427 -0.000420 3495.0
0.000427 -0.000420 3496.0
0.000427 -0.000420 3497.0
0.000427 -0.000420 3498.0
0.000427 -0.000420 3499.0
0.000427 -0.000420 3500.0
0.000427 -0.000420 3501.0
0.000427 -0.000420 3502.0
0.000427 -0.000420 3503.0
0.000427 -0.000420 3504.0
0.000427 -0.000420 3505.0
0.000427 -0.000420 3506.0
0.000427 -0.000420 3507.0
0.000427 -0.000420 3508.0
0.000427 -0.000420 3509.0
0.000427 -0.000420 3510.0
0.000427 -0.000420 3511.0
0.000427 -0.000420 3512.0
0.000427 -0.000420 3513.0
0.000427 -0.000420 3514.0
0.000427 -0.000420 3515.0
0.000427 -0.000420 3516.0
0.000427 -0.000420 3517.0
0.000427 -0.000420 3518.0
0.000427 -0.000420 3519.0
0.000427 -0.000420 3520.0
0.000427 -0.000420 3521.0
0.000427 -0.000420 3522.0
0.000427 -0.000420 3523.0
0.000427 -0.000420 3524.0
0.000427 -0.000420 3525.0
0.000427 -0.000420 3526.0
0.000427 -0.000420 3527.0
0.000427 -0.000420 3528.0
0.000427 -0.000420 3529.0
0.000427 -0.000420 3530.0
0.000427 -0.000420 3531.0
0.000427 -0.000420 3532.0
0.000427 -0.000420 3533.0
0.000427 -0.000420 3534.0
0.000427 -0.000420 3535.0
0.000427 -0.000420 3536.0
0.000427 -0.000420 3537.0
0.000427 -0.000420 3538.0
0.000427 -0.000420 3539.0
0.000427 -0.000420 3540.0
0.000427 -0.000420 3541.0
0.000427 -0.000420 3542.0
0.000427 -0.000420 3543.0
0.000427 -0.000420 3544.0
0.000427 -0.000420 3545.0
0.000427 -0.000420 3546.0
0.000427 -0.000420 3547.0
0.000427 -0.000420 3548.0
0.000427 -0.000420 3549.0
0.000427 -0.000420 3550.0
0.000427 -0.000420 3551.0
0.000427 -0.000420 3552.0
0.000427 -0.000420 3553.0
0.000427 -0.000420 3554.0
0.000427 -0.000420 3555.0
0.000427 -0.000420 3556.0
0.000427 -0.000420 3557.0
0.000427 -0.000420 3558.0
0.000427 -0.000420 3559.0
0.000427 -0.000420 3560.0
0.000427 -0.000420 3561.0
0.000427 -0.000420 3562.0
0.000427 -0.000420 3563.0
0.000427 -0.000420 3564.0
0.000427 -0.000420 3565.0
0.000427 -0.000420 3566.0
0.000427 -0.000420 3567.0
0.000427 -0.000420 3568.0
0.000427 -0.000420 3569.0
0.000427 -0.000420 3570.0
0.000427 -0.000420 3571.0
0.000427 -0.000420 3572.0
0.000426 -0.000420 3573.0
0.000426 -0.000420 3574.0
0.000426 -0.000420 3575.0
0.000426 -0.000420 3576.0
0.000426 -0.000420 3577.0
