0.000269 -0.000761 92.0
0.000269 -0.000760 93.0
0.000270 -0.000760 94.0
0.000270 -0.000759 95.0
0.000270 -0.000759 96.0
0.000270 -0.000758 97.0
0.000271 -0.000757 98.0
0.000271 -0.000757 99.0
0.000271 -0.000756 100.0
0.000271 -0.000756 101.0
0.000272 -0.000755 102.0
0.000272 -0.000755 103.0
0.000272 -0.000754 104.0
0.000272 -0.000754 105.0
0.000273 -0.000753 106.0
0.000273 -0.000753 107.0
0.000273 -0.000752 108.0
0.000273 -0.000751 109.0
0.000274 -0.000751 110.0
0.000274 -0.000750 111.0
0.000274 -0.000750 112.0
0.000274 -0.000749 113.0
0.000275 -0.000749 114.0
0.000275 -0.000748 115.0
0.000275 -0.000748 116.0
0.000275 -0.000747 117.0
0.000275 -0.000746 118.0
0.000276 -0.000746 119.0
0.000276 -0.000745 120.0
0.000276 -0.000745 121.0
0.000276 -0.000744 122.0
0.000277 -0.000744 123.0
0.000277 -0.000743 124.0
0.000277 -0.000743 125.0
0.000277 -0.000742 126.0
0.000278 -0.000742 127.0
0.000278 -0.000741 128.0
0.000278 -0.000740 129.0
0.000278 -0.000740 130.0
0.000279 -0.000739 131.0
0.000279 -0.000739 132.0
0.000279 -0.000738 133.0
0.000279 -0.000738 134.0
0.000280 -0.000737 135.0
0.000280 -0.000737 136.0
0.000280 -0.000736 137.0
0.000280 -0.000736 138.0
0.000281 -0.000735 139.0
0.000281 -0.000734 140.0
0.000281 -0.000734 141.0
0.000281 -0.000733 142.0
0.000281 -0.000733 143.0
0.000282 -0.000732 144.0
0.000282 -0.000732 145.0
0.000282 -0.000731 146.0
0.000282 -0.000731 147.0
0.000283 -0.000730 148.0
0.000283 -0.000729 149.0
0.000283 -0.000729 150.0
0.000283 -0.000728 151.0
0.000284 -0.000728 152.0
0.000284 -0.000727 153.0
0.000284 -0.000727 154.0
0.000284 -0.000726 155.0
0.000285 -0.000726 156.0
0.000285 -0.000725 157.0
0.000285 -0.000725 158.0
0.000288 -0.000727 159.0
0.000288 -0.000727 160.0
0.000288 -0.000727 161.0
0.000288 -0.000727 162.0
0.000288 -0.000727 163.0
0.000288 -0.000727 164.0
0.000288 -0.000727 165.0
0.000288 -0.000727 166.0
0.000288 -0.000727 167.0
0.000288 -0.000728 168.0
0.000288 -0.000728 169.0
0.000288 -0.000728 170.0
0.000288 -0.000728 171.0
0.000288 -0.000728 172.0
0.000288 -0.000728 173.0
0.000288 -0.000728 174.0
0.000289 -0.000728 175.0
0.000289 -0.000728 176.0
0.000289 -0.000728 177.0
0.000289 -0.000728 178.0
0.000289 -0.000729 179.0
0.000289 -0.000729 180.0
0.000289 -0.000729 181.0
0.000289 -0.000729 182.0
0.000289 -0.000729 183.0
0.000289 -0.000729 184.0
0.000289 -0.000729 185.0
0.000289 -0.000729 186.0
0.000289 -0.000729 187.0
0.000289 -0.000729 188.0
0.000289 -0.000729 189.0
0.000289 -0.000729 190.0
0.000289 -0.000730 191.0
0.000289 -0.000730 192.0
0.000289 -0.000730 193.0
0.000289 -0.000730 194.0
0.000289 -0.000730 195.0
0.000289 -0.000730 196.0
0.000289 -0.000730 197.0
0.000289 -0.000730 198.0
0.000289 -0.000730 199.0
0.000289 -0.000730 200.0
0.000289 -0.000730 201.0
0.000289 -0.000731 202.0
0.000289 -0.000731 203.0
0.000290 -0.000731 204.0
0.000290 -0.000731 205.0
0.000290 -0.000731 206.0
0.000290 -0.000731 207.0
0.000290 -0.000731 208.0
0.000290 -0.000731 209.0
0.000290 -0.000731 210.0
0.000290 -0.000731 211.0
0.000290 -0.000731 212.0
0.000290 -0.000732 213.0
0.000290 -0.000732 214.0
0.000290 -0.000732 215.0
0.000290 -0.000732 216.0
0.000290 -0.000732 217.0
0.000290 -0.000732 218.0
0.000290 -0.000732 219.0
0.000290 -0.000732 220.0
0.000290 -0.000732 221.0
0.000290 -0.000732 222.0
0.000290 -0.000732 223.0
0.000290 -0.000732 224.0
0.000290 -0.000733 225.0
0.000290 -0.000733 226.0
0.000290 -0.000733 227.0
0.000290 -0.000733 228.0
0.000290 -0.000733 229.0
0.000290 -0.000733 230.0
0.000290 -0.000733 231.0
0.000290 -0.000733 232.0
0.000290 -0.000733 233.0
0.000291 -0.000733 234.0
0.000291 -0.000733 235.0
0.000291 -0.000734 236.0
0.000291 -0.000734 237.0
0.000291 -0.000734 238.0
0.000291 -0.000734 239.0
0.000291 -0.000734 240.0
0.000291 -0.000734 241.0
0.000291 -0.000734 242.0
0.000291 -0.000734 243.0
0.000291 -0.000734 244.0
0.000291 -0.000734 245.0
0.000291 -0.000734 246.0
0.000291 -0.000734 247.0
0.000291 -0.000735 248.0
0.000291 -0.000735 249.0
0.000291 -0.000735 250.0
0.000291 -0.000735 251.0
0.000291 -0.000735 252.0
0.000291 -0.000735 253.0
0.000291 -0.000735 254.0
0.000291 -0.000735 255.0
0.000291 -0.000735 256.0
0.000291 -0.000735 257.0
0.000291 -0.000735 258.0
0.000291 -0.000736 259.0
0.000291 -0.000736 260.0
0.000291 -0.000736 261.0
0.000291 -0.000736 262.0
0.000291 -0.000736 263.0
0.000292 -0.000736 264.0
0.000292 -0.000736 265.0
0.000292 -0.000736 266.0
0.000292 -0.000736 267.0
0.000292 -0.000736 268.0
0.000292 -0.000736 269.0
0.000292 -0.000737 270.0
0.000292 -0.000737 271.0
0.000292 -0.000737 272.0
0.000292 -0.000737 273.0
0.000292 -0.000737 274.0
0.000292 -0.000737 275.0
0.000292 -0.000737 276.0
0.000292 -0.000737 277.0
0.000292 -0.000737 278.0
0.000292 -0.000737 279.0
0.000292 -0.000737 280.0
0.000292 -0.000737 281.0
0.000292 -0.000738 282.0
0.000292 -0.000738 283.0
0.000292 -0.000738 284.0
0.000292 -0.000738 285.0
0.000292 -0.000738 286.0
0.000292 -0.000738 287.0
0.000292 -0.000738 288.0
0.000292 -0.000738 289.0
0.000292 -0.000738 290.0
0.000292 -0.000738 291.0
0.000292 -0.000738 292.0
0.000293 -0.000739 293.0
0.000293 -0.000739 294.0
0.000293 -0.000739 295.0
0.000293 -0.000739 296.0
0.000293 -0.000739 297.0
0.000293 -0.000739 298.0
0.000293 -0.000739 299.0
0.000293 -0.000739 300.0
0.000293 -0.000739 301.0
0.000293 -0.000739 302.0
0.000293 -0.000739 303.0
0.000293 -0.000740 304.0
0.000293 -0.000740 305.0
0.000293 -0.000740 306.0
0.000293 -0.000740 307.0
0.000293 -0.000740 308.0
0.000293 -0.000740 309.0
0.000293 -0.000740 310.0
0.000293 -0.000740 311.0
0.000293 -0.000740 312.0
0.000293 -0.000740 313.0
0.000293 -0.000740 314.0
0.000293 -0.000740 315.0
0.000293 -0.000741 316.0
0.000293 -0.000741 317.0
0.000293 -0.000741 318.0
0.000293 -0.000741 319.0
0.000294 -0.000740 320.0
0.000293 -0.000740 321.0
0.000292 -0.000741 322.0
0.000290 -0.000741 323.0
0.000289 -0.000741 324.0
0.000287 -0.000741 325.0
0.000286 -0.000742 326.0
0.000286 -0.000741 327.0
0.000286 -0.000741 328.0
0.000285 -0.000741 329.0
0.000285 -0.000741 330.0
0.000285 -0.000741 331.0
0.000284 -0.000741 332.0
0.000284 -0.000741 333.0
0.000284 -0.000741 334.0
0.000283 -0.000741 335.0
0.000283 -0.000741 336.0
0.000283 -0.000741 337.0
0.000282 -0.000741 338.0
0.000282 -0.000741 339.0
0.000282 -0.000741 340.0
0.000281 -0.000741 341.0
0.000281 -0.000741 342.0
0.000281 -0.000741 343.0
0.000280 -0.000741 344.0
0.000280 -0.000741 345.0
0.000279 -0.000741 346.0
0.000279 -0.000741 347.0
0.000279 -0.000741 348.0
0.000278 -0.000741 349.0
0.000278 -0.000741 350.0
0.000278 -0.000741 351.0
0.000277 -0.000741 352.0
0.000277 -0.000741 353.0
0.000277 -0.000741 354.0
0.000276 -0.000741 355.0
0.000276 -0.000741 356.0
0.000276 -0.000741 357.0
0.000275 -0.000741 358.0
0.000275 -0.000741 359.0
0.000275 -0.000741 360.0
0.000274 -0.000741 361.0
0.000274 -0.000741 362.0
0.000274 -0.000741 363.0
0.000273 -0.000741 364.0
0.000273 -0.000742 365.0
0.000273 -0.000742 366.0
0.000272 -0.000742 367.0
0.000272 -0.000742 368.0
0.000272 -0.000742 369.0
0.000271 -0.000742 370.0
0.000271 -0.000742 371.0
0.000271 -0.000742 372.0
0.000270 -0.000742 373.0
0.000270 -0.000742 374.0
0.000269 -0.000742 375.0
0.000269 -0.000742 376.0
0.000269 -0.000742 377.0
0.000268 -0.000742 378.0
0.000268 -0.000742 379.0
0.000268 -0.000742 380.0
0.000268 -0.000742 381.0
0.000268 -0.000739 382.0
0.000269 -0.000737 383.0
0.000269 -0.000735 384.0
0.000270 -0.000733 385.0
0.000271 -0.000731 386.0
0.000271 -0.000729 387.0
0.000272 -0.000727 388.0
0.000272 -0.000725 389.0
0.000273 -0.000723 390.0
0.000273 -0.000721 391.0
0.000274 -0.000719 392.0
0.000274 -0.000717 393.0
0.000275 -0.000715 394.0
0.000276 -0.000713 395.0
0.000276 -0.000711 396.0
0.000277 -0.000709 397.0
0.000277 -0.000707 398.0
0.000278 -0.000705 399.0
0.000278 -0.000703 400.0
0.000279 -0.000701 401.0
0.000280 -0.000699 402.0
0.000280 -0.000697 403.0
0.000281 -0.000695 404.0
0.000281 -0.000693 405.0
0.000282 -0.000691 406.0
0.000282 -0.000689 407.0
0.000283 -0.000687 408.0
0.000284 -0.000685 409.0
0.000284 -0.000683 410.0
0.000285 -0.000681 411.0
0.000285 -0.000679 412.0
0.000286 -0.000677 413.0
0.000286 -0.000675 414.0
0.000287 -0.000673 415.0
0.000287 -0.000671 416.0
0.000288 -0.000668 417.0
0.000289 -0.000666 418.0
0.000289 -0.000664 419.0
0.000290 -0.000662 420.0
0.000290 -0.000660 421.0
0.000291 -0.000658 422.0
0.000291 -0.000656 423.0
0.000292 -0.000654 424.0
0.000293 -0.000652 425.0
0.000293 -0.000650 426.0
0.000294 -0.000648 427.0
0.000294 -0.000646 428.0
0.000295 -0.000644 429.0
0.000295 -0.000642 430.0
0.000296 -0.000640 431.0
0.000296 -0.000638 432.0
0.000297 -0.000636 433.0
0.000298 -0.000634 434.0
0.000298 -0.000632 435.0
0.000299 -0.000630 436.0
0.000299 -0.000628 437.0
0.000300 -0.000626 438.0
0.000300 -0.000624 439.0
0.000301 -0.000622 440.0
0.000302 -0.000620 441.0
0.000302 -0.000618 442.0
0.000303 -0.000616 443.0
0.000303 -0.000614 444.0
0.000304 -0.000612 445.0
0.000304 -0.000610 446.0
0.000305 -0.000608 447.0
0.000305 -0.000606 448.0
0.000306 -0.000604 449.0
0.000307 -0.000602 450.0
0.000307 -0.000599 451.0
0.000308 -0.000597 452.0
0.000308 -0.000595 453.0
0.000309 -0.000593 454.0
0.000309 -0.000591 455.0
0.000310 -0.000589 456.0
0.000311 -0.000587 457.0
0.000311 -0.000585 458.0
0.000312 -0.000583 459.0
0.000312 -0.000581 460.0
0.000313 -0.000579 461.0
0.000313 -0.000577 462.0
0.000314 -0.000575 463.0
0.000314 -0.000573 464.0
0.000315 -0.000571 465.0
0.000316 -0.000569 466.0
0.000316 -0.000567 467.0
0.000317 -0.000565 468.0
0.000317 -0.000563 469.0
0.000318 -0.000561 470.0
0.000318 -0.000559 471.0
0.000319 -0.000557 472.0
0.000320 -0.000555 473.0
0.000320 -0.000553 474.0
0.000321 -0.000551 475.0
0.000321 -0.000549 476.0
0.000322 -0.000547 477.0
0.000322 -0.000545 478.0
0.000323 -0.000543 479.0
0.000323 -0.000541 480.0
0.000324 -0.000539 481.0
0.000325 -0.000537 482.0
0.000325 -0.000535 483.0
0.000326 -0.000533 484.0
0.000326 -0.000530 485.0
0.000327 -0.000528 486.0
0.000327 -0.000526 487.0
0.000328 -0.000524 488.0
0.000329 -0.000522 489.0
0.000329 -0.000520 490.0
0.000330 -0.000518 491.0
0.000330 -0.000516 492.0
0.000344 -0.000523 493.0
0.000346 -0.000522 494.0
0.000349 -0.000521 495.0
0.000351 -0.000520 496.0
0.000353 -0.000519 497.0
0.000356 -0.000518 498.0
0.000358 -0.000517 499.0
0.000360 -0.000516 500.0
0.000363 -0.000515 501.0
0.000365 -0.000514 502.0
0.000368 -0.000513 503.0
0.000370 -0.000512 504.0
0.000372 -0.000511 505.0
0.000375 -0.000509 506.0
0.000377 -0.000508 507.0
0.000379 -0.000507 508.0
0.000382 -0.000506 509.0
0.000384 -0.000505 510.0
0.000386 -0.000504 511.0
0.000389 -0.000503 512.0
0.000391 -0.000502 513.0
0.000394 -0.000501 514.0
0.000396 -0.000500 515.0
0.000398 -0.000499 516.0
0.000401 -0.000498 517.0
0.000403 -0.000497 518.0
0.000405 -0.000496 519.0
0.000408 -0.000495 520.0
0.000410 -0.000494 521.0
0.000412 -0.000493 522.0
0.000415 -0.000492 523.0
0.000417 -0.000491 524.0
0.000420 -0.000490 525.0
0.000422 -0.000489 526.0
0.000424 -0.000488 527.0
0.000427 -0.000487 528.0
0.000429 -0.000486 529.0
0.000431 -0.000485 530.0
0.000434 -0.000484 531.0
0.000436 -0.000483 532.0
0.000438 -0.000481 533.0
0.000441 -0.000480 534.0
0.000443 -0.000479 535.0
0.000445 -0.000488 536.0
0.000447 -0.000488 537.0
0.000448 -0.000488 538.0
0.000450 -0.000489 539.0
0.000452 -0.000489 540.0
0.000453 -0.000489 541.0
0.000455 -0.000490 542.0
0.000457 -0.000490 543.0
0.000458 -0.000490 544.0
0.000460 -0.000491 545.0
0.000461 -0.000491 546.0
0.000463 -0.000492 547.0
0.000465 -0.000492 548.0
0.000466 -0.000492 549.0
0.000468 -0.000493 550.0
0.000470 -0.000493 551.0
0.000471 -0.000493 552.0
0.000473 -0.000494 553.0
0.000474 -0.000494 554.0
0.000476 -0.000494 555.0
0.000478 -0.000495 556.0
0.000479 -0.000495 557.0
0.000481 -0.000495 558.0
0.000483 -0.000496 559.0
0.000484 -0.000496 560.0
0.000486 -0.000497 561.0
0.000487 -0.000497 562.0
0.000489 -0.000497 563.0
0.000491 -0.000498 564.0
0.000492 -0.000498 565.0
0.000494 -0.000498 566.0
0.000496 -0.000499 567.0
0.000497 -0.000499 568.0
0.000499 -0.000499 569.0
0.000500 -0.000500 570.0
0.000502 -0.000500 571.0
0.000504 -0.000500 572.0
0.000505 -0.000501 573.0
0.000507 -0.000501 574.0
0.000509 -0.000502 575.0
0.000510 -0.000502 576.0
0.000512 -0.000502 577.0
0.000513 -0.000503 578.0
0.000515 -0.000503 579.0
0.000517 -0.000503 580.0
0.000518 -0.000504 581.0
0.000520 -0.000504 582.0
0.000522 -0.000504 583.0
0.000523 -0.000505 584.0
0.000525 -0.000505 585.0
0.000526 -0.000505 586.0
0.000528 -0.000506 587.0
0.000530 -0.000506 588.0
0.000531 -0.000507 589.0
0.000533 -0.000507 590.0
0.000535 -0.000507 591.0
0.000536 -0.000508 592.0
0.000538 -0.000508 593.0
0.000539 -0.000508 594.0
0.000541 -0.000509 595.0
0.000543 -0.000509 596.0
0.000544 -0.000509 597.0
0.000546 -0.000510 598.0
0.000548 -0.000510 599.0
0.000549 -0.000510 600.0
0.000550 -0.000506 601.0
0.000550 -0.000507 602.0
0.000551 -0.000507 603.0
0.000551 -0.000508 604.0
0.000552 -0.000508 605.0
0.000552 -0.000509 606.0
0.000553 -0.000510 607.0
0.000554 -0.000510 608.0
0.000554 -0.000511 609.0
0.000555 -0.000512 610.0
0.000555 -0.000512 611.0
0.000556 -0.000513 612.0
0.000556 -0.000514 613.0
0.000557 -0.000514 614.0
0.000557 -0.000515 615.0
0.000558 -0.000515 616.0
0.000558 -0.000516 617.0
0.000559 -0.000517 618.0
0.000560 -0.000517 619.0
0.000560 -0.000518 620.0
0.000561 -0.000519 621.0
0.000561 -0.000519 622.0
0.000562 -0.000520 623.0
0.000562 -0.000521 624.0
0.000563 -0.000521 625.0
0.000563 -0.000522 626.0
0.000564 -0.000522 627.0
0.000565 -0.000523 628.0
0.000565 -0.000524 629.0
0.000566 -0.000524 630.0
0.000566 -0.000525 631.0
0.000567 -0.000526 632.0
0.000567 -0.000526 633.0
0.000568 -0.000527 634.0
0.000568 -0.000528 635.0
0.000569 -0.000528 636.0
0.000569 -0.000529 637.0
0.000570 -0.000529 638.0
0.000571 -0.000530 639.0
0.000571 -0.000531 640.0
0.000572 -0.000531 641.0
0.000572 -0.000532 642.0
0.000573 -0.000533 643.0
0.000573 -0.000533 644.0
0.000574 -0.000534 645.0
0.000574 -0.000535 646.0
0.000575 -0.000535 647.0
0.000575 -0.000536 648.0
0.000576 -0.000536 649.0
0.000577 -0.000537 650.0
0.000577 -0.000538 651.0
0.000578 -0.000538 652.0
0.000578 -0.000539 653.0
0.000581 -0.000535 654.0
0.000581 -0.000535 655.0
0.000582 -0.000535 656.0
0.000582 -0.000535 657.0
0.000583 -0.000536 658.0
0.000583 -0.000536 659.0
0.000583 -0.000536 660.0
0.000584 -0.000536 661.0
0.000584 -0.000536 662.0
0.000585 -0.000536 663.0
0.000585 -0.000537 664.0
0.000585 -0.000537 665.0
0.000586 -0.000537 666.0
0.000586 -0.000537 667.0
0.000587 -0.000537 668.0
0.000587 -0.000537 669.0
0.000587 -0.000538 670.0
0.000588 -0.000538 671.0
0.000588 -0.000538 672.0
0.000588 -0.000538 673.0
0.000589 -0.000538 674.0
0.000589 -0.000538 675.0
0.000590 -0.000539 676.0
0.000590 -0.000539 677.0
0.000590 -0.000539 678.0
0.000591 -0.000539 679.0
0.000591 -0.000539 680.0
0.000592 -0.000539 681.0
0.000592 -0.000540 682.0
0.000592 -0.000540 683.0
0.000593 -0.000540 684.0
0.000593 -0.000540 685.0
0.000594 -0.000540 686.0
0.000594 -0.000541 687.0
0.000594 -0.000541 688.0
0.000595 -0.000541 689.0
0.000595 -0.000541 690.0
0.000596 -0.000541 691.0
0.000596 -0.000541 692.0
0.000596 -0.000542 693.0
0.000597 -0.000542 694.0
0.000597 -0.000542 695.0
0.000598 -0.000542 696.0
0.000598 -0.000542 697.0
0.000598 -0.000542 698.0
0.000599 -0.000543 699.0
0.000599 -0.000543 700.0
0.000600 -0.000543 701.0
0.000600 -0.000543 702.0
0.000600 -0.000543 703.0
0.000601 -0.000543 704.0
0.000601 -0.000544 705.0
0.000602 -0.000544 706.0
0.000602 -0.000544 707.0
0.000602 -0.000544 708.0
0.000603 -0.000544 709.0
0.000603 -0.000544 710.0
0.000604 -0.000545 711.0
0.000604 -0.000545 712.0
0.000604 -0.000545 713.0
0.000605 -0.000545 714.0
0.000605 -0.000543 715.0
0.000605 -0.000543 716.0
0.000606 -0.000543 717.0
0.000606 -0.000542 718.0
0.000606 -0.000542 719.0
0.000606 -0.000542 720.0
0.000606 -0.000542 721.0
0.000606 -0.000541 722.0
0.000607 -0.000541 723.0
0.000607 -0.000541 724.0
0.000607 -0.000541 725.0
0.000607 -0.000540 726.0
0.000607 -0.000540 727.0
0.000607 -0.000540 728.0
0.000608 -0.000540 729.0
0.000608 -0.000539 730.0
0.000608 -0.000539 731.0
0.000608 -0.000539 732.0
0.000608 -0.000539 733.0
0.000608 -0.000538 734.0
0.000609 -0.000538 735.0
0.000609 -0.000538 736.0
0.000609 -0.000538 737.0
0.000609 -0.000538 738.0
0.000609 -0.000537 739.0
0.000609 -0.000537 740.0
0.000610 -0.000537 741.0
0.000610 -0.000537 742.0
0.000610 -0.000536 743.0
0.000610 -0.000536 744.0
0.000610 -0.000536 745.0
0.000610 -0.000536 746.0
0.000611 -0.000535 747.0
0.000611 -0.000535 748.0
0.000611 -0.000535 749.0
0.000611 -0.000535 750.0
0.000611 -0.000534 751.0
0.000611 -0.000534 752.0
0.000612 -0.000534 753.0
0.000612 -0.000534 754.0
0.000612 -0.000533 755.0
0.000612 -0.000533 756.0
0.000612 -0.000533 757.0
0.000612 -0.000533 758.0
0.000613 -0.000532 759.0
0.000613 -0.000532 760.0
0.000613 -0.000532 761.0
0.000613 -0.000532 762.0
0.000613 -0.000531 763.0
0.000613 -0.000531 764.0
0.000614 -0.000531 765.0
0.000614 -0.000531 766.0
0.000614 -0.000530 767.0
0.000614 -0.000530 768.0
0.000614 -0.000530 769.0
0.000614 -0.000530 770.0
0.000615 -0.000529 771.0
0.000615 -0.000529 772.0
0.000615 -0.000529 773.0
0.000615 -0.000529 774.0
0.000615 -0.000528 775.0
0.000615 -0.000528 776.0
0.000617 -0.000530 777.0
0.000617 -0.000529 778.0
0.000617 -0.000529 779.0
0.000617 -0.000528 780.0
0.000618 -0.000528 781.0
0.000618 -0.000527 782.0
0.000618 -0.000527 783.0
0.000618 -0.000527 784.0
0.000619 -0.000526 785.0
0.000619 -0.000526 786.0
0.000619 -0.000525 787.0
0.000620 -0.000525 788.0
0.000620 -0.000524 789.0
0.000620 -0.000524 790.0
0.000620 -0.000524 791.0
0.000621 -0.000523 792.0
0.000621 -0.000523 793.0
0.000621 -0.000522 794.0
0.000621 -0.000522 795.0
0.000622 -0.000521 796.0
0.000622 -0.000521 797.0
0.000622 -0.000521 798.0
0.000622 -0.000520 799.0
0.000623 -0.000520 800.0
0.000623 -0.000519 801.0
0.000623 -0.000519 802.0
0.000624 -0.000519 803.0
0.000624 -0.000518 804.0
0.000624 -0.000518 805.0
0.000624 -0.000517 806.0
0.000625 -0.000517 807.0
0.000625 -0.000516 808.0
0.000625 -0.000516 809.0
0.000625 -0.000516 810.0
0.000626 -0.000515 811.0
0.000626 -0.000515 812.0
0.000626 -0.000514 813.0
0.000626 -0.000514 814.0
0.000627 -0.000513 815.0
0.000627 -0.000513 816.0
0.000627 -0.000513 817.0
0.000627 -0.000512 818.0
0.000628 -0.000512 819.0
0.000628 -0.000511 820.0
0.000628 -0.000511 821.0
0.000629 -0.000510 822.0
0.000629 -0.000510 823.0
0.000629 -0.000510 824.0
0.000629 -0.000509 825.0
0.000630 -0.000509 826.0
0.000630 -0.000508 827.0
0.000630 -0.000508 828.0
0.000630 -0.000507 829.0
0.000631 -0.000507 830.0
0.000631 -0.000507 831.0
0.000631 -0.000506 832.0
0.000631 -0.000506 833.0
0.000632 -0.000505 834.0
0.000632 -0.000505 835.0
0.000632 -0.000504 836.0
0.000634 -0.000507 837.0
0.000635 -0.000506 838.0
0.000636 -0.000505 839.0
0.000636 -0.000504 840.0
0.000637 -0.000503 841.0
0.000637 -0.000503 842.0
0.000638 -0.000502 843.0
0.000638 -0.000501 844.0
0.000639 -0.000500 845.0
0.000639 -0.000499 846.0
0.000640 -0.000498 847.0
0.000640 -0.000497 848.0
0.000641 -0.000497 849.0
0.000642 -0.000496 850.0
0.000642 -0.000495 851.0
0.000643 -0.000494 852.0
0.000643 -0.000493 853.0
0.000644 -0.000492 854.0
0.000644 -0.000492 855.0
0.000645 -0.000491 856.0
0.000645 -0.000490 857.0
0.000646 -0.000489 858.0
0.000646 -0.000488 859.0
0.000647 -0.000487 860.0
0.000648 -0.000486 861.0
0.000648 -0.000486 862.0
0.000649 -0.000485 863.0
0.000649 -0.000484 864.0
0.000650 -0.000483 865.0
0.000650 -0.000482 866.0
0.000651 -0.000481 867.0
0.000651 -0.000480 868.0
0.000652 -0.000480 869.0
0.000652 -0.000479 870.0
0.000653 -0.000478 871.0
0.000654 -0.000477 872.0
0.000654 -0.000476 873.0
0.000655 -0.000475 874.0
0.000655 -0.000475 875.0
0.000656 -0.000474 876.0
0.000656 -0.000473 877.0
0.000657 -0.000472 878.0
0.000657 -0.000471 879.0
0.000658 -0.000470 880.0
0.000659 -0.000469 881.0
0.000659 -0.000469 882.0
0.000660 -0.000468 883.0
0.000660 -0.000467 884.0
0.000661 -0.000466 885.0
0.000661 -0.000465 886.0
0.000662 -0.000464 887.0
0.000662 -0.000464 888.0
0.000663 -0.000463 889.0
0.000663 -0.000462 890.0
0.000664 -0.000461 891.0
0.000665 -0.000460 892.0
0.000665 -0.000459 893.0
0.000666 -0.000458 894.0
0.000666 -0.000458 895.0
0.000667 -0.000457 896.0
0.000671 -0.000462 897.0
0.000671 -0.000462 898.0
0.000672 -0.000462 899.0
0.000672 -0.000462 900.0
0.000672 -0.000462 901.0
0.000672 -0.000462 902.0
0.000673 -0.000462 903.0
0.000673 -0.000463 904.0
0.000673 -0.000463 905.0
0.000673 -0.000463 906.0
0.000674 -0.000463 907.0
0.000674 -0.000463 908.0
0.000674 -0.000463 909.0
0.000674 -0.000463 910.0
0.000675 -0.000464 911.0
0.000675 -0.000464 912.0
0.000675 -0.000464 913.0
0.000675 -0.000464 914.0
0.000675 -0.000464 915.0
0.000676 -0.000464 916.0
0.000676 -0.000464 917.0
0.000676 -0.000465 918.0
0.000676 -0.000465 919.0
0.000677 -0.000465 920.0
0.000677 -0.000465 921.0
0.000677 -0.000465 922.0
0.000677 -0.000465 923.0
0.000678 -0.000465 924.0
0.000678 -0.000465 925.0
0.000678 -0.000466 926.0
0.000678 -0.000466 927.0
0.000679 -0.000466 928.0
0.000679 -0.000466 929.0
0.000679 -0.000466 930.0
0.000679 -0.000466 931.0
0.000680 -0.000466 932.0
0.000680 -0.000467 933.0
0.000680 -0.000467 934.0
0.000680 -0.000467 935.0
0.000681 -0.000467 936.0
0.000681 -0.000467 937.0
0.000681 -0.000467 938.0
0.000681 -0.000467 939.0
0.000682 -0.000468 940.0
0.000682 -0.000468 941.0
0.000682 -0.000468 942.0
0.000682 -0.000468 943.0
0.000683 -0.000468 944.0
0.000683 -0.000468 945.0
0.000683 -0.000468 946.0
0.000684 -0.000467 947.0
0.000684 -0.000468 948.0
0.000684 -0.000468 949.0
0.000684 -0.000468 950.0
0.000684 -0.000469 951.0
0.000684 -0.000469 952.0
0.000684 -0.000469 953.0
0.000684 -0.000470 954.0
0.000684 -0.000470 955.0
0.000684 -0.000471 956.0
0.000684 -0.000471 957.0
0.000684 -0.000471 958.0
0.000684 -0.000472 959.0
0.000684 -0.000472 960.0
0.000684 -0.000472 961.0
0.000684 -0.000473 962.0
0.000684 -0.000473 963.0
0.000684 -0.000473 964.0
0.000684 -0.000474 965.0
0.000684 -0.000474 966.0
0.000684 -0.000475 967.0
0.000684 -0.000475 968.0
0.000684 -0.000475 969.0
0.000684 -0.000476 970.0
0.000684 -0.000476 971.0
0.000684 -0.000476 972.0
0.000684 -0.000477 973.0
0.000684 -0.000477 974.0
0.000684 -0.000477 975.0
0.000684 -0.000478 976.0
0.000684 -0.000478 977.0
0.000684 -0.000479 978.0
0.000684 -0.000479 979.0
0.000684 -0.000479 980.0
0.000685 -0.000480 981.0
0.000685 -0.000480 982.0
0.000685 -0.000480 983.0
0.000685 -0.000481 984.0
0.000685 -0.000481 985.0
0.000685 -0.000482 986.0
0.000685 -0.000482 987.0
0.000685 -0.000482 988.0
0.000685 -0.000483 989.0
0.000685 -0.000483 990.0
0.000685 -0.000483 991.0
0.000685 -0.000484 992.0
0.000685 -0.000484 993.0
0.000685 -0.000484 994.0
0.000685 -0.000485 995.0
0.000685 -0.000485 996.0
0.000685 -0.000486 997.0
0.000685 -0.000486 998.0
0.000685 -0.000486 999.0
0.000685 -0.000487 1000.0
0.000685 -0.000487 1001.0
0.000685 -0.000487 1002.0
0.000685 -0.000488 1003.0
0.000685 -0.000488 1004.0
0.000685 -0.000488 1005.0
0.000685 -0.000489 1006.0
0.000685 -0.000489 1007.0
0.000685 -0.000490 1008.0
0.000685 -0.000490 1009.0
0.000685 -0.000490 1010.0
0.000686 -0.000490 1011.0
0.000685 -0.000491 1012.0
0.000685 -0.000492 1013.0
0.000684 -0.000493 1014.0
0.000684 -0.000493 1015.0
0.000683 -0.000494 1016.0
0.000683 -0.000495 1017.0
0.000682 -0.000496 1018.0
0.000682 -0.000497 1019.0
0.000681 -0.000498 1020.0
0.000681 -0.000498 1021.0
0.000680 -0.000499 1022.0
0.000680 -0.000500 1023.0
0.000679 -0.000501 1024.0
0.000679 -0.000502 1025.0
0.000678 -0.000502 1026.0
0.000678 -0.000503 1027.0
0.000677 -0.000504 1028.0
0.000676 -0.000505 1029.0
0.000676 -0.000506 1030.0
0.000675 -0.000506 1031.0
0.000675 -0.000507 1032.0
0.000674 -0.000508 1033.0
0.000674 -0.000509 1034.0
0.000673 -0.000510 1035.0
0.000673 -0.000510 1036.0
0.000672 -0.000511 1037.0
0.000672 -0.000512 1038.0
0.000671 -0.000513 1039.0
0.000671 -0.000514 1040.0
0.000670 -0.000514 1041.0
0.000670 -0.000515 1042.0
0.000669 -0.000516 1043.0
0.000669 -0.000517 1044.0
0.000668 -0.000518 1045.0
0.000668 -0.000519 1046.0
0.000667 -0.000519 1047.0
0.000667 -0.000520 1048.0
0.000666 -0.000521 1049.0
0.000666 -0.000522 1050.0
0.000665 -0.000523 1051.0
0.000665 -0.000523 1052.0
0.000664 -0.000524 1053.0
0.000664 -0.000525 1054.0
0.000663 -0.000526 1055.0
0.000662 -0.000527 1056.0
0.000662 -0.000527 1057.0
0.000661 -0.000528 1058.0
0.000661 -0.000529 1059.0
0.000660 -0.000530 1060.0
0.000660 -0.000531 1061.0
0.000659 -0.000531 1062.0
0.000659 -0.000532 1063.0
0.000658 -0.000533 1064.0
0.000658 -0.000534 1065.0
0.000654 -0.000530 1066.0
0.000653 -0.000531 1067.0
0.000653 -0.000531 1068.0
0.000652 -0.000532 1069.0
0.000652 -0.000533 1070.0
0.000651 -0.000534 1071.0
0.000651 -0.000535 1072.0
0.000650 -0.000536 1073.0
0.000650 -0.000537 1074.0
0.000649 -0.000538 1075.0
0.000648 -0.000539 1076.0
0.000648 -0.000540 1077.0
0.000647 -0.000540 1078.0
0.000647 -0.000541 1079.0
0.000646 -0.000542 1080.0
0.000646 -0.000543 1081.0
0.000645 -0.000544 1082.0
0.000644 -0.000545 1083.0
0.000644 -0.000546 1084.0
0.000643 -0.000547 1085.0
0.000643 -0.000548 1086.0
0.000642 -0.000548 1087.0
0.000642 -0.000549 1088.0
0.000641 -0.000550 1089.0
0.000641 -0.000551 1090.0
0.000640 -0.000552 1091.0
0.000639 -0.000553 1092.0
0.000639 -0.000554 1093.0
0.000638 -0.000555 1094.0
0.000638 -0.000556 1095.0
0.000637 -0.000557 1096.0
0.000637 -0.000557 1097.0
0.000636 -0.000558 1098.0
0.000635 -0.000559 1099.0
0.000635 -0.000560 1100.0
0.000634 -0.000561 1101.0
0.000634 -0.000562 1102.0
0.000633 -0.000563 1103.0
0.000633 -0.000564 1104.0
0.000632 -0.000565 1105.0
0.000631 -0.000566 1106.0
0.000631 -0.000566 1107.0
0.000630 -0.000567 1108.0
0.000630 -0.000568 1109.0
0.000629 -0.000569 1110.0
0.000629 -0.000570 1111.0
0.000628 -0.000571 1112.0
0.000628 -0.000572 1113.0
0.000627 -0.000573 1114.0
0.000626 -0.000574 1115.0
0.000626 -0.000574 1116.0
0.000625 -0.000575 1117.0
0.000625 -0.000576 1118.0
0.000624 -0.000577 1119.0
0.000624 -0.000578 1120.0
0.000623 -0.000579 1121.0
0.000622 -0.000580 1122.0
0.000622 -0.000581 1123.0
0.000621 -0.000582 1124.0
0.000621 -0.000583 1125.0
0.000616 -0.000577 1126.0
0.000616 -0.000578 1127.0
0.000616 -0.000578 1128.0
0.000615 -0.000579 1129.0
0.000615 -0.000579 1130.0
0.000615 -0.000580 1131.0
0.000615 -0.000580 1132.0
0.000614 -0.000581 1133.0
0.000614 -0.000581 1134.0
0.000614 -0.000581 1135.0
0.000613 -0.000582 1136.0
0.000613 -0.000582 1137.0
0.000613 -0.000583 1138.0
0.000613 -0.000583 1139.0
0.000612 -0.000584 1140.0
0.000612 -0.000584 1141.0
0.000612 -0.000584 1142.0
0.000611 -0.000585 1143.0
0.000611 -0.000585 1144.0
0.000611 -0.000586 1145.0
0.000611 -0.000586 1146.0
0.000610 -0.000587 1147.0
0.000610 -0.000587 1148.0
0.000610 -0.000587 1149.0
0.000610 -0.000588 1150.0
0.000609 -0.000588 1151.0
0.000609 -0.000589 1152.0
0.000609 -0.000589 1153.0
0.000608 -0.000590 1154.0
0.000608 -0.000590 1155.0
0.000608 -0.000591 1156.0
0.000608 -0.000591 1157.0
0.000607 -0.000591 1158.0
0.000607 -0.000592 1159.0
0.000607 -0.000592 1160.0
0.000607 -0.000593 1161.0
0.000606 -0.000593 1162.0
0.000606 -0.000594 1163.0
0.000606 -0.000594 1164.0
0.000605 -0.000594 1165.0
0.000605 -0.000595 1166.0
0.000605 -0.000595 1167.0
0.000605 -0.000596 1168.0
0.000604 -0.000596 1169.0
0.000604 -0.000597 1170.0
0.000604 -0.000597 1171.0
0.000603 -0.000597 1172.0
0.000603 -0.000598 1173.0
0.000603 -0.000598 1174.0
0.000603 -0.000599 1175.0
0.000602 -0.000599 1176.0
0.000602 -0.000600 1177.0
0.000602 -0.000600 1178.0
0.000602 -0.000600 1179.0
0.000601 -0.000601 1180.0
0.000601 -0.000601 1181.0
0.000601 -0.000602 1182.0
0.000600 -0.000602 1183.0
0.000600 -0.000603 1184.0
0.000600 -0.000603 1185.0
0.000600 -0.000604 1186.0
0.000599 -0.000604 1187.0
0.000599 -0.000604 1188.0
0.000599 -0.000605 1189.0
0.000599 -0.000605 1190.0
0.000598 -0.000606 1191.0
0.000598 -0.000606 1192.0
0.000598 -0.000607 1193.0
0.000597 -0.000607 1194.0
0.000597 -0.000607 1195.0
0.000597 -0.000608 1196.0
0.000597 -0.000608 1197.0
0.000596 -0.000609 1198.0
0.000596 -0.000609 1199.0
0.000596 -0.000610 1200.0
0.000593 -0.000607 1201.0
0.000592 -0.000607 1202.0
0.000592 -0.000607 1203.0
0.000591 -0.000608 1204.0
0.000591 -0.000608 1205.0
0.000590 -0.000608 1206.0
0.000590 -0.000609 1207.0
0.000590 -0.000609 1208.0
0.000589 -0.000610 1209.0
0.000589 -0.000610 1210.0
0.000588 -0.000610 1211.0
0.000588 -0.000611 1212.0
0.000587 -0.000611 1213.0
0.000587 -0.000612 1214.0
0.000586 -0.000612 1215.0
0.000586 -0.000612 1216.0
0.000585 -0.000613 1217.0
0.000585 -0.000613 1218.0
0.000584 -0.000613 1219.0
0.000584 -0.000614 1220.0
0.000583 -0.000614 1221.0
0.000583 -0.000615 1222.0
0.000582 -0.000615 1223.0
0.000582 -0.000615 1224.0
0.000581 -0.000616 1225.0
0.000581 -0.000616 1226.0
0.000580 -0.000617 1227.0
0.000580 -0.000617 1228.0
0.000579 -0.000617 1229.0
0.000579 -0.000618 1230.0
0.000578 -0.000618 1231.0
0.000578 -0.000619 1232.0
0.000577 -0.000619 1233.0
0.000577 -0.000619 1234.0
0.000576 -0.000620 1235.0
0.000576 -0.000620 1236.0
0.000575 -0.000620 1237.0
0.000575 -0.000621 1238.0
0.000574 -0.000621 1239.0
0.000574 -0.000622 1240.0
0.000573 -0.000622 1241.0
0.000573 -0.000622 1242.0
0.000572 -0.000623 1243.0
0.000572 -0.000623 1244.0
0.000571 -0.000624 1245.0
0.000571 -0.000624 1246.0
0.000569 -0.000621 1247.0
0.000568 -0.000621 1248.0
0.000567 -0.000621 1249.0
0.000566 -0.000621 1250.0
0.000565 -0.000621 1251.0
0.000564 -0.000621 1252.0
0.000563 -0.000621 1253.0
0.000562 -0.000621 1254.0
0.000561 -0.000621 1255.0
0.000560 -0.000621 1256.0
0.000559 -0.000621 1257.0
0.000558 -0.000621 1258.0
0.000556 -0.000621 1259.0
0.000555 -0.000621 1260.0
0.000554 -0.000621 1261.0
0.000553 -0.000620 1262.0
0.000552 -0.000620 1263.0
0.000551 -0.000620 1264.0
0.000550 -0.000620 1265.0
0.000549 -0.000620 1266.0
0.000548 -0.000620 1267.0
0.000547 -0.000620 1268.0
0.000546 -0.000620 1269.0
0.000545 -0.000620 1270.0
0.000544 -0.000620 1271.0
0.000542 -0.000620 1272.0
0.000541 -0.000620 1273.0
0.000540 -0.000620 1274.0
0.000539 -0.000620 1275.0
0.000538 -0.000620 1276.0
0.000537 -0.000620 1277.0
0.000536 -0.000620 1278.0
0.000535 -0.000620 1279.0
0.000534 -0.000620 1280.0
0.000533 -0.000620 1281.0
0.000532 -0.000620 1282.0
0.000531 -0.000620 1283.0
0.000530 -0.000620 1284.0
0.000528 -0.000619 1285.0
0.000527 -0.000619 1286.0
0.000526 -0.000619 1287.0
0.000525 -0.000619 1288.0
0.000524 -0.000619 1289.0
0.000523 -0.000619 1290.0
0.000522 -0.000619 1291.0
0.000521 -0.000619 1292.0
0.000520 -0.000619 1293.0
0.000519 -0.000619 1294.0
0.000518 -0.000619 1295.0
0.000517 -0.000619 1296.0
0.000516 -0.000619 1297.0
0.000514 -0.000619 1298.0
0.000513 -0.000619 1299.0
0.000512 -0.000619 1300.0
0.000511 -0.000619 1301.0
0.000510 -0.000619 1302.0
0.000509 -0.000619 1303.0
0.000508 -0.000619 1304.0
0.000507 -0.000619 1305.0
0.000506 -0.000619 1306.0
0.000506 -0.000619 1307.0
0.000506 -0.000619 1308.0
0.000506 -0.000619 1309.0
0.000505 -0.000619 1310.0
0.000505 -0.000619 1311.0
0.000505 -0.000619 1312.0
0.000505 -0.000619 1313.0
0.000505 -0.000619 1314.0
0.000505 -0.000619 1315.0
0.000505 -0.000619 1316.0
0.000505 -0.000619 1317.0
0.000504 -0.000619 1318.0
0.000504 -0.000619 1319.0
0.000504 -0.000619 1320.0
0.000504 -0.000619 1321.0
0.000504 -0.000619 1322.0
0.000504 -0.000619 1323.0
0.000504 -0.000620 1324.0
0.000504 -0.000620 1325.0
0.000504 -0.000620 1326.0
0.000503 -0.000620 1327.0
0.000503 -0.000620 1328.0
0.000503 -0.000620 1329.0
0.000503 -0.000620 1330.0
0.000503 -0.000620 1331.0
0.000503 -0.000620 1332.0
0.000503 -0.000620 1333.0
0.000503 -0.000620 1334.0
0.000502 -0.000620 1335.0
0.000502 -0.000620 1336.0
0.000502 -0.000620 1337.0
0.000502 -0.000620 1338.0
0.000502 -0.000620 1339.0
0.000502 -0.000620 1340.0
0.000502 -0.000620 1341.0
0.000502 -0.000620 1342.0
0.000501 -0.000620 1343.0
0.000501 -0.000620 1344.0
0.000501 -0.000620 1345.0
0.000501 -0.000620 1346.0
0.000501 -0.000620 1347.0
0.000501 -0.000620 1348.0
0.000501 -0.000620 1349.0
0.000501 -0.000620 1350.0
0.000501 -0.000620 1351.0
0.000500 -0.000620 1352.0
0.000500 -0.000620 1353.0
0.000500 -0.000620 1354.0
0.000500 -0.000620 1355.0
0.000500 -0.000620 1356.0
0.000500 -0.000620 1357.0
0.000500 -0.000620 1358.0
0.000500 -0.000620 1359.0
0.000499 -0.000620 1360.0
0.000499 -0.000620 1361.0
0.000499 -0.000620 1362.0
0.000499 -0.000621 1363.0
0.000499 -0.000621 1364.0
0.000499 -0.000621 1365.0
0.000499 -0.000621 1366.0
0.000499 -0.000621 1367.0
0.000499 -0.000620 1368.0
0.000498 -0.000620 1369.0
0.000498 -0.000620 1370.0
0.000498 -0.000620 1371.0
0.000497 -0.000620 1372.0
0.000497 -0.000620 1373.0
0.000497 -0.000620 1374.0
0.000496 -0.000620 1375.0
0.000496 -0.000620 1376.0
0.000496 -0.000620 1377.0
0.000496 -0.000620 1378.0
0.000496 -0.000620 1379.0
0.000496 -0.000620 1380.0
0.000497 -0.000620 1381.0
0.000497 -0.000620 1382.0
0.000497 -0.000620 1383.0
0.000497 -0.000620 1384.0
0.000497 -0.000620 1385.0
0.000498 -0.000620 1386.0
0.000498 -0.000620 1387.0
0.000498 -0.000620 1388.0
0.000498 -0.000620 1389.0
0.000499 -0.000620 1390.0
0.000499 -0.000620 1391.0
0.000499 -0.000620 1392.0
0.000499 -0.000620 1393.0
0.000500 -0.000620 1394.0
0.000500 -0.000620 1395.0
0.000500 -0.000620 1396.0
0.000500 -0.000620 1397.0
0.000500 -0.000620 1398.0
0.000501 -0.000620 1399.0
0.000501 -0.000620 1400.0
0.000501 -0.000620 1401.0
0.000501 -0.000620 1402.0
0.000502 -0.000620 1403.0
0.000502 -0.000620 1404.0
0.000502 -0.000620 1405.0
0.000502 -0.000620 1406.0
0.000503 -0.000620 1407.0
0.000503 -0.000620 1408.0
0.000503 -0.000620 1409.0
0.000503 -0.000620 1410.0
0.000503 -0.000620 1411.0
0.000504 -0.000620 1412.0
0.000504 -0.000620 1413.0
0.000504 -0.000620 1414.0
0.000504 -0.000620 1415.0
0.000505 -0.000620 1416.0
0.000505 -0.000620 1417.0
0.000505 -0.000620 1418.0
0.000505 -0.000620 1419.0
0.000506 -0.000620 1420.0
0.000506 -0.000620 1421.0
0.000506 -0.000620 1422.0
0.000506 -0.000620 1423.0
0.000506 -0.000620 1424.0
0.000507 -0.000620 1425.0
0.000507 -0.000620 1426.0
0.000507 -0.000620 1427.0
0.000507 -0.000620 1428.0
0.000508 -0.000620 1429.0
0.000508 -0.000620 1430.0
0.000508 -0.000620 1431.0
0.000508 -0.000620 1432.0
0.000509 -0.000620 1433.0
0.000509 -0.000620 1434.0
0.000509 -0.000620 1435.0
0.000509 -0.000620 1436.0
0.000509 -0.000620 1437.0
0.000509 -0.000620 1438.0
0.000510 -0.000620 1439.0
0.000511 -0.000620 1440.0
0.000511 -0.000620 1441.0
0.000512 -0.000620 1442.0
0.000512 -0.000620 1443.0
0.000513 -0.000620 1444.0
0.000513 -0.000620 1445.0
0.000514 -0.000620 1446.0
0.000514 -0.000620 1447.0
0.000515 -0.000620 1448.0
0.000515 -0.000620 1449.0
0.000516 -0.000620 1450.0
0.000516 -0.000620 1451.0
0.000517 -0.000620 1452.0
0.000517 -0.000620 1453.0
0.000518 -0.000620 1454.0
0.000518 -0.000619 1455.0
0.000519 -0.000619 1456.0
0.000520 -0.000619 1457.0
0.000520 -0.000619 1458.0
0.000521 -0.000619 1459.0
0.000521 -0.000619 1460.0
0.000522 -0.000619 1461.0
0.000522 -0.000619 1462.0
0.000523 -0.000619 1463.0
0.000523 -0.000619 1464.0
0.000524 -0.000619 1465.0
0.000524 -0.000619 1466.0
0.000525 -0.000619 1467.0
0.000525 -0.000619 1468.0
0.000526 -0.000619 1469.0
0.000526 -0.000619 1470.0
0.000527 -0.000619 1471.0
0.000527 -0.000619 1472.0
0.000528 -0.000618 1473.0
0.000529 -0.000618 1474.0
0.000529 -0.000618 1475.0
0.000530 -0.000618 1476.0
0.000530 -0.000618 1477.0
0.000531 -0.000618 1478.0
0.000531 -0.000618 1479.0
0.000532 -0.000618 1480.0
0.000532 -0.000618 1481.0
0.000533 -0.000618 1482.0
0.000533 -0.000618 1483.0
0.000534 -0.000618 1484.0
0.000534 -0.000618 1485.0
0.000535 -0.000618 1486.0
0.000535 -0.000618 1487.0
0.000536 -0.000618 1488.0
0.000536 -0.000618 1489.0
0.000537 -0.000618 1490.0
0.000538 -0.000618 1491.0
0.000538 -0.000617 1492.0
0.000539 -0.000617 1493.0
0.000539 -0.000617 1494.0
0.000540 -0.000617 1495.0
0.000540 -0.000617 1496.0
0.000541 -0.000617 1497.0
0.000541 -0.000618 1498.0
0.000541 -0.000618 1499.0
0.000541 -0.000618 1500.0
0.000541 -0.000618 1501.0
0.000541 -0.000618 1502.0
0.000541 -0.000618 1503.0
0.000541 -0.000618 1504.0
0.000541 -0.000618 1505.0
0.000541 -0.000618 1506.0
0.000541 -0.000618 1507.0
0.000541 -0.000618 1508.0
0.000541 -0.000618 1509.0
0.000541 -0.000618 1510.0
0.000541 -0.000618 1511.0
0.000541 -0.000617 1512.0
0.000541 -0.000617 1513.0
0.000541 -0.000617 1514.0
0.000541 -0.000616 1515.0
0.000542 -0.000616 1516.0
0.000542 -0.000615 1517.0
0.000542 -0.000615 1518.0
0.000542 -0.000614 1519.0
0.000542 -0.000614 1520.0
0.000542 -0.000614 1521.0
0.000543 -0.000613 1522.0
0.000543 -0.000613 1523.0
0.000543 -0.000612 1524.0
0.000543 -0.000612 1525.0
0.000543 -0.000611 1526.0
0.000543 -0.000611 1527.0
0.000544 -0.000611 1528.0
0.000544 -0.000610 1529.0
0.000544 -0.000610 1530.0
0.000544 -0.000609 1531.0
0.000544 -0.000609 1532.0
0.000544 -0.000608 1533.0
0.000545 -0.000608 1534.0
0.000545 -0.000608 1535.0
0.000545 -0.000607 1536.0
0.000545 -0.000607 1537.0
0.000545 -0.000606 1538.0
0.000545 -0.000606 1539.0
0.000546 -0.000606 1540.0
0.000546 -0.000605 1541.0
0.000546 -0.000605 1542.0
0.000546 -0.000604 1543.0
0.000546 -0.000604 1544.0
0.000546 -0.000603 1545.0
0.000547 -0.000603 1546.0
0.000547 -0.000603 1547.0
0.000547 -0.000602 1548.0
0.000547 -0.000602 1549.0
0.000547 -0.000601 1550.0
0.000547 -0.000601 1551.0
0.000548 -0.000600 1552.0
0.000548 -0.000600 1553.0
0.000548 -0.000600 1554.0
0.000548 -0.000599 1555.0
0.000548 -0.000599 1556.0
0.000548 -0.000598 1557.0
0.000549 -0.000598 1558.0
0.000549 -0.000597 1559.0
0.000549 -0.000597 1560.0
0.000549 -0.000597 1561.0
0.000549 -0.000596 1562.0
0.000549 -0.000596 1563.0
0.000550 -0.000595 1564.0
0.000550 -0.000595 1565.0
0.000550 -0.000594 1566.0
0.000550 -0.000594 1567.0
0.000550 -0.000594 1568.0
0.000550 -0.000593 1569.0
0.000551 -0.000593 1570.0
0.000551 -0.000592 1571.0
0.000551 -0.000592 1572.0
0.000551 -0.000592 1573.0
0.000551 -0.000591 1574.0
0.000551 -0.000591 1575.0
0.000552 -0.000590 1576.0
0.000552 -0.000590 1577.0
0.000552 -0.000589 1578.0
0.000552 -0.000589 1579.0
0.000552 -0.000589 1580.0
0.000552 -0.000588 1581.0
0.000553 -0.000588 1582.0
0.000553 -0.000587 1583.0
0.000553 -0.000587 1584.0
0.000553 -0.000586 1585.0
0.000553 -0.000586 1586.0
0.000553 -0.000586 1587.0
0.000554 -0.000585 1588.0
0.000556 -0.000587 1589.0
0.000557 -0.000586 1590.0
0.000557 -0.000586 1591.0
0.000558 -0.000585 1592.0
0.000558 -0.000584 1593.0
0.000559 -0.000584 1594.0
0.000560 -0.000583 1595.0
0.000560 -0.000582 1596.0
0.000561 -0.000582 1597.0
0.000562 -0.000581 1598.0
0.000562 -0.000581 1599.0
0.000563 -0.000580 1600.0
0.000563 -0.000579 1601.0
0.000564 -0.000579 1602.0
0.000565 -0.000578 1603.0
0.000565 -0.000578 1604.0
0.000566 -0.000577 1605.0
0.000567 -0.000576 1606.0
0.000567 -0.000576 1607.0
0.000568 -0.000575 1608.0
0.000569 -0.000574 1609.0
0.000569 -0.000574 1610.0
0.000570 -0.000573 1611.0
0.000570 -0.000573 1612.0
0.000571 -0.000572 1613.0
0.000572 -0.000571 1614.0
0.000572 -0.000571 1615.0
0.000573 -0.000570 1616.0
0.000574 -0.000569 1617.0
0.000574 -0.000569 1618.0
0.000575 -0.000568 1619.0
0.000575 -0.000568 1620.0
0.000576 -0.000567 1621.0
0.000577 -0.000566 1622.0
0.000577 -0.000566 1623.0
0.000578 -0.000565 1624.0
0.000579 -0.000564 1625.0
0.000579 -0.000564 1626.0
0.000580 -0.000563 1627.0
0.000580 -0.000563 1628.0
0.000581 -0.000562 1629.0
0.000582 -0.000561 1630.0
0.000582 -0.000561 1631.0
0.000583 -0.000560 1632.0
0.000584 -0.000560 1633.0
0.000584 -0.000559 1634.0
0.000585 -0.000558 1635.0
0.000585 -0.000558 1636.0
0.000586 -0.000557 1637.0
0.000587 -0.000556 1638.0
0.000587 -0.000556 1639.0
0.000588 -0.000555 1640.0
0.000589 -0.000555 1641.0
0.000589 -0.000554 1642.0
0.000590 -0.000553 1643.0
0.000590 -0.000553 1644.0
0.000591 -0.000552 1645.0
0.000592 -0.000551 1646.0
0.000592 -0.000551 1647.0
0.000593 -0.000550 1648.0
0.000596 -0.000555 1649.0
0.000596 -0.000555 1650.0
0.000597 -0.000554 1651.0
0.000597 -0.000554 1652.0
0.000597 -0.000553 1653.0
0.000598 -0.000553 1654.0
0.000598 -0.000552 1655.0
0.000598 -0.000552 1656.0
0.000599 -0.000551 1657.0
0.000599 -0.000551 1658.0
0.000599 -0.000550 1659.0
0.000600 -0.000549 1660.0
0.000600 -0.000549 1661.0
0.000600 -0.000548 1662.0
0.000601 -0.000548 1663.0
0.000601 -0.000547 1664.0
0.000601 -0.000547 1665.0
0.000602 -0.000546 1666.0
0.000602 -0.000546 1667.0
0.000602 -0.000545 1668.0
0.000603 -0.000545 1669.0
0.000603 -0.000544 1670.0
0.000603 -0.000544 1671.0
0.000604 -0.000543 1672.0
0.000604 -0.000543 1673.0
0.000604 -0.000542 1674.0
0.000605 -0.000541 1675.0
0.000605 -0.000541 1676.0
0.000605 -0.000540 1677.0
0.000606 -0.000540 1678.0
0.000606 -0.000539 1679.0
0.000606 -0.000539 1680.0
0.000607 -0.000538 1681.0
0.000607 -0.000538 1682.0
0.000607 -0.000537 1683.0
0.000608 -0.000537 1684.0
0.000608 -0.000536 1685.0
0.000608 -0.000536 1686.0
0.000609 -0.000535 1687.0
0.000609 -0.000534 1688.0
0.000609 -0.000534 1689.0
0.000610 -0.000533 1690.0
0.000610 -0.000533 1691.0
0.000610 -0.000532 1692.0
0.000611 -0.000532 1693.0
0.000611 -0.000531 1694.0
0.000611 -0.000531 1695.0
0.000612 -0.000530 1696.0
0.000612 -0.000530 1697.0
0.000612 -0.000529 1698.0
0.000613 -0.000529 1699.0
0.000613 -0.000528 1700.0
0.000613 -0.000527 1701.0
0.000614 -0.000527 1702.0
0.000614 -0.000526 1703.0
0.000614 -0.000526 1704.0
0.000614 -0.000525 1705.0
0.000615 -0.000525 1706.0
0.000615 -0.000524 1707.0
0.000615 -0.000524 1708.0
0.000616 -0.000523 1709.0
0.000619 -0.000526 1710.0
0.000619 -0.000526 1711.0
0.000619 -0.000525 1712.0
0.000620 -0.000525 1713.0
0.000620 -0.000524 1714.0
0.000620 -0.000524 1715.0
0.000621 -0.000523 1716.0
0.000621 -0.000523 1717.0
0.000621 -0.000522 1718.0
0.000622 -0.000522 1719.0
0.000622 -0.000521 1720.0
0.000622 -0.000521 1721.0
0.000622 -0.000520 1722.0
0.000623 -0.000520 1723.0
0.000623 -0.000519 1724.0
0.000623 -0.000518 1725.0
0.000624 -0.000518 1726.0
0.000624 -0.000517 1727.0
0.000624 -0.000517 1728.0
0.000625 -0.000516 1729.0
0.000625 -0.000516 1730.0
0.000625 -0.000515 1731.0
0.000626 -0.000515 1732.0
0.000626 -0.000514 1733.0
0.000626 -0.000514 1734.0
0.000627 -0.000513 1735.0
0.000627 -0.000513 1736.0
0.000627 -0.000512 1737.0
0.000628 -0.000512 1738.0
0.000628 -0.000511 1739.0
0.000628 -0.000511 1740.0
0.000629 -0.000510 1741.0
0.000629 -0.000510 1742.0
0.000629 -0.000509 1743.0
0.000630 -0.000509 1744.0
0.000631 -0.000510 1745.0
0.000631 -0.000510 1746.0
0.000630 -0.000511 1747.0
0.000630 -0.000511 1748.0
0.000630 -0.000511 1749.0
0.000629 -0.000511 1750.0
0.000629 -0.000511 1751.0
0.000629 -0.000511 1752.0
0.000628 -0.000511 1753.0
0.000628 -0.000511 1754.0
0.000628 -0.000511 1755.0
0.000627 -0.000511 1756.0
0.000627 -0.000511 1757.0
0.000627 -0.000511 1758.0
0.000626 -0.000511 1759.0
0.000626 -0.000511 1760.0
0.000626 -0.000511 1761.0
0.000625 -0.000511 1762.0
0.000625 -0.000511 1763.0
0.000625 -0.000511 1764.0
0.000624 -0.000511 1765.0
0.000624 -0.000512 1766.0
0.000624 -0.000512 1767.0
0.000623 -0.000512 1768.0
0.000623 -0.000512 1769.0
0.000623 -0.000512 1770.0
0.000622 -0.000512 1771.0
0.000622 -0.000512 1772.0
0.000622 -0.000512 1773.0
0.000621 -0.000512 1774.0
0.000621 -0.000512 1775.0
0.000621 -0.000512 1776.0
0.000620 -0.000512 1777.0
0.000620 -0.000512 1778.0
0.000620 -0.000512 1779.0
0.000619 -0.000512 1780.0
0.000619 -0.000512 1781.0
0.000619 -0.000512 1782.0
0.000618 -0.000512 1783.0
0.000618 -0.000512 1784.0
0.000618 -0.000513 1785.0
0.000617 -0.000513 1786.0
0.000617 -0.000513 1787.0
0.000617 -0.000513 1788.0
0.000616 -0.000513 1789.0
0.000616 -0.000513 1790.0
0.000616 -0.000513 1791.0
0.000615 -0.000513 1792.0
0.000615 -0.000513 1793.0
0.000615 -0.000513 1794.0
0.000614 -0.000513 1795.0
0.000614 -0.000513 1796.0
0.000614 -0.000513 1797.0
0.000613 -0.000513 1798.0
0.000613 -0.000513 1799.0
0.000613 -0.000513 1800.0
0.000612 -0.000513 1801.0
0.000612 -0.000513 1802.0
0.000612 -0.000513 1803.0
0.000611 -0.000514 1804.0
0.000611 -0.000513 1805.0
0.000611 -0.000513 1806.0
0.000611 -0.000514 1807.0
0.000611 -0.000514 1808.0
0.000610 -0.000514 1809.0
0.000610 -0.000514 1810.0
0.000610 -0.000515 1811.0
0.000610 -0.000515 1812.0
0.000610 -0.000515 1813.0
0.000609 -0.000516 1814.0
0.000609 -0.000516 1815.0
0.000609 -0.000516 1816.0
0.000609 -0.000517 1817.0
0.000609 -0.000517 1818.0
0.000608 -0.000517 1819.0
0.000608 -0.000518 1820.0
0.000608 -0.000518 1821.0
0.000608 -0.000518 1822.0
0.000607 -0.000519 1823.0
0.000607 -0.000519 1824.0
0.000607 -0.000519 1825.0
0.000607 -0.000520 1826.0
0.000607 -0.000520 1827.0
0.000606 -0.000520 1828.0
0.000606 -0.000521 1829.0
0.000606 -0.000521 1830.0
0.000606 -0.000521 1831.0
0.000606 -0.000522 1832.0
0.000605 -0.000522 1833.0
0.000605 -0.000522 1834.0
0.000605 -0.000523 1835.0
0.000605 -0.000523 1836.0
0.000605 -0.000523 1837.0
0.000604 -0.000523 1838.0
0.000604 -0.000524 1839.0
0.000604 -0.000524 1840.0
0.000604 -0.000524 1841.0
0.000604 -0.000525 1842.0
0.000603 -0.000525 1843.0
0.000603 -0.000525 1844.0
0.000603 -0.000526 1845.0
0.000603 -0.000526 1846.0
0.000603 -0.000526 1847.0
0.000602 -0.000527 1848.0
0.000602 -0.000527 1849.0
0.000602 -0.000527 1850.0
0.000602 -0.000528 1851.0
0.000602 -0.000528 1852.0
0.000601 -0.000528 1853.0
0.000601 -0.000529 1854.0
0.000601 -0.000529 1855.0
0.000601 -0.000529 1856.0
0.000601 -0.000530 1857.0
0.000600 -0.000530 1858.0
0.000600 -0.000530 1859.0
0.000600 -0.000531 1860.0
0.000600 -0.000531 1861.0
0.000600 -0.000531 1862.0
0.000599 -0.000532 1863.0
0.000599 -0.000532 1864.0
0.000598 -0.000530 1865.0
0.000598 -0.000531 1866.0
0.000598 -0.000531 1867.0
0.000598 -0.000532 1868.0
0.000598 -0.000533 1869.0
0.000599 -0.000534 1870.0
0.000599 -0.000534 1871.0
0.000599 -0.000535 1872.0
0.000599 -0.000536 1873.0
0.000599 -0.000537 1874.0
0.000599 -0.000537 1875.0
0.000600 -0.000538 1876.0
0.000600 -0.000539 1877.0
0.000600 -0.000539 1878.0
0.000600 -0.000540 1879.0
0.000600 -0.000541 1880.0
0.000601 -0.000542 1881.0
0.000601 -0.000542 1882.0
0.000601 -0.000543 1883.0
0.000601 -0.000544 1884.0
0.000601 -0.000544 1885.0
0.000602 -0.000545 1886.0
0.000602 -0.000546 1887.0
0.000602 -0.000547 1888.0
0.000602 -0.000547 1889.0
0.000602 -0.000548 1890.0
0.000603 -0.000549 1891.0
0.000603 -0.000550 1892.0
0.000603 -0.000550 1893.0
0.000603 -0.000551 1894.0
0.000603 -0.000552 1895.0
0.000603 -0.000552 1896.0
0.000604 -0.000553 1897.0
0.000604 -0.000554 1898.0
0.000604 -0.000555 1899.0
0.000604 -0.000555 1900.0
0.000604 -0.000556 1901.0
0.000605 -0.000557 1902.0
0.000605 -0.000557 1903.0
0.000605 -0.000558 1904.0
0.000605 -0.000559 1905.0
0.000605 -0.000560 1906.0
0.000606 -0.000560 1907.0
0.000606 -0.000561 1908.0
0.000606 -0.000562 1909.0
0.000606 -0.000563 1910.0
0.000606 -0.000563 1911.0
0.000607 -0.000564 1912.0
0.000607 -0.000565 1913.0
0.000607 -0.000565 1914.0
0.000607 -0.000566 1915.0
0.000607 -0.000567 1916.0
0.000607 -0.000568 1917.0
0.000608 -0.000568 1918.0
0.000608 -0.000569 1919.0
0.000608 -0.000570 1920.0
0.000608 -0.000570 1921.0
0.000608 -0.000571 1922.0
0.000609 -0.000572 1923.0
0.000609 -0.000573 1924.0
0.000609 -0.000573 1925.0
0.000609 -0.000574 1926.0
0.000612 -0.000573 1927.0
0.000612 -0.000574 1928.0
0.000612 -0.000575 1929.0
0.000612 -0.000575 1930.0
0.000612 -0.000576 1931.0
0.000613 -0.000577 1932.0
0.000613 -0.000578 1933.0
0.000613 -0.000579 1934.0
0.000613 -0.000580 1935.0
0.000613 -0.000580 1936.0
0.000613 -0.000581 1937.0
0.000614 -0.000582 1938.0
0.000614 -0.000583 1939.0
0.000614 -0.000584 1940.0
0.000614 -0.000585 1941.0
0.000614 -0.000585 1942.0
0.000614 -0.000586 1943.0
0.000615 -0.000587 1944.0
0.000615 -0.000588 1945.0
0.000615 -0.000589 1946.0
0.000615 -0.000590 1947.0
0.000615 -0.000591 1948.0
0.000615 -0.000591 1949.0
0.000616 -0.000592 1950.0
0.000616 -0.000593 1951.0
0.000616 -0.000594 1952.0
0.000616 -0.000595 1953.0
0.000616 -0.000596 1954.0
0.000616 -0.000596 1955.0
0.000617 -0.000597 1956.0
0.000617 -0.000598 1957.0
0.000617 -0.000599 1958.0
0.000617 -0.000600 1959.0
0.000617 -0.000601 1960.0
0.000617 -0.000601 1961.0
0.000618 -0.000602 1962.0
0.000618 -0.000603 1963.0
0.000618 -0.000604 1964.0
0.000618 -0.000605 1965.0
0.000618 -0.000606 1966.0
0.000618 -0.000606 1967.0
0.000619 -0.000607 1968.0
0.000619 -0.000608 1969.0
0.000619 -0.000609 1970.0
0.000619 -0.000610 1971.0
0.000619 -0.000611 1972.0
0.000619 -0.000612 1973.0
0.000620 -0.000612 1974.0
0.000620 -0.000613 1975.0
0.000620 -0.000614 1976.0
0.000620 -0.000615 1977.0
0.000620 -0.000616 1978.0
0.000620 -0.000617 1979.0
0.000621 -0.000617 1980.0
0.000621 -0.000618 1981.0
0.000621 -0.000619 1982.0
0.000621 -0.000620 1983.0
0.000621 -0.000621 1984.0
0.000623 -0.000620 1985.0
0.000623 -0.000621 1986.0
0.000623 -0.000621 1987.0
0.000623 -0.000622 1988.0
0.000623 -0.000622 1989.0
0.000623 -0.000623 1990.0
0.000622 -0.000623 1991.0
0.000622 -0.000624 1992.0
0.000622 -0.000624 1993.0
0.000622 -0.000625 1994.0
0.000622 -0.000625 1995.0
0.000622 -0.000626 1996.0
0.000622 -0.000626 1997.0
0.000621 -0.000627 1998.0
0.000621 -0.000627 1999.0
0.000621 -0.000628 2000.0
0.000621 -0.000629 2001.0
0.000621 -0.000629 2002.0
0.000621 -0.000630 2003.0
0.000620 -0.000630 2004.0
0.000620 -0.000631 2005.0
0.000620 -0.000631 2006.0
0.000620 -0.000632 2007.0
0.000620 -0.000632 2008.0
0.000620 -0.000633 2009.0
0.000619 -0.000633 2010.0
0.000619 -0.000634 2011.0
0.000619 -0.000634 2012.0
0.000619 -0.000635 2013.0
0.000619 -0.000635 2014.0
0.000619 -0.000636 2015.0
0.000618 -0.000636 2016.0
0.000618 -0.000637 2017.0
0.000618 -0.000638 2018.0
0.000618 -0.000638 2019.0
0.000618 -0.000639 2020.0
0.000618 -0.000639 2021.0
0.000617 -0.000640 2022.0
0.000617 -0.000640 2023.0
0.000617 -0.000641 2024.0
0.000617 -0.000641 2025.0
0.000617 -0.000642 2026.0
0.000617 -0.000642 2027.0
0.000616 -0.000643 2028.0
0.000616 -0.000643 2029.0
0.000616 -0.000644 2030.0
0.000616 -0.000644 2031.0
0.000616 -0.000645 2032.0
0.000616 -0.000646 2033.0
0.000616 -0.000646 2034.0
0.000615 -0.000647 2035.0
0.000615 -0.000647 2036.0
0.000615 -0.000648 2037.0
0.000615 -0.000648 2038.0
0.000615 -0.000649 2039.0
0.000615 -0.000649 2040.0
0.000614 -0.000650 2041.0
0.000614 -0.000650 2042.0
0.000614 -0.000651 2043.0
0.000614 -0.000651 2044.0
0.000612 -0.000650 2045.0
0.000612 -0.000651 2046.0
0.000612 -0.000651 2047.0
0.000612 -0.000651 2048.0
0.000612 -0.000651 2049.0
0.000612 -0.000651 2050.0
0.000612 -0.000652 2051.0
0.000612 -0.000652 2052.0
0.000612 -0.000652 2053.0
0.000612 -0.000652 2054.0
0.000612 -0.000653 2055.0
0.000612 -0.000653 2056.0
0.000612 -0.000653 2057.0
0.000611 -0.000653 2058.0
0.000611 -0.000654 2059.0
0.000611 -0.000654 2060.0
0.000611 -0.000654 2061.0
0.000611 -0.000654 2062.0
0.000611 -0.000655 2063.0
0.000611 -0.000655 2064.0
0.000611 -0.000655 2065.0
0.000611 -0.000655 2066.0
0.000611 -0.000656 2067.0
0.000611 -0.000656 2068.0
0.000611 -0.000656 2069.0
0.000611 -0.000656 2070.0
0.000611 -0.000657 2071.0
0.000611 -0.000657 2072.0
0.000611 -0.000657 2073.0
0.000611 -0.000657 2074.0
0.000611 -0.000658 2075.0
0.000611 -0.000658 2076.0
0.000611 -0.000658 2077.0
0.000611 -0.000658 2078.0
0.000611 -0.000658 2079.0
0.000611 -0.000659 2080.0
0.000611 -0.000659 2081.0
0.000611 -0.000659 2082.0
0.000611 -0.000659 2083.0
0.000611 -0.000660 2084.0
0.000611 -0.000660 2085.0
0.000611 -0.000660 2086.0
0.000611 -0.000660 2087.0
0.000611 -0.000661 2088.0
0.000611 -0.000661 2089.0
0.000611 -0.000661 2090.0
0.000611 -0.000661 2091.0
0.000611 -0.000662 2092.0
0.000611 -0.000662 2093.0
0.000611 -0.000662 2094.0
0.000611 -0.000662 2095.0
0.000610 -0.000663 2096.0
0.000610 -0.000663 2097.0
0.000610 -0.000663 2098.0
0.000610 -0.000663 2099.0
0.000610 -0.000664 2100.0
0.000610 -0.000664 2101.0
0.000610 -0.000664 2102.0
0.000610 -0.000664 2103.0
0.000610 -0.000665 2104.0
0.000610 -0.000664 2105.0
0.000610 -0.000665 2106.0
0.000610 -0.000666 2107.0
0.000610 -0.000667 2108.0
0.000610 -0.000668 2109.0
0.000609 -0.000669 2110.0
0.000609 -0.000670 2111.0
0.000609 -0.000671 2112.0
0.000609 -0.000672 2113.0
0.000609 -0.000673 2114.0
0.000609 -0.000674 2115.0
0.000609 -0.000675 2116.0
0.000609 -0.000676 2117.0
0.000609 -0.000677 2118.0
0.000609 -0.000678 2119.0
0.000609 -0.000679 2120.0
0.000608 -0.000679 2121.0
0.000608 -0.000680 2122.0
0.000608 -0.000681 2123.0
0.000608 -0.000682 2124.0
0.000608 -0.000683 2125.0
0.000608 -0.000684 2126.0
0.000608 -0.000685 2127.0
0.000608 -0.000686 2128.0
0.000608 -0.000687 2129.0
0.000608 -0.000688 2130.0
0.000607 -0.000689 2131.0
0.000607 -0.000690 2132.0
0.000607 -0.000691 2133.0
0.000607 -0.000692 2134.0
0.000607 -0.000693 2135.0
0.000607 -0.000694 2136.0
0.000607 -0.000695 2137.0
0.000607 -0.000695 2138.0
0.000607 -0.000696 2139.0
0.000607 -0.000697 2140.0
0.000607 -0.000698 2141.0
0.000606 -0.000699 2142.0
0.000606 -0.000700 2143.0
0.000606 -0.000701 2144.0
0.000606 -0.000702 2145.0
0.000606 -0.000703 2146.0
0.000606 -0.000704 2147.0
0.000606 -0.000705 2148.0
0.000606 -0.000706 2149.0
0.000606 -0.000707 2150.0
0.000606 -0.000708 2151.0
0.000606 -0.000709 2152.0
0.000605 -0.000710 2153.0
0.000605 -0.000711 2154.0
0.000605 -0.000711 2155.0
0.000605 -0.000712 2156.0
0.000605 -0.000713 2157.0
0.000605 -0.000714 2158.0
0.000605 -0.000715 2159.0
0.000605 -0.000716 2160.0
0.000605 -0.000717 2161.0
0.000605 -0.000718 2162.0
0.000605 -0.000719 2163.0
0.000604 -0.000720 2164.0
0.000604 -0.000721 2165.0
0.000603 -0.000721 2166.0
0.000603 -0.000721 2167.0
0.000603 -0.000722 2168.0
0.000603 -0.000723 2169.0
0.000603 -0.000724 2170.0
0.000603 -0.000725 2171.0
0.000602 -0.000725 2172.0
0.000602 -0.000726 2173.0
0.000602 -0.000727 2174.0
0.000602 -0.000728 2175.0
0.000602 -0.000728 2176.0
0.000602 -0.000729 2177.0
0.000602 -0.000730 2178.0
0.000602 -0.000731 2179.0
0.000602 -0.000731 2180.0
0.000602 -0.000732 2181.0
0.000602 -0.000733 2182.0
0.000602 -0.000734 2183.0
0.000602 -0.000735 2184.0
0.000601 -0.000735 2185.0
0.000601 -0.000736 2186.0
0.000601 -0.000737 2187.0
0.000601 -0.000738 2188.0
0.000601 -0.000738 2189.0
0.000601 -0.000739 2190.0
0.000601 -0.000740 2191.0
0.000601 -0.000741 2192.0
0.000601 -0.000741 2193.0
0.000601 -0.000742 2194.0
0.000601 -0.000743 2195.0
0.000601 -0.000744 2196.0
0.000600 -0.000745 2197.0
0.000600 -0.000745 2198.0
0.000600 -0.000746 2199.0
0.000600 -0.000747 2200.0
0.000600 -0.000748 2201.0
0.000600 -0.000748 2202.0
0.000600 -0.000749 2203.0
0.000600 -0.000750 2204.0
0.000600 -0.000751 2205.0
0.000600 -0.000751 2206.0
0.000600 -0.000752 2207.0
0.000600 -0.000753 2208.0
0.000600 -0.000754 2209.0
0.000599 -0.000755 2210.0
0.000599 -0.000755 2211.0
0.000599 -0.000756 2212.0
0.000599 -0.000757 2213.0
0.000599 -0.000758 2214.0
0.000599 -0.000758 2215.0
0.000599 -0.000759 2216.0
0.000599 -0.000760 2217.0
0.000599 -0.000761 2218.0
0.000599 -0.000761 2219.0
0.000599 -0.000762 2220.0
0.000599 -0.000763 2221.0
0.000599 -0.000764 2222.0
0.000598 -0.000765 2223.0
0.000598 -0.000765 2224.0
0.000598 -0.000766 2225.0
0.000598 -0.000767 2226.0
0.000598 -0.000768 2227.0
0.000598 -0.000768 2228.0
0.000598 -0.000769 2229.0
0.000598 -0.000770 2230.0
0.000598 -0.000771 2231.0
0.000598 -0.000771 2232.0
0.000598 -0.000772 2233.0
0.000598 -0.000773 2234.0
0.000598 -0.000774 2235.0
0.000597 -0.000775 2236.0
0.000597 -0.000775 2237.0
0.000597 -0.000776 2238.0
0.000597 -0.000777 2239.0
0.000597 -0.000778 2240.0
0.000597 -0.000778 2241.0
0.000597 -0.000779 2242.0
0.000595 -0.000779 2243.0
0.000595 -0.000780 2244.0
0.000595 -0.000781 2245.0
0.000594 -0.000782 2246.0
0.000594 -0.000783 2247.0
0.000594 -0.000784 2248.0
0.000593 -0.000785 2249.0
0.000593 -0.000786 2250.0
0.000592 -0.000787 2251.0
0.000592 -0.000788 2252.0
0.000592 -0.000789 2253.0
0.000591 -0.000790 2254.0
0.000591 -0.000791 2255.0
0.000590 -0.000792 2256.0
0.000590 -0.000793 2257.0
0.000590 -0.000794 2258.0
0.000589 -0.000795 2259.0
0.000589 -0.000796 2260.0
0.000588 -0.000797 2261.0
0.000588 -0.000798 2262.0
0.000588 -0.000799 2263.0
0.000587 -0.000800 2264.0
0.000587 -0.000801 2265.0
0.000586 -0.000802 2266.0
0.000586 -0.000803 2267.0
0.000586 -0.000804 2268.0
0.000585 -0.000805 2269.0
0.000585 -0.000806 2270.0
0.000585 -0.000807 2271.0
0.000584 -0.000808 2272.0
0.000584 -0.000809 2273.0
0.000583 -0.000810 2274.0
0.000583 -0.000811 2275.0
0.000583 -0.000812 2276.0
0.000582 -0.000813 2277.0
0.000582 -0.000814 2278.0
0.000581 -0.000815 2279.0
0.000581 -0.000816 2280.0
0.000581 -0.000817 2281.0
0.000580 -0.000818 2282.0
0.000580 -0.000819 2283.0
0.000579 -0.000820 2284.0
0.000579 -0.000821 2285.0
0.000576 -0.000819 2286.0
0.000576 -0.000819 2287.0
0.000576 -0.000820 2288.0
0.000576 -0.000820 2289.0
0.000576 -0.000820 2290.0
0.000576 -0.000820 2291.0
0.000576 -0.000820 2292.0
0.000576 -0.000821 2293.0
0.000576 -0.000821 2294.0
0.000576 -0.000821 2295.0
0.000576 -0.000821 2296.0
0.000576 -0.000821 2297.0
0.000576 -0.000821 2298.0
0.000576 -0.000822 2299.0
0.000576 -0.000822 2300.0
0.000576 -0.000822 2301.0
0.000576 -0.000822 2302.0
0.000576 -0.000822 2303.0
0.000576 -0.000823 2304.0
0.000576 -0.000823 2305.0
0.000576 -0.000823 2306.0
0.000575 -0.000823 2307.0
0.000575 -0.000823 2308.0
0.000575 -0.000824 2309.0
0.000575 -0.000824 2310.0
0.000575 -0.000824 2311.0
0.000575 -0.000824 2312.0
0.000575 -0.000824 2313.0
0.000575 -0.000825 2314.0
0.000575 -0.000825 2315.0
0.000575 -0.000825 2316.0
0.000575 -0.000825 2317.0
0.000575 -0.000825 2318.0
0.000575 -0.000826 2319.0
0.000575 -0.000826 2320.0
0.000575 -0.000826 2321.0
0.000575 -0.000826 2322.0
0.000575 -0.000826 2323.0
0.000575 -0.000826 2324.0
0.000575 -0.000827 2325.0
0.000575 -0.000827 2326.0
0.000575 -0.000827 2327.0
0.000575 -0.000827 2328.0
0.000575 -0.000827 2329.0
0.000575 -0.000826 2330.0
0.000575 -0.000826 2331.0
0.000576 -0.000826 2332.0
0.000576 -0.000825 2333.0
0.000576 -0.000825 2334.0
0.000576 -0.000825 2335.0
0.000576 -0.000824 2336.0
0.000577 -0.000824 2337.0
0.000577 -0.000824 2338.0
0.000577 -0.000824 2339.0
0.000577 -0.000823 2340.0
0.000577 -0.000823 2341.0
0.000577 -0.000823 2342.0
0.000578 -0.000822 2343.0
0.000578 -0.000822 2344.0
0.000578 -0.000822 2345.0
0.000578 -0.000821 2346.0
0.000578 -0.000821 2347.0
0.000579 -0.000821 2348.0
0.000579 -0.000820 2349.0
0.000579 -0.000820 2350.0
0.000579 -0.000820 2351.0
0.000579 -0.000819 2352.0
0.000579 -0.000819 2353.0
0.000580 -0.000819 2354.0
0.000580 -0.000818 2355.0
0.000580 -0.000818 2356.0
0.000580 -0.000818 2357.0
0.000580 -0.000818 2358.0
0.000581 -0.000817 2359.0
0.000581 -0.000817 2360.0
0.000581 -0.000817 2361.0
0.000581 -0.000816 2362.0
0.000581 -0.000816 2363.0
0.000582 -0.000816 2364.0
0.000582 -0.000815 2365.0
0.000582 -0.000815 2366.0
0.000582 -0.000815 2367.0
0.000582 -0.000814 2368.0
0.000582 -0.000814 2369.0
0.000583 -0.000814 2370.0
0.000584 -0.000815 2371.0
0.000584 -0.000814 2372.0
0.000584 -0.000813 2373.0
0.000584 -0.000812 2374.0
0.000584 -0.000811 2375.0
0.000584 -0.000810 2376.0
0.000584 -0.000809 2377.0
0.000584 -0.000808 2378.0
0.000585 -0.000807 2379.0
0.000585 -0.000806 2380.0
0.000585 -0.000805 2381.0
0.000585 -0.000804 2382.0
0.000585 -0.000803 2383.0
0.000585 -0.000802 2384.0
0.000585 -0.000801 2385.0
0.000585 -0.000800 2386.0
0.000585 -0.000799 2387.0
0.000586 -0.000798 2388.0
0.000586 -0.000797 2389.0
0.000586 -0.000796 2390.0
0.000586 -0.000794 2391.0
0.000586 -0.000793 2392.0
0.000586 -0.000792 2393.0
0.000586 -0.000791 2394.0
0.000586 -0.000790 2395.0
0.000586 -0.000789 2396.0
0.000586 -0.000788 2397.0
0.000587 -0.000787 2398.0
0.000587 -0.000786 2399.0
0.000587 -0.000785 2400.0
0.000587 -0.000784 2401.0
0.000587 -0.000783 2402.0
0.000587 -0.000782 2403.0
0.000587 -0.000781 2404.0
0.000587 -0.000780 2405.0
0.000587 -0.000779 2406.0
0.000587 -0.000778 2407.0
0.000588 -0.000777 2408.0
0.000588 -0.000776 2409.0
0.000588 -0.000775 2410.0
0.000588 -0.000774 2411.0
0.000588 -0.000773 2412.0
0.000588 -0.000772 2413.0
0.000588 -0.000771 2414.0
0.000588 -0.000770 2415.0
0.000588 -0.000769 2416.0
0.000589 -0.000768 2417.0
0.000589 -0.000767 2418.0
0.000589 -0.000766 2419.0
0.000589 -0.000765 2420.0
0.000589 -0.000764 2421.0
0.000589 -0.000763 2422.0
0.000589 -0.000762 2423.0
0.000589 -0.000761 2424.0
0.000589 -0.000760 2425.0
0.000589 -0.000759 2426.0
0.000590 -0.000758 2427.0
0.000590 -0.000757 2428.0
0.000590 -0.000756 2429.0
0.000590 -0.000755 2430.0
0.000590 -0.000754 2431.0
0.000590 -0.000753 2432.0
0.000590 -0.000752 2433.0
0.000590 -0.000751 2434.0
0.000590 -0.000750 2435.0
0.000590 -0.000749 2436.0
0.000591 -0.000748 2437.0
0.000591 -0.000747 2438.0
0.000591 -0.000745 2439.0
0.000591 -0.000744 2440.0
0.000591 -0.000743 2441.0
0.000591 -0.000742 2442.0
0.000591 -0.000741 2443.0
0.000591 -0.000740 2444.0
0.000591 -0.000739 2445.0
0.000592 -0.000738 2446.0
0.000592 -0.000737 2447.0
0.000592 -0.000736 2448.0
0.000592 -0.000735 2449.0
0.000592 -0.000734 2450.0
0.000592 -0.000733 2451.0
0.000592 -0.000732 2452.0
0.000592 -0.000731 2453.0
0.000592 -0.000730 2454.0
0.000592 -0.000729 2455.0
0.000593 -0.000728 2456.0
0.000593 -0.000727 2457.0
0.000593 -0.000726 2458.0
0.000593 -0.000725 2459.0
0.000593 -0.000724 2460.0
0.000593 -0.000723 2461.0
0.000593 -0.000722 2462.0
0.000593 -0.000721 2463.0
0.000593 -0.000720 2464.0
0.000594 -0.000719 2465.0
0.000594 -0.000718 2466.0
0.000594 -0.000717 2467.0
0.000594 -0.000716 2468.0
0.000594 -0.000715 2469.0
0.000594 -0.000714 2470.0
0.000594 -0.000713 2471.0
0.000594 -0.000712 2472.0
0.000594 -0.000711 2473.0
0.000594 -0.000710 2474.0
0.000595 -0.000709 2475.0
0.000595 -0.000708 2476.0
0.000595 -0.000707 2477.0
0.000595 -0.000706 2478.0
0.000595 -0.000705 2479.0
0.000595 -0.000704 2480.0
0.000595 -0.000703 2481.0
0.000595 -0.000702 2482.0
0.000595 -0.000701 2483.0
0.000595 -0.000700 2484.0
0.000596 -0.000699 2485.0
0.000596 -0.000697 2486.0
0.000596 -0.000696 2487.0
0.000596 -0.000695 2488.0
0.000596 -0.000694 2489.0
0.000596 -0.000693 2490.0
0.000596 -0.000692 2491.0
0.000599 -0.000693 2492.0
0.000599 -0.000692 2493.0
0.000599 -0.000691 2494.0
0.000599 -0.000690 2495.0
0.000599 -0.000690 2496.0
0.000599 -0.000689 2497.0
0.000598 -0.000688 2498.0
0.000598 -0.000687 2499.0
0.000598 -0.000686 2500.0
0.000598 -0.000685 2501.0
0.000598 -0.000685 2502.0
0.000598 -0.000684 2503.0
0.000598 -0.000683 2504.0
0.000597 -0.000682 2505.0
0.000597 -0.000681 2506.0
0.000597 -0.000680 2507.0
0.000597 -0.000679 2508.0
0.000597 -0.000679 2509.0
0.000597 -0.000678 2510.0
0.000597 -0.000677 2511.0
0.000596 -0.000676 2512.0
0.000596 -0.000675 2513.0
0.000596 -0.000674 2514.0
0.000596 -0.000674 2515.0
0.000596 -0.000673 2516.0
0.000596 -0.000672 2517.0
0.000596 -0.000671 2518.0
0.000595 -0.000670 2519.0
0.000595 -0.000669 2520.0
0.000595 -0.000669 2521.0
0.000595 -0.000668 2522.0
0.000595 -0.000667 2523.0
0.000595 -0.000666 2524.0
0.000595 -0.000665 2525.0
0.000594 -0.000664 2526.0
0.000594 -0.000664 2527.0
0.000594 -0.000663 2528.0
0.000594 -0.000662 2529.0
0.000594 -0.000661 2530.0
0.000594 -0.000660 2531.0
0.000594 -0.000659 2532.0
0.000593 -0.000658 2533.0
0.000593 -0.000658 2534.0
0.000593 -0.000657 2535.0
0.000593 -0.000656 2536.0
0.000593 -0.000655 2537.0
0.000593 -0.000654 2538.0
0.000593 -0.000653 2539.0
0.000592 -0.000653 2540.0
0.000592 -0.000652 2541.0
0.000592 -0.000651 2542.0
0.000592 -0.000650 2543.0
0.000592 -0.000649 2544.0
0.000592 -0.000648 2545.0
0.000592 -0.000648 2546.0
0.000590 -0.000648 2547.0
0.000589 -0.000646 2548.0
0.000589 -0.000644 2549.0
0.000589 -0.000642 2550.0
0.000588 -0.000640 2551.0
0.000588 -0.000638 2552.0
0.000587 -0.000637 2553.0
0.000587 -0.000635 2554.0
0.000587 -0.000633 2555.0
0.000586 -0.000631 2556.0
0.000586 -0.000629 2557.0
0.000585 -0.000627 2558.0
0.000585 -0.000625 2559.0
0.000584 -0.000623 2560.0
0.000584 -0.000621 2561.0
0.000584 -0.000619 2562.0
0.000583 -0.000617 2563.0
0.000583 -0.000615 2564.0
0.000582 -0.000613 2565.0
0.000582 -0.000612 2566.0
0.000582 -0.000610 2567.0
0.000581 -0.000608 2568.0
0.000581 -0.000606 2569.0
0.000580 -0.000604 2570.0
0.000580 -0.000602 2571.0
0.000580 -0.000600 2572.0
0.000579 -0.000598 2573.0
0.000579 -0.000596 2574.0
0.000578 -0.000594 2575.0
0.000578 -0.000592 2576.0
0.000578 -0.000590 2577.0
0.000577 -0.000588 2578.0
0.000577 -0.000587 2579.0
0.000576 -0.000585 2580.0
0.000576 -0.000583 2581.0
0.000576 -0.000581 2582.0
0.000575 -0.000579 2583.0
0.000575 -0.000577 2584.0
0.000574 -0.000575 2585.0
0.000574 -0.000573 2586.0
0.000574 -0.000571 2587.0
0.000573 -0.000569 2588.0
0.000573 -0.000567 2589.0
0.000572 -0.000565 2590.0
0.000572 -0.000563 2591.0
0.000572 -0.000561 2592.0
0.000571 -0.000560 2593.0
0.000571 -0.000558 2594.0
0.000570 -0.000556 2595.0
0.000570 -0.000554 2596.0
0.000570 -0.000552 2597.0
0.000569 -0.000550 2598.0
0.000569 -0.000548 2599.0
0.000568 -0.000546 2600.0
0.000568 -0.000544 2601.0
0.000568 -0.000542 2602.0
0.000567 -0.000540 2603.0
0.000567 -0.000538 2604.0
0.000566 -0.000536 2605.0
0.000566 -0.000535 2606.0
0.000560 -0.000537 2607.0
0.000561 -0.000536 2608.0
0.000562 -0.000536 2609.0
0.000563 -0.000535 2610.0
0.000564 -0.000534 2611.0
0.000564 -0.000534 2612.0
0.000565 -0.000533 2613.0
0.000566 -0.000533 2614.0
0.000567 -0.000532 2615.0
0.000567 -0.000532 2616.0
0.000568 -0.000531 2617.0
0.000569 -0.000531 2618.0
0.000570 -0.000530 2619.0
0.000571 -0.000530 2620.0
0.000571 -0.000529 2621.0
0.000572 -0.000529 2622.0
0.000573 -0.000528 2623.0
0.000574 -0.000528 2624.0
0.000574 -0.000527 2625.0
0.000575 -0.000527 2626.0
0.000576 -0.000526 2627.0
0.000577 -0.000526 2628.0
0.000578 -0.000525 2629.0
0.000578 -0.000524 2630.0
0.000579 -0.000524 2631.0
0.000580 -0.000523 2632.0
0.000581 -0.000523 2633.0
0.000581 -0.000522 2634.0
0.000582 -0.000522 2635.0
0.000583 -0.000521 2636.0
0.000584 -0.000521 2637.0
0.000585 -0.000520 2638.0
0.000585 -0.000520 2639.0
0.000586 -0.000519 2640.0
0.000587 -0.000519 2641.0
0.000588 -0.000518 2642.0
0.000588 -0.000518 2643.0
0.000589 -0.000517 2644.0
0.000590 -0.000517 2645.0
0.000591 -0.000516 2646.0
0.000592 -0.000515 2647.0
0.000592 -0.000515 2648.0
0.000593 -0.000514 2649.0
0.000594 -0.000514 2650.0
0.000595 -0.000513 2651.0
0.000595 -0.000513 2652.0
0.000596 -0.000512 2653.0
0.000597 -0.000512 2654.0
0.000598 -0.000511 2655.0
0.000599 -0.000511 2656.0
0.000599 -0.000510 2657.0
0.000600 -0.000510 2658.0
0.000601 -0.000509 2659.0
0.000602 -0.000509 2660.0
0.000602 -0.000508 2661.0
0.000603 -0.000508 2662.0
0.000604 -0.000507 2663.0
0.000605 -0.000507 2664.0
0.000606 -0.000506 2665.0
0.000606 -0.000505 2666.0
0.000608 -0.000511 2667.0
0.000609 -0.000511 2668.0
0.000609 -0.000511 2669.0
0.000610 -0.000511 2670.0
0.000610 -0.000511 2671.0
0.000610 -0.000511 2672.0
0.000611 -0.000511 2673.0
0.000611 -0.000511 2674.0
0.000612 -0.000511 2675.0
0.000612 -0.000511 2676.0
0.000612 -0.000510 2677.0
0.000613 -0.000510 2678.0
0.000613 -0.000510 2679.0
0.000614 -0.000510 2680.0
0.000614 -0.000510 2681.0
0.000614 -0.000510 2682.0
0.000615 -0.000510 2683.0
0.000615 -0.000510 2684.0
0.000616 -0.000510 2685.0
0.000616 -0.000510 2686.0
0.000616 -0.000510 2687.0
0.000617 -0.000510 2688.0
0.000617 -0.000510 2689.0
0.000618 -0.000510 2690.0
0.000618 -0.000510 2691.0
0.000618 -0.000510 2692.0
0.000619 -0.000510 2693.0
0.000619 -0.000510 2694.0
0.000620 -0.000510 2695.0
0.000620 -0.000510 2696.0
0.000620 -0.000510 2697.0
0.000621 -0.000510 2698.0
0.000621 -0.000510 2699.0
0.000622 -0.000510 2700.0
0.000622 -0.000510 2701.0
0.000622 -0.000510 2702.0
0.000623 -0.000510 2703.0
0.000623 -0.000510 2704.0
0.000624 -0.000510 2705.0
0.000624 -0.000510 2706.0
0.000624 -0.000510 2707.0
0.000625 -0.000510 2708.0
0.000625 -0.000510 2709.0
0.000626 -0.000510 2710.0
0.000626 -0.000510 2711.0
0.000626 -0.000510 2712.0
0.000627 -0.000510 2713.0
0.000627 -0.000510 2714.0
0.000628 -0.000510 2715.0
0.000628 -0.000510 2716.0
0.000628 -0.000510 2717.0
0.000629 -0.000510 2718.0
0.000629 -0.000510 2719.0
0.000630 -0.000510 2720.0
0.000630 -0.000509 2721.0
0.000630 -0.000509 2722.0
0.000631 -0.000509 2723.0
0.000631 -0.000509 2724.0
0.000632 -0.000509 2725.0
0.000632 -0.000509 2726.0
0.000632 -0.000510 2727.0
0.000633 -0.000509 2728.0
0.000633 -0.000508 2729.0
0.000633 -0.000508 2730.0
0.000634 -0.000507 2731.0
0.000634 -0.000506 2732.0
0.000635 -0.000506 2733.0
0.000635 -0.000505 2734.0
0.000635 -0.000504 2735.0
0.000636 -0.000504 2736.0
0.000636 -0.000503 2737.0
0.000637 -0.000502 2738.0
0.000637 -0.000502 2739.0
0.000638 -0.000501 2740.0
0.000638 -0.000500 2741.0
0.000638 -0.000500 2742.0
0.000639 -0.000499 2743.0
0.000639 -0.000498 2744.0
0.000640 -0.000498 2745.0
0.000640 -0.000497 2746.0
0.000640 -0.000496 2747.0
0.000641 -0.000496 2748.0
0.000641 -0.000495 2749.0
0.000642 -0.000495 2750.0
0.000642 -0.000494 2751.0
0.000643 -0.000493 2752.0
0.000643 -0.000493 2753.0
0.000643 -0.000492 2754.0
0.000644 -0.000491 2755.0
0.000644 -0.000491 2756.0
0.000645 -0.000490 2757.0
0.000645 -0.000489 2758.0
0.000645 -0.000489 2759.0
0.000646 -0.000488 2760.0
0.000646 -0.000487 2761.0
0.000647 -0.000487 2762.0
0.000647 -0.000486 2763.0
0.000648 -0.000485 2764.0
0.000648 -0.000485 2765.0
0.000648 -0.000484 2766.0
0.000649 -0.000483 2767.0
0.000649 -0.000483 2768.0
0.000650 -0.000482 2769.0
0.000650 -0.000481 2770.0
0.000650 -0.000481 2771.0
0.000651 -0.000480 2772.0
0.000651 -0.000479 2773.0
0.000652 -0.000479 2774.0
0.000652 -0.000478 2775.0
0.000653 -0.000477 2776.0
0.000653 -0.000477 2777.0
0.000653 -0.000476 2778.0
0.000654 -0.000475 2779.0
0.000654 -0.000475 2780.0
0.000655 -0.000474 2781.0
0.000655 -0.000473 2782.0
0.000655 -0.000473 2783.0
0.000656 -0.000472 2784.0
0.000656 -0.000471 2785.0
0.000657 -0.000471 2786.0
0.000660 -0.000475 2787.0
0.000661 -0.000474 2788.0
0.000661 -0.000473 2789.0
0.000662 -0.000472 2790.0
0.000662 -0.000471 2791.0
0.000663 -0.000470 2792.0
0.000664 -0.000469 2793.0
0.000664 -0.000468 2794.0
0.000665 -0.000467 2795.0
0.000666 -0.000466 2796.0
0.000666 -0.000465 2797.0
0.000667 -0.000464 2798.0
0.000667 -0.000463 2799.0
0.000668 -0.000462 2800.0
0.000669 -0.000461 2801.0
0.000669 -0.000460 2802.0
0.000670 -0.000459 2803.0
0.000670 -0.000458 2804.0
0.000671 -0.000457 2805.0
0.000672 -0.000456 2806.0
0.000672 -0.000455 2807.0
0.000673 -0.000454 2808.0
0.000674 -0.000453 2809.0
0.000674 -0.000452 2810.0
0.000675 -0.000451 2811.0
0.000675 -0.000450 2812.0
0.000676 -0.000449 2813.0
0.000677 -0.000449 2814.0
0.000677 -0.000448 2815.0
0.000678 -0.000447 2816.0
0.000679 -0.000446 2817.0
0.000679 -0.000445 2818.0
0.000680 -0.000444 2819.0
0.000680 -0.000443 2820.0
0.000681 -0.000442 2821.0
0.000682 -0.000441 2822.0
0.000682 -0.000440 2823.0
0.000683 -0.000439 2824.0
0.000683 -0.000438 2825.0
0.000684 -0.000437 2826.0
0.000685 -0.000436 2827.0
0.000685 -0.000435 2828.0
0.000686 -0.000434 2829.0
0.000687 -0.000433 2830.0
0.000687 -0.000432 2831.0
0.000688 -0.000431 2832.0
0.000688 -0.000430 2833.0
0.000689 -0.000429 2834.0
0.000690 -0.000428 2835.0
0.000690 -0.000427 2836.0
0.000691 -0.000426 2837.0
0.000691 -0.000425 2838.0
0.000692 -0.000424 2839.0
0.000693 -0.000423 2840.0
0.000693 -0.000423 2841.0
0.000694 -0.000422 2842.0
0.000695 -0.000421 2843.0
0.000695 -0.000420 2844.0
0.000696 -0.000419 2845.0
0.000696 -0.000418 2846.0
0.000701 -0.000423 2847.0
0.000701 -0.000423 2848.0
0.000701 -0.000423 2849.0
0.000701 -0.000423 2850.0
0.000701 -0.000423 2851.0
0.000701 -0.000423 2852.0
0.000701 -0.000423 2853.0
0.000701 -0.000423 2854.0
0.000701 -0.000422 2855.0
0.000702 -0.000422 2856.0
0.000702 -0.000422 2857.0
0.000702 -0.000422 2858.0
0.000702 -0.000422 2859.0
0.000702 -0.000422 2860.0
0.000702 -0.000422 2861.0
0.000702 -0.000422 2862.0
0.000702 -0.000422 2863.0
0.000702 -0.000422 2864.0
0.000702 -0.000422 2865.0
0.000702 -0.000421 2866.0
0.000702 -0.000421 2867.0
0.000702 -0.000421 2868.0
0.000702 -0.000421 2869.0
0.000702 -0.000421 2870.0
0.000702 -0.000421 2871.0
0.000702 -0.000421 2872.0
0.000702 -0.000421 2873.0
0.000702 -0.000421 2874.0
0.000702 -0.000421 2875.0
0.000702 -0.000421 2876.0
0.000702 -0.000420 2877.0
0.000702 -0.000420 2878.0
0.000702 -0.000420 2879.0
0.000702 -0.000420 2880.0
0.000702 -0.000420 2881.0
0.000702 -0.000420 2882.0
0.000702 -0.000420 2883.0
0.000702 -0.000420 2884.0
0.000702 -0.000420 2885.0
0.000702 -0.000420 2886.0
0.000703 -0.000420 2887.0
0.000703 -0.000419 2888.0
0.000703 -0.000419 2889.0
0.000703 -0.000419 2890.0
0.000703 -0.000419 2891.0
0.000703 -0.000419 2892.0
0.000703 -0.000419 2893.0
0.000703 -0.000419 2894.0
0.000703 -0.000419 2895.0
0.000703 -0.000419 2896.0
0.000703 -0.000419 2897.0
0.000703 -0.000419 2898.0
0.000703 -0.000418 2899.0
0.000703 -0.000418 2900.0
0.000703 -0.000418 2901.0
0.000703 -0.000418 2902.0
0.000703 -0.000418 2903.0
0.000703 -0.000418 2904.0
0.000703 -0.000418 2905.0
0.000703 -0.000418 2906.0
0.000703 -0.000418 2907.0
0.000704 -0.000418 2908.0
0.000704 -0.000418 2909.0
0.000704 -0.000418 2910.0
0.000704 -0.000418 2911.0
0.000704 -0.000418 2912.0
0.000704 -0.000418 2913.0
0.000704 -0.000418 2914.0
0.000704 -0.000418 2915.0
0.000704 -0.000418 2916.0
0.000704 -0.000418 2917.0
0.000704 -0.000418 2918.0
0.000704 -0.000418 2919.0
0.000704 -0.000418 2920.0
0.000704 -0.000418 2921.0
0.000704 -0.000418 2922.0
0.000704 -0.000418 2923.0
0.000704 -0.000418 2924.0
0.000704 -0.000418 2925.0
0.000704 -0.000418 2926.0
0.000704 -0.000418 2927.0
0.000704 -0.000418 2928.0
0.000704 -0.000418 2929.0
0.000704 -0.000418 2930.0
0.000704 -0.000418 2931.0
0.000704 -0.000418 2932.0
0.000704 -0.000418 2933.0
0.000704 -0.000418 2934.0
0.000704 -0.000418 2935.0
0.000704 -0.000418 2936.0
0.000704 -0.000418 2937.0
0.000704 -0.000418 2938.0
0.000704 -0.000418 2939.0
0.000704 -0.000418 2940.0
0.000704 -0.000418 2941.0
0.000704 -0.000418 2942.0
0.000704 -0.000418 2943.0
0.000704 -0.000418 2944.0
0.000704 -0.000418 2945.0
0.000704 -0.000418 2946.0
0.000704 -0.000418 2947.0
0.000704 -0.000418 2948.0
0.000704 -0.000418 2949.0
0.000704 -0.000418 2950.0
0.000704 -0.000418 2951.0
0.000704 -0.000418 2952.0
0.000704 -0.000418 2953.0
0.000704 -0.000418 2954.0
0.000704 -0.000418 2955.0
0.000704 -0.000418 2956.0
0.000704 -0.000418 2957.0
0.000704 -0.000418 2958.0
0.000704 -0.000418 2959.0
0.000704 -0.000418 2960.0
0.000704 -0.000418 2961.0
0.000704 -0.000418 2962.0
0.000704 -0.000418 2963.0
0.000704 -0.000418 2964.0
0.000704 -0.000418 2965.0
0.000704 -0.000418 2966.0
0.000704 -0.000418 2967.0
0.000704 -0.000418 2968.0
0.000704 -0.000418 2969.0
0.000704 -0.000418 2970.0
0.000704 -0.000418 2971.0
0.000704 -0.000418 2972.0
0.000704 -0.000418 2973.0
0.000704 -0.000418 2974.0
0.000704 -0.000418 2975.0
0.000704 -0.000418 2976.0
0.000704 -0.000418 2977.0
0.000704 -0.000418 2978.0
0.000704 -0.000418 2979.0
0.000704 -0.000418 2980.0
0.000704 -0.000418 2981.0
0.000704 -0.000418 2982.0
0.000704 -0.000418 2983.0
0.000704 -0.000418 2984.0
0.000704 -0.000418 2985.0
0.000704 -0.000418 2986.0
0.000704 -0.000418 2987.0
0.000704 -0.000418 2988.0
0.000704 -0.000418 2989.0
0.000704 -0.000418 2990.0
0.000704 -0.000418 2991.0
0.000704 -0.000418 2992.0
0.000704 -0.000418 2993.0
0.000704 -0.000418 2994.0
0.000704 -0.000418 2995.0
0.000704 -0.000418 2996.0
0.000704 -0.000418 2997.0
0.000704 -0.000418 2998.0
0.000704 -0.000418 2999.0
0.000704 -0.000418 3000.0
0.000704 -0.000418 3001.0
0.000704 -0.000418 3002.0
0.000704 -0.000418 3003.0
0.000704 -0.000418 3004.0
0.000704 -0.000418 3005.0
0.000704 -0.000418 3006.0
0.000704 -0.000418 3007.0
0.000704 -0.000418 3008.0
0.000704 -0.000418 3009.0
0.000704 -0.000418 3010.0
0.000704 -0.000418 3011.0
0.000704 -0.000418 3012.0
0.000704 -0.000418 3013.0
0.000704 -0.000418 3014.0
0.000704 -0.000418 3015.0
0.000704 -0.000418 3016.0
0.000704 -0.000418 3017.0
0.000704 -0.000418 3018.0
0.000704 -0.000418 3019.0
0.000704 -0.000418 3020.0
0.000704 -0.000418 3021.0
0.000704 -0.000418 3022.0
0.000704 -0.000418 3023.0
0.000704 -0.000418 3024.0
0.000704 -0.000418 3025.0
0.000704 -0.000418 3026.0
0.000704 -0.000418 3027.0
0.000704 -0.000418 3028.0
0.000704 -0.000418 3029.0
0.000704 -0.000418 3030.0
0.000704 -0.000418 3031.0
0.000704 -0.000418 3032.0
0.000704 -0.000418 3033.0
0.000704 -0.000418 3034.0
0.000704 -0.000418 3035.0
0.000704 -0.000418 3036.0
0.000704 -0.000418 3037.0
0.000704 -0.000418 3038.0
0.000704 -0.000418 3039.0
0.000704 -0.000418 3040.0
0.000704 -0.000418 3041.0
0.000704 -0.000418 3042.0
0.000704 -0.000418 3043.0
0.000704 -0.000418 3044.0
0.000704 -0.000418 3045.0
0.000704 -0.000418 3046.0
0.000704 -0.000418 3047.0
0.000704 -0.000418 3048.0
0.000704 -0.000418 3049.0
0.000704 -0.000418 3050.0
0.000704 -0.000418 3051.0
0.000704 -0.000418 3052.0
0.000704 -0.000418 3053.0
0.000704 -0.000418 3054.0
0.000704 -0.000418 3055.0
0.000704 -0.000418 3056.0
0.000704 -0.000418 3057.0
0.000704 -0.000418 3058.0
0.000704 -0.000418 3059.0
0.000704 -0.000418 3060.0
0.000704 -0.000418 3061.0
0.000704 -0.000418 3062.0
0.000704 -0.000418 3063.0
0.000704 -0.000418 3064.0
0.000704 -0.000418 3065.0
0.000704 -0.000418 3066.0
0.000704 -0.000418 3067.0
0.000704 -0.000418 3068.0
0.000704 -0.000418 3069.0
0.000704 -0.000418 3070.0
0.000704 -0.000418 3071.0
0.000704 -0.000418 3072.0
0.000704 -0.000418 3073.0
0.000704 -0.000418 3074.0
0.000704 -0.000418 3075.0
0.000704 -0.000418 3076.0
0.000704 -0.000418 3077.0
0.000704 -0.000418 3078.0
0.000704 -0.000418 3079.0
0.000704 -0.000418 3080.0
0.000704 -0.000418 3081.0
0.000704 -0.000418 3082.0
0.000704 -0.000418 3083.0
0.000704 -0.000418 3084.0
0.000704 -0.000418 3085.0
0.000704 -0.000418 3086.0
0.000704 -0.000418 3087.0
0.000704 -0.000418 3088.0
0.000704 -0.000418 3089.0
0.000704 -0.000418 3090.0
0.000704 -0.000418 3091.0
0.000704 -0.000418 3092.0
0.000704 -0.000418 3093.0
0.000704 -0.000418 3094.0
0.000704 -0.000418 3095.0
0.000704 -0.000418 3096.0
0.000704 -0.000418 3097.0
0.000704 -0.000418 3098.0
0.000704 -0.000418 3099.0
0.000704 -0.000418 3100.0
0.000704 -0.000418 3101.0
0.000704 -0.000418 3102.0
0.000704 -0.000418 3103.0
0.000704 -0.000418 3104.0
0.000704 -0.000418 3105.0
0.000704 -0.000418 3106.0
0.000704 -0.000418 3107.0
0.000704 -0.000418 3108.0
0.000704 -0.000418 3109.0
0.000704 -0.000418 3110.0
0.000704 -0.000418 3111.0
0.000704 -0.000418 3112.0
0.000704 -0.000418 3113.0
0.000704 -0.000418 3114.0
0.000704 -0.000418 3115.0
0.000704 -0.000418 3116.0
0.000704 -0.000418 3117.0
0.000704 -0.000418 3118.0
0.000704 -0.000418 3119.0
0.000704 -0.000418 3120.0
0.000704 -0.000418 3121.0
0.000704 -0.000418 3122.0
0.000704 -0.000418 3123.0
0.000704 -0.000418 3124.0
0.000704 -0.000418 3125.0
0.000704 -0.000418 3126.0
0.000704 -0.000418 3127.0
0.000704 -0.000418 3128.0
0.000704 -0.000418 3129.0
0.000704 -0.000418 3130.0
0.000704 -0.000418 3131.0
0.000704 -0.000418 3132.0
0.000703 -0.000418 3133.0
0.000703 -0.000418 3134.0
0.000703 -0.000419 3135.0
0.000703 -0.000419 3136.0
0.000703 -0.000419 3137.0
0.000703 -0.000419 3138.0
0.000703 -0.000419 3139.0
0.000703 -0.000419 3140.0
0.000703 -0.000419 3141.0
0.000703 -0.000419 3142.0
0.000703 -0.000419 3143.0
0.000703 -0.000419 3144.0
0.000703 -0.000419 3145.0
0.000703 -0.000419 3146.0
0.000703 -0.000419 3147.0
0.000703 -0.000419 3148.0
0.000703 -0.000419 3149.0
0.000703 -0.000419 3150.0
0.000703 -0.000419 3151.0
0.000703 -0.000419 3152.0
0.000703 -0.000419 3153.0
0.000703 -0.000419 3154.0
0.000703 -0.000419 3155.0
0.000703 -0.000419 3156.0
0.000703 -0.000419 3157.0
0.000703 -0.000419 3158.0
0.000703 -0.000419 3159.0
0.000703 -0.000419 3160.0
0.000703 -0.000419 3161.0
0.000703 -0.000419 3162.0
0.000703 -0.000419 3163.0
0.000703 -0.000419 3164.0
0.000703 -0.000419 3165.0
0.000703 -0.000419 3166.0
0.000703 -0.000419 3167.0
0.000703 -0.000419 3168.0
0.000703 -0.000419 3169.0
0.000703 -0.000419 3170.0
0.000703 -0.000419 3171.0
0.000703 -0.000419 3172.0
0.000703 -0.000419 3173.0
0.000703 -0.000419 3174.0
0.000703 -0.000419 3175.0
0.000703 -0.000419 3176.0
0.000703 -0.000419 3177.0
0.000703 -0.000419 3178.0
0.000703 -0.000419 3179.0
0.000703 -0.000419 3180.0
0.000703 -0.000419 3181.0
0.000703 -0.000419 3182.0
0.000703 -0.000419 3183.0
0.000703 -0.000419 3184.0
0.000703 -0.000419 3185.0
0.000703 -0.000419 3186.0
0.000703 -0.000419 3187.0
0.000703 -0.000419 3188.0
0.000703 -0.000419 3189.0
0.000703 -0.000419 3190.0
0.000703 -0.000419 3191.0
0.000703 -0.000419 3192.0
0.000703 -0.000419 3193.0
0.000703 -0.000419 3194.0
0.000703 -0.000419 3195.0
0.000703 -0.000419 3196.0
0.000703 -0.000419 3197.0
0.000703 -0.000419 3198.0
0.000703 -0.000419 3199.0
0.000703 -0.000419 3200.0
0.000703 -0.000419 3201.0
0.000703 -0.000419 3202.0
0.000703 -0.000419 3203.0
0.000703 -0.000419 3204.0
0.000703 -0.000419 3205.0
0.000703 -0.000419 3206.0
0.000703 -0.000419 3207.0
0.000703 -0.000419 3208.0
0.000703 -0.000419 3209.0
0.000703 -0.000419 3210.0
0.000703 -0.000419 3211.0
0.000703 -0.000419 3212.0
0.000703 -0.000419 3213.0
0.000703 -0.000419 3214.0
0.000703 -0.000419 3215.0
0.000703 -0.000419 3216.0
0.000703 -0.000419 3217.0
0.000703 -0.000419 3218.0
0.000703 -0.000419 3219.0
0.000703 -0.000419 3220.0
0.000703 -0.000419 3221.0
0.000703 -0.000419 3222.0
0.000703 -0.000419 3223.0
0.000703 -0.000419 3224.0
0.000703 -0.000419 3225.0
0.000703 -0.000419 3226.0
0.000703 -0.000419 3227.0
0.000703 -0.000419 3228.0
0.000703 -0.000419 3229.0
0.000703 -0.000419 3230.0
0.000703 -0.000419 3231.0
0.000703 -0.000419 3232.0
0.000703 -0.000419 3233.0
0.000703 -0.000419 3234.0
0.000703 -0.000419 3235.0
0.000703 -0.000419 3236.0
0.000703 -0.000419 3237.0
0.000703 -0.000419 3238.0
0.000703 -0.000419 3239.0
0.000703 -0.000419 3240.0
0.000703 -0.000419 3241.0
0.000703 -0.000419 3242.0
0.000703 -0.000419 3243.0
0.000703 -0.000419 3244.0
0.000703 -0.000419 3245.0
0.000703 -0.000419 3246.0
0.000703 -0.000419 3247.0
0.000703 -0.000419 3248.0
0.000703 -0.000419 3249.0
0.000703 -0.000419 3250.0
0.000703 -0.000419 3251.0
0.000703 -0.000419 3252.0
0.000703 -0.000419 3253.0
0.000703 -0.000419 3254.0
0.000703 -0.000419 3255.0
0.000703 -0.000419 3256.0
0.000703 -0.000419 3257.0
0.000703 -0.000419 3258.0
0.000703 -0.000419 3259.0
0.000703 -0.000419 3260.0
0.000703 -0.000419 3261.0
0.000703 -0.000419 3262.0
0.000703 -0.000419 3263.0
0.000703 -0.000419 3264.0
0.000703 -0.000419 3265.0
0.000703 -0.000419 3266.0
0.000703 -0.000419 3267.0
0.000703 -0.000419 3268.0
0.000703 -0.000419 3269.0
0.000703 -0.000419 3270.0
0.000703 -0.000419 3271.0
0.000703 -0.000419 3272.0
0.000703 -0.000419 3273.0
0.000703 -0.000419 3274.0
0.000703 -0.000419 3275.0
0.000703 -0.000419 3276.0
0.000703 -0.000419 3277.0
0.000703 -0.000419 3278.0
0.000703 -0.000419 3279.0
0.000703 -0.000419 3280.0
0.000703 -0.000419 3281.0
0.000703 -0.000419 3282.0
0.000703 -0.000419 3283.0
0.000703 -0.000419 3284.0
0.000703 -0.000419 3285.0
0.000703 -0.000419 3286.0
0.000703 -0.000419 3287.0
0.000703 -0.000419 3288.0
0.000704 -0.000419 3289.0
0.000704 -0.000419 3290.0
0.000704 -0.000419 3291.0
0.000704 -0.000419 3292.0
0.000704 -0.000419 3293.0
0.000704 -0.000419 3294.0
0.000704 -0.000419 3295.0
0.000704 -0.000419 3296.0
0.000704 -0.000419 3297.0
0.000704 -0.000419 3298.0
0.000704 -0.000419 3299.0
0.000704 -0.000419 3300.0
0.000704 -0.000418 3301.0
0.000704 -0.000418 3302.0
0.000704 -0.000418 3303.0
0.000704 -0.000418 3304.0
0.000704 -0.000418 3305.0
0.000704 -0.000418 3306.0
0.000704 -0.000418 3307.0
0.000704 -0.000418 3308.0
0.000704 -0.000418 3309.0
0.000704 -0.000418 3310.0
0.000704 -0.000418 3311.0
0.000704 -0.000418 3312.0
0.000704 -0.000418 3313.0
0.000704 -0.000418 3314.0
0.000704 -0.000418 3315.0
0.000704 -0.000418 3316.0
0.000704 -0.000418 3317.0
0.000704 -0.000418 3318.0
0.000704 -0.000418 3319.0
0.000704 -0.000418 3320.0
0.000704 -0.000418 3321.0
0.000704 -0.000418 3322.0
0.000704 -0.000418 3323.0
0.000704 -0.000418 3324.0
0.000704 -0.000418 3325.0
0.000704 -0.000418 3326.0
0.000704 -0.000418 3327.0
0.000704 -0.000418 3328.0
0.000704 -0.000418 3329.0
0.000704 -0.000418 3330.0
0.000704 -0.000418 3331.0
0.000704 -0.000418 3332.0
0.000704 -0.000418 3333.0
0.000704 -0.000418 3334.0
0.000704 -0.000418 3335.0
0.000704 -0.000418 3336.0
0.000704 -0.000418 3337.0
0.000704 -0.000418 3338.0
0.000704 -0.000418 3339.0
0.000704 -0.000418 3340.0
0.000704 -0.000418 3341.0
0.000704 -0.000418 3342.0
0.000704 -0.000418 3343.0
0.000704 -0.000418 3344.0
0.000704 -0.000418 3345.0
0.000704 -0.000418 3346.0
0.000704 -0.000418 3347.0
0.000704 -0.000418 3348.0
0.000704 -0.000418 3349.0
0.000704 -0.000418 3350.0
0.000704 -0.000418 3351.0
0.000704 -0.000418 3352.0
0.000704 -0.000418 3353.0
0.000704 -0.000418 3354.0
0.000704 -0.000418 3355.0
0.000704 -0.000418 3356.0
0.000704 -0.000418 3357.0
0.000704 -0.000418 3358.0
0.000704 -0.000418 3359.0
0.000704 -0.000418 3360.0
0.000704 -0.000418 3361.0
0.000704 -0.000418 3362.0
0.000704 -0.000418 3363.0
0.000704 -0.000418 3364.0
0.000704 -0.000418 3365.0
0.000704 -0.000418 3366.0
0.000704 -0.000418 3367.0
0.000704 -0.000418 3368.0
0.000704 -0.000418 3369.0
0.000704 -0.000418 3370.0
0.000704 -0.000418 3371.0
0.000704 -0.000418 3372.0
0.000704 -0.000418 3373.0
0.000704 -0.000418 3374.0
0.000704 -0.000418 3375.0
0.000704 -0.000418 3376.0
0.000704 -0.000418 3377.0
0.000703 -0.000418 3378.0
0.000703 -0.000418 3379.0
0.000703 -0.000418 3380.0
0.000703 -0.000418 3381.0
0.000703 -0.000418 3382.0
0.000703 -0.000418 3383.0
0.000703 -0.000418 3384.0
0.000703 -0.000418 3385.0
0.000703 -0.000418 3386.0
0.000703 -0.000418 3387.0
0.000703 -0.000418 3388.0
0.000703 -0.000418 3389.0
0.000703 -0.000418 3390.0
0.000703 -0.000418 3391.0
0.000703 -0.000418 3392.0
0.000703 -0.000418 3393.0
0.000703 -0.000418 3394.0
0.000703 -0.000418 3395.0
0.000703 -0.000418 3396.0
0.000703 -0.000418 3397.0
0.000703 -0.000418 3398.0
0.000703 -0.000417 3399.0
0.000702 -0.000417 3400.0
0.000702 -0.000417 3401.0
0.000702 -0.000417 3402.0
0.000702 -0.000417 3403.0
0.000702 -0.000417 3404.0
0.000702 -0.000417 3405.0
0.000702 -0.000417 3406.0
0.000702 -0.000417 3407.0
0.000702 -0.000416 3408.0
0.000701 -0.000416 3409.0
0.000701 -0.000416 3410.0
0.000701 -0.000416 3411.0
0.000701 -0.000416 3412.0
0.000701 -0.000416 3413.0
0.000701 -0.000416 3414.0
0.000701 -0.000416 3415.0
0.000701 -0.000415 3416.0
0.000701 -0.000415 3417.0
0.000701 -0.000415 3418.0
0.000700 -0.000415 3419.0
0.000700 -0.000415 3420.0
0.000700 -0.000415 3421.0
0.000700 -0.000415 3422.0
0.000700 -0.000415 3423.0
0.000700 -0.000414 3424.0
0.000700 -0.000414 3425.0
0.000700 -0.000414 3426.0
0.000700 -0.000414 3427.0
0.000699 -0.000414 3428.0
0.000699 -0.000414 3429.0
0.000699 -0.000414 3430.0
0.000699 -0.000414 3431.0
0.000699 -0.000414 3432.0
0.000699 -0.000413 3433.0
0.000699 -0.000413 3434.0
0.000699 -0.000413 3435.0
0.000699 -0.000413 3436.0
0.000698 -0.000413 3437.0
0.000698 -0.000413 3438.0
0.000698 -0.000413 3439.0
0.000698 -0.000413 3440.0
0.000698 -0.000412 3441.0
0.000698 -0.000412 3442.0
0.000698 -0.000412 3443.0
0.000698 -0.000412 3444.0
0.000698 -0.000412 3445.0
0.000697 -0.000412 3446.0
0.000697 -0.000412 3447.0
0.000697 -0.000412 3448.0
0.000697 -0.000411 3449.0
0.000697 -0.000411 3450.0
0.000697 -0.000411 3451.0
0.000697 -0.000411 3452.0
0.000697 -0.000411 3453.0
0.000697 -0.000411 3454.0
0.000697 -0.000411 3455.0
0.000696 -0.000411 3456.0
0.000696 -0.000411 3457.0
0.000696 -0.000410 3458.0
0.000696 -0.000410 3459.0
0.000696 -0.000410 3460.0
0.000696 -0.000410 3461.0
0.000696 -0.000410 3462.0
0.000696 -0.000410 3463.0
0.000696 -0.000410 3464.0
0.000695 -0.000410 3465.0
0.000695 -0.000409 3466.0
0.000695 -0.000409 3467.0
0.000695 -0.000409 3468.0
0.000695 -0.000409 3469.0
0.000695 -0.000409 3470.0
0.000695 -0.000409 3471.0
0.000695 -0.000409 3472.0
0.000695 -0.000409 3473.0
0.000694 -0.000408 3474.0
0.000694 -0.000408 3475.0
0.000694 -0.000408 3476.0
0.000694 -0.000408 3477.0
0.000694 -0.000408 3478.0
0.000694 -0.000408 3479.0
0.000694 -0.000408 3480.0
0.000693 -0.000409 3481.0
0.000692 -0.000410 3482.0
0.000692 -0.000411 3483.0
0.000691 -0.000412 3484.0
0.000691 -0.000413 3485.0
0.000690 -0.000414 3486.0
0.000689 -0.000415 3487.0
0.000689 -0.000416 3488.0
0.000688 -0.000417 3489.0
0.000688 -0.000418 3490.0
0.000687 -0.000419 3491.0
0.000686 -0.000420 3492.0
0.000686 -0.000420 3493.0
0.000685 -0.000421 3494.0
0.000685 -0.000422 3495.0
0.000684 -0.000423 3496.0
0.000683 -0.000424 3497.0
0.000683 -0.000425 3498.0
0.000682 -0.000426 3499.0
0.000682 -0.000427 3500.0
0.000681 -0.000428 3501.0
0.000680 -0.000429 3502.0
0.000680 -0.000430 3503.0
0.000679 -0.000431 3504.0
0.000679 -0.000432 3505.0
0.000678 -0.000433 3506.0
0.000677 -0.000434 3507.0
0.000677 -0.000435 3508.0
0.000676 -0.000436 3509.0
0.000676 -0.000437 3510.0
0.000675 -0.000437 3511.0
0.000674 -0.000438 3512.0
0.000674 -0.000439 3513.0
0.000673 -0.000440 3514.0
0.000673 -0.000441 3515.0
0.000672 -0.000442 3516.0
0.000671 -0.000443 3517.0
0.000671 -0.000444 3518.0
0.000670 -0.000445 3519.0
0.000670 -0.000446 3520.0
0.000669 -0.000447 3521.0
0.000668 -0.000448 3522.0
0.000668 -0.000449 3523.0
0.000667 -0.000450 3524.0
0.000667 -0.000451 3525.0
0.000666 -0.000452 3526.0
0.000665 -0.000453 3527.0
0.000665 -0.000453 3528.0
0.000664 -0.000454 3529.0
0.000664 -0.000455 3530.0
0.000663 -0.000456 3531.0
0.000663 -0.000457 3532.0
0.000662 -0.000458 3533.0
0.000661 -0.000459 3534.0
0.000661 -0.000460 3535.0
0.000660 -0.000461 3536.0
0.000660 -0.000462 3537.0
0.000659 -0.000463 3538.0
0.000658 -0.000464 3539.0
0.000658 -0.000465 3540.0
0.000657 -0.000466 3541.0
0.000652 -0.000460 3542.0
0.000651 -0.000462 3543.0
0.000650 -0.000463 3544.0
0.000649 -0.000464 3545.0
0.000648 -0.000465 3546.0
0.000647 -0.000466 3547.0
0.000646 -0.000467 3548.0
0.000645 -0.000468 3549.0
0.000643 -0.000470 3550.0
0.000642 -0.000471 3551.0
0.000641 -0.000472 3552.0
0.000640 -0.000473 3553.0
0.000639 -0.000474 3554.0
0.000638 -0.000475 3555.0
0.000637 -0.000477 3556.0
0.000636 -0.000478 3557.0
0.000635 -0.000479 3558.0
0.000634 -0.000480 3559.0
0.000633 -0.000481 3560.0
0.000631 -0.000482 3561.0
0.000630 -0.000483 3562.0
0.000629 -0.000485 3563.0
0.000628 -0.000486 3564.0
0.000627 -0.000487 3565.0
0.000626 -0.000488 3566.0
0.000625 -0.000489 3567.0
0.000624 -0.000490 3568.0
0.000623 -0.000492 3569.0
0.000622 -0.000493 3570.0
0.000620 -0.000494 3571.0
0.000619 -0.000495 3572.0
0.000618 -0.000496 3573.0
0.000617 -0.000497 3574.0
0.000616 -0.000498 3575.0
0.000615 -0.000500 3576.0
0.000614 -0.000501 3577.0
0.000613 -0.000502 3578.0
0.000612 -0.000503 3579.0
0.000611 -0.000504 3580.0
0.000609 -0.000505 3581.0
0.000608 -0.000507 3582.0
0.000607 -0.000508 3583.0
0.000606 -0.000509 3584.0
0.000605 -0.000510 3585.0
0.000604 -0.000511 3586.0
0.000603 -0.000512 3587.0
0.000602 -0.000514 3588.0
0.000601 -0.000515 3589.0
0.000600 -0.000516 3590.0
0.000598 -0.000517 3591.0
0.000597 -0.000518 3592.0
0.000596 -0.000519 3593.0
0.000595 -0.000520 3594.0
0.000594 -0.000522 3595.0
0.000593 -0.000523 3596.0
0.000592 -0.000524 3597.0
0.000591 -0.000525 3598.0
0.000586 -0.000516 3599.0
