0.001029 0.000351 28.0
0.001029 0.000349 29.0
0.001028 0.000346 30.0
0.001028 0.000344 31.0
0.001027 0.000342 32.0
0.001027 0.000340 33.0
0.001026 0.000338 34.0
0.001026 0.000336 35.0
0.001025 0.000334 36.0
0.001025 0.000332 37.0
0.001024 0.000330 38.0
0.001024 0.000328 39.0
0.001023 0.000326 40.0
0.001023 0.000324 41.0
0.001022 0.000322 42.0
0.001022 0.000320 43.0
0.001021 0.000317 44.0
0.001021 0.000315 45.0
0.001020 0.000313 46.0
0.001020 0.000311 47.0
0.001019 0.000309 48.0
0.001019 0.000307 49.0
0.001018 0.000305 50.0
0.001018 0.000303 51.0
0.001017 0.000301 52.0
0.001017 0.000299 53.0
0.001016 0.000297 54.0
0.001016 0.000295 55.0
0.001015 0.000293 56.0
0.001015 0.000291 57.0
0.001015 0.000289 58.0
0.001014 0.000286 59.0
0.001014 0.000284 60.0
0.001013 0.000282 61.0
0.001013 0.000280 62.0
0.001012 0.000278 63.0
0.001012 0.000276 64.0
0.001011 0.000274 65.0
0.001011 0.000272 66.0
0.001010 0.000270 67.0
0.001010 0.000268 68.0
0.001009 0.000266 69.0
0.001009 0.000264 70.0
0.001008 0.000262 71.0
0.001008 0.000260 72.0
0.001007 0.000257 73.0
0.001007 0.000255 74.0
0.001006 0.000253 75.0
0.001006 0.000251 76.0
0.001005 0.000249 77.0
0.001005 0.000247 78.0
0.001004 0.000245 79.0
0.001004 0.000243 80.0
0.001003 0.000241 81.0
0.001003 0.000239 82.0
0.001002 0.000237 83.0
0.001002 0.000235 84.0
0.001001 0.000233 85.0
0.001001 0.000231 86.0
0.001000 0.000229 87.0
0.000994 0.000231 88.0
0.000994 0.000230 89.0
0.000994 0.000229 90.0
0.000994 0.000228 91.0
0.000993 0.000227 92.0
0.000993 0.000226 93.0
0.000993 0.000224 94.0
0.000993 0.000223 95.0
0.000993 0.000222 96.0
0.000993 0.000221 97.0
0.000993 0.000220 98.0
0.000993 0.000219 99.0
0.000992 0.000218 100.0
0.000992 0.000217 101.0
0.000992 0.000215 102.0
0.000992 0.000214 103.0
0.000992 0.000213 104.0
0.000992 0.000212 105.0
0.000992 0.000211 106.0
0.000992 0.000210 107.0
0.000991 0.000209 108.0
0.000991 0.000208 109.0
0.000991 0.000206 110.0
0.000991 0.000205 111.0
0.000991 0.000204 112.0
0.000991 0.000203 113.0
0.000991 0.000202 114.0
0.000991 0.000201 115.0
0.000990 0.000200 116.0
0.000990 0.000199 117.0
0.000990 0.000197 118.0
0.000990 0.000196 119.0
0.000990 0.000195 120.0
0.000990 0.000194 121.0
0.000990 0.000193 122.0
0.000990 0.000192 123.0
0.000989 0.000191 124.0
0.000989 0.000190 125.0
0.000989 0.000188 126.0
0.000989 0.000187 127.0
0.000989 0.000186 128.0
0.000989 0.000185 129.0
0.000989 0.000184 130.0
0.000989 0.000183 131.0
0.000988 0.000182 132.0
0.000988 0.000181 133.0
0.000988 0.000179 134.0
0.000988 0.000178 135.0
0.000988 0.000177 136.0
0.000988 0.000176 137.0
0.000988 0.000175 138.0
0.000988 0.000174 139.0
0.000987 0.000173 140.0
0.000987 0.000172 141.0
0.000987 0.000170 142.0
0.000987 0.000169 143.0
0.000987 0.000168 144.0
0.000987 0.000167 145.0
0.000987 0.000166 146.0
0.000987 0.000165 147.0
0.000986 0.000164 148.0
0.000984 0.000164 149.0
0.000984 0.000162 150.0
0.000984 0.000159 151.0
0.000983 0.000157 152.0
0.000983 0.000154 153.0
0.000983 0.000152 154.0
0.000982 0.000150 155.0
0.000982 0.000147 156.0
0.000981 0.000145 157.0
0.000981 0.000142 158.0
0.000981 0.000140 159.0
0.000980 0.000138 160.0
0.000980 0.000135 161.0
0.000980 0.000133 162.0
0.000979 0.000130 163.0
0.000979 0.000128 164.0
0.000978 0.000126 165.0
0.000978 0.000123 166.0
0.000978 0.000121 167.0
0.000977 0.000118 168.0
0.000977 0.000116 169.0
0.000977 0.000114 170.0
0.000976 0.000111 171.0
0.000976 0.000109 172.0
0.000975 0.000106 173.0
0.000975 0.000104 174.0
0.000975 0.000101 175.0
0.000974 0.000099 176.0
0.000974 0.000097 177.0
0.000973 0.000094 178.0
0.000973 0.000092 179.0
0.000973 0.000089 180.0
0.000972 0.000087 181.0
0.000972 0.000085 182.0
0.000972 0.000082 183.0
0.000971 0.000080 184.0
0.000971 0.000077 185.0
0.000970 0.000075 186.0
0.000970 0.000073 187.0
0.000970 0.000070 188.0
0.000969 0.000068 189.0
0.000969 0.000065 190.0
0.000969 0.000063 191.0
0.000968 0.000061 192.0
0.000968 0.000058 193.0
0.000967 0.000056 194.0
0.000967 0.000053 195.0
0.000967 0.000051 196.0
0.000966 0.000049 197.0
0.000966 0.000046 198.0
0.000965 0.000044 199.0
0.000965 0.000041 200.0
0.000965 0.000039 201.0
0.000960 0.000040 202.0
0.000959 0.000038 203.0
0.000959 0.000036 204.0
0.000959 0.000033 205.0
0.000958 0.000031 206.0
0.000958 0.000029 207.0
0.000957 0.000027 208.0
0.000957 0.000024 209.0
0.000957 0.000022 210.0
0.000956 0.000020 211.0
0.000956 0.000017 212.0
0.000955 0.000015 213.0
0.000955 0.000013 214.0
0.000954 0.000011 215.0
0.000954 0.000008 216.0
0.000954 0.000006 217.0
0.000953 0.000004 218.0
0.000953 0.000002 219.0
0.000952 -0.000001 220.0
0.000952 -0.000003 221.0
0.000952 -0.000005 222.0
0.000951 -0.000008 223.0
0.000951 -0.000010 224.0
0.000950 -0.000012 225.0
0.000950 -0.000014 226.0
0.000949 -0.000017 227.0
0.000949 -0.000019 228.0
0.000949 -0.000021 229.0
0.000948 -0.000023 230.0
0.000948 -0.000026 231.0
0.000947 -0.000028 232.0
0.000947 -0.000030 233.0
0.000946 -0.000033 234.0
0.000946 -0.000035 235.0
0.000946 -0.000037 236.0
0.000945 -0.000039 237.0
0.000945 -0.000042 238.0
0.000944 -0.000044 239.0
0.000944 -0.000046 240.0
0.000944 -0.000048 241.0
0.000943 -0.000051 242.0
0.000943 -0.000053 243.0
0.000942 -0.000055 244.0
0.000942 -0.000058 245.0
0.000941 -0.000060 246.0
0.000941 -0.000062 247.0
0.000941 -0.000064 248.0
0.000940 -0.000067 249.0
0.000940 -0.000069 250.0
0.000939 -0.000071 251.0
0.000939 -0.000073 252.0
0.000939 -0.000076 253.0
0.000938 -0.000078 254.0
0.000938 -0.000080 255.0
0.000937 -0.000083 256.0
0.000937 -0.000085 257.0
0.000931 -0.000083 258.0
0.000931 -0.000085 259.0
0.000930 -0.000087 260.0
0.000929 -0.000089 261.0
0.000928 -0.000091 262.0
0.000928 -0.000093 263.0
0.000927 -0.000095 264.0
0.000926 -0.000098 265.0
0.000925 -0.000100 266.0
0.000924 -0.000102 267.0
0.000924 -0.000104 268.0
0.000923 -0.000106 269.0
0.000922 -0.000108 270.0
0.000921 -0.000110 271.0
0.000921 -0.000112 272.0
0.000920 -0.000114 273.0
0.000919 -0.000116 274.0
0.000918 -0.000118 275.0
0.000918 -0.000120 276.0
0.000917 -0.000122 277.0
0.000916 -0.000124 278.0
0.000915 -0.000126 279.0
0.000914 -0.000128 280.0
0.000914 -0.000131 281.0
0.000913 -0.000133 282.0
0.000912 -0.000135 283.0
0.000911 -0.000137 284.0
0.000911 -0.000139 285.0
0.000910 -0.000141 286.0
0.000909 -0.000143 287.0
0.000908 -0.000145 288.0
0.000908 -0.000147 289.0
0.000907 -0.000149 290.0
0.000906 -0.000151 291.0
0.000905 -0.000153 292.0
0.000905 -0.000155 293.0
0.000904 -0.000157 294.0
0.000903 -0.000159 295.0
0.000902 -0.000161 296.0
0.000901 -0.000164 297.0
0.000901 -0.000166 298.0
0.000900 -0.000168 299.0
0.000899 -0.000170 300.0
0.000898 -0.000172 301.0
0.000898 -0.000174 302.0
0.000897 -0.000176 303.0
0.000896 -0.000178 304.0
0.000895 -0.000180 305.0
0.000895 -0.000182 306.0
0.000894 -0.000184 307.0
0.000893 -0.000186 308.0
0.000892 -0.000188 309.0
0.000892 -0.000190 310.0
0.000891 -0.000192 311.0
0.000890 -0.000195 312.0
0.000889 -0.000197 313.0
0.000888 -0.000199 314.0
0.000888 -0.000201 315.0
0.000879 -0.000195 316.0
0.000878 -0.000197 317.0
0.000876 -0.000199 318.0
0.000875 -0.000201 319.0
0.000873 -0.000203 320.0
0.000871 -0.000205 321.0
0.000870 -0.000208 322.0
0.000868 -0.000210 323.0
0.000867 -0.000212 324.0
0.000865 -0.000214 325.0
0.000864 -0.000216 326.0
0.000862 -0.000218 327.0
0.000861 -0.000220 328.0
0.000859 -0.000222 329.0
0.000858 -0.000224 330.0
0.000856 -0.000226 331.0
0.000854 -0.000228 332.0
0.000853 -0.000230 333.0
0.000851 -0.000232 334.0
0.000850 -0.000234 335.0
0.000848 -0.000236 336.0
0.000847 -0.000238 337.0
0.000845 -0.000241 338.0
0.000844 -0.000243 339.0
0.000842 -0.000245 340.0
0.000840 -0.000247 341.0
0.000839 -0.000249 342.0
0.000837 -0.000251 343.0
0.000836 -0.000253 344.0
0.000834 -0.000255 345.0
0.000833 -0.000257 346.0
0.000831 -0.000259 347.0
0.000830 -0.000261 348.0
0.000828 -0.000263 349.0
0.000827 -0.000265 350.0
0.000825 -0.000267 351.0
0.000823 -0.000269 352.0
0.000822 -0.000271 353.0
0.000820 -0.000274 354.0
0.000819 -0.000276 355.0
0.000817 -0.000278 356.0
0.000816 -0.000280 357.0
0.000814 -0.000282 358.0
0.000813 -0.000284 359.0
0.000811 -0.000286 360.0
0.000810 -0.000288 361.0
0.000808 -0.000290 362.0
0.000800 -0.000279 363.0
0.000799 -0.000281 364.0
0.000798 -0.000282 365.0
0.000797 -0.000283 366.0
0.000796 -0.000285 367.0
0.000795 -0.000286 368.0
0.000794 -0.000287 369.0
0.000793 -0.000289 370.0
0.000792 -0.000290 371.0
0.000791 -0.000291 372.0
0.000790 -0.000293 373.0
0.000789 -0.000294 374.0
0.000788 -0.000296 375.0
0.000787 -0.000297 376.0
0.000786 -0.000298 377.0
0.000785 -0.000300 378.0
0.000784 -0.000301 379.0
0.000783 -0.000302 380.0
0.000782 -0.000304 381.0
0.000781 -0.000305 382.0
0.000780 -0.000306 383.0
0.000779 -0.000308 384.0
0.000778 -0.000309 385.0
0.000777 -0.000310 386.0
0.000776 -0.000312 387.0
0.000775 -0.000313 388.0
0.000774 -0.000314 389.0
0.000773 -0.000316 390.0
0.000772 -0.000317 391.0
0.000771 -0.000318 392.0
0.000770 -0.000320 393.0
0.000769 -0.000321 394.0
0.000768 -0.000322 395.0
0.000767 -0.000324 396.0
0.000765 -0.000325 397.0
0.000764 -0.000326 398.0
0.000763 -0.000328 399.0
0.000762 -0.000329 400.0
0.000761 -0.000331 401.0
0.000760 -0.000332 402.0
0.000756 -0.000326 403.0
0.000754 -0.000328 404.0
0.000753 -0.000331 405.0
0.000751 -0.000333 406.0
0.000750 -0.000335 407.0
0.000748 -0.000338 408.0
0.000746 -0.000340 409.0
0.000745 -0.000342 410.0
0.000743 -0.000345 411.0
0.000742 -0.000347 412.0
0.000740 -0.000349 413.0
0.000739 -0.000352 414.0
0.000737 -0.000354 415.0
0.000735 -0.000356 416.0
0.000734 -0.000359 417.0
0.000732 -0.000361 418.0
0.000731 -0.000363 419.0
0.000729 -0.000366 420.0
0.000728 -0.000368 421.0
0.000726 -0.000370 422.0
0.000724 -0.000373 423.0
0.000723 -0.000375 424.0
0.000721 -0.000377 425.0
0.000720 -0.000380 426.0
0.000718 -0.000382 427.0
0.000717 -0.000384 428.0
0.000715 -0.000387 429.0
0.000713 -0.000389 430.0
0.000712 -0.000391 431.0
0.000710 -0.000393 432.0
0.000709 -0.000396 433.0
0.000707 -0.000398 434.0
0.000706 -0.000400 435.0
0.000704 -0.000403 436.0
0.000702 -0.000405 437.0
0.000701 -0.000407 438.0
0.000699 -0.000410 439.0
0.000698 -0.000412 440.0
0.000696 -0.000414 441.0
0.000695 -0.000417 442.0
0.000693 -0.000419 443.0
0.000691 -0.000421 444.0
0.000690 -0.000424 445.0
0.000688 -0.000426 446.0
0.000680 -0.000416 447.0
0.000679 -0.000417 448.0
0.000678 -0.000418 449.0
0.000677 -0.000419 450.0
0.000677 -0.000420 451.0
0.000676 -0.000421 452.0
0.000675 -0.000422 453.0
0.000674 -0.000422 454.0
0.000674 -0.000423 455.0
0.000673 -0.000424 456.0
0.000672 -0.000425 457.0
0.000671 -0.000426 458.0
0.000671 -0.000427 459.0
0.000670 -0.000428 460.0
0.000669 -0.000429 461.0
0.000668 -0.000430 462.0
0.000667 -0.000431 463.0
0.000667 -0.000432 464.0
0.000666 -0.000433 465.0
0.000665 -0.000434 466.0
0.000664 -0.000435 467.0
0.000664 -0.000436 468.0
0.000663 -0.000437 469.0
0.000662 -0.000438 470.0
0.000661 -0.000439 471.0
0.000661 -0.000440 472.0
0.000660 -0.000440 473.0
0.000659 -0.000441 474.0
0.000658 -0.000442 475.0
0.000658 -0.000443 476.0
0.000657 -0.000444 477.0
0.000656 -0.000445 478.0
0.000655 -0.000446 479.0
0.000655 -0.000447 480.0
0.000654 -0.000448 481.0
0.000653 -0.000449 482.0
0.000652 -0.000450 483.0
0.000652 -0.000451 484.0
0.000651 -0.000452 485.0
0.000650 -0.000453 486.0
0.000649 -0.000454 487.0
0.000649 -0.000455 488.0
0.000648 -0.000456 489.0
0.000647 -0.000457 490.0
0.000646 -0.000457 491.0
0.000646 -0.000458 492.0
0.000645 -0.000459 493.0
0.000644 -0.000460 494.0
0.000643 -0.000461 495.0
0.000643 -0.000462 496.0
0.000642 -0.000463 497.0
0.000641 -0.000464 498.0
0.000640 -0.000465 499.0
0.000640 -0.000466 500.0
0.000639 -0.000467 501.0
0.000638 -0.000468 502.0
0.000637 -0.000469 503.0
0.000637 -0.000470 504.0
0.000636 -0.000471 505.0
0.000635 -0.000472 506.0
0.000634 -0.000473 507.0
0.000633 -0.000474 508.0
0.000633 -0.000475 509.0
0.000632 -0.000475 510.0
0.000627 -0.000468 511.0
0.000626 -0.000468 512.0
0.000625 -0.000468 513.0
0.000625 -0.000467 514.0
0.000624 -0.000467 515.0
0.000623 -0.000467 516.0
0.000622 -0.000466 517.0
0.000622 -0.000466 518.0
0.000621 -0.000466 519.0
0.000620 -0.000465 520.0
0.000619 -0.000465 521.0
0.000619 -0.000464 522.0
0.000618 -0.000464 523.0
0.000617 -0.000464 524.0
0.000616 -0.000463 525.0
0.000616 -0.000463 526.0
0.000615 -0.000463 527.0
0.000614 -0.000462 528.0
0.000613 -0.000462 529.0
0.000613 -0.000462 530.0
0.000612 -0.000461 531.0
0.000611 -0.000461 532.0
0.000610 -0.000461 533.0
0.000610 -0.000460 534.0
0.000609 -0.000460 535.0
0.000608 -0.000459 536.0
0.000607 -0.000459 537.0
0.000607 -0.000459 538.0
0.000606 -0.000458 539.0
0.000605 -0.000458 540.0
0.000604 -0.000458 541.0
0.000604 -0.000457 542.0
0.000603 -0.000457 543.0
0.000602 -0.000457 544.0
0.000601 -0.000456 545.0
0.000601 -0.000456 546.0
0.000600 -0.000456 547.0
0.000599 -0.000455 548.0
0.000598 -0.000455 549.0
0.000598 -0.000454 550.0
0.000597 -0.000454 551.0
0.000596 -0.000454 552.0
0.000595 -0.000453 553.0
0.000595 -0.000453 554.0
0.000594 -0.000453 555.0
0.000593 -0.000452 556.0
0.000592 -0.000452 557.0
0.000592 -0.000452 558.0
0.000591 -0.000451 559.0
0.000590 -0.000451 560.0
0.000589 -0.000451 561.0
0.000589 -0.000450 562.0
0.000588 -0.000450 563.0
0.000587 -0.000450 564.0
0.000586 -0.000449 565.0
0.000586 -0.000449 566.0
0.000585 -0.000452 567.0
0.000583 -0.000451 568.0
0.000581 -0.000450 569.0
0.000579 -0.000449 570.0
0.000578 -0.000448 571.0
0.000576 -0.000447 572.0
0.000574 -0.000446 573.0
0.000573 -0.000445 574.0
0.000571 -0.000444 575.0
0.000569 -0.000443 576.0
0.000568 -0.000442 577.0
0.000566 -0.000441 578.0
0.000564 -0.000440 579.0
0.000563 -0.000439 580.0
0.000561 -0.000438 581.0
0.000559 -0.000437 582.0
0.000557 -0.000436 583.0
0.000556 -0.000435 584.0
0.000554 -0.000434 585.0
0.000552 -0.000433 586.0
0.000551 -0.000432 587.0
0.000549 -0.000431 588.0
0.000547 -0.000430 589.0
0.000546 -0.000429 590.0
0.000544 -0.000428 591.0
0.000542 -0.000428 592.0
0.000541 -0.000427 593.0
0.000539 -0.000426 594.0
0.000537 -0.000425 595.0
0.000535 -0.000424 596.0
0.000534 -0.000423 597.0
0.000532 -0.000422 598.0
0.000530 -0.000421 599.0
0.000529 -0.000420 600.0
0.000527 -0.000419 601.0
0.000525 -0.000418 602.0
0.000524 -0.000417 603.0
0.000522 -0.000416 604.0
0.000520 -0.000415 605.0
0.000518 -0.000414 606.0
0.000517 -0.000413 607.0
0.000515 -0.000412 608.0
0.000513 -0.000411 609.0
0.000512 -0.000410 610.0
0.000510 -0.000409 611.0
0.000508 -0.000408 612.0
0.000507 -0.000407 613.0
0.000505 -0.000406 614.0
0.000503 -0.000405 615.0
0.000502 -0.000404 616.0
0.000500 -0.000403 617.0
0.000498 -0.000402 618.0
0.000496 -0.000401 619.0
0.000495 -0.000400 620.0
0.000493 -0.000399 621.0
0.000491 -0.000398 622.0
0.000488 -0.000407 623.0
0.000487 -0.000407 624.0
0.000486 -0.000407 625.0
0.000485 -0.000407 626.0
0.000484 -0.000407 627.0
0.000482 -0.000407 628.0
0.000481 -0.000407 629.0
0.000480 -0.000407 630.0
0.000479 -0.000407 631.0
0.000478 -0.000407 632.0
0.000477 -0.000407 633.0
0.000475 -0.000407 634.0
0.000474 -0.000407 635.0
0.000473 -0.000407 636.0
0.000472 -0.000407 637.0
0.000471 -0.000407 638.0
0.000470 -0.000407 639.0
0.000468 -0.000407 640.0
0.000467 -0.000407 641.0
0.000466 -0.000407 642.0
0.000465 -0.000407 643.0
0.000464 -0.000408 644.0
0.000463 -0.000408 645.0
0.000462 -0.000408 646.0
0.000460 -0.000408 647.0
0.000459 -0.000408 648.0
0.000458 -0.000408 649.0
0.000457 -0.000408 650.0
0.000456 -0.000408 651.0
0.000455 -0.000408 652.0
0.000453 -0.000408 653.0
0.000452 -0.000408 654.0
0.000451 -0.000408 655.0
0.000450 -0.000408 656.0
0.000449 -0.000408 657.0
0.000448 -0.000408 658.0
0.000447 -0.000408 659.0
0.000445 -0.000408 660.0
0.000444 -0.000408 661.0
0.000443 -0.000408 662.0
0.000442 -0.000408 663.0
0.000441 -0.000408 664.0
0.000440 -0.000408 665.0
0.000438 -0.000408 666.0
0.000437 -0.000408 667.0
0.000436 -0.000408 668.0
0.000435 -0.000408 669.0
0.000434 -0.000408 670.0
0.000433 -0.000408 671.0
0.000431 -0.000408 672.0
0.000430 -0.000408 673.0
0.000429 -0.000408 674.0
0.000428 -0.000408 675.0
0.000427 -0.000408 676.0
0.000426 -0.000408 677.0
0.000425 -0.000408 678.0
0.000423 -0.000408 679.0
0.000422 -0.000408 680.0
0.000421 -0.000408 681.0
0.000420 -0.000408 682.0
0.000420 -0.000408 683.0
0.000420 -0.000408 684.0
0.000420 -0.000408 685.0
0.000420 -0.000408 686.0
0.000420 -0.000409 687.0
0.000420 -0.000409 688.0
0.000420 -0.000409 689.0
0.000420 -0.000409 690.0
0.000420 -0.000409 691.0
0.000420 -0.000410 692.0
0.000420 -0.000410 693.0
0.000420 -0.000410 694.0
0.000420 -0.000410 695.0
0.000420 -0.000410 696.0
0.000420 -0.000411 697.0
0.000421 -0.000411 698.0
0.000421 -0.000411 699.0
0.000421 -0.000411 700.0
0.000421 -0.000411 701.0
0.000421 -0.000412 702.0
0.000421 -0.000412 703.0
0.000421 -0.000412 704.0
0.000421 -0.000412 705.0
0.000421 -0.000413 706.0
0.000421 -0.000413 707.0
0.000421 -0.000413 708.0
0.000421 -0.000413 709.0
0.000421 -0.000413 710.0
0.000421 -0.000414 711.0
0.000421 -0.000414 712.0
0.000421 -0.000414 713.0
0.000421 -0.000414 714.0
0.000421 -0.000414 715.0
0.000421 -0.000415 716.0
0.000421 -0.000415 717.0
0.000421 -0.000415 718.0
0.000421 -0.000415 719.0
0.000421 -0.000415 720.0
0.000421 -0.000416 721.0
0.000421 -0.000416 722.0
0.000422 -0.000416 723.0
0.000422 -0.000416 724.0
0.000422 -0.000416 725.0
0.000422 -0.000417 726.0
0.000422 -0.000417 727.0
0.000422 -0.000417 728.0
0.000422 -0.000417 729.0
0.000422 -0.000417 730.0
0.000422 -0.000418 731.0
0.000422 -0.000418 732.0
0.000422 -0.000418 733.0
0.000422 -0.000418 734.0
0.000422 -0.000419 735.0
0.000422 -0.000419 736.0
0.000422 -0.000419 737.0
0.000422 -0.000419 738.0
0.000422 -0.000419 739.0
0.000422 -0.000420 740.0
0.000422 -0.000420 741.0
0.000422 -0.000420 742.0
0.000422 -0.000420 743.0
0.000423 -0.000420 744.0
0.000423 -0.000420 745.0
0.000423 -0.000420 746.0
0.000423 -0.000420 747.0
0.000423 -0.000421 748.0
0.000423 -0.000421 749.0
0.000423 -0.000421 750.0
0.000423 -0.000421 751.0
0.000423 -0.000421 752.0
0.000423 -0.000421 753.0
0.000423 -0.000421 754.0
0.000423 -0.000421 755.0
0.000423 -0.000422 756.0
0.000423 -0.000422 757.0
0.000423 -0.000422 758.0
0.000423 -0.000422 759.0
0.000423 -0.000422 760.0
0.000423 -0.000422 761.0
0.000423 -0.000422 762.0
0.000423 -0.000423 763.0
0.000423 -0.000423 764.0
0.000423 -0.000423 765.0
0.000423 -0.000423 766.0
0.000423 -0.000423 767.0
0.000423 -0.000423 768.0
0.000423 -0.000423 769.0
0.000423 -0.000423 770.0
0.000423 -0.000424 771.0
0.000423 -0.000424 772.0
0.000423 -0.000424 773.0
0.000423 -0.000424 774.0
0.000423 -0.000424 775.0
0.000423 -0.000424 776.0
0.000423 -0.000424 777.0
0.000424 -0.000425 778.0
0.000424 -0.000425 779.0
0.000424 -0.000425 780.0
0.000424 -0.000425 781.0
0.000424 -0.000425 782.0
0.000424 -0.000425 783.0
0.000424 -0.000425 784.0
0.000424 -0.000426 785.0
0.000424 -0.000426 786.0
0.000424 -0.000426 787.0
0.000424 -0.000426 788.0
0.000424 -0.000426 789.0
0.000424 -0.000426 790.0
0.000424 -0.000426 791.0
0.000424 -0.000426 792.0
0.000424 -0.000427 793.0
0.000424 -0.000427 794.0
0.000424 -0.000427 795.0
0.000424 -0.000427 796.0
0.000424 -0.000427 797.0
0.000424 -0.000427 798.0
0.000424 -0.000427 799.0
0.000424 -0.000428 800.0
0.000424 -0.000428 801.0
0.000424 -0.000428 802.0
0.000424 -0.000428 803.0
0.000424 -0.000428 804.0
0.000424 -0.000428 805.0
0.000424 -0.000428 806.0
0.000424 -0.000428 807.0
0.000424 -0.000428 808.0
0.000424 -0.000428 809.0
0.000424 -0.000428 810.0
0.000424 -0.000428 811.0
0.000424 -0.000428 812.0
0.000424 -0.000428 813.0
0.000424 -0.000428 814.0
0.000424 -0.000428 815.0
0.000424 -0.000428 816.0
0.000424 -0.000428 817.0
0.000424 -0.000428 818.0
0.000424 -0.000428 819.0
0.000424 -0.000428 820.0
0.000424 -0.000428 821.0
0.000424 -0.000428 822.0
0.000424 -0.000428 823.0
0.000424 -0.000428 824.0
0.000424 -0.000428 825.0
0.000424 -0.000428 826.0
0.000424 -0.000428 827.0
0.000424 -0.000428 828.0
0.000424 -0.000428 829.0
0.000424 -0.000428 830.0
0.000424 -0.000428 831.0
0.000424 -0.000428 832.0
0.000424 -0.000428 833.0
0.000424 -0.000428 834.0
0.000424 -0.000428 835.0
0.000424 -0.000428 836.0
0.000424 -0.000428 837.0
0.000424 -0.000428 838.0
0.000424 -0.000428 839.0
0.000424 -0.000428 840.0
0.000424 -0.000428 841.0
0.000424 -0.000428 842.0
0.000424 -0.000428 843.0
0.000424 -0.000428 844.0
0.000424 -0.000428 845.0
0.000424 -0.000428 846.0
0.000424 -0.000428 847.0
0.000424 -0.000428 848.0
0.000424 -0.000428 849.0
0.000424 -0.000428 850.0
0.000424 -0.000428 851.0
0.000424 -0.000428 852.0
0.000424 -0.000428 853.0
0.000424 -0.000428 854.0
0.000424 -0.000428 855.0
0.000424 -0.000428 856.0
0.000424 -0.000428 857.0
0.000424 -0.000428 858.0
0.000424 -0.000428 859.0
0.000424 -0.000428 860.0
0.000424 -0.000428 861.0
0.000424 -0.000428 862.0
0.000424 -0.000428 863.0
0.000424 -0.000428 864.0
0.000424 -0.000428 865.0
0.000424 -0.000428 866.0
0.000424 -0.000428 867.0
0.000424 -0.000428 868.0
0.000424 -0.000428 869.0
0.000424 -0.000428 870.0
0.000424 -0.000428 871.0
0.000424 -0.000428 872.0
0.000424 -0.000428 873.0
0.000424 -0.000428 874.0
0.000424 -0.000428 875.0
0.000424 -0.000428 876.0
0.000424 -0.000428 877.0
0.000424 -0.000428 878.0
0.000424 -0.000428 879.0
0.000424 -0.000428 880.0
0.000424 -0.000428 881.0
0.000424 -0.000428 882.0
0.000424 -0.000428 883.0
0.000424 -0.000428 884.0
0.000424 -0.000428 885.0
0.000424 -0.000428 886.0
0.000424 -0.000428 887.0
0.000424 -0.000428 888.0
0.000424 -0.000428 889.0
0.000424 -0.000428 890.0
0.000423 -0.000428 891.0
0.000423 -0.000428 892.0
0.000423 -0.000428 893.0
0.000423 -0.000428 894.0
0.000423 -0.000428 895.0
0.000423 -0.000428 896.0
0.000423 -0.000427 897.0
0.000423 -0.000427 898.0
0.000423 -0.000427 899.0
0.000423 -0.000427 900.0
0.000423 -0.000427 901.0
0.000423 -0.000427 902.0
0.000423 -0.000427 903.0
0.000423 -0.000427 904.0
0.000423 -0.000427 905.0
0.000423 -0.000427 906.0
0.000423 -0.000427 907.0
0.000423 -0.000427 908.0
0.000423 -0.000427 909.0
0.000423 -0.000427 910.0
0.000423 -0.000427 911.0
0.000423 -0.000427 912.0
0.000423 -0.000427 913.0
0.000423 -0.000427 914.0
0.000423 -0.000427 915.0
0.000423 -0.000427 916.0
0.000423 -0.000427 917.0
0.000423 -0.000427 918.0
0.000423 -0.000427 919.0
0.000423 -0.000427 920.0
0.000423 -0.000427 921.0
0.000423 -0.000427 922.0
0.000422 -0.000427 923.0
0.000422 -0.000427 924.0
0.000422 -0.000427 925.0
0.000422 -0.000427 926.0
0.000422 -0.000427 927.0
0.000422 -0.000427 928.0
0.000422 -0.000427 929.0
0.000422 -0.000427 930.0
0.000422 -0.000427 931.0
0.000422 -0.000427 932.0
0.000422 -0.000427 933.0
0.000423 -0.000427 934.0
0.000423 -0.000427 935.0
0.000423 -0.000427 936.0
0.000423 -0.000427 937.0
0.000423 -0.000427 938.0
0.000423 -0.000427 939.0
0.000423 -0.000427 940.0
0.000423 -0.000427 941.0
0.000423 -0.000427 942.0
0.000423 -0.000427 943.0
0.000423 -0.000427 944.0
0.000423 -0.000427 945.0
0.000423 -0.000427 946.0
0.000423 -0.000427 947.0
0.000423 -0.000427 948.0
0.000423 -0.000427 949.0
0.000423 -0.000427 950.0
0.000423 -0.000427 951.0
0.000423 -0.000427 952.0
0.000423 -0.000427 953.0
0.000423 -0.000427 954.0
0.000423 -0.000427 955.0
0.000423 -0.000427 956.0
0.000423 -0.000427 957.0
0.000423 -0.000427 958.0
0.000423 -0.000427 959.0
0.000423 -0.000427 960.0
0.000423 -0.000427 961.0
0.000423 -0.000427 962.0
0.000423 -0.000427 963.0
0.000423 -0.000427 964.0
0.000423 -0.000427 965.0
0.000423 -0.000427 966.0
0.000423 -0.000427 967.0
0.000423 -0.000427 968.0
0.000423 -0.000427 969.0
0.000423 -0.000427 970.0
0.000423 -0.000427 971.0
0.000423 -0.000427 972.0
0.000423 -0.000427 973.0
0.000423 -0.000427 974.0
0.000423 -0.000427 975.0
0.000423 -0.000427 976.0
0.000423 -0.000427 977.0
0.000423 -0.000427 978.0
0.000423 -0.000427 979.0
0.000423 -0.000427 980.0
0.000423 -0.000427 981.0
0.000423 -0.000427 982.0
0.000423 -0.000427 983.0
0.000423 -0.000427 984.0
0.000423 -0.000427 985.0
0.000423 -0.000427 986.0
0.000423 -0.000427 987.0
0.000423 -0.000427 988.0
0.000423 -0.000427 989.0
0.000423 -0.000427 990.0
0.000423 -0.000427 991.0
0.000423 -0.000427 992.0
0.000423 -0.000427 993.0
0.000423 -0.000427 994.0
0.000423 -0.000427 995.0
0.000423 -0.000427 996.0
0.000423 -0.000427 997.0
0.000423 -0.000427 998.0
0.000423 -0.000426 999.0
0.000423 -0.000426 1000.0
0.000423 -0.000426 1001.0
0.000424 -0.000426 1002.0
0.000424 -0.000426 1003.0
0.000424 -0.000426 1004.0
0.000424 -0.000426 1005.0
0.000424 -0.000426 1006.0
0.000424 -0.000426 1007.0
0.000424 -0.000426 1008.0
0.000424 -0.000426 1009.0
0.000424 -0.000426 1010.0
0.000424 -0.000426 1011.0
0.000424 -0.000426 1012.0
0.000424 -0.000426 1013.0
0.000424 -0.000426 1014.0
0.000424 -0.000426 1015.0
0.000424 -0.000426 1016.0
0.000424 -0.000425 1017.0
0.000424 -0.000425 1018.0
0.000424 -0.000425 1019.0
0.000424 -0.000425 1020.0
0.000424 -0.000425 1021.0
0.000424 -0.000425 1022.0
0.000424 -0.000425 1023.0
0.000424 -0.000425 1024.0
0.000424 -0.000425 1025.0
0.000424 -0.000425 1026.0
0.000424 -0.000425 1027.0
0.000424 -0.000425 1028.0
0.000424 -0.000425 1029.0
0.000424 -0.000425 1030.0
0.000424 -0.000425 1031.0
0.000424 -0.000425 1032.0
0.000424 -0.000425 1033.0
0.000424 -0.000425 1034.0
0.000424 -0.000424 1035.0
0.000424 -0.000424 1036.0
0.000424 -0.000424 1037.0
0.000424 -0.000424 1038.0
0.000424 -0.000424 1039.0
0.000424 -0.000424 1040.0
0.000424 -0.000424 1041.0
0.000424 -0.000424 1042.0
0.000424 -0.000424 1043.0
0.000424 -0.000424 1044.0
0.000424 -0.000424 1045.0
0.000425 -0.000424 1046.0
0.000425 -0.000424 1047.0
0.000425 -0.000424 1048.0
0.000425 -0.000424 1049.0
0.000425 -0.000424 1050.0
0.000425 -0.000424 1051.0
0.000425 -0.000424 1052.0
0.000425 -0.000424 1053.0
0.000425 -0.000424 1054.0
0.000425 -0.000424 1055.0
0.000425 -0.000424 1056.0
0.000425 -0.000424 1057.0
0.000425 -0.000424 1058.0
0.000425 -0.000424 1059.0
0.000425 -0.000424 1060.0
0.000425 -0.000424 1061.0
0.000425 -0.000424 1062.0
0.000425 -0.000424 1063.0
0.000425 -0.000424 1064.0
0.000425 -0.000424 1065.0
0.000425 -0.000424 1066.0
0.000425 -0.000424 1067.0
0.000425 -0.000424 1068.0
0.000425 -0.000424 1069.0
0.000425 -0.000424 1070.0
0.000425 -0.000424 1071.0
0.000425 -0.000424 1072.0
0.000425 -0.000424 1073.0
0.000425 -0.000424 1074.0
0.000425 -0.000424 1075.0
0.000425 -0.000424 1076.0
0.000425 -0.000424 1077.0
0.000425 -0.000423 1078.0
0.000425 -0.000423 1079.0
0.000425 -0.000423 1080.0
0.000425 -0.000423 1081.0
0.000425 -0.000423 1082.0
0.000425 -0.000423 1083.0
0.000425 -0.000423 1084.0
0.000425 -0.000423 1085.0
0.000425 -0.000423 1086.0
0.000425 -0.000423 1087.0
0.000425 -0.000423 1088.0
0.000425 -0.000423 1089.0
0.000425 -0.000423 1090.0
0.000425 -0.000423 1091.0
0.000425 -0.000423 1092.0
0.000425 -0.000423 1093.0
0.000425 -0.000423 1094.0
0.000425 -0.000423 1095.0
0.000425 -0.000423 1096.0
0.000425 -0.000423 1097.0
0.000425 -0.000423 1098.0
0.000425 -0.000423 1099.0
0.000425 -0.000423 1100.0
0.000425 -0.000423 1101.0
0.000425 -0.000423 1102.0
0.000425 -0.000423 1103.0
0.000425 -0.000423 1104.0
0.000425 -0.000423 1105.0
0.000425 -0.000423 1106.0
0.000425 -0.000423 1107.0
0.000425 -0.000423 1108.0
0.000425 -0.000423 1109.0
0.000425 -0.000423 1110.0
0.000425 -0.000423 1111.0
0.000425 -0.000423 1112.0
0.000425 -0.000423 1113.0
0.000425 -0.000423 1114.0
0.000425 -0.000423 1115.0
0.000425 -0.000423 1116.0
0.000425 -0.000423 1117.0
0.000425 -0.000423 1118.0
0.000425 -0.000423 1119.0
0.000425 -0.000423 1120.0
0.000425 -0.000423 1121.0
0.000425 -0.000423 1122.0
0.000425 -0.000423 1123.0
0.000425 -0.000423 1124.0
0.000425 -0.000423 1125.0
0.000425 -0.000423 1126.0
0.000425 -0.000423 1127.0
0.000425 -0.000423 1128.0
0.000425 -0.000423 1129.0
0.000425 -0.000423 1130.0
0.000425 -0.000423 1131.0
0.000425 -0.000423 1132.0
0.000425 -0.000423 1133.0
0.000425 -0.000423 1134.0
0.000425 -0.000423 1135.0
0.000425 -0.000423 1136.0
0.000425 -0.000423 1137.0
0.000425 -0.000423 1138.0
0.000425 -0.000423 1139.0
0.000425 -0.000423 1140.0
0.000425 -0.000423 1141.0
0.000425 -0.000423 1142.0
0.000425 -0.000423 1143.0
0.000425 -0.000423 1144.0
0.000425 -0.000423 1145.0
0.000425 -0.000423 1146.0
0.000425 -0.000423 1147.0
0.000425 -0.000423 1148.0
0.000425 -0.000423 1149.0
0.000425 -0.000423 1150.0
0.000425 -0.000423 1151.0
0.000425 -0.000423 1152.0
0.000425 -0.000423 1153.0
0.000425 -0.000423 1154.0
0.000425 -0.000423 1155.0
0.000425 -0.000423 1156.0
0.000425 -0.000423 1157.0
0.000425 -0.000423 1158.0
0.000425 -0.000423 1159.0
0.000425 -0.000423 1160.0
0.000425 -0.000423 1161.0
0.000425 -0.000423 1162.0
0.000425 -0.000423 1163.0
0.000425 -0.000423 1164.0
0.000425 -0.000423 1165.0
0.000425 -0.000423 1166.0
0.000425 -0.000423 1167.0
0.000425 -0.000423 1168.0
0.000425 -0.000423 1169.0
0.000425 -0.000423 1170.0
0.000425 -0.000423 1171.0
0.000425 -0.000423 1172.0
0.000425 -0.000423 1173.0
0.000425 -0.000423 1174.0
0.000425 -0.000423 1175.0
0.000425 -0.000423 1176.0
0.000425 -0.000423 1177.0
0.000425 -0.000423 1178.0
0.000425 -0.000423 1179.0
0.000425 -0.000423 1180.0
0.000425 -0.000423 1181.0
0.000425 -0.000423 1182.0
0.000425 -0.000423 1183.0
0.000425 -0.000423 1184.0
0.000425 -0.000423 1185.0
0.000425 -0.000423 1186.0
0.000425 -0.000423 1187.0
0.000425 -0.000423 1188.0
0.000425 -0.000423 1189.0
0.000425 -0.000423 1190.0
0.000425 -0.000423 1191.0
0.000425 -0.000423 1192.0
0.000425 -0.000423 1193.0
0.000425 -0.000423 1194.0
0.000425 -0.000423 1195.0
0.000425 -0.000423 1196.0
0.000425 -0.000423 1197.0
0.000425 -0.000423 1198.0
0.000425 -0.000423 1199.0
0.000425 -0.000423 1200.0
0.000425 -0.000423 1201.0
0.000425 -0.000423 1202.0
0.000425 -0.000423 1203.0
0.000425 -0.000423 1204.0
0.000425 -0.000423 1205.0
0.000425 -0.000423 1206.0
0.000425 -0.000423 1207.0
0.000425 -0.000423 1208.0
0.000425 -0.000423 1209.0
0.000425 -0.000423 1210.0
0.000425 -0.000423 1211.0
0.000425 -0.000423 1212.0
0.000425 -0.000423 1213.0
0.000425 -0.000423 1214.0
0.000425 -0.000423 1215.0
0.000425 -0.000423 1216.0
0.000425 -0.000423 1217.0
0.000425 -0.000423 1218.0
0.000425 -0.000423 1219.0
0.000425 -0.000423 1220.0
0.000425 -0.000423 1221.0
0.000425 -0.000423 1222.0
0.000425 -0.000423 1223.0
0.000425 -0.000423 1224.0
0.000425 -0.000423 1225.0
0.000425 -0.000423 1226.0
0.000425 -0.000423 1227.0
0.000425 -0.000423 1228.0
0.000425 -0.000423 1229.0
0.000425 -0.000423 1230.0
0.000425 -0.000423 1231.0
0.000425 -0.000423 1232.0
0.000425 -0.000423 1233.0
0.000425 -0.000423 1234.0
0.000425 -0.000423 1235.0
0.000425 -0.000423 1236.0
0.000425 -0.000423 1237.0
0.000425 -0.000423 1238.0
0.000425 -0.000423 1239.0
0.000425 -0.000423 1240.0
0.000425 -0.000423 1241.0
0.000425 -0.000423 1242.0
0.000425 -0.000423 1243.0
0.000425 -0.000423 1244.0
0.000425 -0.000423 1245.0
0.000425 -0.000423 1246.0
0.000425 -0.000423 1247.0
0.000425 -0.000423 1248.0
0.000425 -0.000423 1249.0
0.000425 -0.000423 1250.0
0.000425 -0.000423 1251.0
0.000425 -0.000423 1252.0
0.000425 -0.000423 1253.0
0.000425 -0.000423 1254.0
0.000425 -0.000423 1255.0
0.000425 -0.000423 1256.0
0.000425 -0.000423 1257.0
0.000425 -0.000423 1258.0
0.000425 -0.000423 1259.0
0.000425 -0.000423 1260.0
0.000425 -0.000423 1261.0
0.000425 -0.000423 1262.0
0.000425 -0.000423 1263.0
0.000425 -0.000423 1264.0
0.000425 -0.000423 1265.0
0.000425 -0.000423 1266.0
0.000425 -0.000423 1267.0
0.000425 -0.000423 1268.0
0.000425 -0.000423 1269.0
0.000425 -0.000423 1270.0
0.000425 -0.000423 1271.0
0.000425 -0.000423 1272.0
0.000425 -0.000423 1273.0
0.000425 -0.000423 1274.0
0.000425 -0.000423 1275.0
0.000425 -0.000423 1276.0
0.000425 -0.000423 1277.0
0.000425 -0.000423 1278.0
0.000425 -0.000423 1279.0
0.000425 -0.000423 1280.0
0.000425 -0.000423 1281.0
0.000425 -0.000423 1282.0
0.000425 -0.000423 1283.0
0.000425 -0.000423 1284.0
0.000425 -0.000423 1285.0
0.000425 -0.000423 1286.0
0.000425 -0.000423 1287.0
0.000425 -0.000423 1288.0
0.000425 -0.000423 1289.0
0.000425 -0.000423 1290.0
0.000425 -0.000423 1291.0
0.000425 -0.000423 1292.0
0.000425 -0.000423 1293.0
0.000425 -0.000423 1294.0
0.000425 -0.000423 1295.0
0.000425 -0.000423 1296.0
0.000425 -0.000423 1297.0
0.000425 -0.000423 1298.0
0.000425 -0.000423 1299.0
0.000425 -0.000423 1300.0
0.000425 -0.000423 1301.0
0.000425 -0.000423 1302.0
0.000425 -0.000423 1303.0
0.000425 -0.000423 1304.0
0.000425 -0.000423 1305.0
0.000425 -0.000423 1306.0
0.000425 -0.000423 1307.0
0.000425 -0.000423 1308.0
0.000425 -0.000423 1309.0
0.000425 -0.000423 1310.0
0.000425 -0.000423 1311.0
0.000425 -0.000423 1312.0
0.000425 -0.000423 1313.0
0.000425 -0.000423 1314.0
0.000425 -0.000423 1315.0
0.000425 -0.000423 1316.0
0.000425 -0.000423 1317.0
0.000425 -0.000423 1318.0
0.000425 -0.000423 1319.0
0.000425 -0.000423 1320.0
0.000425 -0.000423 1321.0
0.000425 -0.000423 1322.0
0.000425 -0.000423 1323.0
0.000425 -0.000423 1324.0
0.000425 -0.000423 1325.0
0.000425 -0.000423 1326.0
0.000425 -0.000423 1327.0
0.000425 -0.000423 1328.0
0.000425 -0.000423 1329.0
0.000425 -0.000423 1330.0
0.000425 -0.000423 1331.0
0.000425 -0.000423 1332.0
0.000425 -0.000423 1333.0
0.000425 -0.000423 1334.0
0.000425 -0.000423 1335.0
0.000425 -0.000423 1336.0
0.000425 -0.000423 1337.0
0.000425 -0.000423 1338.0
0.000425 -0.000423 1339.0
0.000425 -0.000423 1340.0
0.000425 -0.000423 1341.0
0.000425 -0.000423 1342.0
0.000425 -0.000423 1343.0
0.000425 -0.000423 1344.0
0.000425 -0.000423 1345.0
0.000425 -0.000423 1346.0
0.000425 -0.000423 1347.0
0.000425 -0.000423 1348.0
0.000425 -0.000423 1349.0
0.000425 -0.000423 1350.0
0.000425 -0.000423 1351.0
0.000425 -0.000423 1352.0
0.000425 -0.000423 1353.0
0.000425 -0.000423 1354.0
0.000425 -0.000423 1355.0
0.000425 -0.000423 1356.0
0.000425 -0.000423 1357.0
0.000425 -0.000423 1358.0
0.000425 -0.000423 1359.0
0.000425 -0.000423 1360.0
0.000425 -0.000423 1361.0
0.000425 -0.000423 1362.0
0.000425 -0.000423 1363.0
0.000425 -0.000423 1364.0
0.000425 -0.000423 1365.0
0.000425 -0.000423 1366.0
0.000425 -0.000423 1367.0
0.000425 -0.000423 1368.0
0.000425 -0.000423 1369.0
0.000425 -0.000423 1370.0
0.000425 -0.000423 1371.0
0.000425 -0.000423 1372.0
0.000425 -0.000423 1373.0
0.000425 -0.000423 1374.0
0.000425 -0.000423 1375.0
0.000425 -0.000423 1376.0
0.000425 -0.000423 1377.0
0.000425 -0.000423 1378.0
0.000425 -0.000423 1379.0
0.000425 -0.000423 1380.0
0.000425 -0.000423 1381.0
0.000425 -0.000423 1382.0
0.000425 -0.000423 1383.0
0.000425 -0.000423 1384.0
0.000425 -0.000423 1385.0
0.000425 -0.000423 1386.0
0.000425 -0.000423 1387.0
0.000425 -0.000423 1388.0
0.000425 -0.000423 1389.0
0.000425 -0.000423 1390.0
0.000425 -0.000423 1391.0
0.000425 -0.000423 1392.0
0.000425 -0.000423 1393.0
0.000425 -0.000423 1394.0
0.000425 -0.000423 1395.0
0.000425 -0.000423 1396.0
0.000425 -0.000423 1397.0
0.000425 -0.000423 1398.0
0.000425 -0.000423 1399.0
0.000425 -0.000423 1400.0
0.000425 -0.000423 1401.0
0.000425 -0.000423 1402.0
0.000425 -0.000423 1403.0
0.000425 -0.000423 1404.0
0.000425 -0.000423 1405.0
0.000425 -0.000423 1406.0
0.000425 -0.000423 1407.0
0.000425 -0.000423 1408.0
0.000425 -0.000423 1409.0
0.000425 -0.000423 1410.0
0.000425 -0.000423 1411.0
0.000425 -0.000423 1412.0
0.000425 -0.000423 1413.0
0.000425 -0.000423 1414.0
0.000425 -0.000423 1415.0
0.000425 -0.000423 1416.0
0.000425 -0.000423 1417.0
0.000425 -0.000423 1418.0
0.000425 -0.000423 1419.0
0.000425 -0.000423 1420.0
0.000425 -0.000423 1421.0
0.000425 -0.000423 1422.0
0.000425 -0.000423 1423.0
0.000425 -0.000423 1424.0
0.000425 -0.000423 1425.0
0.000425 -0.000423 1426.0
0.000425 -0.000423 1427.0
0.000425 -0.000423 1428.0
0.000425 -0.000423 1429.0
0.000425 -0.000423 1430.0
0.000425 -0.000423 1431.0
0.000425 -0.000423 1432.0
0.000425 -0.000423 1433.0
0.000425 -0.000423 1434.0
0.000425 -0.000423 1435.0
0.000425 -0.000423 1436.0
0.000425 -0.000423 1437.0
0.000425 -0.000423 1438.0
0.000425 -0.000423 1439.0
0.000425 -0.000423 1440.0
0.000425 -0.000423 1441.0
0.000425 -0.000423 1442.0
0.000425 -0.000423 1443.0
0.000425 -0.000423 1444.0
0.000425 -0.000423 1445.0
0.000425 -0.000423 1446.0
0.000425 -0.000423 1447.0
0.000425 -0.000423 1448.0
0.000425 -0.000423 1449.0
0.000425 -0.000423 1450.0
0.000425 -0.000423 1451.0
0.000425 -0.000423 1452.0
0.000425 -0.000423 1453.0
0.000425 -0.000423 1454.0
0.000425 -0.000423 1455.0
0.000425 -0.000423 1456.0
0.000425 -0.000423 1457.0
0.000425 -0.000423 1458.0
0.000425 -0.000423 1459.0
0.000425 -0.000423 1460.0
0.000425 -0.000423 1461.0
0.000425 -0.000423 1462.0
0.000425 -0.000423 1463.0
0.000425 -0.000423 1464.0
0.000425 -0.000423 1465.0
0.000425 -0.000423 1466.0
0.000425 -0.000423 1467.0
0.000425 -0.000423 1468.0
0.000425 -0.000423 1469.0
0.000425 -0.000423 1470.0
0.000425 -0.000423 1471.0
0.000425 -0.000423 1472.0
0.000425 -0.000423 1473.0
0.000425 -0.000423 1474.0
0.000425 -0.000423 1475.0
0.000425 -0.000423 1476.0
0.000425 -0.000423 1477.0
0.000425 -0.000423 1478.0
0.000425 -0.000423 1479.0
0.000425 -0.000423 1480.0
0.000425 -0.000423 1481.0
0.000425 -0.000423 1482.0
0.000425 -0.000423 1483.0
0.000425 -0.000423 1484.0
0.000425 -0.000423 1485.0
0.000425 -0.000423 1486.0
0.000425 -0.000423 1487.0
0.000425 -0.000423 1488.0
0.000425 -0.000423 1489.0
0.000425 -0.000423 1490.0
0.000425 -0.000423 1491.0
0.000425 -0.000423 1492.0
0.000425 -0.000423 1493.0
0.000425 -0.000423 1494.0
0.000425 -0.000423 1495.0
0.000425 -0.000423 1496.0
0.000425 -0.000423 1497.0
0.000425 -0.000423 1498.0
0.000425 -0.000423 1499.0
0.000425 -0.000423 1500.0
0.000425 -0.000423 1501.0
0.000425 -0.000423 1502.0
0.000425 -0.000423 1503.0
0.000425 -0.000423 1504.0
0.000425 -0.000423 1505.0
0.000425 -0.000423 1506.0
0.000425 -0.000423 1507.0
0.000425 -0.000423 1508.0
0.000425 -0.000423 1509.0
0.000425 -0.000423 1510.0
0.000425 -0.000423 1511.0
0.000425 -0.000423 1512.0
0.000425 -0.000423 1513.0
0.000425 -0.000423 1514.0
0.000425 -0.000423 1515.0
0.000425 -0.000423 1516.0
0.000425 -0.000423 1517.0
0.000425 -0.000423 1518.0
0.000425 -0.000423 1519.0
0.000425 -0.000423 1520.0
0.000425 -0.000423 1521.0
0.000425 -0.000423 1522.0
0.000425 -0.000423 1523.0
0.000425 -0.000423 1524.0
0.000425 -0.000423 1525.0
0.000425 -0.000423 1526.0
0.000425 -0.000423 1527.0
0.000425 -0.000423 1528.0
0.000425 -0.000423 1529.0
0.000425 -0.000423 1530.0
0.000425 -0.000423 1531.0
0.000425 -0.000423 1532.0
0.000425 -0.000423 1533.0
0.000425 -0.000423 1534.0
0.000425 -0.000423 1535.0
0.000425 -0.000423 1536.0
0.000425 -0.000423 1537.0
0.000425 -0.000423 1538.0
0.000425 -0.000423 1539.0
0.000425 -0.000423 1540.0
0.000425 -0.000423 1541.0
0.000425 -0.000423 1542.0
0.000425 -0.000423 1543.0
0.000425 -0.000423 1544.0
0.000425 -0.000423 1545.0
0.000425 -0.000423 1546.0
0.000425 -0.000423 1547.0
0.000425 -0.000423 1548.0
0.000425 -0.000423 1549.0
0.000425 -0.000423 1550.0
0.000425 -0.000423 1551.0
0.000425 -0.000423 1552.0
0.000425 -0.000423 1553.0
0.000425 -0.000423 1554.0
0.000425 -0.000423 1555.0
0.000425 -0.000423 1556.0
0.000425 -0.000423 1557.0
0.000425 -0.000423 1558.0
0.000425 -0.000423 1559.0
0.000425 -0.000423 1560.0
0.000425 -0.000423 1561.0
0.000425 -0.000423 1562.0
0.000425 -0.000423 1563.0
0.000425 -0.000423 1564.0
0.000425 -0.000423 1565.0
0.000425 -0.000423 1566.0
0.000425 -0.000423 1567.0
0.000425 -0.000423 1568.0
0.000425 -0.000423 1569.0
0.000425 -0.000423 1570.0
0.000425 -0.000423 1571.0
0.000425 -0.000423 1572.0
0.000425 -0.000423 1573.0
0.000425 -0.000423 1574.0
0.000425 -0.000423 1575.0
0.000425 -0.000423 1576.0
0.000425 -0.000423 1577.0
0.000425 -0.000423 1578.0
0.000425 -0.000423 1579.0
0.000425 -0.000423 1580.0
0.000425 -0.000423 1581.0
0.000425 -0.000423 1582.0
0.000425 -0.000423 1583.0
0.000425 -0.000423 1584.0
0.000425 -0.000423 1585.0
0.000425 -0.000423 1586.0
0.000425 -0.000423 1587.0
0.000425 -0.000423 1588.0
0.000425 -0.000423 1589.0
0.000425 -0.000423 1590.0
0.000425 -0.000423 1591.0
0.000425 -0.000423 1592.0
0.000425 -0.000423 1593.0
0.000425 -0.000423 1594.0
0.000425 -0.000423 1595.0
0.000425 -0.000423 1596.0
0.000425 -0.000423 1597.0
0.000425 -0.000423 1598.0
0.000425 -0.000423 1599.0
0.000425 -0.000423 1600.0
0.000425 -0.000423 1601.0
0.000425 -0.000423 1602.0
0.000425 -0.000423 1603.0
0.000425 -0.000423 1604.0
0.000425 -0.000423 1605.0
0.000425 -0.000423 1606.0
0.000425 -0.000423 1607.0
0.000425 -0.000423 1608.0
0.000425 -0.000423 1609.0
0.000425 -0.000423 1610.0
0.000425 -0.000423 1611.0
0.000425 -0.000423 1612.0
0.000425 -0.000423 1613.0
0.000425 -0.000423 1614.0
0.000425 -0.000423 1615.0
0.000425 -0.000423 1616.0
0.000425 -0.000423 1617.0
0.000425 -0.000423 1618.0
0.000425 -0.000423 1619.0
0.000425 -0.000423 1620.0
0.000425 -0.000423 1621.0
0.000425 -0.000423 1622.0
0.000425 -0.000423 1623.0
0.000425 -0.000423 1624.0
0.000425 -0.000423 1625.0
0.000425 -0.000423 1626.0
0.000425 -0.000423 1627.0
