0.000693 -0.000411 28.0
0.000693 -0.000410 29.0
0.000694 -0.000409 30.0
0.000694 -0.000409 31.0
0.000695 -0.000408 32.0
0.000695 -0.000407 33.0
0.000696 -0.000406 34.0
0.000696 -0.000405 35.0
0.000696 -0.000404 36.0
0.000697 -0.000403 37.0
0.000697 -0.000402 38.0
0.000698 -0.000401 39.0
0.000698 -0.000400 40.0
0.000699 -0.000399 41.0
0.000699 -0.000398 42.0
0.000700 -0.000397 43.0
0.000700 -0.000396 44.0
0.000700 -0.000395 45.0
0.000701 -0.000394 46.0
0.000701 -0.000394 47.0
0.000702 -0.000393 48.0
0.000702 -0.000392 49.0
0.000703 -0.000391 50.0
0.000703 -0.000390 51.0
0.000704 -0.000389 52.0
0.000704 -0.000388 53.0
0.000704 -0.000387 54.0
0.000705 -0.000386 55.0
0.000705 -0.000385 56.0
0.000706 -0.000384 57.0
0.000706 -0.000383 58.0
0.000707 -0.000382 59.0
0.000707 -0.000381 60.0
0.000708 -0.000380 61.0
0.000708 -0.000379 62.0
0.000708 -0.000378 63.0
0.000709 -0.000378 64.0
0.000709 -0.000377 65.0
0.000710 -0.000376 66.0
0.000710 -0.000375 67.0
0.000711 -0.000374 68.0
0.000711 -0.000373 69.0
0.000712 -0.000372 70.0
0.000712 -0.000371 71.0
0.000712 -0.000370 72.0
0.000713 -0.000369 73.0
0.000713 -0.000368 74.0
0.000714 -0.000367 75.0
0.000714 -0.000366 76.0
0.000715 -0.000365 77.0
0.000715 -0.000364 78.0
0.000716 -0.000363 79.0
0.000716 -0.000363 80.0
0.000716 -0.000362 81.0
0.000717 -0.000361 82.0
0.000717 -0.000360 83.0
0.000718 -0.000359 84.0
0.000718 -0.000358 85.0
0.000719 -0.000357 86.0
0.000719 -0.000356 87.0
0.000720 -0.000355 88.0
0.000720 -0.000354 89.0
0.000720 -0.000353 90.0
0.000721 -0.000352 91.0
0.000721 -0.000351 92.0
0.000726 -0.000355 93.0
0.000727 -0.000354 94.0
0.000728 -0.000352 95.0
0.000730 -0.000351 96.0
0.000731 -0.000349 97.0
0.000732 -0.000348 98.0
0.000733 -0.000346 99.0
0.000734 -0.000345 100.0
0.000735 -0.000344 101.0
0.000736 -0.000342 102.0
0.000738 -0.000341 103.0
0.000739 -0.000339 104.0
0.000740 -0.000338 105.0
0.000741 -0.000336 106.0
0.000742 -0.000335 107.0
0.000743 -0.000333 108.0
0.000744 -0.000332 109.0
0.000746 -0.000330 110.0
0.000747 -0.000329 111.0
0.000748 -0.000328 112.0
0.000749 -0.000326 113.0
0.000750 -0.000325 114.0
0.000751 -0.000323 115.0
0.000752 -0.000322 116.0
0.000753 -0.000320 117.0
0.000755 -0.000319 118.0
0.000756 -0.000317 119.0
0.000757 -0.000316 120.0
0.000758 -0.000314 121.0
0.000759 -0.000313 122.0
0.000760 -0.000311 123.0
0.000761 -0.000310 124.0
0.000763 -0.000309 125.0
0.000764 -0.000307 126.0
0.000765 -0.000306 127.0
0.000766 -0.000304 128.0
0.000767 -0.000303 129.0
0.000768 -0.000301 130.0
0.000769 -0.000300 131.0
0.000771 -0.000298 132.0
0.000772 -0.000297 133.0
0.000773 -0.000295 134.0
0.000774 -0.000294 135.0
0.000775 -0.000292 136.0
0.000776 -0.000291 137.0
0.000777 -0.000290 138.0
0.000779 -0.000288 139.0
0.000780 -0.000287 140.0
0.000781 -0.000285 141.0
0.000782 -0.000284 142.0
0.000783 -0.000282 143.0
0.000784 -0.000281 144.0
0.000785 -0.000279 145.0
0.000786 -0.000278 146.0
0.000788 -0.000276 147.0
0.000789 -0.000275 148.0
0.000790 -0.000273 149.0
0.000791 -0.000272 150.0
0.000792 -0.000271 151.0
0.000793 -0.000269 152.0
0.000794 -0.000268 153.0
0.000796 -0.000266 154.0
0.000797 -0.000265 155.0
0.000798 -0.000263 156.0
0.000799 -0.000262 157.0
0.000800 -0.000260 158.0
0.000801 -0.000259 159.0
0.000802 -0.000257 160.0
0.000804 -0.000256 161.0
0.000805 -0.000255 162.0
0.000813 -0.000266 163.0
0.000814 -0.000265 164.0
0.000815 -0.000264 165.0
0.000816 -0.000262 166.0
0.000817 -0.000261 167.0
0.000818 -0.000260 168.0
0.000819 -0.000259 169.0
0.000820 -0.000257 170.0
0.000821 -0.000256 171.0
0.000822 -0.000255 172.0
0.000823 -0.000254 173.0
0.000824 -0.000252 174.0
0.000825 -0.000251 175.0
0.000826 -0.000250 176.0
0.000827 -0.000249 177.0
0.000828 -0.000247 178.0
0.000829 -0.000246 179.0
0.000830 -0.000245 180.0
0.000831 -0.000244 181.0
0.000832 -0.000242 182.0
0.000833 -0.000241 183.0
0.000834 -0.000240 184.0
0.000834 -0.000239 185.0
0.000835 -0.000237 186.0
0.000836 -0.000236 187.0
0.000837 -0.000235 188.0
0.000838 -0.000233 189.0
0.000839 -0.000232 190.0
0.000840 -0.000231 191.0
0.000841 -0.000230 192.0
0.000842 -0.000228 193.0
0.000843 -0.000227 194.0
0.000844 -0.000226 195.0
0.000845 -0.000225 196.0
0.000846 -0.000223 197.0
0.000847 -0.000222 198.0
0.000848 -0.000221 199.0
0.000849 -0.000220 200.0
0.000850 -0.000218 201.0
0.000851 -0.000217 202.0
0.000852 -0.000216 203.0
0.000853 -0.000215 204.0
0.000854 -0.000213 205.0
0.000855 -0.000212 206.0
0.000856 -0.000211 207.0
0.000857 -0.000210 208.0
0.000858 -0.000208 209.0
0.000859 -0.000207 210.0
0.000864 -0.000214 211.0
0.000864 -0.000212 212.0
0.000865 -0.000209 213.0
0.000866 -0.000207 214.0
0.000866 -0.000205 215.0
0.000867 -0.000202 216.0
0.000867 -0.000200 217.0
0.000868 -0.000198 218.0
0.000869 -0.000195 219.0
0.000869 -0.000193 220.0
0.000870 -0.000191 221.0
0.000871 -0.000188 222.0
0.000871 -0.000186 223.0
0.000872 -0.000184 224.0
0.000872 -0.000181 225.0
0.000873 -0.000179 226.0
0.000874 -0.000177 227.0
0.000874 -0.000174 228.0
0.000875 -0.000172 229.0
0.000876 -0.000170 230.0
0.000876 -0.000168 231.0
0.000877 -0.000165 232.0
0.000877 -0.000163 233.0
0.000878 -0.000161 234.0
0.000879 -0.000158 235.0
0.000879 -0.000156 236.0
0.000880 -0.000154 237.0
0.000881 -0.000151 238.0
0.000881 -0.000149 239.0
0.000882 -0.000147 240.0
0.000882 -0.000144 241.0
0.000883 -0.000142 242.0
0.000884 -0.000140 243.0
0.000884 -0.000137 244.0
0.000885 -0.000135 245.0
0.000885 -0.000133 246.0
0.000886 -0.000130 247.0
0.000887 -0.000128 248.0
0.000887 -0.000126 249.0
0.000888 -0.000123 250.0
0.000889 -0.000121 251.0
0.000889 -0.000119 252.0
0.000890 -0.000117 253.0
0.000890 -0.000114 254.0
0.000891 -0.000112 255.0
0.000892 -0.000110 256.0
0.000892 -0.000107 257.0
0.000893 -0.000105 258.0
0.000894 -0.000103 259.0
0.000894 -0.000100 260.0
0.000895 -0.000098 261.0
0.000895 -0.000096 262.0
0.000896 -0.000093 263.0
0.000897 -0.000091 264.0
0.000897 -0.000089 265.0
0.000898 -0.000086 266.0
0.000899 -0.000084 267.0
0.000899 -0.000082 268.0
0.000900 -0.000079 269.0
0.000900 -0.000077 270.0
0.000901 -0.000075 271.0
0.000902 -0.000073 272.0
0.000902 -0.000070 273.0
0.000903 -0.000068 274.0
0.000904 -0.000066 275.0
0.000904 -0.000063 276.0
0.000905 -0.000061 277.0
0.000905 -0.000059 278.0
0.000906 -0.000056 279.0
0.000907 -0.000054 280.0
0.000907 -0.000052 281.0
0.000908 -0.000049 282.0
0.000909 -0.000047 283.0
0.000909 -0.000045 284.0
0.000910 -0.000042 285.0
0.000910 -0.000040 286.0
0.000911 -0.000038 287.0
0.000912 -0.000035 288.0
0.000912 -0.000033 289.0
0.000913 -0.000031 290.0
0.000914 -0.000028 291.0
0.000914 -0.000026 292.0
0.000915 -0.000024 293.0
0.000915 -0.000022 294.0
0.000916 -0.000019 295.0
0.000917 -0.000017 296.0
0.000917 -0.000015 297.0
0.000918 -0.000012 298.0
0.000919 -0.000010 299.0
0.000919 -0.000008 300.0
0.000920 -0.000005 301.0
0.000920 -0.000003 302.0
0.000921 -0.000001 303.0
0.000922 0.000002 304.0
0.000922 0.000004 305.0
0.000923 0.000006 306.0
0.000924 0.000009 307.0
0.000924 0.000011 308.0
0.000925 0.000013 309.0
0.000925 0.000016 310.0
0.000926 0.000018 311.0
0.000927 0.000020 312.0
0.000927 0.000022 313.0
0.000928 0.000025 314.0
0.000929 0.000027 315.0
0.000929 0.000029 316.0
0.000930 0.000032 317.0
0.000930 0.000034 318.0
0.000931 0.000036 319.0
0.000932 0.000039 320.0
0.000932 0.000041 321.0
0.000933 0.000043 322.0
0.000934 0.000046 323.0
0.000934 0.000048 324.0
0.000935 0.000050 325.0
0.000935 0.000053 326.0
0.000936 0.000055 327.0
0.000937 0.000057 328.0
0.000937 0.000060 329.0
0.000938 0.000062 330.0
0.000939 0.000064 331.0
0.000939 0.000067 332.0
0.000940 0.000069 333.0
0.000940 0.000071 334.0
0.000941 0.000073 335.0
0.000942 0.000076 336.0
0.000942 0.000078 337.0
0.000943 0.000080 338.0
0.000944 0.000083 339.0
0.000944 0.000085 340.0
0.000945 0.000087 341.0
0.000945 0.000090 342.0
0.000946 0.000092 343.0
0.000947 0.000094 344.0
0.000947 0.000097 345.0
0.000965 0.000088 346.0
0.000965 0.000091 347.0
0.000965 0.000093 348.0
0.000966 0.000095 349.0
0.000966 0.000098 350.0
0.000966 0.000100 351.0
0.000967 0.000102 352.0
0.000967 0.000105 353.0
0.000968 0.000107 354.0
0.000968 0.000109 355.0
0.000968 0.000112 356.0
0.000969 0.000114 357.0
0.000969 0.000117 358.0
0.000969 0.000119 359.0
0.000970 0.000121 360.0
0.000970 0.000124 361.0
0.000970 0.000126 362.0
0.000971 0.000128 363.0
0.000971 0.000131 364.0
0.000971 0.000133 365.0
0.000972 0.000135 366.0
0.000972 0.000138 367.0
0.000972 0.000140 368.0
0.000973 0.000142 369.0
0.000973 0.000145 370.0
0.000973 0.000147 371.0
0.000974 0.000149 372.0
0.000974 0.000152 373.0
0.000974 0.000154 374.0
0.000975 0.000156 375.0
0.000975 0.000159 376.0
0.000975 0.000161 377.0
0.000976 0.000163 378.0
0.000976 0.000166 379.0
0.000976 0.000168 380.0
0.000977 0.000171 381.0
0.000977 0.000173 382.0
0.000977 0.000175 383.0
0.000978 0.000178 384.0
0.000978 0.000180 385.0
0.000978 0.000182 386.0
0.000979 0.000185 387.0
0.000979 0.000187 388.0
0.000979 0.000189 389.0
0.000980 0.000192 390.0
0.000980 0.000194 391.0
0.000980 0.000196 392.0
0.000981 0.000199 393.0
0.000981 0.000201 394.0
0.000981 0.000203 395.0
0.000982 0.000206 396.0
0.000982 0.000208 397.0
0.000982 0.000210 398.0
0.000983 0.000213 399.0
0.000983 0.000215 400.0
0.000983 0.000217 401.0
0.000984 0.000220 402.0
0.000984 0.000222 403.0
0.000985 0.000224 404.0
0.000985 0.000227 405.0
0.000985 0.000229 406.0
0.000990 0.000228 407.0
0.000990 0.000230 408.0
0.000991 0.000233 409.0
0.000991 0.000235 410.0
0.000992 0.000238 411.0
0.000992 0.000240 412.0
0.000993 0.000242 413.0
0.000993 0.000245 414.0
0.000994 0.000247 415.0
0.000994 0.000250 416.0
0.000995 0.000252 417.0
0.000995 0.000254 418.0
0.000996 0.000257 419.0
0.000996 0.000259 420.0
0.000996 0.000262 421.0
0.000997 0.000264 422.0
0.000997 0.000266 423.0
0.000998 0.000269 424.0
0.000998 0.000271 425.0
0.000999 0.000274 426.0
0.000999 0.000276 427.0
0.001000 0.000278 428.0
0.001000 0.000281 429.0
0.001001 0.000283 430.0
0.001001 0.000285 431.0
0.001002 0.000288 432.0
0.001002 0.000290 433.0
0.001002 0.000293 434.0
0.001003 0.000295 435.0
0.001003 0.000297 436.0
0.001004 0.000300 437.0
0.001004 0.000302 438.0
0.001005 0.000305 439.0
0.001005 0.000307 440.0
0.001006 0.000309 441.0
0.001006 0.000312 442.0
0.001007 0.000314 443.0
0.001007 0.000317 444.0
0.001008 0.000319 445.0
0.001008 0.000321 446.0
0.001009 0.000324 447.0
0.001009 0.000326 448.0
0.001009 0.000329 449.0
0.001010 0.000331 450.0
0.001010 0.000333 451.0
0.001011 0.000336 452.0
0.001011 0.000338 453.0
0.001012 0.000341 454.0
0.001012 0.000343 455.0
0.001013 0.000345 456.0
0.001013 0.000348 457.0
0.001014 0.000350 458.0
0.001014 0.000353 459.0
0.001020 0.000351 460.0
0.001021 0.000350 461.0
0.001023 0.000350 462.0
0.001025 0.000349 463.0
0.001026 0.000349 464.0
0.001028 0.000348 465.0
0.001030 0.000348 466.0
0.001031 0.000347 467.0
0.001033 0.000347 468.0
0.001035 0.000347 469.0
0.001036 0.000346 470.0
0.001038 0.000346 471.0
0.001040 0.000345 472.0
0.001041 0.000345 473.0
0.001043 0.000344 474.0
0.001045 0.000344 475.0
0.001046 0.000343 476.0
0.001048 0.000343 477.0
0.001050 0.000342 478.0
0.001051 0.000342 479.0
0.001053 0.000341 480.0
0.001055 0.000341 481.0
0.001057 0.000340 482.0
0.001058 0.000340 483.0
0.001060 0.000340 484.0
0.001062 0.000339 485.0
0.001063 0.000339 486.0
0.001065 0.000338 487.0
0.001067 0.000338 488.0
0.001068 0.000337 489.0
0.001070 0.000337 490.0
0.001072 0.000336 491.0
0.001073 0.000336 492.0
0.001075 0.000335 493.0
0.001077 0.000335 494.0
0.001078 0.000334 495.0
0.001080 0.000334 496.0
0.001082 0.000333 497.0
0.001083 0.000333 498.0
0.001085 0.000333 499.0
0.001087 0.000332 500.0
0.001088 0.000332 501.0
0.001090 0.000331 502.0
0.001092 0.000331 503.0
0.001093 0.000330 504.0
0.001095 0.000330 505.0
0.001097 0.000329 506.0
0.001099 0.000329 507.0
0.001100 0.000328 508.0
0.001102 0.000328 509.0
0.001104 0.000327 510.0
0.001105 0.000327 511.0
0.001107 0.000326 512.0
0.001109 0.000326 513.0
0.001110 0.000326 514.0
0.001112 0.000325 515.0
0.001114 0.000325 516.0
0.001115 0.000324 517.0
0.001117 0.000324 518.0
0.001119 0.000323 519.0
0.001120 0.000323 520.0
0.001121 0.000328 521.0
0.001124 0.000327 522.0
0.001126 0.000327 523.0
0.001129 0.000326 524.0
0.001131 0.000325 525.0
0.001133 0.000324 526.0
0.001136 0.000324 527.0
0.001138 0.000323 528.0
0.001141 0.000322 529.0
0.001143 0.000322 530.0
0.001146 0.000321 531.0
0.001148 0.000320 532.0
0.001150 0.000319 533.0
0.001153 0.000319 534.0
0.001155 0.000318 535.0
0.001158 0.000317 536.0
0.001160 0.000316 537.0
0.001163 0.000316 538.0
0.001165 0.000315 539.0
0.001167 0.000314 540.0
0.001170 0.000314 541.0
0.001172 0.000313 542.0
0.001175 0.000312 543.0
0.001177 0.000311 544.0
0.001180 0.000311 545.0
0.001182 0.000310 546.0
0.001184 0.000309 547.0
0.001187 0.000308 548.0
0.001189 0.000308 549.0
0.001192 0.000307 550.0
0.001194 0.000306 551.0
0.001197 0.000305 552.0
0.001199 0.000305 553.0
0.001202 0.000304 554.0
0.001204 0.000303 555.0
0.001206 0.000303 556.0
0.001209 0.000302 557.0
0.001211 0.000301 558.0
0.001214 0.000300 559.0
0.001216 0.000300 560.0
0.001219 0.000299 561.0
0.001221 0.000298 562.0
0.001223 0.000297 563.0
0.001226 0.000297 564.0
0.001227 0.000303 565.0
0.001228 0.000302 566.0
0.001230 0.000302 567.0
0.001232 0.000302 568.0
0.001233 0.000302 569.0
0.001235 0.000302 570.0
0.001236 0.000301 571.0
0.001238 0.000301 572.0
0.001240 0.000301 573.0
0.001241 0.000301 574.0
0.001243 0.000300 575.0
0.001244 0.000300 576.0
0.001246 0.000300 577.0
0.001248 0.000300 578.0
0.001249 0.000299 579.0
0.001251 0.000299 580.0
0.001252 0.000299 581.0
0.001254 0.000299 582.0
0.001255 0.000299 583.0
0.001257 0.000298 584.0
0.001259 0.000298 585.0
0.001260 0.000298 586.0
0.001262 0.000298 587.0
0.001263 0.000297 588.0
0.001265 0.000297 589.0
0.001267 0.000297 590.0
0.001268 0.000297 591.0
0.001270 0.000297 592.0
0.001271 0.000296 593.0
0.001273 0.000296 594.0
0.001275 0.000296 595.0
0.001276 0.000296 596.0
0.001278 0.000295 597.0
0.001279 0.000295 598.0
0.001281 0.000295 599.0
0.001282 0.000295 600.0
0.001284 0.000294 601.0
0.001286 0.000294 602.0
0.001287 0.000294 603.0
0.001289 0.000294 604.0
0.001290 0.000294 605.0
0.001292 0.000293 606.0
0.001294 0.000293 607.0
0.001295 0.000293 608.0
0.001297 0.000293 609.0
0.001298 0.000292 610.0
0.001300 0.000292 611.0
0.001302 0.000292 612.0
0.001303 0.000292 613.0
0.001305 0.000291 614.0
0.001306 0.000291 615.0
0.001308 0.000291 616.0
0.001309 0.000291 617.0
0.001311 0.000291 618.0
0.001313 0.000290 619.0
0.001314 0.000290 620.0
0.001316 0.000290 621.0
0.001317 0.000290 622.0
0.001319 0.000289 623.0
0.001321 0.000289 624.0
0.001321 0.000292 625.0
0.001321 0.000292 626.0
0.001321 0.000293 627.0
0.001321 0.000294 628.0
0.001321 0.000294 629.0
0.001322 0.000295 630.0
0.001322 0.000296 631.0
0.001322 0.000296 632.0
0.001322 0.000297 633.0
0.001322 0.000298 634.0
0.001322 0.000298 635.0
0.001322 0.000299 636.0
0.001323 0.000299 637.0
0.001323 0.000300 638.0
0.001323 0.000301 639.0
0.001323 0.000301 640.0
0.001323 0.000302 641.0
0.001323 0.000303 642.0
0.001323 0.000303 643.0
0.001324 0.000304 644.0
0.001324 0.000305 645.0
0.001324 0.000305 646.0
0.001324 0.000306 647.0
0.001324 0.000306 648.0
0.001324 0.000307 649.0
0.001324 0.000308 650.0
0.001325 0.000308 651.0
0.001325 0.000309 652.0
0.001325 0.000310 653.0
0.001325 0.000310 654.0
0.001325 0.000311 655.0
0.001325 0.000312 656.0
0.001325 0.000312 657.0
0.001326 0.000313 658.0
0.001326 0.000313 659.0
0.001326 0.000314 660.0
0.001326 0.000315 661.0
0.001326 0.000315 662.0
0.001326 0.000316 663.0
0.001326 0.000317 664.0
0.001327 0.000317 665.0
0.001327 0.000318 666.0
0.001327 0.000319 667.0
0.001327 0.000319 668.0
0.001327 0.000320 669.0
0.001327 0.000321 670.0
0.001327 0.000321 671.0
0.001328 0.000322 672.0
0.001328 0.000322 673.0
0.001328 0.000323 674.0
0.001328 0.000324 675.0
0.001328 0.000324 676.0
0.001328 0.000325 677.0
0.001328 0.000326 678.0
0.001329 0.000326 679.0
0.001329 0.000327 680.0
0.001329 0.000328 681.0
0.001329 0.000328 682.0
0.001329 0.000329 683.0
0.001329 0.000329 684.0
0.001331 0.000329 685.0
0.001331 0.000329 686.0
0.001331 0.000329 687.0
0.001331 0.000329 688.0
0.001331 0.000329 689.0
0.001331 0.000329 690.0
0.001331 0.000329 691.0
0.001331 0.000329 692.0
0.001331 0.000329 693.0
0.001331 0.000329 694.0
0.001331 0.000329 695.0
0.001331 0.000329 696.0
0.001331 0.000329 697.0
0.001331 0.000329 698.0
0.001331 0.000329 699.0
0.001331 0.000329 700.0
0.001331 0.000329 701.0
0.001331 0.000329 702.0
0.001331 0.000329 703.0
0.001331 0.000329 704.0
0.001331 0.000329 705.0
0.001331 0.000329 706.0
0.001331 0.000329 707.0
0.001331 0.000329 708.0
0.001331 0.000329 709.0
0.001331 0.000329 710.0
0.001331 0.000329 711.0
0.001331 0.000329 712.0
0.001331 0.000329 713.0
0.001331 0.000329 714.0
0.001331 0.000329 715.0
0.001331 0.000329 716.0
0.001331 0.000329 717.0
0.001331 0.000329 718.0
0.001331 0.000329 719.0
0.001331 0.000329 720.0
0.001331 0.000329 721.0
0.001331 0.000329 722.0
0.001331 0.000329 723.0
0.001331 0.000329 724.0
0.001331 0.000329 725.0
0.001331 0.000329 726.0
0.001331 0.000329 727.0
0.001331 0.000329 728.0
0.001331 0.000329 729.0
0.001331 0.000329 730.0
0.001331 0.000329 731.0
0.001331 0.000329 732.0
0.001331 0.000329 733.0
0.001331 0.000329 734.0
0.001331 0.000329 735.0
0.001331 0.000329 736.0
0.001331 0.000329 737.0
0.001331 0.000329 738.0
0.001331 0.000329 739.0
0.001331 0.000329 740.0
0.001331 0.000329 741.0
0.001331 0.000329 742.0
0.001331 0.000329 743.0
0.001331 0.000329 744.0
0.001331 0.000329 745.0
0.001331 0.000329 746.0
0.001331 0.000329 747.0
0.001331 0.000329 748.0
0.001331 0.000329 749.0
0.001331 0.000329 750.0
0.001331 0.000329 751.0
0.001331 0.000329 752.0
0.001331 0.000329 753.0
0.001331 0.000329 754.0
0.001331 0.000329 755.0
0.001331 0.000329 756.0
0.001331 0.000329 757.0
0.001331 0.000329 758.0
0.001331 0.000329 759.0
0.001331 0.000329 760.0
0.001331 0.000329 761.0
0.001331 0.000329 762.0
0.001331 0.000329 763.0
0.001331 0.000329 764.0
0.001331 0.000329 765.0
0.001331 0.000329 766.0
0.001331 0.000329 767.0
0.001331 0.000329 768.0
0.001331 0.000329 769.0
0.001331 0.000329 770.0
0.001331 0.000329 771.0
0.001331 0.000329 772.0
0.001331 0.000329 773.0
0.001331 0.000329 774.0
0.001331 0.000329 775.0
0.001331 0.000329 776.0
0.001331 0.000329 777.0
0.001331 0.000329 778.0
0.001331 0.000329 779.0
0.001331 0.000329 780.0
0.001331 0.000329 781.0
0.001331 0.000329 782.0
0.001331 0.000329 783.0
0.001331 0.000329 784.0
0.001331 0.000329 785.0
0.001331 0.000329 786.0
0.001331 0.000329 787.0
0.001331 0.000329 788.0
0.001331 0.000329 789.0
0.001331 0.000329 790.0
0.001331 0.000329 791.0
0.001331 0.000329 792.0
0.001331 0.000329 793.0
0.001331 0.000329 794.0
0.001331 0.000329 795.0
0.001331 0.000329 796.0
0.001331 0.000329 797.0
0.001331 0.000329 798.0
0.001331 0.000329 799.0
0.001331 0.000329 800.0
0.001331 0.000329 801.0
0.001331 0.000329 802.0
0.001331 0.000329 803.0
0.001331 0.000329 804.0
0.001331 0.000329 805.0
0.001331 0.000329 806.0
0.001331 0.000329 807.0
0.001331 0.000329 808.0
0.001331 0.000329 809.0
0.001331 0.000329 810.0
0.001331 0.000329 811.0
0.001331 0.000329 812.0
0.001331 0.000329 813.0
0.001331 0.000329 814.0
0.001331 0.000329 815.0
0.001331 0.000329 816.0
0.001331 0.000329 817.0
0.001331 0.000329 818.0
0.001331 0.000329 819.0
0.001331 0.000329 820.0
0.001331 0.000329 821.0
0.001331 0.000329 822.0
0.001331 0.000329 823.0
0.001331 0.000329 824.0
0.001331 0.000329 825.0
0.001331 0.000329 826.0
0.001331 0.000329 827.0
0.001331 0.000329 828.0
0.001331 0.000329 829.0
0.001331 0.000329 830.0
0.001331 0.000329 831.0
0.001331 0.000329 832.0
0.001331 0.000329 833.0
0.001331 0.000329 834.0
0.001331 0.000329 835.0
0.001331 0.000329 836.0
0.001331 0.000329 837.0
0.001331 0.000329 838.0
0.001331 0.000329 839.0
0.001331 0.000329 840.0
0.001331 0.000329 841.0
0.001331 0.000329 842.0
0.001331 0.000329 843.0
0.001331 0.000329 844.0
0.001331 0.000329 845.0
0.001331 0.000329 846.0
0.001331 0.000329 847.0
0.001331 0.000329 848.0
0.001331 0.000329 849.0
0.001331 0.000329 850.0
0.001331 0.000329 851.0
0.001331 0.000329 852.0
0.001331 0.000329 853.0
0.001331 0.000329 854.0
0.001331 0.000329 855.0
0.001331 0.000329 856.0
0.001331 0.000329 857.0
0.001331 0.000329 858.0
0.001331 0.000329 859.0
0.001331 0.000329 860.0
0.001331 0.000329 861.0
0.001331 0.000329 862.0
0.001331 0.000329 863.0
0.001331 0.000329 864.0
0.001331 0.000329 865.0
0.001331 0.000329 866.0
0.001331 0.000329 867.0
0.001331 0.000329 868.0
0.001331 0.000329 869.0
0.001331 0.000329 870.0
0.001331 0.000329 871.0
0.001331 0.000329 872.0
0.001331 0.000329 873.0
0.001331 0.000329 874.0
0.001331 0.000329 875.0
0.001331 0.000329 876.0
0.001331 0.000329 877.0
0.001331 0.000329 878.0
0.001331 0.000329 879.0
0.001331 0.000329 880.0
0.001331 0.000329 881.0
0.001331 0.000329 882.0
0.001331 0.000329 883.0
0.001331 0.000329 884.0
0.001331 0.000329 885.0
0.001331 0.000329 886.0
0.001331 0.000329 887.0
0.001331 0.000329 888.0
0.001331 0.000329 889.0
0.001331 0.000329 890.0
0.001331 0.000329 891.0
0.001331 0.000329 892.0
0.001331 0.000329 893.0
0.001331 0.000329 894.0
0.001331 0.000329 895.0
0.001331 0.000329 896.0
0.001331 0.000329 897.0
0.001331 0.000329 898.0
0.001331 0.000329 899.0
0.001331 0.000329 900.0
0.001331 0.000329 901.0
0.001331 0.000329 902.0
0.001331 0.000329 903.0
0.001331 0.000329 904.0
0.001331 0.000329 905.0
0.001331 0.000329 906.0
0.001331 0.000329 907.0
0.001331 0.000329 908.0
0.001331 0.000329 909.0
0.001331 0.000329 910.0
0.001331 0.000329 911.0
0.001331 0.000329 912.0
0.001331 0.000329 913.0
0.001331 0.000329 914.0
0.001331 0.000329 915.0
0.001331 0.000329 916.0
0.001331 0.000329 917.0
0.001331 0.000329 918.0
0.001331 0.000329 919.0
0.001331 0.000329 920.0
0.001331 0.000329 921.0
0.001331 0.000329 922.0
0.001331 0.000329 923.0
0.001331 0.000329 924.0
0.001331 0.000329 925.0
0.001331 0.000329 926.0
0.001331 0.000329 927.0
0.001331 0.000329 928.0
0.001331 0.000329 929.0
0.001331 0.000329 930.0
0.001331 0.000329 931.0
0.001331 0.000329 932.0
0.001331 0.000329 933.0
0.001331 0.000329 934.0
0.001331 0.000329 935.0
0.001331 0.000329 936.0
0.001331 0.000329 937.0
0.001331 0.000329 938.0
0.001331 0.000329 939.0
0.001331 0.000329 940.0
0.001331 0.000329 941.0
0.001331 0.000329 942.0
0.001331 0.000329 943.0
0.001331 0.000329 944.0
0.001331 0.000329 945.0
0.001331 0.000329 946.0
0.001331 0.000329 947.0
0.001331 0.000329 948.0
0.001331 0.000329 949.0
0.001331 0.000329 950.0
0.001331 0.000329 951.0
0.001331 0.000329 952.0
0.001331 0.000329 953.0
0.001331 0.000329 954.0
0.001331 0.000329 955.0
0.001331 0.000329 956.0
0.001331 0.000329 957.0
0.001331 0.000329 958.0
0.001331 0.000329 959.0
0.001331 0.000329 960.0
0.001331 0.000329 961.0
0.001331 0.000329 962.0
0.001331 0.000329 963.0
0.001331 0.000329 964.0
0.001331 0.000329 965.0
0.001331 0.000329 966.0
0.001331 0.000329 967.0
0.001331 0.000329 968.0
0.001331 0.000329 969.0
0.001331 0.000329 970.0
0.001331 0.000329 971.0
0.001331 0.000329 972.0
0.001331 0.000329 973.0
0.001331 0.000329 974.0
0.001331 0.000329 975.0
0.001331 0.000329 976.0
0.001331 0.000329 977.0
0.001331 0.000329 978.0
0.001331 0.000329 979.0
0.001331 0.000329 980.0
0.001331 0.000329 981.0
0.001331 0.000329 982.0
0.001331 0.000329 983.0
0.001331 0.000329 984.0
0.001331 0.000329 985.0
0.001331 0.000329 986.0
0.001331 0.000329 987.0
0.001331 0.000328 988.0
0.001331 0.000328 989.0
0.001331 0.000327 990.0
0.001331 0.000327 991.0
0.001331 0.000326 992.0
0.001331 0.000326 993.0
0.001331 0.000325 994.0
0.001331 0.000325 995.0
0.001331 0.000324 996.0
0.001330 0.000324 997.0
0.001330 0.000323 998.0
0.001330 0.000323 999.0
0.001330 0.000322 1000.0
0.001330 0.000322 1001.0
0.001330 0.000321 1002.0
0.001330 0.000321 1003.0
0.001330 0.000320 1004.0
0.001330 0.000320 1005.0
0.001329 0.000319 1006.0
0.001329 0.000319 1007.0
0.001329 0.000318 1008.0
0.001329 0.000318 1009.0
0.001329 0.000317 1010.0
0.001329 0.000317 1011.0
0.001329 0.000316 1012.0
0.001329 0.000316 1013.0
0.001329 0.000315 1014.0
0.001329 0.000315 1015.0
0.001328 0.000314 1016.0
0.001328 0.000314 1017.0
0.001328 0.000313 1018.0
0.001328 0.000313 1019.0
0.001328 0.000312 1020.0
0.001328 0.000312 1021.0
0.001328 0.000311 1022.0
0.001328 0.000310 1023.0
0.001328 0.000310 1024.0
0.001327 0.000309 1025.0
0.001327 0.000309 1026.0
0.001327 0.000308 1027.0
0.001327 0.000308 1028.0
0.001327 0.000307 1029.0
0.001327 0.000307 1030.0
0.001327 0.000306 1031.0
0.001327 0.000306 1032.0
0.001327 0.000305 1033.0
0.001327 0.000305 1034.0
0.001326 0.000304 1035.0
0.001326 0.000304 1036.0
0.001326 0.000303 1037.0
0.001326 0.000303 1038.0
0.001326 0.000302 1039.0
0.001326 0.000302 1040.0
0.001326 0.000301 1041.0
0.001326 0.000301 1042.0
0.001326 0.000300 1043.0
0.001326 0.000300 1044.0
0.001325 0.000299 1045.0
0.001325 0.000299 1046.0
0.001325 0.000298 1047.0
0.001325 0.000298 1048.0
0.001325 0.000297 1049.0
0.001325 0.000297 1050.0
0.001325 0.000296 1051.0
0.001325 0.000296 1052.0
0.001325 0.000295 1053.0
0.001324 0.000295 1054.0
0.001324 0.000294 1055.0
0.001324 0.000294 1056.0
0.001324 0.000293 1057.0
0.001324 0.000293 1058.0
0.001324 0.000292 1059.0
0.001324 0.000292 1060.0
0.001324 0.000291 1061.0
0.001322 0.000292 1062.0
0.001324 0.000291 1063.0
0.001326 0.000290 1064.0
0.001328 0.000288 1065.0
0.001330 0.000287 1066.0
0.001332 0.000286 1067.0
0.001334 0.000285 1068.0
0.001336 0.000284 1069.0
0.001337 0.000283 1070.0
0.001339 0.000281 1071.0
0.001341 0.000280 1072.0
0.001343 0.000279 1073.0
0.001345 0.000278 1074.0
0.001347 0.000277 1075.0
0.001349 0.000276 1076.0
0.001351 0.000274 1077.0
0.001353 0.000273 1078.0
0.001355 0.000272 1079.0
0.001357 0.000271 1080.0
0.001359 0.000270 1081.0
0.001361 0.000269 1082.0
0.001363 0.000267 1083.0
0.001365 0.000266 1084.0
0.001367 0.000265 1085.0
0.001369 0.000264 1086.0
0.001370 0.000263 1087.0
0.001372 0.000262 1088.0
0.001374 0.000260 1089.0
0.001376 0.000259 1090.0
0.001378 0.000258 1091.0
0.001380 0.000257 1092.0
0.001382 0.000256 1093.0
0.001384 0.000255 1094.0
0.001386 0.000253 1095.0
0.001388 0.000252 1096.0
0.001390 0.000251 1097.0
0.001392 0.000250 1098.0
0.001394 0.000249 1099.0
0.001396 0.000247 1100.0
0.001398 0.000246 1101.0
0.001400 0.000245 1102.0
0.001401 0.000244 1103.0
0.001403 0.000243 1104.0
0.001405 0.000242 1105.0
0.001408 0.000250 1106.0
0.001410 0.000250 1107.0
0.001412 0.000250 1108.0
0.001414 0.000250 1109.0
0.001416 0.000250 1110.0
0.001418 0.000250 1111.0
0.001420 0.000250 1112.0
0.001422 0.000250 1113.0
0.001424 0.000250 1114.0
0.001426 0.000250 1115.0
0.001428 0.000250 1116.0
0.001431 0.000250 1117.0
0.001433 0.000250 1118.0
0.001435 0.000250 1119.0
0.001437 0.000250 1120.0
0.001439 0.000250 1121.0
0.001441 0.000250 1122.0
0.001443 0.000250 1123.0
0.001445 0.000250 1124.0
0.001447 0.000250 1125.0
0.001449 0.000250 1126.0
0.001451 0.000250 1127.0
0.001453 0.000249 1128.0
0.001455 0.000249 1129.0
0.001457 0.000249 1130.0
0.001459 0.000249 1131.0
0.001461 0.000249 1132.0
0.001463 0.000249 1133.0
0.001465 0.000249 1134.0
0.001467 0.000249 1135.0
0.001469 0.000249 1136.0
0.001471 0.000249 1137.0
0.001473 0.000249 1138.0
0.001475 0.000249 1139.0
0.001477 0.000249 1140.0
0.001479 0.000249 1141.0
0.001481 0.000249 1142.0
0.001483 0.000249 1143.0
0.001485 0.000249 1144.0
0.001487 0.000249 1145.0
0.001489 0.000249 1146.0
0.001491 0.000249 1147.0
0.001493 0.000249 1148.0
0.001495 0.000249 1149.0
0.001497 0.000249 1150.0
0.001499 0.000249 1151.0
0.001501 0.000249 1152.0
0.001504 0.000249 1153.0
0.001506 0.000249 1154.0
0.001508 0.000249 1155.0
0.001510 0.000249 1156.0
0.001512 0.000249 1157.0
0.001514 0.000249 1158.0
0.001516 0.000249 1159.0
0.001516 0.000249 1160.0
0.001518 0.000248 1161.0
0.001519 0.000247 1162.0
0.001521 0.000246 1163.0
0.001523 0.000245 1164.0
0.001525 0.000244 1165.0
0.001527 0.000243 1166.0
0.001529 0.000241 1167.0
0.001530 0.000240 1168.0
0.001532 0.000239 1169.0
0.001534 0.000238 1170.0
0.001536 0.000237 1171.0
0.001538 0.000236 1172.0
0.001539 0.000235 1173.0
0.001541 0.000234 1174.0
0.001543 0.000233 1175.0
0.001545 0.000232 1176.0
0.001547 0.000231 1177.0
0.001549 0.000230 1178.0
0.001550 0.000229 1179.0
0.001552 0.000227 1180.0
0.001554 0.000226 1181.0
0.001556 0.000225 1182.0
0.001558 0.000224 1183.0
0.001560 0.000223 1184.0
0.001561 0.000222 1185.0
0.001563 0.000221 1186.0
0.001565 0.000220 1187.0
0.001567 0.000219 1188.0
0.001569 0.000218 1189.0
0.001571 0.000217 1190.0
0.001572 0.000216 1191.0
0.001574 0.000215 1192.0
0.001576 0.000213 1193.0
0.001578 0.000212 1194.0
0.001580 0.000211 1195.0
0.001582 0.000210 1196.0
0.001583 0.000209 1197.0
0.001585 0.000208 1198.0
0.001587 0.000207 1199.0
0.001589 0.000206 1200.0
0.001591 0.000205 1201.0
0.001593 0.000204 1202.0
0.001594 0.000203 1203.0
0.001596 0.000202 1204.0
0.001598 0.000201 1205.0
0.001600 0.000199 1206.0
0.001602 0.000198 1207.0
0.001604 0.000197 1208.0
0.001605 0.000196 1209.0
0.001607 0.000195 1210.0
0.001609 0.000194 1211.0
0.001611 0.000193 1212.0
0.001614 0.000202 1213.0
0.001616 0.000202 1214.0
0.001617 0.000201 1215.0
0.001619 0.000200 1216.0
0.001621 0.000200 1217.0
0.001623 0.000199 1218.0
0.001625 0.000198 1219.0
0.001626 0.000198 1220.0
0.001628 0.000197 1221.0
0.001630 0.000197 1222.0
0.001632 0.000196 1223.0
0.001633 0.000195 1224.0
0.001635 0.000195 1225.0
0.001637 0.000194 1226.0
0.001639 0.000193 1227.0
0.001640 0.000193 1228.0
0.001642 0.000192 1229.0
0.001644 0.000192 1230.0
0.001646 0.000191 1231.0
0.001647 0.000190 1232.0
0.001649 0.000190 1233.0
0.001651 0.000189 1234.0
0.001653 0.000188 1235.0
0.001655 0.000188 1236.0
0.001656 0.000187 1237.0
0.001658 0.000187 1238.0
0.001660 0.000186 1239.0
0.001662 0.000185 1240.0
0.001663 0.000185 1241.0
0.001665 0.000184 1242.0
0.001667 0.000183 1243.0
0.001669 0.000183 1244.0
0.001670 0.000182 1245.0
0.001672 0.000182 1246.0
0.001674 0.000181 1247.0
0.001676 0.000180 1248.0
0.001677 0.000180 1249.0
0.001679 0.000179 1250.0
0.001681 0.000178 1251.0
0.001683 0.000178 1252.0
0.001684 0.000177 1253.0
0.001686 0.000177 1254.0
0.001688 0.000176 1255.0
0.001690 0.000175 1256.0
0.001692 0.000175 1257.0
0.001693 0.000174 1258.0
0.001695 0.000173 1259.0
0.001697 0.000173 1260.0
0.001699 0.000172 1261.0
0.001700 0.000172 1262.0
0.001702 0.000171 1263.0
0.001704 0.000170 1264.0
0.001706 0.000170 1265.0
0.001707 0.000169 1266.0
0.001709 0.000168 1267.0
0.001711 0.000168 1268.0
0.001713 0.000167 1269.0
0.001714 0.000166 1270.0
0.001716 0.000173 1271.0
