0.000713 -0.000613 23.0
0.000713 -0.000613 24.0
0.000713 -0.000612 25.0
0.000713 -0.000612 26.0
0.000713 -0.000611 27.0
0.000713 -0.000611 28.0
0.000713 -0.000610 29.0
0.000713 -0.000610 30.0
0.000713 -0.000609 31.0
0.000714 -0.000609 32.0
0.000714 -0.000608 33.0
0.000714 -0.000608 34.0
0.000714 -0.000607 35.0
0.000714 -0.000607 36.0
0.000714 -0.000606 37.0
0.000714 -0.000606 38.0
0.000714 -0.000605 39.0
0.000714 -0.000605 40.0
0.000714 -0.000604 41.0
0.000714 -0.000604 42.0
0.000714 -0.000603 43.0
0.000714 -0.000603 44.0
0.000714 -0.000602 45.0
0.000714 -0.000602 46.0
0.000714 -0.000601 47.0
0.000714 -0.000601 48.0
0.000714 -0.000600 49.0
0.000714 -0.000600 50.0
0.000715 -0.000599 51.0
0.000715 -0.000599 52.0
0.000715 -0.000598 53.0
0.000715 -0.000598 54.0
0.000715 -0.000597 55.0
0.000715 -0.000597 56.0
0.000715 -0.000596 57.0
0.000715 -0.000596 58.0
0.000715 -0.000595 59.0
0.000715 -0.000595 60.0
0.000715 -0.000594 61.0
0.000715 -0.000594 62.0
0.000715 -0.000593 63.0
0.000715 -0.000593 64.0
0.000715 -0.000592 65.0
0.000715 -0.000592 66.0
0.000715 -0.000591 67.0
0.000715 -0.000591 68.0
0.000716 -0.000590 69.0
0.000716 -0.000590 70.0
0.000716 -0.000589 71.0
0.000716 -0.000589 72.0
0.000716 -0.000588 73.0
0.000716 -0.000588 74.0
0.000716 -0.000587 75.0
0.000716 -0.000587 76.0
0.000716 -0.000586 77.0
0.000716 -0.000586 78.0
0.000716 -0.000585 79.0
0.000716 -0.000585 80.0
0.000716 -0.000584 81.0
0.000716 -0.000584 82.0
0.000717 -0.000584 83.0
0.000717 -0.000584 84.0
0.000717 -0.000584 85.0
0.000717 -0.000584 86.0
0.000716 -0.000585 87.0
0.000716 -0.000585 88.0
0.000716 -0.000585 89.0
0.000716 -0.000585 90.0
0.000716 -0.000585 91.0
0.000716 -0.000585 92.0
0.000716 -0.000585 93.0
0.000715 -0.000586 94.0
0.000715 -0.000586 95.0
0.000715 -0.000586 96.0
0.000715 -0.000586 97.0
0.000715 -0.000586 98.0
0.000715 -0.000586 99.0
0.000715 -0.000587 100.0
0.000715 -0.000587 101.0
0.000714 -0.000587 102.0
0.000714 -0.000587 103.0
0.000714 -0.000587 104.0
0.000714 -0.000587 105.0
0.000714 -0.000587 106.0
0.000714 -0.000588 107.0
0.000714 -0.000588 108.0
0.000713 -0.000588 109.0
0.000713 -0.000588 110.0
0.000713 -0.000588 111.0
0.000713 -0.000588 112.0
0.000713 -0.000589 113.0
0.000713 -0.000589 114.0
0.000713 -0.000589 115.0
0.000713 -0.000589 116.0
0.000712 -0.000589 117.0
0.000712 -0.000589 118.0
0.000712 -0.000590 119.0
0.000712 -0.000590 120.0
0.000712 -0.000590 121.0
0.000712 -0.000590 122.0
0.000712 -0.000590 123.0
0.000711 -0.000590 124.0
0.000711 -0.000590 125.0
0.000711 -0.000591 126.0
0.000711 -0.000591 127.0
0.000711 -0.000591 128.0
0.000711 -0.000591 129.0
0.000711 -0.000591 130.0
0.000710 -0.000591 131.0
0.000710 -0.000592 132.0
0.000710 -0.000592 133.0
0.000710 -0.000592 134.0
0.000710 -0.000592 135.0
0.000710 -0.000592 136.0
0.000710 -0.000592 137.0
0.000710 -0.000593 138.0
0.000709 -0.000593 139.0
0.000709 -0.000593 140.0
0.000709 -0.000593 141.0
0.000709 -0.000593 142.0
0.000709 -0.000593 143.0
0.000708 -0.000592 144.0
0.000708 -0.000592 145.0
0.000708 -0.000591 146.0
0.000708 -0.000590 147.0
0.000708 -0.000590 148.0
0.000708 -0.000589 149.0
0.000708 -0.000589 150.0
0.000708 -0.000588 151.0
0.000708 -0.000587 152.0
0.000708 -0.000587 153.0
0.000708 -0.000586 154.0
0.000708 -0.000586 155.0
0.000708 -0.000585 156.0
0.000708 -0.000584 157.0
0.000707 -0.000584 158.0
0.000707 -0.000583 159.0
0.000707 -0.000583 160.0
0.000707 -0.000582 161.0
0.000707 -0.000582 162.0
0.000707 -0.000581 163.0
0.000707 -0.000580 164.0
0.000707 -0.000580 165.0
0.000707 -0.000579 166.0
0.000707 -0.000579 167.0
0.000707 -0.000578 168.0
0.000707 -0.000577 169.0
0.000707 -0.000577 170.0
0.000707 -0.000576 171.0
0.000707 -0.000576 172.0
0.000707 -0.000575 173.0
0.000707 -0.000574 174.0
0.000707 -0.000574 175.0
0.000707 -0.000573 176.0
0.000707 -0.000573 177.0
0.000707 -0.000572 178.0
0.000707 -0.000571 179.0
0.000707 -0.000571 180.0
0.000707 -0.000570 181.0
0.000707 -0.000570 182.0
0.000706 -0.000569 183.0
0.000706 -0.000569 184.0
0.000706 -0.000568 185.0
0.000706 -0.000567 186.0
0.000706 -0.000567 187.0
0.000706 -0.000566 188.0
0.000706 -0.000566 189.0
0.000706 -0.000565 190.0
0.000706 -0.000564 191.0
0.000706 -0.000564 192.0
0.000706 -0.000563 193.0
0.000706 -0.000563 194.0
0.000706 -0.000562 195.0
0.000706 -0.000561 196.0
0.000706 -0.000561 197.0
0.000705 -0.000561 198.0
0.000705 -0.000561 199.0
0.000705 -0.000561 200.0
0.000705 -0.000560 201.0
0.000705 -0.000560 202.0
0.000705 -0.000560 203.0
0.000705 -0.000560 204.0
0.000705 -0.000560 205.0
0.000705 -0.000559 206.0
0.000705 -0.000559 207.0
0.000704 -0.000559 208.0
0.000704 -0.000559 209.0
0.000704 -0.000559 210.0
0.000704 -0.000558 211.0
0.000704 -0.000558 212.0
0.000704 -0.000558 213.0
0.000704 -0.000558 214.0
0.000704 -0.000558 215.0
0.000704 -0.000557 216.0
0.000704 -0.000557 217.0
0.000704 -0.000557 218.0
0.000704 -0.000557 219.0
0.000703 -0.000557 220.0
0.000703 -0.000557 221.0
0.000703 -0.000556 222.0
0.000703 -0.000556 223.0
0.000703 -0.000556 224.0
0.000703 -0.000556 225.0
0.000703 -0.000556 226.0
0.000703 -0.000555 227.0
0.000703 -0.000555 228.0
0.000703 -0.000555 229.0
0.000703 -0.000555 230.0
0.000702 -0.000555 231.0
0.000702 -0.000554 232.0
0.000702 -0.000554 233.0
0.000702 -0.000554 234.0
0.000702 -0.000554 235.0
0.000702 -0.000554 236.0
0.000702 -0.000553 237.0
0.000702 -0.000553 238.0
0.000702 -0.000553 239.0
0.000702 -0.000553 240.0
0.000702 -0.000553 241.0
0.000701 -0.000553 242.0
0.000701 -0.000552 243.0
0.000701 -0.000552 244.0
0.000701 -0.000552 245.0
0.000701 -0.000552 246.0
0.000701 -0.000552 247.0
0.000701 -0.000551 248.0
0.000701 -0.000551 249.0
0.000701 -0.000551 250.0
0.000701 -0.000551 251.0
0.000701 -0.000551 252.0
0.000701 -0.000550 253.0
0.000700 -0.000550 254.0
0.000700 -0.000550 255.0
0.000700 -0.000550 256.0
0.000699 -0.000551 257.0
0.000699 -0.000550 258.0
0.000699 -0.000550 259.0
0.000699 -0.000550 260.0
0.000699 -0.000550 261.0
0.000699 -0.000550 262.0
0.000699 -0.000550 263.0
0.000699 -0.000550 264.0
0.000699 -0.000550 265.0
0.000698 -0.000550 266.0
0.000698 -0.000550 267.0
0.000698 -0.000550 268.0
0.000698 -0.000550 269.0
0.000698 -0.000549 270.0
0.000698 -0.000549 271.0
0.000698 -0.000549 272.0
0.000698 -0.000549 273.0
0.000698 -0.000549 274.0
0.000698 -0.000549 275.0
0.000697 -0.000549 276.0
0.000697 -0.000549 277.0
0.000697 -0.000549 278.0
0.000697 -0.000549 279.0
0.000697 -0.000549 280.0
0.000697 -0.000549 281.0
0.000697 -0.000548 282.0
0.000697 -0.000548 283.0
0.000697 -0.000548 284.0
0.000697 -0.000548 285.0
0.000696 -0.000548 286.0
0.000696 -0.000548 287.0
0.000696 -0.000548 288.0
0.000696 -0.000548 289.0
0.000696 -0.000548 290.0
0.000696 -0.000548 291.0
0.000696 -0.000548 292.0
0.000696 -0.000548 293.0
0.000696 -0.000547 294.0
0.000696 -0.000547 295.0
0.000695 -0.000547 296.0
0.000695 -0.000547 297.0
0.000695 -0.000547 298.0
0.000695 -0.000547 299.0
0.000695 -0.000547 300.0
0.000695 -0.000547 301.0
0.000695 -0.000547 302.0
0.000695 -0.000547 303.0
0.000695 -0.000547 304.0
0.000695 -0.000547 305.0
0.000694 -0.000546 306.0
0.000694 -0.000546 307.0
0.000694 -0.000546 308.0
0.000694 -0.000546 309.0
0.000694 -0.000546 310.0
0.000694 -0.000546 311.0
0.000694 -0.000546 312.0
0.000694 -0.000546 313.0
0.000694 -0.000546 314.0
0.000694 -0.000546 315.0
0.000693 -0.000546 316.0
0.000693 -0.000546 317.0
0.000693 -0.000546 318.0
0.000693 -0.000546 319.0
0.000693 -0.000546 320.0
0.000693 -0.000545 321.0
0.000693 -0.000545 322.0
0.000694 -0.000545 323.0
0.000694 -0.000544 324.0
0.000694 -0.000544 325.0
0.000694 -0.000544 326.0
0.000694 -0.000543 327.0
0.000694 -0.000543 328.0
0.000694 -0.000543 329.0
0.000694 -0.000542 330.0
0.000694 -0.000542 331.0
0.000694 -0.000542 332.0
0.000695 -0.000542 333.0
0.000695 -0.000541 334.0
0.000695 -0.000541 335.0
0.000695 -0.000541 336.0
0.000695 -0.000540 337.0
0.000695 -0.000540 338.0
0.000695 -0.000540 339.0
0.000695 -0.000539 340.0
0.000695 -0.000539 341.0
0.000695 -0.000539 342.0
0.000696 -0.000538 343.0
0.000696 -0.000538 344.0
0.000696 -0.000538 345.0
0.000696 -0.000537 346.0
0.000696 -0.000537 347.0
0.000696 -0.000537 348.0
0.000696 -0.000536 349.0
0.000696 -0.000536 350.0
0.000696 -0.000536 351.0
0.000696 -0.000535 352.0
0.000697 -0.000535 353.0
0.000697 -0.000535 354.0
0.000697 -0.000534 355.0
0.000697 -0.000534 356.0
0.000697 -0.000534 357.0
0.000697 -0.000534 358.0
0.000697 -0.000533 359.0
0.000697 -0.000533 360.0
0.000697 -0.000533 361.0
0.000697 -0.000532 362.0
0.000698 -0.000532 363.0
0.000698 -0.000532 364.0
0.000698 -0.000531 365.0
0.000698 -0.000531 366.0
0.000698 -0.000531 367.0
0.000698 -0.000530 368.0
0.000698 -0.000530 369.0
0.000698 -0.000530 370.0
0.000698 -0.000529 371.0
0.000698 -0.000529 372.0
0.000699 -0.000529 373.0
0.000699 -0.000528 374.0
0.000699 -0.000528 375.0
0.000699 -0.000528 376.0
0.000699 -0.000527 377.0
0.000700 -0.000528 378.0
0.000700 -0.000528 379.0
0.000700 -0.000529 380.0
0.000700 -0.000529 381.0
0.000700 -0.000530 382.0
0.000700 -0.000530 383.0
0.000700 -0.000530 384.0
0.000700 -0.000531 385.0
0.000700 -0.000531 386.0
0.000700 -0.000531 387.0
0.000700 -0.000532 388.0
0.000700 -0.000532 389.0
0.000700 -0.000532 390.0
0.000700 -0.000533 391.0
0.000700 -0.000533 392.0
0.000700 -0.000533 393.0
0.000700 -0.000534 394.0
0.000700 -0.000534 395.0
0.000700 -0.000534 396.0
0.000700 -0.000535 397.0
0.000700 -0.000535 398.0
0.000700 -0.000535 399.0
0.000700 -0.000536 400.0
0.000700 -0.000536 401.0
0.000700 -0.000536 402.0
0.000700 -0.000537 403.0
0.000700 -0.000537 404.0
0.000700 -0.000538 405.0
0.000700 -0.000538 406.0
0.000700 -0.000538 407.0
0.000700 -0.000539 408.0
0.000700 -0.000539 409.0
0.000700 -0.000539 410.0
0.000700 -0.000540 411.0
0.000700 -0.000540 412.0
0.000700 -0.000540 413.0
0.000700 -0.000541 414.0
0.000700 -0.000541 415.0
0.000700 -0.000541 416.0
0.000700 -0.000542 417.0
0.000700 -0.000542 418.0
0.000700 -0.000542 419.0
0.000700 -0.000543 420.0
0.000700 -0.000543 421.0
0.000700 -0.000543 422.0
0.000700 -0.000544 423.0
0.000700 -0.000544 424.0
0.000700 -0.000544 425.0
0.000700 -0.000545 426.0
0.000700 -0.000545 427.0
0.000700 -0.000546 428.0
0.000700 -0.000546 429.0
0.000700 -0.000546 430.0
0.000699 -0.000547 431.0
0.000699 -0.000547 432.0
0.000699 -0.000547 433.0
0.000699 -0.000548 434.0
0.000699 -0.000548 435.0
0.000699 -0.000548 436.0
0.000699 -0.000549 437.0
0.000699 -0.000549 438.0
0.000699 -0.000549 439.0
0.000699 -0.000549 440.0
0.000700 -0.000549 441.0
0.000700 -0.000550 442.0
0.000700 -0.000550 443.0
0.000700 -0.000550 444.0
0.000700 -0.000550 445.0
0.000701 -0.000550 446.0
0.000701 -0.000550 447.0
0.000701 -0.000551 448.0
0.000701 -0.000551 449.0
0.000702 -0.000551 450.0
0.000702 -0.000551 451.0
0.000702 -0.000551 452.0
0.000702 -0.000551 453.0
0.000702 -0.000552 454.0
0.000703 -0.000552 455.0
0.000703 -0.000552 456.0
0.000703 -0.000552 457.0
0.000703 -0.000552 458.0
0.000703 -0.000553 459.0
0.000704 -0.000553 460.0
0.000704 -0.000553 461.0
0.000704 -0.000553 462.0
0.000704 -0.000553 463.0
0.000704 -0.000553 464.0
0.000705 -0.000554 465.0
0.000705 -0.000554 466.0
0.000705 -0.000554 467.0
0.000705 -0.000554 468.0
0.000705 -0.000554 469.0
0.000706 -0.000554 470.0
0.000706 -0.000555 471.0
0.000706 -0.000555 472.0
0.000706 -0.000555 473.0
0.000706 -0.000555 474.0
0.000707 -0.000555 475.0
0.000707 -0.000556 476.0
0.000707 -0.000556 477.0
0.000707 -0.000556 478.0
0.000708 -0.000556 479.0
0.000708 -0.000555 480.0
0.000708 -0.000555 481.0
0.000708 -0.000556 482.0
0.000708 -0.000556 483.0
0.000708 -0.000557 484.0
0.000708 -0.000557 485.0
0.000708 -0.000557 486.0
0.000708 -0.000558 487.0
0.000709 -0.000558 488.0
0.000709 -0.000559 489.0
0.000709 -0.000559 490.0
0.000709 -0.000560 491.0
0.000709 -0.000560 492.0
0.000709 -0.000560 493.0
0.000709 -0.000561 494.0
0.000709 -0.000561 495.0
0.000709 -0.000562 496.0
0.000709 -0.000562 497.0
0.000709 -0.000562 498.0
0.000709 -0.000563 499.0
0.000709 -0.000563 500.0
0.000709 -0.000564 501.0
0.000709 -0.000564 502.0
0.000709 -0.000564 503.0
0.000709 -0.000565 504.0
0.000709 -0.000565 505.0
0.000710 -0.000566 506.0
0.000710 -0.000566 507.0
0.000710 -0.000567 508.0
0.000710 -0.000567 509.0
0.000710 -0.000567 510.0
0.000710 -0.000568 511.0
0.000710 -0.000568 512.0
0.000710 -0.000569 513.0
0.000710 -0.000569 514.0
0.000710 -0.000569 515.0
0.000710 -0.000570 516.0
0.000710 -0.000570 517.0
0.000710 -0.000571 518.0
0.000710 -0.000571 519.0
0.000710 -0.000571 520.0
0.000710 -0.000572 521.0
0.000710 -0.000572 522.0
0.000711 -0.000573 523.0
0.000711 -0.000573 524.0
0.000711 -0.000573 525.0
0.000711 -0.000574 526.0
0.000711 -0.000574 527.0
0.000711 -0.000575 528.0
0.000711 -0.000575 529.0
0.000711 -0.000576 530.0
0.000711 -0.000576 531.0
0.000711 -0.000576 532.0
0.000711 -0.000577 533.0
0.000711 -0.000577 534.0
0.000711 -0.000578 535.0
0.000711 -0.000578 536.0
0.000711 -0.000578 537.0
0.000711 -0.000579 538.0
0.000711 -0.000579 539.0
0.000711 -0.000580 540.0
0.000712 -0.000580 541.0
0.000712 -0.000580 542.0
0.000712 -0.000581 543.0
0.000712 -0.000581 544.0
0.000712 -0.000582 545.0
0.000713 -0.000581 546.0
0.000713 -0.000582 547.0
0.000714 -0.000582 548.0
0.000715 -0.000582 549.0
0.000716 -0.000582 550.0
0.000716 -0.000582 551.0
0.000717 -0.000583 552.0
0.000718 -0.000583 553.0
0.000718 -0.000583 554.0
0.000719 -0.000583 555.0
0.000720 -0.000583 556.0
0.000721 -0.000584 557.0
0.000721 -0.000584 558.0
0.000722 -0.000584 559.0
0.000723 -0.000584 560.0
0.000724 -0.000584 561.0
0.000724 -0.000585 562.0
0.000725 -0.000585 563.0
0.000726 -0.000585 564.0
0.000726 -0.000585 565.0
0.000727 -0.000585 566.0
0.000728 -0.000586 567.0
0.000729 -0.000586 568.0
0.000729 -0.000586 569.0
0.000730 -0.000586 570.0
0.000731 -0.000586 571.0
0.000732 -0.000587 572.0
0.000732 -0.000587 573.0
0.000733 -0.000587 574.0
0.000734 -0.000587 575.0
0.000735 -0.000587 576.0
0.000735 -0.000587 577.0
0.000736 -0.000588 578.0
0.000737 -0.000588 579.0
0.000737 -0.000588 580.0
0.000738 -0.000588 581.0
0.000739 -0.000588 582.0
0.000740 -0.000589 583.0
0.000740 -0.000589 584.0
0.000741 -0.000589 585.0
0.000742 -0.000589 586.0
0.000743 -0.000589 587.0
0.000743 -0.000590 588.0
0.000744 -0.000590 589.0
0.000745 -0.000590 590.0
0.000745 -0.000590 591.0
0.000746 -0.000590 592.0
0.000747 -0.000591 593.0
0.000748 -0.000591 594.0
0.000748 -0.000591 595.0
0.000749 -0.000591 596.0
0.000750 -0.000591 597.0
0.000751 -0.000592 598.0
0.000751 -0.000592 599.0
0.000752 -0.000592 600.0
0.000752 -0.000590 601.0
0.000753 -0.000590 602.0
0.000753 -0.000591 603.0
0.000754 -0.000591 604.0
0.000754 -0.000591 605.0
0.000754 -0.000592 606.0
0.000755 -0.000592 607.0
0.000755 -0.000592 608.0
0.000756 -0.000593 609.0
0.000756 -0.000593 610.0
0.000756 -0.000593 611.0
0.000757 -0.000594 612.0
0.000757 -0.000594 613.0
0.000758 -0.000594 614.0
0.000758 -0.000595 615.0
0.000759 -0.000595 616.0
0.000759 -0.000595 617.0
0.000759 -0.000596 618.0
0.000760 -0.000596 619.0
0.000760 -0.000596 620.0
0.000761 -0.000597 621.0
0.000761 -0.000597 622.0
0.000761 -0.000597 623.0
0.000762 -0.000598 624.0
0.000762 -0.000598 625.0
0.000763 -0.000598 626.0
0.000763 -0.000599 627.0
0.000763 -0.000599 628.0
0.000764 -0.000599 629.0
0.000764 -0.000600 630.0
0.000765 -0.000600 631.0
0.000765 -0.000600 632.0
0.000766 -0.000601 633.0
0.000766 -0.000601 634.0
0.000766 -0.000601 635.0
0.000767 -0.000602 636.0
0.000767 -0.000602 637.0
0.000768 -0.000602 638.0
0.000768 -0.000603 639.0
0.000768 -0.000603 640.0
0.000769 -0.000603 641.0
0.000769 -0.000603 642.0
0.000770 -0.000604 643.0
0.000770 -0.000604 644.0
0.000770 -0.000604 645.0
0.000771 -0.000605 646.0
0.000771 -0.000605 647.0
0.000772 -0.000605 648.0
0.000772 -0.000606 649.0
0.000773 -0.000606 650.0
0.000773 -0.000606 651.0
0.000773 -0.000607 652.0
0.000774 -0.000607 653.0
0.000774 -0.000607 654.0
0.000775 -0.000608 655.0
0.000775 -0.000608 656.0
0.000775 -0.000608 657.0
0.000776 -0.000609 658.0
0.000776 -0.000609 659.0
0.000777 -0.000609 660.0
0.000777 -0.000610 661.0
0.000778 -0.000610 662.0
0.000778 -0.000610 663.0
0.000778 -0.000611 664.0
0.000780 -0.000608 665.0
0.000780 -0.000608 666.0
0.000780 -0.000608 667.0
0.000780 -0.000609 668.0
0.000780 -0.000609 669.0
0.000780 -0.000610 670.0
0.000780 -0.000610 671.0
0.000780 -0.000610 672.0
0.000780 -0.000611 673.0
0.000779 -0.000611 674.0
0.000779 -0.000612 675.0
0.000779 -0.000612 676.0
0.000779 -0.000612 677.0
0.000779 -0.000613 678.0
0.000779 -0.000613 679.0
0.000779 -0.000614 680.0
0.000779 -0.000614 681.0
0.000779 -0.000614 682.0
0.000779 -0.000615 683.0
0.000779 -0.000615 684.0
0.000779 -0.000616 685.0
0.000779 -0.000616 686.0
0.000779 -0.000616 687.0
0.000779 -0.000617 688.0
0.000779 -0.000617 689.0
0.000779 -0.000618 690.0
0.000779 -0.000618 691.0
0.000779 -0.000618 692.0
0.000779 -0.000619 693.0
0.000779 -0.000619 694.0
0.000779 -0.000620 695.0
0.000779 -0.000620 696.0
0.000779 -0.000621 697.0
0.000778 -0.000621 698.0
0.000778 -0.000621 699.0
0.000778 -0.000622 700.0
0.000778 -0.000622 701.0
0.000778 -0.000623 702.0
0.000778 -0.000623 703.0
0.000778 -0.000623 704.0
0.000778 -0.000624 705.0
0.000778 -0.000624 706.0
0.000778 -0.000625 707.0
0.000778 -0.000625 708.0
0.000778 -0.000625 709.0
0.000778 -0.000626 710.0
0.000778 -0.000626 711.0
0.000778 -0.000627 712.0
0.000778 -0.000627 713.0
0.000778 -0.000627 714.0
0.000777 -0.000627 715.0
0.000776 -0.000634 716.0
0.000776 -0.000634 717.0
0.000776 -0.000634 718.0
0.000775 -0.000634 719.0
0.000775 -0.000634 720.0
0.000775 -0.000634 721.0
0.000774 -0.000634 722.0
0.000774 -0.000634 723.0
0.000774 -0.000633 724.0
0.000774 -0.000633 725.0
0.000773 -0.000633 726.0
0.000773 -0.000633 727.0
0.000773 -0.000633 728.0
0.000772 -0.000633 729.0
0.000772 -0.000633 730.0
0.000772 -0.000633 731.0
0.000771 -0.000633 732.0
0.000771 -0.000633 733.0
0.000771 -0.000633 734.0
0.000770 -0.000633 735.0
0.000770 -0.000632 736.0
0.000770 -0.000632 737.0
0.000770 -0.000632 738.0
0.000769 -0.000632 739.0
0.000769 -0.000632 740.0
0.000769 -0.000632 741.0
0.000768 -0.000632 742.0
0.000768 -0.000632 743.0
0.000768 -0.000632 744.0
0.000767 -0.000632 745.0
0.000767 -0.000632 746.0
0.000767 -0.000631 747.0
0.000766 -0.000631 748.0
0.000766 -0.000631 749.0
0.000766 -0.000631 750.0
0.000765 -0.000631 751.0
0.000765 -0.000631 752.0
0.000765 -0.000631 753.0
0.000765 -0.000631 754.0
0.000764 -0.000631 755.0
0.000764 -0.000631 756.0
0.000764 -0.000631 757.0
0.000763 -0.000630 758.0
0.000763 -0.000630 759.0
0.000763 -0.000630 760.0
0.000762 -0.000630 761.0
0.000762 -0.000630 762.0
0.000762 -0.000630 763.0
0.000761 -0.000630 764.0
0.000761 -0.000630 765.0
0.000761 -0.000630 766.0
0.000761 -0.000630 767.0
0.000760 -0.000630 768.0
0.000760 -0.000630 769.0
0.000760 -0.000629 770.0
0.000759 -0.000629 771.0
0.000759 -0.000629 772.0
0.000759 -0.000629 773.0
0.000758 -0.000629 774.0
0.000758 -0.000629 775.0
0.000758 -0.000630 776.0
0.000757 -0.000630 777.0
0.000757 -0.000630 778.0
0.000756 -0.000630 779.0
0.000756 -0.000629 780.0
0.000755 -0.000629 781.0
0.000755 -0.000629 782.0
0.000754 -0.000629 783.0
0.000754 -0.000629 784.0
0.000753 -0.000629 785.0
0.000753 -0.000629 786.0
0.000752 -0.000628 787.0
0.000752 -0.000628 788.0
0.000751 -0.000628 789.0
0.000751 -0.000628 790.0
0.000750 -0.000628 791.0
0.000750 -0.000628 792.0
0.000749 -0.000627 793.0
0.000749 -0.000627 794.0
0.000748 -0.000627 795.0
0.000748 -0.000627 796.0
0.000747 -0.000627 797.0
0.000747 -0.000627 798.0
0.000746 -0.000627 799.0
0.000745 -0.000626 800.0
0.000745 -0.000626 801.0
0.000744 -0.000626 802.0
0.000744 -0.000626 803.0
0.000743 -0.000626 804.0
0.000743 -0.000626 805.0
0.000742 -0.000626 806.0
0.000742 -0.000625 807.0
0.000741 -0.000625 808.0
0.000741 -0.000625 809.0
0.000740 -0.000625 810.0
0.000740 -0.000625 811.0
0.000739 -0.000625 812.0
0.000739 -0.000624 813.0
0.000738 -0.000624 814.0
0.000738 -0.000624 815.0
0.000737 -0.000624 816.0
0.000737 -0.000624 817.0
0.000736 -0.000624 818.0
0.000736 -0.000624 819.0
0.000735 -0.000623 820.0
0.000735 -0.000623 821.0
0.000734 -0.000623 822.0
0.000734 -0.000623 823.0
0.000733 -0.000623 824.0
0.000733 -0.000623 825.0
0.000732 -0.000623 826.0
0.000732 -0.000622 827.0
0.000731 -0.000622 828.0
0.000730 -0.000622 829.0
0.000730 -0.000622 830.0
0.000729 -0.000622 831.0
0.000729 -0.000622 832.0
0.000728 -0.000622 833.0
0.000728 -0.000621 834.0
0.000727 -0.000621 835.0
0.000727 -0.000623 836.0
0.000727 -0.000622 837.0
0.000726 -0.000622 838.0
0.000726 -0.000621 839.0
0.000726 -0.000621 840.0
0.000725 -0.000620 841.0
0.000725 -0.000620 842.0
0.000725 -0.000619 843.0
0.000724 -0.000619 844.0
0.000724 -0.000618 845.0
0.000724 -0.000617 846.0
0.000723 -0.000617 847.0
0.000723 -0.000616 848.0
0.000722 -0.000616 849.0
0.000722 -0.000615 850.0
0.000722 -0.000615 851.0
0.000721 -0.000614 852.0
0.000721 -0.000614 853.0
0.000721 -0.000613 854.0
0.000720 -0.000613 855.0
0.000720 -0.000612 856.0
0.000720 -0.000612 857.0
0.000719 -0.000611 858.0
0.000719 -0.000610 859.0
0.000719 -0.000610 860.0
0.000718 -0.000609 861.0
0.000718 -0.000609 862.0
0.000718 -0.000608 863.0
0.000717 -0.000608 864.0
0.000717 -0.000607 865.0
0.000716 -0.000607 866.0
0.000716 -0.000606 867.0
0.000716 -0.000606 868.0
0.000715 -0.000605 869.0
0.000715 -0.000604 870.0
0.000715 -0.000604 871.0
0.000714 -0.000603 872.0
0.000714 -0.000603 873.0
0.000714 -0.000602 874.0
0.000713 -0.000602 875.0
0.000713 -0.000601 876.0
0.000713 -0.000601 877.0
0.000712 -0.000600 878.0
0.000712 -0.000600 879.0
0.000711 -0.000599 880.0
0.000711 -0.000598 881.0
0.000711 -0.000598 882.0
0.000710 -0.000597 883.0
0.000710 -0.000597 884.0
0.000710 -0.000596 885.0
0.000709 -0.000596 886.0
0.000709 -0.000595 887.0
0.000709 -0.000595 888.0
0.000708 -0.000594 889.0
0.000708 -0.000594 890.0
0.000708 -0.000593 891.0
0.000707 -0.000592 892.0
0.000707 -0.000592 893.0
0.000707 -0.000591 894.0
0.000706 -0.000591 895.0
0.000706 -0.000590 896.0
0.000703 -0.000594 897.0
0.000702 -0.000593 898.0
0.000702 -0.000593 899.0
0.000701 -0.000593 900.0
0.000700 -0.000593 901.0
0.000700 -0.000593 902.0
0.000699 -0.000592 903.0
0.000698 -0.000592 904.0
0.000698 -0.000592 905.0
0.000697 -0.000592 906.0
0.000696 -0.000592 907.0
0.000696 -0.000592 908.0
0.000695 -0.000591 909.0
0.000694 -0.000591 910.0
0.000694 -0.000591 911.0
0.000693 -0.000591 912.0
0.000692 -0.000591 913.0
0.000692 -0.000591 914.0
0.000691 -0.000590 915.0
0.000690 -0.000590 916.0
0.000690 -0.000590 917.0
0.000689 -0.000590 918.0
0.000688 -0.000590 919.0
0.000688 -0.000590 920.0
0.000687 -0.000589 921.0
0.000686 -0.000589 922.0
0.000686 -0.000589 923.0
0.000685 -0.000589 924.0
0.000684 -0.000589 925.0
0.000684 -0.000588 926.0
0.000683 -0.000588 927.0
0.000682 -0.000588 928.0
0.000682 -0.000588 929.0
0.000681 -0.000588 930.0
0.000680 -0.000588 931.0
0.000679 -0.000587 932.0
0.000679 -0.000587 933.0
0.000678 -0.000587 934.0
0.000677 -0.000587 935.0
0.000677 -0.000587 936.0
0.000676 -0.000587 937.0
0.000675 -0.000586 938.0
0.000675 -0.000586 939.0
0.000674 -0.000586 940.0
0.000673 -0.000586 941.0
0.000673 -0.000586 942.0
0.000672 -0.000586 943.0
0.000671 -0.000585 944.0
0.000671 -0.000585 945.0
0.000670 -0.000585 946.0
0.000669 -0.000585 947.0
0.000669 -0.000585 948.0
0.000668 -0.000584 949.0
0.000667 -0.000584 950.0
0.000667 -0.000584 951.0
0.000666 -0.000584 952.0
0.000665 -0.000584 953.0
0.000665 -0.000584 954.0
0.000664 -0.000583 955.0
0.000663 -0.000583 956.0
0.000663 -0.000585 957.0
0.000662 -0.000585 958.0
0.000662 -0.000585 959.0
0.000661 -0.000586 960.0
0.000661 -0.000586 961.0
0.000660 -0.000586 962.0
0.000659 -0.000586 963.0
0.000659 -0.000586 964.0
0.000658 -0.000586 965.0
0.000658 -0.000586 966.0
0.000657 -0.000586 967.0
0.000656 -0.000586 968.0
0.000656 -0.000586 969.0
0.000655 -0.000586 970.0
0.000654 -0.000586 971.0
0.000654 -0.000586 972.0
0.000653 -0.000587 973.0
0.000653 -0.000587 974.0
0.000652 -0.000587 975.0
0.000651 -0.000587 976.0
0.000651 -0.000587 977.0
0.000650 -0.000587 978.0
0.000650 -0.000587 979.0
0.000649 -0.000587 980.0
0.000648 -0.000587 981.0
0.000648 -0.000587 982.0
0.000647 -0.000587 983.0
0.000647 -0.000587 984.0
0.000646 -0.000587 985.0
0.000645 -0.000588 986.0
0.000645 -0.000588 987.0
0.000644 -0.000588 988.0
0.000643 -0.000588 989.0
0.000643 -0.000588 990.0
0.000642 -0.000588 991.0
0.000642 -0.000588 992.0
0.000641 -0.000588 993.0
0.000640 -0.000588 994.0
0.000640 -0.000588 995.0
0.000639 -0.000588 996.0
0.000639 -0.000588 997.0
0.000638 -0.000588 998.0
0.000637 -0.000589 999.0
0.000637 -0.000589 1000.0
0.000636 -0.000589 1001.0
0.000636 -0.000589 1002.0
0.000635 -0.000589 1003.0
0.000634 -0.000589 1004.0
0.000634 -0.000589 1005.0
0.000633 -0.000589 1006.0
0.000632 -0.000589 1007.0
0.000632 -0.000589 1008.0
0.000631 -0.000589 1009.0
0.000631 -0.000589 1010.0
0.000630 -0.000590 1011.0
0.000629 -0.000590 1012.0
0.000629 -0.000590 1013.0
0.000628 -0.000590 1014.0
0.000628 -0.000590 1015.0
0.000627 -0.000590 1016.0
0.000627 -0.000589 1017.0
0.000627 -0.000590 1018.0
0.000626 -0.000590 1019.0
0.000626 -0.000591 1020.0
0.000626 -0.000591 1021.0
0.000625 -0.000592 1022.0
0.000625 -0.000592 1023.0
0.000624 -0.000593 1024.0
0.000624 -0.000593 1025.0
0.000624 -0.000594 1026.0
0.000623 -0.000595 1027.0
0.000623 -0.000595 1028.0
0.000623 -0.000596 1029.0
0.000622 -0.000596 1030.0
0.000622 -0.000597 1031.0
0.000622 -0.000597 1032.0
0.000621 -0.000598 1033.0
0.000621 -0.000598 1034.0
0.000621 -0.000599 1035.0
0.000620 -0.000600 1036.0
0.000620 -0.000600 1037.0
0.000620 -0.000601 1038.0
0.000619 -0.000601 1039.0
0.000619 -0.000602 1040.0
0.000619 -0.000602 1041.0
0.000618 -0.000603 1042.0
0.000618 -0.000603 1043.0
0.000618 -0.000604 1044.0
0.000617 -0.000605 1045.0
0.000617 -0.000605 1046.0
0.000617 -0.000606 1047.0
0.000616 -0.000606 1048.0
0.000616 -0.000607 1049.0
0.000616 -0.000607 1050.0
0.000615 -0.000608 1051.0
0.000615 -0.000608 1052.0
0.000615 -0.000609 1053.0
0.000614 -0.000610 1054.0
0.000614 -0.000610 1055.0
0.000614 -0.000611 1056.0
0.000613 -0.000611 1057.0
0.000613 -0.000612 1058.0
0.000613 -0.000612 1059.0
0.000612 -0.000613 1060.0
0.000612 -0.000613 1061.0
0.000612 -0.000614 1062.0
0.000611 -0.000615 1063.0
0.000611 -0.000615 1064.0
0.000610 -0.000616 1065.0
0.000610 -0.000616 1066.0
0.000610 -0.000617 1067.0
0.000609 -0.000617 1068.0
0.000609 -0.000618 1069.0
0.000609 -0.000618 1070.0
0.000608 -0.000619 1071.0
0.000608 -0.000620 1072.0
0.000608 -0.000620 1073.0
0.000607 -0.000621 1074.0
0.000607 -0.000621 1075.0
0.000607 -0.000622 1076.0
0.000604 -0.000619 1077.0
0.000604 -0.000619 1078.0
0.000604 -0.000619 1079.0
0.000603 -0.000619 1080.0
0.000603 -0.000620 1081.0
0.000603 -0.000620 1082.0
0.000603 -0.000620 1083.0
0.000603 -0.000621 1084.0
0.000603 -0.000621 1085.0
0.000602 -0.000621 1086.0
0.000602 -0.000621 1087.0
0.000602 -0.000622 1088.0
0.000602 -0.000622 1089.0
0.000602 -0.000622 1090.0
0.000602 -0.000622 1091.0
0.000601 -0.000623 1092.0
0.000601 -0.000623 1093.0
0.000601 -0.000623 1094.0
0.000601 -0.000624 1095.0
0.000601 -0.000624 1096.0
0.000601 -0.000624 1097.0
0.000600 -0.000624 1098.0
0.000600 -0.000625 1099.0
0.000600 -0.000625 1100.0
0.000600 -0.000625 1101.0
0.000600 -0.000625 1102.0
0.000599 -0.000626 1103.0
0.000599 -0.000626 1104.0
0.000599 -0.000626 1105.0
0.000599 -0.000626 1106.0
0.000599 -0.000627 1107.0
0.000599 -0.000627 1108.0
0.000598 -0.000627 1109.0
0.000598 -0.000628 1110.0
0.000598 -0.000628 1111.0
0.000598 -0.000628 1112.0
0.000598 -0.000628 1113.0
0.000598 -0.000629 1114.0
0.000597 -0.000629 1115.0
0.000597 -0.000629 1116.0
0.000597 -0.000629 1117.0
0.000597 -0.000630 1118.0
0.000597 -0.000630 1119.0
0.000597 -0.000630 1120.0
0.000596 -0.000630 1121.0
0.000596 -0.000631 1122.0
0.000596 -0.000631 1123.0
0.000596 -0.000631 1124.0
0.000596 -0.000632 1125.0
0.000596 -0.000632 1126.0
0.000595 -0.000632 1127.0
0.000595 -0.000632 1128.0
0.000595 -0.000633 1129.0
0.000595 -0.000633 1130.0
0.000595 -0.000633 1131.0
0.000595 -0.000633 1132.0
0.000594 -0.000634 1133.0
0.000594 -0.000634 1134.0
0.000594 -0.000634 1135.0
0.000594 -0.000635 1136.0
0.000594 -0.000635 1137.0
0.000593 -0.000635 1138.0
0.000593 -0.000635 1139.0
0.000593 -0.000636 1140.0
0.000593 -0.000636 1141.0
0.000593 -0.000636 1142.0
0.000593 -0.000636 1143.0
0.000592 -0.000637 1144.0
0.000592 -0.000637 1145.0
0.000592 -0.000637 1146.0
0.000592 -0.000637 1147.0
0.000592 -0.000638 1148.0
0.000592 -0.000638 1149.0
0.000591 -0.000638 1150.0
0.000591 -0.000639 1151.0
0.000590 -0.000637 1152.0
0.000589 -0.000637 1153.0
0.000589 -0.000637 1154.0
0.000589 -0.000637 1155.0
0.000589 -0.000637 1156.0
0.000589 -0.000638 1157.0
0.000589 -0.000638 1158.0
0.000589 -0.000638 1159.0
0.000588 -0.000638 1160.0
0.000588 -0.000638 1161.0
0.000588 -0.000639 1162.0
0.000588 -0.000639 1163.0
0.000588 -0.000639 1164.0
0.000588 -0.000639 1165.0
0.000587 -0.000639 1166.0
0.000587 -0.000639 1167.0
0.000586 -0.000639 1168.0
0.000586 -0.000639 1169.0
0.000585 -0.000639 1170.0
0.000585 -0.000639 1171.0
0.000585 -0.000638 1172.0
0.000584 -0.000638 1173.0
0.000584 -0.000638 1174.0
0.000583 -0.000638 1175.0
0.000583 -0.000638 1176.0
0.000582 -0.000638 1177.0
0.000582 -0.000638 1178.0
0.000581 -0.000638 1179.0
0.000581 -0.000638 1180.0
0.000581 -0.000638 1181.0
0.000580 -0.000638 1182.0
0.000580 -0.000638 1183.0
0.000579 -0.000638 1184.0
0.000579 -0.000638 1185.0
0.000578 -0.000638 1186.0
0.000578 -0.000638 1187.0
0.000578 -0.000638 1188.0
0.000577 -0.000638 1189.0
0.000577 -0.000638 1190.0
0.000576 -0.000638 1191.0
0.000576 -0.000638 1192.0
0.000575 -0.000638 1193.0
0.000575 -0.000638 1194.0
0.000574 -0.000638 1195.0
0.000574 -0.000638 1196.0
0.000574 -0.000638 1197.0
0.000573 -0.000638 1198.0
0.000573 -0.000638 1199.0
0.000572 -0.000638 1200.0
0.000572 -0.000638 1201.0
0.000571 -0.000637 1202.0
0.000571 -0.000637 1203.0
0.000571 -0.000637 1204.0
0.000570 -0.000637 1205.0
0.000570 -0.000637 1206.0
0.000569 -0.000637 1207.0
0.000569 -0.000637 1208.0
0.000568 -0.000637 1209.0
0.000568 -0.000637 1210.0
0.000568 -0.000637 1211.0
0.000568 -0.000637 1212.0
0.000567 -0.000637 1213.0
0.000566 -0.000637 1214.0
0.000566 -0.000637 1215.0
0.000565 -0.000637 1216.0
0.000564 -0.000637 1217.0
0.000563 -0.000637 1218.0
0.000563 -0.000637 1219.0
0.000562 -0.000637 1220.0
0.000561 -0.000637 1221.0
0.000561 -0.000637 1222.0
0.000560 -0.000637 1223.0
0.000559 -0.000637 1224.0
0.000559 -0.000637 1225.0
0.000558 -0.000636 1226.0
0.000557 -0.000636 1227.0
0.000557 -0.000636 1228.0
0.000556 -0.000636 1229.0
0.000555 -0.000636 1230.0
0.000555 -0.000636 1231.0
0.000554 -0.000636 1232.0
0.000553 -0.000636 1233.0
0.000553 -0.000636 1234.0
0.000552 -0.000636 1235.0
0.000551 -0.000636 1236.0
0.000551 -0.000636 1237.0
0.000550 -0.000636 1238.0
0.000549 -0.000635 1239.0
0.000549 -0.000635 1240.0
0.000548 -0.000635 1241.0
0.000547 -0.000635 1242.0
0.000547 -0.000635 1243.0
0.000546 -0.000635 1244.0
0.000545 -0.000635 1245.0
0.000545 -0.000635 1246.0
0.000544 -0.000635 1247.0
0.000543 -0.000635 1248.0
0.000543 -0.000635 1249.0
0.000542 -0.000635 1250.0
0.000541 -0.000635 1251.0
0.000541 -0.000634 1252.0
0.000540 -0.000634 1253.0
0.000539 -0.000634 1254.0
0.000539 -0.000634 1255.0
0.000538 -0.000634 1256.0
0.000537 -0.000634 1257.0
0.000537 -0.000634 1258.0
0.000536 -0.000634 1259.0
0.000535 -0.000634 1260.0
0.000535 -0.000634 1261.0
0.000534 -0.000634 1262.0
0.000533 -0.000634 1263.0
0.000533 -0.000634 1264.0
0.000532 -0.000634 1265.0
0.000531 -0.000633 1266.0
0.000531 -0.000633 1267.0
0.000530 -0.000633 1268.0
0.000529 -0.000633 1269.0
0.000529 -0.000633 1270.0
0.000528 -0.000633 1271.0
0.000527 -0.000633 1272.0
0.000527 -0.000633 1273.0
0.000526 -0.000633 1274.0
0.000526 -0.000634 1275.0
0.000526 -0.000634 1276.0
0.000526 -0.000634 1277.0
0.000526 -0.000634 1278.0
0.000526 -0.000634 1279.0
0.000526 -0.000634 1280.0
0.000526 -0.000634 1281.0
0.000526 -0.000634 1282.0
0.000526 -0.000634 1283.0
0.000525 -0.000634 1284.0
0.000525 -0.000634 1285.0
0.000525 -0.000634 1286.0
0.000524 -0.000634 1287.0
0.000524 -0.000633 1288.0
0.000523 -0.000633 1289.0
0.000523 -0.000633 1290.0
0.000523 -0.000633 1291.0
0.000522 -0.000633 1292.0
0.000522 -0.000633 1293.0
0.000522 -0.000633 1294.0
0.000521 -0.000633 1295.0
0.000521 -0.000633 1296.0
0.000520 -0.000633 1297.0
0.000520 -0.000633 1298.0
0.000520 -0.000633 1299.0
0.000519 -0.000633 1300.0
0.000519 -0.000633 1301.0
0.000518 -0.000633 1302.0
0.000518 -0.000633 1303.0
0.000518 -0.000633 1304.0
0.000517 -0.000632 1305.0
0.000517 -0.000632 1306.0
0.000516 -0.000632 1307.0
0.000516 -0.000632 1308.0
0.000516 -0.000632 1309.0
0.000515 -0.000632 1310.0
0.000515 -0.000632 1311.0
0.000515 -0.000632 1312.0
0.000514 -0.000632 1313.0
0.000514 -0.000632 1314.0
0.000513 -0.000632 1315.0
0.000513 -0.000632 1316.0
0.000513 -0.000632 1317.0
0.000512 -0.000632 1318.0
0.000512 -0.000632 1319.0
0.000511 -0.000632 1320.0
0.000511 -0.000632 1321.0
0.000511 -0.000631 1322.0
0.000510 -0.000631 1323.0
0.000510 -0.000631 1324.0
0.000510 -0.000631 1325.0
0.000509 -0.000631 1326.0
0.000509 -0.000631 1327.0
0.000508 -0.000631 1328.0
0.000508 -0.000631 1329.0
0.000508 -0.000631 1330.0
0.000507 -0.000631 1331.0
0.000507 -0.000631 1332.0
0.000506 -0.000631 1333.0
0.000506 -0.000631 1334.0
0.000506 -0.000631 1335.0
0.000505 -0.000631 1336.0
0.000505 -0.000631 1337.0
0.000504 -0.000631 1338.0
0.000504 -0.000630 1339.0
0.000504 -0.000630 1340.0
0.000503 -0.000630 1341.0
0.000503 -0.000630 1342.0
0.000503 -0.000630 1343.0
0.000502 -0.000631 1344.0
0.000501 -0.000631 1345.0
0.000500 -0.000631 1346.0
0.000499 -0.000631 1347.0
0.000498 -0.000631 1348.0
0.000497 -0.000630 1349.0
0.000496 -0.000630 1350.0
0.000495 -0.000630 1351.0
0.000494 -0.000630 1352.0
0.000493 -0.000630 1353.0
0.000492 -0.000630 1354.0
0.000491 -0.000630 1355.0
0.000490 -0.000630 1356.0
0.000489 -0.000630 1357.0
0.000488 -0.000629 1358.0
0.000487 -0.000629 1359.0
0.000486 -0.000629 1360.0
0.000485 -0.000629 1361.0
0.000484 -0.000629 1362.0
0.000483 -0.000629 1363.0
0.000482 -0.000629 1364.0
0.000481 -0.000629 1365.0
0.000480 -0.000629 1366.0
0.000479 -0.000629 1367.0
0.000478 -0.000628 1368.0
0.000477 -0.000628 1369.0
0.000476 -0.000628 1370.0
0.000475 -0.000628 1371.0
0.000474 -0.000628 1372.0
0.000473 -0.000628 1373.0
0.000472 -0.000628 1374.0
0.000471 -0.000628 1375.0
0.000470 -0.000628 1376.0
0.000469 -0.000627 1377.0
0.000468 -0.000627 1378.0
0.000467 -0.000627 1379.0
0.000466 -0.000627 1380.0
0.000465 -0.000627 1381.0
0.000464 -0.000627 1382.0
0.000462 -0.000627 1383.0
0.000461 -0.000627 1384.0
0.000460 -0.000627 1385.0
0.000459 -0.000627 1386.0
0.000458 -0.000626 1387.0
0.000457 -0.000626 1388.0
0.000456 -0.000626 1389.0
0.000455 -0.000626 1390.0
0.000454 -0.000626 1391.0
0.000453 -0.000626 1392.0
0.000452 -0.000626 1393.0
0.000451 -0.000626 1394.0
0.000450 -0.000626 1395.0
0.000449 -0.000625 1396.0
0.000448 -0.000625 1397.0
0.000447 -0.000625 1398.0
0.000446 -0.000625 1399.0
0.000445 -0.000625 1400.0
0.000444 -0.000625 1401.0
0.000443 -0.000625 1402.0
0.000442 -0.000625 1403.0
0.000442 -0.000626 1404.0
0.000442 -0.000626 1405.0
0.000442 -0.000625 1406.0
0.000441 -0.000625 1407.0
0.000441 -0.000625 1408.0
0.000441 -0.000625 1409.0
0.000441 -0.000624 1410.0
0.000441 -0.000624 1411.0
0.000441 -0.000624 1412.0
0.000440 -0.000623 1413.0
0.000440 -0.000623 1414.0
0.000440 -0.000623 1415.0
0.000440 -0.000623 1416.0
0.000440 -0.000622 1417.0
0.000440 -0.000622 1418.0
0.000439 -0.000622 1419.0
0.000439 -0.000622 1420.0
0.000439 -0.000621 1421.0
0.000439 -0.000621 1422.0
0.000439 -0.000621 1423.0
0.000439 -0.000620 1424.0
0.000438 -0.000620 1425.0
0.000438 -0.000620 1426.0
0.000438 -0.000620 1427.0
0.000438 -0.000619 1428.0
0.000438 -0.000619 1429.0
0.000438 -0.000619 1430.0
0.000437 -0.000618 1431.0
0.000437 -0.000618 1432.0
0.000437 -0.000618 1433.0
0.000437 -0.000618 1434.0
0.000437 -0.000617 1435.0
0.000437 -0.000617 1436.0
0.000437 -0.000617 1437.0
0.000436 -0.000617 1438.0
0.000436 -0.000616 1439.0
0.000436 -0.000616 1440.0
0.000436 -0.000616 1441.0
0.000436 -0.000615 1442.0
0.000436 -0.000615 1443.0
0.000435 -0.000615 1444.0
0.000435 -0.000615 1445.0
0.000435 -0.000614 1446.0
0.000435 -0.000614 1447.0
0.000435 -0.000614 1448.0
0.000435 -0.000613 1449.0
0.000434 -0.000613 1450.0
0.000434 -0.000613 1451.0
0.000434 -0.000613 1452.0
0.000434 -0.000612 1453.0
0.000434 -0.000612 1454.0
0.000434 -0.000612 1455.0
0.000433 -0.000611 1456.0
0.000433 -0.000611 1457.0
0.000433 -0.000611 1458.0
0.000433 -0.000611 1459.0
0.000433 -0.000610 1460.0
0.000433 -0.000610 1461.0
0.000432 -0.000610 1462.0
0.000432 -0.000610 1463.0
0.000432 -0.000609 1464.0
0.000432 -0.000609 1465.0
0.000432 -0.000609 1466.0
0.000432 -0.000608 1467.0
0.000431 -0.000608 1468.0
0.000431 -0.000608 1469.0
0.000431 -0.000608 1470.0
0.000431 -0.000607 1471.0
0.000429 -0.000609 1472.0
0.000429 -0.000609 1473.0
0.000429 -0.000609 1474.0
0.000429 -0.000609 1475.0
0.000429 -0.000609 1476.0
0.000429 -0.000609 1477.0
0.000430 -0.000609 1478.0
0.000430 -0.000609 1479.0
0.000430 -0.000609 1480.0
0.000430 -0.000609 1481.0
0.000430 -0.000609 1482.0
0.000430 -0.000609 1483.0
0.000430 -0.000609 1484.0
0.000430 -0.000609 1485.0
0.000430 -0.000609 1486.0
0.000430 -0.000609 1487.0
0.000430 -0.000609 1488.0
0.000430 -0.000609 1489.0
0.000431 -0.000609 1490.0
0.000431 -0.000609 1491.0
0.000431 -0.000609 1492.0
0.000431 -0.000609 1493.0
0.000432 -0.000609 1494.0
0.000432 -0.000609 1495.0
0.000432 -0.000609 1496.0
0.000433 -0.000609 1497.0
0.000433 -0.000609 1498.0
0.000433 -0.000609 1499.0
0.000433 -0.000609 1500.0
0.000434 -0.000609 1501.0
0.000434 -0.000608 1502.0
0.000434 -0.000608 1503.0
0.000435 -0.000608 1504.0
0.000435 -0.000608 1505.0
0.000435 -0.000608 1506.0
0.000435 -0.000608 1507.0
0.000436 -0.000608 1508.0
0.000436 -0.000608 1509.0
0.000436 -0.000608 1510.0
0.000437 -0.000608 1511.0
0.000437 -0.000608 1512.0
0.000437 -0.000608 1513.0
0.000437 -0.000608 1514.0
0.000438 -0.000608 1515.0
0.000438 -0.000608 1516.0
0.000438 -0.000608 1517.0
0.000438 -0.000608 1518.0
0.000439 -0.000608 1519.0
0.000439 -0.000608 1520.0
0.000439 -0.000608 1521.0
0.000440 -0.000608 1522.0
0.000440 -0.000608 1523.0
0.000440 -0.000608 1524.0
0.000440 -0.000608 1525.0
0.000441 -0.000608 1526.0
0.000441 -0.000608 1527.0
0.000441 -0.000608 1528.0
0.000442 -0.000608 1529.0
0.000442 -0.000608 1530.0
0.000443 -0.000608 1531.0
0.000443 -0.000608 1532.0
0.000443 -0.000608 1533.0
0.000444 -0.000608 1534.0
0.000444 -0.000608 1535.0
0.000445 -0.000608 1536.0
0.000445 -0.000608 1537.0
0.000446 -0.000608 1538.0
0.000446 -0.000608 1539.0
0.000447 -0.000608 1540.0
0.000447 -0.000609 1541.0
0.000448 -0.000609 1542.0
0.000448 -0.000609 1543.0
0.000448 -0.000609 1544.0
0.000449 -0.000609 1545.0
0.000449 -0.000609 1546.0
0.000450 -0.000609 1547.0
0.000450 -0.000609 1548.0
0.000451 -0.000609 1549.0
0.000451 -0.000609 1550.0
0.000452 -0.000609 1551.0
0.000452 -0.000609 1552.0
0.000453 -0.000609 1553.0
0.000453 -0.000609 1554.0
0.000453 -0.000609 1555.0
0.000454 -0.000609 1556.0
0.000454 -0.000609 1557.0
0.000455 -0.000609 1558.0
0.000455 -0.000609 1559.0
0.000456 -0.000610 1560.0
0.000456 -0.000610 1561.0
0.000457 -0.000610 1562.0
0.000457 -0.000610 1563.0
0.000457 -0.000610 1564.0
0.000458 -0.000610 1565.0
0.000458 -0.000610 1566.0
0.000459 -0.000610 1567.0
0.000459 -0.000610 1568.0
0.000460 -0.000610 1569.0
0.000460 -0.000610 1570.0
0.000461 -0.000610 1571.0
0.000461 -0.000610 1572.0
0.000462 -0.000610 1573.0
0.000462 -0.000610 1574.0
0.000462 -0.000610 1575.0
0.000463 -0.000610 1576.0
0.000463 -0.000610 1577.0
0.000464 -0.000610 1578.0
0.000464 -0.000610 1579.0
0.000465 -0.000611 1580.0
0.000465 -0.000611 1581.0
0.000466 -0.000611 1582.0
0.000466 -0.000610 1583.0
0.000466 -0.000610 1584.0
0.000466 -0.000610 1585.0
0.000467 -0.000610 1586.0
0.000467 -0.000610 1587.0
0.000468 -0.000610 1588.0
0.000468 -0.000610 1589.0
0.000468 -0.000610 1590.0
0.000469 -0.000611 1591.0
0.000469 -0.000611 1592.0
0.000469 -0.000611 1593.0
0.000470 -0.000611 1594.0
0.000470 -0.000611 1595.0
0.000471 -0.000611 1596.0
0.000471 -0.000611 1597.0
0.000471 -0.000611 1598.0
0.000472 -0.000611 1599.0
0.000472 -0.000611 1600.0
0.000473 -0.000611 1601.0
0.000473 -0.000611 1602.0
0.000473 -0.000611 1603.0
0.000474 -0.000611 1604.0
0.000474 -0.000611 1605.0
0.000474 -0.000611 1606.0
0.000475 -0.000611 1607.0
0.000475 -0.000612 1608.0
0.000476 -0.000612 1609.0
0.000476 -0.000612 1610.0
0.000476 -0.000612 1611.0
0.000477 -0.000612 1612.0
0.000477 -0.000612 1613.0
0.000477 -0.000612 1614.0
0.000478 -0.000612 1615.0
0.000478 -0.000612 1616.0
0.000479 -0.000612 1617.0
0.000479 -0.000612 1618.0
0.000479 -0.000612 1619.0
0.000480 -0.000612 1620.0
0.000480 -0.000612 1621.0
0.000481 -0.000612 1622.0
0.000481 -0.000612 1623.0
0.000481 -0.000612 1624.0
0.000482 -0.000613 1625.0
0.000482 -0.000613 1626.0
0.000482 -0.000613 1627.0
0.000483 -0.000613 1628.0
0.000483 -0.000613 1629.0
0.000484 -0.000613 1630.0
0.000484 -0.000613 1631.0
0.000484 -0.000613 1632.0
0.000485 -0.000613 1633.0
0.000485 -0.000613 1634.0
0.000485 -0.000613 1635.0
0.000486 -0.000613 1636.0
0.000486 -0.000613 1637.0
0.000487 -0.000613 1638.0
0.000487 -0.000613 1639.0
0.000487 -0.000613 1640.0
0.000488 -0.000613 1641.0
0.000488 -0.000614 1642.0
0.000489 -0.000614 1643.0
0.000489 -0.000614 1644.0
0.000489 -0.000613 1645.0
0.000488 -0.000613 1646.0
0.000487 -0.000613 1647.0
0.000487 -0.000613 1648.0
0.000486 -0.000613 1649.0
0.000485 -0.000612 1650.0
0.000484 -0.000612 1651.0
0.000483 -0.000612 1652.0
0.000483 -0.000612 1653.0
0.000482 -0.000612 1654.0
0.000481 -0.000612 1655.0
0.000480 -0.000612 1656.0
0.000479 -0.000612 1657.0
0.000479 -0.000612 1658.0
0.000478 -0.000612 1659.0
0.000477 -0.000612 1660.0
0.000476 -0.000611 1661.0
0.000475 -0.000611 1662.0
0.000475 -0.000611 1663.0
0.000474 -0.000611 1664.0
0.000473 -0.000611 1665.0
0.000472 -0.000611 1666.0
0.000472 -0.000611 1667.0
0.000471 -0.000611 1668.0
0.000470 -0.000611 1669.0
0.000469 -0.000611 1670.0
0.000468 -0.000611 1671.0
0.000468 -0.000610 1672.0
0.000467 -0.000610 1673.0
0.000466 -0.000610 1674.0
0.000465 -0.000610 1675.0
0.000464 -0.000610 1676.0
0.000464 -0.000610 1677.0
0.000463 -0.000610 1678.0
0.000462 -0.000610 1679.0
0.000461 -0.000610 1680.0
0.000460 -0.000610 1681.0
0.000460 -0.000610 1682.0
0.000459 -0.000609 1683.0
0.000458 -0.000609 1684.0
0.000457 -0.000609 1685.0
0.000456 -0.000609 1686.0
0.000456 -0.000609 1687.0
0.000455 -0.000609 1688.0
0.000454 -0.000609 1689.0
0.000453 -0.000609 1690.0
0.000452 -0.000609 1691.0
0.000452 -0.000609 1692.0
0.000451 -0.000609 1693.0
0.000450 -0.000608 1694.0
0.000449 -0.000608 1695.0
0.000449 -0.000608 1696.0
0.000448 -0.000608 1697.0
0.000447 -0.000608 1698.0
0.000446 -0.000608 1699.0
0.000445 -0.000608 1700.0
0.000445 -0.000608 1701.0
0.000444 -0.000608 1702.0
0.000443 -0.000608 1703.0
0.000443 -0.000609 1704.0
0.000443 -0.000609 1705.0
0.000443 -0.000609 1706.0
0.000443 -0.000609 1707.0
0.000443 -0.000609 1708.0
0.000442 -0.000608 1709.0
0.000442 -0.000608 1710.0
0.000442 -0.000608 1711.0
0.000442 -0.000608 1712.0
0.000442 -0.000608 1713.0
0.000442 -0.000608 1714.0
0.000442 -0.000608 1715.0
0.000442 -0.000608 1716.0
0.000442 -0.000608 1717.0
0.000442 -0.000608 1718.0
0.000442 -0.000608 1719.0
0.000441 -0.000608 1720.0
0.000441 -0.000608 1721.0
0.000441 -0.000608 1722.0
0.000441 -0.000608 1723.0
0.000441 -0.000608 1724.0
0.000441 -0.000608 1725.0
0.000441 -0.000608 1726.0
0.000440 -0.000608 1727.0
0.000440 -0.000608 1728.0
0.000439 -0.000608 1729.0
0.000439 -0.000608 1730.0
0.000438 -0.000608 1731.0
0.000438 -0.000608 1732.0
0.000437 -0.000608 1733.0
0.000436 -0.000607 1734.0
0.000436 -0.000607 1735.0
0.000435 -0.000607 1736.0
0.000435 -0.000607 1737.0
0.000434 -0.000607 1738.0
0.000434 -0.000607 1739.0
0.000433 -0.000607 1740.0
0.000432 -0.000607 1741.0
0.000432 -0.000607 1742.0
0.000431 -0.000607 1743.0
0.000431 -0.000607 1744.0
0.000430 -0.000607 1745.0
0.000430 -0.000607 1746.0
0.000429 -0.000607 1747.0
0.000429 -0.000607 1748.0
0.000428 -0.000606 1749.0
0.000427 -0.000606 1750.0
0.000427 -0.000606 1751.0
0.000426 -0.000606 1752.0
0.000426 -0.000606 1753.0
0.000425 -0.000606 1754.0
0.000425 -0.000606 1755.0
0.000424 -0.000606 1756.0
0.000423 -0.000606 1757.0
0.000423 -0.000606 1758.0
0.000422 -0.000606 1759.0
0.000422 -0.000606 1760.0
0.000421 -0.000606 1761.0
0.000421 -0.000606 1762.0
0.000420 -0.000606 1763.0
0.000419 -0.000605 1764.0
0.000419 -0.000605 1765.0
0.000418 -0.000605 1766.0
0.000418 -0.000605 1767.0
0.000417 -0.000605 1768.0
0.000417 -0.000605 1769.0
0.000416 -0.000605 1770.0
0.000416 -0.000605 1771.0
0.000415 -0.000605 1772.0
0.000414 -0.000605 1773.0
0.000414 -0.000605 1774.0
0.000413 -0.000605 1775.0
0.000413 -0.000605 1776.0
0.000412 -0.000605 1777.0
0.000412 -0.000605 1778.0
0.000411 -0.000605 1779.0
0.000410 -0.000604 1780.0
0.000410 -0.000604 1781.0
0.000409 -0.000604 1782.0
0.000409 -0.000604 1783.0
0.000408 -0.000604 1784.0
0.000408 -0.000604 1785.0
0.000407 -0.000604 1786.0
0.000406 -0.000604 1787.0
0.000406 -0.000604 1788.0
0.000405 -0.000604 1789.0
0.000405 -0.000604 1790.0
0.000404 -0.000604 1791.0
0.000404 -0.000605 1792.0
0.000403 -0.000605 1793.0
0.000403 -0.000606 1794.0
0.000402 -0.000606 1795.0
0.000401 -0.000607 1796.0
0.000400 -0.000607 1797.0
0.000399 -0.000608 1798.0
0.000399 -0.000609 1799.0
0.000398 -0.000609 1800.0
0.000397 -0.000610 1801.0
0.000396 -0.000610 1802.0
0.000396 -0.000611 1803.0
0.000395 -0.000611 1804.0
0.000394 -0.000612 1805.0
0.000393 -0.000613 1806.0
0.000392 -0.000613 1807.0
0.000392 -0.000614 1808.0
0.000391 -0.000614 1809.0
0.000390 -0.000615 1810.0
0.000389 -0.000615 1811.0
0.000388 -0.000616 1812.0
0.000388 -0.000617 1813.0
0.000387 -0.000617 1814.0
0.000386 -0.000618 1815.0
0.000385 -0.000618 1816.0
0.000384 -0.000619 1817.0
0.000384 -0.000619 1818.0
0.000383 -0.000620 1819.0
0.000382 -0.000621 1820.0
0.000381 -0.000621 1821.0
0.000381 -0.000622 1822.0
0.000380 -0.000622 1823.0
0.000379 -0.000623 1824.0
0.000378 -0.000623 1825.0
0.000377 -0.000624 1826.0
0.000377 -0.000625 1827.0
0.000376 -0.000625 1828.0
0.000375 -0.000626 1829.0
0.000374 -0.000626 1830.0
0.000373 -0.000627 1831.0
0.000373 -0.000627 1832.0
0.000372 -0.000628 1833.0
0.000371 -0.000629 1834.0
0.000370 -0.000629 1835.0
0.000370 -0.000630 1836.0
0.000369 -0.000630 1837.0
0.000368 -0.000631 1838.0
0.000367 -0.000631 1839.0
0.000366 -0.000632 1840.0
0.000366 -0.000632 1841.0
0.000365 -0.000633 1842.0
0.000364 -0.000634 1843.0
0.000363 -0.000634 1844.0
0.000362 -0.000635 1845.0
0.000362 -0.000635 1846.0
0.000360 -0.000630 1847.0
0.000359 -0.000631 1848.0
0.000358 -0.000631 1849.0
0.000358 -0.000631 1850.0
0.000357 -0.000632 1851.0
0.000357 -0.000632 1852.0
0.000356 -0.000633 1853.0
0.000355 -0.000633 1854.0
0.000355 -0.000633 1855.0
0.000354 -0.000634 1856.0
0.000354 -0.000634 1857.0
0.000353 -0.000635 1858.0
0.000352 -0.000635 1859.0
0.000352 -0.000635 1860.0
0.000351 -0.000636 1861.0
0.000351 -0.000636 1862.0
0.000350 -0.000637 1863.0
0.000349 -0.000637 1864.0
0.000349 -0.000637 1865.0
0.000348 -0.000638 1866.0
0.000348 -0.000638 1867.0
0.000347 -0.000639 1868.0
0.000347 -0.000639 1869.0
0.000346 -0.000639 1870.0
0.000345 -0.000640 1871.0
0.000345 -0.000640 1872.0
0.000344 -0.000641 1873.0
0.000344 -0.000641 1874.0
0.000343 -0.000641 1875.0
0.000342 -0.000642 1876.0
0.000342 -0.000642 1877.0
0.000341 -0.000643 1878.0
0.000341 -0.000643 1879.0
0.000340 -0.000643 1880.0
0.000339 -0.000644 1881.0
0.000339 -0.000644 1882.0
0.000338 -0.000645 1883.0
0.000338 -0.000645 1884.0
0.000337 -0.000645 1885.0
0.000336 -0.000646 1886.0
0.000336 -0.000646 1887.0
0.000335 -0.000646 1888.0
0.000335 -0.000647 1889.0
0.000334 -0.000647 1890.0
0.000334 -0.000648 1891.0
0.000333 -0.000648 1892.0
0.000332 -0.000648 1893.0
0.000332 -0.000649 1894.0
0.000331 -0.000649 1895.0
0.000331 -0.000650 1896.0
0.000330 -0.000650 1897.0
0.000329 -0.000650 1898.0
0.000329 -0.000651 1899.0
0.000328 -0.000651 1900.0
0.000328 -0.000652 1901.0
0.000327 -0.000652 1902.0
0.000326 -0.000652 1903.0
0.000326 -0.000653 1904.0
0.000325 -0.000653 1905.0
0.000325 -0.000654 1906.0
0.000324 -0.000654 1907.0
0.000323 -0.000650 1908.0
0.000322 -0.000650 1909.0
0.000321 -0.000650 1910.0
0.000321 -0.000650 1911.0
0.000320 -0.000650 1912.0
0.000319 -0.000650 1913.0
0.000319 -0.000650 1914.0
0.000318 -0.000650 1915.0
0.000317 -0.000650 1916.0
0.000317 -0.000650 1917.0
0.000316 -0.000650 1918.0
0.000316 -0.000649 1919.0
0.000315 -0.000649 1920.0
0.000314 -0.000649 1921.0
0.000314 -0.000649 1922.0
0.000313 -0.000649 1923.0
0.000312 -0.000649 1924.0
0.000312 -0.000649 1925.0
0.000311 -0.000649 1926.0
0.000311 -0.000649 1927.0
0.000310 -0.000649 1928.0
0.000309 -0.000649 1929.0
0.000309 -0.000649 1930.0
0.000308 -0.000649 1931.0
0.000307 -0.000649 1932.0
0.000307 -0.000649 1933.0
0.000306 -0.000649 1934.0
0.000306 -0.000649 1935.0
0.000305 -0.000649 1936.0
0.000304 -0.000649 1937.0
0.000304 -0.000649 1938.0
0.000303 -0.000649 1939.0
0.000302 -0.000649 1940.0
0.000302 -0.000648 1941.0
0.000301 -0.000648 1942.0
0.000301 -0.000648 1943.0
0.000300 -0.000648 1944.0
0.000299 -0.000648 1945.0
0.000299 -0.000648 1946.0
0.000298 -0.000648 1947.0
0.000297 -0.000648 1948.0
0.000297 -0.000648 1949.0
0.000296 -0.000648 1950.0
0.000296 -0.000648 1951.0
0.000295 -0.000648 1952.0
0.000294 -0.000648 1953.0
0.000294 -0.000648 1954.0
0.000293 -0.000648 1955.0
0.000292 -0.000648 1956.0
0.000292 -0.000648 1957.0
0.000291 -0.000648 1958.0
0.000290 -0.000648 1959.0
0.000290 -0.000648 1960.0
0.000289 -0.000648 1961.0
0.000289 -0.000648 1962.0
0.000288 -0.000648 1963.0
0.000287 -0.000647 1964.0
0.000287 -0.000647 1965.0
0.000286 -0.000647 1966.0
0.000285 -0.000647 1967.0
0.000285 -0.000648 1968.0
0.000285 -0.000648 1969.0
0.000285 -0.000647 1970.0
0.000285 -0.000647 1971.0
0.000285 -0.000647 1972.0
0.000285 -0.000647 1973.0
0.000285 -0.000646 1974.0
0.000284 -0.000646 1975.0
0.000284 -0.000646 1976.0
0.000284 -0.000645 1977.0
0.000284 -0.000645 1978.0
0.000284 -0.000645 1979.0
0.000284 -0.000645 1980.0
0.000284 -0.000644 1981.0
0.000283 -0.000644 1982.0
0.000283 -0.000644 1983.0
0.000283 -0.000643 1984.0
0.000283 -0.000643 1985.0
0.000283 -0.000643 1986.0
0.000283 -0.000643 1987.0
0.000283 -0.000642 1988.0
0.000282 -0.000642 1989.0
0.000282 -0.000642 1990.0
0.000282 -0.000642 1991.0
0.000282 -0.000641 1992.0
0.000282 -0.000641 1993.0
0.000282 -0.000641 1994.0
0.000282 -0.000640 1995.0
0.000281 -0.000640 1996.0
0.000281 -0.000640 1997.0
0.000281 -0.000640 1998.0
0.000281 -0.000639 1999.0
0.000281 -0.000639 2000.0
0.000281 -0.000639 2001.0
0.000280 -0.000639 2002.0
0.000280 -0.000638 2003.0
0.000280 -0.000638 2004.0
0.000280 -0.000638 2005.0
0.000280 -0.000637 2006.0
0.000280 -0.000637 2007.0
0.000280 -0.000637 2008.0
0.000279 -0.000637 2009.0
0.000279 -0.000636 2010.0
0.000279 -0.000636 2011.0
0.000279 -0.000636 2012.0
0.000279 -0.000635 2013.0
0.000279 -0.000635 2014.0
0.000279 -0.000635 2015.0
0.000278 -0.000635 2016.0
0.000278 -0.000634 2017.0
0.000278 -0.000634 2018.0
0.000278 -0.000634 2019.0
0.000278 -0.000634 2020.0
0.000278 -0.000633 2021.0
0.000278 -0.000633 2022.0
0.000277 -0.000633 2023.0
0.000277 -0.000632 2024.0
0.000277 -0.000632 2025.0
0.000276 -0.000633 2026.0
0.000276 -0.000633 2027.0
0.000276 -0.000633 2028.0
0.000276 -0.000634 2029.0
0.000276 -0.000634 2030.0
0.000277 -0.000634 2031.0
0.000277 -0.000635 2032.0
0.000277 -0.000635 2033.0
0.000278 -0.000635 2034.0
0.000278 -0.000636 2035.0
0.000278 -0.000636 2036.0
0.000279 -0.000636 2037.0
0.000279 -0.000637 2038.0
0.000279 -0.000637 2039.0
0.000279 -0.000637 2040.0
0.000280 -0.000638 2041.0
0.000280 -0.000638 2042.0
0.000280 -0.000638 2043.0
0.000281 -0.000639 2044.0
0.000281 -0.000639 2045.0
0.000281 -0.000639 2046.0
0.000281 -0.000640 2047.0
0.000282 -0.000640 2048.0
0.000282 -0.000640 2049.0
0.000282 -0.000640 2050.0
0.000283 -0.000641 2051.0
0.000283 -0.000641 2052.0
0.000283 -0.000641 2053.0
0.000284 -0.000642 2054.0
0.000284 -0.000642 2055.0
0.000284 -0.000642 2056.0
0.000284 -0.000643 2057.0
0.000285 -0.000643 2058.0
0.000285 -0.000643 2059.0
0.000285 -0.000644 2060.0
0.000286 -0.000644 2061.0
0.000286 -0.000644 2062.0
0.000286 -0.000645 2063.0
0.000286 -0.000645 2064.0
0.000287 -0.000645 2065.0
0.000287 -0.000646 2066.0
0.000287 -0.000646 2067.0
0.000288 -0.000646 2068.0
0.000288 -0.000646 2069.0
0.000288 -0.000647 2070.0
0.000288 -0.000647 2071.0
0.000289 -0.000647 2072.0
0.000289 -0.000648 2073.0
0.000289 -0.000648 2074.0
0.000290 -0.000648 2075.0
0.000290 -0.000649 2076.0
0.000290 -0.000649 2077.0
0.000291 -0.000649 2078.0
0.000291 -0.000650 2079.0
0.000291 -0.000650 2080.0
0.000291 -0.000650 2081.0
0.000292 -0.000651 2082.0
0.000292 -0.000651 2083.0
0.000292 -0.000651 2084.0
0.000293 -0.000652 2085.0
0.000293 -0.000652 2086.0
0.000293 -0.000652 2087.0
0.000293 -0.000653 2088.0
0.000294 -0.000653 2089.0
0.000294 -0.000653 2090.0
0.000294 -0.000653 2091.0
0.000295 -0.000654 2092.0
0.000295 -0.000654 2093.0
0.000295 -0.000654 2094.0
0.000296 -0.000655 2095.0
0.000296 -0.000655 2096.0
0.000296 -0.000655 2097.0
0.000298 -0.000652 2098.0
0.000299 -0.000652 2099.0
0.000299 -0.000652 2100.0
0.000300 -0.000652 2101.0
0.000301 -0.000652 2102.0
0.000302 -0.000652 2103.0
0.000302 -0.000651 2104.0
0.000303 -0.000651 2105.0
0.000304 -0.000651 2106.0
0.000304 -0.000651 2107.0
0.000305 -0.000651 2108.0
0.000306 -0.000651 2109.0
0.000307 -0.000651 2110.0
0.000307 -0.000650 2111.0
0.000308 -0.000650 2112.0
0.000309 -0.000650 2113.0
0.000309 -0.000650 2114.0
0.000310 -0.000650 2115.0
0.000311 -0.000650 2116.0
0.000312 -0.000649 2117.0
0.000312 -0.000649 2118.0
0.000313 -0.000649 2119.0
0.000314 -0.000649 2120.0
0.000314 -0.000649 2121.0
0.000315 -0.000649 2122.0
0.000316 -0.000648 2123.0
0.000317 -0.000648 2124.0
0.000317 -0.000648 2125.0
0.000318 -0.000648 2126.0
0.000319 -0.000648 2127.0
0.000319 -0.000648 2128.0
0.000320 -0.000647 2129.0
0.000321 -0.000647 2130.0
0.000322 -0.000647 2131.0
0.000322 -0.000647 2132.0
0.000323 -0.000647 2133.0
0.000324 -0.000647 2134.0
0.000324 -0.000647 2135.0
0.000325 -0.000646 2136.0
0.000326 -0.000646 2137.0
0.000327 -0.000646 2138.0
0.000327 -0.000646 2139.0
0.000328 -0.000646 2140.0
0.000329 -0.000646 2141.0
0.000329 -0.000645 2142.0
0.000330 -0.000645 2143.0
0.000331 -0.000645 2144.0
0.000332 -0.000645 2145.0
0.000332 -0.000645 2146.0
0.000333 -0.000645 2147.0
0.000334 -0.000644 2148.0
0.000334 -0.000646 2149.0
0.000334 -0.000646 2150.0
0.000334 -0.000646 2151.0
0.000334 -0.000646 2152.0
0.000334 -0.000646 2153.0
0.000334 -0.000646 2154.0
0.000334 -0.000646 2155.0
0.000334 -0.000646 2156.0
0.000334 -0.000646 2157.0
0.000334 -0.000646 2158.0
0.000334 -0.000646 2159.0
0.000334 -0.000646 2160.0
0.000334 -0.000646 2161.0
0.000334 -0.000646 2162.0
0.000335 -0.000646 2163.0
0.000335 -0.000646 2164.0
0.000335 -0.000646 2165.0
0.000335 -0.000646 2166.0
0.000335 -0.000646 2167.0
0.000335 -0.000646 2168.0
0.000335 -0.000646 2169.0
0.000335 -0.000646 2170.0
0.000335 -0.000646 2171.0
0.000335 -0.000646 2172.0
0.000335 -0.000646 2173.0
0.000335 -0.000646 2174.0
0.000335 -0.000646 2175.0
0.000335 -0.000646 2176.0
0.000335 -0.000646 2177.0
0.000335 -0.000646 2178.0
0.000335 -0.000646 2179.0
0.000335 -0.000646 2180.0
0.000335 -0.000646 2181.0
0.000335 -0.000646 2182.0
0.000335 -0.000646 2183.0
0.000335 -0.000646 2184.0
0.000335 -0.000646 2185.0
0.000335 -0.000646 2186.0
0.000335 -0.000646 2187.0
0.000336 -0.000646 2188.0
0.000336 -0.000646 2189.0
0.000336 -0.000646 2190.0
0.000336 -0.000646 2191.0
0.000336 -0.000646 2192.0
0.000336 -0.000646 2193.0
0.000336 -0.000646 2194.0
0.000336 -0.000646 2195.0
0.000336 -0.000646 2196.0
0.000336 -0.000646 2197.0
0.000336 -0.000646 2198.0
0.000336 -0.000646 2199.0
0.000336 -0.000646 2200.0
0.000336 -0.000646 2201.0
0.000336 -0.000646 2202.0
0.000336 -0.000646 2203.0
0.000336 -0.000646 2204.0
0.000336 -0.000646 2205.0
0.000336 -0.000646 2206.0
0.000336 -0.000646 2207.0
0.000336 -0.000646 2208.0
0.000336 -0.000646 2209.0
0.000336 -0.000646 2210.0
0.000336 -0.000646 2211.0
0.000336 -0.000646 2212.0
0.000336 -0.000646 2213.0
0.000336 -0.000646 2214.0
0.000336 -0.000646 2215.0
0.000336 -0.000646 2216.0
0.000336 -0.000646 2217.0
0.000336 -0.000646 2218.0
0.000336 -0.000646 2219.0
0.000336 -0.000646 2220.0
0.000336 -0.000646 2221.0
0.000336 -0.000646 2222.0
0.000336 -0.000646 2223.0
0.000336 -0.000646 2224.0
0.000336 -0.000646 2225.0
0.000336 -0.000646 2226.0
0.000336 -0.000646 2227.0
0.000336 -0.000646 2228.0
0.000336 -0.000646 2229.0
0.000336 -0.000646 2230.0
0.000336 -0.000646 2231.0
0.000336 -0.000646 2232.0
0.000336 -0.000646 2233.0
0.000336 -0.000646 2234.0
0.000336 -0.000646 2235.0
0.000336 -0.000646 2236.0
0.000336 -0.000646 2237.0
0.000336 -0.000645 2238.0
0.000336 -0.000645 2239.0
0.000336 -0.000645 2240.0
0.000336 -0.000645 2241.0
0.000336 -0.000645 2242.0
0.000336 -0.000645 2243.0
0.000336 -0.000645 2244.0
0.000336 -0.000645 2245.0
0.000336 -0.000645 2246.0
0.000336 -0.000645 2247.0
0.000336 -0.000645 2248.0
0.000336 -0.000645 2249.0
0.000336 -0.000645 2250.0
0.000336 -0.000645 2251.0
0.000336 -0.000645 2252.0
0.000336 -0.000645 2253.0
0.000336 -0.000645 2254.0
0.000336 -0.000645 2255.0
0.000336 -0.000645 2256.0
0.000336 -0.000645 2257.0
0.000336 -0.000645 2258.0
0.000336 -0.000645 2259.0
0.000336 -0.000645 2260.0
0.000336 -0.000645 2261.0
0.000336 -0.000645 2262.0
0.000336 -0.000645 2263.0
0.000336 -0.000645 2264.0
0.000336 -0.000645 2265.0
0.000336 -0.000645 2266.0
0.000336 -0.000645 2267.0
0.000336 -0.000645 2268.0
0.000336 -0.000645 2269.0
0.000336 -0.000645 2270.0
0.000336 -0.000645 2271.0
0.000336 -0.000645 2272.0
0.000336 -0.000645 2273.0
0.000336 -0.000645 2274.0
0.000336 -0.000645 2275.0
0.000336 -0.000645 2276.0
0.000336 -0.000645 2277.0
0.000336 -0.000645 2278.0
0.000336 -0.000645 2279.0
0.000336 -0.000645 2280.0
0.000336 -0.000645 2281.0
0.000336 -0.000645 2282.0
0.000336 -0.000645 2283.0
0.000336 -0.000645 2284.0
0.000336 -0.000645 2285.0
0.000336 -0.000645 2286.0
0.000336 -0.000645 2287.0
0.000336 -0.000645 2288.0
0.000336 -0.000645 2289.0
0.000336 -0.000645 2290.0
0.000336 -0.000645 2291.0
0.000336 -0.000645 2292.0
0.000336 -0.000645 2293.0
0.000336 -0.000645 2294.0
0.000336 -0.000645 2295.0
0.000336 -0.000645 2296.0
0.000336 -0.000645 2297.0
0.000336 -0.000645 2298.0
0.000336 -0.000645 2299.0
0.000336 -0.000645 2300.0
0.000336 -0.000645 2301.0
0.000336 -0.000645 2302.0
0.000336 -0.000645 2303.0
0.000336 -0.000645 2304.0
0.000336 -0.000645 2305.0
0.000336 -0.000646 2306.0
0.000336 -0.000646 2307.0
0.000336 -0.000646 2308.0
0.000336 -0.000646 2309.0
0.000336 -0.000646 2310.0
0.000336 -0.000646 2311.0
0.000336 -0.000646 2312.0
0.000336 -0.000646 2313.0
0.000336 -0.000646 2314.0
0.000336 -0.000646 2315.0
0.000336 -0.000646 2316.0
0.000336 -0.000646 2317.0
0.000336 -0.000646 2318.0
0.000336 -0.000646 2319.0
0.000336 -0.000646 2320.0
0.000336 -0.000646 2321.0
0.000336 -0.000646 2322.0
0.000336 -0.000646 2323.0
0.000336 -0.000646 2324.0
0.000336 -0.000646 2325.0
0.000336 -0.000646 2326.0
0.000336 -0.000646 2327.0
0.000336 -0.000646 2328.0
0.000336 -0.000646 2329.0
0.000336 -0.000646 2330.0
0.000336 -0.000646 2331.0
0.000336 -0.000646 2332.0
0.000336 -0.000646 2333.0
0.000336 -0.000646 2334.0
0.000336 -0.000646 2335.0
0.000336 -0.000646 2336.0
0.000336 -0.000646 2337.0
0.000336 -0.000646 2338.0
0.000336 -0.000646 2339.0
0.000336 -0.000646 2340.0
0.000336 -0.000646 2341.0
0.000336 -0.000646 2342.0
0.000336 -0.000646 2343.0
0.000336 -0.000646 2344.0
0.000336 -0.000646 2345.0
0.000336 -0.000646 2346.0
0.000336 -0.000646 2347.0
0.000336 -0.000646 2348.0
0.000336 -0.000646 2349.0
0.000336 -0.000646 2350.0
0.000336 -0.000646 2351.0
0.000336 -0.000646 2352.0
0.000336 -0.000646 2353.0
0.000336 -0.000646 2354.0
0.000336 -0.000646 2355.0
0.000336 -0.000646 2356.0
0.000336 -0.000646 2357.0
0.000336 -0.000646 2358.0
0.000336 -0.000646 2359.0
0.000336 -0.000646 2360.0
0.000336 -0.000646 2361.0
0.000336 -0.000646 2362.0
0.000336 -0.000647 2363.0
0.000336 -0.000647 2364.0
0.000336 -0.000647 2365.0
0.000336 -0.000647 2366.0
0.000336 -0.000647 2367.0
0.000336 -0.000647 2368.0
0.000336 -0.000647 2369.0
0.000336 -0.000647 2370.0
0.000336 -0.000647 2371.0
0.000336 -0.000647 2372.0
0.000336 -0.000647 2373.0
0.000336 -0.000647 2374.0
0.000336 -0.000647 2375.0
0.000336 -0.000647 2376.0
0.000336 -0.000647 2377.0
0.000336 -0.000647 2378.0
0.000336 -0.000647 2379.0
0.000336 -0.000647 2380.0
0.000336 -0.000647 2381.0
0.000336 -0.000647 2382.0
0.000336 -0.000647 2383.0
0.000336 -0.000647 2384.0
0.000336 -0.000647 2385.0
0.000336 -0.000647 2386.0
0.000336 -0.000647 2387.0
0.000336 -0.000647 2388.0
0.000336 -0.000647 2389.0
0.000336 -0.000647 2390.0
0.000336 -0.000647 2391.0
0.000336 -0.000647 2392.0
0.000336 -0.000647 2393.0
0.000336 -0.000647 2394.0
0.000336 -0.000647 2395.0
0.000336 -0.000647 2396.0
0.000336 -0.000647 2397.0
0.000336 -0.000647 2398.0
0.000336 -0.000647 2399.0
0.000336 -0.000647 2400.0
0.000336 -0.000647 2401.0
0.000336 -0.000647 2402.0
0.000336 -0.000647 2403.0
0.000336 -0.000647 2404.0
0.000336 -0.000647 2405.0
0.000336 -0.000647 2406.0
0.000336 -0.000647 2407.0
0.000336 -0.000647 2408.0
0.000336 -0.000647 2409.0
0.000336 -0.000648 2410.0
0.000336 -0.000648 2411.0
0.000336 -0.000648 2412.0
0.000336 -0.000648 2413.0
0.000336 -0.000648 2414.0
0.000336 -0.000648 2415.0
0.000336 -0.000648 2416.0
0.000336 -0.000648 2417.0
0.000336 -0.000648 2418.0
0.000336 -0.000648 2419.0
0.000336 -0.000648 2420.0
0.000336 -0.000648 2421.0
0.000336 -0.000648 2422.0
0.000336 -0.000648 2423.0
0.000336 -0.000648 2424.0
0.000336 -0.000648 2425.0
0.000336 -0.000648 2426.0
0.000336 -0.000648 2427.0
0.000336 -0.000648 2428.0
0.000336 -0.000648 2429.0
0.000336 -0.000648 2430.0
0.000336 -0.000648 2431.0
0.000336 -0.000648 2432.0
0.000336 -0.000648 2433.0
0.000336 -0.000648 2434.0
0.000336 -0.000648 2435.0
0.000336 -0.000648 2436.0
0.000336 -0.000648 2437.0
0.000336 -0.000648 2438.0
0.000336 -0.000648 2439.0
0.000336 -0.000648 2440.0
0.000336 -0.000648 2441.0
0.000336 -0.000648 2442.0
0.000336 -0.000648 2443.0
0.000336 -0.000648 2444.0
0.000336 -0.000648 2445.0
0.000336 -0.000648 2446.0
0.000336 -0.000648 2447.0
0.000336 -0.000648 2448.0
0.000336 -0.000648 2449.0
0.000336 -0.000648 2450.0
0.000336 -0.000648 2451.0
0.000336 -0.000648 2452.0
0.000336 -0.000648 2453.0
0.000336 -0.000648 2454.0
0.000336 -0.000648 2455.0
0.000336 -0.000648 2456.0
0.000336 -0.000649 2457.0
0.000336 -0.000649 2458.0
0.000336 -0.000649 2459.0
0.000336 -0.000649 2460.0
0.000336 -0.000649 2461.0
0.000336 -0.000649 2462.0
0.000336 -0.000649 2463.0
0.000336 -0.000649 2464.0
0.000336 -0.000649 2465.0
0.000336 -0.000649 2466.0
0.000336 -0.000649 2467.0
0.000336 -0.000649 2468.0
0.000336 -0.000649 2469.0
0.000336 -0.000649 2470.0
0.000336 -0.000649 2471.0
0.000336 -0.000649 2472.0
0.000336 -0.000649 2473.0
0.000336 -0.000649 2474.0
0.000336 -0.000649 2475.0
0.000336 -0.000649 2476.0
0.000336 -0.000649 2477.0
0.000336 -0.000649 2478.0
0.000336 -0.000649 2479.0
0.000336 -0.000649 2480.0
0.000336 -0.000649 2481.0
0.000336 -0.000649 2482.0
0.000336 -0.000649 2483.0
0.000336 -0.000649 2484.0
0.000336 -0.000649 2485.0
0.000336 -0.000649 2486.0
0.000336 -0.000649 2487.0
0.000336 -0.000649 2488.0
0.000336 -0.000649 2489.0
0.000336 -0.000649 2490.0
0.000336 -0.000649 2491.0
0.000336 -0.000649 2492.0
0.000336 -0.000649 2493.0
0.000336 -0.000649 2494.0
0.000336 -0.000649 2495.0
0.000336 -0.000649 2496.0
0.000336 -0.000649 2497.0
0.000336 -0.000649 2498.0
0.000336 -0.000649 2499.0
0.000336 -0.000649 2500.0
0.000336 -0.000649 2501.0
0.000336 -0.000649 2502.0
0.000336 -0.000649 2503.0
0.000336 -0.000649 2504.0
0.000336 -0.000650 2505.0
0.000336 -0.000650 2506.0
0.000336 -0.000650 2507.0
0.000336 -0.000650 2508.0
0.000336 -0.000650 2509.0
0.000336 -0.000650 2510.0
0.000336 -0.000650 2511.0
0.000336 -0.000650 2512.0
0.000336 -0.000650 2513.0
0.000336 -0.000650 2514.0
0.000336 -0.000650 2515.0
0.000336 -0.000650 2516.0
0.000336 -0.000650 2517.0
0.000336 -0.000650 2518.0
0.000336 -0.000650 2519.0
0.000336 -0.000650 2520.0
0.000336 -0.000650 2521.0
0.000336 -0.000650 2522.0
0.000336 -0.000650 2523.0
0.000336 -0.000650 2524.0
0.000336 -0.000650 2525.0
0.000336 -0.000650 2526.0
0.000336 -0.000650 2527.0
0.000336 -0.000650 2528.0
0.000336 -0.000650 2529.0
0.000336 -0.000650 2530.0
0.000336 -0.000650 2531.0
0.000336 -0.000650 2532.0
0.000336 -0.000650 2533.0
0.000336 -0.000650 2534.0
0.000336 -0.000650 2535.0
0.000336 -0.000650 2536.0
0.000336 -0.000650 2537.0
0.000336 -0.000650 2538.0
0.000336 -0.000650 2539.0
0.000336 -0.000650 2540.0
0.000336 -0.000650 2541.0
0.000336 -0.000650 2542.0
0.000336 -0.000650 2543.0
0.000336 -0.000650 2544.0
0.000336 -0.000650 2545.0
0.000336 -0.000650 2546.0
0.000336 -0.000650 2547.0
0.000336 -0.000650 2548.0
0.000336 -0.000650 2549.0
0.000336 -0.000650 2550.0
0.000336 -0.000650 2551.0
0.000336 -0.000651 2552.0
0.000336 -0.000651 2553.0
0.000336 -0.000651 2554.0
0.000336 -0.000651 2555.0
0.000336 -0.000651 2556.0
0.000336 -0.000651 2557.0
0.000336 -0.000651 2558.0
0.000336 -0.000651 2559.0
0.000336 -0.000651 2560.0
0.000336 -0.000651 2561.0
0.000336 -0.000651 2562.0
0.000336 -0.000651 2563.0
0.000336 -0.000651 2564.0
0.000336 -0.000651 2565.0
0.000336 -0.000651 2566.0
0.000336 -0.000651 2567.0
0.000336 -0.000651 2568.0
0.000336 -0.000651 2569.0
0.000336 -0.000651 2570.0
0.000336 -0.000651 2571.0
0.000336 -0.000651 2572.0
0.000336 -0.000651 2573.0
0.000336 -0.000651 2574.0
0.000336 -0.000651 2575.0
0.000336 -0.000651 2576.0
0.000336 -0.000651 2577.0
0.000336 -0.000651 2578.0
0.000336 -0.000651 2579.0
0.000336 -0.000651 2580.0
0.000336 -0.000651 2581.0
0.000336 -0.000651 2582.0
0.000336 -0.000651 2583.0
0.000336 -0.000651 2584.0
0.000336 -0.000651 2585.0
0.000336 -0.000651 2586.0
0.000336 -0.000651 2587.0
0.000336 -0.000651 2588.0
0.000336 -0.000651 2589.0
0.000336 -0.000651 2590.0
0.000336 -0.000651 2591.0
0.000336 -0.000651 2592.0
0.000336 -0.000651 2593.0
0.000336 -0.000651 2594.0
0.000336 -0.000651 2595.0
0.000336 -0.000651 2596.0
0.000336 -0.000651 2597.0
0.000336 -0.000651 2598.0
0.000336 -0.000652 2599.0
0.000336 -0.000652 2600.0
0.000336 -0.000652 2601.0
0.000336 -0.000652 2602.0
0.000336 -0.000652 2603.0
0.000336 -0.000652 2604.0
0.000336 -0.000652 2605.0
0.000336 -0.000652 2606.0
0.000336 -0.000652 2607.0
0.000336 -0.000652 2608.0
0.000336 -0.000652 2609.0
0.000336 -0.000652 2610.0
0.000336 -0.000652 2611.0
0.000336 -0.000652 2612.0
0.000336 -0.000652 2613.0
0.000336 -0.000652 2614.0
0.000336 -0.000652 2615.0
0.000336 -0.000652 2616.0
0.000336 -0.000652 2617.0
0.000336 -0.000652 2618.0
0.000336 -0.000652 2619.0
0.000336 -0.000652 2620.0
0.000336 -0.000652 2621.0
0.000336 -0.000652 2622.0
0.000336 -0.000652 2623.0
0.000336 -0.000652 2624.0
0.000336 -0.000652 2625.0
0.000336 -0.000652 2626.0
0.000336 -0.000652 2627.0
0.000336 -0.000652 2628.0
0.000336 -0.000652 2629.0
0.000336 -0.000652 2630.0
0.000336 -0.000652 2631.0
0.000336 -0.000652 2632.0
0.000336 -0.000652 2633.0
0.000336 -0.000652 2634.0
0.000336 -0.000652 2635.0
0.000336 -0.000652 2636.0
0.000336 -0.000652 2637.0
0.000336 -0.000652 2638.0
0.000336 -0.000652 2639.0
0.000336 -0.000652 2640.0
0.000336 -0.000652 2641.0
0.000336 -0.000652 2642.0
0.000336 -0.000652 2643.0
0.000336 -0.000652 2644.0
0.000336 -0.000652 2645.0
0.000336 -0.000653 2646.0
0.000336 -0.000653 2647.0
0.000336 -0.000653 2648.0
0.000336 -0.000653 2649.0
0.000336 -0.000653 2650.0
0.000336 -0.000653 2651.0
0.000336 -0.000653 2652.0
0.000336 -0.000653 2653.0
0.000336 -0.000653 2654.0
0.000336 -0.000653 2655.0
0.000336 -0.000653 2656.0
0.000336 -0.000653 2657.0
0.000336 -0.000653 2658.0
0.000336 -0.000653 2659.0
0.000336 -0.000653 2660.0
0.000336 -0.000653 2661.0
0.000336 -0.000653 2662.0
0.000336 -0.000653 2663.0
0.000336 -0.000653 2664.0
0.000336 -0.000653 2665.0
0.000336 -0.000653 2666.0
0.000336 -0.000653 2667.0
0.000336 -0.000653 2668.0
0.000336 -0.000653 2669.0
0.000336 -0.000653 2670.0
0.000336 -0.000653 2671.0
0.000336 -0.000653 2672.0
0.000336 -0.000653 2673.0
0.000336 -0.000653 2674.0
0.000336 -0.000653 2675.0
0.000336 -0.000653 2676.0
0.000336 -0.000653 2677.0
0.000336 -0.000653 2678.0
0.000336 -0.000653 2679.0
0.000336 -0.000653 2680.0
0.000336 -0.000653 2681.0
0.000336 -0.000653 2682.0
0.000336 -0.000653 2683.0
0.000336 -0.000653 2684.0
0.000336 -0.000653 2685.0
0.000336 -0.000653 2686.0
0.000336 -0.000653 2687.0
0.000336 -0.000653 2688.0
0.000336 -0.000653 2689.0
0.000336 -0.000653 2690.0
0.000336 -0.000653 2691.0
0.000336 -0.000653 2692.0
0.000336 -0.000653 2693.0
0.000336 -0.000654 2694.0
0.000336 -0.000654 2695.0
0.000336 -0.000654 2696.0
0.000336 -0.000654 2697.0
0.000336 -0.000654 2698.0
0.000336 -0.000654 2699.0
0.000336 -0.000654 2700.0
0.000336 -0.000654 2701.0
0.000336 -0.000654 2702.0
0.000336 -0.000654 2703.0
0.000336 -0.000654 2704.0
0.000336 -0.000654 2705.0
0.000336 -0.000654 2706.0
0.000336 -0.000654 2707.0
0.000336 -0.000654 2708.0
0.000336 -0.000654 2709.0
0.000336 -0.000654 2710.0
0.000336 -0.000654 2711.0
0.000336 -0.000654 2712.0
0.000336 -0.000654 2713.0
0.000336 -0.000654 2714.0
0.000336 -0.000654 2715.0
0.000336 -0.000654 2716.0
0.000336 -0.000654 2717.0
0.000336 -0.000654 2718.0
0.000336 -0.000654 2719.0
0.000336 -0.000654 2720.0
0.000336 -0.000654 2721.0
0.000336 -0.000654 2722.0
0.000336 -0.000654 2723.0
0.000336 -0.000654 2724.0
0.000336 -0.000654 2725.0
0.000336 -0.000654 2726.0
0.000336 -0.000654 2727.0
0.000336 -0.000654 2728.0
0.000336 -0.000654 2729.0
0.000336 -0.000654 2730.0
0.000336 -0.000654 2731.0
0.000336 -0.000654 2732.0
0.000336 -0.000654 2733.0
0.000336 -0.000654 2734.0
0.000336 -0.000654 2735.0
0.000336 -0.000654 2736.0
0.000336 -0.000654 2737.0
0.000336 -0.000654 2738.0
0.000336 -0.000654 2739.0
0.000336 -0.000654 2740.0
0.000336 -0.000655 2741.0
0.000336 -0.000655 2742.0
0.000336 -0.000655 2743.0
0.000336 -0.000655 2744.0
0.000336 -0.000655 2745.0
0.000336 -0.000655 2746.0
0.000336 -0.000655 2747.0
0.000336 -0.000655 2748.0
0.000336 -0.000655 2749.0
0.000336 -0.000655 2750.0
0.000336 -0.000655 2751.0
0.000336 -0.000655 2752.0
0.000336 -0.000655 2753.0
0.000336 -0.000655 2754.0
0.000336 -0.000655 2755.0
0.000336 -0.000655 2756.0
0.000336 -0.000655 2757.0
0.000336 -0.000655 2758.0
0.000336 -0.000655 2759.0
0.000336 -0.000655 2760.0
0.000336 -0.000655 2761.0
0.000336 -0.000655 2762.0
0.000336 -0.000655 2763.0
0.000336 -0.000655 2764.0
0.000336 -0.000655 2765.0
0.000336 -0.000655 2766.0
0.000336 -0.000655 2767.0
0.000336 -0.000655 2768.0
0.000336 -0.000655 2769.0
0.000336 -0.000655 2770.0
0.000336 -0.000655 2771.0
0.000336 -0.000655 2772.0
0.000336 -0.000655 2773.0
0.000336 -0.000655 2774.0
0.000336 -0.000655 2775.0
0.000336 -0.000655 2776.0
0.000336 -0.000655 2777.0
0.000336 -0.000655 2778.0
0.000336 -0.000655 2779.0
0.000336 -0.000655 2780.0
0.000336 -0.000655 2781.0
0.000336 -0.000655 2782.0
0.000336 -0.000655 2783.0
0.000336 -0.000655 2784.0
0.000336 -0.000655 2785.0
0.000336 -0.000655 2786.0
0.000336 -0.000655 2787.0
0.000336 -0.000656 2788.0
0.000336 -0.000656 2789.0
0.000336 -0.000656 2790.0
0.000336 -0.000656 2791.0
0.000336 -0.000656 2792.0
0.000336 -0.000656 2793.0
0.000336 -0.000656 2794.0
0.000336 -0.000656 2795.0
0.000336 -0.000656 2796.0
0.000336 -0.000656 2797.0
0.000336 -0.000656 2798.0
0.000336 -0.000656 2799.0
0.000336 -0.000656 2800.0
0.000336 -0.000656 2801.0
0.000336 -0.000656 2802.0
0.000336 -0.000656 2803.0
0.000336 -0.000656 2804.0
0.000336 -0.000656 2805.0
0.000336 -0.000656 2806.0
0.000336 -0.000656 2807.0
0.000336 -0.000656 2808.0
0.000336 -0.000656 2809.0
0.000336 -0.000656 2810.0
0.000336 -0.000656 2811.0
0.000336 -0.000656 2812.0
0.000336 -0.000656 2813.0
0.000336 -0.000656 2814.0
0.000336 -0.000656 2815.0
0.000336 -0.000656 2816.0
0.000336 -0.000656 2817.0
0.000336 -0.000656 2818.0
0.000336 -0.000656 2819.0
0.000336 -0.000656 2820.0
0.000336 -0.000656 2821.0
0.000336 -0.000656 2822.0
0.000336 -0.000656 2823.0
0.000336 -0.000656 2824.0
0.000336 -0.000656 2825.0
0.000336 -0.000656 2826.0
0.000336 -0.000656 2827.0
0.000336 -0.000656 2828.0
0.000336 -0.000656 2829.0
0.000336 -0.000656 2830.0
0.000336 -0.000656 2831.0
0.000336 -0.000656 2832.0
0.000336 -0.000656 2833.0
0.000336 -0.000656 2834.0
0.000336 -0.000655 2835.0
0.000336 -0.000655 2836.0
0.000336 -0.000655 2837.0
0.000336 -0.000655 2838.0
0.000336 -0.000655 2839.0
0.000336 -0.000655 2840.0
0.000336 -0.000654 2841.0
0.000336 -0.000654 2842.0
0.000336 -0.000654 2843.0
0.000336 -0.000654 2844.0
0.000336 -0.000654 2845.0
0.000336 -0.000654 2846.0
0.000336 -0.000653 2847.0
0.000336 -0.000653 2848.0
0.000336 -0.000653 2849.0
0.000336 -0.000653 2850.0
0.000336 -0.000653 2851.0
0.000336 -0.000653 2852.0
0.000336 -0.000652 2853.0
0.000336 -0.000652 2854.0
0.000336 -0.000652 2855.0
0.000336 -0.000652 2856.0
0.000336 -0.000652 2857.0
0.000336 -0.000652 2858.0
0.000337 -0.000651 2859.0
0.000337 -0.000651 2860.0
0.000337 -0.000651 2861.0
0.000337 -0.000651 2862.0
0.000337 -0.000651 2863.0
0.000337 -0.000651 2864.0
0.000337 -0.000650 2865.0
0.000337 -0.000650 2866.0
0.000337 -0.000650 2867.0
0.000337 -0.000650 2868.0
0.000337 -0.000650 2869.0
0.000337 -0.000650 2870.0
0.000337 -0.000649 2871.0
0.000337 -0.000649 2872.0
0.000337 -0.000649 2873.0
0.000337 -0.000649 2874.0
0.000337 -0.000649 2875.0
0.000337 -0.000649 2876.0
0.000337 -0.000648 2877.0
0.000337 -0.000648 2878.0
0.000337 -0.000648 2879.0
0.000337 -0.000648 2880.0
0.000337 -0.000648 2881.0
0.000337 -0.000648 2882.0
0.000337 -0.000647 2883.0
0.000337 -0.000647 2884.0
0.000337 -0.000647 2885.0
0.000337 -0.000647 2886.0
0.000337 -0.000647 2887.0
0.000337 -0.000647 2888.0
0.000337 -0.000647 2889.0
0.000337 -0.000647 2890.0
0.000337 -0.000647 2891.0
0.000336 -0.000647 2892.0
0.000336 -0.000647 2893.0
0.000336 -0.000648 2894.0
0.000336 -0.000648 2895.0
0.000336 -0.000648 2896.0
0.000335 -0.000648 2897.0
0.000335 -0.000649 2898.0
0.000335 -0.000649 2899.0
0.000335 -0.000649 2900.0
0.000334 -0.000649 2901.0
0.000334 -0.000649 2902.0
0.000334 -0.000650 2903.0
0.000334 -0.000650 2904.0
0.000333 -0.000650 2905.0
0.000333 -0.000650 2906.0
0.000333 -0.000650 2907.0
0.000333 -0.000651 2908.0
0.000333 -0.000651 2909.0
0.000332 -0.000651 2910.0
0.000332 -0.000651 2911.0
0.000332 -0.000651 2912.0
0.000332 -0.000652 2913.0
0.000331 -0.000652 2914.0
0.000331 -0.000652 2915.0
0.000331 -0.000652 2916.0
0.000331 -0.000652 2917.0
0.000330 -0.000653 2918.0
0.000330 -0.000653 2919.0
0.000330 -0.000653 2920.0
0.000330 -0.000653 2921.0
0.000330 -0.000653 2922.0
0.000329 -0.000654 2923.0
0.000329 -0.000654 2924.0
0.000329 -0.000654 2925.0
0.000329 -0.000654 2926.0
0.000328 -0.000655 2927.0
0.000328 -0.000655 2928.0
0.000328 -0.000655 2929.0
0.000328 -0.000655 2930.0
0.000327 -0.000655 2931.0
0.000327 -0.000656 2932.0
0.000327 -0.000656 2933.0
0.000327 -0.000656 2934.0
0.000327 -0.000656 2935.0
0.000326 -0.000655 2936.0
